963 0.003129398272849631 
755 0.0030948233137964463 
694 0.0031868153684554675 
403 0.003162725125434477 
1094 0.0032862971733387996 
232 0.003143378066552312 
509 0.0031124228292795262 
1883 0.0031680923784828826 
1673 0.0031405072148858884 
1783 0.0032500992204899733 
833 0.003208284422505125 
1421 0.0031777035106325268 
281 0.0031763304913997345 
1285 0.0031249047708611895 
381 0.00306399302592635 
547 0.0031362633483047334 
747 0.003174458192634517 
618 0.003098942346913651 
1310 0.003108428610666078 
92 0.003061247013023831 
1288 0.0031165418686102103 
541 0.003108178972047254 
751 0.0031353896112322906 
1713 0.003033786930334047 
1477 0.0031448759024395546 
1618 0.0030838392330638956 
262 0.003263205368863674 
1609 0.0029837349392880714 
1969 0.0031360137091353945 
1572 0.003151241706730558 
1239 0.0031254040487825835 
782 0.0032633301893629303 
344 0.003084088871136887 
1555 0.003125528868265971 
795 0.0031521154447951795 
783 0.0031616017471278067 
531 0.003179825449675285 
1137 0.003148121214075487 
1777 0.003206786580684277 
1399 0.0031584812522705134 
1510 0.0031864409084465207 
992 0.0031904351489692962 
1736 0.0031831955887196544 
90 0.00310980162316362 
361 0.0031759560316292393 
701 0.003104933670484908 
1974 0.0031903103289387517 
698 0.003110924997143058 
63 0.00317033913612506 
899 0.0031849430684942476 
1658 0.0032110304661607816 
234 0.0031672186394872434 
1566 0.0032232628473364494 
1637 0.0030651163950709093 
1059 0.0030887071765505637 
130 0.003181448109129108 
589 0.003254467935717543 
1654 0.0032152743526100125 
24 0.003218020397294317 
315 0.003163723683998999 
155 0.0031029365622803873 
98 0.0032022930559631735 
486 0.003181822569025807 
1163 0.0031673434593407525 
960 0.0031980491725390144 
1014 0.0031317698439685482 
1771 0.00309457367547466 
1080 0.003122408381547371 
730 0.0032828021959757456 
1431 0.00313913419908279 
1383 0.00314887013225072 
1815 0.0032359945175916617 
791 0.0032106560056382096 
1993 0.0031788268900913184 
1370 0.0032031667967934957 
970 0.0031225332010014054 
1495 0.003103186200787083 
714 0.0031811984692027037 
311 0.0030975693357061726 
709 0.0031991725533466295 
726 0.003144751082776164 
962 0.003252970090394802 
76 0.0031896862287997185 
1938 0.003282552554756549 
1133 0.003206536940392752 
1855 0.0031649718822964533 
786 0.0031634740443517344 
640 0.003089331272030079 
767 0.003120660909320586 
1710 0.003133642137258073 
1300 0.003208284422505125 
878 0.003137261905028227 
1169 0.003221640184075128 
20 0.003250848143036085 
835 0.00313439105464765 
1928 0.003209782264448384 
1629 0.0030485155093824207 
1333 0.0031938052901370525 
898 0.003170089496371119 
1283 0.0031630995848885017 
131 0.003123157298290034 
1269 0.0031532388223841556 
1331 0.003108428610666078 
337 0.0031129221066997625 
731 0.003103311020042458 
1494 0.0032114049266909264 
1256 0.003129647911894595 
1860 0.0031000657198439648 
860 0.0031909344291005852 
951 0.003190185508909119 
1516 0.0031402575756387446 
1206 0.0031250295903397134 
617 0.003124155854015642 
1373 0.0031612272877107684 
1761 0.003157233054509833 
295 0.0031607280085024967 
1612 0.0031834452286762164 
1514 0.0031632244047085567 
9 0.003145624820443185 
212 0.0030392789398372673 
1513 0.0030754763611013933 
1001 0.0031220339231926627 
572 0.0031531140026477638 
22 0.0031250295903397134 
1035 0.0031831955887196544 
270 0.00313239394170236 
1167 0.0030689857786882885 
749 0.0031793261698756675 
1859 0.0032411121520371272 
277 0.0031413809522865288 
1833 0.003166095260850948 
902 0.003212403488141588 
1632 0.0031362633483047334 
1720 0.003248975836720948 
1722 0.0031519906250684344 
247 0.003218644498414446 
1088 0.0032750633194881273 
258 0.003115418494109324 
1312 0.0031838196886180936 
1621 0.0027248732675223476 
796 0.003155485577821414 
581 0.002961267837647398 
1460 0.003197050611881251 
1854 0.003206536940392752 
191 0.0031159177716525697 
1526 0.003092826207380384 
660 0.003080843576653864 
1613 0.0031592301709770813 
1005 0.0031283997167175196 
109 0.0031710880554106616 
1976 0.0032354952362515775 
0 0.0032859227114522146 
463 0.003325241244073324 
1881 0.0032085340628205195 
1869 0.003304520992756642 
1913 0.003163723683998999 
307 0.0031517409856181696 
639 0.0033143818327920956 
877 0.0031753319320311146 
275 0.0031015635505904603 
