705 0.010158572978648686 
1803 0.010191744057677277 
714 0.010157130232623077 
1025 0.010520661449775742 
1643 0.010431177543841541 
1493 0.010207608523334457 
1458 0.01027827977908395 
482 0.010350398016156278 
831 0.010284055387212158 
1872 0.01002013475976531 
1215 0.010366264757496848 
1693 0.00887208524652801 
785 0.010259531906869276 
1414 0.01008646643881712 
289 0.010167226731054978 
1600 0.010174437646489105 
127 0.010183090660920054 
486 0.010197512906739141 
1671 0.00993380346797785 
1318 0.010276841710527776 
1599 0.009763482843979149 
1921 0.009730307118774244 
1689 0.0100229992809871 
352 0.010266741432431394 
1297 0.009771005347290534 
1212 0.01004753226574668 
1258 0.01017155343896107 
588 0.010380689338635831 
1754 0.010048973844041105 
8 0.010106656461357028 
1755 0.01016145858645149 
1673 0.01050187291492233 
1520 0.010582675548245745 
1943 0.010480275613365094 
1274 0.010183090753575914 
150 0.010054742413646171 
1070 0.0101874171795191 
860 0.010219146341409531 
1248 0.009878798205108487 
1983 0.010194628532075738 
