0 89 8 4 575
0 198 4 5 625
0 342 10 2 44
1 18 2 5 280
1 503 6 5 1994
2 115 9 4 335
2 217 8 5 3929
3 218 7 7 155402
3 363 9 2 47
3 430 3 6 3901
4 361 7 4 631
4 414 4 8 220533
5 214 3 5 813
8 303 6 5 1259
9 129 3 4 165
9 171 8 3 175
9 451 5 4 536
10 223 1 6 2512
10 416 5 3 60
10 462 7 3 93
11 30 1 4 77
11 297 5 6 6557
11 438 8 5 5528
11 477 5 4 251
12 343 2 4 89
12 499 8 6 27104
13 207 1 5 205
13 280 8 1 11
13 397 10 2 44
14 173 4 6 3192
14 265 1 5 367
15 160 7 5 3124
15 194 5 2 23
15 414 7 6 5052
16 25 8 5 1615
16 114 2 6 7770
16 232 5 4 435
16 357 2 6 5978
16 370 6 7 86646
17 83 9 3 130
17 131 4 6 2789
17 316 10 4 292
18 90 5 3 103
19 33 2 3 43
19 180 3 4 311
20 139 9 1 14
20 283 3 6 5679
21 209 4 5 2625
21 259 4 4 132
22 226 8 2 16
22 451 6 4 179
23 108 5 4 133
23 304 1 4 83
23 418 3 7 29795
24 52 3 6 5822
24 386 8 4 511
24 418 4 5 766
24 503 1 6 4801
25 126 5 2 22
25 234 1 7 13307
25 309 2 7 18824
25 320 4 3 46
25 408 8 3 81
26 142 3 5 459
26 296 6 1 4
27 342 6 4 242
27 378 9 5 1603
28 407 4 4 371
29 40 7 8 957121
30 182 9 5 3311
30 403 6 3 43
31 66 1 5 377
32 105 7 3 98
32 177 6 2 18
33 489 5 4 529
34 84 7 2 16
34 129 3 3 53
34 199 5 4 139
34 231 8 6 8663
34 282 10 4 444
34 317 9 7 71972
35 151 9 3 62
35 446 3 4 153
35 458 7 7 53717
35 479 1 6 1504
36 162 9 2 29
36 341 8 3 49
36 374 7 2 23
36 444 1 9 740813
38 170 2 5 236
38 277 2 8 159333
38 390 8 4 206
38 488 4 4 392
39 467 3 4 127
39 490 1 6 946
40 75 9 6 31729
40 103 2 4 92
40 148 4 5 1052
40 464 6 3 107
40 486 10 3 155
41 429 8 4 394
42 45 3 6 2356
42 316 9 3 81
43 123 4 5 830
44 327 2 4 85
45 98 2 3 36
45 108 8 5 1263
45 408 7 4 232
46 106 10 5 3033
46 139 10 5 2094
47 99 1 6 823
47 246 7 3 118
47 505 9 6 8791
48 344 1 5 149
49 66 4 4 133
49 370 9 3 97
50 169 8 4 188
50 177 8 3 44
50 474 5 4 166
51 134 2 6 3539
51 342 8 3 157
52 78 7 3 49
52 181 5 6 14599
52 207 8 6 5858
52 277 3 5 431
52 500 9 4 334
54 464 5 3 71
55 151 6 7 235044
56 234 9 6 12012
56 435 3 2 13
58 65 8 2 32
58 164 9 5 5331
58 249 7 6 29699
59 199 1 6 4282
59 276 4 4 115
60 384 7 3 71
61 396 4 5 1110
62 444 7 2 17
62 489 5 4 215
63 335 2 6 2010
64 89 3 5 1985
64 91 2 4 50
64 179 9 3 136
64 501 6 8 731332
65 236 6 4 223
65 267 4 4 317
65 277 5 2 24
65 386 6 5 978
65 397 5 2 23
65 409 1 6 808
66 185 10 3 101
66 376 2 4 76
67 70 2 6 3432
68 132 5 6 5331
68 209 2 5 311
68 221 3 5 502
68 267 7 3 124
68 290 7 4 531
68 363 7 5 1655
68 432 9 7 116601
68 474 8 2 18
69 72 2 4 80
69 89 6 2 25
69 462 6 8 1437672
70 295 10 3 140
70 505 9 3 48
71 228 6 7 38687
72 167 10 1 3
74 220 4 5 644
74 411 2 3 40
74 451 10 1 8
75 330 5 3 59
75 392 3 7 34007
76 153 9 6 9079
76 322 1 6 2748
77 337 9 5 1033
77 340 1 6 1399
78 209 8 3 69
78 267 1 7 5313
78 308 9 4 719
79 262 7 5 3684
79 319 10 6 12355
80 86 8 7 162227
80 368 10 3 70
80 420 10 4 327
82 84 7 7 129544
82 464 10 7 187102
82 488 8 2 15
83 402 1 5 184
83 407 10 3 59
84 257 1 6 2828
84 295 2 4 130
85 244 1 6 1483
86 118 3 5 772
86 145 10 2 40
87 133 6 3 108
88 404 1 6 1068
89 305 4 5 499
89 349 9 5 1246
90 292 8 4 249
90 402 6 5 1886
91 280 8 5 4765
92 477 5 2 15
93 161 9 3 175
94 427 3 5 987
95 182 7 4 305
95 486 5 3 41
96 488 3 4 134
97 319 6 5 880
97 351 7 5 1999
98 113 10 3 115
99 154 7 6 11163
99 172 5 6 9610
99 402 3 6 4326
100 291 3 7 17915
101 165 6 6 20715
102 259 9 4 779
103 117 1 7 38935
103 186 7 4 190
103 192 1 7 13696
103 273 2 6 1882
103 277 2 4 64
104 166 1 5 227
104 327 8 7 41331
105 242 10 5 2201
105 496 7 2 23
106 198 9 4 331
106 249 10 3 147
107 241 2 5 482
107 277 10 5 1931
107 335 1 5 535
107 350 6 5 2136
107 359 6 3 52
108 404 3 2 10
109 143 7 4 310
109 354 2 6 4930
109 367 5 7 111377
109 408 10 8 421415
109 437 2 5 821
111 198 4 7 44004
111 273 6 4 368
112 236 4 7 49828
112 446 6 5 1527
113 430 5 5 1329
114 205 10 4 243
114 327 10 5 1218
115 180 9 3 198
115 193 10 7 164851
115 198 7 2 18
116 207 10 4 228
117 314 7 5 3156
118 221 4 3 43
118 260 1 4 74
118 285 6 5 2972
118 346 3 6 10287
118 390 6 3 50
119 293 6 2 26
119 417 4 4 397
119 423 8 5 1834
119 506 2 5 282
120 475 8 2 24
122 258 3 6 3789
122 371 2 4 146
122 383 6 3 40
123 173 2 4 225
123 377 9 5 1500
124 280 8 6 9946
124 471 8 4 603
125 154 4 4 143
125 445 7 4 180
125 507 6 4 441
126 251 4 5 991
126 277 1 4 73
126 466 9 3 125
127 250 9 5 1747
127 311 8 3 44
128 355 5 4 439
128 385 10 6 23390
129 206 4 5 848
129 276 8 2 16
129 406 4 4 117
129 480 8 3 48
130 277 1 5 145
131 194 6 2 24
132 385 2 6 1444
132 434 4 4 360
132 475 8 4 310
134 226 8 3 92
135 167 5 4 194
135 169 2 6 2380
136 405 6 6 18178
137 160 4 4 94
137 201 2 5 871
137 250 4 4 193
138 470 1 6 2106
139 455 9 5 1209
140 510 3 3 46
141 278 7 3 50
141 351 4 8 245684
141 353 4 3 57
141 390 5 5 698
141 418 4 5 1144
142 322 7 5 3320
143 192 6 4 255
143 223 2 5 318
143 270 1 6 1015
143 286 3 7 16478
144 505 7 3 136
146 215 10 3 213
146 288 8 5 1868
146 362 2 5 1168
146 365 5 4 468
147 402 6 2 31
147 467 5 6 5285
147 480 6 4 170
148 162 3 6 6778
148 238 10 4 622
148 359 3 4 216
149 196 1 7 29890
149 224 10 3 87
149 304 4 7 121932
149 458 10 2 41
150 430 4 4 197
150 458 6 6 6692
151 285 3 4 69
151 307 8 3 53
151 387 4 4 444
151 399 8 7 197896
151 463 3 6 8900
152 167 9 2 40
152 196 9 4 334
152 421 7 4 543
152 433 5 4 155
153 200 7 1 12
153 257 10 5 2351
153 409 1 5 685
154 273 5 7 34600
154 507 4 4 118
155 412 3 4 92
155 418 3 3 41
156 160 6 5 1815
156 400 2 7 76893
156 507 9 3 58
157 385 5 5 1483
159 189 10 5 6118
159 331 7 3 97
159 353 4 5 626
159 451 5 5 739
161 423 4 8 422106
162 273 8 4 296
163 181 3 3 16
163 293 6 3 55
163 333 5 3 91
164 241 2 5 228
164 291 1 4 76
165 281 9 4 302
165 323 9 4 576
165 484 7 4 193
165 501 7 4 482
166 170 9 4 379
168 209 1 4 34
169 266 6 4 140
171 319 6 6 9480
171 506 1 4 87
172 480 5 6 18297
173 266 4 5 1138
173 274 5 6 13995
174 352 7 1 6
174 501 4 3 48
175 205 1 4 54
175 272 5 2 13
176 393 2 7 17614
176 462 10 5 6577
177 250 6 2 13
177 459 6 5 2779
178 182 5 5 1270
178 254 6 6 13941
178 409 1 5 256
178 486 5 5 3400
179 223 4 6 15787
179 255 8 4 726
179 473 6 2 20
180 197 6 4 317
180 346 10 5 4410
180 421 8 7 55389
180 448 3 6 6628
181 436 5 4 203
182 277 6 2 17
183 463 5 4 174
186 237 7 4 739
187 440 1 5 180
189 252 10 4 422
189 275 10 5 6184
189 474 6 3 100
190 424 3 5 2080
191 352 9 4 342
191 368 7 3 43
191 401 1 6 1111
191 416 1 3 8
192 437 9 6 7286
194 346 9 5 1054
195 363 4 4 207
196 439 1 6 806
197 230 3 7 85428
198 267 2 5 525
198 279 7 6 5439
198 353 9 4 612
198 478 6 5 2869
200 210 6 2 13
200 342 2 8 248106
200 448 2 6 1391
201 238 10 3 109
202 254 9 6 8818
202 442 1 5 311
204 245 7 4 377
204 472 7 4 182
205 345 9 4 200
206 410 7 3 47
206 436 1 4 42
208 275 1 7 6215
208 303 7 3 99
208 506 10 2 28
209 223 6 3 43
209 274 6 6 25157
209 492 9 6 7522
210 380 6 6 5774
211 386 5 4 294
212 238 9 4 243
213 443 1 5 332
214 231 2 2 7
214 511 2 5 504
215 393 5 7 37332
215 417 10 4 609
218 254 4 5 461
218 447 4 5 1993
219 234 10 4 243
219 478 3 6 3422
219 498 1 6 2056
221 351 7 5 2598
222 430 3 6 3879
223 412 5 6 10029
223 435 4 4 98
223 478 7 3 149
223 491 1 5 264
223 508 7 3 92
227 273 8 4 503
227 397 4 3 44
228 299 5 5 2635
229 452 6 3 49
230 482 7 6 15460
231 349 6 3 52
231 378 1 8 77847
232 248 8 5 2508
233 247 1 3 7
233 366 1 9 394077
235 354 4 4 100
237 407 3 5 1001
238 319 7 6 33792
239 323 2 6 2593
241 345 1 4 26
242 257 10 5 1675
242 285 8 5 1706
242 312 2 6 1599
243 249 10 6 14374
243 492 1 4 74
246 254 7 4 643
246 500 4 3 24
248 431 5 4 494
249 404 1 6 1507
250 395 1 7 5698
250 441 8 4 669
252 502 9 3 53
253 296 4 7 44903
253 500 10 6 9547
255 392 10 3 202
256 288 4 3 56
256 476 7 5 1115
258 267 3 6 2985
258 478 7 4 591
259 373 2 6 1534
260 283 3 5 974
260 316 10 4 1132
260 327 3 4 152
260 400 8 5 1381
262 299 5 5 1031
262 414 4 6 8496
262 487 10 1 17
264 339 6 6 6664
264 473 7 5 2157
265 281 1 4 55
265 430 7 5 797
266 294 9 4 644
267 463 1 5 214
267 475 4 4 320
269 336 10 2 51
270 335 6 4 279
270 395 1 4 72
271 489 10 5 1511
272 320 8 5 2657
272 404 5 6 6410
275 280 9 5 1352
275 323 3 5 1824
276 335 5 4 324
277 279 5 3 71
277 359 7 6 8200
279 392 6 3 34
280 385 10 5 4785
281 345 2 5 472
281 464 3 4 122
284 333 2 4 97
288 505 5 6 11379
289 366 8 4 239
290 427 5 6 4439
291 454 5 7 95572
293 489 5 4 384
294 451 7 6 33111
295 463 2 3 34
295 478 4 5 961
297 405 10 5 3625
297 441 9 4 239
298 347 6 4 312
298 354 3 4 73
298 501 5 6 4372
299 363 7 3 97
299 382 7 4 349
303 305 6 2 22
303 376 1 5 114
303 400 10 3 79
304 474 6 5 1692
305 411 7 6 8458
305 416 9 3 54
306 481 5 5 1837
307 394 3 5 604
308 450 3 5 509
309 400 8 6 13502
311 330 2 5 257
311 342 5 6 6547
311 432 8 4 204
312 313 6 4 436
312 409 6 7 59049
312 466 4 5 1138
313 451 1 4 106
313 463 2 4 136
314 418 5 4 224
314 499 1 7 35180
315 435 9 5 2577
317 318 6 7 38146
318 481 9 6 12756
321 365 9 3 94
322 354 9 3 178
325 352 10 3 62
325 422 4 6 2970
326 446 7 7 143420
332 368 4 6 3971
336 444 4 6 10421
337 451 4 7 27247
338 341 7 3 77
338 461 10 5 3418
339 342 1 4 72
339 475 3 4 78
341 435 2 7 68554
341 469 6 3 57
343 415 5 5 594
349 431 2 4 138
350 452 6 5 1141
351 497 2 4 219
352 373 4 3 60
353 371 1 5 519
354 363 4 6 7964
354 457 2 5 1176
355 428 6 4 396
355 464 8 4 857
357 421 3 7 98826
357 467 7 3 77
358 420 2 5 642
358 432 3 5 517
358 447 5 4 211
360 431 3 2 6
361 510 4 6 3500
362 456 8 3 106
362 493 7 6 6401
367 499 10 5 1660
368 438 8 5 1432
368 482 2 5 229
370 419 2 4 50
371 421 9 7 138048
372 477 10 3 164
373 436 2 5 657
374 489 4 7 30978
379 434 6 4 144
380 462 6 4 368
380 470 10 4 279
381 501 2 4 203
383 387 1 6 1655
383 504 4 4 323
384 450 1 4 48
385 425 6 3 55
385 498 7 4 367
386 394 2 6 3563
386 448 4 6 3855
386 468 5 1 5
386 482 10 5 1902
388 418 2 7 12102
388 472 10 5 1580
389 500 5 3 64
391 404 8 4 195
391 429 10 4 400
391 511 3 3 26
393 488 8 4 290
394 399 8 1 7
395 423 1 6 1390
396 468 2 5 331
398 413 1 4 62
398 484 4 4 373
399 410 3 5 605
400 407 5 6 3947
400 492 3 4 124
402 433 8 4 656
404 443 4 4 200
405 474 8 5 1190
406 407 5 4 169
408 439 4 4 221
410 473 6 4 260
412 455 8 7 95862
414 416 2 6 1439
414 461 10 1 7
415 472 6 3 65
417 503 2 5 380
425 450 5 3 95
427 505 9 4 339
429 432 4 4 115
432 455 1 3 10
438 501 5 10 62268502
444 468 9 2 46
447 485 2 6 4737
448 494 3 5 567
449 452 2 4 209
450 475 2 6 7305
453 471 5 3 44
453 479 1 6 2043
455 479 1 5 476
458 490 8 5 2306
461 503 2 6 2103
463 468 5 4 168
466 481 8 4 286
466 501 6 4 214
474 480 3 5 1136
485 501 6 5 916
501 504 4 5 1430
507 509 8 4 256
