270 0.014467282483416988 
1990 0.014182156188257244 
93 0.014334018467794873 
121 0.014507573797497456 
1288 0.014569557870816374 
1031 0.014609849282606762 
780 0.014876382111408617 
1665 0.01459435140957459 
1838 0.0143774051410342 
1815 0.014160461347830847 
296 0.014210049387085312 
1518 0.014817495077453316 
38 0.014526167420020102 
1668 0.014169759809426365 
965 0.01446108521869106 
1890 0.014086080098697133 
101 0.014609848679271854 
728 0.014439391539755049 
1934 0.014956960860071731 
338 0.014265835827690728 
331 0.01434951270748783 
1725 0.014219347205377646 
640 0.014616046896568268 
932 0.014860884727534614 
1313 0.01499105309975424 
390 0.014213148395479616 
1861 0.014355713373900682 
481 0.01439910173808127 
1260 0.01437120680470137 
677 0.014396002210196926 
1600 0.01466873278806138 
1537 0.014569556704353191 
1637 0.014343315821360206 
1505 0.014222446277505288 
1958 0.014272033642661422 
565 0.014984854580699552 
1321 0.013986905673349854 
1133 0.015167709340266197 
694 0.01492596934499427 
1607 0.014643938612020145 
1866 0.013853638872127623 
403 0.014426993581011292 
1549 0.014113973289206246 
1551 0.013937318153959453 
1276 0.01441459629184373 
120 0.014383604613934755 
1367 0.014994152023287194 
144 0.014764810007850985 
1550 0.014938365645758867 
433 0.014470382242371233 
757 0.014643940154140372 
823 0.014612945275867137 
202 0.014129469766041782 
766 0.014529268459170701 
96 0.014963159479312156 
1227 0.013983806481571812 
379 0.014346413136980832 
670 0.014365009882503638 
445 0.014445588893254103 
1915 0.01440529887676106 
209 0.014712121984090524 
1667 0.014526167767086826 
1602 0.014287529467516555 
1574 0.014008600121095003 
1575 0.014972457901045483 
1197 0.014197650132983604 
1750 0.014024095944049046 
1577 0.01463154114067446 
1444 0.014569556698066291 
1500 0.014126370574254084 
746 0.014740015151984417 
1710 0.014724518583571954 
207 0.01460674924542713 
382 0.014439388929782799 
1087 0.014668732203731166 
1305 0.014733817491287911 
655 0.014910472251332707 
484 0.014426994957101284 
630 0.014473482365403715 
562 0.01426273407431033 
981 0.014457986333651729 
581 0.014575755326055402 
184 0.01488567875069016 
675 0.014563360354723965 
521 0.014371207642274933 
502 0.014368109290516429 
516 0.014805098738009668 
815 0.014507574340553765 
828 0.014603650908771042 
822 0.014241041727520347 
524 0.014712121768042607 
734 0.014321621870602316 
1563 0.014169759695089374 
172 0.014101576531194624 
557 0.013977608048115812 
340 0.014550964108767423 
921 0.014832992100726873 
1727 0.014346415675351927 
1007 0.014445590023589909 
417 0.014324718566175407 
