0 4 1 2 4
0 112 4 2 11
0 215 8 2 16
0 259 10 1 4
0 552 5 3 91
0 674 9 4 542
1 37 1 2 5
1 70 3 1 4
1 135 2 2 4
1 705 7 2 31
1 768 6 6 6194
1 825 8 1 3
1 920 7 5 2565
2 0 5 1 4
2 826 3 4 96
3 24 6 5 1128
3 131 7 3 71
3 277 3 1 4
3 530 7 1 4
3 592 10 1 15
3 652 5 1 5
4 0 5 3 33
4 64 2 3 16
4 248 8 1 4
4 368 6 5 685
4 576 8 1 4
4 803 1 2 4
5 584 9 1 4
6 148 4 3 56
6 466 6 1 7
6 798 1 3 17
7 81 10 3 130
8 2 10 3 87
8 42 8 9 7202055
8 58 5 1 4
8 552 9 1 11
8 642 9 1 15
8 656 3 1 4
8 735 3 1 4
8 902 10 3 80
9 43 6 1 4
9 823 6 3 92
10 40 6 1 7
10 84 9 1 5
10 523 4 1 4
10 680 5 3 36
10 778 10 1 5
11 204 5 3 49
11 586 6 1 10
12 0 10 3 85
12 781 1 5 295
13 66 4 1 4
13 192 7 1 7
13 224 5 4 233
13 320 6 3 51
13 780 8 1 7
14 376 4 8 904223
14 584 2 2 5
16 96 8 1 4
16 132 6 1 4
16 516 2 2 7
16 643 4 2 9
16 806 10 2 37
17 129 2 3 14
18 645 2 2 7
19 657 5 1 7
19 709 1 2 4
20 1 10 5 4372
20 10 6 1 4
20 36 4 2 11
20 323 7 1 4
22 281 7 1 4
23 770 6 1 5
24 9 1 2 4
24 533 9 8 525182
24 786 1 2 4
25 523 9 1 4
25 592 1 3 9
26 109 1 5 284
27 549 3 2 7
28 203 7 1 7
29 532 4 4 154
30 129 10 2 25
30 588 7 1 4
32 72 2 4 68
32 414 2 1 3
32 960 4 3 42
33 2 9 1 15
33 3 8 1 4
33 320 1 2 4
33 785 7 1 7
35 266 6 2 12
35 551 1 3 9
35 689 9 1 12
36 12 1 2 4
36 257 9 1 4
36 288 3 6 13267
36 448 7 1 6
37 364 10 1 4
37 673 5 2 20
38 204 3 4 170
39 48 2 2 4
39 520 2 2 5
40 20 5 8 234096
40 39 6 1 4
40 65 4 2 12
40 256 5 6 12564
40 605 8 1 6
40 645 4 2 12
40 756 1 5 153
40 840 9 1 4
41 321 2 3 25
41 987 2 2 4
42 140 7 1 4
42 411 7 1 4
43 546 6 4 312
44 47 8 3 114
44 524 4 7 35626
45 74 2 5 947
45 615 7 3 76
45 808 1 2 4
46 57 9 1 4
48 708 1 3 7
49 17 1 3 7
50 528 3 8 237792
51 70 3 1 4
51 377 4 1 4
52 899 8 5 1471
53 245 3 3 16
54 718 6 2 23
56 89 5 5 1957
56 267 8 2 26
57 448 6 1 4
59 292 10 1 12
59 453 7 6 5506
64 1 9 1 14
64 192 7 4 456
64 370 6 1 10
64 465 9 1 10
64 686 1 10 8080556
65 25 9 1 4
65 96 2 3 14
65 104 5 1 7
65 218 8 1 9
65 515 7 1 5
66 140 9 1 4
67 16 2 2 7
67 20 4 1 6
67 37 9 1 4
67 482 4 1 4
68 153 3 2 7
69 138 5 5 716
69 572 10 1 3
70 212 1 2 4
70 431 3 1 4
70 672 3 4 67
71 1 7 2 31
71 700 7 1 4
72 37 5 4 148
72 961 6 1 5
73 999 3 4 159
74 600 6 1 4
75 259 9 1 7
76 76 4 1 4
77 450 7 1 9
77 456 4 2 21
80 132 7 1 4
80 920 3 1 4
81 852 7 1 4
82 283 4 1 4
83 124 3 1 4
83 617 9 1 4
84 64 8 1 10
84 490 4 1 4
87 462 2 3 15
88 330 10 1 5
88 782 5 6 4202
89 4 2 3 38
89 76 8 1 4
90 977 7 1 4
91 154 4 1 4
92 38 10 1 4
93 134 10 1 4
93 669 6 2 14
94 869 1 5 281
94 954 9 3 85
95 20 10 5 2534
96 103 5 5 1651
96 148 1 6 1842
96 208 6 1 4
96 276 6 4 427
96 321 10 2 27
96 547 9 1 4
97 18 8 1 4
98 352 3 8 122929
98 928 10 4 793
99 249 6 1 4
101 70 7 2 29
101 161 2 2 4
101 169 6 4 229
101 392 7 2 15
104 48 2 2 4
104 64 10 1 4
104 132 4 1 7
104 512 7 2 16
105 3 6 1 4
105 296 7 1 10
108 514 1 3 7
108 825 1 3 7
111 12 9 1 3
112 0 2 2 4
112 28 6 4 337
112 84 10 2 37
114 68 2 2 9
114 416 3 1 4
114 497 5 1 6
116 33 7 1 4
117 803 5 1 4
119 446 3 1 3
120 76 3 3 51
121 536 1 2 4
122 24 1 3 6
122 185 8 1 4
123 600 5 2 14
124 348 8 1 4
128 208 4 1 6
128 320 9 1 7
128 770 5 1 4
129 10 8 1 7
129 584 7 1 4
130 78 7 1 4
130 528 3 2 7
130 532 4 4 345
130 675 1 2 4
132 17 8 1 4
132 137 5 1 4
132 713 5 1 4
133 23 3 1 4
134 208 7 1 4
134 224 2 2 9
134 377 4 1 4
134 390 3 2 7
136 81 9 1 4
136 657 1 5 626
137 778 6 1 7
140 72 1 2 4
140 135 9 3 186
140 776 3 2 14
141 521 9 1 4
141 954 9 1 7
142 641 5 2 10
143 116 1 4 24
144 248 2 2 4
144 418 3 1 4
144 520 4 1 4
145 1 9 3 53
145 513 1 10 83380602
145 576 2 2 4
146 146 6 2 22
146 910 3 3 53
147 522 2 2 4
148 1 1 4 71
148 139 5 2 9
148 146 1 2 4
148 515 2 2 4
149 633 10 1 4
149 649 5 1 4
150 141 10 1 4
153 171 5 3 40
153 592 5 1 4
153 833 6 1 4
156 54 3 1 4
156 133 2 4 61
156 814 7 1 9
160 34 8 1 4
160 644 3 3 23
161 40 10 1 4
161 717 3 1 4
162 160 5 5 2291
164 34 9 3 66
164 38 8 1 4
164 636 1 2 4
165 141 5 1 7
167 384 8 1 7
167 712 4 7 31607
171 144 1 4 36
171 810 4 1 7
172 8 6 1 6
172 664 4 1 4
174 493 8 1 4
176 137 2 2 4
176 864 6 1 4
176 932 6 2 12
177 280 2 2 4
178 580 1 5 273
180 973 6 1 4
181 97 8 1 4
181 768 2 2 7
182 728 9 4 769
184 664 3 1 5
185 42 1 2 4
192 43 2 7 17690
192 388 2 2 4
192 524 2 2 4
192 904 7 1 5
192 999 2 3 17
193 8 10 3 197
193 162 7 4 247
193 375 2 2 4
193 422 9 1 4
193 718 10 3 220
193 775 9 1 8
194 677 1 7 33191
196 286 10 1 4
197 100 9 8 1680431
197 611 1 4 31
197 769 2 2 4
200 445 7 2 23
201 39 7 1 4
202 11 1 2 4
206 80 10 4 540
208 12 3 2 7
209 513 3 4 82
209 564 7 2 19
210 882 8 2 25
212 34 8 1 4
212 673 7 2 26
213 64 9 4 356
214 585 3 1 5
219 389 1 3 11
220 658 9 1 4
222 532 1 2 4
226 35 5 1 4
226 157 9 5 2315
227 336 3 1 4
227 838 6 1 5
230 9 2 3 41
232 80 7 1 6
232 130 8 2 17
235 281 8 1 4
239 370 8 4 859
241 206 5 1 4
244 33 6 4 532
248 0 10 1 4
248 290 7 1 8
256 5 8 2 29
256 68 10 1 4
256 69 8 1 12
256 212 3 2 7
256 512 5 2 14
256 522 1 3 7
256 616 8 1 4
256 764 5 1 4
256 772 7 4 200
257 544 1 6 1688
257 920 3 2 7
258 36 7 1 7
258 810 6 1 4
258 880 10 1 4
259 100 4 3 60
261 72 3 1 5
261 672 7 2 32
262 134 7 1 5
262 256 2 2 4
262 906 2 1 3
265 264 3 1 4
265 632 6 10 236074148
266 11 7 2 19
266 56 4 1 6
266 326 2 5 1189
267 523 8 1 4
268 34 10 1 4
268 524 5 1 4
272 41 2 4 107
272 378 10 1 4
272 554 10 1 11
272 640 7 1 4
272 684 9 1 4
272 899 8 6 7668
273 581 6 3 99
274 334 9 4 265
275 4 2 3 23
275 116 1 4 86
275 133 2 3 11
275 485 4 4 258
275 512 9 1 4
277 8 3 2 12
277 385 5 3 59
281 101 3 2 12
282 717 6 2 24
283 35 4 1 4
285 104 8 1 4
286 832 10 2 22
288 50 6 7 53750
288 776 1 3 22
289 788 7 1 4
290 0 3 1 4
291 967 4 4 300
293 960 7 1 4
296 57 1 3 17
296 84 5 1 4
296 288 2 2 4
296 336 5 1 4
296 409 6 1 7
296 516 4 1 4
297 167 9 1 7
297 325 4 2 14
299 78 3 1 5
303 292 9 1 6
304 42 1 2 4
304 63 9 1 4
304 106 3 1 4
305 34 10 1 4
305 163 7 1 4
306 550 9 1 4
306 918 10 3 183
308 832 6 5 1269
312 514 6 1 9
314 109 7 2 24
320 428 10 2 24
321 4 6 1 4
321 262 7 1 4
321 768 3 1 4
321 834 10 1 4
322 80 9 1 4
322 272 9 4 936
322 416 6 1 4
322 902 2 2 4
323 360 1 4 49
324 106 5 1 4
324 200 2 3 12
325 720 4 3 59
326 16 6 1 9
326 280 8 1 5
326 443 5 3 41
327 675 10 1 9
330 8 1 2 4
332 456 1 2 4
334 288 8 1 4
335 391 2 2 4
336 632 1 2 4
337 833 10 2 19
340 0 3 7 40525
340 106 6 2 14
340 763 1 2 4
342 15 7 3 93
342 168 4 1 7
342 272 5 2 12
343 475 5 1 6
344 676 6 2 17
345 32 7 1 4
345 728 8 1 9
347 149 1 2 4
348 395 1 2 4
353 389 3 1 4
354 836 10 6 14281
355 634 2 2 9
357 641 10 1 4
358 168 6 6 7481
360 514 10 2 29
361 316 4 3 47
368 925 2 6 1849
384 5 6 2 26
384 156 2 3 35
384 168 7 1 7
384 312 2 2 4
384 332 10 1 4
384 481 8 5 2790
384 531 1 5 169
384 597 8 1 4
384 692 4 6 3414
384 841 1 5 634
385 2 7 1 6
385 513 2 2 4
385 563 8 5 2705
386 64 1 4 28
386 849 3 2 8
386 912 8 1 4
388 332 5 1 7
391 461 6 1 4
392 553 8 1 4
395 558 9 1 15
399 9 9 1 4
401 16 5 1 4
401 58 9 9 4147254
401 277 10 1 4
401 673 10 1 10
401 932 1 2 4
404 209 9 3 131
407 591 2 2 4
408 66 4 5 1264
409 66 5 2 15
409 417 4 2 19
409 888 3 1 4
412 6 5 2 16
414 932 5 2 23
417 577 4 1 4
419 7 6 1 4
419 62 10 2 28
422 736 10 1 4
423 384 3 4 309
425 161 5 1 4
425 261 5 1 4
425 776 8 1 4
426 644 4 1 5
428 32 6 1 4
437 2 10 4 299
448 92 3 2 9
452 205 1 2 4
453 368 6 1 4
453 661 9 1 6
456 105 9 1 4
456 774 2 8 311753
457 906 3 3 49
460 462 2 1 3
460 566 4 3 23
461 625 1 4 42
464 265 9 1 7
464 928 5 2 16
466 58 1 2 4
467 300 2 2 5
472 256 10 1 4
480 731 7 4 190
480 928 5 1 4
481 288 2 2 7
482 64 3 1 4
483 555 5 1 5
484 841 1 7 9846
488 334 2 2 7
488 565 8 1 12
489 64 5 5 1635
512 96 1 3 7
512 266 5 3 92
512 453 2 3 14
512 482 8 5 1724
512 685 10 1 4
513 315 8 1 4
513 340 9 2 18
513 640 5 1 4
514 36 1 3 9
514 452 2 2 7
514 780 7 1 6
515 598 2 3 12
516 555 8 1 7
516 582 10 3 161
516 785 4 1 4
517 0 4 1 7
517 3 7 1 7
517 34 9 1 7
517 177 6 2 30
517 281 7 1 4
517 672 10 2 19
518 0 6 1 4
519 967 7 1 9
520 812 7 5 1128
521 450 5 1 4
521 554 1 3 17
521 560 3 6 3191
522 234 1 3 10
524 159 2 2 4
528 344 10 1 4
528 406 9 4 243
528 580 2 3 17
528 582 10 1 4
528 611 4 2 15
529 148 4 2 20
529 520 10 1 4
529 836 9 1 4
530 325 1 2 4
532 292 10 1 4
532 853 8 8 597153
536 10 3 1 4
536 902 5 1 4
537 99 6 1 4
537 478 10 1 4
538 820 9 1 4
544 6 7 3 85
544 21 5 2 9
544 597 4 1 4
545 226 9 1 6
545 743 9 4 629
546 2 4 2 15
546 4 1 4 106
546 263 1 2 4
546 650 1 2 4
546 900 7 1 7
547 427 4 1 4
547 577 7 1 4
548 512 5 3 31
548 577 6 1 4
549 68 2 4 162
549 97 8 1 4
549 146 3 1 4
550 649 5 1 4
550 800 10 1 4
551 40 3 1 4
552 136 6 1 4
552 656 10 3 66
554 137 5 1 4
555 52 2 4 73
557 15 7 1 4
557 557 6 7 35713
560 32 7 1 10
560 168 8 3 173
560 354 9 9 6891223
561 10 4 6 17705
564 656 3 1 4
564 659 7 3 75
567 793 1 2 4
569 522 3 1 4
572 370 7 1 4
572 777 1 2 4
574 533 10 1 3
576 4 7 1 4
576 76 5 6 5457
576 133 3 1 4
576 172 3 1 4
576 371 6 1 4
576 525 6 1 4
576 547 4 2 17
576 607 6 2 13
577 72 2 3 21
577 577 9 2 22
577 661 2 6 2572
577 997 4 1 4
578 554 5 1 4
578 572 7 1 7
579 136 4 1 4
583 129 6 1 7
585 217 4 3 79
586 64 7 1 4
587 608 5 2 17
589 389 2 2 7
590 276 4 3 36
592 4 8 5 1947
592 566 9 4 800
592 585 2 4 144
592 856 3 6 3467
595 557 6 2 25
596 91 1 4 85
599 176 7 4 246
600 575 3 4 206
601 335 4 1 4
606 281 9 5 1147
607 393 3 1 4
608 176 5 6 4239
608 185 7 1 4
609 210 2 5 456
612 534 8 6 23749
616 81 6 1 6
617 374 2 5 478
618 70 9 3 74
618 1004 9 1 4
619 231 9 3 179
625 261 2 2 4
626 104 1 4 58
626 114 5 4 218
627 977 10 1 4
629 528 5 1 4
638 161 2 7 49016
640 4 6 3 103
640 246 3 1 4
640 369 5 1 7
642 512 7 2 19
643 73 8 1 4
644 48 3 1 4
645 25 2 5 497
645 548 9 6 17270
648 98 7 1 4
650 108 4 1 7
654 129 7 1 4
655 761 9 1 6
656 278 10 1 4
656 833 3 3 66
658 10 6 1 4
658 640 5 1 7
660 36 1 2 4
660 52 6 1 7
660 648 5 2 12
668 163 4 3 65
668 464 8 5 1043
672 64 7 2 15
672 608 9 1 4
672 717 8 1 4
673 656 10 1 7
676 52 4 1 4
677 641 1 3 6
680 39 9 1 4
680 540 3 6 2914
681 33 8 1 4
689 80 3 3 19
691 12 2 2 5
694 6 6 5 3379
694 768 8 1 4
700 229 5 1 7
700 864 8 3 48
701 34 3 1 4
704 34 8 1 7
705 596 4 2 9
706 17 7 1 4
706 161 2 2 4
709 325 1 2 4
709 354 9 4 356
713 593 2 2 7
716 98 8 1 4
716 339 1 2 4
716 649 3 1 4
720 803 5 1 7
721 104 5 2 10
722 82 2 2 6
722 100 10 1 7
722 104 1 2 4
722 464 10 1 4
723 142 4 1 4
724 596 9 1 4
725 44 4 1 4
726 322 6 1 4
728 712 8 1 11
737 288 5 1 4
737 610 4 4 92
738 970 7 1 4
740 235 9 1 6
740 801 5 1 4
741 260 3 2 9
744 124 7 3 41
746 386 3 1 4
751 506 6 5 1480
759 130 9 2 39
760 40 1 3 10
763 668 1 2 4
765 513 4 2 12
769 350 5 1 4
769 773 2 2 6
770 256 10 4 723
771 128 3 2 7
772 32 10 3 103
774 936 2 2 7
775 48 4 1 5
775 921 4 1 4
777 539 6 1 7
780 707 5 1 6
780 901 7 1 4
781 496 6 3 98
782 226 10 1 9
782 405 8 1 4
784 604 4 1 6
785 257 3 4 82
786 142 4 1 4
786 521 6 2 12
786 914 2 8 670412
793 498 5 2 14
793 628 9 1 12
799 433 3 1 4
800 9 8 2 33
800 73 5 1 6
800 97 6 1 4
801 312 5 1 6
801 592 4 1 4
802 769 2 6 4566
803 512 7 1 4
805 781 9 3 127
806 134 5 1 4
808 526 6 1 4
808 945 3 1 4
810 17 1 2 4
816 24 5 1 4
824 392 2 2 4
824 978 3 4 80
832 16 4 1 4
832 281 6 3 36
832 328 7 3 133
833 147 3 1 4
834 0 10 2 34
836 388 5 4 340
839 21 2 5 1113
840 545 10 2 45
840 800 8 1 4
841 370 7 1 7
843 939 1 4 29
845 561 7 2 18
848 899 7 5 2295
850 308 7 3 51
850 776 1 2 4
852 2 5 2 20
852 72 6 3 43
852 824 5 1 4
864 23 10 1 4
864 786 9 1 4
867 998 5 1 4
870 68 2 5 232
872 32 3 1 4
872 50 10 1 7
874 360 9 1 7
884 802 6 3 108
895 603 3 1 4
897 115 6 1 4
898 699 7 1 4
899 537 5 1 4
903 339 8 1 14
904 231 3 3 30
904 552 5 1 4
906 328 6 1 4
907 276 6 6 5165
908 456 6 2 14
911 10 5 1 5
914 669 9 2 44
914 968 2 2 4
916 777 9 1 15
921 272 2 2 4
922 8 5 1 4
924 33 7 10 29764074
924 196 5 1 4
927 190 10 3 99
928 516 1 3 7
929 10 8 1 11
929 316 4 1 4
930 547 6 1 4
944 165 2 10 31437131
946 205 3 7 115521
951 818 8 1 4
952 37 8 1 4
953 905 8 3 48
960 358 5 6 6917
961 131 4 1 4
961 291 10 1 4
963 130 5 1 4
966 29 3 2 11
966 192 9 3 85
968 51 1 2 4
968 360 4 1 4
969 313 10 3 209
969 769 5 3 37
971 566 4 4 134
976 321 9 1 5
977 22 9 1 7
977 34 8 7 81897
978 817 5 3 30
985 268 8 1 4
986 772 4 3 47
987 962 1 6 1017
988 366 8 7 173173
990 35 3 6 5434
998 127 10 1 4
1002 652 3 5 552
1003 684 4 4 109
1004 129 10 1 7
1018 358 5 6 6445
1020 385 2 2 4
