0 198 2 8 197872
1 18 6 1 7
1 503 6 2 11
2 115 9 7 149557
2 217 2 4 73
3 218 8 8 545650
3 363 10 2 35
3 430 2 2 10
4 361 6 1 5
4 414 8 1 7
5 214 2 6 1555
8 303 6 4 167
9 129 3 3 19
9 171 7 1 10
10 223 5 1 7
10 462 3 4 68
11 30 7 1 4
11 297 8 2 25
11 438 5 1 4
11 477 8 1 7
12 343 4 3 32
12 499 9 3 118
13 280 3 8 218972
14 173 10 1 10
14 265 3 3 31
15 160 3 4 71
15 414 9 1 4
16 25 4 2 10
16 114 8 4 496
16 232 3 1 4
16 357 1 6 2984
17 83 10 1 7
17 131 6 1 4
17 316 5 6 8525
18 90 4 5 1504
19 33 6 3 59
19 180 9 1 4
20 139 6 2 13
20 283 2 4 76
21 209 9 4 762
21 259 4 1 7
22 451 10 6 36627
23 108 5 1 4
23 304 5 1 4
23 418 5 1 4
24 52 2 7 78962
24 386 1 5 540
24 418 6 1 7
24 503 3 7 31271
25 126 4 2 19
25 234 8 7 289316
25 309 4 1 4
25 320 3 1 4
26 142 10 5 1251
26 296 10 1 4
27 342 6 4 232
27 378 6 7 51637
28 407 1 3 16
29 40 3 3 49
30 182 6 3 121
30 403 9 2 34
31 66 8 3 97
32 105 7 1 10
32 177 5 2 26
33 489 1 2 4
34 84 2 5 279
34 199 5 4 113
34 231 5 1 4
34 282 7 1 4
34 317 2 4 171
35 151 7 1 11
35 446 1 3 17
35 479 9 1 10
36 162 4 1 4
36 341 10 2 31
36 374 9 5 3835
36 444 1 4 37
38 277 9 1 4
38 390 10 1 7
38 488 1 3 10
39 467 10 1 13
39 490 6 4 192
40 103 9 1 13
40 148 8 6 7398
40 464 5 8 1117426
40 486 1 2 4
41 429 5 1 8
42 45 8 1 7
42 316 10 5 6202
44 327 2 2 8
45 98 8 3 55
45 108 9 5 1910
46 139 2 3 23
47 99 1 8 48268
47 246 4 3 44
47 505 1 3 10
48 344 6 2 11
49 66 4 2 11
49 370 2 3 14
50 177 5 3 76
50 474 2 5 291
51 342 4 5 897
52 78 10 1 13
52 207 9 1 7
52 277 9 5 2525
52 500 10 1 4
54 464 3 4 182
56 234 7 2 25
56 435 9 1 11
58 65 2 3 11
58 164 6 1 10
58 249 8 6 11007
59 199 7 4 368
59 276 5 5 661
60 384 10 2 20
61 396 8 1 7
62 444 9 2 34
62 489 7 2 22
63 335 1 4 43
64 89 1 2 4
64 91 6 1 4
64 179 9 4 725
64 501 7 2 13
65 236 7 1 10
65 267 6 1 7
65 386 8 2 40
66 185 6 2 23
66 376 1 4 40
67 70 3 3 65
68 209 1 5 178
68 221 6 1 5
68 267 9 2 43
68 290 10 2 40
68 363 2 3 38
68 474 5 2 14
69 72 10 1 4
69 89 7 1 8
69 462 4 3 71
70 295 6 2 13
70 505 6 2 25
71 228 7 3 70
72 167 4 1 7
74 220 6 5 1037
75 330 8 2 31
75 392 3 2 10
76 322 1 4 55
77 337 3 5 364
77 340 6 4 622
78 209 3 2 13
78 267 3 2 7
79 319 8 3 112
80 86 5 1 4
80 368 4 2 10
80 420 2 2 7
82 84 9 5 2252
82 464 3 3 22
82 488 4 3 32
83 402 2 3 11
83 407 10 6 27762
84 257 10 2 20
84 295 9 2 19
85 244 10 4 330
86 118 4 2 14
86 145 1 3 19
87 133 7 2 20
88 404 8 5 4708
89 305 7 1 4
89 349 10 3 133
90 292 10 1 4
90 402 8 2 35
92 477 1 5 205
94 427 5 2 10
95 182 3 2 7
95 486 7 1 11
96 488 2 2 4
97 319 7 3 89
97 351 7 5 2035
98 113 5 5 2234
99 154 8 1 4
99 402 4 1 7
100 291 5 4 477
101 165 9 1 4
102 259 9 2 38
103 117 8 2 22
103 186 10 6 27189
103 192 1 2 4
103 273 3 4 76
103 277 5 1 7
104 166 8 4 281
104 327 8 3 77
105 242 5 4 214
105 496 8 1 14
106 198 5 2 16
106 249 9 1 11
107 241 9 2 43
107 277 1 3 7
107 335 6 2 25
107 350 4 6 8168
109 143 4 6 8235
109 354 8 7 132994
109 367 9 2 17
109 408 9 4 456
109 437 7 1 7
111 198 9 1 10
111 273 2 2 4
112 446 10 9 11900064
114 327 7 1 7
115 180 10 4 292
115 193 5 3 34
115 198 6 3 61
116 207 5 4 134
117 314 7 1 7
118 221 3 2 14
118 285 6 8 440926
118 346 7 9 6895891
118 390 9 1 7
119 293 10 2 41
119 417 7 7 186069
119 423 2 4 131
119 506 1 3 7
120 475 2 2 4
122 258 8 1 4
122 371 9 1 10
122 383 6 8 850884
123 173 3 7 27014
123 377 8 6 8703
124 280 5 2 10
124 471 4 1 5
125 154 7 4 176
125 445 2 4 59
125 507 5 4 273
126 277 2 6 1743
126 466 3 3 34
127 250 3 6 3073
127 311 7 2 32
128 355 8 1 4
128 385 7 6 28736
129 206 6 4 437
129 276 1 2 4
129 406 7 1 4
129 480 4 1 4
130 277 7 2 37
131 194 1 5 694
132 385 6 3 40
132 434 4 7 20362
132 475 2 3 31
134 226 5 1 7
135 167 9 1 8
135 169 2 3 37
136 405 4 7 52993
137 160 2 4 195
137 201 8 3 52
137 250 4 2 8
138 470 4 1 4
139 455 5 2 23
140 510 7 1 7
141 278 6 4 158
141 353 1 3 20
141 390 1 10 5527846
141 418 10 6 18642
142 322 10 1 4
143 192 4 1 4
143 223 6 7 68429
143 270 7 4 730
143 286 1 4 34
144 505 8 5 4192
146 215 5 1 7
146 288 7 5 801
146 362 3 3 52
146 365 5 2 20
147 402 4 4 140
147 467 7 6 12759
147 480 10 4 320
148 162 3 6 8865
148 238 9 1 7
148 359 6 3 113
149 196 8 1 4
149 224 6 1 7
149 304 7 2 35
150 430 1 3 7
150 458 9 1 10
151 285 1 2 4
151 307 6 5 1030
151 387 9 5 2048
151 399 5 6 18493
151 463 6 2 28
152 167 1 5 246
152 196 1 2 4
152 421 4 1 7
152 433 6 1 4
153 200 10 1 4
153 257 6 3 94
153 409 10 5 6441
154 273 5 4 142
154 507 3 4 85
155 412 10 4 784
155 418 5 4 158
156 160 4 3 88
156 400 1 9 1849414
156 507 2 3 11
157 385 3 4 122
159 189 8 7 292550
159 331 9 1 7
159 353 2 2 5
159 451 9 3 86
161 423 5 1 4
162 273 4 6 8004
163 181 7 2 31
163 333 9 4 432
164 241 6 2 20
164 291 5 3 32
165 323 5 2 17
165 484 5 2 17
165 501 5 3 35
168 209 3 6 9949
171 319 3 2 14
171 506 4 2 13
172 480 7 3 61
173 266 3 4 83
173 274 4 3 53
174 352 8 2 19
174 501 5 2 10
175 205 9 3 174
175 272 5 5 1341
176 462 5 2 10
177 250 7 4 320
177 459 6 1 5
178 254 10 2 52
178 409 5 1 4
178 486 2 2 7
179 223 9 2 16
179 255 10 1 4
179 473 2 4 50
180 197 5 1 7
180 346 8 2 23
180 421 2 3 13
180 448 10 3 190
182 277 2 6 5526
183 463 9 1 10
186 237 2 3 11
187 440 6 1 8
189 252 4 2 8
189 275 7 1 7
189 474 1 4 53
191 352 8 3 109
191 368 8 1 4
191 401 8 3 174
191 416 7 1 4
192 437 1 2 4
194 346 1 4 47
195 363 2 6 1976
196 439 6 5 703
197 230 4 3 29
198 267 4 3 41
198 279 10 2 28
198 353 10 1 7
198 478 4 2 11
200 210 1 2 4
200 342 8 1 7
200 448 3 2 10
201 238 10 3 124
202 254 3 6 7532
202 442 1 2 4
204 245 1 4 31
204 472 10 1 17
205 345 5 3 29
206 410 7 2 28
208 275 5 3 61
208 303 4 3 23
208 506 4 5 1155
209 223 1 3 14
209 274 2 3 11
209 492 2 2 7
211 386 6 1 10
212 238 9 1 13
213 443 4 4 121
214 231 9 7 147185
215 393 1 4 109
215 417 3 4 118
218 254 6 1 5
219 234 9 3 103
219 478 2 2 10
219 498 4 1 4
221 351 3 1 4
223 412 7 2 14
223 478 9 1 4
223 491 6 1 7
223 508 9 1 4
227 273 8 7 241926
227 397 5 5 639
228 299 10 1 4
229 452 2 3 14
230 482 3 4 103
231 349 5 6 9846
231 378 5 6 8989
232 248 8 1 13
233 247 4 3 52
233 366 8 3 67
235 354 2 3 35
237 407 5 1 5
238 319 6 1 4
239 323 1 3 17
241 345 5 1 4
242 257 9 4 957
242 312 10 3 61
243 249 7 2 14
246 254 10 5 2129
246 500 1 6 1123
248 431 4 7 128702
249 404 8 2 29
250 395 2 2 4
250 441 2 5 387
253 296 5 2 17
253 500 8 3 86
255 392 9 2 20
256 288 5 1 4
256 476 9 8 701045
258 267 1 3 7
258 478 1 3 10
259 373 8 2 19
260 283 8 1 4
260 316 4 3 65
260 327 4 3 32
260 400 3 5 905
262 299 2 2 5
262 414 10 2 19
262 487 9 7 82036
264 339 5 5 806
264 473 1 2 4
265 281 3 1 4
265 430 9 3 131
266 294 2 3 13
267 463 10 1 7
267 475 2 2 8
269 336 1 2 5
270 395 2 5 268
271 489 10 6 37876
272 320 4 3 22
272 404 4 1 5
275 323 7 6 11811
276 335 2 3 28
277 279 9 1 4
277 359 6 1 7
280 385 4 1 4
281 345 2 2 4
281 464 7 1 4
288 505 4 1 7
289 366 4 1 3
290 427 6 1 4
291 454 10 1 17
293 489 2 3 38
294 451 3 4 92
295 463 10 1 10
295 478 9 3 65
297 405 8 8 2656077
297 441 6 2 19
298 354 2 2 4
298 501 1 3 20
299 363 9 2 19
299 382 9 2 17
303 305 4 1 7
303 376 8 1 4
303 400 9 1 7
304 474 10 1 14
305 411 2 2 8
305 416 9 3 49
306 481 7 8 502220
307 394 3 6 4449
309 400 9 1 4
311 330 5 1 7
311 342 1 4 25
311 432 7 4 407
312 313 3 2 7
312 409 5 2 14
312 466 2 3 13
313 451 10 1 4
313 463 7 1 11
314 418 3 1 4
314 499 5 4 209
315 435 8 2 19
317 318 2 3 31
318 481 4 5 1751
321 365 8 1 14
322 354 4 4 121
325 422 6 6 12325
326 446 5 2 17
332 368 2 6 2087
336 444 1 2 4
337 451 7 5 3683
338 341 8 1 4
338 461 7 5 1803
339 342 2 2 7
339 475 10 8 1750121
341 435 10 2 52
343 415 1 5 511
349 431 5 2 16
351 497 5 3 56
352 373 8 3 52
353 371 6 2 17
354 457 9 4 350
355 428 6 2 11
355 464 2 3 11
357 421 3 2 7
357 467 5 1 7
358 420 10 2 49
358 432 5 2 11
358 447 8 1 4
360 431 2 2 10
361 510 2 7 40618
362 456 6 1 7
362 493 2 6 2091
367 499 10 1 10
368 438 2 5 238
368 482 9 6 30747
370 419 3 2 10
372 477 5 1 4
373 436 9 1 14
374 489 9 1 4
379 434 1 4 56
380 462 4 7 72355
380 470 8 2 23
381 501 9 1 4
383 387 5 3 34
383 504 10 1 4
384 450 4 4 148
385 425 4 2 11
385 498 7 2 32
386 394 1 2 4
386 448 4 6 5154
386 468 7 5 1594
386 482 10 1 14
388 418 1 6 1638
388 472 10 1 4
389 500 1 4 34
391 404 8 5 2207
391 511 6 1 4
393 488 10 1 7
394 399 6 2 11
395 423 1 3 7
396 468 1 6 748
398 413 2 2 8
398 484 4 1 7
400 407 4 4 247
400 492 9 1 13
402 433 3 1 4
404 443 5 2 11
405 474 6 3 58
406 407 4 1 7
408 439 9 2 20
410 473 3 1 4
412 455 2 2 4
414 416 3 1 4
414 461 9 4 228
415 472 10 1 5
417 503 2 2 7
425 450 4 4 103
427 505 10 7 53819
429 432 8 1 4
432 455 10 1 4
444 468 5 1 5
447 485 10 1 16
448 494 6 1 4
449 452 7 3 64
453 471 3 6 12322
453 479 9 4 858
455 479 1 4 50
461 503 10 1 10
463 468 9 5 1235
466 481 4 2 19
466 501 6 1 4
474 480 9 3 74
485 501 9 1 10
501 504 4 5 2425
