936 0.019857175033301262 
1379 0.019857175033301262 
625 0.01988636558159354 
1595 0.019857175033301262 
1805 0.019857175033301262 
566 0.019857175033301262 
16 0.019864472669203426 
1150 0.019857175033301262 
887 0.01987177030588849 
765 0.019857175033301262 
1267 0.019857175033301262 
1180 0.019864472669203426 
806 0.019857175033301262 
870 0.019864472669203426 
1591 0.019915556142248332 
1819 0.01987177030588849 
1867 0.019857175033301262 
826 0.019857175033301262 
676 0.019857175033301262 
1262 0.019857175033301262 
1351 0.01985717466319384 
1093 0.019864472669203426 
820 0.019857175033301262 
1127 0.019857175033301262 
1843 0.019857175033301262 
1373 0.0199009591391142 
605 0.019857175033301262 
1730 0.019857175033301262 
320 0.019864472669203426 
1690 0.019857175033301262 
767 0.019842580923010115 
1704 0.019857175033301262 
274 0.019864472669203426 
336 0.01986447304293286 
1861 0.019937449070723784 
850 0.019857175033301262 
534 0.01988636558159354 
779 0.019857175033301262 
889 0.01987177030588849 
830 0.019857175033301262 
