1108 0.017224633841775305 
1794 0.01721184169919962 
225 0.017205445627966453 
1103 0.017205445627966453 
238 0.017199049556769857 
670 0.017199049556769857 
1963 0.01721184169919962 
1423 0.017199049556769857 
1724 0.017199049556769857 
535 0.017205445627966453 
440 0.017211841540360043 
446 0.017199049556769857 
260 0.017224633841775305 
499 0.017199049556769857 
254 0.017205445627966453 
91 0.017205445627966453 
1049 0.017199049556769857 
1413 0.017205445627966453 
984 0.017205445627966453 
1231 0.017199049556769857 
257 0.017199049556769857 
1179 0.017199049556769857 
490 0.017199049556769857 
1478 0.017205445627966453 
1182 0.017199049556769857 
1477 0.017199049556769857 
1816 0.01720544546843581 
921 0.017205445627966453 
813 0.017199049556769857 
434 0.017199049556769857 
1302 0.017199049556769857 
892 0.017199049556769857 
770 0.017199049556769857 
1312 0.01721823777046927 
208 0.017199049556769857 
296 0.01709671236426467 
1151 0.01721823777046927 
989 0.017199049556769857 
1511 0.017199049556769857 
1932 0.017199049556769857 
492 0.017199049584633745 
457 0.017173465189334925 
912 0.01725021812736151 
76 0.017199049556769857 
1905 0.01721184169919962 
26 0.017199049556769857 
1369 0.017224633841775305 
478 0.017205445627966453 
1466 0.017147880960073796 
1314 0.017199049556769857 
