0 198 10 2 32
1 18 4 4 307
1 503 4 1 3
3 218 1 4 102
4 414 8 3 72
5 214 9 1 4
9 129 7 6 14208
10 416 1 3 16
11 30 6 1 4
12 343 2 3 37
13 207 8 7 45689
13 280 7 1 4
13 397 4 3 88
15 160 6 1 8
15 194 5 1 4
16 357 7 1 10
17 83 7 1 5
17 131 1 2 4
19 33 9 1 7
19 180 9 5 4435
21 209 8 5 4090
22 451 7 4 507
25 234 10 1 17
25 309 10 1 5
29 40 3 1 4
30 403 7 1 7
33 489 3 1 5
34 199 9 1 4
34 282 4 3 26
35 458 5 1 4
36 444 1 2 4
38 277 5 1 4
38 390 9 3 135
39 467 7 1 5
40 75 1 2 5
40 103 2 2 4
40 464 8 1 10
41 429 1 2 3
42 45 10 3 61
45 408 5 1 4
46 106 6 1 7
49 66 9 1 7
50 169 8 2 20
51 134 5 1 5
51 342 2 2 8
52 78 7 4 572
52 207 1 2 5
52 277 3 3 54
54 464 3 1 4
55 151 6 1 8
62 444 6 1 4
64 501 2 6 2885
65 267 3 3 17
68 432 3 1 4
69 72 2 2 7
69 89 7 1 4
69 462 9 1 4
74 411 10 1 16
74 451 7 1 4
75 392 8 1 4
77 340 2 5 537
78 209 9 1 4
78 267 3 1 4
80 420 6 3 81
83 402 7 1 7
86 145 3 1 4
88 404 10 1 7
89 305 6 1 4
91 280 9 1 8
101 165 10 7 157736
103 117 5 2 11
103 277 3 2 8
105 242 6 6 13320
107 241 9 2 34
107 359 8 2 26
109 354 5 1 5
109 408 2 2 4
112 446 9 1 4
113 430 5 1 4
114 327 4 2 13
115 180 1 10 113818464
116 207 5 3 75
118 221 7 1 7
118 390 4 2 8
119 293 2 4 59
123 377 4 1 7
125 154 7 1 4
126 466 6 3 67
127 250 3 4 102
128 355 1 7 10178
129 406 7 2 22
130 277 3 2 7
131 194 1 2 4
135 167 7 1 7
137 201 7 1 4
138 470 7 3 47
140 510 1 2 3
141 351 5 2 11
141 418 9 1 10
144 505 10 3 85
146 215 6 3 61
146 288 6 1 4
147 402 9 5 1284
147 467 5 2 13
151 399 2 4 53
152 421 1 3 7
153 409 10 2 19
156 160 7 1 4
161 423 8 1 10
162 273 10 1 4
163 293 7 1 4
164 291 8 1 4
165 323 7 9 6200590
165 484 7 1 7
165 501 7 1 11
169 266 5 1 8
172 480 2 2 4
173 266 2 2 4
176 393 2 2 4
177 459 9 1 4
179 223 3 4 146
179 255 4 1 7
180 197 8 1 5
180 346 7 5 1122
186 237 7 1 4
187 440 1 2 4
191 368 4 3 31
195 363 1 2 4
198 353 5 1 4
198 478 1 3 10
200 342 10 2 29
202 254 1 2 4
202 442 2 2 4
204 472 8 1 4
205 345 9 1 7
211 386 6 1 5
212 238 9 2 34
218 254 3 1 5
219 234 5 1 5
219 498 8 1 4
223 491 6 9 11637179
227 273 5 3 93
232 248 10 2 25
233 366 9 3 67
239 323 4 2 20
242 257 6 1 4
242 312 4 2 10
243 249 3 3 59
248 431 4 4 270
249 404 2 6 1945
250 395 8 8 575952
260 316 2 2 4
260 400 6 1 8
267 463 3 3 19
267 475 6 4 145
269 336 3 7 25510
270 335 5 2 10
271 489 3 1 4
272 320 9 1 4
276 335 9 1 4
281 345 1 5 255
281 464 6 2 22
288 505 1 8 160229
289 366 1 2 4
294 451 2 5 440
295 478 5 1 5
298 347 2 2 4
298 354 4 8 228395
298 501 9 1 5
303 305 8 6 10135
309 400 6 1 4
311 330 3 1 3
311 342 7 4 191
311 432 10 1 4
312 466 3 2 14
313 451 3 1 4
315 435 1 2 4
322 354 3 1 4
325 422 8 1 4
326 446 8 1 7
332 368 2 4 88
336 444 2 2 4
338 341 4 1 7
339 475 7 3 87
343 415 8 1 13
350 452 6 1 4
352 373 1 3 7
354 363 5 3 32
355 428 6 1 4
358 432 4 1 4
362 456 4 1 4
367 499 10 1 4
368 438 2 2 4
368 482 9 1 4
370 419 8 1 4
372 477 8 1 4
373 436 5 1 4
380 470 3 1 4
384 450 5 1 4
386 482 4 1 4
388 418 8 1 3
388 472 7 3 69
391 429 9 1 14
400 492 3 2 7
425 450 10 1 3
429 432 4 7 34164
432 455 10 2 32
444 468 3 1 4
447 485 8 8 2100866
448 494 10 1 7
453 471 2 2 7
453 479 8 5 1015
463 468 6 3 113
466 501 1 2 4
485 501 4 1 7
501 504 8 1 4
