0 47 4 5 867
0 112 3 3 18
0 150 3 3 28
0 166 1 8 85559
0 215 7 6 23488
0 256 4 4 195
0 265 5 2 11
0 274 2 2 4
0 415 4 2 8
0 670 10 1 4
0 704 1 5 148
0 902 10 2 25
1 7 9 4 303
1 30 1 2 4
1 37 3 4 95
1 70 8 1 4
1 82 9 1 15
1 135 3 1 4
1 292 4 1 4
1 535 7 1 7
1 705 3 4 187
1 768 5 2 10
1 825 9 1 7
1 920 9 6 16329
2 0 4 1 7
2 3 2 2 4
2 167 4 1 6
2 826 5 1 4
3 24 9 3 90
3 277 8 2 21
3 530 6 1 4
3 652 2 3 40
4 0 9 1 6
4 15 10 1 4
4 24 2 2 4
4 60 6 1 4
4 368 6 2 26
4 576 3 2 6
4 774 5 1 7
4 803 10 1 4
5 18 4 2 9
5 216 7 1 4
5 887 2 2 4
6 148 5 4 296
6 267 3 1 4
6 466 6 1 4
6 512 8 1 7
6 798 3 1 4
6 1002 9 3 56
7 110 10 4 307
7 237 2 2 10
8 19 1 2 4
8 32 7 4 455
8 58 4 2 9
8 202 10 1 15
8 272 1 2 4
8 486 9 4 257
8 552 9 3 160
8 642 5 1 7
8 850 4 1 4
8 902 3 1 4
9 526 1 2 4
9 823 8 2 19
10 13 6 6 4258
10 84 10 1 4
10 160 10 1 4
10 176 10 1 4
10 518 1 3 7
10 584 9 1 4
10 599 8 3 78
11 752 7 2 14
12 0 8 4 444
12 55 6 3 37
12 65 7 6 19833
13 66 10 1 7
13 192 3 6 2393
13 224 4 1 4
13 320 3 1 3
14 210 7 1 12
14 376 9 2 35
14 584 3 4 74
14 616 7 1 9
15 485 7 1 4
15 659 6 3 83
15 854 1 2 4
16 9 4 1 4
16 96 1 5 529
17 48 2 4 166
18 51 5 1 6
18 290 5 3 77
18 641 2 3 15
18 645 7 1 4
19 7 7 2 24
20 1 6 2 17
20 10 6 3 34
20 28 8 2 26
20 69 9 1 4
20 176 6 3 54
20 323 9 1 3
20 786 10 2 27
21 116 1 7 9461
21 258 4 2 21
22 24 9 8 1963882
22 68 9 3 63
22 97 4 3 26
22 133 3 5 585
22 320 8 1 4
22 565 4 1 4
23 770 5 1 7
23 886 8 1 7
24 781 5 1 4
24 786 6 2 25
24 944 7 5 927
26 20 9 2 45
26 109 10 3 68
27 547 5 1 4
27 549 7 1 4
28 72 5 1 4
28 192 10 1 4
28 647 2 5 536
29 327 2 2 9
29 532 9 3 66
29 809 8 1 11
30 21 2 2 7
30 588 10 1 4
31 77 10 9 25824049
32 16 5 3 46
32 33 6 8 332571
32 204 1 3 14
32 211 1 8 44739
32 219 6 1 6
32 276 6 2 14
32 414 7 3 49
32 514 6 1 4
32 641 4 3 62
32 803 1 4 45
32 960 5 6 8313
33 3 7 3 46
33 276 9 1 7
33 277 4 10 21672342
33 320 3 1 4
34 292 4 3 53
34 324 5 2 17
34 663 3 6 2525
35 689 5 3 31
36 12 10 1 4
36 48 2 2 7
36 257 9 1 7
36 320 1 4 36
36 705 7 1 4
36 858 8 2 31
37 13 5 3 31
37 520 1 2 4
37 673 8 1 4
38 180 7 1 4
38 544 4 7 52453
39 48 8 1 7
40 9 2 2 4
40 39 8 9 7256468
40 65 4 1 4
40 256 7 1 4
40 512 2 3 16
40 528 9 1 4
40 605 10 4 289
40 756 5 3 38
40 761 2 2 4
41 96 1 4 64
41 263 8 2 17
41 276 4 3 27
41 987 4 1 4
42 329 9 1 4
42 778 7 2 22
44 794 2 3 16
45 615 7 1 7
45 844 1 3 15
47 80 2 4 72
47 1022 10 1 13
48 67 1 2 4
48 168 3 1 4
48 226 4 1 4
48 646 3 1 4
48 789 6 1 4
48 932 9 6 7484
49 4 10 1 7
49 17 9 3 91
49 310 3 1 4
49 313 9 1 4
49 516 9 1 4
50 528 9 1 10
51 377 10 1 9
51 516 10 1 7
52 188 3 2 9
52 256 6 6 7246
52 285 9 9 26356062
52 390 3 9 1494400
52 899 7 1 4
53 146 3 1 4
54 112 10 1 4
54 718 4 5 614
55 278 9 1 10
56 89 4 2 14
56 472 2 2 4
57 33 6 1 9
57 448 5 1 4
58 470 9 1 6
59 58 10 1 4
59 292 6 1 4
59 453 8 6 9943
59 583 9 1 4
60 33 1 3 7
61 644 8 4 442
62 521 2 2 4
64 1 5 1 7
64 41 7 1 4
64 192 2 2 4
64 197 2 2 4
64 203 5 3 36
64 686 2 8 199284
64 756 9 1 4
64 790 2 4 84
65 61 10 1 4
65 118 7 1 4
65 274 8 4 206
65 515 5 1 4
65 614 9 1 4
66 545 6 2 22
67 16 5 1 4
67 20 10 5 1214
67 37 3 2 7
67 453 6 6 13439
68 153 3 2 7
68 192 9 1 4
68 284 7 1 4
68 322 4 2 14
69 529 6 2 14
69 572 5 9 1939837
70 109 6 1 9
70 212 9 1 4
70 646 4 1 4
70 648 1 7 6164
70 672 6 8 247453
71 409 6 1 4
72 8 5 6 17484
72 65 4 2 21
73 39 2 2 4
73 640 8 1 4
73 870 3 7 19194
73 999 8 1 4
74 512 7 1 4
74 548 6 2 11
76 133 6 3 78
76 262 7 1 7
76 586 8 4 666
76 855 10 1 3
77 256 4 1 4
77 450 10 1 9
78 517 7 1 4
78 919 2 2 4
79 165 3 1 4
79 386 5 2 15
80 0 2 7 14274
80 82 9 1 10
80 132 8 1 4
80 528 5 1 7
80 677 4 3 67
81 807 4 1 4
81 852 7 1 7
82 283 9 1 4
83 115 7 1 4
84 490 9 1 4
85 65 2 5 436
86 234 6 4 181
87 462 8 2 31
87 512 6 2 20
88 330 2 3 14
89 2 10 2 35
90 274 7 1 7
90 843 8 1 4
90 988 8 3 142
91 154 10 1 4
92 38 8 2 20
93 134 10 2 52
93 669 5 4 155
94 954 7 3 60
96 80 10 1 11
96 148 5 5 917
96 208 8 1 11
96 220 3 1 4
96 276 9 5 2123
96 321 2 5 881
96 356 8 1 4
96 776 6 1 4
96 820 4 3 33
97 18 1 2 4
97 48 3 4 281
97 130 4 1 5
97 144 3 6 2357
97 195 3 3 20
97 286 6 1 4
97 473 3 2 7
98 352 2 3 14
98 401 6 1 4
98 671 7 2 14
98 928 6 1 8
99 249 8 8 768873
100 294 3 3 35
100 768 3 2 6
100 901 4 6 4821
101 70 8 1 4
101 124 3 3 62
101 161 7 1 4
101 169 2 2 5
101 392 1 3 7
102 6 4 1 4
102 166 5 1 7
102 264 3 6 5094
103 704 10 1 9
104 26 10 4 512
104 28 1 6 1335
104 48 1 5 154
104 64 7 2 25
104 313 1 2 4
105 3 8 1 4
106 516 9 3 118
107 3 7 1 4
108 514 9 4 523
109 707 4 3 24
112 28 4 1 4
112 84 8 2 15
114 416 3 2 6
114 872 2 2 7
116 33 3 6 8312
117 106 9 1 7
117 803 3 3 40
118 565 6 3 111
119 446 8 3 79
120 76 8 1 7
122 80 3 7 27265
123 600 10 3 122
125 268 2 2 4
128 1 6 1 4
128 58 2 5 1335
128 208 5 1 6
128 320 9 2 19
128 362 7 2 21
128 433 5 1 4
128 453 5 3 66
128 628 3 1 4
128 770 4 2 9
128 806 2 2 4
129 0 2 3 25
129 37 7 4 497
129 88 7 8 422172
129 163 4 4 402
129 584 7 1 4
129 707 8 4 262
130 78 2 2 4
130 272 2 2 6
130 520 5 3 37
130 532 10 2 18
130 540 10 4 705
132 6 2 8 93510
132 94 5 2 18
132 137 8 1 4
132 516 2 3 27
132 713 3 2 9
132 916 6 1 9
132 957 9 1 3
133 138 10 1 7
133 614 2 2 4
134 67 4 2 9
134 84 6 1 4
134 224 1 4 63
134 377 4 2 9
134 390 2 3 29
134 516 7 4 744
136 39 3 1 4
136 160 1 4 54
136 610 7 7 39080
136 657 9 3 103
136 684 4 3 45
136 831 6 1 4
137 148 7 1 7
137 256 6 1 4
137 259 6 1 6
137 325 6 3 44
137 778 8 1 4
138 902 9 1 4
139 426 9 1 5
139 865 8 1 4
140 72 6 9 9603656
140 135 8 3 145
140 143 3 4 329
140 464 6 6 13525
141 2 3 1 4
141 954 1 3 7
143 187 2 3 12
143 642 5 1 4
144 68 8 3 48
144 248 7 1 7
144 257 9 1 4
144 433 10 1 4
145 67 2 2 4
145 184 7 1 4
145 216 2 2 4
145 392 10 4 523
145 513 2 7 47025
145 576 4 3 46
146 146 4 6 3615
146 396 8 1 9
146 910 1 2 4
148 1 4 1 4
148 24 6 1 4
148 130 10 1 4
148 464 7 4 782
148 515 10 2 20
149 20 5 4 210
149 633 9 1 6
150 160 7 3 42
150 656 10 2 28
151 102 9 3 132
151 132 7 1 4
151 250 10 1 7
153 26 10 1 12
153 592 4 1 5
153 598 6 1 6
153 961 10 1 11
156 54 3 2 11
156 133 1 2 4
156 814 6 1 4
158 104 7 1 4
160 34 7 3 63
160 81 3 3 25
160 644 10 9 32815094
161 376 2 2 4
161 524 2 3 12
161 576 3 8 168378
161 717 8 1 4
161 898 3 1 4
162 160 3 2 8
162 290 5 1 7
162 306 8 1 4
162 517 2 2 4
163 361 4 1 7
164 38 8 1 4
164 217 6 4 468
164 264 3 1 4
164 636 4 2 9
164 646 8 4 225
165 141 10 1 17
165 397 10 1 17
167 104 9 1 5
167 289 4 4 314
167 456 9 1 7
168 8 5 1 4
168 67 1 7 6035
168 68 5 1 4
168 98 9 8 512527
169 514 4 1 4
171 144 1 4 33
171 810 9 1 6
172 8 8 2 17
172 32 9 4 415
172 569 7 1 4
172 664 9 8 942025
173 261 9 1 11
174 493 4 5 662
174 582 6 1 7
176 32 5 1 4
176 137 4 4 103
176 864 3 2 12
176 916 4 1 7
176 932 1 3 7
177 128 10 1 7
177 560 8 1 7
178 797 3 4 146
179 429 4 6 2923
180 19 4 3 24
180 152 3 9 2350739
181 97 9 1 6
181 964 8 5 3441
182 300 3 4 204
184 161 8 2 33
184 664 7 1 6
185 5 7 3 51
185 42 9 3 56
186 272 3 1 4
186 582 4 2 19
187 800 6 1 8
188 4 6 1 4
192 43 4 1 7
192 52 9 1 4
192 72 1 3 20
192 536 7 1 4
192 904 2 3 41
193 8 10 1 4
193 120 9 1 7
193 375 3 1 4
193 422 10 3 129
193 775 7 2 24
194 321 9 1 9
194 592 8 1 8
198 3 8 1 4
198 812 1 2 4
200 577 6 1 4
200 924 10 1 7
201 98 3 2 11
201 140 4 2 21
204 6 4 1 4
204 520 8 2 26
205 457 2 5 388
206 530 4 3 88
208 534 1 3 6
209 55 6 2 30
209 513 10 10 363306853
209 564 10 1 7
211 4 8 1 4
212 34 9 1 7
212 69 7 3 124
212 262 6 3 59
212 285 7 1 4
212 673 1 3 7
213 64 5 1 4
216 66 1 4 31
216 138 4 4 217
216 792 1 3 14
217 923 4 1 7
218 86 6 2 31
219 389 1 5 180
220 176 4 1 4
222 852 8 2 27
225 316 7 4 445
225 948 3 3 18
226 35 10 3 129
226 157 2 2 4
227 336 2 2 4
228 32 7 1 7
231 290 3 2 7
232 5 8 1 4
232 65 8 1 9
232 80 3 1 4
232 130 6 1 9
232 480 7 3 139
233 212 2 2 7
233 912 3 3 35
233 973 4 3 46
234 848 1 4 25
235 281 9 1 10
237 91 5 2 10
239 370 9 1 6
240 66 4 3 39
240 914 2 3 21
242 156 2 2 4
244 932 1 2 4
245 705 7 1 7
246 64 2 3 19
247 626 9 3 104
248 0 1 4 24
248 902 6 3 34
256 1 6 1 4
256 4 7 2 32
256 69 4 2 9
256 97 9 2 33
256 344 6 6 23182
256 416 7 9 22779173
256 512 5 4 440
256 522 9 2 21
256 616 2 9 3688244
256 705 1 4 54
256 772 8 1 7
256 804 7 1 4
256 963 5 1 4
256 992 3 3 16
257 268 1 2 4
257 272 4 5 786
257 680 2 3 32
257 806 3 1 4
257 920 5 1 7
258 34 5 6 17961
258 36 9 2 22
258 265 2 4 172
258 810 5 3 31
258 880 10 1 4
259 7 1 3 10
259 100 1 5 360
259 226 6 6 8052
259 268 5 1 7
259 327 6 1 4
259 532 9 1 6
260 131 1 2 4
260 522 2 4 210
260 545 9 1 10
260 678 6 1 6
260 978 3 3 35
261 72 2 2 4
261 356 5 3 28
261 672 3 2 15
262 32 2 2 9
262 134 9 1 4
262 193 5 5 1525
262 256 1 4 42
262 906 1 5 122
262 1013 5 1 4
264 1 3 3 41
264 4 9 1 4
264 296 8 1 4
264 568 6 1 4
266 242 10 1 6
266 326 10 1 4
266 336 7 3 123
267 581 1 6 1951
268 12 10 3 179
268 34 5 1 7
268 177 4 1 4
268 192 6 1 9
268 524 4 1 4
268 577 3 2 15
269 444 3 8 757381
270 73 5 2 13
270 532 6 4 373
270 642 8 1 7
272 41 5 1 4
272 208 3 1 4
272 259 5 1 4
272 280 2 2 4
272 520 9 1 4
272 684 9 3 50
272 899 2 6 3193
273 581 3 5 650
273 693 8 5 1061
273 809 9 8 525301
273 903 1 3 9
274 98 8 3 70
274 334 1 2 4
275 16 5 1 7
275 116 3 2 9
275 401 9 4 401
275 485 7 6 30097
275 512 2 7 29903
276 392 6 5 2298
276 394 2 3 11
276 538 1 2 4
276 628 4 2 19
276 661 1 5 375
277 27 10 1 14
277 128 4 1 4
278 258 4 7 39995
280 36 6 4 339
280 82 1 4 52
280 600 4 1 4
280 674 9 1 4
283 35 8 4 496
285 104 10 1 4
286 624 1 2 4
286 832 10 1 4
287 448 5 2 22
287 802 8 1 12
288 50 6 2 23
288 132 9 2 25
288 224 4 1 4
289 60 10 2 21
289 156 8 1 12
289 472 1 4 44
289 648 9 2 19
289 753 4 6 3238
290 0 2 5 419
290 258 6 1 4
290 328 7 3 107
290 388 9 6 11792
291 610 4 2 14
291 768 8 1 4
291 967 5 2 9
292 7 9 1 4
292 19 9 4 231
292 162 3 3 51
292 593 9 4 517
294 742 10 1 4
294 864 8 4 287
296 57 1 2 4
296 84 5 1 4
296 131 4 1 5
296 260 6 2 18
296 288 7 2 16
296 336 9 2 20
296 409 5 1 4
297 325 8 1 6
297 389 9 1 7
297 544 9 9 3940356
298 800 7 1 4
300 29 8 1 4
300 140 6 5 4082
301 777 2 3 12
304 6 10 1 4
304 8 2 2 4
304 212 3 6 11133
304 292 9 1 4
305 34 4 3 25
306 918 6 1 10
307 514 10 4 1094
308 583 9 1 9
308 640 9 4 545
308 692 7 1 7
308 832 1 3 12
314 156 6 1 4
314 376 2 2 4
314 518 3 2 7
320 29 5 4 115
320 315 7 3 63
320 641 5 1 6
321 4 2 2 4
321 337 1 3 21
321 834 2 1 3
322 0 7 1 4
322 196 2 2 4
322 272 3 5 697
322 416 1 2 4
322 899 10 1 14
322 902 6 6 5578
323 515 10 2 19
324 106 10 4 436
324 200 3 4 239
324 513 9 1 4
324 530 3 2 7
325 6 6 1 4
325 74 9 7 122076
325 614 9 1 7
326 32 5 3 71
326 280 5 1 4
326 443 3 3 16
327 698 7 3 50
328 45 6 2 11
329 35 9 1 4
329 258 4 2 9
331 512 3 6 2379
332 456 3 2 7
334 288 10 5 1381
335 391 8 2 17
336 18 7 1 4
337 352 8 5 4552
337 768 3 4 134
338 33 9 1 4
338 160 1 2 4
338 169 6 5 1175
339 42 7 1 4
340 106 4 2 12
341 576 7 3 72
342 168 9 3 123
342 272 9 1 4
343 475 3 1 4
344 188 9 1 4
345 728 2 5 264
347 11 7 1 10
347 149 10 1 4
347 313 9 1 4
348 128 5 1 4
348 395 1 5 368
352 419 3 1 4
352 514 5 2 10
352 680 7 1 4
352 794 8 4 266
353 389 1 4 44
353 684 2 3 12
354 25 7 1 4
354 288 1 4 36
354 836 5 1 4
354 969 1 2 4
355 134 5 5 1779
356 800 3 3 17
357 433 1 2 5
357 641 1 2 4
357 690 4 2 9
360 732 10 1 4
362 34 6 1 4
363 162 7 2 14
364 740 10 1 5
366 657 2 3 35
368 49 8 2 33
368 925 10 5 2543
375 77 10 1 4
376 193 1 4 50
380 339 8 1 5
384 5 3 2 12
384 156 10 1 7
384 168 1 2 4
384 423 3 1 4
384 481 2 2 7
384 531 6 1 4
384 597 2 3 12
384 692 7 1 4
384 841 3 1 4
384 962 9 3 93
385 2 8 7 79567
385 75 2 4 61
385 214 10 10 18163601892
385 513 10 1 4
385 563 9 1 4
386 64 2 2 4
386 73 4 1 4
386 160 8 1 6
386 206 9 1 4
386 846 1 5 242
387 147 5 3 40
387 297 3 2 11
387 545 9 1 4
387 1016 10 4 516
388 332 8 1 4
389 596 3 1 4
391 8 4 1 4
391 461 4 1 4
391 800 4 5 1205
392 38 7 3 74
392 336 9 1 5
392 674 4 1 4
394 80 8 8 526701
394 211 9 2 27
394 590 4 1 4
395 4 6 2 16
395 558 10 1 9
395 647 4 5 643
396 6 8 2 30
396 536 2 2 4
396 546 7 7 275224
396 960 5 2 9
397 305 3 8 553453
397 518 8 1 4
398 943 10 3 100
399 9 6 1 4
400 144 1 2 4
400 712 2 6 2783
401 58 4 1 7
401 932 3 2 8
402 68 3 3 30
402 769 5 2 9
403 98 9 7 151647
404 209 8 8 599242
404 298 7 1 7
406 677 5 3 94
406 928 2 8 215707
407 591 2 2 4
408 66 3 3 25
408 576 10 1 4
409 66 9 1 4
409 417 7 6 7500
412 6 8 1 14
413 640 4 3 66
414 932 4 2 16
416 292 1 2 4
416 531 2 2 4
416 832 4 1 7
419 62 3 1 4
419 844 2 2 4
420 32 10 3 64
420 288 8 1 4
420 545 9 1 7
421 400 2 2 7
422 736 4 3 73
423 651 1 2 4
425 161 5 1 4
425 261 6 3 77
425 746 10 1 7
425 776 5 1 7
426 644 10 1 4
427 580 8 1 4
428 32 2 3 12
428 620 8 3 84
428 880 8 1 4
430 8 5 3 93
430 68 10 1 4
433 398 1 4 26
436 597 9 1 4
444 769 4 1 7
448 513 5 2 23
450 450 7 1 11
452 48 1 2 4
452 136 9 1 4
452 205 3 1 4
452 488 3 8 147795
452 512 2 5 498
453 368 3 5 664
453 661 7 2 28
454 437 7 1 4
454 782 1 5 124
456 376 5 3 28
457 906 8 1 4
458 101 7 1 7
460 197 9 2 47
460 566 8 2 15
462 516 10 4 279
463 916 7 6 19843
465 531 9 1 14
465 761 7 6 9433
466 58 9 1 4
470 713 9 2 19
473 6 3 2 7
473 800 6 1 7
476 775 6 2 11
480 928 2 6 7855
481 288 3 2 10
482 64 1 3 6
483 276 10 1 13
488 3 1 3 7
488 269 6 1 4
488 565 5 5 1330
496 433 3 3 52
496 978 2 2 5
505 332 7 1 7
506 706 5 3 28
512 1 7 2 16
512 5 3 1 4
512 52 4 3 33
512 65 6 1 4
512 266 7 1 4
512 420 2 2 4
512 453 4 5 1842
512 514 4 1 4
512 685 2 2 4
513 5 1 3 7
513 42 3 2 14
513 47 5 1 6
513 65 6 3 114
513 340 2 2 4
514 11 10 1 15
514 36 8 3 88
514 401 5 1 4
515 157 4 3 48
515 598 4 1 4
516 33 7 3 38
516 357 5 2 19
516 385 6 1 6
516 555 6 1 5
516 605 8 1 4
516 785 4 2 11
517 0 9 2 45
517 8 2 3 14
517 34 8 1 7
517 132 4 1 4
517 233 6 4 400
517 534 6 2 12
517 676 7 2 22
517 768 7 1 4
518 0 6 1 4
518 66 4 6 3019
518 517 4 2 15
519 517 4 2 14
519 944 4 1 7
519 967 8 4 515
520 9 2 6 5689
520 296 8 5 3457
520 328 10 1 8
520 436 1 6 858
520 896 9 1 4
521 450 6 2 15
521 554 5 1 4
521 560 4 7 23833
521 609 9 7 97372
522 121 4 1 4
524 159 1 2 4
524 520 5 2 10
526 548 10 1 15
527 36 3 1 4
527 713 7 6 20260
528 10 1 3 9
528 33 3 6 4077
528 97 2 3 12
528 144 7 3 108
528 344 9 6 38959
528 406 7 1 11
528 582 9 1 4
528 611 5 1 5
528 720 3 2 7
528 801 9 7 326015
529 16 10 1 4
529 260 2 2 4
529 517 6 2 11
529 520 7 1 4
529 737 9 1 4
530 20 7 3 132
530 132 8 1 8
530 278 7 1 4
532 11 10 1 12
532 134 10 4 848
532 853 6 1 4
534 786 3 1 5
534 928 10 3 57
534 932 9 2 19
535 10 1 8 153450
536 687 2 3 44
537 99 8 5 4368
537 478 6 1 9
538 74 6 1 4
538 84 8 2 26
538 820 9 1 9
540 481 10 1 11
541 344 3 6 11749
544 6 3 2 7
544 21 3 2 7
544 160 1 4 26
544 401 8 1 4
544 429 8 1 7
544 536 7 1 11
544 542 1 5 170
544 551 6 1 7
544 597 9 2 17
544 718 9 3 110
545 209 4 5 1849
545 914 3 6 2294
546 2 3 2 7
546 612 9 5 3779
546 758 2 8 235316
546 900 9 1 8
547 265 4 2 21
547 427 10 1 4
548 169 4 1 4
548 586 1 4 83
549 97 4 2 10
549 288 10 1 7
549 530 3 1 4
549 647 9 1 4
550 649 1 2 4
550 800 2 2 4
551 4 10 1 9
551 89 8 7 107290
552 640 5 2 9
553 36 10 1 4
553 102 9 1 9
554 137 4 2 9
555 52 5 4 128
555 418 5 3 87
556 409 2 7 12586
557 15 10 4 514
557 400 1 4 66
557 557 4 6 5335
560 18 6 1 4
560 32 6 1 9
560 104 2 2 7
560 168 5 2 9
560 354 5 4 531
561 10 5 1 4
561 521 10 4 491
561 786 6 3 38
562 977 4 1 4
563 20 1 3 7
563 410 7 4 548
564 656 3 1 4
564 659 4 2 19
565 105 4 1 4
566 4 2 2 4
566 44 8 4 191
567 793 6 1 4
569 385 9 1 4
572 36 3 1 4
572 64 4 1 7
572 257 10 1 4
573 797 6 1 4
574 696 8 4 209
576 4 6 4 405
576 48 1 5 377
576 76 8 1 10
576 193 10 2 35
576 325 9 1 4
576 371 2 6 9801
576 525 6 1 4
576 547 2 2 4
576 607 7 5 1912
577 292 1 2 4
577 401 9 1 4
577 577 2 2 7
577 661 6 1 4
578 96 10 3 118
578 120 2 2 4
578 136 10 4 258
578 554 5 4 256
578 575 6 2 22
579 136 7 1 6
579 621 3 1 4
580 507 7 1 4
580 528 5 5 1053
583 129 9 1 4
584 833 3 2 7
585 64 2 2 4
586 64 5 3 28
586 530 2 2 4
586 658 9 1 4
590 276 2 3 12
590 300 5 10 716953010
590 520 10 1 7
592 2 4 4 134
592 322 7 3 47
592 528 3 1 4
592 566 4 6 10090
592 585 4 2 14
593 429 9 1 4
595 58 3 2 9
595 557 7 2 29
596 33 2 2 4
597 387 8 1 6
599 92 5 3 38
600 68 5 1 4
600 573 10 6 24395
600 575 3 2 7
601 335 10 3 83
601 431 7 1 10
602 480 6 2 26
604 913 6 2 12
604 1006 8 1 12
606 281 7 1 7
606 807 7 1 4
607 288 8 2 21
608 185 5 2 12
608 522 7 2 22
608 648 4 1 4
610 24 2 2 4
611 125 8 1 4
612 534 9 1 4
613 840 10 1 4
614 265 6 1 4
616 81 9 5 2097
616 450 2 2 4
616 806 3 1 4
617 374 1 2 4
618 70 2 2 7
618 1004 4 2 9
619 76 4 1 7
619 140 7 1 4
623 1000 3 6 4630
625 5 6 4 321
625 261 7 1 4
625 530 8 1 4
626 104 1 2 4
626 114 5 3 58
626 528 5 3 66
627 3 3 3 31
627 418 9 4 399
627 769 6 2 27
629 446 8 4 221
631 24 1 5 265
632 18 8 4 211
633 812 9 4 653
635 546 5 1 4
638 161 9 2 16
640 16 10 2 42
640 181 5 1 6
640 246 9 1 4
640 369 1 2 4
640 732 7 1 4
640 952 2 5 362
642 512 5 1 7
642 562 3 1 4
642 724 2 3 29
643 73 3 2 6
644 660 1 3 17
644 756 5 1 4
644 769 6 5 1395
645 25 2 2 4
645 963 2 2 4
646 388 6 1 4
648 98 4 1 4
648 210 8 1 7
648 512 8 1 9
648 694 9 1 4
648 769 4 1 4
650 108 1 3 12
650 216 3 3 19
650 953 10 1 9
651 290 10 1 4
652 257 9 3 197
652 594 6 1 7
654 565 10 1 11
655 761 4 5 455
656 3 10 1 13
656 259 1 3 6
657 79 4 2 16
658 10 7 1 7
658 26 1 2 4
660 36 6 2 22
660 52 7 3 60
660 85 4 2 11
662 374 2 4 89
664 16 5 8 421066
664 781 4 1 4
665 3 2 4 210
665 260 9 3 190
667 587 2 2 4
668 163 8 5 4642
668 464 4 5 1099
668 749 8 1 4
670 515 1 2 4
672 64 6 3 52
672 129 5 2 19
672 608 4 6 4646
673 104 2 6 5593
673 656 10 1 4
674 259 2 2 4
674 401 7 2 20
674 672 2 4 179
675 257 10 1 7
677 121 5 1 3
677 641 9 1 4
678 237 10 6 9575
680 105 7 1 5
680 540 9 1 4
681 6 2 2 7
681 33 3 1 4
682 156 8 2 30
686 426 10 3 136
688 385 6 3 46
689 80 6 3 56
690 110 7 2 19
693 522 7 1 4
694 976 1 4 26
695 517 5 2 9
695 585 4 1 7
697 710 3 3 25
700 18 8 1 4
700 229 4 6 12117
701 34 3 1 4
704 34 1 5 146
704 292 1 3 7
704 514 2 2 4
704 673 3 1 5
705 596 5 2 22
705 854 6 7 126935
706 17 5 1 4
706 161 10 1 4
708 108 2 2 4
709 325 1 3 6
709 354 2 2 4
710 2 5 1 4
712 141 1 5 150
712 283 10 2 31
713 837 1 4 24
716 98 3 1 4
716 339 9 4 432
719 512 2 2 7
720 7 6 2 22
721 0 1 3 7
721 104 7 3 152
722 82 7 5 2678
722 146 2 4 200
722 258 1 4 25
722 393 4 6 3049
722 398 2 3 23
723 142 6 2 12
724 20 7 1 4
726 322 5 6 5995
727 200 5 1 4
728 227 9 3 91
728 712 4 1 4
729 578 8 1 4
730 332 7 3 130
732 834 2 2 4
736 24 4 1 4
737 64 5 4 225
737 288 3 1 4
738 970 5 5 1022
740 235 5 1 6
740 778 3 1 4
741 45 2 10 102389962
741 260 4 3 28
744 124 6 3 81
744 762 9 1 4
751 506 6 1 7
752 786 9 1 4
759 130 7 1 4
760 40 2 2 4
760 220 6 3 76
763 668 8 1 12
765 513 8 4 892
768 68 8 1 9
768 608 1 3 18
768 666 7 3 56
768 736 5 1 4
769 350 4 3 81
769 640 2 3 25
770 211 2 2 4
770 256 2 2 4
771 800 9 6 11003
772 32 8 1 4
772 130 4 2 11
773 1 9 1 7
774 8 2 2 4
774 936 2 5 260
775 921 1 2 4
776 155 6 7 200114
777 84 3 4 76
777 539 8 1 4
777 554 6 1 10
777 608 10 1 4
777 641 5 5 1265
778 330 1 3 6
778 389 10 1 4
778 707 4 1 4
780 14 9 1 12
780 16 3 2 7
780 552 9 1 4
780 707 2 2 6
781 496 6 4 372
782 226 5 3 42
782 405 5 1 7
784 1 2 3 13
784 514 5 5 884
784 569 1 3 10
784 604 2 2 9
784 634 1 2 4
784 841 1 3 7
785 257 6 2 11
786 142 10 1 11
786 576 3 1 4
788 25 10 1 4
792 16 1 2 4
792 274 6 1 5
792 594 5 1 7
793 498 4 1 4
795 422 5 3 28
795 661 3 1 4
798 776 9 1 7
800 9 1 5 118
800 45 9 1 4
800 73 1 4 90
800 97 5 3 37
800 133 1 2 4
800 824 7 3 82
801 312 8 5 1333
802 660 2 3 12
803 512 7 1 4
804 0 5 2 9
804 433 2 4 169
806 232 3 7 87125
806 326 8 1 11
806 480 10 1 9
808 526 10 1 7
808 777 2 3 19
808 945 8 1 12
810 17 5 1 4
810 394 5 3 27
810 416 10 1 5
812 778 7 1 4
814 161 7 5 935
814 523 4 5 1620
814 905 9 1 4
816 24 10 1 7
817 784 9 1 4
822 211 3 7 69378
824 609 2 2 7
824 978 2 2 4
832 16 6 1 4
832 21 3 1 4
832 43 1 3 22
832 304 2 10 43597749
832 328 3 7 43208
832 427 8 5 2828
832 548 9 1 4
834 32 1 3 7
834 67 2 3 28
834 148 3 2 7
835 392 8 1 4
836 86 7 1 4
836 388 7 10 166467149
836 485 3 1 4
838 785 2 4 169
840 96 7 1 7
840 545 5 1 4
840 800 4 1 4
841 32 6 3 65
841 370 8 1 7
842 132 10 2 31
842 200 1 3 6
845 624 8 1 4
848 90 1 4 78
848 899 6 1 7
849 792 8 1 4
849 1018 5 1 4
852 2 6 6 4988
852 824 3 2 9
854 681 1 2 4
856 866 10 1 6
857 42 8 6 18051
863 516 8 5 1449
864 23 8 7 85885
864 786 1 5 128
868 332 10 4 316
870 6 2 2 5
871 264 4 1 4
872 50 5 4 443
874 360 3 3 26
875 164 9 1 4
878 258 7 1 4
880 611 2 4 107
882 42 5 1 4
882 591 2 4 69
884 802 2 8 93431
885 601 4 4 179
895 603 3 3 19
897 115 9 1 4
898 336 8 6 18867
899 537 6 1 4
900 4 5 1 6
900 162 7 1 4
902 131 6 4 315
902 420 8 1 4
904 552 10 5 6500
904 888 2 6 3453
904 929 3 1 4
905 196 7 1 12
905 540 7 3 75
906 137 1 4 58
906 194 6 1 7
910 614 1 3 7
911 5 4 2 13
911 10 1 4 40
912 2 3 1 4
912 388 2 4 59
914 216 10 1 7
914 669 4 3 69
914 776 1 2 4
914 968 8 2 15
916 777 2 7 52503
917 560 3 1 4
917 912 1 2 4
918 0 2 3 25
921 272 1 9 525976
921 320 9 1 9
922 8 6 2 17
924 33 2 7 20687
924 196 8 2 30
927 190 10 1 4
928 64 10 1 7
928 384 9 1 7
929 10 5 1 4
929 257 5 7 49376
929 316 1 2 4
930 547 3 1 4
930 720 1 4 23
931 230 7 1 4
931 657 1 2 4
932 274 10 3 55
932 783 6 2 19
933 657 7 1 4
938 261 3 4 138
938 316 5 1 4
944 165 1 6 1299
945 456 5 1 4
952 37 1 3 14
954 22 9 1 4
956 846 1 3 19
958 844 7 2 19
960 358 3 1 4
961 291 9 5 1278
961 333 6 1 4
961 481 6 3 35
965 937 5 1 4
966 29 6 1 10
966 192 5 2 24
966 555 9 6 10641
968 51 9 6 8448
968 352 3 1 4
969 769 5 4 156
970 180 1 6 1745
976 321 4 3 33
976 779 6 1 6
977 549 9 1 4
985 268 10 1 7
986 772 6 4 410
996 36 6 1 3
998 127 5 3 29
998 179 4 1 3
1000 260 2 8 269597
1001 286 3 2 9
1013 316 9 3 124
1021 643 9 3 50
