0 674 2 5 514
1 481 7 2 13
2 167 7 4 172
2 260 10 7 49879
3 272 5 1 4
4 24 9 1 4
4 808 4 3 27
6 212 3 2 7
7 110 7 1 4
7 715 8 1 4
8 58 2 3 33
8 850 5 2 16
9 416 4 1 4
9 823 9 1 4
10 75 1 4 24
10 84 9 3 104
10 584 7 1 4
12 55 5 3 31
14 210 5 1 4
15 352 8 1 4
19 657 5 1 4
23 886 8 1 7
24 781 3 5 719
28 72 3 1 4
29 532 2 3 22
32 42 2 6 2761
32 211 10 1 4
34 292 9 1 4
35 266 9 1 4
35 689 2 2 8
36 12 1 2 4
36 858 1 7 6093
40 20 9 1 8
44 430 4 4 280
44 524 5 1 4
47 80 3 3 57
48 646 2 3 24
49 310 8 6 8045
49 313 6 3 47
55 278 2 2 4
56 267 8 1 4
56 544 10 1 4
60 3 2 2 4
64 514 3 2 13
64 686 3 8 124132
64 771 9 3 188
64 780 8 1 4
66 140 10 1 14
68 153 10 8 556233
68 226 8 1 4
72 961 10 3 208
74 548 5 1 4
74 600 4 1 4
75 259 7 3 125
76 262 2 4 54
76 855 9 1 4
78 517 6 1 4
80 51 9 2 27
83 115 6 1 7
95 34 4 2 10
97 48 10 1 3
97 130 7 2 14
97 144 7 2 16
97 167 2 2 4
97 525 2 2 4
98 671 6 4 254
98 928 6 5 755
100 901 9 1 4
101 124 5 1 7
101 169 8 4 182
105 3 10 1 7
109 707 1 3 7
114 416 10 1 4
116 33 2 2 4
122 185 10 3 95
128 208 7 1 4
128 362 6 1 4
128 433 6 1 4
128 453 7 1 4
129 10 10 1 4
129 88 10 1 5
130 675 9 2 39
131 581 1 2 5
132 17 7 4 687
132 516 3 2 11
132 916 9 1 4
133 23 10 1 3
140 724 10 5 3388
141 2 2 2 4
141 954 8 1 4
143 187 8 10 30846623
144 800 1 2 4
145 576 6 1 3
146 146 5 1 4
151 207 8 2 17
153 171 1 2 4
160 144 2 2 4
161 524 3 1 4
161 898 1 3 11
163 601 2 2 8
171 144 8 1 5
176 932 7 1 4
185 5 8 1 7
192 388 8 1 7
192 524 1 2 4
192 898 10 1 4
193 8 9 1 4
193 131 2 2 5
193 422 4 1 4
194 677 9 3 79
202 11 7 1 10
212 34 2 2 4
212 112 3 3 44
218 86 3 1 4
232 65 6 4 350
233 912 1 4 83
244 932 3 6 8698
246 64 9 1 8
250 46 2 4 181
256 5 10 1 3
257 806 3 1 4
258 810 7 3 134
264 1 9 1 7
266 504 2 2 5
268 177 8 5 5120
272 41 10 1 8
272 280 6 3 33
275 116 7 1 3
280 82 9 3 72
289 60 3 7 28045
289 788 10 1 4
290 328 1 2 4
292 162 10 1 4
297 167 4 1 4
298 800 6 1 4
304 292 7 1 4
322 902 10 1 7
323 360 9 2 47
324 106 5 1 4
326 443 1 2 4
328 45 9 2 22
329 836 10 1 4
330 204 10 1 4
338 160 2 3 38
341 576 7 1 4
342 15 9 1 4
344 676 10 1 4
352 794 6 2 25
352 860 2 7 34763
353 138 2 4 113
354 836 5 6 13611
354 969 4 1 4
384 841 3 4 223
385 513 1 3 6
389 596 3 5 1328
392 336 5 2 16
395 4 2 2 7
408 66 10 4 772
409 417 10 1 4
419 62 2 3 27
420 288 8 1 3
434 734 10 3 219
453 661 10 1 4
456 367 3 1 5
460 197 9 5 1712
462 641 4 1 4
464 265 7 1 4
465 531 3 1 4
491 112 3 1 4
496 433 1 2 4
512 36 4 1 4
513 65 1 4 36
513 644 5 1 4
514 401 6 4 325
516 357 4 1 4
517 534 9 2 45
518 66 1 2 3
519 944 10 1 8
520 436 5 7 169485
524 173 3 6 2875
524 520 3 1 4
526 548 7 1 4
526 776 5 1 7
528 144 3 1 4
530 132 6 1 3
530 522 3 2 7
530 696 4 2 14
532 134 4 1 3
532 853 6 1 4
536 10 3 2 8
545 743 10 4 600
546 758 1 6 4500
548 512 1 2 4
550 800 2 2 4
553 933 9 1 4
557 6 3 9 5374506
557 512 10 1 4
557 770 5 2 20
561 521 2 2 4
562 992 3 3 43
563 410 1 2 3
571 100 8 2 15
572 64 10 6 21463
576 525 1 2 4
577 222 7 2 31
592 148 2 4 59
600 562 8 1 5
604 913 3 1 4
608 185 9 1 5
609 210 8 1 4
610 24 5 2 11
611 125 6 3 93
612 534 8 4 256
626 8 10 1 4
626 528 3 2 15
627 418 5 1 5
640 369 3 3 16
642 562 9 5 1638
648 76 8 1 4
652 594 6 2 30
658 226 7 1 4
660 85 2 3 15
664 781 4 1 5
677 641 6 3 53
680 540 7 1 3
684 1008 1 2 4
694 6 5 5 3221
706 161 2 2 4
721 104 4 4 163
722 100 1 2 4
722 104 5 1 4
722 393 6 2 11
722 398 2 2 4
728 227 9 1 4
737 25 2 2 4
751 506 3 8 344407
759 130 8 1 4
760 300 9 1 10
768 68 2 9 4093135
768 226 7 1 7
769 34 1 2 4
771 128 2 2 7
774 936 5 6 5988
777 84 2 3 33
780 193 1 2 5
784 1 7 1 3
793 52 4 2 11
801 312 3 10 23999584
806 134 10 3 148
814 523 7 1 10
833 147 3 4 108
836 485 4 1 4
848 391 6 1 8
906 328 7 1 4
908 456 4 5 489
912 2 4 1 4
914 216 7 4 374
920 200 4 1 4
922 8 10 6 14566
928 518 10 5 1258
945 456 10 1 4
958 844 2 2 5
961 131 4 3 24
961 291 2 2 4
966 192 4 3 34
977 34 7 1 4
996 36 4 2 8
1020 385 7 1 4
