0 89 7 2 14
0 342 7 1 4
1 18 6 3 37
1 503 4 2 18
2 217 4 2 11
3 218 2 3 20
3 430 9 1 4
5 214 7 2 13
8 303 6 1 4
9 129 5 1 5
9 171 6 3 76
10 223 1 2 4
10 416 9 2 34
11 297 9 1 4
11 477 1 2 5
12 499 10 8 987306
13 207 4 1 4
13 280 5 5 2201
13 397 8 1 4
14 265 1 2 5
15 160 8 1 4
16 25 8 1 4
16 232 7 5 1709
16 357 3 2 11
19 33 6 2 28
20 139 8 1 4
21 259 5 7 39066
22 451 2 2 4
23 304 7 2 35
23 418 8 3 137
24 386 2 2 4
24 503 6 1 4
25 126 2 3 22
25 234 7 1 4
25 309 1 2 4
25 320 9 7 60711
25 408 9 1 4
26 142 5 1 4
27 378 7 3 95
28 407 3 1 4
29 40 9 2 17
30 403 9 1 4
32 105 10 3 131
32 177 3 3 22
34 129 5 3 106
34 231 4 2 10
34 317 3 1 4
35 446 4 2 11
35 479 7 1 8
36 162 3 5 741
36 341 1 2 4
36 374 5 1 4
38 277 6 2 14
38 488 8 1 8
39 490 10 1 11
40 103 3 5 709
40 464 4 1 4
40 486 3 3 64
42 45 9 1 4
43 123 1 6 1365
45 98 7 6 17808
45 108 2 2 4
47 99 6 1 8
47 246 9 2 40
47 505 3 1 4
49 66 4 1 4
49 370 3 1 4
50 177 9 3 70
50 474 10 5 2290
51 134 3 2 8
52 78 9 1 4
52 181 10 1 7
52 207 4 2 8
52 277 1 2 4
52 500 7 1 7
54 464 3 6 8108
55 151 6 1 4
56 234 5 7 31550
56 435 7 1 5
58 249 7 7 47902
59 199 10 1 14
59 276 6 2 25
60 384 8 2 16
61 396 6 2 20
62 444 1 4 34
62 489 6 7 46943
64 89 5 1 4
64 91 1 2 4
64 501 7 1 10
65 236 7 1 4
65 267 10 1 4
65 386 10 2 46
67 70 6 1 10
68 132 4 5 784
68 209 10 1 7
68 221 8 2 19
68 290 1 2 4
69 72 5 5 703
70 505 10 3 82
71 228 5 1 4
72 167 9 1 7
74 220 6 1 7
75 392 7 6 9685
76 322 3 3 26
78 308 3 1 4
80 420 2 5 708
82 84 8 1 8
82 464 4 4 227
82 488 4 4 121
83 402 3 1 4
83 407 2 7 27729
84 257 10 7 190142
85 244 8 1 3
86 118 8 4 264
87 133 1 3 19
88 404 6 6 5357
89 305 6 3 76
90 292 1 6 2107
90 402 10 2 53
91 280 1 2 4
92 477 7 3 112
93 161 1 4 47
97 351 2 2 4
98 113 4 5 1001
99 154 8 1 10
99 172 8 1 7
99 402 5 7 63977
100 291 6 4 154
101 165 6 1 4
103 117 2 3 20
103 186 8 5 3920
103 192 10 2 34
103 273 7 6 6614
105 242 5 4 172
105 496 9 1 10
106 198 5 2 14
106 249 6 1 3
107 241 2 1 3
107 277 10 1 4
107 335 8 1 8
108 404 9 3 62
109 143 5 6 8225
109 354 2 2 7
109 367 6 4 483
109 437 7 1 10
111 198 2 3 31
111 273 4 1 7
112 236 3 1 4
112 446 3 3 34
114 205 7 2 17
114 327 4 1 4
115 180 3 3 44
115 193 10 1 14
116 207 5 3 38
117 314 8 1 4
118 285 8 1 4
118 346 6 7 147937
118 390 3 2 8
119 293 10 1 4
119 417 8 1 10
120 475 7 2 13
122 258 9 2 23
122 371 1 2 5
125 154 4 1 4
125 445 8 2 19
125 507 4 1 4
126 251 8 2 17
126 277 10 4 295
127 250 4 2 14
127 311 2 3 13
129 206 4 2 11
129 406 3 1 4
129 480 6 1 7
131 194 3 3 16
132 385 9 1 4
132 434 4 6 16727
132 475 10 3 83
137 160 9 1 4
137 201 5 4 133
138 470 9 5 1481
139 455 8 3 98
140 510 3 2 13
141 390 2 7 22938
141 418 3 1 4
146 288 3 1 4
146 362 10 1 10
146 365 6 1 4
147 402 1 2 4
148 162 10 1 4
148 238 9 5 2939
149 196 3 4 171
149 304 8 3 53
149 458 8 1 10
150 430 3 3 40
151 285 10 1 4
151 307 4 2 17
151 387 4 2 14
151 399 10 1 13
152 167 1 3 14
152 196 10 2 23
152 421 10 1 4
152 433 4 3 74
153 257 10 3 180
153 409 3 4 106
154 507 7 5 1532
155 412 1 4 71
157 385 3 1 4
159 189 1 4 28
159 331 10 1 10
159 451 2 5 291
161 423 1 2 4
162 273 4 5 748
163 181 10 2 31
163 293 6 5 1158
163 333 6 9 8547397
164 241 5 7 77656
165 281 6 2 14
166 170 6 1 4
168 209 4 2 20
169 266 8 1 10
171 319 1 2 4
171 506 4 1 4
172 480 5 1 4
173 266 7 3 71
173 274 9 3 53
174 352 4 1 4
174 501 4 1 7
175 205 4 5 524
176 393 6 1 4
176 462 5 5 845
177 250 1 5 378
178 182 10 1 7
178 486 5 2 13
179 223 8 1 5
179 473 6 1 5
180 197 10 4 935
180 421 8 1 5
180 448 8 1 4
181 436 8 1 4
182 277 5 1 4
183 463 5 1 8
186 237 6 1 5
189 275 6 7 154233
189 474 10 2 47
190 424 2 2 10
191 401 10 1 13
192 437 6 4 599
194 346 10 5 1432
196 439 4 4 301
198 353 6 1 10
200 210 2 2 4
200 342 3 4 91
202 254 3 4 158
202 442 10 1 7
204 245 1 6 3095
204 472 2 2 4
206 410 6 2 22
206 436 6 1 10
208 275 9 3 92
208 506 10 1 4
209 223 9 1 7
209 274 4 1 4
211 386 8 9 25892339
213 443 9 3 50
214 231 10 3 202
215 393 3 6 13263
215 417 9 4 624
219 234 10 1 5
219 478 1 7 13971
219 498 2 2 4
223 435 10 1 7
223 478 4 2 13
223 491 4 1 7
223 508 6 7 40333
227 273 7 1 4
227 397 8 3 133
228 299 6 1 4
229 452 8 1 11
231 349 4 8 1173668
232 248 2 2 4
233 366 3 1 4
235 354 2 6 1912
237 407 4 1 5
238 319 5 1 4
239 323 1 2 4
241 345 2 3 44
242 285 7 2 35
242 312 5 2 13
243 492 4 1 7
246 254 6 1 5
246 500 5 2 11
248 431 8 1 4
250 395 3 1 4
250 441 4 1 4
252 502 6 1 4
253 296 5 1 4
253 500 4 1 4
255 392 3 1 4
256 476 9 2 20
258 478 5 3 37
262 299 3 1 4
262 414 2 2 5
262 487 2 5 1081
265 281 8 3 112
267 463 5 2 11
267 475 1 3 14
269 336 2 3 13
270 395 5 7 108696
271 489 4 4 229
272 320 9 1 4
272 404 1 10 261695212
275 280 2 6 2546
275 323 10 1 4
276 335 10 3 68
279 392 4 2 16
280 385 7 6 13293
281 345 9 3 148
284 333 2 2 4
288 505 6 4 294
289 366 3 3 29
290 427 8 1 4
291 454 10 1 14
294 451 9 1 13
297 441 4 3 35
298 501 10 1 8
299 382 10 2 32
303 305 4 6 10028
303 400 2 4 62
304 474 8 4 187
305 411 10 1 5
305 416 9 5 1727
307 394 8 1 4
308 450 4 2 10
309 400 2 5 893
312 409 6 7 108665
312 466 6 1 4
313 451 4 5 509
313 463 8 1 11
314 418 3 1 4
314 499 10 2 26
315 435 7 2 19
317 318 8 2 28
318 481 6 1 4
321 365 4 1 4
325 422 10 5 2030
326 446 9 1 10
336 444 3 1 4
337 451 8 1 7
338 341 3 1 5
338 461 3 6 3907
339 342 5 1 7
339 475 4 5 1081
341 435 3 5 1211
341 469 6 1 10
349 431 2 2 7
350 452 3 9 1291192
351 497 3 3 53
352 373 9 5 2154
353 371 1 3 10
354 363 2 2 4
355 428 1 5 120
355 464 3 4 157
357 467 5 1 4
358 420 10 2 40
358 432 5 3 91
358 447 7 1 11
361 510 1 4 26
362 493 3 4 152
367 499 9 1 8
368 438 8 2 28
368 482 2 3 22
371 421 5 4 229
372 477 5 2 10
373 436 6 5 839
380 462 7 4 395
380 470 7 4 569
381 501 8 3 43
383 504 9 4 279
384 450 2 2 7
385 425 9 1 4
385 498 9 5 2952
386 394 7 3 98
386 468 9 4 906
386 482 1 4 23
388 472 6 7 59903
389 500 3 7 115190
391 404 7 1 4
391 429 8 2 19
391 511 10 1 4
393 488 10 1 16
394 399 7 1 7
396 468 2 2 4
398 484 7 1 4
399 410 2 2 4
400 407 3 2 7
402 433 6 1 7
404 443 3 3 16
405 474 10 3 121
406 407 4 2 14
408 439 10 2 22
410 473 7 4 471
412 455 2 4 127
414 416 1 3 8
417 503 5 3 35
425 450 5 1 8
429 432 5 2 22
432 455 1 2 4
444 468 4 3 50
447 485 9 2 16
448 494 6 3 95
449 452 3 2 7
450 475 9 1 4
453 471 2 3 13
453 479 8 1 4
458 490 5 1 4
461 503 9 2 25
463 468 4 4 302
466 481 8 2 16
466 501 10 1 7
485 501 6 3 125
501 504 7 5 2029
507 509 6 6 18157
