0 0 0
0 9 5.0
0 131 19.0
0 141 4.0
0 150 2.0
0 274 3.0
0 646 5.0
0 902 2.0
1 1 0
1 135 30.0
1 705 10.0
1 854 38.0
2 2 0
3 3 0
3 652 6.0
4 4 0
4 33 717.0
4 50 26.0
4 528 30.0
4 808 4.0
5 5 0
6 6 0
6 148 8.0
6 267 3.0
6 1002 2.0
7 7 0
8 8 0
8 735 10.0
9 9 0
10 10 0
10 41 5.0
10 208 3.0
10 276 7.0
10 518 2.0
10 584 2.0
11 11 0
12 12 0
12 116 11.0
12 269 2.0
12 366 3.0
13 13 0
13 192 15.0
14 14 0
15 15 0
16 16 0
17 17 0
17 48 8.0
18 18 0
18 51 3.0
18 70 8.0
18 516 5.0
18 548 39.0
18 608 11.0
18 645 32.0
18 963 35.0
19 7 5.0
19 19 0
20 20 0
20 786 3.0
21 21 0
21 34 15.0
21 258 9.0
21 308 2.0
21 640 7.0
21 663 35.0
22 22 0
23 23 0
24 24 0
25 25 0
26 26 0
26 109 2.0
27 27 0
27 547 2.0
27 549 6.0
28 28 0
29 29 0
29 327 14.0
30 30 0
31 31 0
32 32 0
32 721 10.0
33 33 0
34 34 0
34 663 20.0
35 35 0
36 36 0
37 37 0
38 38 0
39 39 0
40 40 0
40 756 9.0
41 41 0
41 276 2.0
42 42 0
42 778 186.0
43 43 0
43 546 18.0
43 612 20.0
44 44 0
45 23 13.0
45 45 0
46 46 0
47 47 0
48 48 0
49 49 0
50 33 691.0
50 50 0
50 528 4.0
51 51 0
51 70 5.0
51 516 2.0
51 608 8.0
52 52 0
53 53 0
53 146 2.0
54 54 0
55 55 0
56 56 0
57 57 0
58 58 0
59 59 0
60 60 0
61 61 0
61 76 16.0
61 648 11.0
61 855 19.0
62 62 0
63 63 0
64 64 0
64 426 16.0
64 686 6.0
65 65 0
66 66 0
67 67 0
68 68 0
69 11 10.0
69 32 9.0
69 69 0
69 326 5.0
69 443 7.0
69 721 19.0
69 768 2.0
70 70 0
70 608 3.0
71 71 0
72 72 0
73 73 0
74 74 0
75 75 0
76 76 0
76 855 3.0
77 77 0
78 78 0
78 549 8.0
78 784 4.0
79 79 0
80 17 6.0
80 48 14.0
80 80 0
80 132 2.0
80 372 15.0
81 81 0
82 82 0
83 83 0
84 84 0
84 490 24.0
85 65 42.0
85 85 0
86 86 0
87 87 0
88 88 0
89 89 0
90 90 0
91 91 0
91 652 36.0
92 92 0
93 93 0
94 94 0
95 95 0
96 96 0
97 97 0
97 144 15.0
98 98 0
99 99 0
100 100 0
101 101 0
101 599 2.0
102 102 0
103 103 0
104 48 2.0
104 104 0
105 105 0
106 106 0
107 107 0
108 108 0
109 109 0
110 110 0
111 111 0
112 112 0
113 113 0
114 114 0
115 115 0
116 116 0
117 117 0
118 118 0
119 119 0
119 836 2.0
120 120 0
121 121 0
122 122 0
123 123 0
124 124 0
125 125 0
126 126 0
127 127 0
128 128 0
128 315 7.0
128 320 2.0
128 720 4.0
129 129 0
129 163 27.0
129 227 55.0
130 130 0
130 368 2.0
130 532 13.0
130 738 4.0
131 131 0
132 17 4.0
132 48 12.0
132 132 0
132 372 13.0
133 133 0
134 134 0
135 135 0
136 64 9.0
136 136 0
136 426 25.0
136 482 2.0
136 686 15.0
137 137 0
137 148 4.0
137 778 2.0
138 138 0
139 87 2.0
139 139 0
139 426 14.0
139 865 11.0
140 140 0
140 143 2.0
140 776 11.0
141 141 0
142 142 0
143 143 0
144 144 0
145 145 0
146 146 0
147 147 0
147 513 18.0
147 644 20.0
148 148 0
149 149 0
149 633 2.0
150 141 2.0
150 150 0
151 17 8.0
151 48 16.0
151 132 4.0
151 151 0
151 372 17.0
152 152 0
153 33 703.0
153 153 0
153 528 16.0
153 592 3.0
154 154 0
155 155 0
156 133 3.0
156 156 0
157 157 0
158 158 0
159 159 0
159 526 19.0
160 34 11.0
160 160 0
160 663 31.0
161 48 4.0
161 145 20.0
161 161 0
161 172 4.0
161 325 7.0
161 524 13.0
161 576 2.0
161 699 38.0
161 898 6.0
162 162 0
163 163 0
163 227 28.0
164 164 0
164 646 2.0
165 165 0
166 166 0
166 426 19.0
166 686 9.0
167 167 0
167 456 2.0
168 168 0
169 169 0
170 170 0
171 144 8.0
171 171 0
172 172 0
173 173 0
174 174 0
175 175 0
176 137 5.0
176 148 9.0
176 176 0
176 778 7.0
177 177 0
178 178 0
179 179 0
180 152 6.0
180 180 0
181 181 0
182 182 0
182 672 3.0
183 183 0
184 184 0
185 185 0
186 186 0
187 187 0
188 188 0
189 189 0
190 190 0
191 191 0
192 192 0
193 193 0
193 422 8.0
194 194 0
194 677 2.0
195 195 0
196 196 0
197 197 0
198 198 0
198 812 4.0
199 199 0
200 146 2.0
200 200 0
201 201 0
202 202 0
203 203 0
204 204 0
205 205 0
206 206 0
207 207 0
208 208 0
209 209 0
210 210 0
211 211 0
212 212 0
213 213 0
214 214 0
215 215 0
216 216 0
217 217 0
217 923 3.0
218 218 0
219 219 0
220 220 0
221 221 0
222 222 0
222 532 4.0
223 223 0
224 224 0
225 225 0
226 226 0
227 227 0
228 228 0
229 229 0
230 230 0
231 231 0
232 232 0
233 233 0
234 234 0
235 235 0
236 236 0
237 237 0
238 238 0
239 32 24.0
239 48 21.0
239 104 19.0
239 239 0
239 560 17.0
239 721 34.0
240 240 0
241 241 0
242 242 0
243 243 0
244 244 0
245 245 0
246 246 0
247 247 0
248 248 0
249 249 0
250 250 0
251 251 0
252 252 0
253 253 0
254 254 0
255 255 0
256 97 2.0
256 144 17.0
256 256 0
256 904 4.0
257 257 0
257 272 2.0
257 544 57.0
258 34 6.0
258 258 0
258 663 26.0
259 259 0
260 260 0
261 261 0
262 262 0
263 263 0
264 4 99109.0
264 33 99826.0
264 50 99135.0
264 264 0
264 528 99139.0
264 568 24.0
264 808 99113.0
265 265 0
266 11 10.0
266 32 9.0
266 266 0
266 326 5.0
266 443 7.0
266 721 19.0
267 267 0
268 177 4.0
268 268 0
269 269 0
270 270 0
271 271 0
272 272 0
273 273 0
274 274 0
275 275 0
276 276 0
277 277 0
278 278 0
279 279 0
280 82 7.0
280 280 0
281 281 0
282 282 0
283 283 0
284 284 0
285 285 0
286 286 0
287 287 0
288 288 0
289 76 7.0
289 289 0
289 648 2.0
289 753 2.0
289 855 10.0
290 290 0
291 291 0
292 162 19.0
292 292 0
292 429 9.0
292 593 7.0
293 293 0
294 294 0
295 295 0
296 57 15.0
296 131 2.0
296 296 0
297 297 0
298 298 0
299 299 0
300 300 0
301 301 0
302 302 0
303 303 0
304 304 0
305 48 4.0
305 145 20.0
305 172 4.0
305 305 0
305 325 7.0
305 576 2.0
306 306 0
307 307 0
308 34 13.0
308 258 7.0
308 308 0
308 640 5.0
308 663 33.0
309 309 0
310 44 2.0
310 310 0
311 311 0
312 312 0
313 313 0
314 314 0
315 315 0
316 316 0
317 317 0
318 318 0
319 319 0
320 315 5.0
320 320 0
320 720 2.0
321 321 0
321 834 2.0
321 912 9.0
322 322 0
323 323 0
324 324 0
325 145 13.0
325 325 0
326 11 5.0
326 32 4.0
326 326 0
326 443 2.0
326 721 14.0
327 327 0
328 328 0
329 329 0
330 330 0
331 331 0
332 332 0
332 456 12.0
333 333 0
334 334 0
335 335 0
336 336 0
337 337 0
338 338 0
339 42 2.0
339 339 0
339 778 188.0
340 340 0
341 341 0
342 342 0
343 343 0
344 344 0
345 345 0
346 346 0
347 347 0
348 348 0
349 349 0
350 350 0
351 351 0
352 352 0
353 353 0
354 288 2.0
354 354 0
355 355 0
356 356 0
357 357 0
358 358 0
359 359 0
360 360 0
361 361 0
362 362 0
363 162 35.0
363 363 0
364 364 0
365 365 0
366 366 0
367 367 0
368 368 0
368 738 2.0
369 369 0
370 370 0
371 371 0
372 372 0
373 373 0
374 374 0
375 375 0
376 376 0
377 377 0
378 378 0
379 379 0
380 42 14.0
380 339 12.0
380 380 0
380 778 200.0
381 381 0
381 531 4.0
382 382 0
383 383 0
384 5 15.0
384 6 8.0
384 148 16.0
384 267 11.0
384 384 0
384 457 3.0
384 571 2.0
384 1002 10.0
385 385 0
386 64 11029.0
386 73 2.0
386 386 0
386 426 11045.0
386 686 11035.0
387 387 0
388 388 0
389 389 0
390 390 0
391 391 0
391 461 4.0
392 392 0
393 393 0
394 394 0
395 395 0
396 396 0
396 915 6.0
397 397 0
398 398 0
399 399 0
400 400 0
401 401 0
402 402 0
402 769 2.0
403 403 0
404 404 0
405 405 0
406 406 0
406 677 81.0
407 407 0
408 408 0
409 409 0
410 410 0
411 411 0
412 412 0
413 34 17.0
413 258 11.0
413 413 0
413 640 9.0
413 663 37.0
414 414 0
415 415 0
416 16 42.0
416 416 0
416 832 40.0
417 417 0
418 418 0
419 419 0
420 420 0
421 421 0
422 422 0
423 5 17.0
423 6 10.0
423 148 18.0
423 267 13.0
423 384 2.0
423 423 0
423 457 5.0
423 571 4.0
423 1002 12.0
424 424 0
425 425 0
426 426 0
427 427 0
428 194 13.0
428 428 0
428 677 15.0
428 880 19.0
429 429 0
430 430 0
431 431 0
432 432 0
433 433 0
434 434 0
435 435 0
436 436 0
437 2 144.0
437 437 0
438 438 0
439 439 0
440 440 0
441 441 0
442 146 10.0
442 442 0
443 443 0
444 444 0
444 769 11.0
445 445 0
446 446 0
447 447 0
448 448 0
448 513 7.0
448 644 9.0
449 449 0
450 450 0
451 451 0
452 52 21.0
452 420 44.0
452 452 0
452 512 18.0
452 685 33.0
453 453 0
454 2 255.0
454 405 4.0
454 437 111.0
454 454 0
454 782 2.0
455 455 0
456 456 0
457 457 0
458 101 2.0
458 458 0
458 599 4.0
459 459 0
460 460 0
461 461 0
462 462 0
463 463 0
464 464 0
465 465 0
466 466 0
467 300 3.0
467 467 0
468 468 0
469 469 0
470 470 0
471 471 0
472 472 0
473 6 2.0
473 148 10.0
473 267 5.0
473 473 0
473 573 2872.0
473 600 15.0
473 1002 4.0
474 474 0
475 475 0
476 476 0
477 477 0
478 478 0
479 479 0
480 480 0
481 481 0
482 64 7.0
482 426 23.0
482 482 0
482 686 13.0
483 483 0
483 555 4.0
484 484 0
485 134 2.0
485 485 0
486 486 0
487 487 0
488 488 0
489 64 43.0
489 426 59.0
489 489 0
489 686 49.0
490 490 0
491 491 0
492 492 0
493 493 0
494 494 0
495 495 0
496 433 2.0
496 496 0
497 497 0
498 498 0
499 499 0
500 500 0
501 501 0
502 502 0
503 503 0
504 504 0
505 332 5.0
505 456 17.0
505 505 0
506 506 0
507 507 0
508 508 0
509 509 0
510 510 0
511 511 0
512 52 3.0
512 420 26.0
512 512 0
512 685 15.0
513 513 0
513 644 2.0
514 514 0
515 515 0
516 516 0
517 17 10.0
517 48 18.0
517 132 6.0
517 372 19.0
517 517 0
518 41 3.0
518 276 5.0
518 518 0
519 165 11.0
519 519 0
519 944 9.0
520 520 0
521 521 0
522 1 4.0
522 135 34.0
522 522 0
522 705 14.0
522 854 42.0
523 523 0
524 524 0
525 525 0
526 526 0
527 527 0
528 33 687.0
528 528 0
529 529 0
530 17 6.0
530 48 14.0
530 86 448.0
530 132 2.0
530 372 15.0
530 530 0
531 531 0
532 532 0
533 533 0
534 534 0
535 535 0
536 536 0
537 138 13.0
537 257 6.0
537 272 8.0
537 537 0
537 544 63.0
538 538 0
539 539 0
540 540 0
541 541 0
542 542 0
543 543 0
544 544 0
545 545 0
545 743 8.0
546 546 0
546 612 2.0
547 547 0
548 548 0
549 549 0
550 550 0
551 551 0
552 34 13.0
552 258 7.0
552 274 15.0
552 552 0
552 640 5.0
552 663 33.0
552 932 6.0
553 553 0
554 554 0
555 555 0
556 556 0
557 557 0
558 558 0
559 559 0
560 32 7.0
560 48 4.0
560 104 2.0
560 560 0
560 721 17.0
561 10 18.0
561 41 23.0
561 208 21.0
561 276 25.0
561 518 20.0
561 561 0
561 584 20.0
562 562 0
563 563 0
564 564 0
565 565 0
566 566 0
567 567 0
568 568 0
569 1 6.0
569 135 36.0
569 522 2.0
569 569 0
569 705 16.0
569 854 44.0
570 570 0
571 457 25.0
571 571 0
572 572 0
573 573 0
574 574 0
575 575 0
576 48 2.0
576 145 18.0
576 172 2.0
576 325 5.0
576 576 0
577 72 2.0
577 236 11.0
577 577 0
578 64 12.0
578 136 3.0
578 426 28.0
578 482 5.0
578 578 0
578 686 18.0
579 17 32.0
579 48 40.0
579 80 26.0
579 132 28.0
579 372 41.0
579 579 0
580 580 0
581 581 0
582 582 0
583 583 0
584 584 0
585 585 0
586 586 0
587 587 0
588 588 0
589 589 0
590 590 0
591 591 0
592 33 700.0
592 528 13.0
592 592 0
593 429 2.0
593 593 0
594 594 0
595 595 0
596 596 0
597 597 0
598 598 0
599 599 0
600 573 2857.0
600 600 0
601 601 0
602 602 0
603 603 0
604 604 0
605 605 0
606 606 0
607 607 0
608 608 0
609 609 0
610 610 0
611 611 0
612 612 0
613 613 0
614 614 0
615 615 0
616 616 0
617 374 3.0
617 617 0
618 618 0
619 619 0
620 620 0
621 621 0
622 622 0
623 623 0
624 624 0
625 261 2.0
625 625 0
626 626 0
627 627 0
627 769 5.0
627 977 2.0
628 628 0
629 629 0
630 630 0
631 24 11.0
631 631 0
632 632 0
633 633 0
634 634 0
635 635 0
636 636 0
637 637 0
638 638 0
639 639 0
640 34 8.0
640 258 2.0
640 640 0
640 663 28.0
641 641 0
642 642 0
643 643 0
644 644 0
645 548 7.0
645 645 0
645 963 3.0
646 646 0
647 647 0
648 76 5.0
648 648 0
648 855 8.0
649 649 0
650 650 0
651 651 0
652 652 0
653 653 0
654 654 0
655 655 0
656 656 0
656 833 2.0
656 999 15.0
657 657 0
658 658 0
659 659 0
660 660 0
661 661 0
662 662 0
663 663 0
664 664 0
665 665 0
666 66 8.0
666 666 0
667 667 0
668 668 0
669 669 0
670 670 0
671 671 0
672 672 0
673 673 0
674 401 2.0
674 674 0
675 470 2.0
675 675 0
676 676 0
677 677 0
678 678 0
679 679 0
680 680 0
681 681 0
682 682 0
683 683 0
684 684 0
685 685 0
686 426 10.0
686 686 0
687 687 0
688 385 2.0
688 688 0
689 689 0
690 690 0
691 691 0
692 692 0
693 693 0
694 694 0
695 695 0
696 696 0
697 697 0
697 710 13.0
698 698 0
699 699 0
700 700 0
701 701 0
702 702 0
703 703 0
704 704 0
705 705 0
705 854 28.0
706 48 6.0
706 145 22.0
706 161 2.0
706 172 6.0
706 325 9.0
706 524 15.0
706 576 4.0
706 699 40.0
706 706 0
706 732 2.0
706 898 8.0
707 707 0
708 708 0
709 709 0
710 710 0
711 7 7.0
711 19 2.0
711 711 0
712 712 0
713 713 0
714 714 0
715 715 0
716 716 0
717 717 0
718 718 0
719 719 0
720 720 0
721 721 0
722 393 12.0
722 722 0
723 142 15.0
723 723 0
724 724 0
725 725 0
726 726 0
727 727 0
728 712 9.0
728 728 0
729 729 0
730 730 0
731 731 0
732 732 0
733 733 0
734 734 0
735 735 0
736 736 0
737 737 0
738 738 0
739 739 0
740 740 0
741 741 0
742 97 2.0
742 144 17.0
742 742 0
743 743 0
744 744 0
745 745 0
746 746 0
747 747 0
748 748 0
749 749 0
750 750 0
751 751 0
752 752 0
753 753 0
754 754 0
755 755 0
756 756 0
757 757 0
758 758 0
759 759 0
760 760 0
761 761 0
762 762 0
763 763 0
764 764 0
765 765 0
766 766 0
767 767 0
768 11 8.0
768 32 7.0
768 326 3.0
768 443 5.0
768 721 17.0
768 768 0
769 769 0
770 770 0
771 771 0
772 772 0
773 773 0
774 774 0
775 775 0
775 921 2.0
776 776 0
777 777 0
778 778 0
779 779 0
780 780 0
781 781 0
782 405 2.0
782 782 0
783 783 0
784 549 4.0
784 784 0
785 785 0
786 786 0
787 199 2.0
787 787 0
788 788 0
789 789 0
790 790 0
791 791 0
792 792 0
793 793 0
794 794 0
795 661 5.0
795 795 0
796 796 0
797 797 0
798 798 0
799 799 0
800 97 2.0
800 144 17.0
800 800 0
801 801 0
802 802 0
803 803 0
804 804 0
805 805 0
806 806 0
807 807 0
808 808 0
809 809 0
810 810 0
811 811 0
812 812 0
813 813 0
814 814 0
815 815 0
816 816 0
817 549 16.0
817 784 12.0
817 817 0
818 818 0
819 819 0
820 820 0
821 821 0
822 822 0
823 823 0
824 824 0
825 825 0
826 826 0
827 827 0
828 828 0
829 829 0
830 830 0
831 831 0
832 16 2.0
832 832 0
833 833 0
833 999 13.0
834 834 0
834 912 7.0
835 835 0
836 836 0
837 837 0
838 785 220.0
838 838 0
839 839 0
840 545 4.0
840 743 12.0
840 840 0
841 841 0
842 146 5.0
842 200 3.0
842 842 0
843 843 0
844 844 0
845 845 0
846 846 0
847 847 0
848 138 22.0
848 188 2.0
848 257 15.0
848 272 17.0
848 537 9.0
848 544 72.0
848 736 18.0
848 848 0
848 899 7.0
849 849 0
850 850 0
851 851 0
852 852 0
853 853 0
854 854 0
855 855 0
856 856 0
856 866 4.0
857 857 0
858 858 0
859 859 0
860 860 0
861 861 0
862 862 0
863 863 0
864 786 2.0
864 864 0
865 865 0
866 866 0
867 867 0
868 868 0
869 869 0
870 870 0
871 871 0
872 872 0
873 873 0
874 874 0
875 875 0
876 876 0
877 877 0
878 878 0
879 879 0
880 880 0
881 881 0
882 882 0
883 883 0
884 884 0
885 885 0
886 886 0
887 887 0
888 888 0
889 889 0
890 890 0
891 891 0
892 892 0
893 893 0
894 894 0
895 895 0
896 896 0
897 897 0
898 699 32.0
898 898 0
899 138 15.0
899 257 8.0
899 272 10.0
899 537 2.0
899 544 65.0
899 736 11.0
899 899 0
900 900 0
901 901 0
902 131 17.0
902 902 0
903 903 0
904 904 0
905 905 0
906 210 13.0
906 906 0
907 276 3.0
907 907 0
908 908 0
909 909 0
910 910 0
911 911 0
912 912 0
913 913 0
914 216 6.0
914 914 0
915 915 0
916 916 0
917 917 0
918 918 0
919 919 0
920 920 0
921 921 0
922 922 0
923 923 0
924 196 9.0
924 924 0
925 925 0
926 926 0
927 927 0
928 928 0
929 929 0
930 930 0
931 931 0
932 274 9.0
932 932 0
933 933 0
934 934 0
935 935 0
936 936 0
937 937 0
938 34 17.0
938 258 11.0
938 274 19.0
938 316 2.0
938 552 4.0
938 640 9.0
938 663 37.0
938 932 10.0
938 938 0
939 939 0
940 940 0
941 941 0
942 942 0
943 943 0
944 165 2.0
944 944 0
945 945 0
946 946 0
947 947 0
948 948 0
949 949 0
950 950 0
951 951 0
952 952 0
953 953 0
954 954 0
955 955 0
956 956 0
957 957 0
958 844 40.0
958 958 0
959 959 0
960 358 2.0
960 960 0
961 131 68.0
961 961 0
962 962 0
963 963 0
964 964 0
965 965 0
966 966 0
967 967 0
968 968 0
969 969 0
970 970 0
971 971 0
972 972 0
973 973 0
974 974 0
975 975 0
976 321 8.0
976 834 10.0
976 912 17.0
976 976 0
977 977 0
978 978 0
979 979 0
980 980 0
981 981 0
982 982 0
983 983 0
984 984 0
985 985 0
986 986 0
987 987 0
988 988 0
989 989 0
990 990 0
991 991 0
992 992 0
993 993 0
994 994 0
995 995 0
996 996 0
997 997 0
998 179 19.0
998 998 0
999 999 0
1000 1000 0
1001 1001 0
1002 1002 0