0 0 0
0 321 12.0
0 834 23.0
0 902 5.0
1 1 0
1 82 7.0
1 416 16.0
1 481 11.0
1 531 28.0
2 0 2.0
2 2 0
2 321 14.0
2 834 25.0
2 902 7.0
3 3 0
4 4 0
5 5 0
6 1 14.0
6 6 0
6 82 21.0
6 416 30.0
6 481 25.0
6 512 2.0
6 522 4.0
6 531 42.0
6 798 11.0
7 7 0
7 81 17.0
8 0 24.0
8 2 22.0
8 8 0
8 321 36.0
8 393 19.0
8 461 24.0
8 834 47.0
8 902 29.0
9 9 0
9 416 7.0
9 531 19.0
9 572 17.0
10 10 0
10 75 10.0
10 518 3.0
11 11 0
12 12 0
12 24 3.0
12 496 7.0
12 781 5.0
13 13 0
14 14 0
15 15 0
16 16 0
17 17 0
18 18 0
19 19 0
20 20 0
21 21 0
22 22 0
23 23 0
24 24 0
24 496 4.0
24 781 2.0
25 25 0
25 592 3.0
26 26 0
27 27 0
28 28 0
29 29 0
30 30 0
31 31 0
32 32 0
33 33 0
33 336 82970.0
33 898 31.0
34 34 0
35 35 0
36 36 0
36 448 15.0
37 37 0
37 68 86.0
37 144 83.0
37 400 48.0
37 421 45.0
37 640 6.0
37 800 87.0
38 38 0
38 160 2269.0
38 544 2267.0
39 39 0
40 40 0
40 256 7.0
40 312 12.0
40 605 21.0
40 616 11.0
40 980 2.0
41 41 0
41 276 3.0
41 538 8.0
42 42 0
42 98 66.0
42 140 2.0
42 143 30.0
42 168 21.0
42 187 32.0
42 411 3.0
43 43 0
44 44 0
45 45 0
45 50 7.0
45 113 11.0
46 46 0
47 47 0
48 48 0
48 176 13.0
48 392 21.0
48 824 15.0
49 49 0
50 50 0
50 113 4.0
51 51 0
51 377 6.0
52 46 35.0
52 52 0
53 53 0
53 146 2.0
54 54 0
55 55 0
55 278 2.0
56 56 0
57 33 2.0
57 57 0
57 336 82972.0
57 898 33.0
58 58 0
59 59 0
60 5 4.0
60 60 0
61 61 0
62 62 0
63 63 0
64 64 0
64 756 11.0
65 25 2.0
65 65 0
65 592 5.0
66 66 0
67 67 0
68 68 0
69 69 0
69 138 3.0
69 902 5.0
70 70 0
71 71 0
72 72 0
73 73 0
74 74 0
75 75 0
76 76 0
76 586 4.0
77 77 0
77 450 11.0
78 78 0
79 79 0
80 0 2.0
80 1 19.0
80 6 5.0
80 80 0
80 82 26.0
80 132 3.0
80 321 14.0
80 416 35.0
80 481 30.0
80 512 7.0
80 522 9.0
80 531 47.0
80 798 16.0
80 834 25.0
80 902 7.0
81 81 0
82 82 0
83 83 0
83 304 2.0
84 84 0
85 85 0
86 86 0
87 87 0
88 88 0
89 89 0
90 90 0
91 91 0
92 92 0
93 93 0
93 134 5.0
94 94 0
95 20 2.0
95 95 0
96 96 0
97 97 0
98 98 0
99 99 0
100 100 0
101 101 0
102 102 0
102 264 3.0
103 103 0
104 28 15905.0
104 104 0
105 105 0
106 106 0
107 107 0
108 108 0
109 109 0
110 110 0
111 111 0
112 1 114.0
112 82 121.0
112 112 0
112 416 130.0
112 481 125.0
112 531 142.0
112 776 15.0
113 113 0
114 114 0
115 115 0
116 116 0
117 117 0
118 118 0
119 119 0
120 0 2.0
120 120 0
120 321 14.0
120 834 25.0
120 902 7.0
121 121 0
122 122 0
123 123 0
123 600 3.0
124 124 0
125 125 0
126 126 0
127 127 0
128 128 0
128 628 2.0
129 10 2.0
129 75 12.0
129 129 0
129 518 5.0
129 707 12.0
130 130 0
130 368 2.0
131 131 0
132 1 16.0
132 6 2.0
132 82 23.0
132 132 0
132 416 32.0
132 481 27.0
132 512 4.0
132 522 6.0
132 531 44.0
132 798 13.0
133 133 0
133 614 5.0
134 134 0
135 135 0
136 136 0
136 684 2.0
137 137 0
137 325 9.0
138 138 0
138 902 2.0
139 139 0
140 98 64.0
140 140 0
140 143 28.0
140 168 19.0
140 187 30.0
141 0 8.0
141 2 6.0
141 141 0
141 321 20.0
141 834 31.0
141 902 13.0
142 142 0
143 143 0
143 187 2.0
144 68 3.0
144 144 0
144 800 4.0
145 1 2.0
145 82 9.0
145 145 0
145 416 18.0
145 481 13.0
145 531 30.0
146 146 0
147 147 0
148 139 2.0
148 148 0
149 149 0
150 150 0
151 151 0
152 152 0
153 26 15.0
153 153 0
154 154 0
155 155 0
156 156 0
156 229 5.0
156 521 3.0
156 560 5.0
157 157 0
158 158 0
159 159 0
160 160 0
161 161 0
161 376 8.0
161 717 2.0
162 162 0
163 163 0
164 87 4128.0
164 164 0
164 646 16.0
165 165 0
166 166 0
167 167 0
168 98 45.0
168 168 0
169 169 0
170 170 0
171 171 0
172 172 0
172 664 3.0
173 173 0
174 174 0
175 175 0
176 176 0
176 392 8.0
176 824 2.0
177 177 0
178 178 0
179 179 0
179 429 3.0
180 180 0
180 600 2.0
181 181 0
182 182 0
183 183 0
184 161 5.0
184 184 0
184 376 13.0
184 717 7.0
185 185 0
186 186 0
187 187 0
188 188 0
189 189 0
190 190 0
191 191 0
192 192 0
193 193 0
194 194 0
195 195 0
196 196 0
197 197 0
197 297 2.0
197 389 15.0
197 742 4.0
197 769 3.0
198 198 0
199 199 0
200 146 5.0
200 200 0
201 98 5.0
201 140 2.0
201 143 30.0
201 168 21.0
201 187 32.0
201 201 0
202 11 6.0
202 202 0
203 203 0
204 204 0
205 205 0
206 206 0
207 207 0
208 208 0
209 55 7.0
209 209 0
209 278 9.0
210 210 0
211 211 0
212 212 0
213 213 0
214 214 0
215 215 0
216 216 0
216 792 8.0
217 217 0
218 218 0
219 219 0
219 389 2.0
220 220 0
221 221 0
222 222 0
223 223 0
224 224 0
225 225 0
225 316 2.0
226 226 0
227 227 0
227 592 4.0
228 228 0
229 229 0
230 230 0
231 231 0
232 130 23.0
232 232 0
232 368 25.0
233 233 0
234 234 0
235 235 0
236 236 0
237 237 0
238 238 0
239 239 0
240 240 0
241 241 0
242 242 0
243 243 0
244 244 0
245 245 0
246 246 0
247 247 0
248 1 25.0
248 82 32.0
248 248 0
248 416 41.0
248 481 36.0
248 512 13.0
248 522 15.0
248 531 53.0
248 557 2.0
249 249 0
250 250 0
251 251 0
252 252 0
253 253 0
254 254 0
255 255 0
256 256 0
256 312 5.0
256 616 4.0
257 257 0
258 34 2.0
258 258 0
259 165 1862.0
259 259 0
259 268 2.0
260 260 0
261 261 0
262 262 0
263 263 0
264 264 0
265 265 0
265 632 2.0
266 56 11.0
266 266 0
267 267 0
268 268 0
269 269 0
270 270 0
271 271 0
272 272 0
273 273 0
273 903 8.0
274 274 0
275 1 723.0
275 82 730.0
275 275 0
275 416 739.0
275 481 734.0
275 512 711.0
275 522 713.0
275 531 751.0
276 276 0
276 538 5.0
277 277 0
278 278 0
279 279 0
280 280 0
281 281 0
282 282 0
282 787 29.0
283 283 0
284 284 0
285 285 0
286 286 0
286 624 3.0
287 287 0
287 448 12.0
288 288 0
289 289 0
289 345 12.0
289 753 4.0
290 0 11.0
290 290 0
290 321 23.0
290 834 34.0
290 902 16.0
291 291 0
292 19 2.0
292 162 54.0
292 292 0
292 593 2.0
293 293 0
294 294 0
295 295 0
296 33 5.0
296 57 3.0
296 260 2.0
296 296 0
296 336 82975.0
296 898 36.0
297 297 0
297 389 13.0
297 742 2.0
298 298 0
299 299 0
300 300 0
301 301 0
302 302 0
303 303 0
304 304 0
305 305 0
306 306 0
307 307 0
308 308 0
309 77 2.0
309 309 0
309 450 13.0
310 310 0
311 311 0
312 312 0
313 313 0
314 314 0
315 315 0
316 316 0
317 317 0
318 318 0
319 319 0
320 320 0
320 407 2.0
320 468 11.0
321 321 0
321 834 11.0
322 272 2.0
322 322 0
323 323 0
323 360 2.0
324 324 0
324 530 4.0
325 325 0
326 326 0
327 327 0
328 328 0
329 329 0
330 330 0
331 331 0
332 332 0
333 333 0
334 334 0
335 335 0
336 336 0
337 337 0
338 33 19.0
338 160 3.0
338 336 82989.0
338 338 0
338 898 50.0
339 339 0
340 340 0
341 341 0
342 272 39.0
342 342 0
343 343 0
344 344 0
345 345 0
346 346 0
347 347 0
348 348 0
349 349 0
350 350 0
351 351 0
352 352 0
353 353 0
354 354 0
355 355 0
356 356 0
357 357 0
358 358 0
359 359 0
360 360 0
361 316 2.0
361 361 0
362 362 0
363 363 0
364 364 0
365 365 0
366 366 0
367 367 0
368 368 0
369 369 0
370 370 0
371 371 0
372 372 0
373 373 0
374 374 0
375 375 0
376 376 0
377 377 0
378 378 0
379 379 0
380 380 0
381 381 0
382 382 0
383 383 0
384 384 0
384 423 9.0
385 385 0
386 1 726.0
386 82 733.0
386 275 3.0
386 386 0
386 416 742.0
386 481 737.0
386 512 714.0
386 522 716.0
386 531 754.0
387 387 0
388 388 0
389 389 0
390 390 0
391 391 0
391 461 8.0
391 800 8.0
392 392 0
393 393 0
393 461 5.0
394 394 0
395 395 0
396 396 0
396 915 3.0
397 397 0
398 398 0
399 399 0
400 68 38.0
400 144 35.0
400 400 0
400 800 39.0
401 401 0
402 402 0
403 403 0
404 404 0
405 405 0
406 406 0
407 407 0
408 408 0
409 409 0
410 410 0
411 411 0
412 412 0
413 413 0
414 414 0
415 415 0
416 416 0
416 531 12.0
417 417 0
418 418 0
419 419 0
420 420 0
421 68 41.0
421 144 38.0
421 400 3.0
421 421 0
421 800 42.0
422 422 0
422 736 145.0
423 423 0
424 424 0
425 425 0
426 426 0
427 427 0
428 428 0
429 429 0
430 430 0
431 431 0
432 432 0
433 24 8.0
433 433 0
433 496 12.0
433 781 10.0
434 434 0
435 435 0
436 436 0
436 641 4.0
437 437 0
438 438 0
439 439 0
440 440 0
441 441 0
442 442 0
443 443 0
444 444 0
445 445 0
446 446 0
447 447 0
448 448 0
449 449 0
450 450 0
451 451 0
452 315 4.0
452 452 0
452 513 2.0
453 453 0
454 437 5.0
454 454 0
455 455 0
456 367 2.0
456 376 2.0
456 456 0
457 457 0
458 458 0
459 459 0
460 460 0
460 566 6.0
461 461 0
462 462 0
463 463 0
464 265 113.0
464 464 0
464 632 115.0
465 465 0
466 466 0
467 467 0
468 468 0
469 469 0
470 470 0
471 471 0
472 472 0
473 473 0
473 800 9.0
474 474 0
475 475 0
476 476 0
477 477 0
478 478 0
479 479 0
480 480 0
481 416 5.0
481 481 0
481 531 17.0
482 64 2.0
482 482 0
482 756 13.0
483 483 0
484 484 0
485 485 0
486 486 0
487 487 0
488 488 0
489 489 0
490 490 0
491 491 0
492 492 0
493 493 0
494 494 0
495 495 0
496 496 0
497 497 0
498 498 0
499 499 0
500 500 0
501 501 0
502 502 0
503 503 0
504 267 2.0
504 504 0
505 505 0
506 506 0
507 507 0
508 508 0
509 509 0
510 510 0
511 511 0
512 1 12.0
512 82 19.0
512 416 28.0
512 481 23.0
512 512 0
512 522 2.0
512 531 40.0
513 315 2.0
513 513 0
514 514 0
515 515 0
516 516 0
517 0 2.0
517 321 14.0
517 517 0
517 768 2.0
517 834 25.0
517 902 7.0
518 518 0
519 519 0
520 94 6.0
520 520 0
520 896 18.0
521 229 2.0
521 521 0
521 560 2.0
522 522 0
523 523 0
524 94 9.0
524 173 4.0
524 520 3.0
524 524 0
524 896 21.0
525 525 0
526 526 0
526 776 14.0
527 527 0
528 36 3.0
528 448 18.0
528 528 0
529 0 4.0
529 321 16.0
529 517 2.0
529 529 0
529 768 4.0
529 834 27.0
529 902 9.0
530 530 0
531 531 0
532 532 0
533 5 3.0
533 533 0
534 534 0
535 535 0
536 536 0
537 537 0
538 538 0
539 539 0
540 540 0
541 541 0
542 542 0
543 543 0
544 160 2.0
544 544 0
545 216 42.0
545 545 0
545 743 2.0
545 792 50.0
545 914 2.0
546 546 0
546 758 2.0
547 547 0
547 577 129393374.0
548 548 0
549 68 4.0
549 549 0
550 550 0
551 551 0
552 552 0
553 553 0
554 4 8.0
554 554 0
555 555 0
556 556 0
557 1 23.0
557 82 30.0
557 416 39.0
557 481 34.0
557 512 11.0
557 522 13.0
557 531 51.0
557 557 0
558 558 0
559 559 0
560 560 0
561 561 0
562 562 0
563 20 2.0
563 563 0
564 370 5.0
564 564 0
564 656 2.0
565 565 0
566 566 0
567 567 0
568 568 0
569 569 0
570 570 0
571 571 0
572 572 0
573 573 0
573 797 45.0
573 886 34.0
574 574 0
575 575 0
576 4 6.0
576 576 0
577 577 0
578 572 2.0
578 578 0
579 579 0
580 580 0
581 581 0
582 582 0
583 583 0
584 584 0
585 585 0
586 586 0
587 587 0
588 588 0
589 389 3.0
589 589 0
590 590 0
591 147 24.0
591 591 0
592 592 0
593 593 0
594 594 0
595 595 0
596 33 5.0
596 336 82975.0
596 596 0
596 898 36.0
597 597 0
598 598 0
599 599 0
600 600 0
601 601 0
602 602 0
603 603 0
604 604 0
605 605 0
606 606 0
607 607 0
608 608 0
609 609 0
610 610 0
611 611 0
612 534 2.0
612 612 0
613 613 0
614 614 0
615 615 0
616 616 0
617 617 0
618 618 0
619 619 0
620 620 0
621 621 0
622 622 0
623 623 0
624 624 0
625 625 0
626 114 2.0
626 626 0
627 627 0
628 628 0
629 36 5.0
629 448 20.0
629 528 2.0
629 629 0
630 630 0
631 24 5.0
631 496 9.0
631 631 0
631 781 7.0
632 632 0
633 633 0
634 634 0
635 635 0
636 636 0
637 637 0
638 638 0
639 639 0
640 68 80.0
640 144 77.0
640 400 42.0
640 421 39.0
640 640 0
640 800 81.0
641 641 0
642 642 0
643 643 0
644 644 0
644 756 9.0
645 645 0
646 646 0
647 647 0
648 369 5.0
648 648 0
649 48 2.0
649 176 15.0
649 392 23.0
649 649 0
649 824 17.0
650 650 0
651 651 0
652 652 0
653 653 0
654 654 0
655 655 0
656 370 3.0
656 656 0
657 657 0
658 658 0
659 659 0
660 660 0
661 608 5.0
661 661 0
662 662 0
663 663 0
664 664 0
665 665 0
666 666 0
667 667 0
668 668 0
669 669 0
670 670 0
671 671 0
672 64 3.0
672 672 0
672 717 13.0
672 756 14.0
673 370 16.0
673 656 13.0
673 673 0
674 674 0
675 675 0
676 46 39.0
676 52 4.0
676 676 0
677 121 4.0
677 677 0
678 678 0
679 679 0
680 680 0
681 33 3.0
681 336 82973.0
681 681 0
681 898 34.0
682 682 0
683 683 0
684 684 0
685 685 0
686 686 0
687 687 0
688 385 6.0
688 688 0
689 689 0
690 690 0
691 691 0
692 692 0
693 693 0
694 694 0
694 976 14.0
695 0 4.0
695 321 16.0
695 517 2.0
695 695 0
695 768 4.0
695 834 27.0
695 902 9.0
696 696 0
697 697 0
698 698 0
699 699 0
700 700 0
701 701 0
702 702 0
703 703 0
704 704 0
705 705 0
706 706 0
707 707 0
708 708 0
709 354 14.0
709 709 0
710 710 0
711 711 0
712 712 0
713 713 0
714 714 0
715 715 0
716 716 0
716 842 71.0
717 717 0
718 718 0
719 719 0
720 720 0
721 721 0
722 722 0
723 142 9.0
723 723 0
724 724 0
725 725 0
726 726 0
727 727 0
728 728 0
729 729 0
730 730 0
731 731 0
732 732 0
733 733 0
734 734 0
735 735 0
736 736 0
737 737 0
738 738 0
739 739 0
740 312 4.0
740 740 0
740 801 2.0
741 741 0
742 742 0
743 743 0
744 744 0
744 762 2.0
745 745 0
746 746 0
747 747 0
748 748 0
749 749 0
750 750 0
751 751 0
752 752 0
753 753 0
754 32 2.0
754 754 0
755 755 0
756 756 0
757 757 0
758 758 0
759 759 0
760 760 0
761 761 0
762 762 0
763 763 0
764 764 0
765 765 0
766 766 0
767 767 0
768 768 0
769 769 0
770 515 2.0
770 770 0
771 771 0
772 772 0
773 773 0
774 774 0
775 775 0
776 776 0
777 84 6.0
777 777 0
778 778 0
779 779 0
780 780 0
781 496 2.0
781 781 0
782 782 0
783 783 0
784 514 5.0
784 784 0
785 785 0
786 786 0
787 787 0
788 788 0
789 789 0
790 790 0
791 791 0
792 792 0
793 498 4.0
793 793 0
794 794 0
795 422 12.0
795 736 157.0
795 795 0
796 796 0
797 797 0
798 798 0
799 799 0
800 800 0
801 312 2.0
801 801 0
802 802 0
803 803 0
804 804 0
805 805 0
806 806 0
807 807 0
808 808 0
809 809 0
810 810 0
811 811 0
812 812 0
813 813 0
814 814 0
815 815 0
816 816 0
817 817 0
818 818 0
819 69 2.0
819 138 5.0
819 538 2.0
819 819 0
819 902 7.0
820 820 0
821 821 0
822 211 7159.0
822 822 0
823 823 0
824 392 6.0
824 824 0
825 825 0
826 826 0
827 827 0
828 828 0
829 829 0
830 830 0
831 831 0
832 16 22.0
832 832 0
833 833 0
834 834 0
835 835 0
836 836 0
837 837 0
838 785 3.0
838 838 0
839 839 0
840 840 0
841 841 0
842 842 0
843 843 0
844 844 0
845 845 0
846 846 0
847 847 0
848 848 0
849 849 0
850 850 0
851 851 0
852 852 0
853 853 0
854 854 0
855 855 0
856 856 0
857 42 4.0
857 98 70.0
857 140 6.0
857 143 34.0
857 168 25.0
857 187 36.0
857 411 7.0
857 857 0
858 858 0
859 859 0
860 860 0
861 861 0
862 862 0
863 863 0
864 864 0
865 865 0
866 866 0
867 867 0
868 868 0
869 869 0
870 870 0
871 871 0
872 50 12.0
872 113 16.0
872 872 0
873 873 0
874 874 0
875 87 4136.0
875 164 8.0
875 646 24.0
875 875 0
876 876 0
877 877 0
878 878 0
879 879 0
880 880 0
881 881 0
882 882 0
883 883 0
884 884 0
885 885 0
886 886 0
887 887 0
888 888 0
889 889 0
890 890 0
891 891 0
892 892 0
893 893 0
894 894 0
895 895 0
896 896 0
897 897 0
898 336 82939.0
898 898 0
899 899 0
900 900 0
901 901 0
902 902 0
903 903 0
904 1 117.0
904 82 124.0
904 112 3.0
904 416 133.0
904 481 128.0
904 531 145.0
904 776 18.0
904 904 0
904 929 2.0
905 905 0
906 906 0
907 907 0
908 908 0
909 909 0
910 910 0
911 911 0
912 912 0
913 913 0
914 216 40.0
914 792 48.0
914 914 0
915 915 0
916 916 0
917 917 0
918 918 0
919 919 0
920 920 0
921 320 40.0
921 407 42.0
921 468 51.0
921 921 0
922 922 0
923 923 0
924 196 2.0
924 924 0
925 925 0
926 926 0
927 190 7.0
927 927 0
928 928 0
929 929 0
930 930 0
931 931 0
932 932 0
933 933 0
934 934 0
935 935 0
936 936 0
937 937 0
938 938 0
939 939 0
940 940 0
941 941 0
942 942 0
943 943 0
944 944 0
945 945 0
946 946 0
947 568 35.0
947 947 0
948 9 4.0
948 416 11.0
948 531 23.0
948 572 21.0
948 948 0
949 949 0
950 950 0
951 951 0
952 37 3.0
952 68 89.0
952 144 86.0
952 400 51.0
952 421 48.0
952 640 9.0
952 800 90.0
952 952 0
953 953 0
954 954 0
955 955 0
956 956 0
957 957 0
958 958 0
959 959 0
960 960 0
961 333 11.0
961 961 0
962 962 0
963 963 0
964 964 0
965 965 0
966 966 0
967 967 0
968 968 0
969 769 2.0
969 969 0
970 970 0
971 971 0
972 972 0
973 973 0
974 974 0
975 975 0
976 976 0
977 977 0
978 817 2.0
978 978 0
979 979 0
980 980 0
981 981 0
982 982 0
983 983 0
984 483 10.0
984 984 0
985 985 0
986 986 0
987 987 0
988 988 0
989 989 0
990 990 0
991 991 0
992 992 0
993 993 0
994 994 0
995 995 0
996 996 0
997 997 0
998 998 0
999 999 0
1000 1000 0
1001 286 2.0
1001 624 5.0
1001 1001 0