0 321 12
0 902 5
1 82 7
1 481 11
2 0 2
6 512 2
6 798 11
7 81 17
8 2 22
8 393 19
9 416 7
9 572 17
10 75 10
10 518 3
12 24 3
24 781 2
25 592 3
33 898 31
36 448 15
37 640 6
38 544 2267
40 256 7
40 605 21
40 980 2
41 276 3
42 140 2
42 411 3
45 50 7
48 176 13
50 113 4
51 377 6
52 46 35
53 146 2
55 278 2
57 33 2
60 5 4
64 756 11
65 25 2
69 138 3
76 586 4
77 450 11
80 0 2
80 132 3
83 304 2
93 134 5
95 20 2
102 264 3
104 28 15905
112 1 114
112 776 15
120 0 2
123 600 3
128 628 2
129 10 2
129 707 12
130 368 2
132 6 2
133 614 5
136 684 2
137 325 9
138 902 2
140 143 28
140 168 19
141 2 6
143 187 2
144 68 3
144 800 4
145 1 2
148 139 2
153 26 15
156 521 3
161 376 8
161 717 2
164 87 4128
164 646 16
168 98 45
172 664 3
176 824 2
179 429 3
180 600 2
184 161 5
197 297 2
197 769 3
200 146 5
201 98 5
201 140 2
202 11 6
209 55 7
216 792 8
219 389 2
225 316 2
227 592 4
232 130 23
248 557 2
256 312 5
256 616 4
258 34 2
259 165 1862
259 268 2
265 632 2
266 56 11
273 903 8
275 512 711
276 538 5
282 787 29
286 624 3
287 448 12
289 345 12
289 753 4
290 0 11
292 19 2
292 162 54
292 593 2
296 57 3
296 260 2
297 389 13
297 742 2
309 77 2
320 407 2
320 468 11
321 834 11
322 272 2
323 360 2
324 530 4
338 33 19
338 160 3
342 272 39
361 316 2
384 423 9
386 275 3
391 461 8
391 800 8
393 461 5
396 915 3
400 144 35
416 531 12
421 400 3
422 736 145
433 24 8
436 641 4
452 513 2
454 437 5
456 367 2
456 376 2
460 566 6
464 265 113
473 800 9
481 416 5
482 64 2
504 267 2
512 1 12
512 522 2
513 315 2
517 0 2
517 768 2
520 94 6
520 896 18
521 229 2
521 560 2
524 173 4
524 520 3
526 776 14
528 36 3
529 517 2
533 5 3
544 160 2
545 743 2
545 914 2
546 758 2
547 577 129393374
549 68 4
554 4 8
557 512 11
563 20 2
564 656 2
573 797 45
573 886 34
576 4 6
578 572 2
589 389 3
591 147 24
596 33 5
612 534 2
626 114 2
629 528 2
631 24 5
640 421 39
644 756 9
648 369 5
649 48 2
656 370 3
661 608 5
672 64 3
672 717 13
673 656 13
676 52 4
677 121 4
681 33 3
688 385 6
694 976 14
695 517 2
709 354 14
716 842 71
723 142 9
740 801 2
744 762 2
754 32 2
770 515 2
777 84 6
781 496 2
784 514 5
793 498 4
795 422 12
801 312 2
819 69 2
819 538 2
822 211 7159
824 392 6
832 16 22
838 785 3
857 42 4
872 50 12
875 164 8
898 336 82939
904 112 3
904 929 2
914 216 40
921 320 40
924 196 2
927 190 7
947 568 35
948 9 4
952 37 3
961 333 11
969 769 2
978 817 2
984 483 10
1001 286 2
