0 215 3
0 902 3
0 917 22
1 228 3
5 584 2
6 798 3
8 202 27
8 486 2
8 902 5
10 75 2
12 24 7
14 127 4
15 485 2
16 132 12
16 148 3
18 203 2
19 657 2
20 36 4
21 308 19
22 97 3
22 281 20
28 624 3
30 52 2
31 561 17
32 219 7
33 2 3
33 3 53
33 276 2
33 544 2
34 292 2
34 561 6
36 858 2
38 180 2
39 982 3
40 65 3
40 645 21
41 276 13
42 140 2
44 794 3
45 23 2
45 74 4
48 789 4
52 285 5
59 453 1694
64 686 34
64 790 8
65 25 39
67 37 10
68 226 5
68 322 2
70 642 4
76 586 3
76 855 3
80 211 5
83 784 1193
84 216 5
87 462 11
96 32 9
99 117 3
101 124 18
104 48 10
104 64 4
104 132 6
114 68 2
135 258 2
136 482 4
136 610 4
138 902 3
142 641 2
144 257 19
144 433 6
145 513 8
145 576 2
148 464 10
151 250 2
156 521 6
160 801 13
161 40 3
161 524 2
167 384 7
171 810 3
174 493 20
180 152 12
181 331 3
182 300 2265
182 672 2
186 272 6
192 524 11
192 713 2
193 8 20
200 577 9
209 513 18
212 69 2
218 86 13
219 389 5
240 914 3
244 932 4
256 4 3
256 160 6
257 680 4
257 912 13
258 673 3
260 295 2
266 326 286
266 336 6
268 34 2
269 640 7
272 162 60
272 225 2
273 693 7
273 903 2
274 98 2
275 485 18
277 385 12
279 18 4
282 136 2
286 624 2
288 224 11
288 545 2
289 36 2
292 524 7
296 288 7
296 336 4
304 6 2
305 34 24
306 918 9
307 514 17
308 21 2
321 4 8
322 0 3
338 33 3
340 763 2
342 15 2
343 475 2
344 676 12
348 128 2
352 419 7
353 389 21
368 49 2
371 772 6
384 312 9
389 596 3
392 674 28
396 777 2
397 132 2
401 673 8
402 769 3
403 98 2
404 209 5
408 66 21
410 520 2
420 32 2
425 746 9
425 776 2
428 32 2
428 880 5
436 597 2
458 743 2
461 625 35
467 211 2
483 276 28
485 134 2
488 3 6
512 5 16
512 482 7
513 548 5
513 640 3
516 33 7
517 233 2
521 450 62
521 546 2
524 173 10
526 548 8
532 134 5
532 292 2
533 37 3
534 425 2
536 244 2
540 256 20
545 914 4156
546 263 20
546 758 4
549 146 18
557 400 2
560 168 14
562 992 23
563 410 4
576 19 1714
577 577 56
585 217 8
585 354 6
596 33 17
601 431 208
614 265 4
617 374 11
626 114 38
627 3 6
637 73 8
643 73 5
644 769 2
648 301 23
650 108 2
660 36 2
668 163 56
670 515 2
672 717 17
676 52 3
681 33 3
694 768 2
706 460 2
712 35 10
716 649 2
722 146 5
736 24 2
737 64 16
737 288 18
752 786 2
765 513 5
768 736 4
772 130 2
776 586 3
776 697 3
777 84 2
777 641 23
780 901 4
782 226 2
786 914 2
832 548 2
834 148 20
840 96 2
850 776 2
852 824 5
857 42 2
864 23 10
870 68 5
872 32 4
878 258 10
882 778 15
899 537 10
899 736 3
904 112 9
906 137 5
906 210 20
910 614 5
911 896 6
924 33 2
928 516 5
944 756 3
954 22 4
961 472 2
966 197 4
984 483 23
1002 652 2
1013 316 2
