0 0 0
0 1 39.0
0 8 2.0
0 10 43.0
0 25 65.0
0 30 41.0
0 65 50.0
0 96 35.0
0 148 37.0
0 208 72.0
0 220 37.0
0 228 42.0
0 356 243.0
0 357 43.0
0 512 31.0
0 535 41.0
0 552 16.0
0 642 4.0
0 679 2.0
0 704 5.0
1 1 0
1 10 4.0
1 30 2.0
1 208 33.0
1 228 3.0
1 357 4.0
1 535 2.0
2 2 0
3 3 0
3 652 8.0
4 1 12.0
4 4 0
4 10 16.0
4 25 38.0
4 30 14.0
4 65 23.0
4 96 8.0
4 148 10.0
4 208 45.0
4 220 10.0
4 228 15.0
4 356 216.0
4 357 16.0
4 512 4.0
4 535 14.0
4 803 2.0
5 5 0
5 18 7.0
5 641 20.0
6 6 0
7 7 0
7 715 11.0
8 1 37.0
8 8 0
8 10 41.0
8 25 63.0
8 30 39.0
8 65 48.0
8 96 33.0
8 148 35.0
8 208 70.0
8 220 35.0
8 228 40.0
8 356 241.0
8 357 41.0
8 512 29.0
8 535 39.0
8 552 14.0
8 642 2.0
9 9 0
9 279 11.0
9 416 8.0
9 832 10.0
10 10 0
10 208 29.0
11 11 0
12 12 0
12 634 2.0
13 13 0
14 14 0
15 15 0
15 352 2.0
15 485 10.0
16 1 4.0
16 10 8.0
16 16 0
16 24 15.0
16 30 6.0
16 148 2.0
16 208 37.0
16 228 7.0
16 357 8.0
16 535 6.0
16 643 2.0
16 781 17.0
16 786 25.0
16 806 9.0
17 17 0
17 258 16.0
18 18 0
18 641 13.0
19 19 0
20 20 0
20 28 8.0
20 69 18.0
20 203 20.0
20 654 22.0
21 21 0
22 22 0
22 48 8.0
22 52 12.0
22 67 14.0
22 97 2.0
22 168 10.0
22 198 30.0
22 281 3.0
22 812 39.0
23 23 0
24 24 0
24 781 2.0
24 786 10.0
25 25 0
26 26 0
27 27 0
27 210 2.0
28 28 0
28 203 12.0
28 654 14.0
29 29 0
30 30 0
31 31 0
32 32 0
32 33 7.0
32 204 10.0
32 320 21.0
32 407 24.0
32 534 6.0
32 612 3.0
32 759 6.0
33 33 0
33 320 14.0
33 407 17.0
34 34 0
35 35 0
35 36 19.0
35 80 11.0
35 528 17.0
35 689 6.0
35 705 25.0
36 36 0
36 705 6.0
37 37 0
38 38 0
38 544 2.0
38 718 21.0
39 39 0
39 982 7.0
40 40 0
40 106 8.0
40 169 16.0
40 516 14.0
40 840 2.0
41 41 0
42 42 0
43 43 0
44 44 0
45 45 0
46 46 0
47 47 0
48 48 0
48 52 4.0
48 67 6.0
48 168 2.0
48 198 22.0
48 812 31.0
49 49 0
50 50 0
51 51 0
52 52 0
53 53 0
53 245 2.0
54 3 4979.0
54 54 0
54 112 4971.0
54 652 4987.0
54 718 13.0
55 55 0
56 56 0
56 267 2.0
56 560 7.0
57 5 35.0
57 18 42.0
57 57 0
57 128 3.0
57 134 168.0
57 377 170.0
57 433 20.0
57 641 55.0
57 806 6.0
58 58 0
59 59 0
60 60 0
61 61 0
62 62 0
63 63 0
64 64 0
64 192 7.0
64 465 4.0
64 780 2.0
64 790 9.0
64 902 6.0
65 25 15.0
65 65 0
66 66 0
67 67 0
68 68 0
68 322 14.0
69 69 0
70 0 45.0
70 1 84.0
70 8 47.0
70 10 88.0
70 25 110.0
70 30 86.0
70 65 95.0
70 70 0
70 96 80.0
70 129 12.0
70 148 82.0
70 208 117.0
70 220 82.0
70 228 87.0
70 356 288.0
70 357 88.0
70 512 76.0
70 535 86.0
70 552 61.0
70 642 49.0
70 672 6.0
70 679 47.0
70 704 50.0
71 71 0
72 72 0
73 73 0
74 74 0
75 75 0
76 76 0
77 34 84.0
77 77 0
77 212 15.0
77 256 12.0
77 450 3.0
77 963 18.0
78 78 0
79 79 0
79 165 2.0
80 36 8.0
80 80 0
80 528 6.0
80 705 14.0
81 81 0
82 82 0
82 283 5.0
83 83 0
83 115 2.0
84 84 0
85 31 2.0
85 85 0
86 86 0
87 87 0
87 515 3.0
87 598 9.0
88 88 0
89 2 8.0
89 89 0
90 90 0
91 91 0
92 92 0
93 93 0
94 94 0
95 20 2.0
95 28 10.0
95 69 20.0
95 95 0
95 203 22.0
95 654 24.0
96 1 4.0
96 10 8.0
96 30 6.0
96 96 0
96 148 2.0
96 208 37.0
96 220 2.0
96 228 7.0
96 356 208.0
96 357 8.0
96 535 6.0
97 48 6.0
97 52 10.0
97 67 12.0
97 97 0
97 168 8.0
97 198 28.0
97 812 37.0
98 98 0
98 352 23.0
98 401 2.0
99 99 0
100 100 0
100 128 2.0
100 134 167.0
100 377 169.0
100 433 19.0
100 806 5.0
100 901 2.0
101 101 0
102 102 0
102 264 22.0
103 103 0
104 64 2.0
104 104 0
104 132 2.0
104 192 9.0
104 465 6.0
104 780 4.0
104 790 11.0
104 902 8.0
105 105 0
106 106 0
106 169 8.0
106 516 6.0
107 107 0
108 1 17.0
108 4 5.0
108 10 21.0
108 25 43.0
108 30 19.0
108 65 28.0
108 96 13.0
108 108 0
108 148 15.0
108 208 50.0
108 220 15.0
108 228 20.0
108 356 221.0
108 357 21.0
108 512 9.0
108 514 3.0
108 522 229.0
108 535 19.0
108 803 7.0
109 109 0
110 110 0
111 111 0
112 3 8.0
112 112 0
112 652 16.0
113 113 0
114 114 0
114 279 8.0
114 416 5.0
114 832 7.0
115 115 0
116 116 0
117 1 19.0
117 10 23.0
117 25 45.0
117 30 21.0
117 65 30.0
117 96 15.0
117 117 0
117 148 17.0
117 208 52.0
117 220 17.0
117 228 22.0
117 356 223.0
117 357 23.0
117 512 11.0
117 535 21.0
117 803 9.0
118 118 0
119 119 0
120 120 0
121 121 0
122 122 0
122 294 9.0
123 123 0
124 124 0
125 125 0
126 126 0
127 127 0
128 128 0
128 134 165.0
128 377 167.0
128 433 17.0
128 806 3.0
129 0 33.0
129 1 72.0
129 8 35.0
129 10 76.0
129 25 98.0
129 30 74.0
129 65 83.0
129 96 68.0
129 129 0
129 148 70.0
129 208 105.0
129 220 70.0
129 228 75.0
129 356 276.0
129 357 76.0
129 512 64.0
129 535 74.0
129 552 49.0
129 642 37.0
129 679 35.0
129 704 38.0
130 78 2.0
130 130 0
130 273 4.0
130 368 7.0
131 131 0
132 132 0
133 133 0
134 134 0
134 377 2.0
135 135 0
136 136 0
137 137 0
138 138 0
138 266 29.0
138 590 2.0
139 139 0
140 52 44.0
140 140 0
140 168 42.0
141 141 0
142 142 0
143 143 0
144 144 0
144 433 5.0
145 100 14.0
145 128 16.0
145 134 181.0
145 145 0
145 377 183.0
145 433 33.0
145 513 5.0
145 806 19.0
145 901 16.0
146 146 0
146 396 13.0
147 147 0
148 1 2.0
148 10 6.0
148 30 4.0
148 148 0
148 208 35.0
148 228 5.0
148 357 6.0
148 535 4.0
149 149 0
150 150 0
151 151 0
151 207 4.0
151 250 10.0
152 152 0
153 153 0
154 154 0
155 155 0
156 156 0
157 157 0
158 158 0
159 159 0
160 160 0
161 161 0
162 162 0
163 163 0
164 164 0
164 329 11.0
165 165 0
166 166 0
167 167 0
168 52 2.0
168 168 0
169 169 0
170 170 0
171 171 0
172 172 0
173 173 0
174 174 0
174 493 22.0
175 175 0
176 176 0
177 177 0
178 178 0
179 179 0
180 180 0
181 181 0
182 182 0
183 183 0
184 161 17.0
184 184 0
185 42 32.0
185 185 0
186 186 0
187 187 0
188 188 0
188 199 169.0
189 189 0
190 190 0
191 191 0
192 192 0
193 193 0
193 775 23.0
193 921 30.0
194 194 0
194 592 235.0
195 195 0
196 196 0
196 377 2.0
197 197 0
197 297 178.0
198 198 0
198 812 9.0
199 199 0
200 200 0
200 577 4.0
201 201 0
202 202 0
203 203 0
203 654 2.0
204 204 0
205 205 0
206 36 20.0
206 80 12.0
206 206 0
206 528 18.0
206 705 26.0
207 207 0
208 208 0
209 100 11.0
209 128 13.0
209 134 178.0
209 209 0
209 377 180.0
209 433 30.0
209 513 2.0
209 806 16.0
209 901 13.0
210 210 0
211 211 0
212 34 69.0
212 212 0
213 213 0
214 214 0
215 215 0
216 216 0
217 217 0
218 218 0
219 219 0
220 220 0
221 221 0
222 222 0
223 223 0
224 224 0
225 225 0
226 226 0
227 227 0
228 228 0
229 229 0
230 230 0
231 231 0
232 232 0
233 233 0
233 912 2.0
234 234 0
235 235 0
236 236 0
237 237 0
238 238 0
239 239 0
240 240 0
241 241 0
242 242 0
243 243 0
244 244 0
245 245 0
246 246 0
247 247 0
248 248 0
249 249 0
250 250 0
251 251 0
252 252 0
253 253 0
254 254 0
255 255 0
256 34 72.0
256 212 3.0
256 256 0
256 963 6.0
257 257 0
257 272 2.0
258 258 0
259 226 2.0
259 259 0
260 34 74.0
260 212 5.0
260 256 2.0
260 260 0
260 545 3.0
260 963 8.0
261 261 0
262 32 5.0
262 33 12.0
262 204 15.0
262 262 0
262 320 26.0
262 407 29.0
262 534 11.0
262 612 8.0
262 759 11.0
263 263 0
264 264 0
265 265 0
265 632 2.0
266 266 0
267 267 0
268 268 0
269 269 0
270 270 0
271 271 0
272 272 0
273 273 0
274 274 0
275 275 0
276 47 4.0
276 155 11.0
276 276 0
276 288 2.0
276 545 11.0
276 586 17.0
276 776 9.0
277 27 58.0
277 210 60.0
277 277 0
278 278 0
279 279 0
280 280 0
281 281 0
282 282 0
283 283 0
284 284 0
284 835 2.0
285 285 0
286 286 0
287 287 0
288 47 2.0
288 155 9.0
288 288 0
288 545 9.0
288 586 15.0
288 776 7.0
289 289 0
289 648 10.0
290 0 6.0
290 1 45.0
290 8 8.0
290 10 49.0
290 25 71.0
290 30 47.0
290 65 56.0
290 96 41.0
290 148 43.0
290 208 78.0
290 220 43.0
290 228 48.0
290 290 0
290 356 249.0
290 357 49.0
290 512 37.0
290 535 47.0
290 552 22.0
290 642 10.0
290 679 8.0
290 704 11.0
291 291 0
292 292 0
293 293 0
294 294 0
295 295 0
296 66 22.0
296 296 0
296 409 3.0
297 297 0
298 298 0
299 299 0
300 52 48.0
300 140 4.0
300 168 46.0
300 300 0
301 301 0
302 302 0
303 292 3.0
303 303 0
304 304 0
305 305 0
306 45 14.0
306 306 0
306 550 2.0
306 800 5.0
307 307 0
308 308 0
309 309 0
310 44 2.0
310 310 0
311 311 0
312 1 16.0
312 4 4.0
312 10 20.0
312 25 42.0
312 30 18.0
312 65 27.0
312 96 12.0
312 148 14.0
312 208 49.0
312 220 14.0
312 228 19.0
312 312 0
312 356 220.0
312 357 20.0
312 512 8.0
312 514 2.0
312 522 228.0
312 535 18.0
312 803 6.0
313 313 0
314 314 0
315 315 0
316 316 0
317 317 0
318 318 0
319 319 0
320 320 0
320 407 3.0
321 321 0
322 322 0
323 323 0
324 179 2.0
324 324 0
325 325 0
325 614 2.0
326 326 0
327 327 0
328 328 0
329 329 0
330 330 0
331 1 69.0
331 10 73.0
331 25 95.0
331 30 71.0
331 65 80.0
331 96 65.0
331 148 67.0
331 208 102.0
331 220 67.0
331 228 72.0
331 331 0
331 356 273.0
331 357 73.0
331 512 61.0
331 535 71.0
332 332 0
333 333 0
334 47 5.0
334 155 12.0
334 288 3.0
334 334 0
334 545 12.0
334 586 18.0
334 776 10.0
335 335 0
336 336 0
337 337 0
338 338 0
339 339 0
340 340 0
341 341 0
342 342 0
342 412 8.0
342 536 6.0
342 687 9.0
343 343 0
344 344 0
345 345 0
346 346 0
347 347 0
348 348 0
349 349 0
350 350 0
351 351 0
352 352 0
353 353 0
353 684 2.0
354 354 0
355 355 0
356 356 0
357 357 0
358 52 18.0
358 168 16.0
358 358 0
359 359 0
360 360 0
360 732 2.0
361 361 0
362 34 2.0
362 362 0
363 363 0
364 364 0
365 365 0
366 366 0
367 367 0
368 368 0
369 369 0
370 370 0
371 371 0
372 372 0
373 373 0
374 374 0
375 375 0
376 193 24.0
376 376 0
376 775 47.0
376 921 54.0
377 377 0
378 378 0
379 379 0
380 339 3.0
380 380 0
381 381 0
382 382 0
383 383 0
384 384 0
384 692 5.0
384 962 2.0
385 75 2.0
385 385 0
386 386 0
387 387 0
387 545 6.0
388 388 0
389 389 0
390 390 0
391 391 0
392 336 2.0
392 392 0
393 393 0
394 394 0
395 395 0
395 558 2.0
396 396 0
397 397 0
398 398 0
399 399 0
400 21 9.0
400 400 0
401 401 0
402 36 10.0
402 80 2.0
402 402 0
402 528 8.0
402 705 16.0
403 403 0
404 404 0
405 160 58.0
405 405 0
406 406 0
407 407 0
408 408 0
409 66 19.0
409 409 0
410 410 0
411 411 0
412 412 0
413 413 0
414 414 0
415 415 0
416 279 3.0
416 416 0
416 832 2.0
417 417 0
418 418 0
419 419 0
420 47 4.0
420 155 11.0
420 288 2.0
420 420 0
420 545 11.0
420 586 17.0
420 776 9.0
421 421 0
422 422 0
423 423 0
424 424 0
425 425 0
426 426 0
427 427 0
428 428 0
428 880 2.0
429 429 0
430 430 0
431 431 0
432 432 0
433 433 0
434 434 0
435 435 0
436 436 0
437 437 0
438 438 0
439 439 0
440 440 0
441 441 0
442 442 0
443 443 0
444 444 0
445 445 0
446 446 0
447 447 0
448 448 0
449 449 0
450 450 0
451 451 0
452 48 2.0
452 52 6.0
452 67 8.0
452 168 4.0
452 198 24.0
452 452 0
452 812 33.0
453 368 2.0
453 453 0
454 454 0
455 455 0
456 105 5.0
456 456 0
456 774 18.0
457 457 0
458 458 0
459 459 0
460 460 0
460 566 4.0
461 461 0
462 169 5.0
462 462 0
462 516 3.0
463 463 0
464 464 0
465 465 0
465 902 2.0
466 466 0
467 467 0
468 468 0
469 469 0
470 470 0
471 471 0
472 472 0
473 473 0
474 474 0
475 475 0
476 476 0
477 477 0
478 478 0
479 479 0
480 480 0
480 731 3.0
481 481 0
482 482 0
483 483 0
484 484 0
485 485 0
486 486 0
487 487 0
488 488 0
489 64 2.0
489 192 9.0
489 465 6.0
489 489 0
489 780 4.0
489 790 11.0
489 902 8.0
490 490 0
491 491 0
492 492 0
493 493 0
494 494 0
495 495 0
496 496 0
497 497 0
498 498 0
499 499 0
500 500 0
501 501 0
502 502 0
503 503 0
504 504 0
505 505 0
506 506 0
507 507 0
508 508 0
509 509 0
510 510 0
511 511 0
512 1 8.0
512 10 12.0
512 25 34.0
512 30 10.0
512 65 19.0
512 96 4.0
512 148 6.0
512 208 41.0
512 220 6.0
512 228 11.0
512 356 212.0
512 357 12.0
512 512 0
512 535 10.0
513 100 9.0
513 128 11.0
513 134 176.0
513 377 178.0
513 433 28.0
513 513 0
513 806 14.0
513 901 11.0
514 1 14.0
514 4 2.0
514 10 18.0
514 25 40.0
514 30 16.0
514 65 25.0
514 96 10.0
514 148 12.0
514 208 47.0
514 220 12.0
514 228 17.0
514 356 218.0
514 357 18.0
514 512 6.0
514 514 0
514 522 226.0
514 535 16.0
514 803 4.0
515 515 0
515 598 6.0
516 169 2.0
516 516 0
517 0 2.0
517 1 41.0
517 8 4.0
517 10 45.0
517 25 67.0
517 30 43.0
517 65 52.0
517 96 37.0
517 129 16.0
517 148 39.0
517 208 74.0
517 220 39.0
517 228 44.0
517 356 245.0
517 357 45.0
517 512 33.0
517 517 0
517 535 43.0
517 552 18.0
517 642 6.0
517 672 10.0
517 679 4.0
517 704 7.0
518 518 0
519 519 0
520 520 0
520 812 39.0
521 521 0
522 522 0
523 523 0
524 173 3.0
524 524 0
525 525 0
526 526 0
527 527 0
528 36 2.0
528 528 0
528 705 8.0
529 529 0
530 325 9.0
530 530 0
530 614 11.0
531 531 0
532 532 0
533 5 2.0
533 18 9.0
533 533 0
533 641 22.0
534 534 0
535 10 2.0
535 208 31.0
535 535 0
536 412 2.0
536 536 0
536 687 3.0
537 99 2.0
537 537 0
538 538 0
539 539 0
540 540 0
541 541 0
542 542 0
543 543 0
544 544 0
544 718 19.0
545 545 0
546 546 0
546 900 7.0
547 547 0
548 548 0
549 549 0
550 45 12.0
550 550 0
550 800 3.0
551 551 0
552 552 0
553 102 6.0
553 264 28.0
553 553 0
554 1 14.0
554 4 2.0
554 10 18.0
554 25 40.0
554 30 16.0
554 65 25.0
554 96 10.0
554 148 12.0
554 208 47.0
554 220 12.0
554 228 17.0
554 356 218.0
554 357 18.0
554 512 6.0
554 535 16.0
554 554 0
554 803 4.0
555 555 0
556 556 0
557 6 4.0
557 15 7.0
557 352 9.0
557 485 17.0
557 557 0
558 558 0
559 559 0
560 560 0
561 561 0
562 562 0
563 563 0
564 564 0
565 565 0
566 566 0
567 567 0
568 568 0
569 569 0
570 570 0
571 571 0
572 572 0
573 573 0
574 574 0
575 575 0
576 547 2.0
576 576 0
577 577 0
578 578 0
579 579 0
580 580 0
581 581 0
582 582 0
583 0 42.0
583 1 81.0
583 8 44.0
583 10 85.0
583 25 107.0
583 30 83.0
583 65 92.0
583 96 77.0
583 129 9.0
583 148 79.0
583 208 114.0
583 220 79.0
583 228 84.0
583 356 285.0
583 357 85.0
583 512 73.0
583 535 83.0
583 552 58.0
583 583 0
583 642 46.0
583 679 44.0
583 704 47.0
584 584 0
584 833 2.0
585 217 5.0
585 585 0
586 586 0
587 522 4.0
587 587 0
587 608 2.0
588 588 0
589 589 0
590 590 0
591 591 0
592 592 0
593 429 5.0
593 593 0
594 594 0
595 595 0
596 33 9.0
596 320 23.0
596 407 26.0
596 596 0
597 597 0
598 598 0
599 599 0
600 600 0
601 601 0
602 602 0
603 603 0
604 604 0
605 605 0
606 606 0
607 47 4.0
607 155 11.0
607 288 2.0
607 545 11.0
607 586 17.0
607 607 0
607 776 9.0
608 522 2.0
608 608 0
609 609 0
610 610 0
611 611 0
612 534 3.0
612 612 0
613 106 8.0
613 169 16.0
613 516 14.0
613 613 0
613 840 2.0
614 614 0
615 615 0
616 616 0
617 617 0
618 0 53.0
618 1 92.0
618 8 55.0
618 10 96.0
618 25 118.0
618 30 94.0
618 65 103.0
618 70 8.0
618 96 88.0
618 129 20.0
618 148 90.0
618 208 125.0
618 220 90.0
618 228 95.0
618 356 296.0
618 357 96.0
618 512 84.0
618 535 94.0
618 552 69.0
618 618 0
618 642 57.0
618 672 14.0
618 679 55.0
618 704 58.0
619 52 82.0
619 140 38.0
619 168 80.0
619 619 0
620 620 0
621 621 0
622 622 0
623 623 0
624 624 0
625 625 0
626 64 6.0
626 104 4.0
626 132 6.0
626 192 13.0
626 465 10.0
626 626 0
626 780 8.0
626 790 15.0
626 902 12.0
627 627 0
628 628 0
629 36 7.0
629 528 5.0
629 629 0
629 705 13.0
630 630 0
631 631 0
632 632 0
633 633 0
634 634 0
635 635 0
636 636 0
637 637 0
638 638 0
639 639 0
640 160 10.0
640 525 2.0
640 584 2.0
640 640 0
640 833 4.0
641 641 0
642 1 35.0
642 10 39.0
642 25 61.0
642 30 37.0
642 65 46.0
642 96 31.0
642 148 33.0
642 208 68.0
642 220 33.0
642 228 38.0
642 356 239.0
642 357 39.0
642 512 27.0
642 535 37.0
642 642 0
643 643 0
644 644 0
645 548 2.0
645 645 0
646 646 0
647 647 0
648 648 0
649 48 2.0
649 52 6.0
649 67 8.0
649 168 4.0
649 198 24.0
649 649 0
649 812 33.0
650 650 0
651 651 0
652 652 0
653 653 0
654 654 0
655 655 0
656 656 0
657 657 0
658 226 35.0
658 658 0
659 659 0
660 648 2.0
660 660 0
661 661 0
662 374 2.0
662 662 0
663 663 0
664 664 0
665 665 0
666 666 0
667 667 0
668 668 0
669 669 0
670 670 0
671 671 0
672 0 39.0
672 1 78.0
672 8 41.0
672 10 82.0
672 25 104.0
672 30 80.0
672 65 89.0
672 96 74.0
672 129 6.0
672 148 76.0
672 208 111.0
672 220 76.0
672 228 81.0
672 356 282.0
672 357 82.0
672 512 70.0
672 535 80.0
672 552 55.0
672 642 43.0
672 672 0
672 679 41.0
672 704 44.0
673 64 19.0
673 104 17.0
673 132 19.0
673 192 26.0
673 465 23.0
673 656 43.0
673 673 0
673 780 21.0
673 790 28.0
673 902 25.0
674 674 0
675 675 0
676 676 0
677 677 0
678 678 0
679 679 0
680 680 0
681 681 0
682 682 0
683 683 0
684 684 0
685 685 0
686 686 0
687 687 0
688 688 0
689 36 13.0
689 80 5.0
689 528 11.0
689 689 0
689 705 19.0
690 110 34913.0
690 690 0
691 691 0
692 692 0
693 693 0
694 694 0
695 695 0
696 696 0
697 697 0
698 698 0
699 699 0
700 700 0
701 701 0
702 702 0
703 703 0
704 704 0
705 705 0
706 706 0
707 707 0
708 708 0
709 709 0
710 2 26.0
710 710 0
711 19 7.0
711 711 0
712 712 0
713 713 0
714 714 0
715 715 0
716 716 0
717 717 0
718 718 0
719 719 0
720 144 2.0
720 433 7.0
720 720 0
721 64 7.0
721 104 5.0
721 132 7.0
721 192 14.0
721 465 11.0
721 584 2.0
721 721 0
721 780 9.0
721 790 16.0
721 833 4.0
721 902 13.0
722 82 2.0
722 283 7.0
722 722 0
723 142 8.0
723 723 0
724 724 0
725 25 20.0
725 65 5.0
725 725 0
726 726 0
727 727 0
728 712 2.0
728 728 0
729 729 0
730 730 0
731 731 0
732 732 0
733 733 0
734 734 0
735 735 0
736 24 17.0
736 736 0
736 781 19.0
736 786 27.0
737 737 0
738 738 0
739 739 0
740 740 0
741 741 0
742 742 0
743 743 0
744 280 2.0
744 744 0
745 745 0
746 746 0
747 747 0
748 748 0
749 749 0
750 750 0
751 751 0
752 752 0
752 786 89.0
753 753 0
754 754 0
755 755 0
756 756 0
757 757 0
758 758 0
759 759 0
760 40 3.0
760 106 11.0
760 169 19.0
760 220 8.0
760 516 17.0
760 760 0
760 840 5.0
761 761 0
762 762 0
763 763 0
764 764 0
765 765 0
766 766 0
767 767 0
768 666 2.0
768 768 0
769 769 0
770 211 2.0
770 663 4.0
770 770 0
771 45 15.0
771 128 8.0
771 134 173.0
771 377 175.0
771 433 25.0
771 771 0
771 800 6.0
771 806 11.0
772 772 0
773 773 0
774 774 0
775 775 0
775 921 7.0
776 155 2.0
776 586 8.0
776 776 0
777 777 0
778 778 0
779 779 0
780 780 0
781 781 0
782 226 2.0
782 782 0
783 783 0
784 784 0
785 785 0
786 786 0
787 787 0
788 788 0
789 789 0
790 790 0
791 791 0
792 274 2.0
792 792 0
793 498 25.0
793 793 0
794 794 0
795 795 0
796 796 0
797 797 0
798 798 0
799 799 0
800 45 9.0
800 800 0
801 801 0
802 802 0
803 1 10.0
803 10 14.0
803 25 36.0
803 30 12.0
803 65 21.0
803 96 6.0
803 148 8.0
803 208 43.0
803 220 8.0
803 228 13.0
803 356 214.0
803 357 14.0
803 512 2.0
803 535 12.0
803 803 0
804 779 12.0
804 804 0
805 805 0
806 806 0
807 807 0
808 808 0
809 809 0
810 810 0
811 811 0
812 812 0
813 813 0
814 814 0
815 815 0
816 816 0
817 817 0
818 253 8.0
818 818 0
819 69 28.0
819 819 0
820 820 0
821 821 0
822 822 0
823 823 0
824 824 0
825 825 0
826 826 0
827 827 0
828 828 0
829 829 0
830 830 0
831 831 0
832 832 0
833 833 0
834 834 0
835 835 0
836 836 0
837 837 0
838 838 0
839 839 0
840 106 6.0
840 169 14.0
840 516 12.0
840 840 0
841 841 0
842 842 0
843 843 0
844 844 0
845 845 0
846 846 0
847 847 0
848 848 0
849 849 0
850 850 0
851 851 0
852 852 0
853 853 0
854 854 0
855 855 0
856 856 0
856 866 4.0
857 857 0
858 858 0
859 859 0
860 860 0
861 861 0
862 862 0
863 863 0
864 864 0
865 865 0
866 866 0
867 867 0
868 868 0
869 869 0
870 6 4.0
870 68 2.0
870 322 16.0
870 870 0
871 871 0
872 32 5.0
872 33 12.0
872 204 15.0
872 320 26.0
872 407 29.0
872 534 11.0
872 612 8.0
872 759 11.0
872 872 0
873 873 0
874 874 0
875 875 0
876 876 0
877 877 0
878 878 0
879 879 0
880 880 0
881 881 0
882 591 5.0
882 778 2.0
882 882 0
883 883 0
884 884 0
885 885 0
886 886 0
887 887 0
888 888 0
889 889 0
890 890 0
891 891 0
892 892 0
893 893 0
894 894 0
895 895 0
896 330 2.0
896 896 0
897 39 6.0
897 897 0
897 982 13.0
898 898 0
899 899 0
900 900 0
901 901 0
902 902 0
903 903 0
904 904 0
905 905 0
906 906 0
907 907 0
908 105 7.0
908 456 2.0
908 774 20.0
908 908 0
909 909 0
910 910 0
911 330 4.0
911 896 2.0
911 911 0
912 912 0
913 913 0
914 914 0
915 915 0
916 742 5.0
916 916 0
917 917 0
918 918 0
919 919 0
920 920 0
921 921 0
922 922 0
923 923 0
924 196 6.0
924 377 8.0
924 924 0
925 925 0
926 926 0
927 927 0
928 928 0
929 929 0
930 930 0
931 657 3.0
931 931 0
932 783 9.0
932 932 0
933 933 0
934 934 0
935 935 0
936 936 0
937 937 0
938 938 0
939 939 0
940 940 0
941 941 0
942 942 0
943 943 0
944 165 22.0
944 944 0
945 945 0
946 946 0
947 947 0
948 948 0
949 949 0
950 950 0
951 253 13.0
951 818 5.0
951 951 0
952 952 0
953 905 2.0
953 953 0
954 954 0
955 955 0
956 956 0
957 957 0
958 958 0
959 959 0
960 960 0
961 961 0
962 962 0
963 963 0
964 964 0
965 965 0
966 966 0
967 967 0
968 968 0
969 969 0
970 970 0
971 971 0
972 972 0
973 973 0
974 974 0
975 975 0
976 976 0
977 977 0
978 978 0
979 979 0
980 980 0
981 981 0
982 982 0
983 983 0
984 984 0
985 985 0
986 986 0
987 987 0
988 988 0
989 989 0
990 35 2.0
990 36 21.0
990 80 13.0
990 528 19.0
990 689 8.0
990 705 27.0
990 990 0
991 991 0
992 992 0
993 993 0
994 994 0
995 995 0
996 996 0
997 997 0
998 998 0
999 999 0
1000 1000 0
1001 1001 0
1002 1002 0
1003 1003 0
1004 1004 0
1005 1005 0
1006 1006 0
1007 1007 0
1008 1008 0
1009 1009 0
1010 1010 0
1011 1011 0
1012 1012 0
1013 1013 0
1014 1014 0
1015 1015 0
1016 1016 0
1017 1017 0
1018 52 20.0
1018 168 18.0
1018 358 2.0
1018 1018 0