0 8 2
0 679 2
0 704 5
1 30 2
1 228 3
1 357 4
1 535 2
3 652 8
4 803 2
5 18 7
7 715 11
8 552 14
8 642 2
9 416 8
10 208 29
12 634 2
15 352 2
15 485 10
16 24 15
16 148 2
16 643 2
16 806 9
17 258 16
18 641 13
20 28 8
20 69 18
22 97 2
22 281 3
24 781 2
24 786 10
27 210 2
28 203 12
32 33 7
32 204 10
32 612 3
32 759 6
33 320 14
35 689 6
36 705 6
38 544 2
39 982 7
40 840 2
42 42 2
48 67 6
48 168 2
48 198 22
53 245 2
54 112 4971
54 718 13
56 267 2
56 560 7
57 5 35
57 128 3
64 192 7
64 465 4
64 780 2
64 790 9
65 25 15
68 322 14
70 672 6
77 256 12
77 450 3
79 165 2
80 528 6
82 283 5
83 115 2
85 31 2
87 515 3
89 2 8
95 20 2
96 148 2
96 220 2
96 356 208
97 48 6
98 352 23
98 401 2
100 128 2
100 901 2
102 264 22
104 64 2
104 132 2
106 516 6
108 514 3
112 3 8
114 416 5
117 803 9
122 294 9
128 134 165
128 433 17
128 806 3
129 0 33
130 78 2
130 273 4
130 368 7
134 377 2
138 266 29
138 590 2
140 168 42
144 433 5
145 513 5
146 396 13
148 1 2
151 207 4
151 250 10
164 329 11
168 52 2
174 493 22
184 161 17
185 42 32
188 199 169
193 775 23
194 592 235
196 377 2
197 297 178
198 812 9
200 577 4
203 654 2
206 80 12
209 513 2
212 34 69
233 912 2
256 212 3
256 963 6
257 272 2
259 226 2
260 256 2
260 545 3
262 32 5
265 632 2
276 288 2
277 27 58
284 835 2
288 47 2
288 545 9
288 776 7
289 648 10
290 0 6
296 409 3
300 140 4
303 292 3
306 550 2
310 44 2
312 514 2
320 407 3
324 179 2
325 614 2
331 512 61
334 288 3
342 536 6
353 684 2
358 168 16
360 732 2
362 34 2
376 193 24
380 339 3
384 692 5
384 962 2
385 75 2
387 545 6
392 336 2
395 558 2
400 21 9
402 80 2
405 160 58
409 66 19
416 279 3
416 832 2
420 288 2
428 880 2
452 48 2
453 368 2
456 105 5
456 774 18
460 566 4
462 516 3
465 902 2
480 731 3
489 64 2
512 65 19
512 96 4
513 100 9
514 4 2
514 522 226
515 598 6
516 169 2
517 0 2
517 672 10
520 812 39
524 173 3
528 36 2
530 325 9
533 5 2
535 10 2
536 412 2
536 687 3
537 99 2
544 718 19
546 900 7
550 800 3
553 102 6
554 4 2
557 6 4
557 15 7
576 547 2
583 129 9
584 833 2
585 217 5
587 608 2
593 429 5
596 33 9
607 288 2
608 522 2
612 534 3
613 840 2
618 70 8
619 140 38
626 104 4
629 528 5
640 160 10
640 525 2
640 584 2
642 512 27
645 548 2
649 48 2
658 226 35
660 648 2
662 374 2
672 129 6
673 104 17
673 656 43
689 80 5
690 110 34913
710 2 26
711 19 7
720 144 2
721 104 5
721 584 2
722 82 2
723 142 8
725 65 5
728 712 2
736 24 17
744 280 2
752 786 89
760 40 3
760 220 8
768 666 2
770 211 2
770 663 4
771 128 8
771 800 6
775 921 7
776 155 2
776 586 8
782 226 2
792 274 2
793 498 25
800 45 9
803 512 2
804 779 12
818 253 8
819 69 28
840 106 6
856 866 4
870 6 4
870 68 2
872 32 5
882 591 5
882 778 2
896 330 2
897 39 6
908 456 2
911 896 2
916 742 5
924 196 6
931 657 3
932 783 9
944 165 22
951 818 5
953 905 2
990 35 2
1018 358 2
