1860 0.008589309650658544 
675 0.008589309650658544 
1446 0.008606402655814357 
439 0.008589309650658544 
1898 0.008589309650658544 
1578 0.008589309650658544 
1527 0.008597856151810964 
223 0.008614949162611685 
1485 0.008589309650658544 
1707 0.008589309650658544 
1343 0.008597856151810964 
931 0.008649135216635564 
46 0.008589309650658544 
333 0.008606402655814357 
1141 0.008589309650658544 
228 0.008589309650658544 
580 0.008606402655814357 
1420 0.008572216657139095 
196 0.008589309650658544 
72 0.008572216093081637 
527 0.008589309650658544 
505 0.008589309650658544 
1230 0.008606402655814357 
157 0.008589309650658544 
1241 0.008589309650658544 
503 0.008589309650658544 
1172 0.008597856458182849 
1758 0.008589309650658544 
1075 0.008589309650658544 
1856 0.008589309650658544 
1672 0.008589309650658544 
1524 0.008606402655814357 
21 0.008589309650658544 
982 0.008589309650658544 
603 0.00860640295175749 
107 0.008589309650658544 
1957 0.00863204218436498 
1441 0.008589309650658544 
1969 0.008589309650658544 
640 0.008589309650658544 
1565 0.008589309650658544 
1667 0.008597856151810964 
847 0.008589309650658544 
998 0.008589309650658544 
1570 0.008614949162611685 
1052 0.008589309650658544 
1997 0.008589309650658544 
24 0.008589309650658544 
211 0.008589309650658544 
1460 0.008589309650658544 
1897 0.008589309650658544 
574 0.008589309650658544 
457 0.008580763152415016 
988 0.008606402655814357 
1017 0.008589309650658544 
749 0.008589309650658544 
1190 0.008589309650658544 
1349 0.008597856151810964 
1108 0.008589309650658544 
1216 0.008589309650658544 
488 0.008589309650658544 
646 0.008623495672146892 
702 0.008589309650658544 
811 0.008589309650658544 
424 0.008572216356244177 
1694 0.008589309650658544 
1008 0.008589309650658544 
1857 0.008614949162611685 
398 0.008589309650658544 
1124 0.00858076348010053 
1260 0.008589309650658544 
477 0.008589309650658544 
614 0.008589309650658544 
263 0.008589309650658544 
1258 0.008597856151810964 
1348 0.008589309650658544 
1416 0.008589309650658544 
1700 0.008589309650658544 
1834 0.008589309650658544 
796 0.008589309650658544 
934 0.008589309650658544 
1092 0.008597856151810964 
1205 0.008597856151810964 
1858 0.008589309650658544 
365 0.008589309650658544 
561 0.008597856458182849 
499 0.008589309650658544 
620 0.008589309650658544 
1766 0.008589309650658544 
1383 0.008597856458182849 
906 0.008597856151810964 
331 0.008589309650658544 
803 0.008589309650658544 
1266 0.008589309650658544 
1 0.008589309650658544 
491 0.008589309650658544 
821 0.008589309650658544 
1001 0.008589309650658544 
1032 0.008606402655814357 
688 0.008597856151810964 
