0 4 2 5 536
0 9 8 5 3086
0 29 2 3 17
0 47 4 4 90
0 112 2 6 4866
0 135 8 6 8535
0 150 4 4 131
0 156 4 1 7
0 166 6 2 14
0 215 7 1 4
0 256 5 4 200
0 259 6 3 81
0 274 2 6 6291
0 321 6 2 14
0 415 8 2 39
0 618 9 3 120
0 646 4 3 30
0 670 3 6 3076
0 674 4 1 4
0 679 2 2 4
0 704 8 1 7
0 843 10 1 4
0 902 2 2 4
0 917 3 7 28944
0 936 3 3 25
1 15 1 5 296
1 30 7 3 38
1 37 4 3 77
1 70 4 5 500
1 135 9 2 17
1 228 5 9 2182030
1 292 6 5 1773
1 481 10 1 12
1 535 3 4 138
1 644 10 3 171
1 705 1 6 1286
1 768 1 3 10
1 825 10 2 19
1 920 2 5 705
2 0 10 3 65
2 3 1 2 4
2 8 8 1 4
2 48 7 5 860
2 167 6 7 39882
2 260 8 2 22
2 267 2 4 111
2 328 3 1 4
2 523 2 4 53
3 24 3 5 587
3 131 7 1 11
3 272 9 3 56
3 277 8 1 4
3 530 9 2 24
3 592 10 1 4
3 817 9 3 168
4 15 10 2 38
4 24 5 4 151
4 50 2 5 577
4 60 2 2 4
4 64 3 5 1207
4 248 3 1 4
4 284 2 2 4
4 293 6 5 1719
4 368 1 5 632
4 576 9 1 5
4 683 9 1 4
4 808 6 2 12
5 584 8 3 92
6 148 1 2 4
6 259 10 1 10
6 267 4 1 4
6 268 1 3 7
6 798 6 5 1921
6 1002 10 1 4
7 110 10 6 9026
7 237 7 2 34
7 715 9 1 7
8 1 1 3 7
8 2 3 2 9
8 19 4 5 543
8 58 2 5 527
8 273 6 1 7
8 386 5 3 106
8 393 10 1 4
8 552 6 4 152
8 642 4 1 4
8 735 2 7 9940
8 850 3 2 7
8 902 6 3 36
9 39 10 4 281
9 43 6 1 4
9 416 3 4 96
9 526 3 1 4
9 572 2 2 4
9 907 7 2 19
10 13 5 8 508467
10 40 2 2 4
10 75 6 1 4
10 160 4 1 4
10 176 3 2 7
10 208 1 3 10
10 518 2 6 5211
10 523 4 5 829
10 584 5 1 4
10 599 10 4 247
10 680 1 8 43267
10 778 9 3 53
11 204 1 3 7
11 586 6 4 276
12 0 2 2 4
12 24 4 7 136341
12 116 2 4 151
12 128 7 1 9
12 366 10 2 20
12 781 4 7 21543
13 66 5 1 4
13 192 8 2 20
13 224 5 1 5
13 780 6 1 5
14 127 9 1 7
14 210 7 2 20
14 584 9 1 10
15 352 2 5 437
15 485 6 1 4
15 659 1 4 37
16 9 2 2 7
16 24 9 7 88277
16 64 3 2 15
16 96 8 5 1248
16 132 7 2 18
16 148 8 9 5776479
16 198 5 3 51
16 516 7 1 7
16 643 8 3 46
16 806 2 6 6028
17 48 4 3 26
17 129 4 1 4
17 258 8 1 7
18 51 8 1 7
18 203 6 6 7690
18 215 2 2 10
18 641 6 7 106617
19 7 1 3 7
19 24 9 1 4
19 657 6 1 4
19 709 8 1 14
20 1 2 2 7
20 10 2 4 82
20 28 10 1 4
20 36 8 3 57
20 176 4 1 4
20 194 8 1 6
20 323 9 2 28
20 786 1 3 9
21 116 4 5 1502
21 258 5 10 12344099712
21 308 1 3 17
22 24 10 3 90
22 68 2 3 16
22 97 7 2 15
22 107 9 2 45
22 320 8 1 4
22 331 6 1 4
22 565 10 8 708115
23 328 7 5 1038
23 770 1 5 148
23 886 10 1 10
24 9 3 4 318
24 533 2 2 4
24 786 8 3 55
24 848 5 3 30
24 944 1 5 286
25 523 10 1 7
25 592 7 1 7
26 20 10 4 505
26 22 1 7 5630
26 109 9 1 4
26 801 3 5 524
27 130 7 1 7
27 210 4 3 71
27 547 2 2 10
28 42 2 6 4145
28 72 3 6 7456
28 146 1 4 76
28 192 2 4 60
28 203 6 3 83
28 624 9 2 26
28 647 9 1 7
29 1 2 8 353452
29 5 10 1 9
29 327 8 1 10
29 532 3 1 4
29 809 4 3 30
30 21 1 4 35
30 52 3 2 9
30 129 5 8 374213
30 588 7 4 271
31 77 10 3 70
31 561 2 2 4
32 16 5 3 41
32 33 8 7 315708
32 42 4 2 15
32 72 6 1 4
32 185 4 2 9
32 196 10 1 4
32 204 8 2 23
32 211 10 3 75
32 219 3 7 48655
32 388 5 3 31
32 414 3 1 4
32 514 2 5 251
32 612 5 1 7
32 641 10 7 88984
32 721 6 2 14
32 759 6 6 21240
32 848 4 4 122
33 2 9 9 11819280
33 26 5 5 1556
33 31 10 1 4
33 64 1 7 6265
33 277 5 2 12
33 544 1 3 18
33 898 4 1 5
33 945 2 2 7
34 144 4 1 4
34 292 5 1 4
34 324 1 3 12
34 561 9 5 3926
34 720 1 4 42
34 800 4 3 45
35 65 1 4 106
35 266 2 7 15861
35 551 7 1 4
35 689 7 8 287254
36 12 6 1 4
36 34 3 6 3060
36 48 8 5 5053
36 257 4 1 4
36 266 5 6 23572
36 448 5 3 88
36 705 4 1 7
36 858 4 3 29
37 2 6 2 12
37 13 4 7 39127
37 364 2 6 3758
37 520 5 1 4
37 594 10 2 39
37 640 3 5 577
38 1 6 3 128
38 180 5 1 7
38 544 7 2 19
39 3 7 6 13348
39 520 2 6 2853
39 982 6 2 23
40 20 4 2 17
40 39 5 2 23
40 256 10 1 14
40 605 10 1 5
40 672 6 1 4
40 756 10 3 61
40 761 2 4 200
40 840 7 2 20
40 980 5 4 175
41 263 7 1 7
41 276 5 5 1306
41 321 1 9 847478
41 513 10 3 64
42 140 1 9 3031648
42 329 6 4 592
42 411 10 6 9290
42 839 7 2 21
43 546 6 2 15
44 12 9 1 6
44 47 8 3 107
44 524 5 5 1450
45 50 10 1 7
45 615 1 3 11
45 808 10 4 226
45 844 5 4 547
47 80 1 2 4
47 1022 8 2 19
48 67 10 1 7
48 176 3 3 37
48 193 2 6 5267
48 198 2 2 7
48 226 6 3 55
48 646 6 3 54
48 708 1 3 19
48 843 1 2 4
48 932 3 6 3642
49 17 5 3 30
49 313 5 4 146
49 516 6 2 15
50 113 6 1 7
50 528 5 8 436482
51 70 3 3 61
51 377 8 2 26
51 516 9 6 13105
52 46 6 2 30
52 285 4 3 22
52 390 4 9 1501248
52 899 7 1 7
53 146 6 1 7
53 245 6 1 4
54 112 2 3 28
54 718 5 7 156925
55 278 10 1 4
56 89 2 6 4955
56 267 4 1 4
56 472 7 4 215
56 544 8 1 4
56 560 3 3 32
57 5 5 6 8129
57 33 9 1 4
57 128 5 1 7
58 113 4 1 4
59 58 2 4 82
59 292 9 1 7
59 453 4 9 6857263
59 583 5 4 156
60 3 8 3 78
60 5 5 5 810
60 33 1 5 126
60 948 4 5 1734
61 644 6 3 35
61 648 2 3 23
62 521 3 7 50140
64 26 6 2 16
64 192 2 6 2742
64 194 7 2 27
64 197 10 1 4
64 203 2 4 169
64 272 3 1 4
64 465 5 2 14
64 481 2 3 25
64 514 7 7 37461
64 686 6 7 179662
64 756 1 3 10
64 780 6 2 27
64 790 1 2 4
65 25 10 1 4
65 61 2 3 38
65 96 1 3 7
65 118 5 1 4
65 265 8 4 536
65 274 8 1 13
65 421 3 2 15
65 515 6 2 16
65 571 4 2 9
65 614 8 2 17
66 140 1 3 12
66 545 1 8 42778
67 2 1 2 4
67 16 9 4 216
67 20 3 2 15
67 37 6 2 23
67 73 3 3 30
67 453 10 2 52
67 482 6 1 4
67 840 2 4 94
68 153 7 7 116631
68 192 9 1 7
68 226 8 1 5
68 284 6 3 123
68 322 1 4 48
68 576 5 7 36750
69 138 8 1 12
69 466 1 2 4
69 529 9 1 9
69 572 9 5 1722
69 768 1 2 4
70 109 6 1 7
70 212 7 3 140
70 431 1 4 62
70 608 7 1 4
70 642 9 1 4
70 646 7 3 65
70 648 10 1 4
71 1 1 4 25
71 264 7 2 23
71 409 10 4 1031
71 700 1 3 7
72 37 9 1 4
72 65 6 1 6
72 280 5 5 2788
72 437 3 7 23140
72 533 8 2 23
72 961 2 3 14
73 870 2 3 30
73 999 10 2 27
74 512 9 4 863
74 548 8 1 4
74 600 9 1 4
74 768 10 2 18
74 1012 2 5 540
75 576 1 5 373
76 76 2 4 48
76 133 10 1 10
76 262 7 2 14
77 256 10 1 5
77 267 10 6 24594
77 450 7 5 916
79 386 2 6 1861
80 0 2 2 9
80 51 5 3 45
80 82 9 3 60
80 132 10 1 10
80 211 4 4 135
80 528 7 4 410
80 677 7 4 351
80 920 9 2 22
82 283 10 2 48
83 115 6 2 12
83 124 10 3 54
83 304 2 2 5
83 617 8 2 17
83 784 8 5 1720
84 64 3 5 579
84 74 3 4 72
84 216 6 2 25
84 490 2 2 7
85 31 3 4 256
85 65 10 2 52
86 234 9 5 5579
86 524 8 1 4
87 353 6 1 4
87 462 2 5 685
87 512 7 5 903
88 330 6 1 4
89 2 10 1 7
89 4 6 3 42
89 76 3 2 12
90 20 9 6 11341
90 274 7 3 62
90 843 10 3 55
90 977 3 2 10
90 988 1 4 59
91 154 10 1 7
91 652 3 5 553
91 951 4 3 36
92 38 4 3 62
92 91 3 1 4
93 49 1 2 4
94 954 4 1 7
95 20 4 1 4
96 32 7 7 109638
96 80 1 5 213
96 103 1 3 22
96 148 5 8 590408
96 276 3 5 1014
96 321 6 1 4
96 820 6 1 7
97 18 1 2 4
97 48 3 3 29
97 130 1 2 4
97 144 10 1 4
97 167 8 2 18
97 195 10 1 4
97 286 3 1 4
97 473 10 1 12
97 525 1 3 12
98 14 9 1 12
98 352 1 5 157
98 401 10 1 4
98 928 7 2 29
99 134 8 4 433
99 249 5 4 382
100 128 4 3 26
100 294 3 6 4510
101 70 7 1 7
101 124 3 1 4
101 161 4 4 352
101 169 7 3 63
101 392 4 3 57
101 599 2 4 66
102 6 2 2 4
102 78 5 2 12
102 166 2 4 134
102 264 10 1 17
103 704 6 3 60
104 26 4 1 4
104 28 5 1 4
104 48 5 5 867
104 64 8 1 4
104 132 9 1 4
104 313 10 1 7
104 512 3 4 138
104 673 8 1 10
105 296 4 3 31
105 779 1 8 51743
106 516 6 1 4
106 652 7 1 5
107 3 6 2 27
107 129 7 3 105
108 133 7 3 79
108 514 3 2 7
108 825 3 1 4
111 12 3 3 41
112 1 2 6 1564
112 3 6 1 10
112 28 7 7 61179
112 84 7 1 4
112 165 10 1 16
112 776 9 1 4
114 68 7 6 8834
114 416 10 1 7
114 452 8 4 278
114 497 8 2 20
114 872 4 1 7
116 33 6 1 4
117 803 9 3 75
118 565 10 4 402
119 446 1 5 416
119 836 5 8 378120
120 0 8 2 34
120 76 7 1 4
121 536 8 1 7
122 24 5 2 12
122 185 8 1 4
122 294 7 1 7
123 600 3 6 10147
124 348 8 3 166
125 268 2 3 11
128 1 2 2 7
128 10 7 3 75
128 134 4 2 10
128 208 8 1 7
128 320 10 4 704
128 362 8 1 7
128 375 7 4 182
128 376 2 3 20
128 433 8 2 25
128 453 5 2 11
128 770 2 4 185
128 806 5 1 7
129 0 10 5 1753
129 37 1 5 456
129 39 2 8 256904
129 88 1 2 4
129 584 4 2 15
129 707 5 1 4
130 78 2 4 87
130 272 10 2 18
130 273 1 8 63041
130 368 6 2 12
130 520 3 2 15
130 532 1 4 31
130 540 6 1 7
130 675 10 3 166
130 980 1 3 7
131 581 8 2 17
132 17 5 3 58
132 94 6 5 1532
132 137 8 3 56
132 372 9 3 90
132 916 7 3 143
133 23 9 1 9
133 614 1 3 7
134 84 4 4 199
134 224 8 4 337
134 390 1 5 273
135 544 10 1 4
136 21 2 3 11
136 39 4 3 36
136 160 6 3 52
136 482 6 8 251119
136 610 4 2 19
136 657 8 3 104
136 831 7 1 4
137 148 4 1 7
137 259 2 2 4
137 325 2 6 3986
137 678 4 3 40
137 778 5 1 4
138 266 9 1 4
138 415 4 6 3884
139 426 2 2 6
140 72 8 3 46
140 135 2 2 4
140 143 9 8 898806
140 464 1 2 4
140 724 5 1 4
140 776 2 6 3229
141 2 4 3 23
141 954 8 5 4871
142 641 2 7 14923
143 116 1 3 10
143 144 6 6 5210
143 642 3 2 7
144 18 5 5 747
144 68 1 6 969
144 248 10 1 10
144 257 4 1 4
144 418 1 2 5
144 520 10 1 7
144 800 3 4 73
145 1 7 1 4
145 2 4 4 326
145 67 10 5 4435
145 94 8 3 149
145 184 5 4 247
145 216 10 1 7
145 273 4 4 373
145 392 6 2 11
145 513 7 3 56
145 576 6 1 4
146 69 4 6 7725
146 146 8 3 58
146 396 3 2 7
147 513 4 3 52
147 522 4 1 4
148 1 1 5 393
148 24 1 5 123
148 130 4 3 22
148 139 7 1 10
148 146 1 5 191
148 278 2 3 17
148 464 7 1 7
148 515 4 5 522
148 912 10 2 19
149 20 1 3 7
149 633 7 1 8
150 141 8 1 4
150 160 2 3 21
151 102 7 1 12
151 132 3 1 4
151 207 9 1 15
151 250 3 2 7
153 26 1 4 28
153 151 8 1 4
153 171 7 1 7
153 592 4 8 411623
153 598 4 10 3251297548
153 961 8 1 11
156 54 9 1 4
156 133 6 1 4
156 521 6 1 7
156 814 1 7 6694
157 404 2 3 28
158 104 2 4 144
159 526 3 6 8058
160 81 5 5 658
160 144 7 4 328
160 452 2 2 5
160 644 8 1 11
160 801 8 2 26
161 21 4 2 18
161 40 7 1 7
161 326 6 5 764
161 376 4 5 593
161 524 7 1 4
161 576 1 3 9
161 717 3 1 4
161 898 7 3 76
162 160 6 4 288
162 290 6 1 4
162 306 2 4 179
162 517 1 6 784
163 227 6 1 4
164 34 3 6 13535
164 38 7 3 38
164 87 5 2 10
164 264 8 2 18
164 280 2 2 10
164 329 2 3 18
164 481 2 2 4
164 646 4 4 223
165 141 1 3 7
165 397 6 1 9
167 104 5 2 13
167 289 10 2 29
167 384 10 1 4
167 456 8 3 60
167 712 6 2 14
168 8 6 2 15
168 52 3 3 28
168 68 4 1 4
168 98 5 2 22
168 480 9 2 17
169 72 9 1 12
169 351 7 2 13
169 514 6 7 75970
171 144 9 1 7
171 810 5 1 4
172 8 4 1 7
172 32 5 2 15
172 664 2 2 4
174 493 1 7 22397
174 582 1 3 18
175 863 10 2 50
176 32 6 4 219
176 137 6 4 384
176 270 1 3 6
176 824 4 2 12
176 864 3 1 4
176 916 3 1 4
176 932 9 1 4
177 560 1 2 4
177 611 8 1 9
177 744 8 1 4
178 100 5 3 83
178 144 4 2 20
178 580 3 4 216
178 797 10 6 7865
179 429 7 3 48
180 19 9 5 2359
180 600 8 1 10
180 973 7 1 4
181 97 4 1 4
181 331 7 3 128
181 768 4 3 36
182 300 4 1 7
182 672 9 1 7
182 728 7 2 17
184 141 1 2 4
184 161 8 3 43
184 664 7 2 19
185 5 6 3 52
185 42 8 4 613
186 272 3 3 29
187 800 8 1 4
188 4 7 3 125
188 199 4 7 44824
192 43 6 2 11
192 72 6 1 4
192 177 10 1 7
192 388 2 2 4
192 392 2 7 23503
192 536 5 3 35
192 713 9 5 2006
192 898 5 1 4
192 904 8 1 9
192 999 1 10 527422727
193 8 2 3 13
193 28 2 4 78
193 120 9 1 4
193 131 5 3 73
193 162 10 1 4
193 375 3 2 14
193 422 7 1 7
193 718 7 3 41
193 775 6 4 270
194 321 7 1 9
194 592 6 3 40
194 677 3 3 54
196 377 9 7 70665
197 100 3 3 16
197 297 5 1 4
197 592 2 2 4
197 769 3 4 73
198 3 6 6 4285
198 196 3 1 4
200 146 6 6 10068
200 445 1 9 607095
200 577 5 1 7
200 924 1 3 6
201 39 9 3 67
201 98 1 6 1046
201 140 10 1 17
202 11 1 4 93
203 654 5 1 4
204 6 1 4 107
204 520 9 1 4
205 457 1 3 7
206 80 2 5 306
206 530 9 1 10
208 12 6 1 10
208 14 5 1 4
208 88 6 1 4
208 534 3 8 377697
209 55 10 1 10
209 513 1 3 10
209 564 4 1 7
211 4 8 1 10
212 69 4 2 9
212 112 7 1 4
212 262 3 6 5691
212 285 4 1 6
212 673 10 5 5336
213 64 2 2 7
214 369 4 4 155
214 585 2 2 7
216 66 3 3 18
218 86 2 4 115
219 389 3 1 4
220 658 2 2 10
222 532 6 1 9
222 852 1 2 4
225 257 7 5 1658
225 316 6 4 423
225 948 9 1 4
226 35 10 1 4
226 157 3 4 107
227 336 6 2 29
227 838 6 5 1471
228 32 7 4 290
228 294 5 3 30
230 9 6 7 37679
231 261 7 2 25
231 290 6 1 7
232 5 8 5 1229
232 65 9 2 29
232 80 8 2 34
232 480 5 6 14821
233 212 2 6 6499
233 912 2 3 17
233 973 5 1 4
234 848 4 1 4
235 281 9 1 7
235 645 10 1 4
237 91 10 1 4
238 620 3 2 6
238 642 8 1 7
239 370 5 4 197
239 560 4 2 20
240 18 4 1 4
240 66 3 3 30
240 799 3 6 3424
240 914 3 2 7
241 206 10 2 22
241 245 4 1 4
244 33 2 2 4
244 356 6 3 126
244 932 4 4 138
245 705 1 2 4
246 64 3 1 5
247 626 9 1 4
248 0 4 2 12
248 290 5 1 4
248 557 4 7 58801
248 902 7 5 918
250 46 6 1 3
256 1 5 6 14257
256 4 8 1 7
256 5 7 2 14
256 68 6 1 9
256 69 2 5 372
256 97 10 1 11
256 262 3 2 7
256 312 7 7 87402
256 416 3 4 214
256 512 3 4 114
256 522 10 3 190
256 616 8 5 947
256 705 8 3 66
256 804 5 2 10
256 904 1 4 29
256 992 4 1 6
257 0 1 4 38
257 156 2 3 12
257 544 3 4 234
257 680 3 5 375
257 806 3 4 102
257 920 5 3 92
258 24 1 2 4
258 34 5 1 6
258 138 7 1 4
258 265 10 2 25
258 673 3 5 600
258 810 2 4 74
258 880 5 1 4
259 7 5 1 4
259 226 4 1 4
259 268 5 1 7
259 532 7 7 87516
260 131 6 2 24
260 256 7 2 37
260 522 10 2 52
260 545 9 1 7
260 678 6 2 21
260 978 6 4 243
261 8 3 5 1900
261 67 8 1 4
261 356 3 1 4
261 672 8 2 42
261 995 6 5 1241
262 32 7 5 3726
262 134 1 4 57
262 193 6 2 14
262 256 6 4 144
262 906 6 1 4
264 1 8 2 36
264 296 8 2 24
264 320 8 4 295
264 568 8 4 859
265 339 5 1 7
266 11 7 2 33
266 56 8 2 16
266 242 5 3 27
266 326 8 2 32
266 336 9 1 15
267 523 9 2 18
268 34 3 1 4
268 192 10 5 3011
268 512 6 4 142
268 577 4 2 14
269 444 10 1 7
269 640 4 3 46
270 73 2 2 7
270 532 2 5 617
272 162 6 1 10
272 208 9 1 4
272 225 8 2 23
272 234 7 2 25
272 259 4 3 28
272 280 3 2 10
272 378 4 6 7774
272 520 7 4 329
272 554 4 2 15
272 640 5 4 136
272 684 7 1 7
272 899 5 7 37888
273 581 1 6 1160
273 903 10 1 17
274 98 1 3 15
274 334 7 5 920
275 4 5 4 296
275 16 7 5 2596
275 133 2 3 14
275 401 2 2 4
275 485 6 1 4
275 512 9 1 9
276 392 3 4 111
276 394 1 3 19
276 628 10 6 9126
276 661 6 6 16274
277 8 6 1 4
277 27 5 6 3777
277 128 5 1 7
278 258 2 2 6
279 18 4 1 5
279 901 9 2 38
280 36 7 5 2066
280 82 2 3 14
280 674 10 1 13
281 101 9 1 7
282 136 4 4 223
282 576 7 5 1144
282 717 10 1 4
282 787 5 2 9
283 514 10 4 719
284 835 1 6 3255
285 104 8 2 18
286 624 8 1 4
286 832 9 2 37
287 448 2 2 9
287 802 4 8 359608
288 47 10 1 4
288 50 2 9 1623075
288 132 4 6 9562
288 224 3 6 2278
288 292 6 5 807
288 341 2 5 473
288 545 5 4 126
288 776 10 1 9
289 60 4 4 333
289 156 8 1 4
289 345 3 2 12
289 468 10 1 4
289 753 2 2 7
289 788 2 2 8
290 0 4 4 401
290 258 2 5 731
290 328 5 1 4
291 32 7 2 15
291 768 8 1 4
292 19 4 3 50
292 134 10 1 4
292 162 10 1 4
292 524 10 1 4
292 593 9 2 40
293 960 1 3 11
294 742 6 2 15
294 864 10 1 7
296 57 9 1 7
296 84 7 1 4
296 131 5 1 5
296 231 8 4 484
296 260 9 5 1845
296 288 2 2 4
296 336 8 2 34
296 409 9 2 30
296 516 8 1 4
297 325 5 1 4
297 389 10 5 2415
297 544 6 1 7
297 742 10 1 7
298 75 6 1 7
298 800 1 7 18976
299 78 10 1 4
299 291 9 7 190421
300 29 3 8 286763
300 140 1 3 7
301 274 8 4 573
301 777 3 3 52
303 292 10 1 4
304 6 1 3 9
304 8 1 3 10
304 42 8 1 4
304 63 5 1 7
304 106 3 7 44684
304 212 1 4 35
304 292 3 2 7
305 11 6 6 5918
305 34 4 2 12
305 163 6 3 130
306 36 5 6 5897
306 918 1 2 4
308 21 8 1 4
308 583 1 3 7
308 692 9 6 16101
308 832 2 2 7
308 848 3 6 2600
309 77 8 4 624
309 774 6 2 22
310 44 2 4 78
310 936 9 5 1472
312 514 5 2 12
314 109 5 2 10
314 156 4 1 7
314 376 7 4 458
314 518 4 1 4
315 739 10 3 173
316 452 7 4 736
318 532 8 6 12240
318 914 10 1 4
320 29 5 2 20
320 315 7 3 85
320 428 2 2 4
320 468 2 3 16
320 641 10 7 328752
320 720 7 1 4
321 4 5 1 4
321 262 3 1 4
321 834 6 8 1029660
321 1008 3 1 4
322 0 9 1 4
322 272 5 3 36
322 416 1 2 4
322 899 9 4 461
322 902 7 6 5353
323 515 4 3 53
324 16 2 5 1254
324 106 10 3 90
324 167 7 1 7
324 200 10 1 7
324 513 3 1 4
324 530 6 4 239
325 6 9 1 13
325 74 7 1 9
325 145 8 2 22
325 192 9 1 4
325 614 5 4 115
325 720 4 2 14
326 11 4 1 7
326 16 2 2 4
326 32 2 2 7
326 116 6 5 1795
326 280 1 2 4
326 443 3 2 10
327 675 10 1 14
327 698 3 1 5
328 45 7 4 696
328 853 1 5 421
329 35 2 2 4
329 258 2 3 21
330 8 3 2 14
331 512 5 2 9
332 456 9 5 4421
334 265 4 2 10
334 288 3 1 4
335 83 1 2 4
335 391 7 1 10
336 100 6 3 114
336 632 7 1 9
337 352 9 6 7887
337 833 1 2 4
338 33 1 4 31
338 160 7 4 226
338 169 9 1 4
339 42 4 6 8464
340 0 5 1 4
340 106 2 3 20
340 704 5 3 50
340 763 2 2 4
341 576 6 5 2721
342 15 7 1 7
342 168 10 1 12
342 536 5 2 22
343 475 10 3 120
344 188 1 2 4
345 32 6 1 4
345 728 8 1 4
346 11 10 1 7
346 89 4 4 113
347 11 4 2 21
347 149 1 4 62
347 313 6 4 485
348 128 1 3 10
349 12 7 3 147
352 419 9 6 18697
352 514 4 2 10
352 680 1 4 69
352 794 2 2 7
352 860 4 1 5
353 138 1 8 130578
353 389 6 1 4
353 684 5 2 22
354 25 4 3 22
354 30 10 1 15
354 288 10 3 81
354 836 1 4 36
354 969 2 6 1894
355 134 6 10 102580929
356 800 7 2 37
357 641 4 1 4
357 690 5 2 21
358 168 7 1 7
358 197 1 5 163
360 514 5 1 4
360 555 6 2 15
360 784 8 1 4
360 810 8 2 16
361 266 10 1 4
361 316 5 4 216
362 34 8 4 204
364 740 5 2 10
366 657 6 6 26316
368 49 8 4 396
368 925 9 1 11
371 705 5 8 1149027
371 772 3 1 4
372 352 4 1 4
375 77 10 1 7
376 193 10 1 11
379 333 2 4 156
380 339 3 3 65
381 531 6 4 296
382 562 7 1 4
384 5 4 4 98
384 6 4 3 60
384 156 10 4 354
384 168 8 5 4645
384 312 7 3 101
384 332 1 6 3090
384 457 1 4 87
384 531 6 2 15
384 571 8 1 5
384 597 1 4 46
384 962 1 3 13
385 75 10 3 59
385 213 7 1 4
385 214 10 3 89
385 513 9 1 4
385 563 1 6 2681
386 64 2 6 4365
386 158 3 4 86
386 206 7 2 17
386 275 1 3 22
386 846 8 1 4
386 849 3 3 18
386 912 6 6 11549
387 147 9 1 4
387 297 10 3 60
389 596 6 3 82
390 566 2 2 4
391 8 6 3 74
391 461 4 3 36
391 800 9 1 4
392 38 6 7 54556
392 336 1 6 1119
392 553 6 2 22
392 674 4 1 7
393 461 1 3 19
393 577 10 1 4
394 80 4 8 1076547
394 211 8 2 24
394 590 7 1 4
395 4 2 3 13
395 647 5 4 213
396 6 8 1 9
396 454 10 1 7
396 536 3 3 23
396 546 2 4 68
396 777 5 8 224343
396 915 1 5 508
396 960 8 2 22
397 132 8 1 7
398 943 4 1 4
400 10 8 2 17
400 21 4 3 22
400 712 1 4 96
401 16 6 2 14
401 58 8 1 4
401 277 3 5 723
401 284 10 8 3061162
401 673 10 4 1102
402 769 4 4 395
403 98 7 6 5292
404 209 1 2 4
404 298 9 1 10
406 677 3 3 42
406 928 3 1 4
407 591 1 5 141
408 66 5 9 1985725
408 405 6 3 65
408 576 7 3 136
409 66 10 4 505
409 105 3 3 20
409 417 7 6 22598
409 888 3 8 748445
410 520 9 1 4
411 20 3 7 37043
412 6 9 1 10
414 932 2 5 1225
416 52 7 1 9
416 279 8 1 4
416 292 2 6 9601
416 531 6 1 9
416 832 7 2 28
418 16 8 1 4
419 7 6 3 38
419 62 3 1 4
419 844 10 1 4
420 32 5 3 67
420 288 1 4 107
420 424 8 2 15
420 538 10 2 33
420 545 5 5 2460
421 400 7 1 10
422 736 9 6 10031
423 384 8 4 337
424 481 1 5 377
425 161 9 3 87
425 776 8 2 35
426 644 7 1 4
427 580 6 2 20
428 32 7 2 20
428 194 3 6 11481
428 620 1 4 63
428 880 3 2 7
430 8 6 3 113
430 68 5 2 25
433 24 2 2 7
433 197 4 1 4
433 398 4 4 201
434 734 6 1 4
436 597 6 1 7
436 641 2 4 214
441 21 5 6 19485
442 146 5 2 10
442 691 9 1 8
444 769 5 1 7
444 801 8 1 4
448 92 5 1 4
448 513 9 2 23
452 136 5 2 9
452 205 4 4 139
452 488 3 3 22
452 512 9 3 89
452 513 8 1 4
453 368 1 3 7
454 437 4 5 1330
454 782 3 3 29
455 640 8 1 7
456 105 3 3 61
456 376 6 1 4
456 774 5 1 7
458 101 1 8 79907
458 743 10 2 24
460 197 10 1 4
460 462 9 3 81
460 566 6 1 4
461 625 9 6 9422
461 901 8 1 7
462 516 7 2 24
463 916 8 8 333457
464 265 3 1 4
465 531 4 1 6
465 902 3 5 476
466 58 1 3 18
467 211 2 7 70695
467 300 6 6 7934
469 425 6 7 47777
470 713 3 1 5
472 801 4 1 7
473 6 5 1 4
473 600 7 1 4
476 775 6 1 4
480 665 1 2 4
480 731 6 2 29
480 928 7 5 1489
481 288 10 2 40
481 416 1 2 4
482 64 8 1 9
482 208 10 1 4
482 285 2 2 7
483 276 9 3 65
483 555 2 3 14
488 3 1 5 236
488 269 2 3 19
488 334 8 3 127
488 565 1 7 6059
489 64 8 2 23
491 112 1 3 19
496 433 3 6 12088
496 978 2 3 18
501 519 1 5 114
505 332 3 2 12
506 706 4 7 32930
512 1 8 1 4
512 36 3 3 25
512 52 7 2 17
512 65 2 3 12
512 96 10 6 24239
512 153 5 2 9
512 173 8 1 7
512 266 2 5 535
512 438 9 1 4
512 453 1 3 20
512 482 5 8 253547
512 514 3 1 4
513 5 6 4 466
513 65 7 3 140
513 112 4 3 70
513 315 1 3 22
513 548 10 4 898
513 644 7 3 107
514 11 7 3 65
514 401 5 2 18
514 452 8 1 7
514 522 2 3 17
514 572 6 3 52
514 780 2 2 4
515 93 4 5 555
515 157 1 4 60
515 273 9 1 7
515 598 4 1 4
516 69 2 2 7
516 72 7 5 903
516 169 10 1 4
516 357 3 5 494
516 385 3 2 9
516 555 3 3 21
516 605 4 3 27
516 779 10 4 343
517 3 5 3 49
517 8 3 3 35
517 34 1 2 4
517 132 6 1 4
517 177 4 3 61
517 233 2 5 386
517 525 5 7 99065
517 534 10 1 7
517 676 6 2 25
517 768 10 1 4
518 0 10 1 15
518 66 9 1 7
518 517 7 1 3
519 944 1 4 44
520 164 2 4 92
520 296 10 1 5
520 436 8 2 23
520 785 1 6 3377
520 812 5 2 25
520 896 1 4 59
521 81 6 1 4
521 131 4 2 17
521 229 3 5 635
521 450 2 6 1507
521 554 8 1 7
521 560 2 8 191584
521 609 3 3 16
522 1 3 6 4516
522 121 10 1 17
522 234 1 5 291
522 549 7 2 22
522 652 4 1 4
523 650 7 4 176
524 159 4 6 3385
524 520 7 1 7
525 134 8 1 4
525 820 1 4 26
526 548 8 1 6
526 776 3 1 4
527 36 7 6 32151
527 713 6 3 122
528 10 5 1 4
528 33 7 2 20
528 36 5 1 7
528 97 7 1 4
528 156 6 1 7
528 171 4 4 146
528 406 10 4 228
528 512 3 6 3142
528 580 7 2 14
528 582 5 1 7
528 611 4 3 71
529 260 6 1 5
529 423 1 3 15
529 517 4 1 4
529 520 2 2 4
529 737 4 4 150
529 836 2 4 159
530 20 6 4 133
530 86 10 3 79
530 132 1 4 75
530 278 2 2 4
530 325 9 9 7574058
530 522 8 2 17
530 696 9 4 267
532 134 6 1 4
532 292 2 2 10
532 550 7 1 10
532 853 2 7 59252
533 5 4 1 4
533 37 9 1 11
534 6 9 5 3336
534 425 10 1 15
534 786 10 3 134
534 928 3 2 7
535 10 9 1 4
536 10 6 5 869
536 244 2 3 33
536 412 8 5 3252
536 902 5 4 412
537 99 5 1 7
537 138 6 1 10
537 257 4 7 53701
537 478 8 4 510
538 74 9 1 4
538 84 5 5 1370
538 820 3 3 48
540 256 9 1 4
540 481 8 1 12
541 344 8 6 16349
541 793 2 2 8
544 6 5 4 382
544 21 7 4 362
544 24 2 5 243
544 160 10 5 4079
544 401 6 7 88423
544 416 7 1 4
544 429 3 5 662
544 542 5 3 33
544 551 1 5 658
544 597 3 6 14305
545 209 1 2 4
545 520 3 3 23
545 743 6 1 4
546 2 7 1 7
546 263 6 2 17
546 612 6 9 3558775
546 650 6 1 4
546 758 10 7 229383
546 900 10 4 422
547 265 2 2 7
547 427 9 1 4
547 577 8 1 12
548 169 3 2 10
548 577 6 1 4
548 586 1 3 7
549 68 6 2 18
549 97 2 2 4
549 146 9 1 5
549 530 10 1 10
549 647 8 4 244
550 36 4 1 4
550 649 10 2 24
550 800 1 4 31
551 89 4 1 4
552 136 4 2 12
552 640 8 1 6
552 656 5 6 6385
552 932 2 3 24
553 36 7 8 788894
553 102 5 2 14
553 933 7 8 481671
554 4 2 2 4
554 137 8 3 143
555 418 9 1 10
556 409 9 2 20
557 6 6 1 7
557 370 7 1 10
557 400 1 5 592
557 512 2 4 167
557 557 10 1 12
559 557 9 2 38
560 18 7 5 2842
560 96 7 1 7
560 168 5 1 4
560 354 1 3 7
561 10 9 1 4
561 521 1 3 7
561 786 6 2 21
561 993 1 2 4
562 162 1 4 67
562 977 8 5 5255
562 992 2 2 8
563 20 2 5 407
563 410 1 2 4
564 656 8 1 14
564 659 7 4 663
566 44 5 1 4
566 132 7 1 8
567 793 2 3 14
569 385 1 8 202849
569 522 2 3 29
571 100 8 8 323220
571 457 7 2 19
572 36 9 3 54
572 64 4 3 61
572 257 9 1 7
572 370 1 3 17
572 777 2 4 74
574 18 4 4 172
574 696 10 1 4
576 4 6 7 44189
576 5 2 2 8
576 48 1 6 1176
576 76 7 1 4
576 133 3 1 4
576 172 2 4 55
576 193 2 2 4
576 228 9 1 4
576 325 1 7 13631
576 371 8 1 4
576 525 9 3 96
576 547 5 2 21
576 607 4 5 674
577 72 2 3 18
577 222 7 4 172
577 236 6 2 17
577 401 7 1 10
577 577 5 4 205
577 661 6 4 248
578 26 8 4 193
578 96 7 1 4
578 136 8 2 20
578 554 8 5 1116
578 572 5 2 18
578 575 1 8 66978
579 80 4 5 824
579 136 6 1 7
579 621 6 1 4
579 789 8 2 15
580 64 5 3 32
580 507 2 3 17
580 528 4 1 7
580 598 10 1 4
581 645 6 1 7
582 633 1 5 227
583 129 6 1 4
584 432 6 5 1123
584 833 7 1 7
585 64 10 1 12
585 208 3 5 1089
585 354 7 4 286
585 389 7 1 4
586 64 6 4 156
586 530 2 5 498
587 608 8 3 64
588 784 7 1 4
589 389 5 1 4
590 276 5 3 95
590 300 10 9 20650216
590 520 1 3 14
590 788 2 2 4
592 4 4 5 753
592 322 1 2 4
592 528 7 2 19
592 566 3 3 20
592 585 6 5 697
593 429 3 9 10562435
595 58 4 1 4
595 557 7 2 21
596 11 8 1 7
596 33 10 4 759
596 91 1 4 24
596 154 10 3 119
597 387 1 2 5
599 92 1 4 40
599 176 5 1 4
599 569 10 1 14
600 115 9 2 44
600 562 6 3 42
600 575 2 2 5
601 335 3 2 10
601 431 9 5 3262
602 480 4 1 6
604 913 8 2 25
604 1006 6 4 239
605 80 7 3 131
606 281 3 6 6027
606 807 6 1 5
607 288 7 9 3633467
608 185 2 8 134878
608 648 5 1 7
609 210 9 3 90
609 225 8 2 19
609 526 3 4 184
609 768 5 1 4
610 24 8 1 4
611 125 1 4 40
612 170 1 3 19
613 840 8 2 20
614 936 10 7 143331
616 81 4 4 131
616 806 4 1 4
617 374 8 1 4
618 70 8 1 4
618 1004 1 3 17
619 76 2 7 32168
619 140 6 4 548
619 231 2 7 29195
621 293 3 1 4
623 1000 9 1 14
624 579 2 2 7
625 261 5 2 14
625 530 3 3 48
626 8 4 3 68
626 104 10 1 4
626 114 7 2 27
627 3 5 8 948245
627 418 2 2 9
627 769 10 1 4
627 977 2 2 7
628 76 3 1 4
629 446 2 3 13
629 528 8 2 35
631 24 10 8 2242549
632 18 4 2 17
633 812 2 4 52
635 546 10 1 7
637 73 6 7 109798
638 161 5 2 14
640 4 3 1 4
640 6 10 3 123
640 16 10 1 7
640 160 4 4 162
640 181 7 3 47
640 246 3 2 9
640 369 1 6 2240
640 421 8 1 4
640 467 7 1 4
640 525 4 5 513
640 584 9 4 542
640 659 5 5 837
640 732 4 6 17555
640 938 8 1 4
640 952 9 3 180
642 512 2 6 2089
642 562 9 3 88
642 724 1 4 24
643 73 10 1 7
643 775 7 1 10
644 48 9 3 69
644 387 3 3 18
644 660 7 4 491
644 756 7 1 4
644 769 6 3 100
645 4 9 1 7
645 25 10 1 7
645 548 5 2 17
645 963 1 6 2685
646 289 10 1 8
648 98 5 2 10
648 210 2 5 438
648 301 6 3 62
648 369 5 1 7
648 769 3 2 12
649 4 1 4 25
649 48 6 1 7
650 216 10 5 6450
650 953 2 2 9
651 290 10 6 34579
652 594 10 4 1030
654 129 10 7 97780
655 761 3 5 457
656 3 5 2 22
656 259 6 1 4
656 278 6 2 14
656 833 6 5 2116
657 79 5 3 48
657 201 8 6 25457
658 10 8 2 19
658 26 8 5 1137
658 640 10 1 4
660 36 10 1 14
660 69 9 5 2403
660 85 3 3 19
661 244 4 2 14
664 16 1 2 4
664 205 7 7 228223
664 539 1 3 9
664 781 10 3 101
665 3 8 4 189
665 260 6 7 205724
667 587 5 4 160
668 163 3 6 4562
668 749 8 3 45
670 515 5 4 204
672 1 10 1 4
672 64 5 2 16
672 129 9 1 4
672 608 8 2 22
672 717 4 3 35
673 104 5 3 91
673 656 8 1 7
674 259 1 3 19
674 288 10 1 9
674 401 6 3 77
674 672 7 3 122
675 470 3 7 21381
676 52 4 3 46
677 121 8 3 99
677 641 8 1 4
678 237 7 2 31
679 556 6 2 14
680 20 4 7 62344
680 39 6 2 17
680 105 5 2 12
680 450 8 1 4
680 540 5 1 4
681 6 7 1 10
681 33 7 5 2294
682 14 7 1 12
682 156 10 2 29
683 278 4 1 7
684 1008 9 1 7
686 593 9 2 19
689 80 4 3 59
690 110 7 2 15
691 12 6 7 31181
692 260 4 1 7
692 914 3 4 146
693 397 9 1 4
694 6 7 3 46
694 768 1 6 755
694 931 4 1 4
694 976 7 4 206
695 517 5 2 14
695 585 7 2 33
697 710 5 1 7
700 229 8 7 56249
700 864 2 2 7
701 34 3 1 4
701 941 9 1 7
704 34 1 4 101
704 135 7 2 14
704 292 2 3 19
704 370 7 1 5
704 514 4 3 35
705 596 1 3 10
705 854 1 9 1061425
706 161 7 1 12
706 732 9 1 11
708 108 9 1 7
709 325 1 3 7
709 354 4 4 386
709 843 9 1 5
710 2 1 4 63
712 35 3 4 183
712 141 10 8 684603
712 283 6 5 1335
712 862 2 7 32518
713 593 5 1 7
713 837 7 4 386
716 98 8 1 4
716 339 1 3 12
716 649 4 1 4
716 842 9 1 14
719 512 4 2 10
720 7 1 3 6
720 144 5 2 17
721 104 3 4 146
721 170 10 1 17
721 323 8 6 28598
721 584 10 5 3168
722 82 8 2 37
722 100 4 2 14
722 104 5 1 4
722 146 4 1 4
722 258 9 5 1472
722 393 6 1 4
724 20 8 1 4
724 596 7 4 549
725 44 10 1 15
725 65 6 3 57
726 322 7 6 5696
728 227 4 7 31526
728 350 7 1 4
728 712 5 7 193248
730 332 9 1 14
732 834 8 1 7
736 24 3 4 102
737 288 5 2 10
737 610 8 1 4
738 970 7 1 4
740 235 6 2 12
740 778 2 2 4
740 801 6 1 7
741 45 10 1 4
741 260 10 5 1344
743 787 10 1 12
744 124 6 3 74
744 280 10 4 599
744 762 2 2 4
745 63 10 1 9
746 386 1 2 4
752 786 4 2 10
754 32 7 1 4
759 130 10 1 10
760 40 8 2 15
760 220 8 5 1088
760 257 7 5 2073
760 300 8 2 35
761 435 10 5 2881
763 668 3 7 44888
765 513 2 2 4
768 68 10 1 7
768 226 5 2 16
768 326 5 5 704
768 502 8 2 35
768 608 5 1 4
768 666 3 3 63
768 736 6 1 4
768 926 9 1 14
769 34 5 1 4
769 277 7 4 374
769 350 4 1 4
769 640 10 1 4
770 67 3 3 24
770 256 5 6 11910
770 515 2 2 4
770 663 3 3 37
771 128 2 4 63
771 793 10 2 23
771 800 3 9 1596774
772 0 10 1 9
772 32 9 6 8775
773 1 8 5 2012
774 8 8 1 4
774 936 4 4 247
775 48 6 3 40
775 921 6 4 215
776 101 8 1 4
776 155 4 2 15
776 586 10 2 24
776 697 4 1 7
777 6 10 2 49
777 84 6 7 192719
777 200 6 1 7
777 318 7 1 4
777 554 6 5 1733
777 608 1 6 2110
777 641 8 1 4
778 389 7 3 65
780 14 9 1 12
780 16 7 3 63
780 193 4 3 32
780 552 5 1 7
780 707 3 1 4
780 901 5 2 9
781 222 10 1 7
781 496 8 4 435
782 226 1 2 4
782 405 2 7 29096
784 1 1 2 4
784 514 9 3 81
784 549 2 6 2396
784 569 4 1 4
784 604 6 1 4
784 634 1 5 223
784 841 9 1 9
785 45 2 2 7
785 257 5 2 12
786 142 6 1 10
786 521 4 5 2737
786 576 2 3 21
786 914 4 2 11
787 199 3 1 4
788 324 5 3 30
788 332 1 5 146
792 16 5 2 18
792 274 8 6 23335
792 540 10 4 447
792 594 7 5 1859
793 52 3 3 46
793 498 2 2 4
793 628 3 3 65
795 422 9 7 61128
795 661 2 4 103
798 776 10 1 4
799 433 7 1 10
800 9 1 2 4
800 45 4 1 4
800 73 7 1 11
800 133 5 1 7
801 34 9 1 4
801 592 2 5 1233
801 642 8 1 7
802 660 5 5 2825
803 512 5 1 4
804 0 10 4 298
804 104 3 3 24
804 337 1 6 936
805 387 3 5 467
805 781 9 1 4
806 43 2 3 22
806 134 6 2 22
806 232 1 2 4
806 326 6 2 11
806 480 4 5 1083
808 526 8 8 726368
808 777 9 2 35
808 937 3 4 325
808 945 4 3 28
810 17 4 3 49
810 394 5 3 105
810 416 5 3 41
812 778 5 4 480
814 161 1 3 10
814 264 3 1 4
814 523 5 2 12
816 18 3 4 220
816 24 8 1 7
817 784 8 2 17
819 538 5 4 198
821 236 10 2 50
824 392 7 2 23
824 609 10 4 513
824 978 10 2 24
828 592 7 2 16
830 356 2 3 11
832 16 6 1 7
832 30 5 3 48
832 43 7 4 198
832 281 8 1 7
832 304 7 3 104
832 328 8 1 4
832 427 6 1 10
832 518 5 1 4
832 548 3 5 758
833 999 4 3 32
834 0 3 2 7
834 67 3 3 35
834 912 6 1 7
835 264 7 1 7
835 392 10 1 9
835 583 8 5 1939
836 485 7 5 2399
838 785 5 2 13
839 21 6 1 7
840 96 6 6 5722
840 106 9 1 7
840 545 6 1 10
840 800 10 1 7
841 32 4 2 19
841 370 9 6 35653
842 132 2 2 4
842 200 6 4 350
843 939 6 5 1391
848 90 9 1 4
848 188 1 6 2006
848 313 6 3 47
848 391 6 2 13
848 899 8 1 10
849 1018 7 1 4
851 195 1 5 142
852 2 10 3 69
852 72 5 1 7
852 824 9 4 350
854 681 6 2 30
856 256 3 1 4
864 23 2 2 4
864 786 4 4 192
867 998 9 5 1806
868 332 1 4 37
870 6 4 5 1071
870 68 1 2 4
871 264 10 1 4
872 32 2 2 7
872 50 5 1 5
872 165 9 1 7
873 9 7 2 15
874 360 5 2 18
875 164 3 2 13
878 258 7 3 78
880 611 7 3 93
882 42 5 1 7
882 591 9 2 25
882 778 2 2 4
884 802 2 2 7
885 601 7 1 5
894 392 4 1 7
895 603 3 4 79
896 868 7 2 15
897 39 10 4 243
897 115 6 2 19
897 523 10 1 4
897 1002 2 2 4
898 336 8 1 10
898 699 8 6 28272
899 537 2 4 52
899 736 1 6 938
900 4 2 2 4
900 313 5 2 26
903 339 6 5 1278
904 231 1 5 150
904 888 2 2 4
904 929 9 1 4
905 12 7 1 4
905 196 7 3 54
905 540 3 5 1048
906 137 4 4 95
906 194 4 3 28
906 210 10 1 4
907 276 3 5 1724
911 5 9 4 510
911 10 6 3 64
911 896 5 4 148
912 2 10 1 4
912 85 9 1 6
912 129 10 2 28
912 388 7 1 4
914 216 3 2 10
914 669 7 1 10
914 776 2 7 43200
914 968 3 3 28
916 742 8 2 24
916 777 9 4 445
917 560 4 6 7579
917 912 7 2 18
918 0 8 2 23
920 200 4 1 4
922 8 6 7 43327
922 784 4 1 4
924 33 9 6 19803
927 190 8 1 10
928 384 8 2 17
928 516 9 3 52
928 518 7 1 4
929 10 9 5 1535
929 257 1 2 5
929 316 9 1 7
930 547 9 6 6692
930 720 4 4 201
931 230 6 2 12
931 657 4 1 7
932 274 3 2 9
932 783 7 4 344
933 657 5 5 2809
934 94 5 2 20
938 261 7 4 275
938 316 4 2 18
938 552 8 5 1235
940 512 5 1 4
944 756 9 8 428519
945 456 8 2 17
946 205 9 1 7
947 568 9 3 80
951 818 5 3 103
952 37 8 1 7
956 846 4 1 4
958 844 2 4 65
960 358 7 2 35
961 131 10 5 1424
961 291 5 6 8067
961 333 4 2 15
961 481 10 3 55
966 29 7 3 123
966 192 4 3 22
966 197 1 2 4
966 555 6 5 1652
968 51 1 2 4
968 360 5 2 20
969 313 5 3 66
970 180 5 4 163
971 566 3 1 4
975 205 10 5 2466
976 779 2 3 11
977 22 10 1 7
977 549 7 5 924
978 817 7 1 4
984 324 6 1 4
985 268 2 3 13
986 772 6 5 1086
987 962 8 2 17
988 366 9 4 781
990 35 4 1 4
998 127 9 1 4
998 179 4 2 14
1000 260 8 1 4
1001 286 2 4 78
1002 912 4 5 1878
1004 129 1 3 10
1011 36 2 3 43
1013 316 2 7 11674
1020 371 3 4 339
1020 385 3 4 324
1021 643 4 1 7
