1101 0.011567682758943335 
1276 0.011388439627698517 
1608 0.011603486876164732 
155 0.011451152436764232 
755 0.011263902927544428 
1538 0.011557897787972605 
510 0.011409566161921698 
1333 0.011909045831223073 
1865 0.01182253751308865 
1272 0.011506303245180838 
1716 0.01163706747250635 
945 0.011477394021003636 
177 0.011511196694731858 
1130 0.011513197852216366 
938 0.011655969602149768 
88 0.011657749088085418 
1807 0.011508083153956024 
630 0.011618831510519912 
163 0.011739142623039657 
1128 0.011590365944831767 
1839 0.011678653369235601 
1113 0.011470943871752466 
1804 0.01127657919375862 
613 0.011769387271279273 
114 0.011451819217394701 
463 0.012127874536816437 
853 0.011391108089042845 
96 0.011468053727978577 
1586 0.011467163987724543 
251 0.011276579132700148 
1652 0.011805413674174474 
1148 0.011538105149892407 
314 0.010228261755615649 
1872 0.011645740411307755 
150 0.011422242031559423 
1222 0.01186968349421953 
1574 0.01161682980672381 
1704 0.01142735692188852 
1540 0.011521870692868738 
1118 0.011569017136733764 
