0 4 6 5 1445
0 8 3 1 4
0 18 6 2 26
0 150 3 5 588
0 259 3 1 4
0 321 6 1 4
0 415 3 1 4
0 618 6 2 13
0 674 10 5 2780
0 704 9 5 4119
0 843 8 4 545
0 902 2 2 4
0 936 4 2 11
1 15 7 1 4
1 82 5 1 4
1 135 5 1 4
1 481 1 2 4
1 825 5 1 3
1 920 8 1 7
2 8 10 6 8171
2 167 1 6 2672
2 328 6 1 6
2 523 1 2 4
2 826 5 1 4
3 272 3 5 570
3 530 1 2 4
3 592 5 1 4
4 15 3 7 53396
4 293 4 1 4
4 808 8 2 30
5 18 9 1 4
5 584 7 5 3676
7 81 6 1 6
7 110 8 1 4
8 32 1 3 16
8 42 4 4 98
8 202 10 1 11
8 656 8 1 7
8 735 3 5 1537
9 823 10 1 4
10 13 5 1 7
10 40 7 2 24
10 75 2 2 7
10 176 6 1 4
10 518 2 2 4
10 599 3 3 32
10 778 7 1 4
11 204 8 1 4
12 24 5 4 369
12 116 3 3 16
12 634 4 1 7
12 781 7 1 4
13 66 2 2 4
13 224 3 1 4
14 152 8 1 4
14 210 9 1 4
14 616 3 2 6
15 485 7 5 3106
15 854 10 1 4
16 64 2 2 4
16 643 1 3 14
17 48 8 3 109
19 24 4 1 6
19 709 2 2 4
20 10 10 2 34
21 258 9 1 4
22 281 5 3 28
22 320 10 1 4
23 328 10 1 4
23 770 5 2 13
24 9 9 1 4
24 533 1 2 4
26 20 7 3 46
26 22 8 1 4
26 801 8 1 4
27 210 1 3 11
27 547 6 5 862
28 72 6 1 4
28 203 6 1 7
28 647 5 2 19
30 588 2 6 3522
31 561 5 1 4
32 16 6 1 4
32 33 10 2 20
32 42 9 4 964
32 204 4 2 13
32 388 5 2 11
32 414 10 3 69
32 612 7 2 28
32 641 4 1 4
32 721 9 1 4
33 26 7 1 4
33 276 10 1 4
33 544 2 2 4
33 785 6 1 6
34 292 6 2 11
34 324 10 4 361
34 561 4 4 314
34 720 6 2 11
35 65 4 1 4
36 34 3 2 7
37 364 8 1 7
37 673 2 3 11
38 180 4 8 346526
38 204 5 1 4
40 512 4 1 4
40 605 5 5 2527
40 645 4 3 49
40 840 1 2 4
40 980 10 3 133
41 987 3 3 62
42 140 4 2 19
42 329 6 1 7
43 1 2 6 2224
44 10 9 1 6
44 794 5 3 53
45 23 9 1 6
45 74 6 1 4
46 57 3 6 14128
47 80 2 2 4
48 198 7 6 30150
48 226 6 2 24
49 4 6 1 9
49 310 9 6 8767
49 516 3 1 4
50 113 7 1 4
52 256 5 4 186
53 245 7 2 15
56 472 3 2 14
56 544 2 2 4
57 5 5 1 7
57 448 2 2 4
59 58 8 3 82
59 292 5 1 4
59 583 8 1 4
60 3 7 2 15
60 5 6 2 14
60 112 4 1 4
60 948 8 1 4
62 612 2 2 4
64 1 1 6 1577
64 192 4 1 4
64 203 5 1 4
64 272 10 1 4
64 514 1 7 38133
64 686 8 9 8080569
64 756 5 1 7
65 25 3 1 4
65 218 3 3 21
65 241 2 2 4
65 571 1 2 4
67 2 9 2 20
67 37 4 7 52430
67 453 8 1 14
67 840 3 7 34982
68 226 7 4 251
68 284 4 2 13
69 138 5 1 4
69 276 9 1 4
69 572 9 1 3
70 109 2 7 20337
70 212 9 1 11
70 646 2 2 4
70 648 7 1 4
70 672 2 2 4
71 409 8 1 4
72 37 7 1 4
72 280 10 1 4
72 961 9 4 430
73 640 4 2 17
73 999 4 1 4
74 512 8 2 30
75 259 9 1 4
75 576 3 2 7
77 267 2 7 46722
78 288 5 1 4
78 517 8 1 4
78 919 8 7 93679
80 82 3 1 4
80 211 5 1 4
80 920 2 4 92
83 115 2 2 7
83 304 4 1 5
83 784 6 2 13
84 64 9 1 4
84 74 3 5 523
87 353 4 1 4
87 462 6 1 4
87 515 1 5 241
90 20 1 4 52
90 977 1 3 7
90 988 3 3 29
91 951 7 4 174
92 38 8 2 16
92 91 2 3 21
94 869 6 6 15092
94 954 2 4 116
95 20 4 1 3
96 80 5 1 4
96 220 1 2 4
96 276 8 1 9
96 304 7 1 4
96 356 7 1 7
96 776 4 1 4
96 820 7 1 4
97 18 4 1 4
97 286 8 1 10
98 671 7 1 4
98 928 4 2 16
99 117 9 2 33
100 128 4 1 4
101 70 1 2 4
101 124 3 3 21
101 392 5 2 9
101 599 6 1 4
102 6 5 3 87
102 264 8 1 6
104 48 1 2 4
104 132 2 2 4
105 296 8 1 4
107 3 4 4 97
109 707 7 2 16
111 12 3 1 3
112 3 8 1 7
112 84 2 2 4
114 452 4 6 2984
116 33 4 6 8333
117 106 5 7 31280
117 803 10 6 20162
118 565 3 1 4
119 446 4 1 3
120 0 5 1 4
122 185 4 4 112
122 294 8 1 4
124 348 7 5 4698
128 10 9 1 7
128 208 1 3 11
128 320 3 5 736
128 433 4 1 4
128 806 7 1 4
129 39 2 4 56
129 88 4 3 44
129 584 6 1 4
130 78 1 4 23
130 272 2 2 4
130 368 5 2 9
130 520 7 3 50
132 94 7 3 49
132 372 6 6 5257
132 516 3 1 4
134 224 2 4 69
134 377 6 1 4
134 516 1 4 59
134 768 7 1 7
136 160 2 2 6
136 482 8 1 14
137 678 5 2 13
138 415 2 2 4
140 135 10 1 7
140 724 1 6 3687
141 521 10 1 4
143 187 10 9 33614303
144 68 10 1 4
144 433 10 1 4
144 520 9 1 4
145 1 3 3 25
145 67 8 4 209
145 273 6 1 4
146 396 2 2 4
147 513 7 2 25
148 1 8 1 4
148 139 9 1 6
148 146 6 3 46
148 464 9 1 4
148 912 10 1 7
149 20 8 1 4
149 633 8 1 11
149 649 1 7 17332
151 132 5 3 84
153 26 5 1 4
153 151 1 3 6
153 171 1 5 160
156 133 1 2 4
160 34 10 8 2051008
160 144 2 2 4
160 452 3 2 11
160 644 10 1 4
161 21 5 1 6
161 40 2 2 4
161 326 10 1 4
161 524 8 1 4
161 576 10 3 91
162 160 9 4 278
163 361 6 1 4
163 601 8 1 4
164 217 1 2 4
164 264 1 2 4
164 329 5 4 384
165 397 5 2 9
167 384 6 1 7
168 52 4 1 4
168 480 7 5 3051
172 8 2 2 7
172 32 8 3 47
175 863 9 1 4
176 916 10 1 4
176 932 8 1 4
177 560 2 2 8
177 611 6 1 6
180 600 2 2 4
181 97 8 3 55
181 331 4 2 11
181 964 8 10 650264213
182 672 7 1 4
182 728 9 7 46650
184 161 6 4 179
185 391 6 7 142711
188 199 4 1 4
192 177 5 1 4
192 898 4 1 4
192 904 9 1 10
192 999 4 10 536940637
193 8 8 1 4
193 775 7 1 8
196 377 1 2 4
197 297 7 2 21
197 769 8 1 6
200 146 4 5 823
201 39 2 2 4
201 98 8 2 33
203 654 9 4 331
205 457 1 2 4
206 80 3 4 175
208 534 7 8 384513
209 55 8 1 4
209 513 1 2 4
212 112 1 4 48
212 673 1 3 13
214 585 6 2 13
216 66 6 1 4
219 389 4 3 82
222 852 7 2 27
226 157 5 2 18
227 838 10 2 20
230 9 9 3 55
231 290 6 3 38
232 130 3 6 2695
233 212 9 1 11
233 912 2 2 4
233 973 5 1 4
238 620 10 3 84
238 642 3 3 25
239 370 2 4 68
241 245 4 4 142
242 156 8 8 2634270
244 932 10 6 9548
248 0 1 3 11
248 290 9 1 8
250 46 8 3 146
253 636 4 4 212
256 4 4 2 18
256 68 10 2 23
256 212 8 1 4
256 262 9 1 4
256 522 8 1 13
256 992 1 2 4
257 156 8 1 7
257 680 7 1 4
257 920 8 3 55
258 34 6 1 6
258 36 1 3 7
258 810 6 3 33
258 880 8 3 99
259 100 8 1 4
260 545 1 3 11
260 978 3 1 4
261 8 8 1 11
261 67 4 1 4
261 72 6 4 136
262 32 6 1 4
262 193 6 3 66
262 256 3 1 4
262 906 10 1 3
265 264 6 1 4
266 326 6 2 21
266 336 9 5 1600
268 34 7 6 33335
268 577 1 7 38962
270 532 9 2 27
270 642 8 1 4
272 162 9 1 4
272 225 10 5 1980
272 234 8 4 313
272 280 1 6 712
272 640 9 1 4
273 581 1 6 1178
273 693 7 1 4
273 903 10 1 5
274 334 6 1 4
275 485 10 2 18
275 512 4 4 432
276 628 2 2 4
277 27 7 7 241472
277 128 2 2 4
277 385 7 1 6
278 258 3 1 4
280 600 1 4 104
280 674 3 9 2054380
281 101 7 1 4
282 136 7 1 4
282 576 1 5 127
283 35 8 1 7
284 835 4 1 7
286 12 7 2 31
288 47 6 1 7
288 224 10 5 2316
288 545 7 1 4
289 648 10 1 7
289 753 1 3 14
289 788 3 2 6
290 328 9 2 31
291 768 7 3 40
291 967 1 3 13
292 7 10 3 85
292 524 1 2 4
294 742 7 1 4
296 231 1 6 1261
297 389 4 1 4
300 140 10 1 4
301 777 1 3 11
304 6 3 1 4
305 163 5 2 11
306 918 8 1 4
307 514 6 8 987396
308 640 8 1 4
309 77 8 1 4
310 44 6 3 80
318 914 10 2 33
320 29 1 2 4
320 315 1 4 44
320 407 1 2 4
320 641 9 3 170
322 0 7 2 25
322 416 6 1 4
324 106 4 3 37
324 200 4 3 68
324 530 9 2 46
325 74 4 4 336
325 614 1 8 218361
326 32 3 1 4
326 280 5 5 3356
327 675 8 4 433
332 456 6 5 1504
334 265 4 1 4
334 288 7 1 9
336 576 4 1 6
337 833 4 6 3869
338 160 2 5 703
338 169 8 4 443
340 763 5 5 680
341 576 3 2 9
342 15 2 2 4
342 536 1 3 11
343 475 3 1 4
344 188 10 4 314
346 11 4 1 4
346 89 2 2 4
349 12 8 1 4
352 680 5 2 21
352 794 1 4 50
353 684 1 4 23
354 288 7 1 11
354 836 2 3 43
355 134 7 1 7
355 634 7 2 14
357 641 3 1 4
358 168 2 3 15
360 732 4 5 943
360 784 7 3 45
360 810 5 1 4
361 266 10 1 4
361 316 4 3 47
362 34 6 4 204
364 740 5 1 4
371 705 4 2 12
379 333 6 1 4
382 562 9 5 2076
384 156 5 1 7
384 312 7 2 34
384 332 9 5 1889
384 531 2 2 4
384 597 3 5 739
385 214 5 1 4
386 64 10 1 14
386 158 4 4 149
386 206 3 1 4
386 846 7 3 76
386 849 4 1 4
392 38 8 1 9
394 80 9 3 65
395 558 5 2 12
396 536 2 4 60
396 915 5 1 4
400 144 9 3 78
400 712 5 2 11
401 673 7 2 14
403 98 9 1 4
404 209 10 1 4
404 298 1 2 4
406 677 8 2 28
408 66 9 2 26
409 888 6 1 4
410 520 4 1 4
412 6 10 3 89
414 932 4 1 7
416 52 4 1 4
416 292 4 1 4
416 531 6 1 4
419 7 1 2 4
419 844 4 1 4
420 114 2 4 202
420 288 5 1 4
423 384 10 7 121481
424 481 4 1 6
425 161 10 1 7
425 746 3 5 1193
430 203 7 1 6
433 398 4 5 1291
434 734 3 1 4
437 2 2 8 88652
441 21 5 1 7
442 146 3 1 4
442 691 3 4 133
450 450 4 2 20
453 368 2 2 4
454 437 10 4 233
456 105 7 1 4
458 743 2 2 4
460 462 1 2 3
460 566 3 3 18
462 641 9 1 4
463 916 4 3 26
464 265 10 6 22886
465 761 6 2 26
467 300 5 2 19
472 256 3 1 4
472 801 5 1 4
473 800 10 1 4
480 731 5 1 4
483 555 8 1 4
488 334 6 1 4
488 565 1 5 639
501 519 8 1 4
512 5 7 2 23
512 36 1 2 4
512 438 8 2 29
512 685 9 1 4
512 936 4 1 4
513 42 5 7 61994
513 112 6 2 12
513 340 1 2 5
513 548 5 1 4
514 11 8 2 41
514 36 1 2 4
515 273 2 3 14
515 598 3 1 4
516 605 2 2 4
517 0 2 2 4
517 34 2 2 4
517 177 5 3 49
517 233 8 1 7
517 525 6 2 27
517 768 4 1 4
518 41 5 5 1104
519 517 5 3 64
519 944 1 3 9
520 9 1 2 4
520 328 1 3 11
520 812 9 2 28
521 229 3 2 7
521 546 8 1 11
521 609 7 6 6888
522 1 8 1 9
522 234 8 4 271
523 650 2 5 254
524 173 3 2 6
524 520 7 2 13
527 713 3 1 4
528 611 2 2 4
528 801 4 1 4
529 148 8 1 4
530 20 8 5 1001
530 278 8 6 19105
532 550 9 1 4
534 6 9 1 4
534 425 3 1 4
534 786 2 2 4
534 928 8 1 4
536 412 3 5 1623
536 687 4 2 8
537 138 6 1 4
537 478 10 3 63
538 84 6 4 187
541 344 10 1 4
544 6 6 4 354
544 401 5 4 437
544 551 4 1 4
544 597 4 2 9
545 520 5 2 9
545 743 6 1 4
545 914 4 1 4
546 4 1 6 1676
546 263 1 2 4
546 650 3 1 4
548 512 10 1 4
551 89 1 8 267693
552 656 9 7 145142
553 36 6 1 4
553 933 9 1 4
555 52 2 2 4
555 418 7 1 4
556 409 7 4 285
557 6 6 2 31
557 370 4 1 4
557 938 5 3 45
559 557 2 6 3857
560 104 5 8 733887
560 168 6 5 1232
560 354 7 1 9
561 521 2 4 129
561 993 8 1 4
563 410 6 1 4
564 659 5 1 4
566 4 1 2 4
566 44 2 4 46
569 522 9 3 49
571 100 8 2 16
571 457 7 3 43
572 257 3 4 255
573 886 2 3 16
574 18 7 3 130
574 533 7 1 3
576 4 8 1 4
576 19 2 5 1009
576 133 7 1 4
576 525 3 2 13
578 120 8 3 67
578 572 1 5 257
579 136 7 2 30
580 64 2 2 7
580 528 1 3 16
584 833 4 1 4
585 208 5 2 9
585 217 10 1 4
585 354 5 2 14
585 389 7 1 4
589 389 10 1 4
591 147 6 1 4
592 585 3 3 18
593 429 10 1 4
596 33 9 1 4
599 92 7 1 4
599 569 2 3 27
600 68 3 5 1172
600 562 8 1 4
607 393 9 1 14
608 576 4 2 11
609 210 2 2 4
611 125 10 3 101
614 265 5 1 7
614 936 5 1 6
617 374 6 1 4
619 76 6 1 4
619 231 10 1 6
623 1000 4 2 11
626 8 8 1 7
626 528 4 1 4
627 3 8 1 11
627 418 7 2 13
629 528 2 2 4
632 18 5 1 6
633 812 10 1 4
638 161 3 5 423
640 4 5 3 51
640 181 9 1 4
640 369 8 1 4
640 659 2 5 498
640 938 9 1 4
642 512 8 1 4
644 660 2 2 4
645 195 5 1 4
645 963 3 3 59
646 388 9 1 4
648 76 5 1 7
648 369 2 3 19
648 694 4 5 648
649 4 1 3 7
650 108 4 4 212
654 129 7 2 24
654 565 6 1 4
655 761 3 1 4
656 3 6 5 1369
656 278 7 1 4
657 79 4 1 6
658 10 5 2 18
658 26 8 2 22
658 226 4 1 4
661 244 4 1 4
668 163 1 2 4
672 64 1 2 4
672 514 3 1 4
672 608 1 6 4660
672 717 6 10 61929960
674 259 7 1 4
675 470 5 3 98
676 52 6 1 7
677 641 3 3 38
682 156 7 6 13454
686 426 7 1 4
691 12 4 2 19
694 6 2 9 1877444
694 768 8 1 4
694 931 10 2 24
694 976 8 4 377
700 18 7 4 287
700 864 8 1 4
701 34 3 8 296016
704 34 9 1 6
704 76 4 3 55
704 514 9 1 9
705 854 8 1 4
706 161 7 1 4
709 325 9 3 67
713 593 3 3 18
716 649 1 2 4
721 0 8 6 7584
721 170 5 2 17
721 323 9 7 56644
721 584 2 6 2863
722 100 3 1 4
722 258 5 1 4
722 393 9 1 6
722 464 8 2 18
727 200 9 1 9
737 25 5 1 4
741 45 8 1 12
741 260 2 2 4
742 97 4 3 35
744 124 4 3 23
752 261 10 1 6
752 786 2 2 4
761 435 3 7 37483
765 513 10 1 5
768 226 7 1 7
769 277 3 2 6
769 640 8 1 4
769 773 7 1 7
771 793 1 2 4
772 32 7 6 9363
774 8 8 8 2619106
776 155 6 2 20
777 84 6 8 628848
777 200 10 4 423
777 318 4 1 7
777 539 1 2 4
778 389 2 2 4
780 14 1 2 4
780 193 1 2 4
780 552 4 1 4
780 707 4 1 4
781 496 8 1 6
782 226 3 5 1058
784 1 8 3 81
784 549 3 3 36
785 257 4 9 1505918
786 521 3 1 5
786 576 9 1 4
787 199 4 1 7
788 324 6 1 4
793 52 5 1 4
793 628 2 2 9
800 133 1 3 14
804 337 4 2 9
804 779 7 1 4
806 43 10 1 9
808 526 5 2 14
810 416 1 2 4
814 161 4 1 4
814 264 10 1 4
832 16 6 5 2921
832 43 6 1 4
832 427 8 1 7
832 548 5 2 11
834 0 2 2 4
834 32 10 2 21
836 485 10 4 310
838 785 5 5 1758
840 96 10 2 24
840 545 3 1 4
840 800 7 2 28
842 200 7 1 4
843 939 5 1 4
845 561 5 1 4
845 624 5 1 4
848 90 4 8 984196
848 313 7 3 72
848 391 2 3 26
849 792 3 1 4
850 308 10 1 4
852 72 8 2 41
852 824 4 2 16
854 681 10 1 4
856 256 10 1 9
856 866 9 1 4
857 42 5 6 18104
866 260 3 3 16
868 332 4 1 4
872 32 9 1 4
873 9 5 1 7
896 330 2 2 4
897 523 8 1 4
897 1002 4 1 4
899 537 4 1 4
900 4 6 2 12
900 162 8 2 16
902 420 1 4 23
903 339 8 4 430
904 112 7 2 29
904 929 10 1 4
905 248 2 3 11
906 194 5 1 7
911 5 2 2 4
911 10 2 2 4
914 669 5 1 4
914 776 10 3 152
915 431 1 3 6
916 777 10 1 4
917 560 5 7 27760
922 784 10 1 4
928 64 6 1 7
929 10 3 5 1554
929 257 1 4 30
929 316 8 1 4
930 547 1 5 117
932 783 10 1 4
938 316 4 1 4
941 771 8 5 1014
945 456 3 9 2467801
946 205 8 1 4
947 568 4 1 7
956 846 7 1 4
961 291 10 1 4
965 937 5 1 4
966 197 1 7 10311
968 51 2 3 16
971 566 4 1 4
975 205 6 1 4
976 779 6 1 7
977 549 10 1 4
984 324 3 1 4
984 483 10 2 21
985 268 2 2 5
996 36 8 4 307
998 179 6 2 23
1000 260 10 1 4
1004 129 1 3 8
1013 316 6 1 6
1020 371 3 4 282
