0 4 4 1 6
0 18 10 3 86
0 47 9 4 245
0 112 10 1 15
0 135 7 1 4
0 150 10 1 4
0 166 7 6 8756
0 265 4 3 43
0 274 4 1 4
0 415 2 2 4
0 552 5 1 4
0 618 5 1 4
0 646 2 2 4
0 670 1 4 36
0 674 8 2 30
0 679 6 3 80
0 704 8 1 4
0 843 5 7 48434
0 917 5 1 4
0 936 3 1 4
1 15 10 1 4
1 30 4 1 7
1 70 2 2 6
1 82 6 1 8
1 135 5 5 1395
1 228 6 1 7
1 535 1 5 176
1 565 5 2 22
1 644 9 2 27
1 768 7 1 9
1 825 3 1 4
1 920 2 2 4
2 0 4 4 182
2 3 6 1 7
2 8 9 1 4
2 167 6 2 14
2 267 6 3 51
2 328 7 1 8
3 131 1 2 4
3 530 2 10 109067118
3 652 10 2 42
3 817 2 4 111
4 15 1 3 21
4 24 4 4 383
4 50 5 1 4
4 60 4 3 50
4 64 9 8 520144
4 248 9 1 4
4 368 6 1 5
4 683 10 3 71
4 808 2 2 4
5 18 4 2 14
5 216 5 1 4
5 584 10 1 4
5 887 9 1 4
6 148 8 1 14
6 259 10 2 45
6 1002 7 1 4
7 237 9 3 197
8 1 3 3 60
8 2 4 4 95
8 19 3 9 5629573
8 32 2 3 11
8 58 5 1 4
8 202 2 10 28513751
8 486 1 2 4
8 552 4 1 4
8 735 7 5 1544
8 902 4 3 38
9 39 10 1 8
9 416 3 9 2771053
9 823 2 2 4
9 907 9 1 4
10 13 6 1 4
10 40 2 2 7
10 599 6 1 4
10 680 9 2 34
10 778 7 1 4
11 586 5 3 43
11 752 10 1 4
12 128 1 2 4
12 366 7 1 4
12 634 1 6 898
13 66 4 6 16794
13 192 8 6 21374
13 224 8 1 11
13 780 6 1 4
14 127 9 1 4
14 152 8 5 1974
14 210 4 8 976714
14 321 10 4 518
14 584 6 2 11
14 616 8 1 6
15 352 1 5 116
15 485 4 1 4
15 659 6 1 8
15 854 7 1 7
16 9 10 4 274
16 24 6 1 4
16 64 4 4 99
16 96 8 1 4
16 198 2 2 9
16 516 2 2 8
16 643 8 2 18
16 806 7 1 4
17 48 4 1 7
17 129 5 1 7
18 51 5 1 6
18 203 1 6 1591
18 215 10 1 14
18 290 8 1 9
18 641 5 1 7
18 645 5 1 8
19 7 7 1 4
19 24 10 2 21
19 709 1 2 4
20 1 10 1 4
20 28 2 5 1136
20 36 4 2 16
20 69 2 4 94
20 176 2 2 4
20 786 4 2 11
21 116 3 3 27
21 258 6 5 3002
21 308 9 1 11
22 24 10 8 2024360
22 133 2 2 7
22 320 4 2 12
23 328 8 8 649537
23 770 2 3 25
24 533 2 2 8
24 786 3 1 4
24 848 8 3 109
24 944 2 2 4
25 523 8 1 4
25 592 2 3 11
26 20 8 1 4
26 109 10 3 72
26 801 1 3 7
27 130 1 4 30
27 547 8 1 4
27 549 6 1 7
28 72 7 3 43
28 203 8 1 8
28 624 9 2 16
29 5 3 2 11
29 327 2 3 16
30 129 9 3 120
32 33 8 3 51
32 42 10 2 25
32 196 2 3 14
32 204 5 2 13
32 211 9 2 23
32 388 4 5 1710
32 514 1 3 7
32 641 8 1 4
32 721 8 1 14
32 759 4 2 13
32 803 7 1 4
33 3 10 1 6
33 31 9 4 236
33 277 7 1 4
33 544 1 3 16
33 945 4 2 8
34 292 2 2 4
34 324 1 2 4
34 720 1 5 452
34 800 4 2 19
35 551 2 2 8
36 12 6 3 71
36 34 4 1 4
36 48 2 2 4
36 257 6 7 118591
36 320 4 2 18
36 555 1 4 27
36 705 7 1 4
37 2 7 1 4
37 13 9 3 130
37 364 1 2 4
37 520 6 2 16
38 204 1 3 8
38 544 7 1 4
39 3 1 2 4
40 65 2 4 57
40 512 7 2 30
40 605 1 5 301
40 645 2 2 4
40 756 9 2 25
40 761 8 1 7
41 96 3 4 197
41 276 3 1 4
41 321 8 1 4
41 513 5 1 4
41 987 1 3 7
42 778 1 4 28
42 839 6 5 1863
43 546 2 3 12
44 10 6 2 23
44 47 7 2 23
44 794 6 4 409
45 23 5 9 4362805
45 50 2 2 4
45 74 10 4 519
45 266 9 1 4
45 615 7 3 82
45 808 1 2 4
45 844 1 2 4
47 1022 1 3 9
48 67 9 7 316872
48 193 5 4 120
48 198 7 6 30323
48 226 6 1 4
48 708 8 1 4
48 789 8 1 4
48 843 6 5 1731
48 932 8 6 6829
49 516 3 1 4
51 70 3 5 543
51 377 3 1 4
51 516 3 1 4
52 46 3 1 4
52 256 1 2 4
52 285 1 4 49
54 718 1 5 214
56 89 9 2 23
56 267 10 3 90
56 472 10 1 16
57 5 3 1 4
58 113 5 1 8
58 470 3 2 6
59 58 4 1 4
59 292 6 5 1360
60 5 1 2 4
60 112 10 1 4
60 948 8 2 16
61 648 8 1 4
62 612 9 4 360
64 1 1 4 55
64 41 9 1 4
64 192 2 7 10771
64 203 10 1 7
64 481 6 2 20
64 514 7 7 39451
64 686 3 1 4
64 756 2 3 11
64 771 8 2 37
64 780 7 5 3926
65 61 1 3 18
65 96 4 1 7
65 104 8 4 519
65 118 5 2 11
65 265 1 5 538
65 421 6 1 9
65 571 4 5 896
65 614 10 1 4
66 140 5 3 102
66 545 3 3 32
67 2 4 1 4
67 16 9 1 10
67 20 8 2 19
67 840 4 6 8948
68 153 9 1 4
68 284 7 2 16
68 322 1 2 4
68 576 7 1 4
69 138 1 6 764
69 572 3 1 4
70 109 10 6 7554
70 212 10 1 9
70 431 2 6 6744
70 608 3 3 63
70 646 7 4 202
70 672 10 1 11
71 1 5 4 293
71 264 8 1 4
71 409 5 1 4
72 8 1 3 8
72 437 9 6 29261
72 533 10 1 4
72 961 2 2 4
73 640 4 2 21
73 870 5 1 3
74 512 3 1 4
74 548 2 2 4
75 259 9 2 26
76 84 1 6 2629
76 262 3 2 8
76 586 9 1 15
77 256 5 5 882
77 450 9 1 7
78 784 9 1 7
79 165 9 1 8
79 386 9 1 4
80 0 10 6 12173
80 132 9 4 281
80 211 4 1 4
80 528 10 1 6
80 920 8 4 615
81 852 4 1 7
82 280 4 2 10
82 283 5 2 22
83 115 1 2 4
83 304 4 6 11093
84 74 2 6 2686
85 31 7 1 4
85 65 4 1 4
87 353 2 3 27
87 512 7 6 23876
87 515 4 1 4
89 4 7 1 4
89 76 5 2 18
90 20 3 8 365501
90 274 8 1 7
90 843 5 1 7
90 977 6 1 4
91 652 3 2 13
91 951 5 4 167
92 38 5 4 280
92 91 10 2 36
94 869 7 2 33
94 954 7 3 43
95 20 3 3 26
95 34 8 3 99
96 80 4 1 3
96 103 10 5 2841
96 148 10 6 34476
96 208 2 7 75724
96 276 3 5 1119
96 356 1 4 23
96 820 10 2 26
97 18 9 1 8
97 48 9 4 260
97 473 5 2 23
98 352 7 1 4
98 401 4 1 6
98 671 1 3 7
98 928 5 4 139
99 249 3 5 363
100 752 7 2 36
100 768 2 3 11
100 901 6 3 43
101 70 10 1 4
101 124 5 1 4
101 161 1 3 6
101 169 4 6 16621
101 392 4 3 60
101 599 4 2 13
102 166 6 2 12
102 264 5 5 584
104 26 8 1 4
104 28 5 4 323
104 64 3 1 4
104 673 2 8 493569
105 779 10 1 13
106 652 7 1 6
108 514 2 5 990
108 825 7 1 4
109 707 3 7 19073
111 12 3 2 9
112 0 3 2 10
112 1 10 1 4
112 84 1 4 39
112 776 5 1 7
114 416 4 2 13
114 452 3 1 4
114 497 10 3 77
114 872 1 2 4
116 33 9 1 4
118 565 3 1 4
119 446 6 5 2121
119 836 5 1 4
120 0 4 2 13
122 24 8 5 1426
122 80 1 5 143
122 185 4 5 572
122 294 8 1 4
123 600 4 3 67
124 348 2 5 260
125 268 5 1 4
128 320 6 2 11
128 362 1 6 1138
128 375 9 2 31
128 376 5 1 4
128 433 6 1 7
128 628 7 2 29
128 770 2 4 178
129 0 4 2 20
129 10 10 5 3649
129 39 1 4 43
129 88 2 4 188
129 163 3 2 11
129 707 1 4 64
130 78 2 3 16
130 272 6 2 13
130 520 4 1 7
130 528 9 1 4
130 532 4 1 7
130 675 9 1 4
131 581 4 2 13
132 6 8 1 6
132 17 2 7 46873
132 94 8 1 4
132 137 4 1 4
132 372 5 3 98
132 516 6 4 176
132 713 6 1 7
133 23 4 1 4
133 138 2 2 6
134 67 2 2 4
134 208 6 1 4
134 224 5 2 13
134 377 1 3 7
134 516 9 1 9
135 258 9 1 9
135 544 7 1 12
136 39 2 2 4
136 160 4 4 98
136 610 1 2 4
136 657 4 5 512
137 256 8 1 3
137 259 4 1 6
137 778 2 2 4
138 266 5 1 4
138 415 10 1 8
138 902 6 5 2667
139 87 1 10 10351568
139 865 6 1 7
140 72 5 3 32
140 143 5 2 14
140 464 7 3 74
140 776 2 5 1225
141 954 2 2 4
143 116 4 2 8
143 187 8 1 4
143 286 4 3 43
144 18 2 2 6
144 68 10 1 4
144 248 1 4 29
144 418 5 9 6241293
144 433 2 3 25
145 1 10 3 61
145 2 5 2 18
145 94 6 1 4
145 184 10 1 4
145 216 8 2 16
145 576 8 1 13
146 146 6 3 36
146 910 4 4 133
147 522 4 5 651
148 24 6 5 1304
148 139 4 5 494
148 278 7 3 69
148 912 3 3 20
149 20 10 3 191
150 160 8 1 6
153 26 6 1 4
153 171 7 1 8
153 592 10 3 142
153 598 5 9 7596136
153 961 5 2 14
156 54 3 2 13
156 133 8 1 7
156 814 1 4 30
157 404 3 2 9
159 526 3 3 47
160 81 8 1 14
160 144 7 4 342
160 452 6 2 19
160 644 1 4 25
161 326 3 1 4
161 376 2 4 59
161 524 4 2 16
161 576 5 7 173219
161 898 8 1 4
162 160 7 5 2783
162 290 5 1 7
164 34 9 2 29
164 264 4 1 4
164 280 1 2 4
164 329 3 1 4
164 636 6 2 23
164 646 7 1 4
165 141 9 3 186
165 397 3 2 6
166 686 4 4 145
167 712 1 7 6614
168 52 9 3 178
168 98 2 9 1676160
168 480 9 1 4
169 351 9 2 31
169 514 5 3 84
171 144 8 2 23
172 8 4 3 43
172 569 10 1 15
172 664 8 1 9
173 261 7 2 21
174 493 2 5 605
174 582 7 1 8
175 863 7 2 36
176 137 3 1 4
176 273 2 2 4
176 932 2 2 8
177 128 8 1 4
177 280 6 1 4
177 560 5 3 37
177 744 1 4 30
178 144 10 1 4
178 580 4 2 8
179 429 7 1 7
180 19 4 1 4
180 152 5 1 8
180 973 6 1 4
181 97 3 4 323
181 331 6 3 36
181 768 8 2 15
181 964 1 5 218
182 672 3 2 11
184 161 8 3 156
184 664 3 2 10
185 5 3 1 4
185 42 7 2 19
186 272 4 7 26214
186 582 7 1 4
188 4 2 5 409
192 43 1 2 3
192 52 1 3 12
192 72 3 2 6
192 177 9 1 11
192 392 7 3 112
192 536 7 1 4
192 713 4 1 4
192 898 2 2 4
192 999 3 10 555498545
193 120 7 4 536
193 375 4 3 28
193 718 3 3 22
194 321 8 5 1386
194 592 7 1 8
194 677 10 2 39
196 286 8 1 4
197 61 8 6 20007
197 100 5 1 4
197 592 9 1 6
197 611 3 3 37
197 769 5 1 4
201 39 5 3 66
201 98 10 1 4
202 11 3 2 12
204 6 9 1 4
208 88 3 4 137
208 534 9 8 397815
209 55 4 2 8
209 513 10 10 374494265
209 564 10 1 4
210 1 7 7 40396
211 4 10 7 77999
212 69 5 1 4
212 262 3 1 4
212 285 5 1 4
212 673 5 3 28
216 792 7 1 4
219 389 4 2 11
220 658 4 2 14
222 532 3 2 13
222 852 2 2 4
225 257 2 7 28186
225 948 10 3 58
226 157 10 2 32
227 336 10 3 130
227 592 5 6 6093
228 32 1 3 7
228 294 9 6 28521
230 9 3 2 11
231 261 1 3 9
231 290 10 1 4
232 5 9 1 4
232 130 9 6 13299
232 480 7 8 338073
233 212 5 1 4
233 912 9 4 423
233 973 8 1 4
235 645 6 1 4
237 91 4 4 104
238 642 4 1 4
240 18 2 2 4
240 914 5 1 7
241 206 3 7 44274
242 156 8 1 4
244 33 8 1 4
244 932 7 1 4
248 0 9 1 4
248 290 7 5 4248
253 636 3 1 4
256 4 5 1 4
256 5 3 3 36
256 68 7 1 4
256 69 8 4 448
256 97 6 1 4
256 160 5 4 122
256 212 2 7 12007
256 312 10 3 95
256 416 6 5 1292
256 522 3 6 5578
256 616 1 10 3789069
256 705 2 2 4
256 764 6 1 4
256 772 10 1 11
256 804 1 3 11
256 904 5 2 11
257 0 7 3 124
257 268 7 9 2700886
257 272 1 2 4
257 544 7 8 1040154
257 806 2 2 4
258 34 6 2 19
259 165 3 2 11
259 226 7 7 47449
259 268 9 1 4
259 327 8 3 156
260 256 10 9 4575865
260 295 9 3 53
260 678 10 2 52
261 356 2 2 7
261 672 8 7 63138
262 32 7 1 11
262 134 10 1 11
262 193 1 4 69
262 906 5 3 30
262 1013 5 1 4
264 1 6 2 12
264 4 10 1 4
264 296 3 1 4
264 320 9 1 4
264 568 10 1 8
265 264 4 1 4
265 339 2 7 17825
266 11 4 1 4
266 242 2 2 4
266 504 7 1 4
267 523 6 2 27
267 581 10 2 41
268 192 4 3 70
268 577 8 1 4
270 532 3 2 6
272 162 2 3 24
272 208 3 1 4
272 225 8 1 9
272 259 7 1 4
272 378 4 2 21
272 520 3 1 4
272 554 5 3 32
272 640 10 3 68
272 684 9 1 4
272 899 4 1 6
273 47 3 5 860
273 581 6 5 1219
273 693 5 2 14
273 809 9 2 22
274 98 8 3 72
274 334 7 3 116
275 4 10 3 60
275 116 9 1 11
275 401 8 1 9
275 512 5 2 21
276 288 10 4 789
276 392 3 6 2378
276 394 1 2 4
276 628 2 8 543064
277 8 3 2 8
277 128 1 2 4
278 258 3 2 6
279 18 2 6 6279
280 36 5 4 141
280 674 5 2 9
281 101 6 1 4
282 136 10 1 4
282 576 4 1 4
284 835 3 4 78
285 104 10 1 11
286 624 4 1 4
287 448 2 2 8
288 47 8 1 4
288 50 2 4 106
288 224 4 5 2396
288 292 4 3 34
288 341 5 1 4
288 545 4 9 1762784
288 776 1 4 37
289 36 9 1 4
289 345 4 1 4
289 468 5 5 1467
289 648 4 1 4
289 753 10 5 3331
289 788 1 3 7
290 0 6 1 4
290 258 4 2 13
291 32 3 1 4
291 610 6 4 469
291 768 2 3 14
291 967 3 3 18
292 7 7 1 4
292 19 8 1 8
292 134 4 1 4
292 162 8 1 4
292 593 10 1 4
293 960 5 2 9
294 27 7 1 9
294 742 1 4 61
294 864 4 4 219
296 57 4 8 190585
296 131 9 1 4
296 260 9 1 7
296 336 6 1 4
296 409 2 3 15
296 516 4 4 217
297 325 9 2 18
297 389 2 2 4
297 742 4 1 4
298 800 1 3 7
299 78 7 1 4
299 291 3 1 4
300 29 2 2 7
301 274 5 1 4
303 292 3 2 6
304 6 10 1 4
304 63 8 3 84
304 212 1 3 11
304 258 2 5 668
305 11 6 3 95
305 163 9 1 7
305 576 5 2 17
306 36 6 5 1116
307 514 5 5 1124
308 640 1 3 7
308 832 5 4 238
308 848 3 5 699
309 77 5 8 259290
309 774 3 2 6
310 44 7 3 83
312 514 3 6 3300
314 156 9 1 4
314 518 3 4 217
315 739 10 2 50
318 914 4 3 43
320 29 7 3 119
320 315 8 1 4
320 407 4 1 4
320 641 8 3 94
320 720 2 3 41
321 4 1 5 386
321 337 4 7 76055
321 834 5 1 4
321 1008 7 1 12
322 0 9 1 4
322 80 9 1 4
322 196 2 6 1508
322 416 6 1 4
323 360 8 1 11
324 16 7 1 4
324 200 3 1 4
325 145 10 1 4
326 16 1 2 4
326 32 2 5 914
326 280 2 4 91
326 443 7 2 13
327 675 2 2 6
327 698 6 5 1826
328 853 2 3 13
329 35 2 2 4
329 258 8 1 4
330 8 8 1 11
332 456 5 1 4
335 83 10 1 7
335 391 2 2 7
336 18 6 7 47130
336 100 9 1 4
336 632 5 3 42
337 352 4 1 7
337 833 7 5 1138
338 33 9 2 21
338 160 6 1 9
338 169 5 3 71
339 42 9 3 75
340 0 10 2 18
340 106 9 2 18
340 704 4 1 4
340 763 4 1 4
341 576 1 3 9
342 536 5 1 4
343 475 1 3 7
345 728 4 1 4
345 992 3 2 6
346 11 5 6 11864
346 89 5 2 9
347 11 6 1 4
347 313 10 1 4
349 12 10 1 7
352 419 4 1 6
352 514 8 2 26
352 680 10 3 112
352 794 6 2 31
353 389 10 1 6
354 25 10 2 18
354 30 4 5 1043
354 836 7 4 374
354 969 5 1 4
355 134 2 2 4
357 433 7 1 4
358 168 5 6 7918
360 514 6 2 15
360 555 9 1 13
360 732 7 1 4
362 34 5 4 214
363 162 8 2 15
368 925 2 2 4
371 705 5 1 4
372 352 8 1 4
375 77 10 1 4
376 193 8 1 6
379 333 3 1 4
384 5 9 1 4
384 6 9 4 1008
384 156 6 3 84
384 168 10 3 159
384 332 1 2 4
384 457 3 3 16
384 571 1 3 16
384 597 1 4 45
384 692 10 1 4
384 962 6 1 4
385 2 3 7 72709
385 214 9 1 4
385 513 2 2 6
385 563 7 1 11
386 160 10 3 112
386 681 3 5 539
386 912 6 5 1595
387 1016 6 4 160
391 8 9 1 11
391 461 4 1 4
392 38 6 2 16
392 336 7 1 4
393 461 2 4 215
395 647 5 6 4115
396 454 2 5 1107
396 915 2 3 25
397 132 4 3 22
397 305 2 2 9
397 518 10 1 7
399 9 10 1 4
400 10 4 2 11
400 21 6 2 15
400 712 10 1 17
401 16 8 1 6
401 58 2 3 34
401 277 3 3 23
401 284 2 4 226
402 80 6 3 33
403 20 7 1 4
404 209 5 1 4
405 160 3 1 4
406 677 10 3 97
408 66 5 8 237638
408 576 6 3 124
409 417 1 3 21
409 888 7 1 4
410 520 6 1 4
413 640 1 4 71
415 101 7 2 31
416 832 5 2 11
419 7 8 1 12
419 62 6 1 4
420 32 10 1 4
420 114 9 1 4
421 400 1 3 11
423 651 10 7 199161
424 481 7 3 52
425 161 6 1 4
425 261 1 2 4
425 746 7 2 14
425 776 4 2 13
427 580 3 6 5463
428 620 7 10 94515943
428 880 10 1 6
430 68 10 1 4
430 203 5 1 4
433 197 4 3 55
434 734 2 3 37
441 21 10 1 4
442 146 2 2 4
442 691 3 2 6
444 769 9 1 4
444 801 4 3 48
448 92 4 3 68
448 513 4 1 4
452 48 5 4 253
452 136 3 1 4
452 205 2 2 7
452 512 3 3 16
452 513 9 5 1316
453 368 9 3 107
453 661 10 2 26
454 9 3 1 4
454 437 7 1 4
454 634 10 1 4
454 782 9 1 4
455 640 6 1 4
456 105 9 1 4
456 774 3 1 4
460 197 9 3 150
460 566 8 2 31
461 901 8 1 14
462 641 10 1 8
463 916 6 1 7
464 265 1 3 8
465 531 9 2 17
467 211 3 1 4
467 300 6 2 12
469 425 3 1 4
472 226 6 2 16
472 256 9 6 14038
473 6 4 1 4
476 775 2 2 8
480 0 7 1 7
480 731 1 2 4
481 288 7 1 4
481 416 9 1 4
482 64 10 1 4
482 208 1 3 20
483 276 6 4 505
483 555 6 3 34
484 841 3 6 3729
488 3 2 2 4
488 334 10 1 6
489 64 7 1 4
491 112 5 3 89
496 433 3 3 54
496 978 6 1 4
512 5 4 2 16
512 65 3 5 1036
512 173 8 1 9
512 266 1 2 4
512 420 2 7 12998
512 514 1 2 4
512 685 6 1 4
513 5 9 8 609551
513 47 10 1 4
513 65 6 1 4
513 112 10 3 149
513 304 3 4 123
513 548 2 3 44
513 644 10 1 13
514 452 3 1 4
514 780 8 1 4
515 93 8 1 4
515 157 3 1 4
515 273 8 3 105
515 598 2 6 2297
516 357 6 1 4
516 385 8 3 94
516 582 6 3 34
516 605 7 2 31
516 779 3 1 4
517 0 7 1 7
517 3 4 3 37
517 34 6 6 5026
517 177 3 1 4
517 233 5 4 407
517 281 5 1 4
517 525 6 1 4
517 534 10 1 12
517 672 1 3 8
517 676 10 2 26
518 0 4 2 12
518 41 9 3 58
518 66 8 5 3093
519 517 2 2 7
519 944 8 1 7
519 967 1 3 7
520 296 8 1 4
520 436 2 2 4
520 785 5 2 19
520 812 4 1 4
521 131 2 2 4
521 450 1 3 6
521 554 7 1 4
521 609 9 3 107
522 234 4 1 7
522 652 8 2 19
523 650 7 3 60
524 159 9 2 21
524 173 5 2 18
525 134 8 2 16
525 820 8 2 21
527 713 5 1 4
528 33 1 6 4198
528 580 5 3 30
528 611 10 3 77
528 720 10 3 186
528 801 4 1 4
529 16 6 1 4
529 148 6 1 9
529 423 1 3 9
529 836 7 1 6
530 20 2 5 555
530 86 1 4 105
530 132 4 5 1850
532 550 9 1 4
532 853 7 1 4
533 37 9 1 9
534 6 7 1 4
534 786 3 1 4
534 928 6 1 8
536 10 9 4 947
536 244 3 2 6
536 412 2 6 1807
536 687 9 3 135
537 99 3 2 9
537 138 5 3 89
537 257 9 1 4
537 478 5 1 4
538 74 5 2 9
538 820 5 1 6
540 481 8 1 4
541 344 3 2 6
544 6 6 4 483
544 21 1 2 4
544 24 9 2 31
544 160 5 1 4
544 401 2 5 448
544 416 9 1 6
544 429 5 1 4
544 536 4 4 148
544 718 3 1 4
545 209 5 3 28
545 743 4 1 4
546 2 5 4 154
546 4 1 5 145
546 612 3 6 3840
546 650 2 9 6945620
546 758 1 2 4
546 900 10 1 7
547 427 8 3 86
547 577 5 1 4
548 169 4 2 14
548 577 5 2 14
548 586 5 1 4
549 97 10 3 59
549 146 10 1 4
549 647 6 1 8
551 4 3 1 4
551 40 9 4 259
551 89 7 2 37
552 640 6 1 6
552 656 2 8 155642
552 932 7 7 139390
553 102 8 1 7
554 4 10 2 23
554 137 4 1 4
554 296 7 2 16
555 52 8 1 4
556 409 10 1 4
557 15 1 4 48
557 370 5 1 4
557 400 10 3 57
557 512 2 2 7
557 938 10 1 4
559 557 3 1 4
560 18 2 2 7
560 104 2 2 4
560 168 1 5 188
561 10 2 1 3
561 786 7 5 2511
561 993 9 1 4
562 992 6 1 6
563 20 4 1 6
563 410 1 2 4
566 4 3 1 4
566 44 9 3 174
572 257 6 1 4
572 370 4 3 37
574 18 2 4 134
574 696 8 2 22
576 5 5 1 4
576 48 9 4 384
576 76 9 1 4
576 172 7 1 6
576 193 8 1 4
576 325 5 5 1605
576 371 3 2 6
576 525 3 7 22084
576 547 4 1 4
577 222 10 3 55
577 236 1 2 4
577 292 3 2 11
577 401 7 2 18
577 661 7 3 69
577 997 2 2 7
578 96 7 1 9
578 136 7 4 259
579 136 5 4 357
580 507 10 1 4
581 645 5 4 555
582 633 3 1 4
584 432 7 1 8
585 64 7 5 1050
585 208 7 3 77
585 389 1 3 13
586 64 8 2 18
586 658 7 1 8
588 784 10 1 4
590 276 10 2 38
590 300 2 2 4
590 788 7 1 4
592 4 5 2 25
592 148 10 1 4
592 322 1 6 1539
592 528 5 1 4
592 585 1 4 39
592 856 9 1 7
593 429 3 1 4
595 58 9 1 11
596 11 8 2 40
596 33 5 1 4
596 154 5 9 3941417
596 385 3 2 6
599 569 2 2 4
600 573 7 2 20
600 575 5 4 244
601 335 8 1 4
601 431 9 1 11
602 480 5 1 4
604 913 6 3 65
605 80 7 4 199
606 281 9 1 12
607 288 10 1 7
607 393 7 1 4
608 185 1 8 140522
608 576 8 1 11
609 28 3 1 4
609 526 8 3 73
609 768 9 6 9647
610 24 7 1 4
611 125 7 2 20
612 170 8 3 59
613 840 7 7 60816
614 936 9 1 7
616 81 1 2 4
617 374 9 1 4
618 70 1 3 7
619 76 8 2 37
619 140 9 1 4
619 231 8 1 6
623 1000 8 1 6
625 261 5 2 13
625 530 8 1 4
626 8 10 2 29
626 104 8 3 69
627 3 2 3 11
627 418 4 2 13
627 769 10 2 28
631 24 2 2 7
632 18 10 1 4
635 546 7 1 4
640 6 10 1 7
640 160 10 4 583
640 246 9 3 110
640 258 3 1 4
640 369 1 2 4
640 584 8 2 39
640 938 2 3 20
642 512 4 1 7
643 73 2 2 4
643 775 4 1 4
644 48 3 1 4
645 4 1 2 4
645 963 1 3 11
646 289 6 1 7
648 76 6 3 105
648 98 10 10 59467324
648 369 8 1 4
648 512 1 2 4
648 694 4 1 4
648 769 2 3 14
649 4 8 3 155
649 48 6 1 4
650 216 6 6 7023
652 594 2 10 22312822
654 129 2 3 41
654 565 7 3 63
655 384 2 4 150
656 370 5 3 58
656 833 1 2 4
658 26 6 1 4
658 226 3 5 606
658 640 2 5 248
660 36 6 1 8
660 69 9 3 89
660 648 2 2 9
661 244 10 1 4
662 374 2 7 27589
664 16 8 1 4
664 205 6 2 21
665 3 10 1 4
668 749 10 1 4
670 515 7 1 4
672 64 1 4 71
672 129 2 7 45886
672 514 10 1 4
672 717 2 3 11
673 104 2 8 221153
674 259 1 3 12
674 401 2 2 4
674 672 5 1 4
675 257 3 1 4
677 121 10 1 4
678 237 7 1 9
679 556 4 4 149
680 20 4 2 18
680 39 3 1 4
680 450 2 2 8
681 6 7 5 804
682 156 6 1 4
683 278 2 2 4
686 593 6 2 11
691 12 3 1 4
692 914 7 1 4
693 522 1 7 31049
694 6 5 4 379
694 768 7 1 7
694 976 5 1 4
695 517 6 1 5
695 585 2 2 4
696 885 5 1 7
697 710 4 2 20
700 864 2 2 4
701 34 1 4 60
701 941 9 1 4
704 34 1 3 7
704 514 1 3 16
705 854 1 2 4
706 17 10 1 4
706 460 7 1 4
706 732 8 1 4
709 354 1 3 10
710 2 3 1 4
711 19 9 1 4
712 141 2 5 399
712 283 10 2 19
716 649 8 1 4
716 842 4 5 474
719 512 4 4 106
720 7 6 1 6
720 144 3 5 510
721 104 4 1 4
721 323 7 1 4
722 100 2 2 4
722 104 1 2 4
722 146 10 3 69
722 393 1 3 9
722 398 6 1 6
723 142 4 2 16
724 20 10 1 4
724 596 10 1 4
727 200 6 1 4
728 227 2 2 6
728 350 4 3 43
728 712 9 1 4
729 578 1 2 4
730 332 4 3 40
732 834 1 2 4
737 25 5 1 4
737 64 7 3 69
740 235 2 8 94549
740 778 3 5 972
740 801 7 1 4
741 45 3 2 9
741 260 1 2 4
742 97 2 3 16
743 787 8 1 11
744 124 9 2 46
744 280 4 1 4
751 506 10 5 1587
752 261 5 3 63
752 494 4 4 188
752 786 1 2 4
759 130 10 1 16
760 40 2 2 4
760 220 6 1 4
760 257 6 1 4
763 668 6 2 12
765 513 7 1 4
768 68 3 3 37
768 226 10 4 597
768 326 7 1 8
768 608 9 1 4
768 666 7 4 180
768 736 2 3 13
768 738 7 1 4
769 277 5 3 82
769 773 1 5 147
770 211 4 1 4
771 793 8 1 4
771 800 7 1 9
772 0 10 1 4
772 130 1 8 143167
774 936 7 1 9
775 48 1 2 4
775 921 1 3 9
776 586 9 3 118
776 697 6 1 9
777 200 9 1 9
777 539 1 3 8
777 554 9 8 431358
777 641 1 4 55
778 389 2 2 4
780 16 7 1 4
780 707 9 1 13
782 226 1 4 30
784 514 5 1 4
784 549 6 1 4
784 569 1 3 7
784 604 8 1 4
785 257 9 1 7
786 142 2 3 28
786 521 1 3 16
786 576 3 1 4
787 199 8 1 4
788 25 5 2 14
788 332 2 2 4
792 16 5 1 4
792 274 10 4 861
792 540 1 2 4
792 594 3 4 261
793 52 4 1 4
793 628 7 1 10
795 422 8 1 4
795 661 2 2 9
800 45 8 1 7
800 73 5 1 4
800 97 10 1 11
800 824 5 2 9
801 34 9 2 43
801 312 8 4 609
801 592 10 2 18
801 642 8 1 4
802 660 6 1 7
802 769 9 5 4981
804 0 6 6 14645
804 104 5 4 126
804 337 10 1 6
804 433 3 1 4
804 779 5 1 4
805 387 8 1 4
806 232 10 1 4
806 326 2 2 4
806 480 7 2 26
808 777 6 5 2278
808 945 4 5 1682
810 17 5 1 4
810 416 5 1 4
812 778 7 1 4
814 905 6 1 4
816 24 6 5 1680
817 784 8 1 4
818 253 3 1 4
819 69 4 1 7
819 538 9 1 4
822 211 5 10 85085477
824 392 3 1 4
828 592 2 2 9
832 427 7 5 1961
832 548 10 1 4
834 0 10 4 684
834 67 7 2 24
834 148 8 1 4
834 912 5 2 23
835 583 7 5 3083
836 86 10 4 1112
838 785 5 4 164
840 106 4 9 4059550
840 545 10 1 4
840 800 3 1 4
842 132 2 2 8
842 200 4 2 8
844 584 7 1 4
845 624 9 1 4
848 313 3 4 72
848 899 8 1 4
849 792 9 1 7
849 1018 6 2 13
850 308 9 1 4
852 2 9 3 143
852 72 3 1 4
854 681 10 3 56
856 256 5 2 15
862 130 3 1 4
864 23 4 1 4
864 786 6 1 4
866 260 1 3 16
867 998 10 3 65
868 332 1 3 9
871 264 4 1 7
872 50 9 3 130
872 165 7 8 579912
873 9 7 3 50
874 360 4 2 8
878 258 4 1 4
882 42 5 1 4
884 802 6 7 85367
894 392 1 2 4
895 603 10 1 9
897 115 2 3 25
897 523 7 1 8
897 1002 3 2 7
898 336 6 4 455
900 4 2 4 210
900 162 10 1 4
900 313 1 2 4
902 420 7 1 8
904 112 2 5 513
904 231 10 1 9
904 929 6 1 3
905 196 6 2 29
905 540 1 3 14
906 194 8 1 6
906 210 1 2 4
906 328 9 6 14139
907 276 7 1 4
911 5 4 1 4
911 10 2 3 25
911 896 10 1 4
912 388 3 2 11
914 669 5 1 7
914 776 8 2 22
914 968 4 1 6
915 431 5 1 6
916 742 2 4 164
916 777 7 1 4
917 912 4 1 4
918 0 9 3 79
920 200 10 1 4
921 272 7 1 4
922 8 10 1 14
922 784 6 4 291
924 33 6 5 891
927 190 5 6 6590
928 516 2 2 9
928 518 1 2 4
929 10 7 5 1611
929 257 3 1 4
930 720 7 4 222
931 230 3 2 9
932 783 5 4 362
933 657 8 3 68
938 261 5 2 9
938 552 3 1 4
941 771 9 2 17
945 456 1 3 12
947 568 9 5 2498
948 9 3 5 395
952 37 7 1 4
954 22 7 1 6
956 846 4 1 4
958 844 7 1 9
961 131 5 1 4
961 472 10 1 4
965 937 8 1 4
966 29 2 3 23
966 555 10 5 4253
970 180 9 1 4
971 566 5 10 52654297
975 205 7 1 4
976 321 3 2 7
976 779 6 4 178
977 22 1 4 105
977 549 5 1 4
984 483 2 4 50
986 772 8 4 230
988 366 6 4 176
998 127 2 2 7
998 179 6 4 626
1001 286 6 1 8
1003 684 2 3 13
1004 129 5 1 4
1011 36 3 5 523
1013 316 10 6 12109
1021 643 6 1 3
