1030 0.006348310302961314 
1250 0.006044829429830457 
1575 0.006110054402478183 
308 0.006490615393795696 
553 0.006206485487903172 
1482 0.006068933404204685 
496 0.006080276834833622 
1832 0.006037267641371096 
93 0.006255650048644379 
1812 0.006254231815178148 
1815 0.006027342979982905 
1562 0.006070351320084698 
1380 0.006053809207293875 
1018 0.00600135087704095 
1990 0.006202703681339337 
1027 0.006050973470402145 
78 0.00654829496187319 
1792 0.006269359705012194 
1184 0.006269359705012194 
1862 0.006199867335124778 
508 0.006067515492093257 
307 0.00602923337506806 
1122 0.00633460012850612 
443 0.0061403060390061446 
1488 0.006032068982447981 
537 0.006077913600808522 
1192 0.006041521132580833 
986 0.006090202525276794 
236 0.005953151826020874 
888 0.00604813774976856 
1737 0.006027815578012557 
1628 0.006339800531616626 
1922 0.006161104758020861 
1084 0.006258486519525744 
1232 0.0060391580771753765 
394 0.006291579036984872 
340 0.006230122061246072 
784 0.006132270321070742 
1049 0.00617764956381002 
559 0.005981976011441421 
1109 0.006270777951915522 
619 0.006219721911152108 
344 0.0062674687110101795 
1877 0.0063152168998323105 
201 0.006486833145842896 
633 0.006025452592832435 
503 0.006404097129012393 
699 0.0060736598049975265 
2 0.006157795834946908 
1852 0.006101073712021173 
1553 0.00600135087704095 
1262 0.005980558376081411 
936 0.005310661213459001 
232 0.005989064266498314 
343 0.006243358737215758 
1442 0.006009857209103997 
1174 0.005993789841255232 
1863 0.006079804187228481 
157 0.006076495665217789 
320 0.006300088637254339 
159 0.005977723121212039 
6 0.006058062842702926 
643 0.006389441185682085 
1987 0.0054307084595417955 
1688 0.006070351320084698 
1319 0.0062268129131493495 
118 0.006057590214780606 
1834 0.00624619518444555 
436 0.006144087583290654 
1359 0.006568151982560911 
390 0.006563424115035088 
1373 0.0060306511765545814 
134 0.005935669450483611 
495 0.005980085832132451 
1013 0.006253759070985108 
1826 0.006158741240197659 
516 0.005988591712139977 
840 0.005831268561163117 
25 0.006443337474103727 
600 0.0061653591067731845 
