0 89 8 5
0 198 9 2
0 342 9 2
1 18 4 8
1 503 7 9
2 115 6 4
2 217 8 4
3 218 5 10
3 363 8 6
3 430 4 7
4 361 1 4
4 414 9 10
5 214 3 10
8 303 9 9
9 129 10 9
9 171 8 2
9 451 10 3
10 223 5 4
10 416 10 6
10 462 6 9
11 30 1 7
11 297 9 4
11 438 7 10
11 477 7 1
12 343 9 7
12 499 9 8
13 207 9 2
13 280 3 9
13 397 6 7
14 173 7 7
14 265 7 8
15 160 3 7
15 194 2 4
15 414 2 10
16 25 10 9
16 114 6 7
16 232 4 9
16 357 2 10
16 370 10 9
17 83 3 4
17 131 9 7
17 316 1 3
18 90 7 1
19 33 4 6
19 180 2 7
20 139 9 4
20 283 5 2
21 209 4 3
21 259 8 1
22 226 6 7
22 451 9 8
23 108 8 1
23 304 9 6
23 418 3 4
24 52 9 1
24 386 8 6
24 418 10 4
24 503 3 8
25 126 2 3
25 234 4 2
25 309 4 2
25 320 1 2
25 408 4 8
26 142 7 1
26 296 7 8
27 342 5 7
27 378 2 4
28 407 4 7
29 40 3 8
30 182 3 1
30 403 3 1
31 66 7 6
32 105 4 4
32 177 10 2
33 489 4 10
34 84 9 4
34 129 4 7
34 199 5 5
34 231 6 6
34 282 6 4
34 317 9 7
35 151 8 3
35 446 4 10
35 458 7 8
35 479 3 5
36 162 3 3
36 341 1 4
36 374 7 2
36 444 3 6
38 170 3 9
38 277 5 2
38 390 6 8
38 488 10 10
39 467 2 8
39 490 2 4
40 75 3 1
40 103 5 8
40 148 9 1
40 464 4 5
40 486 6 10
41 429 3 3
42 45 4 4
42 316 7 2
43 123 10 9
44 327 5 6
45 98 10 5
45 108 7 6
45 408 6 1
46 106 4 6
46 139 9 4
47 99 2 7
47 246 5 5
47 505 9 5
48 344 3 3
49 66 1 4
49 370 10 1
50 169 3 10
50 177 3 5
50 474 3 10
51 134 5 6
51 342 2 7
52 78 4 6
52 181 9 6
52 207 4 6
52 277 7 4
52 500 7 6
54 464 5 1
55 151 9 1
56 234 10 9
56 435 7 3
58 65 5 6
58 164 9 9
58 249 7 9
59 199 1 3
59 276 4 8
60 384 9 4
61 396 9 7
62 444 2 8
62 489 9 7
63 335 5 10
64 89 7 3
64 91 10 9
64 179 5 9
64 501 1 9
65 236 10 3
65 267 8 8
65 277 5 9
65 386 6 1
65 397 8 4
65 409 3 1
66 185 3 4
66 376 7 5
67 70 5 4
68 132 6 8
68 209 3 1
68 221 2 4
68 267 4 9
68 290 7 2
68 363 4 10
68 432 1 3
68 474 4 8
69 72 6 5
69 89 2 9
69 462 5 3
70 295 4 3
70 505 7 5
71 228 2 2
72 167 10 10
74 220 3 8
74 411 5 2
74 451 2 3
75 330 2 6
75 392 5 5
76 153 10 5
76 322 1 1
77 337 6 9
77 340 3 7
78 209 5 3
78 267 7 4
78 308 7 3
79 262 9 8
79 319 8 4
80 86 1 1
80 368 6 8
80 420 3 9
82 84 7 5
82 464 5 3
82 488 9 6
83 402 8 8
83 407 7 9
84 257 3 5
84 295 1 9
85 244 1 8
86 118 10 3
86 145 3 8
87 133 2 4
88 404 2 2
89 305 4 4
89 349 9 2
90 292 5 9
90 402 7 10
91 280 4 8
92 477 5 4
93 161 2 5
94 427 3 1
95 182 8 6
95 486 10 2
96 488 7 1
97 319 3 1
97 351 10 4
98 113 10 5
99 154 5 7
99 172 5 10
99 402 1 2
100 291 2 9
101 165 1 3
102 259 7 3
103 117 3 8
103 186 6 10
103 192 7 3
103 273 5 1
103 277 4 3
104 166 10 2
104 327 3 7
105 242 9 6
105 496 10 1
106 198 4 2
106 249 5 5
107 241 4 2
107 277 4 1
107 335 6 10
107 350 5 5
107 359 1 1
108 404 3 1
109 143 1 6
109 354 8 7
109 367 10 2
109 408 8 5
109 437 3 5
111 198 5 5
111 273 3 3
112 236 5 6
112 446 7 5
113 430 4 1
114 205 5 10
114 327 2 9
115 180 4 8
115 193 5 1
115 198 6 5
116 207 8 3
117 314 3 9
118 221 10 9
118 260 5 7
118 285 1 3
118 346 5 3
118 390 5 7
119 293 7 8
119 417 4 2
119 423 4 4
119 506 10 4
120 475 9 2
122 258 3 3
122 371 6 2
122 383 4 9
123 173 3 3
123 377 5 2
124 280 6 1
124 471 8 3
125 154 1 7
125 445 9 8
125 507 9 7
126 251 7 8
126 277 6 3
126 466 6 7
127 250 2 9
127 311 7 3
128 355 3 8
128 385 1 6
129 206 7 3
129 276 10 6
129 406 7 5
129 480 9 6
130 277 8 3
131 194 1 7
132 385 10 10
132 434 5 6
132 475 8 6
134 226 8 9
135 167 4 8
135 169 9 5
136 405 10 9
137 160 5 7
137 201 8 5
137 250 2 4
138 470 7 6
139 455 5 7
140 510 5 1
141 278 2 3
141 351 9 5
141 353 1 1
141 390 7 6
141 418 3 9
142 322 7 7
143 192 1 3
143 223 7 5
143 270 7 3
143 286 3 7
144 505 2 3
146 215 6 2
146 288 7 1
146 362 3 1
146 365 8 10
147 402 4 8
147 467 4 10
147 480 3 8
148 162 4 8
148 238 6 3
148 359 9 5
149 196 2 9
149 224 7 8
149 304 4 2
149 458 8 4
150 430 4 10
150 458 3 9
151 285 7 2
151 307 7 1
151 387 10 3
151 399 7 7
151 463 5 6
152 167 1 8
152 196 9 6
152 421 2 6
152 433 9 3
153 200 1 9
153 257 1 3
153 409 5 9
154 273 1 9
154 507 8 7
155 412 10 6
155 418 7 8
156 160 4 10
156 400 10 9
156 507 7 1
157 385 4 2
159 189 3 7
159 331 6 9
159 353 1 9
159 451 9 7
161 423 6 4
162 273 9 1
163 181 2 7
163 293 10 1
163 333 8 9
164 241 3 10
164 291 10 1
165 281 5 3
165 323 9 4
165 484 1 9
165 501 10 7
166 170 6 5
168 209 9 5
169 266 4 8
171 319 9 5
171 506 1 10
172 480 10 2
173 266 8 6
173 274 7 7
174 352 6 2
174 501 4 5
175 205 9 8
175 272 3 6
176 393 8 2
176 462 8 9
177 250 3 8
177 459 8 2
178 182 3 6
178 254 3 5
178 409 1 6
178 486 7 7
179 223 5 10
179 255 3 7
179 473 8 1
180 197 10 5
180 346 10 9
180 421 8 4
180 448 2 6
181 436 10 2
182 277 4 10
183 463 10 9
186 237 1 6
187 440 7 7
189 252 9 5
189 275 5 3
189 474 3 4
190 424 6 7
191 352 4 6
191 368 6 3
191 401 1 5
191 416 8 6
192 437 9 6
194 346 8 1
195 363 1 6
196 439 2 8
197 230 8 1
198 267 4 8
198 279 7 1
198 353 7 9
198 478 1 2
200 210 2 7
200 342 3 9
200 448 1 5
201 238 5 2
202 254 6 8
202 442 3 7
204 245 6 7
204 472 9 4
205 345 2 6
206 410 1 4
206 436 9 10
208 275 6 5
208 303 3 6
208 506 3 9
209 223 3 8
209 274 1 7
209 492 1 3
210 380 10 5
211 386 9 7
212 238 6 2
213 443 6 5
214 231 2 3
214 511 2 3
215 393 3 5
215 417 9 6
218 254 1 3
218 447 3 7
219 234 4 3
219 478 4 10
219 498 8 5
221 351 6 4
222 430 9 10
223 412 5 9
223 435 3 6
223 478 9 2
223 491 6 8
223 508 9 4
227 273 8 3
227 397 4 7
228 299 9 6
229 452 7 3
230 482 7 3
231 349 1 6
231 378 1 1
232 248 4 1
233 247 9 5
233 366 2 4
235 354 2 2
237 407 8 7
238 319 6 6
239 323 6 7
241 345 2 8
242 257 2 5
242 285 1 1
242 312 2 6
243 249 7 7
243 492 6 3
246 254 7 10
246 500 7 4
248 431 9 3
249 404 6 5
250 395 8 9
250 441 3 6
252 502 4 9
253 296 9 7
253 500 6 8
255 392 6 6
256 288 4 1
256 476 8 10
258 267 9 5
258 478 9 7
259 373 9 9
260 283 7 5
260 316 4 7
260 327 10 4
260 400 2 3
262 299 7 3
262 414 5 2
262 487 10 6
264 339 8 9
264 473 2 8
265 281 3 7
265 430 8 9
266 294 8 7
267 463 5 6
267 475 4 6
269 336 7 1
270 335 9 6
270 395 9 6
271 489 6 7
272 320 7 1
272 404 6 4
275 280 4 2
275 323 8 5
276 335 8 10
277 279 9 9
277 359 5 10
279 392 1 10
280 385 1 1
281 345 5 7
281 464 7 1
284 333 10 9
288 505 1 2
289 366 6 10
290 427 9 9
291 454 3 2
293 489 9 8
294 451 10 8
295 463 6 5
295 478 1 4
297 405 9 10
297 441 2 1
298 347 1 6
298 354 2 4
298 501 8 10
299 363 5 9
299 382 7 9
303 305 6 9
303 376 8 1
303 400 7 1
304 474 6 1
305 411 4 2
305 416 9 10
306 481 10 8
307 394 5 9
308 450 7 10
309 400 6 5
311 330 1 1
311 342 8 6
311 432 2 7
312 313 7 7
312 409 10 1
312 466 10 7
313 451 9 7
313 463 6 1
314 418 2 2
314 499 4 4
315 435 7 2
317 318 9 5
318 481 6 8
321 365 7 2
322 354 4 5
325 352 3 2
325 422 8 4
326 446 3 7
332 368 4 10
336 444 1 8
337 451 1 10
338 341 9 2
338 461 6 7
339 342 8 2
339 475 1 10
341 435 9 3
341 469 7 6
343 415 2 1
349 431 5 7
350 452 4 10
351 497 3 4
352 373 9 1
353 371 1 10
354 363 4 4
354 457 6 5
355 428 5 5
355 464 6 7
357 421 10 6
357 467 9 10
358 420 1 3
358 432 10 8
358 447 5 3
360 431 1 10
361 510 4 8
362 456 3 4
362 493 8 6
367 499 3 5
368 438 7 10
368 482 6 1
370 419 9 9
371 421 5 3
372 477 7 5
373 436 2 2
374 489 1 8
379 434 7 3
380 462 1 6
380 470 2 7
381 501 7 1
383 387 4 8
383 504 2 6
384 450 7 6
385 425 6 9
385 498 5 4
386 394 3 7
386 448 3 5
386 468 4 10
386 482 3 9
388 418 1 6
388 472 4 8
389 500 4 3
391 404 2 1
391 429 7 7
391 511 8 8
393 488 5 2
394 399 4 3
395 423 10 2
396 468 3 1
398 413 6 8
398 484 10 1
399 410 9 9
400 407 3 2
400 492 7 3
402 433 7 2
404 443 4 9
405 474 7 1
406 407 9 3
408 439 3 3
410 473 6 5
412 455 4 10
414 416 3 8
414 461 10 1
415 472 2 6
417 503 7 3
425 450 9 2
427 505 9 10
429 432 5 5
432 455 7 7
438 501 6 10
444 468 2 4
447 485 6 2
448 494 2 1
449 452 2 8
450 475 4 7
453 471 5 4
453 479 4 6
455 479 5 9
458 490 2 5
461 503 2 1
463 468 1 3
466 481 7 2
466 501 5 8
474 480 6 1
485 501 9 1
501 504 6 6
507 509 2 1
