0 89 1 4 71
0 198 8 7 198078
0 342 4 2 13
1 18 10 4 261
1 503 4 2 14
2 115 8 1 13
2 217 9 1 8
3 218 2 8 388017
3 363 1 2 4
3 430 4 5 1834
4 361 7 1 7
4 414 6 1 7
5 214 4 3 67
8 303 1 4 41
9 129 4 1 4
9 171 9 2 41
9 451 10 1 7
10 223 8 1 10
10 416 5 1 3
10 462 8 4 184
11 30 8 6 10066
11 297 7 3 38
11 438 3 4 157
11 477 9 1 8
12 343 8 4 460
12 499 2 5 271
13 207 9 3 118
13 280 3 5 414
13 397 7 3 74
14 173 7 2 13
14 265 5 1 5
15 160 10 3 149
15 194 3 5 1693
16 25 4 5 612
16 114 6 4 496
16 232 3 6 2680
16 357 9 6 23933
16 370 7 1 4
17 83 2 3 14
17 131 6 5 1063
17 316 2 8 244612
18 90 5 2 22
19 33 6 4 136
19 180 5 4 148
20 139 4 1 7
20 283 5 3 38
21 209 5 7 183360
22 226 9 1 7
22 451 5 5 682
23 108 2 2 4
23 304 1 5 519
23 418 5 4 134
24 52 6 7 78874
24 386 4 4 163
24 418 2 4 46
24 503 9 7 70706
25 126 5 1 8
25 234 9 2 20
25 309 4 6 2889
25 320 3 5 396
25 408 3 2 13
26 142 3 7 20587
26 296 4 1 7
27 342 1 4 44
27 378 5 3 95
28 407 10 1 14
29 40 7 2 17
30 182 3 6 3628
30 403 5 1 7
31 66 6 5 1702
32 105 10 3 128
32 177 9 1 14
33 489 10 1 11
34 84 1 5 285
34 129 1 3 13
34 199 2 5 696
34 231 9 5 2619
34 282 5 1 7
34 317 7 1 7
35 151 9 2 43
35 446 1 6 1495
35 458 5 3 28
35 479 2 9 1055244
36 341 5 7 79803
36 374 5 1 5
36 444 8 1 7
38 170 4 3 37
38 277 1 4 44
38 390 5 3 80
38 488 3 4 115
39 467 6 2 13
39 490 10 1 4
40 75 6 3 32
40 103 3 5 730
40 148 5 4 140
40 464 1 5 143
40 486 7 5 931
41 429 8 2 38
42 45 10 3 65
42 316 10 3 158
43 123 9 1 4
44 327 1 2 4
45 98 4 6 7983
45 108 8 1 11
45 408 4 5 724
46 106 2 3 13
46 139 6 1 10
47 99 7 6 17345
47 246 9 2 37
47 505 7 4 530
48 344 7 2 16
49 66 6 2 14
49 370 8 5 1665
50 169 1 3 11
50 177 1 3 7
50 474 5 5 2296
51 134 6 4 498
51 342 4 4 327
52 78 5 2 14
52 181 1 3 14
52 207 5 7 162530
52 277 1 4 47
52 500 10 1 7
54 464 5 4 198
55 151 7 2 14
56 234 6 5 911
56 435 4 7 59810
58 65 8 1 13
58 164 6 6 10758
58 249 4 1 4
59 199 7 3 133
60 384 3 4 309
61 396 4 4 244
62 444 3 2 7
62 489 7 7 41040
63 335 5 5 830
64 89 4 4 315
64 91 1 4 44
64 501 10 1 13
65 236 6 6 15487
65 267 4 2 10
65 277 8 1 7
65 386 2 4 49
65 397 10 1 13
65 409 7 2 14
66 185 1 3 10
66 376 4 1 7
67 70 4 5 1382
68 132 7 1 5
68 209 6 1 7
68 221 4 8 235663
68 267 1 3 19
68 290 3 6 3572
68 363 5 5 3414
68 432 6 5 1582
68 474 7 1 7
69 72 8 4 603
69 89 3 5 503
70 295 2 2 4
70 505 3 9 4198416
71 228 10 7 106933
72 167 2 2 4
74 220 9 1 10
74 411 5 4 163
74 451 10 1 14
75 330 9 4 492
75 392 10 1 7
76 153 3 3 28
76 322 6 1 5
77 337 10 8 731795
77 340 6 1 4
78 209 5 3 38
78 267 10 4 800
78 308 8 6 6828
79 262 3 8 263818
79 319 9 5 1483
80 86 6 4 145
80 368 8 1 13
80 420 1 3 13
82 84 10 1 5
82 464 10 2 53
82 488 5 2 14
83 402 8 6 8247
83 407 9 3 64
84 257 3 3 34
84 295 8 3 79
85 244 6 1 7
86 118 7 2 31
86 145 4 3 22
87 133 1 5 382
88 404 4 1 7
89 305 10 1 7
89 349 10 2 19
90 292 9 1 13
90 402 3 3 32
91 280 1 3 8
92 477 6 3 113
93 161 3 2 11
94 427 10 1 10
95 182 3 2 13
95 486 5 2 26
97 319 8 2 28
97 351 5 2 10
98 113 8 2 26
99 154 6 6 4651
99 172 10 3 119
99 402 10 1 11
100 291 2 4 157
101 165 2 4 205
102 259 6 3 65
103 117 1 9 880135
103 186 1 6 2939
103 192 2 4 209
103 273 10 1 13
103 277 9 1 13
104 166 6 4 312
104 327 5 3 77
105 242 10 2 19
105 496 8 2 22
106 198 1 2 4
106 249 9 5 4050
107 241 2 3 16
107 277 10 4 872
107 335 3 8 129930
107 350 7 2 20
107 359 4 1 7
108 404 8 1 10
109 143 1 3 16
109 354 9 1 4
109 367 7 1 10
109 408 9 6 44209
109 437 9 2 16
111 198 3 3 25
111 273 3 6 11013
112 236 1 5 513
112 446 8 2 31
114 205 7 6 6558
115 180 1 5 173
115 193 6 3 73
115 198 8 4 270
116 207 5 1 4
117 314 5 3 31
118 221 8 4 486
118 260 9 1 11
118 285 10 2 49
118 346 1 6 1974
118 390 8 2 17
119 293 6 4 190
119 417 6 4 212
119 423 9 1 8
119 506 9 1 4
120 475 6 3 85
122 258 9 1 11
122 371 7 2 23
122 383 4 6 4143
123 173 2 6 2376
123 377 3 4 74
124 280 2 6 9683
124 471 5 1 7
125 154 10 3 176
125 445 1 4 74
125 507 2 3 35
126 251 4 6 3997
126 277 10 2 31
126 466 9 1 8
127 250 8 3 97
127 311 2 4 143
128 355 9 1 4
128 385 2 7 28716
129 206 7 1 7
129 276 7 2 32
129 406 9 1 10
129 480 9 2 19
130 277 1 4 34
131 194 3 4 217
132 385 9 7 151117
132 434 3 4 273
132 475 10 3 194
134 226 4 2 13
135 167 3 2 11
135 169 3 3 29
136 405 8 5 4918
137 201 10 1 16
137 250 6 2 26
138 470 2 5 418
139 455 7 9 3459099
140 510 3 4 175
141 278 8 1 5
141 351 6 1 4
141 353 2 4 50
141 390 7 3 79
141 418 7 6 18675
142 322 10 1 7
143 192 4 4 252
143 223 8 3 70
143 270 4 5 742
143 286 5 5 1844
144 505 9 9 3401599
146 215 8 3 46
146 288 8 1 4
146 362 10 1 7
146 365 2 5 241
147 402 6 5 975
147 467 8 1 4
147 480 8 4 236
148 162 4 7 24433
148 238 10 5 5114
148 359 9 1 4
149 196 8 2 17
149 224 8 1 13
149 304 9 6 11780
149 458 10 3 196
150 430 2 5 1358
150 458 8 1 10
151 285 3 1 4
151 307 5 5 1306
151 387 9 7 51796
151 399 8 5 2848
151 463 7 3 88
152 167 1 2 5
152 196 10 3 152
152 421 2 2 7
152 433 5 2 16
153 200 2 4 92
153 257 2 4 128
153 409 4 5 2072
154 273 5 1 4
154 507 3 3 28
155 412 6 3 79
155 418 8 1 10
156 160 10 1 7
156 400 6 4 357
156 507 7 1 7
157 385 4 7 19764
159 189 4 5 2526
159 331 10 2 25
159 353 7 4 221
159 451 8 1 7
161 423 7 2 20
162 273 10 1 4
163 181 5 5 1597
163 333 1 6 702
164 291 4 3 47
165 281 6 2 26
165 323 6 2 13
165 484 10 1 17
165 501 6 3 38
166 170 8 1 7
168 209 7 4 259
169 266 8 4 261
171 506 1 3 10
172 480 8 3 49
173 266 9 5 4226
173 274 9 4 409
174 352 3 4 230
174 501 3 5 427
175 205 6 5 963
175 272 9 4 714
176 393 1 3 22
176 462 6 3 38
177 250 1 5 411
177 459 3 7 23758
178 182 10 4 552
178 254 6 4 495
178 409 4 4 323
178 486 3 3 25
179 223 7 2 20
179 255 2 3 28
179 473 8 2 31
180 197 7 2 19
180 346 4 6 5529
180 421 3 2 11
180 448 4 3 80
181 436 7 3 55
182 277 5 1 4
183 463 9 2 31
186 237 8 5 1711
187 440 3 1 4
189 252 5 1 7
189 275 5 2 17
189 474 10 5 5179
190 424 1 6 3538
191 352 10 2 19
191 368 7 1 8
191 401 10 5 5642
191 416 2 2 10
192 437 3 8 596302
194 346 2 3 41
195 363 9 5 1934
196 439 7 2 16
197 230 5 4 282
198 267 6 4 441
198 279 9 3 113
198 353 10 3 103
198 478 1 3 10
200 210 8 3 104
200 342 1 6 3651
200 448 9 1 8
201 238 7 1 7
202 254 3 1 4
202 442 1 4 58
204 245 10 3 58
204 472 10 5 2357
205 345 10 1 11
206 410 6 2 20
206 436 7 2 13
208 275 7 8 578797
208 303 5 4 223
208 506 10 7 143416
209 223 2 4 58
209 274 7 4 223
209 492 5 1 4
210 380 5 6 4485
211 386 2 4 68
212 238 1 7 5618
213 443 4 3 70
214 231 5 2 16
214 511 1 4 112
215 393 1 3 7
215 417 10 10 65969620
218 254 10 3 85
218 447 8 9 5075470
219 234 3 3 31
219 478 4 5 932
219 498 6 3 86
221 351 6 1 4
222 430 6 4 620
223 412 8 3 118
223 435 1 4 58
223 478 5 2 11
223 491 5 4 203
223 508 7 7 40323
227 273 3 5 469
227 397 6 2 14
228 299 9 1 7
229 452 7 1 4
230 482 7 2 29
231 349 10 8 1173943
231 378 10 1 8
232 248 3 1 4
233 247 10 1 10
233 366 8 4 179
235 354 9 5 1907
237 407 4 2 17
238 319 1 3 7
239 323 4 6 6711
241 345 5 3 107
242 257 5 2 13
242 285 9 1 10
242 312 5 5 2124
243 249 1 3 7
243 492 3 4 103
246 254 3 5 493
246 500 5 2 11
248 431 5 2 26
249 404 4 1 4
250 395 6 3 53
250 441 9 1 7
252 502 2 4 82
253 296 2 2 8
253 500 8 1 4
255 392 1 5 381
256 288 3 1 4
256 476 2 3 23
258 267 9 3 79
258 478 2 4 155
259 373 9 1 7
260 283 10 1 4
260 316 2 2 7
260 327 3 2 8
260 400 2 4 77
262 299 5 5 1029
262 414 3 2 11
262 487 2 3 19
264 339 7 4 279
264 473 7 2 35
265 281 7 2 20
265 430 5 3 68
266 294 10 4 641
267 463 7 1 10
267 475 9 6 7312
269 336 10 2 28
270 335 6 5 1907
270 395 5 3 31
271 489 7 6 9997
272 320 2 2 5
272 404 2 4 92
275 280 6 4 228
275 323 9 6 39857
276 335 3 2 7
277 279 6 4 502
277 359 6 4 188
279 392 10 2 50
280 385 6 1 4
281 345 2 4 94
281 464 7 1 7
284 333 7 1 7
288 505 7 4 655
289 366 5 2 10
290 427 10 4 301
291 454 1 4 64
293 489 4 6 6992
294 451 4 1 4
295 463 7 7 131495
297 405 2 2 4
297 441 3 3 41
298 347 8 1 13
298 354 9 2 38
298 501 6 2 16
299 363 3 3 23
299 382 5 3 34
303 305 6 6 10030
303 376 9 1 4
303 400 6 3 32
304 474 9 4 324
305 411 2 3 20
305 416 2 3 40
306 481 7 8 501803
307 394 8 5 1260
308 450 7 2 20
309 400 3 2 13
311 330 10 2 41
311 342 1 3 7
311 432 3 1 4
312 313 3 5 390
312 409 4 3 31
312 466 5 5 832
313 451 4 4 104
313 463 9 5 2554
314 418 5 4 189
314 499 9 2 16
315 435 9 2 34
317 318 2 2 4
318 481 8 2 41
321 365 3 2 7
322 354 2 6 5072
325 422 1 6 945
326 446 3 3 26
332 368 7 2 25
336 444 3 7 20244
337 451 7 1 10
338 341 1 7 16003
338 461 1 4 32
339 342 7 3 44
339 475 4 9 1744628
341 435 10 3 217
341 469 7 4 447
343 415 4 2 16
349 431 9 4 870
350 452 2 9 1294309
352 373 1 6 3013
353 371 8 1 14
354 363 10 2 35
354 457 7 7 86916
355 428 6 9 4896264
355 464 9 1 7
357 421 3 1 4
357 467 4 1 7
358 420 2 3 26
358 432 10 7 178553
358 447 9 7 46049
360 431 8 1 4
361 510 2 2 7
362 456 10 1 13
362 493 1 6 2838
367 499 9 1 4
368 438 10 2 20
368 482 6 1 4
370 419 2 3 20
371 421 2 8 241083
372 477 6 1 4
373 436 4 1 7
374 489 6 8 358154
379 434 2 4 56
380 462 3 3 43
380 470 3 3 46
381 501 9 1 7
383 504 4 3 22
384 450 10 5 3518
385 425 4 1 4
385 498 8 6 7525
386 394 9 1 7
386 448 4 4 400
386 468 10 4 929
386 482 7 2 20
388 418 7 6 17581
388 472 7 7 82805
389 500 3 3 31
391 404 4 2 10
391 429 1 3 8
393 488 6 4 553
394 399 3 3 56
395 423 3 3 32
396 468 7 1 10
398 413 8 1 10
398 484 4 2 10
399 410 3 3 64
400 407 10 1 4
400 492 1 2 4
402 433 5 4 292
404 443 8 1 10
405 474 7 4 336
406 407 9 4 252
408 439 1 4 98
410 473 10 1 10
412 455 2 5 323
414 416 5 1 4
414 461 6 1 7
415 472 8 1 7
417 503 6 6 4915
425 450 8 1 10
427 505 2 7 53769
429 432 6 1 7
432 455 5 3 32
438 501 1 2 4
447 485 1 3 20
448 494 2 7 27852
449 452 2 2 7
450 475 1 3 10
453 479 7 5 808
455 479 1 9 709993
458 490 2 5 241
461 503 10 1 4
463 468 10 3 190
466 481 3 2 13
466 501 6 7 117845
474 480 4 3 50
485 501 3 3 17
501 504 6 4 199
507 509 2 7 18162
