0 4 3 2 6
0 8 10 1 4
0 18 2 3 16
0 112 5 3 70
0 150 2 4 132
0 156 2 10 78814297
0 215 10 4 1065
0 259 7 1 8
0 265 8 2 27
0 274 6 3 40
0 321 8 1 4
0 352 9 4 906
0 415 7 1 4
0 552 5 1 7
0 618 4 1 3
0 646 3 3 39
0 670 8 2 16
0 674 4 4 183
0 679 2 2 4
0 843 4 1 4
0 902 5 1 4
0 936 9 1 14
1 30 7 3 60
1 37 5 1 6
1 70 6 1 4
1 82 2 2 4
1 135 8 2 15
1 228 1 2 4
1 481 2 4 60
1 535 5 4 220
1 565 1 4 42
1 644 5 5 1282
1 768 3 3 26
1 825 2 3 11
1 920 6 7 49115
2 0 10 1 7
2 3 6 1 6
2 8 1 3 16
2 48 4 5 850
2 132 3 2 14
2 260 2 2 6
2 267 9 1 4
2 523 10 3 80
2 826 1 3 20
3 24 6 3 33
3 131 1 2 4
3 272 6 3 42
3 277 7 5 2562
3 530 6 1 4
3 592 1 3 18
3 652 2 2 4
3 817 6 2 18
4 0 2 7 21570
4 4 9 1 4
4 50 1 4 27
4 60 6 1 4
4 64 1 3 6
4 284 4 2 14
4 293 5 3 32
4 368 7 2 29
4 517 4 2 11
4 576 9 2 34
4 683 3 1 4
4 774 4 1 4
4 803 7 5 3624
5 584 3 4 79
6 3 9 1 15
6 148 5 3 91
6 212 9 4 822
6 259 6 5 1477
6 267 2 4 153
6 268 6 1 4
6 466 9 1 11
6 512 10 1 4
6 798 10 1 4
6 1002 5 6 4918
7 81 2 2 6
7 110 6 1 7
8 1 7 4 590
8 2 1 2 4
8 19 10 6 9215
8 32 6 4 182
8 42 8 2 34
8 58 9 3 171
8 202 6 1 7
8 272 9 1 4
8 386 8 3 157
8 486 8 1 9
8 552 3 1 5
8 642 2 6 2055
8 656 2 4 50
8 735 5 6 10083
8 850 1 5 135
8 902 5 3 79
9 39 6 1 7
9 274 8 2 21
9 526 2 3 12
9 572 5 2 23
9 823 2 2 4
9 907 7 1 7
10 13 10 5 4669
10 40 9 1 8
10 75 10 2 42
10 84 6 4 323
10 160 3 1 4
10 176 1 3 6
10 518 7 5 913
10 523 2 2 9
10 599 10 1 4
10 680 5 7 44554
10 778 3 5 1609
11 204 4 1 7
11 586 8 1 9
11 752 6 2 11
11 779 9 1 4
12 0 5 4 426
12 24 4 7 54223
12 55 10 2 33
12 65 4 2 17
12 128 10 6 39475
12 269 9 1 4
12 366 3 2 7
12 634 6 2 16
12 781 4 3 31
13 66 4 1 4
13 192 8 1 7
13 224 7 1 4
14 127 1 2 4
14 210 4 1 4
14 321 2 3 12
14 376 8 5 3465
14 584 9 5 1371
14 616 4 3 23
15 352 9 1 4
15 485 5 1 7
15 659 5 4 176
16 9 9 3 109
16 24 9 1 8
16 64 10 3 57
16 132 3 5 1621
16 148 6 2 28
16 198 2 3 12
16 516 1 3 7
16 643 2 3 11
16 806 5 1 4
17 48 7 3 66
17 258 4 1 4
18 203 5 2 14
18 215 5 2 18
18 290 3 2 11
18 645 5 3 30
19 7 1 5 355
19 24 7 3 61
19 709 9 5 1213
20 10 7 1 4
20 36 10 3 132
20 176 1 3 20
20 194 6 9 3453401
20 786 9 2 28
21 116 1 5 265
21 258 8 3 90
21 308 6 1 8
22 24 8 1 4
22 68 9 2 19
22 97 8 1 4
22 133 5 6 3641
22 281 10 1 4
22 320 7 3 50
22 331 6 4 203
22 565 5 4 232
23 328 1 3 11
23 770 1 5 213
24 9 5 1 7
24 533 2 2 7
24 781 4 4 94
24 786 7 1 6
24 848 4 6 10790
25 592 1 3 13
26 20 2 4 46
26 22 2 3 28
26 109 2 3 14
26 801 1 4 61
27 130 6 3 43
27 210 7 1 11
28 42 7 6 24525
28 72 7 3 107
28 146 1 4 55
28 192 6 1 4
28 624 9 1 4
28 647 7 4 267
29 5 3 4 157
29 327 5 1 8
29 532 10 3 204
29 809 1 5 257
30 21 9 5 1047
30 52 7 3 42
30 129 5 7 95323
30 588 6 4 623
31 77 6 3 73
32 33 5 8 333065
32 42 5 1 4
32 185 4 1 6
32 196 3 2 7
32 204 5 1 7
32 211 5 7 30781
32 219 6 3 47
32 276 2 5 710
32 414 9 1 4
32 514 1 4 32
32 612 9 3 183
32 641 9 6 19495
32 721 6 1 4
32 759 9 5 3223
32 803 10 3 60
32 848 1 5 400
33 2 2 3 19
33 3 7 2 20
33 26 3 2 6
33 64 3 2 7
33 320 9 2 28
33 544 9 4 304
33 785 2 2 7
33 898 2 3 32
34 144 7 1 4
34 292 2 4 69
34 324 8 1 4
34 663 8 6 14144
34 720 6 5 1031
35 65 7 4 346
35 551 1 2 4
35 689 2 2 4
36 12 3 2 11
36 34 5 1 4
36 257 2 6 3102
36 266 5 1 7
36 288 1 2 4
36 320 4 4 439
36 448 1 4 36
36 555 1 5 192
36 705 2 9 886652
36 858 6 4 135
37 13 4 1 4
37 364 9 1 11
37 594 3 1 4
37 640 7 4 607
37 673 4 1 7
38 1 4 1 4
38 180 4 1 4
38 204 4 2 11
39 3 1 3 13
39 48 6 1 6
39 520 5 1 6
39 982 4 2 11
40 9 2 3 21
40 39 7 2 14
40 65 10 2 51
40 512 5 3 42
40 528 10 1 15
40 605 6 7 64931
40 645 7 4 296
40 672 4 4 123
40 761 3 1 4
40 980 4 4 138
41 96 10 2 39
41 321 9 4 453
41 513 9 1 7
42 42 5 1 4
42 140 4 3 42
42 329 3 5 452
42 411 4 5 869
42 778 5 10 42282879
42 839 9 4 380
43 1 2 2 4
43 546 1 4 62
44 12 10 2 50
44 47 2 5 385
44 430 7 7 162701
44 524 2 2 4
44 794 6 2 18
45 23 10 2 49
45 50 6 4 245
45 74 7 1 4
45 266 8 1 7
45 615 6 1 4
45 808 10 1 11
45 844 4 3 40
46 57 6 2 14
47 80 7 1 11
47 1022 4 2 16
48 67 9 1 7
48 193 7 2 24
48 198 3 6 2172
48 226 1 4 27
48 708 2 3 30
48 789 8 9 4249348
48 932 7 3 107
49 4 3 3 21
49 310 1 2 3
49 313 2 8 626188
49 516 9 3 145
50 9 6 1 9
50 113 8 2 23
50 528 10 1 11
51 70 1 2 4
52 46 7 2 23
52 256 8 1 11
52 285 7 4 175
52 390 7 3 133
52 899 5 2 9
53 146 5 2 11
53 245 2 2 7
54 112 9 1 4
54 718 10 1 11
55 278 6 6 12315
56 89 3 3 23
56 472 1 2 4
56 544 2 5 563
56 560 7 2 23
57 5 10 4 785
57 128 4 1 4
57 448 9 1 4
58 113 8 1 7
58 470 4 3 25
59 58 7 1 4
59 292 9 1 4
59 583 10 2 26
60 3 1 4 41
60 5 9 1 4
60 33 8 1 9
60 112 7 3 90
60 948 4 4 388
61 648 6 3 78
62 521 3 2 7
62 612 2 2 6
64 26 10 5 1818
64 41 9 1 9
64 192 1 2 4
64 194 4 1 4
64 203 4 5 1189
64 272 9 3 149
64 370 10 1 13
64 465 6 3 64
64 481 9 1 14
64 514 7 1 7
64 686 6 6 4689
64 756 3 2 7
64 771 4 2 12
64 780 4 2 9
64 790 4 1 4
65 25 5 2 11
65 61 9 2 26
65 96 10 1 16
65 118 2 2 7
65 218 6 1 4
65 241 10 8 1132815
65 421 4 1 6
65 515 8 1 4
66 140 6 3 117
66 545 2 5 493
67 2 5 2 15
67 16 8 1 4
67 20 7 2 23
67 37 3 1 4
67 453 3 3 29
67 482 1 3 11
67 840 2 4 143
68 192 3 2 7
68 226 6 4 591
68 284 9 3 113
68 576 4 8 347117
69 138 7 1 8
69 276 2 2 4
69 466 8 1 11
69 572 1 3 21
69 768 6 1 4
70 212 8 1 11
70 431 4 3 40
70 608 8 2 19
70 642 4 7 118649
70 646 3 2 7
70 648 8 2 19
71 1 4 6 11639
71 264 7 5 1064
71 409 4 1 4
71 700 2 2 7
72 8 1 2 4
72 65 10 4 321
72 437 2 7 30578
72 533 4 2 8
72 961 3 7 60379
73 39 10 5 2638
73 870 8 2 21
73 999 3 1 4
74 512 3 2 11
74 548 8 1 4
74 768 9 7 73447
74 1012 10 4 415
75 259 6 7 38651
75 576 5 4 350
76 76 4 2 11
76 133 3 2 6
76 262 9 3 127
76 586 5 1 7
76 855 8 4 207
77 256 8 1 9
77 267 10 1 7
77 450 8 4 815
77 456 3 9 2118839
78 288 4 4 213
78 517 2 4 50
78 784 4 1 4
79 386 10 1 4
80 0 9 1 8
80 51 8 1 4
80 82 6 4 197
80 132 5 1 7
80 211 7 3 41
80 528 9 1 4
80 677 9 4 304
80 920 8 5 2214
81 807 10 4 332
81 852 10 3 103
82 280 2 2 10
82 283 1 3 21
83 115 8 3 83
83 124 1 4 28
83 304 6 1 9
83 617 5 3 47
84 64 1 4 50
84 74 6 1 7
84 216 4 3 27
84 490 9 3 189
85 31 9 4 279
86 234 4 1 4
86 524 4 2 14
87 353 3 2 11
87 462 2 5 713
87 515 1 3 7
88 782 2 4 137
89 2 10 2 45
89 4 1 3 14
89 76 3 3 41
90 20 4 1 4
90 274 5 3 42
90 843 1 2 4
90 977 10 1 4
90 988 3 5 634
91 154 9 4 412
91 652 10 1 4
91 951 5 3 48
92 38 5 3 53
92 91 1 3 7
93 134 6 2 13
93 669 8 1 4
94 869 1 4 102
94 954 4 1 7
95 20 9 1 4
95 34 5 2 11
96 32 7 2 17
96 80 2 3 11
96 148 1 3 19
96 208 5 1 4
96 220 9 2 35
96 276 5 1 4
96 321 10 1 7
96 547 5 5 838
96 776 3 1 4
97 130 8 2 18
97 144 6 3 32
97 195 10 1 5
97 286 10 6 28404
97 525 8 6 10397
98 14 10 2 19
98 352 10 3 174
98 401 5 2 9
98 671 8 1 11
98 928 4 1 4
99 117 3 3 60
99 249 3 3 63
100 294 1 6 4665
100 752 7 2 31
100 768 1 5 131
100 901 5 1 4
101 124 10 1 4
101 161 2 6 1598
101 169 1 2 4
101 392 8 2 19
101 599 5 5 734
102 6 7 1 4
102 78 6 2 20
102 166 3 3 30
102 264 2 3 25
103 704 10 1 7
104 26 10 6 10097
104 28 6 3 32
104 48 3 5 929
104 64 6 3 68
104 132 10 1 7
104 313 10 1 7
104 512 8 1 11
105 3 8 1 7
105 296 4 2 11
106 516 9 1 4
107 3 5 3 102
107 129 10 6 18385
108 133 2 3 31
108 514 8 7 73274
109 707 9 6 25267
112 0 8 4 886
112 1 3 9 1248268
112 28 5 3 39
112 84 10 1 16
112 165 7 1 4
112 776 1 4 70
114 68 5 2 12
114 416 7 4 563
114 452 5 4 230
114 497 9 2 21
114 872 9 3 177
116 33 3 5 826
117 106 1 8 231411
118 565 7 2 14
119 446 3 1 4
119 836 8 7 66960
120 76 6 1 4
121 536 2 3 35
122 80 9 3 187
122 294 7 1 7
123 600 8 4 259
124 304 9 1 14
124 348 5 1 4
125 268 8 2 33
128 10 1 4 38
128 58 5 3 33
128 134 1 4 94
128 200 9 1 4
128 208 1 2 4
128 320 3 7 43711
128 362 3 6 2288
128 375 3 3 38
128 376 10 1 4
128 433 2 2 7
128 453 2 3 11
128 628 3 2 6
128 770 4 1 4
128 806 7 1 7
129 0 2 6 1813
129 10 7 3 54
129 37 3 3 18
129 39 1 7 7678
129 88 4 8 443729
129 163 2 3 32
129 584 1 3 8
129 707 4 2 21
130 78 3 2 7
130 368 1 3 16
130 520 9 3 78
130 528 10 1 7
130 532 9 1 11
130 540 9 1 6
130 675 9 1 4
130 772 7 7 42004
131 581 6 2 14
132 6 4 1 7
132 17 10 2 46
132 94 9 2 20
132 137 5 1 7
132 516 1 2 4
132 713 3 2 12
132 916 1 5 205
132 957 3 4 87
133 23 2 3 16
133 138 9 1 12
133 614 5 4 294
134 84 1 3 10
134 208 7 4 340
134 377 5 4 442
134 516 2 2 4
134 768 3 7 31532
135 544 1 3 11
136 21 3 1 4
136 39 2 4 191
136 81 3 2 9
136 482 3 6 11777
136 610 5 1 4
136 657 9 1 7
136 684 9 1 4
136 831 7 3 143
137 148 3 10 130968010
137 259 5 2 13
137 325 9 1 12
137 778 3 2 15
138 266 2 4 146
138 415 7 5 4314
138 902 10 1 4
139 87 8 2 31
139 426 7 1 9
139 865 2 5 989
140 72 8 2 33
140 135 2 2 4
140 143 7 1 7
140 464 3 6 14318
140 724 6 1 6
140 776 4 2 16
141 2 4 4 177
141 521 10 1 4
141 954 7 2 31
143 187 4 3 60
143 286 5 6 13144
143 642 4 1 4
144 18 4 2 8
144 68 6 4 198
144 248 3 7 23366
144 257 6 2 24
144 418 2 4 224
144 433 8 3 89
144 520 9 1 9
144 800 7 1 4
145 1 5 2 11
145 2 6 4 314
145 94 7 1 7
145 216 1 3 16
145 273 5 1 4
145 513 10 3 159
145 576 9 3 144
146 69 6 6 8427
146 146 5 3 60
146 396 3 2 9
146 910 7 3 90
147 513 8 4 195
147 522 2 5 596
148 24 5 1 6
148 130 5 5 960
148 139 10 4 507
148 278 10 1 4
148 464 10 4 442
148 515 5 4 523
148 912 3 3 16
149 20 2 7 31971
149 633 1 3 21
149 649 4 1 7
150 141 5 3 32
150 160 7 3 70
150 656 8 1 6
151 102 7 1 4
151 207 9 1 4
151 250 2 2 9
153 151 2 3 14
153 171 9 3 57
153 598 3 9 7621937
153 961 3 3 34
156 54 9 5 1082
156 133 9 1 11
156 521 6 3 59
157 404 3 3 28
158 104 4 2 13
159 526 9 2 21
160 34 2 9 2117699
160 144 10 1 4
160 452 3 1 4
160 644 9 2 19
160 801 7 1 11
161 21 5 2 11
161 40 7 8 1877664
161 326 3 4 249
161 376 7 2 21
161 524 8 1 6
161 576 2 2 9
161 717 2 3 13
161 898 8 3 71
162 160 10 4 775
162 290 4 5 492
162 306 3 1 4
162 517 10 9 11246313
163 227 9 2 47
163 361 10 1 13
163 601 7 1 4
164 34 5 3 91
164 38 2 2 7
164 87 9 3 142
164 264 10 1 16
164 280 7 2 35
164 329 3 1 4
164 636 3 2 9
164 646 7 1 7
165 141 8 2 38
166 686 6 2 11
167 289 8 1 4
167 384 3 3 41
167 712 5 6 14556
168 52 2 2 6
168 67 4 2 13
168 68 3 3 19
168 480 6 4 316
169 514 1 4 111
171 144 2 2 7
171 810 8 1 9
172 8 9 3 130
172 32 10 4 390
172 569 3 1 4
172 664 9 2 39
173 261 9 3 157
174 493 1 7 38926
174 582 4 2 14
175 863 2 5 1062
176 32 5 4 131
176 137 2 4 199
176 270 4 8 203892
176 273 7 1 4
176 864 2 4 88
176 916 5 5 1284
176 932 9 5 5681
177 128 8 2 28
177 280 7 1 6
177 560 5 3 33
177 611 9 4 296
177 744 7 3 104
178 100 4 7 29094
178 144 9 1 9
178 580 5 4 192
178 797 6 1 8
179 429 9 5 1460
180 19 5 5 3210
180 152 10 2 18
180 973 7 2 26
181 331 5 3 66
181 768 4 1 4
181 964 5 4 254
182 672 1 3 11
182 728 9 4 332
184 141 6 2 11
184 161 6 2 16
184 664 4 1 4
185 5 6 1 4
185 42 7 7 138014
185 391 9 3 116
186 272 7 1 11
186 582 3 1 4
187 800 8 1 7
188 4 1 5 500
188 199 8 1 4
192 43 7 4 234
192 52 4 2 13
192 72 5 2 26
192 177 9 1 4
192 388 5 4 151
192 392 10 1 11
192 713 2 2 7
192 898 10 1 7
192 904 9 1 7
192 999 9 5 1439
193 8 10 1 7
193 28 9 3 103
193 120 4 5 538
193 131 6 1 4
193 162 4 2 8
193 422 3 2 8
193 718 1 4 52
193 775 10 2 29
194 321 7 1 9
194 592 3 3 61
196 81 1 2 4
196 286 10 7 356351
196 377 7 7 77762
197 297 8 1 7
197 611 9 5 1402
197 769 5 3 40
198 3 8 1 9
198 196 7 2 19
198 812 7 3 99
200 445 9 2 24
200 577 6 1 4
200 924 7 1 7
201 39 3 3 35
201 98 1 6 1101
201 140 1 3 14
202 11 10 1 4
203 654 2 3 19
204 520 9 1 7
205 457 3 3 60
206 80 6 3 130
206 530 2 3 11
208 12 5 4 325
208 14 7 2 35
208 88 8 3 46
208 534 8 3 80
209 55 8 2 34
209 564 10 1 4
210 1 3 2 6
210 882 9 1 9
212 34 9 1 4
212 69 9 1 12
212 112 2 2 7
212 262 4 3 25
212 285 8 1 6
212 673 10 1 9
213 64 4 3 38
214 369 4 3 24
216 138 5 6 15842
218 86 4 1 4
219 389 5 4 131
220 176 3 4 142
220 658 3 3 16
222 532 3 2 9
222 852 10 3 125
225 316 9 4 461
225 948 1 3 10
226 35 2 2 7
226 157 4 4 178
227 336 9 4 320
227 592 9 1 7
227 838 7 2 27
228 32 7 3 95
228 294 7 3 50
231 261 9 1 4
231 290 2 3 13
232 5 7 4 469
232 65 4 3 39
232 80 6 2 28
232 130 6 2 12
232 480 4 3 81
233 212 1 2 4
233 912 9 4 444
233 973 2 5 854
234 848 8 1 4
235 281 9 1 15
235 645 2 4 223
237 91 6 1 7
238 620 8 1 11
239 370 7 2 16
239 560 5 3 48
240 66 4 4 305
240 799 1 4 29
240 914 5 3 59
241 245 5 8 289744
242 156 3 1 4
244 356 3 3 27
246 64 1 7 11864
248 290 5 1 7
248 557 10 3 54
248 902 7 4 640
253 636 3 1 4
256 1 9 2 24
256 5 8 1 14
256 68 1 2 4
256 69 6 4 372
256 97 3 2 8
256 160 10 3 118
256 212 2 3 19
256 243 6 2 11
256 262 7 1 4
256 312 5 5 1621
256 344 5 1 7
256 416 5 10 24261249
256 512 9 1 7
256 522 1 4 25
256 705 3 5 887
256 764 9 9 6678544
256 772 9 1 9
256 904 9 8 1696529
256 992 2 4 63
257 0 6 10 47465055
257 156 8 1 4
257 268 1 5 361
257 272 4 3 79
257 544 9 1 11
257 680 6 5 699
257 806 8 4 491
257 920 9 4 741
257 945 8 1 4
258 24 6 2 21
258 34 10 2 33
258 36 7 2 14
258 265 7 4 182
258 673 9 1 11
258 880 9 1 4
259 7 7 2 28
259 165 4 1 4
259 226 2 3 11
259 268 6 1 4
259 327 1 5 559
260 131 7 1 9
260 295 4 4 240
260 522 2 10 18746055
260 545 2 2 4
260 678 8 1 7
260 978 2 2 4
261 8 9 7 84775
261 67 1 7 12271
261 72 2 2 7
261 356 9 1 4
261 672 6 3 49
261 995 1 7 6368
262 134 2 3 16
262 193 10 3 87
262 256 9 2 20
262 906 3 1 4
264 1 8 1 4
264 4 7 3 45
264 296 6 1 4
264 320 10 2 45
265 264 10 1 13
265 339 7 1 7
265 632 1 2 4
266 11 8 3 146
266 56 4 4 295
266 242 2 3 21
266 272 5 1 4
266 326 8 2 33
266 336 3 4 206
266 504 3 2 9
267 523 3 1 4
268 12 7 4 199
268 34 10 6 33956
268 177 7 3 54
268 192 6 2 20
268 512 6 3 60
268 524 10 2 18
268 577 6 1 8
269 444 2 4 83
269 640 1 4 25
270 532 2 7 12331
270 642 6 2 14
272 41 9 1 13
272 162 6 2 11
272 225 2 3 12
272 234 10 7 61510
272 280 7 1 4
272 378 10 1 4
272 520 2 2 4
272 554 3 4 90
272 640 7 1 4
272 684 4 2 18
272 899 5 3 110
273 47 4 2 11
273 693 1 5 673
273 809 2 4 188
273 903 6 1 4
274 98 10 7 201086
274 334 4 4 143
275 4 10 1 12
275 16 1 7 11238
275 116 9 7 242690
275 133 4 1 6
275 401 8 1 4
275 485 10 1 9
276 538 2 7 28898
276 661 4 6 16566
277 8 8 1 14
277 128 10 2 19
277 385 1 3 7
279 18 5 6 6309
279 901 7 1 4
280 36 10 5 2243
280 82 8 1 7
280 674 8 2 28
281 101 8 2 25
282 136 4 8 186800
282 576 9 6 8964
282 717 8 2 35
282 787 1 3 12
283 35 6 5 1172
283 514 8 2 18
285 104 8 4 322
286 832 9 1 11
287 448 6 2 11
287 802 10 5 1988
288 47 8 1 9
288 50 3 1 4
288 132 6 4 223
288 224 4 2 18
288 292 4 6 4903
288 545 1 3 11
288 776 3 3 18
289 36 2 3 34
289 156 6 2 14
289 345 7 1 4
289 468 4 6 9191
289 472 6 3 96
289 753 8 1 11
289 788 7 1 7
290 0 2 5 459
290 328 2 7 10736
290 388 4 1 4
291 32 10 3 150
291 610 1 3 9
291 768 2 3 21
291 967 10 1 4
292 19 2 2 7
292 134 8 4 352
292 162 10 1 11
292 524 8 1 4
292 593 3 6 5261
293 256 10 1 7
293 960 3 3 57
294 27 9 1 7
294 742 7 2 25
294 864 8 1 11
296 57 4 5 2270
296 84 1 3 7
296 131 6 1 6
296 231 9 4 605
296 260 5 1 7
296 288 5 1 7
296 336 6 4 205
296 409 8 7 293697
296 516 4 1 4
297 167 3 4 76
297 325 6 1 9
297 389 7 1 6
297 544 7 9 11449069
297 742 2 2 4
298 75 2 3 44
298 800 1 2 4
299 291 6 1 4
300 29 10 1 7
300 140 8 1 11
301 274 9 3 66
301 777 7 3 51
303 292 4 9 2272919
304 6 1 3 7
304 8 8 2 21
304 42 7 2 18
304 63 1 6 2944
304 106 7 1 4
304 212 1 5 236
304 258 2 3 28
304 292 1 3 7
305 11 1 4 28
305 34 8 2 23
305 576 4 5 582
306 36 6 1 6
306 550 9 5 2596
307 514 6 3 34
308 21 2 5 379
308 583 8 1 11
308 640 7 1 7
308 832 10 1 11
308 848 10 1 15
309 77 6 1 4
309 774 9 1 4
310 44 4 7 111019
310 936 3 1 4
312 514 9 2 18
314 156 10 1 8
314 376 3 4 294
314 518 3 7 19086
315 739 10 3 66
316 452 6 1 4
318 532 7 4 608
318 914 10 5 1287
320 29 10 5 4886
320 315 5 1 6
320 407 2 3 14
320 428 2 2 7
320 468 1 4 45
320 641 1 7 7457
320 720 9 2 25
321 4 2 3 12
321 262 10 4 266
321 337 6 2 14
321 768 5 1 7
321 834 8 2 28
321 1008 3 2 11
322 0 1 3 7
322 80 10 2 38
322 196 3 2 11
322 272 8 2 26
322 416 5 2 21
322 902 5 9 4145233
323 360 3 2 11
323 515 8 4 352
324 106 6 3 40
324 167 2 3 19
324 179 2 5 696
324 513 4 2 19
324 530 2 5 235
325 74 7 1 4
325 145 5 2 16
325 192 4 3 41
325 614 5 5 1000
325 720 8 4 264
326 11 7 3 63
326 32 10 4 957
326 116 10 2 42
326 280 4 1 4
326 443 9 1 9
327 675 5 1 4
327 698 4 3 23
328 45 6 1 4
328 853 7 6 31966
329 35 5 1 4
329 836 2 4 71
331 512 1 3 9
332 456 2 6 1502
332 643 7 1 11
334 265 8 2 28
334 288 1 2 4
336 100 9 5 2044
336 576 7 8 768495
336 632 3 5 1300
337 352 3 2 7
337 833 9 5 1147
338 33 4 2 19
338 160 7 4 765
338 169 1 5 452
339 42 6 5 3453
340 704 4 6 4652
340 763 8 2 21
341 576 5 3 80
342 168 4 2 11
342 272 7 1 4
342 536 3 7 31564
343 475 8 5 3863
344 676 9 1 12
345 32 10 4 895
346 11 3 3 16
346 89 1 6 1007
347 11 10 1 4
347 149 6 1 7
347 313 2 3 19
348 128 5 2 16
348 395 2 2 7
349 12 4 5 678
352 409 4 3 81
352 419 10 2 24
352 514 5 3 48
352 680 8 2 20
352 860 7 3 61
353 138 2 5 530
353 389 1 7 23428
353 684 8 2 19
354 25 10 2 20
354 836 8 4 459
354 969 2 2 7
355 134 8 5 1968
355 634 10 7 171537
356 800 8 2 37
357 433 8 1 14
357 641 10 5 1475
358 168 2 3 38
358 197 4 4 194
360 555 7 3 38
360 732 7 4 460
360 784 9 2 35
360 810 2 3 15
361 266 5 4 178
363 162 5 1 7
363 424 3 4 71
364 740 10 1 13
366 657 2 5 1131
368 49 10 8 1046764
368 738 3 4 82
368 925 9 4 873
371 112 7 1 11
371 705 2 9 1168373
372 352 7 1 7
376 193 9 3 52
379 333 4 2 18
380 339 6 1 4
382 562 7 3 61
384 6 8 1 4
384 156 7 2 34
384 168 1 3 7
384 312 4 2 13
384 332 8 2 21
384 423 3 1 4
384 481 8 2 23
384 531 8 1 7
384 571 9 1 7
384 597 4 5 858
384 692 3 1 4
384 841 1 2 4
384 962 7 1 7
385 213 9 4 318
385 513 8 1 4
385 563 4 6 2798
386 64 10 1 11
386 158 9 4 850
386 160 2 4 88
386 206 9 3 75
386 275 6 1 4
386 846 3 7 93699
386 849 2 3 11
386 912 1 5 115
387 147 3 3 32
387 297 1 3 15
387 1016 2 4 67
388 332 5 1 4
389 596 6 1 6
390 566 2 3 14
391 8 3 2 7
391 461 5 3 39
392 38 1 3 18
392 336 10 2 43
392 553 8 1 7
393 461 4 10 192333506
393 577 4 3 25
394 80 7 4 724
394 590 2 5 874
395 4 10 1 4
395 558 5 3 46
395 647 10 1 4
396 6 4 5 661
396 454 1 7 6372
396 536 6 1 4
396 546 10 1 11
396 777 8 3 99
396 915 9 1 4
396 960 8 1 4
397 132 7 2 15
397 305 9 1 4
397 518 8 1 4
398 943 6 2 14
399 9 4 1 4
400 10 9 1 13
401 16 5 1 4
401 58 1 3 7
401 277 6 1 9
401 284 4 1 4
401 932 3 1 4
402 68 6 2 28
402 80 1 3 13
402 769 6 1 7
403 20 8 5 947
403 98 5 9 4161066
404 209 1 4 33
404 298 1 2 4
405 160 4 1 4
406 677 5 5 884
407 591 2 2 9
408 66 2 2 7
408 405 5 6 20430
409 66 8 1 12
409 417 10 1 4
409 888 5 2 11
410 520 7 7 80835
411 20 2 5 243
412 6 8 3 113
413 640 2 2 8
414 932 6 2 20
416 52 1 3 8
416 292 4 2 14
416 531 3 7 55700
416 832 1 2 4
417 577 3 9 4371882
418 16 10 4 598
419 62 9 1 4
420 32 3 4 71
420 288 7 4 222
420 538 9 4 403
420 545 3 7 17980
421 400 6 5 1213
422 736 8 1 6
423 384 2 5 323
423 651 10 2 23
424 481 1 4 23
425 161 9 8 1119320
425 261 8 1 8
425 746 7 8 725311
425 776 7 1 4
426 644 4 1 7
427 580 9 7 191204
428 194 3 2 13
428 880 10 2 21
430 203 10 1 9
433 24 7 1 4
433 197 5 2 21
433 398 9 2 39
434 734 7 1 4
436 597 4 5 1189
436 641 7 2 16
437 2 3 3 31
441 21 4 6 19646
442 146 2 3 18
442 691 2 3 34
444 769 1 4 31
448 92 7 1 7
448 513 5 3 42
452 48 5 3 46
452 488 7 1 12
452 512 2 4 93
452 513 2 5 752
453 368 6 4 161
453 661 3 10 101933331
454 9 1 2 4
454 437 6 2 16
454 634 2 5 1344
455 640 6 1 4
456 105 2 5 232
456 367 9 1 12
456 376 9 1 4
456 774 4 1 7
458 743 10 3 151
460 197 9 1 4
460 462 2 3 30
460 566 5 3 49
461 625 10 2 47
461 901 1 5 408
462 516 3 3 25
462 641 5 5 1422
463 916 1 4 25
464 265 8 1 4
464 928 3 6 4517
465 531 8 1 4
465 761 3 3 34
465 902 4 4 431
467 211 4 3 43
469 425 3 6 13756
470 713 5 2 19
472 226 8 2 18
472 256 9 1 5
472 801 9 2 26
473 6 5 4 383
473 600 4 1 7
473 800 5 1 7
476 775 10 4 371
480 0 2 3 42
480 665 10 2 22
480 928 4 4 155
482 208 5 3 67
482 285 5 3 57
483 276 7 2 23
483 555 6 1 4
485 134 3 5 699
488 3 5 5 647
488 269 8 1 4
488 334 3 2 14
488 565 8 8 940091
489 64 8 8 2547592
491 112 6 1 4
496 433 10 1 11
496 978 2 3 11
504 267 6 1 4
505 332 7 1 7
512 1 7 2 28
512 5 7 1 4
512 36 3 1 4
512 52 2 3 42
512 96 10 6 23169
512 153 7 1 6
512 173 10 1 9
512 266 5 2 12
512 420 1 5 208
512 438 4 2 11
512 453 7 2 19
512 514 2 2 6
512 522 9 4 259
513 5 9 1 7
513 42 3 4 280
513 47 10 3 216
513 65 9 1 11
513 112 6 2 23
513 304 1 4 108
513 315 1 2 3
513 340 5 4 273
513 548 7 2 13
513 640 4 1 4
513 644 10 7 58920
514 4 7 1 4
514 11 5 2 9
514 36 7 1 9
514 160 3 2 6
514 401 4 7 47806
514 452 9 1 6
514 522 8 6 37878
514 780 8 1 8
515 157 2 4 77
515 273 10 1 14
516 33 9 3 69
516 69 3 2 14
516 72 3 2 11
516 169 5 7 40533
516 385 6 5 804
516 605 4 9 1625474
516 779 9 5 1131
517 0 2 6 1415
517 3 9 1 4
517 34 5 5 854
517 177 9 1 7
517 233 6 8 1479637
517 281 2 2 7
517 525 6 7 162372
517 534 1 3 7
517 672 8 2 40
517 676 7 1 4
518 0 2 3 25
518 66 10 1 4
519 517 5 1 7
519 944 6 2 24
519 967 7 1 9
520 9 6 4 392
520 164 1 2 4
520 328 5 1 4
520 436 1 5 503
520 785 1 6 933
520 812 8 4 363
520 896 4 2 16
521 81 1 5 419
521 131 4 1 4
521 229 7 1 4
521 450 1 4 83
521 546 9 1 6
521 560 7 1 11
522 121 3 3 18
522 234 2 3 11
522 549 5 2 9
522 652 9 2 45
523 650 4 4 179
524 159 6 2 16
524 173 6 1 4
524 520 10 1 7
525 134 1 7 13924
525 820 7 1 4
526 776 5 3 43
527 36 2 2 6
527 713 6 3 35
528 10 7 7 39542
528 33 8 7 169226
528 36 1 5 602
528 97 5 2 13
528 144 1 2 4
528 156 5 5 571
528 171 9 6 8530
528 344 8 1 11
528 406 8 9 3749263
528 512 5 1 6
528 580 6 7 54102
528 611 2 4 50
528 720 2 2 7
528 801 5 3 70
529 16 3 1 4
529 148 5 9 3420504
529 423 3 1 4
529 517 8 3 70
529 520 9 2 16
529 836 8 1 8
530 20 8 3 47
530 86 4 1 4
530 278 5 6 19134
530 522 5 2 17
530 696 5 1 4
532 11 8 1 4
532 134 6 3 52
532 292 7 3 79
532 550 6 1 8
532 853 8 4 197
533 5 8 1 4
533 37 10 3 96
533 787 6 2 11
534 6 6 1 7
534 786 5 5 882
534 928 5 7 34435
535 10 6 6 13372
536 10 5 3 32
536 244 6 4 339
536 412 8 1 14
536 687 2 3 30
536 902 5 2 16
537 99 1 3 11
537 138 5 2 15
537 257 4 3 44
537 478 5 1 6
538 74 5 1 4
540 256 10 3 139
540 481 8 2 31
541 344 6 6 6455
541 793 10 1 11
544 6 2 5 359
544 21 3 3 38
544 160 7 6 12816
544 401 5 1 4
544 416 7 1 4
544 429 8 4 184
544 551 7 3 42
544 597 3 7 17064
545 209 1 4 29
545 226 8 3 44
545 520 4 3 40
545 914 2 6 2413
546 2 5 1 4
546 263 4 1 4
546 612 5 6 4044
546 650 9 2 21
546 758 7 1 4
546 900 5 9 1805077
547 265 8 1 4
547 427 2 2 4
547 577 9 2 19
548 169 9 1 4
548 577 6 1 4
548 586 4 4 341
549 68 1 2 4
549 97 1 2 4
549 146 3 2 14
549 647 7 1 7
550 36 10 2 39
550 649 2 3 11
550 800 5 5 788
551 4 3 2 13
551 40 3 1 4
551 89 8 3 144
552 640 9 4 208
552 656 3 2 7
553 36 10 3 67
554 137 1 2 4
554 296 4 4 181
555 52 3 7 70427
556 409 1 5 301
557 6 9 2 38
557 15 9 1 9
557 370 3 5 1919
557 400 5 2 14
557 512 5 1 7
557 557 9 1 7
557 938 2 2 7
559 557 2 6 3872
560 18 6 2 11
560 32 2 3 25
560 96 9 1 11
560 104 8 8 748102
560 168 6 1 4
560 354 5 4 529
561 444 10 1 14
561 521 7 4 421
561 786 1 3 22
561 993 2 3 39
562 162 3 2 8
562 977 9 4 232
563 20 7 4 194
564 28 10 1 14
564 656 5 3 62
564 659 3 4 140
565 105 2 2 4
566 4 3 2 8
566 132 6 3 72
567 793 6 1 4
569 385 2 4 57
571 457 10 3 100
572 36 5 4 166
572 257 3 1 4
572 370 10 3 64
573 797 8 1 4
573 886 8 2 28
574 533 9 2 18
574 696 9 5 1035
576 19 4 1 7
576 133 1 3 18
576 193 9 1 7
576 228 2 4 204
576 371 7 4 448
576 525 2 4 139
576 547 7 2 28
577 72 9 3 99
577 222 9 2 22
577 292 1 4 112
577 401 8 1 14
577 577 7 1 11
578 26 6 4 652
578 96 8 1 11
578 120 1 4 72
578 136 4 3 69
578 554 1 3 7
578 572 6 4 258
578 575 5 1 4
579 80 2 10 2388304551
579 621 8 1 4
580 64 9 1 4
580 507 8 2 20
580 528 10 1 8
580 598 4 4 102
582 633 5 4 384
584 432 4 1 4
584 833 4 7 144979
585 64 4 2 18
585 208 6 1 4
585 354 9 4 486
586 64 5 1 4
587 608 7 1 4
589 389 4 3 24
590 276 6 1 4
590 520 2 2 7
590 788 7 1 4
592 4 7 1 4
592 148 5 1 4
592 528 5 5 758
592 566 5 1 4
592 585 9 1 4
592 856 10 1 4
593 429 1 2 4
595 58 4 2 9
595 557 10 1 4
596 11 3 7 24403
596 33 6 1 7
596 154 9 1 7
596 385 2 2 7
597 387 9 1 4
599 92 1 3 7
599 176 4 7 24796
600 562 6 2 11
600 575 6 1 4
601 335 3 5 728
601 431 7 4 433
602 480 8 3 55
604 913 1 3 11
604 1006 1 3 13
605 80 3 6 7221
606 281 9 5 1188
606 807 4 6 9161
607 288 8 9 3693828
607 393 10 3 95
608 185 1 3 9
608 522 4 1 6
608 648 7 1 7
609 210 6 1 7
609 225 2 2 4
609 526 2 4 76
609 768 8 5 1907
610 24 4 3 31
611 125 4 1 4
612 170 8 1 4
612 534 2 2 6
613 840 3 6 2555
614 936 4 5 2337
616 81 8 1 4
616 450 3 4 68
616 806 8 1 4
617 374 6 1 7
617 908 6 2 21
618 70 10 1 4
618 1004 9 1 14
619 76 8 2 31
619 140 3 1 4
619 231 6 2 14
621 293 3 1 4
623 1000 2 6 4246
624 579 1 6 1144
625 5 3 1 4
625 530 7 3 38
626 8 9 8 828043
626 104 7 4 218
627 418 10 1 4
627 977 2 2 4
629 528 7 1 4
631 24 8 8 2281626
632 18 5 1 4
637 73 1 8 113823
638 161 3 6 3855
640 4 1 2 4
640 6 9 5 1816
640 160 9 3 161
640 181 1 6 3104
640 246 7 3 68
640 258 1 6 3981
640 369 5 5 2267
640 421 5 1 4
640 525 5 3 51
640 584 3 2 7
640 659 1 3 7
640 732 5 3 29
640 938 9 1 4
640 952 6 6 5989
641 192 10 1 4
642 562 10 1 12
642 724 9 5 3093
643 73 4 2 9
644 48 6 1 4
644 387 10 7 53464
644 660 10 3 73
644 756 1 3 7
644 769 7 7 53660
645 4 9 1 4
645 25 6 3 38
645 548 5 3 72
645 963 4 1 4
646 289 2 10 100945314
646 388 7 7 51495
648 76 10 2 24
648 98 4 3 49
648 301 5 1 4
648 369 7 2 31
648 512 1 3 6
648 694 4 1 4
648 769 1 2 4
650 953 9 1 13
651 290 1 5 125
652 257 7 1 4
652 594 6 1 4
654 129 8 1 7
655 384 6 1 6
655 761 9 3 92
656 3 6 3 33
656 259 4 6 12671
656 278 3 2 13
656 370 8 2 16
656 833 1 8 48594
657 79 10 2 22
658 10 1 5 127
658 640 5 1 4
660 52 1 2 4
660 69 5 1 6
660 85 5 2 16
661 244 10 3 146
661 608 7 1 7
662 374 4 6 6331
664 16 8 1 4
664 205 10 2 21
664 539 2 5 255
665 3 1 6 783
665 260 9 5 1323
667 587 6 3 88
668 163 8 3 154
668 749 4 5 508
670 515 9 5 1223
672 1 5 1 4
672 64 9 5 5369
672 129 3 5 457
672 514 5 1 8
672 608 9 1 8
672 717 3 3 25
673 656 10 2 35
674 288 8 5 1053
674 401 8 3 69
674 672 10 1 4
675 257 8 1 4
675 470 10 3 68
676 52 5 3 48
677 641 10 1 4
678 237 10 2 27
679 556 2 7 11813
680 39 8 2 19
680 105 5 8 923869
680 450 1 5 216
680 540 8 1 7
681 6 3 2 13
681 33 4 1 7
682 14 6 1 4
682 156 9 2 30
683 278 9 1 4
686 426 3 2 14
686 593 2 3 14
688 385 10 1 4
689 80 5 2 12
690 110 7 3 60
691 12 10 3 55
692 260 7 1 7
693 397 5 1 7
694 6 10 1 9
694 768 6 2 23
694 931 4 1 4
695 517 4 1 7
696 885 5 1 4
700 18 3 4 90
700 229 4 5 678
700 864 5 6 4965
701 34 5 1 4
701 941 10 2 53
704 34 9 3 117
704 76 6 3 33
704 135 10 2 19
704 292 6 1 7
704 370 5 7 54095
704 514 8 2 20
704 673 3 3 21
705 596 2 2 4
705 854 8 8 738191
706 17 8 1 7
706 161 1 3 11
706 460 1 4 77
706 732 2 4 141
708 108 6 3 46
709 325 3 2 6
709 354 7 2 14
709 644 6 2 11
710 2 10 6 22116
711 19 1 5 382
712 141 2 2 4
712 283 6 4 234
712 294 9 5 1485
712 862 3 9 5277568
713 593 8 6 6915
713 837 8 3 164
716 98 6 3 54
716 339 5 3 74
716 649 5 4 158
716 842 5 2 12
720 7 3 3 47
720 144 5 5 2332
721 0 8 2 18
721 104 9 2 18
721 323 9 7 57821
721 584 2 2 4
722 82 10 1 6
722 100 6 2 13
722 104 7 1 4
722 258 3 2 9
722 393 1 3 19
722 398 8 1 6
722 464 2 2 7
724 20 4 2 11
724 596 3 7 18456
725 44 9 6 10206
725 65 1 3 7
726 322 8 2 37
727 200 4 2 16
728 227 1 3 9
728 350 10 2 20
728 712 5 1 6
729 578 1 2 4
730 332 8 1 6
732 834 1 4 27
737 64 9 1 6
737 288 6 4 321
737 610 6 1 8
738 970 2 6 4889
740 235 6 7 95467
740 778 1 2 4
740 801 10 1 4
741 45 4 3 23
741 260 9 3 174
743 787 2 3 22
744 124 6 1 4
744 280 5 3 31
746 386 4 4 149
752 261 6 3 57
752 494 2 7 31871
752 786 5 2 11
754 32 1 8 108300
759 130 4 6 14803
760 257 8 5 2225
760 300 5 2 21
761 435 7 2 27
763 668 5 7 124817
765 513 6 6 4580
768 226 8 5 3078
768 326 2 3 18
768 502 6 2 14
768 608 9 1 4
768 736 3 2 10
768 926 1 10 4525529
769 34 4 5 1951
769 277 1 2 4
769 350 1 7 6494
769 640 3 2 8
769 773 5 2 11
770 67 5 3 85
770 211 9 1 6
770 515 7 2 14
771 800 8 2 19
772 0 7 1 9
772 32 2 2 4
772 130 6 1 4
773 1 9 4 308
774 8 10 1 4
774 936 2 2 4
775 48 7 2 14
775 921 1 5 214
776 101 3 1 4
776 586 2 5 491
776 697 5 2 24
777 6 1 4 38
777 84 1 2 4
777 200 9 1 9
777 318 2 2 7
777 539 2 3 31
777 554 8 2 32
777 608 2 6 2377
778 330 4 6 16859
778 389 10 1 14
778 707 7 2 25
780 16 6 1 4
780 193 2 2 9
780 707 10 6 29789
780 901 9 5 4029
781 222 10 1 4
781 496 10 2 21
782 405 8 3 175
784 514 4 5 935
784 549 7 3 52
784 569 10 2 21
784 604 9 4 318
784 634 2 4 166
784 841 2 2 6
785 45 1 3 9
785 257 7 1 4
786 142 1 3 13
786 521 7 2 19
786 576 1 6 1860
786 914 10 2 19
787 199 10 1 14
788 25 1 4 55
788 324 4 3 29
788 332 6 2 13
792 16 1 3 6
792 274 3 2 7
792 540 2 6 1732
792 594 6 5 2106
795 422 7 1 11
798 776 1 3 18
799 433 2 2 4
800 9 2 3 11
800 45 3 8 170592
800 73 4 4 115
800 97 5 2 14
800 824 4 7 61871
801 34 2 3 11
801 312 4 3 25
801 592 6 1 4
801 642 2 3 13
802 660 10 5 1794
804 0 7 6 14589
804 104 7 2 36
805 387 7 1 4
805 781 7 1 6
806 43 4 2 14
806 134 5 3 49
806 326 10 2 35
806 480 9 3 48
808 302 1 2 4
808 526 1 3 16
808 777 5 4 209
808 937 7 2 21
808 945 5 5 2087
810 17 1 3 9
810 394 5 1 6
810 416 8 1 11
814 161 6 5 910
814 264 5 1 4
814 523 8 1 4
814 905 8 3 90
816 18 7 8 1046259
816 24 7 1 7
818 253 3 2 7
819 538 4 5 2123
824 392 6 3 66
824 609 9 1 7
824 978 2 3 27
828 592 5 6 9774
830 356 10 1 7
832 16 8 5 2969
832 21 8 3 46
832 30 10 1 8
832 281 6 1 7
832 304 3 1 4
832 328 6 2 30
832 427 10 1 4
833 147 1 3 7
833 999 7 1 11
834 32 4 4 94
834 104 8 1 4
834 912 3 3 46
835 392 6 3 61
835 583 1 2 4
836 86 4 3 58
836 388 1 7 12594
836 485 2 5 326
839 21 5 1 4
840 96 7 5 919
840 106 1 4 26
840 545 9 2 16
840 800 5 2 21
841 32 5 1 4
841 370 1 2 4
842 132 8 2 18
843 939 4 3 76
844 584 4 1 7
845 561 7 8 1687187
845 624 3 1 4
848 90 8 1 13
848 188 1 8 105099
848 313 5 1 6
848 391 7 1 4
848 899 5 2 20
849 792 3 5 1004
849 1018 10 2 40
850 308 9 6 11361
850 776 6 2 19
851 195 1 3 7
852 2 3 2 11
852 64 1 3 6
852 72 4 2 17
852 824 4 1 4
856 256 10 1 15
857 42 7 1 11
862 130 4 5 496
863 516 1 6 1453
864 786 9 4 828
866 260 9 1 4
867 998 5 3 38
870 6 9 4 520
870 68 8 1 4
871 264 4 3 48
872 50 7 5 2631
872 165 3 2 9
873 9 1 4 69
874 360 8 4 646
878 258 2 4 89
882 42 2 3 24
882 778 4 2 15
884 802 8 2 25
894 392 3 2 9
895 603 8 9 17459689
896 868 3 5 381
897 115 5 1 7
897 523 6 2 18
898 336 8 1 14
899 537 10 1 7
900 4 6 5 797
900 313 2 5 239
902 131 7 1 7
902 420 1 3 13
904 112 7 1 8
904 231 6 1 4
904 888 10 1 4
904 929 7 3 63
905 12 7 8 556123
905 196 3 2 7
905 248 4 2 11
905 540 7 3 63
905 572 4 3 29
906 137 7 1 4
906 194 5 1 4
906 210 2 6 1881
906 328 5 3 37
910 614 8 1 11
911 10 5 6 15223
911 896 3 4 156
912 2 6 1 6
912 85 5 1 4
912 129 9 1 7
912 388 1 4 31
914 216 4 1 7
914 669 8 1 4
914 776 10 1 4
914 968 6 1 7
915 431 4 5 2012
916 742 9 5 1257
916 777 5 1 7
917 912 5 5 1157
918 0 4 3 87
920 200 4 4 122
921 272 9 1 4
922 8 10 1 4
924 196 10 2 44
927 190 2 3 16
928 64 8 3 96
928 384 6 1 4
928 516 2 2 4
928 518 5 1 7
929 257 10 3 54
929 316 4 1 4
930 720 9 4 491
931 230 6 4 257
931 657 7 3 71
932 783 7 4 166
933 657 10 1 11
934 94 7 5 2665
938 261 2 4 138
938 316 2 5 424
938 552 7 1 4
944 756 9 8 459233
945 456 4 1 7
946 205 9 5 1795
947 568 5 5 2475
948 9 6 3 45
952 37 9 2 18
953 905 2 2 4
954 22 1 3 6
956 846 8 1 12
961 131 2 3 11
961 291 7 1 4
961 333 3 6 9738
961 472 4 5 1178
961 481 7 3 42
963 130 8 1 10
965 937 10 1 7
966 29 4 5 603
966 192 3 2 6
966 197 2 2 4
966 555 5 3 51
968 51 9 6 8878
968 360 5 3 36
969 313 3 3 23
969 769 9 6 26259
971 566 9 1 5
975 205 3 2 7
976 321 3 1 4
977 22 5 1 4
977 34 9 1 7
977 549 10 4 968
978 817 4 2 9
984 324 7 3 90
984 483 8 2 36
987 962 6 7 111150
988 366 2 4 60
990 35 4 2 13
996 36 7 5 2217
996 836 4 7 45752
998 127 2 2 4
998 179 9 5 2046
1000 260 10 7 255636
1001 286 3 5 619
1002 652 1 5 230
1002 912 6 3 61
1003 684 5 3 35
1004 129 7 6 8861
1011 36 5 1 4
1013 316 2 2 9
1018 358 10 6 16933
1020 385 7 1 4
