352 0.011807368453975495 
1287 0.011681705820212624 
309 0.01147946957811498 
1951 0.01161691142896477 
904 0.011443145829654276 
526 0.011131942402216677 
1988 0.012446513987120643 
604 0.011913397251792896 
1510 0.012133312740068432 
641 0.0119251782922948 
789 0.012443568342528587 
404 0.011641454729036894 
1678 0.011681705820212624 
1235 0.011765153538720654 
1619 0.011329266406371701 
725 0.011584514326751819 
1382 0.011418602794890901 
1100 0.009916643939120267 
928 0.011887871709804996 
326 0.01137442540959446 
177 0.011379334003083852 
345 0.011623783549387399 
952 0.011787733593089225 
1387 0.011655198992857071 
509 0.011773007466437111 
224 0.011696431854553133 
308 0.012418039621181723 
1831 0.0117867518508117 
96 0.011776934431979776 
158 0.011788715335438951 
1762 0.012055752519653516 
1402 0.011733737871694702 
286 0.011535427921047794 
751 0.011566843205281778 
113 0.011425474841516523 
628 0.011595313354120092 
1710 0.01128607093381677 
1027 0.012137239866319639 
1017 0.011843693026438408 
261 0.011577642221871411 
