215 0.004506381289649639 
994 0.004501619908895152 
902 0.0045111444151010455 
1808 0.004515907558316607 
689 0.004506381289649639 
583 0.004506381289649639 
1349 0.004515907558316607 
870 0.004501619908895152 
714 0.004506381289649639 
1736 0.004506381289649639 
948 0.004506381289649639 
1288 0.004506382960677101 
832 0.004506381289649639 
1857 0.004506381289649639 
1393 0.004506381289649639 
160 0.004506381289649639 
1696 0.004506381289649639 
1716 0.004506381289649639 
1602 0.004506381289649639 
410 0.004506381289649639 
1015 0.004506381289649639 
1127 0.004506381289649639 
1114 0.004506381289649639 
456 0.004506381289649639 
698 0.004506382960677101 
954 0.004506381289649639 
1989 0.004506381289649639 
672 0.004506381289649639 
923 0.004506381289649639 
1527 0.004506381289649639 
150 0.004506381289649639 
1474 0.004506381289649639 
825 0.004506381289649639 
812 0.004506381289649639 
7 0.004506381289649639 
1274 0.004506381289649639 
1052 0.0045111444151010455 
814 0.004506381289649639 
623 0.004515907558316607 
1501 0.004506381289649639 
1598 0.004501619908895152 
1096 0.004506381289649639 
1554 0.004506381289649639 
1844 0.004506381289649639 
692 0.004506381289649639 
547 0.004506381289649639 
1246 0.0045111444151010455 
1113 0.0045111444151010455 
1822 0.004506381289649639 
1824 0.004506381289649639 
1055 0.004506381289649639 
1675 0.004506381289649639 
1231 0.0045111444151010455 
441 0.004506381289649639 
1582 0.004506381289649639 
1119 0.004506381289649639 
1477 0.004506381289649639 
1701 0.004506381289649639 
1479 0.004506381289649639 
1337 0.004506381289649639 
1319 0.004515907558316607 
490 0.004506381289649639 
1817 0.004515907558316607 
1313 0.0045111444151010455 
1515 0.004506381289649639 
419 0.004506381289649639 
1310 0.004506381289649639 
989 0.0045111444151010455 
365 0.004506381289649639 
1267 0.004525433897104538 
974 0.004506381289649639 
315 0.004506381289649639 
1083 0.004506381289649639 
634 0.004501619908895152 
47 0.004506381289649639 
225 0.004506381289649639 
433 0.004506381289649639 
887 0.004506381289649639 
290 0.004506381289649639 
1734 0.004506381289649639 
1605 0.004506381289649639 
1571 0.0045111444151010455 
802 0.004506381289649639 
1631 0.004506381289649639 
928 0.004506381289649639 
1117 0.004506381289649639 
375 0.0044968507672397745 
1921 0.004506381289649639 
631 0.004506381289649639 
1160 0.004506381289649639 
1609 0.004506381289649639 
815 0.004506381289649639 
964 0.0045111444151010455 
1165 0.004501619908895152 
1845 0.004506381289649639 
860 0.0045111444151010455 
390 0.004506381289649639 
1713 0.004506381289649639 
888 0.004515907558316607 
615 0.004506381289649639 
1777 0.004506381289649639 
556 0.0045111444151010455 
678 0.004506381289649639 
189 0.004506381289649639 
1005 0.0045111444151010455 
553 0.004525433897104538 
122 0.004506381289649639 
283 0.0045111444151010455 
577 0.004506381289649639 
1630 0.004506381289649639 
819 0.004506381289649639 
1094 0.004506381289649639 
1333 0.004506381289649639 
137 0.004506381289649639 
1380 0.004506381289649639 
1392 0.004525433897104538 
468 0.004506381289649639 
1870 0.0045111444151010455 
138 0.004506381289649639 
452 0.004506381289649639 
144 0.004506381289649639 
1546 0.004506381289649639 
834 0.004506381289649639 
376 0.004506381289649639 
817 0.004506381289649639 
1394 0.004506381289649639 
673 0.004506381289649639 
435 0.004506381289649639 
301 0.004506381289649639 
329 0.004506381289649639 
96 0.0045111444151010455 
1581 0.004515907558316607 
905 0.004506381289649639 
103 0.004506381289649639 
124 0.004506381289649639 
532 0.004506381289649639 
1142 0.004506381289649639 
854 0.004506381289649639 
454 0.004506381289649639 
550 0.004525433897104538 
340 0.004506381289649639 
1815 0.004506381289649639 
348 0.004515907558316607 
1488 0.004506381289649639 
1139 0.0045111444151010455 
1888 0.004506381289649639 
1084 0.004506381289649639 
364 0.004506381289649639 
1295 0.004515907558316607 
1811 0.004506381289649639 
87 0.004506381289649639 
1228 0.004506381289649639 
831 0.004506381289649639 
1514 0.004506381289649639 
1668 0.0045111444151010455 
155 0.004506381289649639 
1595 0.004506381289649639 
566 0.004506381289649639 
1799 0.004506381289649639 
442 0.004506381289649639 
70 0.004506381289649639 
895 0.004506381289649639 
362 0.004506381289649639 
695 0.004506381289649639 
210 0.004506381289649639 
486 0.0045111444151010455 
840 0.004506381289649639 
644 0.004506381289649639 
28 0.004506381289649639 
1872 0.004506381289649639 
1732 0.004506381289649639 
651 0.004506381289649639 
909 0.004506381289649639 
1325 0.004506381289649639 
495 0.004492084736424526 
423 0.004506381289649639 
1098 0.004506381289649639 
154 0.004506381289649639 
1370 0.004506381289649639 
973 0.004506381289649639 
896 0.004506381289649639 
1807 0.004501614025144983 
1290 0.004506381289649639 
509 0.004506381289649639 
67 0.004506381289649639 
1412 0.004506381289649639 
33 0.0045111444151010455 
480 0.004506381289649639 
722 0.004506381289649639 
1882 0.0045111444151010455 
635 0.004506381289649639 
1049 0.004506381289649639 
1047 0.004506381289649639 
1535 0.004506381289649639 
1741 0.004506381289649639 
688 0.004506381289649639 
732 0.004506381289649639 
64 0.0045111444151010455 
263 0.004506381289649639 
1843 0.004506381289649639 
