0 17 5 2 10
0 29 3 5 1773
0 150 5 1 7
0 156 9 1 9
0 166 2 2 4
0 215 1 2 4
0 256 2 2 7
0 259 10 1 4
0 265 3 1 4
0 274 1 2 4
0 415 5 1 4
0 618 8 2 19
0 670 7 2 34
0 674 5 7 106187
0 704 9 2 22
0 936 8 1 7
1 7 2 4 137
1 15 1 3 17
1 135 5 1 4
1 357 1 3 8
1 481 5 1 5
1 565 9 2 29
1 644 4 1 5
1 768 5 1 4
2 0 10 3 70
2 3 9 3 105
2 132 6 2 12
2 260 5 6 7242
2 267 3 4 108
2 523 3 5 1311
3 24 2 3 13
3 131 7 1 4
3 277 3 2 9
3 592 4 1 7
4 4 8 1 4
4 15 9 2 37
4 24 6 1 7
4 50 9 2 42
4 248 10 1 4
4 293 2 5 729
4 368 2 2 7
4 517 8 1 7
4 576 1 2 4
4 774 4 1 5
4 803 10 1 7
4 808 9 1 4
5 18 1 3 8
5 216 10 1 4
5 887 6 1 4
6 3 9 2 33
6 212 3 5 781
6 259 10 1 4
6 1002 1 2 4
7 81 6 1 5
7 110 1 3 7
7 237 3 3 45
7 715 5 3 55
8 1 2 2 4
8 32 4 2 15
8 42 4 9 7064502
8 202 7 1 4
8 273 4 1 4
8 386 2 3 30
8 393 2 2 4
8 552 6 1 4
8 642 3 1 5
8 656 7 1 10
9 416 3 2 7
9 572 8 6 31649
10 13 8 1 7
10 40 4 3 25
10 75 10 2 28
10 84 5 1 4
10 176 5 2 10
10 208 8 8 996590
10 523 10 2 34
10 599 10 1 13
10 680 9 2 21
11 204 3 2 8
11 752 4 7 37756
12 24 2 8 134489
12 65 5 1 4
12 116 10 6 29901
12 128 4 1 4
12 269 10 4 742
12 366 7 1 4
13 192 10 1 13
13 224 4 8 166536
13 320 8 1 4
13 780 8 1 4
14 127 1 2 4
14 152 10 1 4
14 584 1 3 10
15 659 6 1 10
15 854 7 1 4
16 9 3 1 4
16 64 1 3 7
16 96 8 1 4
16 132 6 1 4
16 148 8 5 932
16 198 9 2 33
16 643 7 2 14
17 48 10 1 4
17 129 4 1 4
18 203 5 1 4
18 290 9 1 13
19 24 1 5 532
19 709 1 3 12
20 36 7 1 7
20 323 2 3 21
21 116 2 3 22
21 258 1 8 63849
21 308 1 3 15
22 97 1 3 9
22 281 6 5 876
22 320 7 1 4
22 565 5 2 25
23 328 9 7 53503
24 533 4 2 15
24 781 1 2 4
24 786 3 2 9
24 944 3 1 4
25 523 10 4 262
26 109 3 3 65
27 549 4 2 15
28 42 9 3 134
28 146 6 4 151
28 203 9 1 4
28 624 2 4 51
29 1 1 2 4
29 532 1 3 7
30 52 1 3 10
30 129 8 4 305
30 588 5 1 7
31 77 5 3 45
32 33 10 1 4
32 204 8 1 12
32 211 9 3 66
32 219 4 3 27
32 388 6 1 4
32 612 4 3 84
32 721 9 4 325
32 803 8 2 27
32 848 10 4 355
32 960 5 1 4
33 277 4 2 8
33 320 7 1 4
33 544 8 2 35
33 898 3 1 4
34 144 10 1 4
34 324 3 1 5
34 561 7 4 298
34 663 10 2 20
34 800 3 4 84
35 65 6 3 104
35 266 3 2 14
36 34 8 1 14
36 48 9 1 4
37 364 5 1 7
37 640 1 2 4
38 1 8 2 32
38 180 5 3 33
38 204 5 3 41
38 544 6 1 5
39 3 1 2 4
39 48 8 1 10
40 20 2 8 230492
40 39 4 2 9
40 512 1 3 7
40 528 3 1 4
40 672 1 2 4
40 756 10 1 4
40 840 5 1 7
40 980 1 2 5
41 276 1 2 4
41 513 1 4 57
42 42 1 3 7
42 140 2 2 4
42 411 6 1 4
42 839 9 4 349
43 546 4 3 39
44 430 8 1 4
44 524 10 1 4
45 50 8 2 15
45 74 3 2 13
45 808 1 6 3295
47 80 4 1 4
47 1022 2 2 10
48 176 3 2 7
48 193 6 2 18
48 198 4 1 7
48 226 1 2 4
48 932 8 6 6829
49 4 5 1 4
49 17 8 6 13269
49 313 8 1 4
50 9 4 7 95771
50 528 4 1 4
51 70 8 1 10
51 377 10 1 4
52 256 8 2 23
52 285 6 4 649
52 899 5 1 5
53 245 1 5 375
54 112 4 2 20
54 718 3 2 10
55 278 1 2 4
56 472 3 2 10
56 560 2 2 5
57 5 7 4 627
57 33 10 3 79
57 128 4 3 38
57 448 5 6 5111
59 453 6 6 5367
60 3 10 1 14
60 5 10 1 4
60 112 10 1 4
60 948 6 1 4
61 644 4 1 7
62 521 5 1 4
64 1 1 3 14
64 194 7 1 4
64 370 5 4 166
64 465 8 4 222
64 481 2 2 4
64 514 5 7 36332
64 686 3 2 10
64 756 4 2 17
64 780 2 5 626
64 790 1 2 5
65 25 10 2 36
65 61 3 1 5
65 96 7 2 33
65 241 5 1 4
65 265 7 1 7
65 274 1 3 7
65 421 6 3 33
65 571 7 1 4
65 614 7 2 15
66 140 4 2 17
67 2 6 2 15
67 16 10 1 7
67 37 3 1 4
67 73 6 2 12
67 453 1 5 232
67 482 9 1 4
67 840 7 3 83
68 153 6 8 588353
68 226 10 3 215
68 284 7 1 12
69 138 8 1 7
69 768 2 2 4
70 212 8 5 1253
70 608 2 2 4
70 646 2 2 4
71 1 2 7 11000
71 700 10 4 565
72 37 5 1 4
72 280 8 4 836
72 437 3 1 4
73 39 10 1 4
73 870 3 3 29
74 512 5 5 836
74 1012 6 1 4
75 259 1 3 10
75 576 7 1 4
76 84 6 3 119
76 133 3 1 4
76 855 6 3 40
77 256 8 1 7
77 267 6 1 7
77 450 4 1 4
78 288 4 8 732620
78 784 4 1 7
80 0 8 6 12176
80 82 2 7 11491
80 528 8 3 52
80 677 6 3 65
81 807 2 5 479
82 280 9 1 10
82 283 3 3 50
83 304 9 1 7
83 617 6 3 43
83 784 7 9 2583267
84 64 5 2 13
84 216 10 2 19
85 65 1 2 4
86 524 6 1 10
87 462 4 1 7
87 515 5 4 226
88 330 8 1 7
88 782 8 7 53610
89 4 6 1 10
90 843 8 1 7
90 977 1 2 4
91 154 3 1 4
91 652 1 9 555788
91 951 1 2 4
93 669 3 1 4
94 954 1 2 4
95 20 9 1 4
96 32 10 7 109054
96 80 10 1 4
96 148 9 1 4
96 276 1 7 22665
96 304 7 6 9021
96 321 10 1 4
96 356 8 2 18
96 776 6 1 4
96 820 9 1 4
97 48 5 4 257
97 144 2 2 7
97 167 4 4 162
97 525 10 5 3060
98 14 1 2 4
98 928 8 5 1509
99 249 7 1 9
100 128 7 2 21
100 752 5 3 30
100 901 2 7 17042
101 70 5 1 4
101 124 5 2 9
101 169 6 4 252
101 392 10 1 12
102 6 9 1 7
102 78 4 5 833
104 28 3 3 27
104 48 2 3 19
104 64 1 4 26
104 673 1 2 4
105 3 10 2 23
107 3 3 2 7
108 514 5 1 4
112 0 1 8 91655
112 1 10 1 4
112 28 4 1 4
112 165 9 3 50
112 776 3 4 86
114 452 6 1 4
114 497 7 1 4
114 872 8 1 4
117 106 5 1 4
117 803 4 1 4
118 565 8 1 4
120 76 7 3 50
121 536 10 3 94
122 80 8 1 4
122 294 8 1 10
124 304 8 1 4
124 348 5 1 4
128 1 3 4 321
128 134 1 2 4
128 320 1 5 693
128 375 5 1 4
128 376 4 2 12
128 433 2 3 23
128 453 8 1 7
128 770 9 1 7
129 10 8 2 29
129 37 8 10 35880906
129 39 3 6 5215
129 584 2 9 1239456
130 78 10 2 49
130 520 9 3 49
130 528 4 6 3258
130 532 1 5 346
130 540 4 1 5
130 675 4 1 7
130 980 7 1 10
131 581 2 3 13
132 6 6 5 1774
132 17 10 1 4
132 94 3 3 21
132 372 8 4 354
132 916 5 1 7
132 957 10 6 27250
134 67 7 4 637
134 84 3 2 9
134 377 1 5 224
134 516 7 3 141
134 768 4 4 112
135 258 7 1 4
136 21 10 1 4
136 81 5 5 1408
136 482 2 3 12
136 831 5 2 10
137 256 7 1 7
137 325 8 1 5
137 778 8 2 20
138 415 6 3 84
138 590 9 6 13393
138 902 3 1 4
139 426 5 1 4
139 865 7 8 374784
140 135 7 3 55
140 724 10 1 5
140 776 2 8 517815
141 2 10 1 11
141 954 2 2 5
142 641 10 6 14887
143 144 8 1 5
143 286 3 1 4
144 18 6 1 4
144 68 9 2 28
144 248 2 3 35
144 257 4 1 7
144 520 7 1 4
144 800 3 8 188884
145 1 3 2 13
145 2 6 2 13
145 94 8 1 4
145 216 2 2 4
145 273 4 1 5
145 576 7 5 4049
146 396 1 4 36
147 513 3 4 168
148 24 1 6 1566
148 139 3 2 9
148 146 6 1 4
148 278 3 1 4
148 464 10 1 4
148 912 1 2 4
150 141 8 1 4
150 160 10 1 7
150 656 10 1 4
151 207 10 1 4
151 250 6 1 4
153 151 9 7 217096
153 171 2 6 2505
153 592 6 2 30
156 521 2 3 33
156 814 1 2 5
157 404 3 1 5
159 526 10 1 9
160 452 8 1 4
160 801 4 1 4
161 21 10 1 12
161 326 6 1 7
161 376 3 4 142
161 524 1 2 4
161 717 5 1 4
162 160 8 4 265
162 290 1 2 4
163 361 4 1 5
163 601 2 4 65
164 34 3 1 4
164 264 8 2 21
164 280 6 1 4
164 329 2 3 28
164 481 9 2 31
165 141 9 1 9
165 397 2 3 36
166 686 8 1 7
167 104 8 1 14
167 289 10 3 156
167 384 1 2 4
167 712 9 1 9
168 52 6 2 24
168 67 2 6 2820
169 351 4 1 4
171 144 3 1 4
171 810 9 1 7
172 569 7 1 4
173 261 8 2 15
174 493 7 4 605
175 863 4 1 4
176 270 3 2 12
176 273 7 4 368
176 824 10 1 12
176 864 8 1 7
176 916 5 1 7
176 932 9 1 4
177 280 6 1 4
177 611 7 3 116
177 744 3 2 7
178 144 1 2 4
178 580 2 4 64
178 797 4 1 4
179 429 2 4 52
181 768 2 2 7
181 964 6 4 203
182 672 1 2 4
182 728 8 4 293
184 141 5 1 7
184 161 9 1 4
184 664 1 3 13
186 272 10 1 7
187 800 2 5 376
192 43 5 1 4
192 52 10 1 4
192 392 3 2 11
192 713 5 1 4
192 999 7 10 511575525
193 8 3 4 288
193 28 2 4 45
193 375 1 3 8
193 422 4 1 4
193 718 2 4 216
193 775 9 1 5
194 321 5 3 42
194 677 8 3 87
196 81 2 2 4
196 377 2 6 4413
197 100 10 1 4
197 592 3 1 4
197 611 5 1 4
197 769 5 1 4
198 812 7 3 43
200 146 1 2 4
200 445 8 7 172137
200 577 4 2 12
202 11 8 1 4
203 654 8 1 4
206 80 8 1 4
206 530 10 3 77
208 88 1 3 13
208 534 10 7 366348
209 55 8 1 4
210 1 1 7 38342
211 4 3 1 4
212 34 7 2 35
214 585 5 2 12
216 66 7 1 4
217 923 7 1 8
219 389 10 1 12
222 852 7 1 4
225 257 2 6 2179
225 316 6 1 4
227 838 10 1 4
228 294 7 2 15
232 5 2 6 1998
232 65 9 2 28
232 130 8 1 4
232 480 2 2 10
233 912 9 1 13
234 848 1 4 32
234 917 8 1 4
235 645 1 4 23
237 91 1 3 12
238 642 9 1 4
239 560 10 1 4
240 799 8 4 305
241 206 6 3 127
242 156 2 4 164
244 932 1 3 7
245 705 5 1 4
247 626 10 1 4
248 0 10 1 4
248 557 10 1 12
248 902 3 2 13
250 46 3 1 4
256 1 7 1 4
256 4 7 3 116
256 160 5 5 2906
256 243 5 3 57
256 416 8 2 18
256 522 10 1 5
256 616 8 5 930
256 764 3 2 10
256 804 9 1 4
256 963 3 1 4
257 268 10 1 4
257 272 3 1 4
257 680 4 1 4
257 806 2 2 4
257 920 10 1 4
258 34 2 2 4
258 36 4 7 63278
258 265 10 1 4
258 673 6 1 4
258 880 8 1 4
259 7 8 1 7
259 100 8 1 4
259 226 10 6 7351
259 268 8 1 8
259 532 3 7 86544
260 131 4 1 4
260 256 4 3 25
260 295 7 1 4
260 545 9 2 36
260 678 4 1 4
261 67 9 1 4
261 356 6 4 296
261 672 3 1 4
262 32 2 2 4
262 134 9 1 4
262 256 1 2 4
262 1013 4 1 4
264 1 4 2 14
264 296 10 1 4
265 264 10 4 274
265 339 9 1 4
265 632 8 3 175
266 11 4 2 10
266 242 7 1 7
266 272 10 5 3687
266 326 2 5 1136
266 504 7 1 4
268 34 9 3 59
268 192 5 1 4
270 73 2 3 20
270 532 4 3 25
270 642 10 1 4
272 41 3 4 116
272 162 9 1 4
272 208 7 5 2854
272 554 7 3 103
272 640 1 2 4
272 899 9 6 36650
273 47 2 2 4
273 581 7 5 1122
273 809 3 1 4
274 98 8 2 36
274 334 2 2 4
275 116 1 4 105
275 133 5 2 10
275 401 8 1 4
276 394 8 1 4
276 538 2 2 5
276 628 7 5 2504
278 258 5 8 594304
280 674 4 10 26909730
282 717 3 3 31
282 787 9 1 4
284 835 4 5 484
285 104 10 1 4
286 12 3 1 4
286 624 10 6 22947
286 832 3 2 15
287 448 2 4 157
288 47 8 1 4
288 50 2 8 81119
288 132 2 5 231
288 224 8 5 2207
289 648 6 1 7
289 788 9 1 4
290 0 2 4 52
290 258 5 7 108595
290 328 6 6 10079
290 388 2 3 43
291 32 6 4 162
291 967 3 2 13
292 7 4 1 4
292 162 10 1 4
292 593 9 1 4
293 256 10 2 21
294 742 8 1 4
296 84 5 1 4
296 131 6 1 8
296 260 5 1 4
296 288 8 1 4
296 516 3 2 7
297 167 9 1 10
297 325 10 1 9
297 389 3 3 33
297 742 8 2 26
299 291 5 5 838
300 140 9 1 7
301 274 9 1 10
301 777 1 4 50
303 292 7 5 3668
304 8 2 2 4
304 292 10 2 42
305 163 8 1 4
305 576 8 5 957
306 36 6 5 2866
306 550 7 8 399710
306 918 7 1 4
307 514 4 1 4
308 583 5 3 33
308 640 10 1 4
308 832 8 1 7
308 848 7 3 86
310 44 4 7 107199
312 514 5 1 4
314 109 8 1 4
314 156 4 1 4
320 29 9 2 18
320 428 2 2 7
320 468 9 2 30
320 641 2 6 6905
320 720 2 2 10
321 768 4 1 4
321 834 2 2 4
321 1008 9 1 7
322 0 4 1 5
322 196 1 2 4
322 902 1 8 224044
323 360 9 1 4
324 106 6 1 4
324 200 2 8 162688
324 513 1 2 4
324 530 2 2 4
325 145 1 3 18
325 192 6 1 7
326 11 4 3 32
326 16 2 2 10
326 32 4 3 44
327 675 7 1 4
328 45 5 3 46
329 35 9 5 5495
329 258 8 2 38
329 836 6 3 61
330 8 10 1 7
330 204 6 1 4
332 643 3 2 7
334 265 6 2 23
335 83 8 1 4
335 391 7 3 70
336 18 2 6 7153
337 352 1 10 4551521
337 768 6 3 72
337 833 2 2 4
338 33 4 1 4
338 169 1 4 29
339 42 9 1 4
340 0 9 1 4
340 704 3 5 437
341 576 6 1 9
343 475 6 1 5
344 188 10 1 4
345 728 7 3 46
346 89 2 2 4
347 11 9 2 38
347 296 5 1 4
348 128 1 2 4
348 395 2 6 2872
349 12 7 1 4
352 409 2 2 4
352 419 4 9 2229723
352 514 7 1 4
353 138 5 2 15
354 30 7 2 18
354 288 7 2 32
354 836 1 4 40
355 634 6 3 48
356 800 1 3 12
357 433 2 5 438
357 641 10 1 9
358 197 4 1 4
360 784 2 3 42
362 34 4 4 198
363 162 4 2 12
363 424 3 4 73
364 740 2 2 4
368 49 6 1 4
368 738 1 4 29
371 705 8 3 136
375 77 9 1 4
376 193 9 1 13
379 333 1 3 7
381 531 3 1 4
384 6 3 8 504728
384 156 7 1 4
384 168 4 2 17
384 312 10 1 4
384 332 7 4 702
384 457 9 1 8
384 481 5 1 4
384 571 5 1 7
384 597 3 4 113
384 692 1 2 4
384 841 7 4 619
385 2 7 7 72700
385 213 4 1 5
385 513 8 7 43278
385 563 1 3 18
386 73 5 1 4
386 206 4 1 7
386 681 10 4 311
386 846 4 2 13
386 912 7 1 7
387 297 6 1 4
388 332 2 9 2482007
389 596 1 3 8
391 461 9 1 4
392 38 8 1 6
394 80 8 4 182
395 647 2 2 4
396 6 9 1 4
396 777 10 3 155
396 915 6 1 4
397 132 3 2 15
397 518 8 2 15
400 10 9 1 5
400 144 2 2 7
401 16 10 1 4
401 58 3 1 4
401 277 8 4 713
402 769 10 6 42145
404 209 3 1 4
404 298 2 2 4
405 160 2 3 18
406 677 9 7 172133
406 928 7 4 461
408 66 2 3 15
408 405 6 3 114
409 66 3 1 4
409 417 1 2 4
410 520 8 2 17
411 20 8 1 4
412 6 2 2 5
416 52 5 2 12
416 292 9 1 4
416 832 4 1 7
420 32 4 2 9
420 114 9 2 31
420 538 3 1 4
423 384 5 7 114324
424 481 10 1 4
425 161 6 1 4
425 261 3 2 9
425 746 3 5 1286
425 776 4 2 13
426 644 9 1 4
427 580 4 3 69
428 880 7 3 46
433 24 10 1 7
433 197 10 1 10
433 398 1 3 21
434 734 3 4 244
436 597 5 1 4
436 641 6 3 53
441 21 10 1 4
442 691 9 1 4
448 92 1 2 4
448 513 4 3 55
450 450 7 4 219
452 205 8 1 6
452 488 9 4 552
452 513 1 2 4
453 368 1 5 130
454 9 7 6 32725
454 437 6 2 20
454 782 9 1 10
456 105 4 2 10
456 367 7 2 17
458 743 7 1 4
460 197 1 2 4
460 462 7 2 17
461 625 5 2 20
462 516 10 1 4
462 641 8 2 42
463 916 7 1 4
464 265 4 1 4
465 531 10 1 4
467 211 4 1 4
467 300 8 5 1844
470 713 3 4 122
472 801 5 1 7
476 775 10 2 53
481 416 7 4 213
482 208 8 1 4
483 555 2 2 4
485 134 9 1 12
488 3 1 2 4
491 112 10 1 7
501 519 4 3 26
504 267 4 7 77527
505 332 9 1 4
506 706 6 2 12
512 1 9 2 18
512 5 8 1 4
512 36 5 4 234
512 52 9 1 8
512 153 7 1 7
512 173 1 2 4
512 420 3 6 2345
512 438 6 2 30
512 453 7 2 27
512 514 9 1 4
512 685 2 6 7060
512 936 8 1 4
513 65 10 2 38
513 100 6 2 17
513 112 2 3 33
513 304 2 2 4
513 315 10 3 146
513 548 8 2 22
513 644 6 7 54098
514 401 5 3 29
514 452 8 1 8
514 522 5 1 4
514 572 2 4 92
514 780 7 2 18
515 157 5 1 8
515 273 6 3 51
515 598 7 1 4
516 72 4 5 470
516 169 2 2 4
516 357 8 4 492
516 605 8 3 84
516 779 4 5 1065
517 0 9 3 117
517 3 6 1 4
517 177 3 4 69
517 233 9 4 659
517 672 6 1 4
518 0 9 2 23
518 66 2 2 8
519 517 4 1 4
520 9 5 3 70
520 94 5 1 4
520 164 1 3 7
520 436 10 1 7
520 785 8 1 12
520 812 10 1 4
521 131 6 1 4
521 450 1 5 397
521 560 2 8 187072
521 609 3 3 23
522 234 4 4 261
522 549 1 7 23385
522 652 8 1 4
523 650 3 4 239
524 159 5 5 1097
524 173 9 5 3041
524 520 2 2 4
525 134 8 2 26
528 10 10 3 65
528 33 7 1 5
528 36 5 3 47
528 144 6 1 10
528 344 9 1 4
528 512 5 5 3105
528 582 4 1 4
528 801 8 1 7
529 423 9 1 7
529 517 1 2 4
529 737 7 1 4
530 86 5 2 25
530 132 9 1 5
530 278 5 3 54
530 325 3 1 4
530 696 4 2 8
532 11 8 1 4
533 787 9 3 49
534 6 1 2 4
534 425 4 1 4
534 928 7 1 4
535 10 8 4 246
536 10 7 8 310524
536 244 1 5 312
536 412 5 1 4
536 687 5 2 10
536 902 4 1 4
538 74 3 7 101212
538 84 5 3 109
541 344 7 6 15823
544 6 5 4 474
544 24 6 4 629
544 160 4 1 4
544 401 2 2 4
544 429 3 1 4
544 536 1 2 4
544 542 5 2 17
544 597 7 1 12
545 209 5 3 100
545 914 5 1 4
546 263 5 1 4
546 650 10 1 5
546 758 5 6 4760
547 577 6 2 22
548 586 6 1 4
549 68 3 1 5
549 288 2 2 4
550 36 5 4 264
550 649 10 1 4
550 800 3 1 4
551 4 10 1 4
551 40 3 4 125
551 89 7 1 4
552 136 7 5 2754
552 932 2 2 4
553 36 9 8 770293
553 102 8 1 4
553 933 7 1 9
554 137 9 1 8
555 52 1 2 4
556 409 1 3 7
557 6 7 4 409
557 15 4 1 5
557 400 4 3 61
557 512 9 1 4
557 557 6 7 46522
557 770 10 2 29
557 938 8 1 4
559 557 3 1 4
560 96 4 1 4
560 168 2 2 7
560 354 9 1 9
561 10 4 1 4
561 444 10 6 20183
561 521 3 3 33
561 993 10 6 7689
562 162 10 1 4
562 992 3 2 9
563 20 4 1 5
563 410 9 4 466
565 105 8 1 7
566 4 7 1 4
566 44 10 3 174
569 385 9 2 42
569 522 3 6 2418
571 100 4 1 7
571 457 7 1 12
572 36 8 3 74
572 64 5 6 22710
572 257 4 2 10
572 777 7 4 212
574 18 1 5 124
574 533 2 2 7
576 4 1 4 32
576 76 2 5 399
576 133 6 1 9
576 172 10 1 4
576 525 3 10 238863850
576 547 9 1 4
576 607 5 1 5
577 236 7 2 17
577 401 1 5 213
578 26 2 3 12
578 120 2 4 60
578 575 7 1 7
579 80 5 10 2254927236
579 136 3 1 4
579 621 8 1 4
579 789 5 1 4
580 64 5 7 166005
580 528 4 1 4
580 598 3 1 4
582 633 2 2 4
583 129 8 1 4
585 208 7 1 4
585 354 6 6 27057
586 64 4 4 124
586 658 3 2 7
589 389 10 1 4
590 300 7 1 4
590 520 8 3 50
590 788 10 3 182
591 147 10 2 18
592 4 3 2 9
592 148 7 3 63
592 528 9 2 28
592 856 1 6 3386
595 557 1 2 4
596 11 5 6 23597
596 385 6 2 30
599 92 4 3 23
599 569 1 2 4
600 68 3 5 1087
600 115 8 1 4
600 575 3 8 461260
604 913 3 2 15
604 1006 1 2 4
606 281 5 1 4
606 807 10 1 7
607 288 9 1 4
607 393 8 3 118
608 176 4 1 4
608 185 9 1 4
608 522 8 5 1184
608 648 1 9 1095705
609 28 6 9 9160536
609 210 10 1 17
609 225 2 8 135273
609 526 8 5 2966
609 768 9 5 1446
612 534 9 7 340719
614 265 2 2 8
616 806 4 5 2082
617 374 7 1 4
618 70 1 5 130
619 76 2 7 32008
619 140 1 2 4
619 231 1 2 5
623 1000 3 1 5
625 5 9 5 2713
625 261 6 1 5
625 530 9 1 4
626 8 8 1 7
626 104 7 5 843
626 528 6 1 4
626 608 1 8 66306
627 3 6 4 150
627 977 5 2 13
628 76 7 1 4
633 812 6 2 17
635 546 9 1 4
640 4 2 2 4
640 6 5 3 78
640 160 4 3 72
640 258 10 1 7
640 421 7 5 3529
640 659 4 3 34
640 732 3 3 25
640 938 4 1 4
640 952 3 2 10
642 512 10 2 32
642 724 6 4 515
644 48 3 1 4
644 387 6 1 4
644 769 10 1 10
645 4 6 3 50
645 548 9 1 4
646 289 8 2 21
646 388 5 1 4
648 76 5 3 28
648 301 10 1 7
648 769 3 3 16
649 48 9 1 5
650 953 10 1 4
652 257 6 1 4
652 594 2 3 36
654 565 10 4 528
655 384 6 1 5
656 3 9 5 1266
656 259 7 5 2053
656 278 1 8 311110
656 833 2 4 62
657 79 9 1 12
657 201 9 1 15
658 10 6 1 7
658 226 1 6 2564
658 640 7 3 39
660 52 6 1 4
660 69 8 5 2375
660 85 8 7 163720
660 648 2 3 12
661 244 7 1 4
661 608 10 1 4
664 205 6 1 4
665 3 6 2 13
666 66 1 7 7988
668 163 7 1 4
668 749 4 1 7
672 129 6 3 75
672 514 6 1 10
672 608 4 2 21
672 717 6 1 7
674 259 5 4 144
674 288 3 6 9514
674 401 6 3 50
674 672 1 5 259
675 257 8 3 89
675 470 7 3 92
677 121 2 2 5
677 641 5 1 4
678 237 9 1 12
680 20 6 3 35
680 540 10 5 2224
681 6 3 1 4
681 33 10 8 1608257
684 1008 5 1 4
686 426 2 5 1112
689 80 4 1 4
690 110 7 1 7
692 260 3 6 6843
693 522 3 5 1185
694 6 3 3 50
694 768 7 1 4
694 931 1 3 22
700 18 9 4 266
700 229 3 1 4
700 864 5 3 52
701 34 5 2 12
701 941 1 3 7
704 34 5 1 5
704 135 8 1 5
704 370 5 6 20043
704 514 9 1 9
706 161 8 1 12
706 460 3 1 5
709 325 2 2 4
709 354 8 1 4
709 644 3 2 10
710 2 9 2 23
711 19 2 2 4
712 35 8 1 10
712 141 9 2 31
712 283 9 1 4
712 294 10 5 1399
713 593 3 3 17
716 339 8 7 68325
716 842 8 1 4
720 7 1 3 7
720 803 2 2 7
722 82 2 2 4
722 104 10 1 13
722 398 1 2 4
724 596 8 1 4
725 65 7 1 4
726 322 8 1 4
728 350 6 1 8
728 712 7 1 4
729 578 8 1 4
730 332 10 1 7
736 24 4 1 7
737 25 4 1 4
737 64 4 1 4
737 288 6 2 18
738 970 9 3 60
740 235 4 1 5
740 778 9 1 4
740 801 7 1 4
741 45 5 2 12
741 260 6 2 17
743 787 10 1 4
744 124 6 3 41
745 63 4 1 4
746 386 3 1 4
752 494 8 4 318
752 786 9 5 1669
759 130 4 3 85
760 40 6 2 26
760 220 2 2 4
768 326 2 2 5
768 502 5 1 7
768 738 9 1 4
770 211 5 1 4
770 515 6 1 4
770 663 7 1 4
771 128 2 2 5
771 800 1 4 27
772 0 9 1 7
772 32 4 1 7
773 1 4 1 7
775 921 8 5 1180
776 101 3 1 5
776 586 6 4 146
776 697 4 2 18
777 6 3 6 4568
777 554 10 1 4
778 330 4 6 15908
778 389 10 5 5472
780 16 8 1 7
780 193 6 1 4
780 901 6 2 12
781 496 7 2 18
782 226 8 4 656
784 549 8 1 4
784 604 8 3 130
784 634 5 2 17
784 841 4 1 4
785 257 9 7 330302
786 521 1 2 4
787 199 10 1 9
788 25 6 5 931
788 324 7 1 4
788 332 4 1 4
792 16 5 1 4
792 540 10 1 12
793 628 7 6 13089
795 422 9 1 4
800 9 5 1 5
800 73 2 3 34
800 97 2 3 22
800 133 3 1 4
800 824 6 1 4
801 592 7 1 5
801 642 10 3 140
802 660 10 3 65
802 769 10 3 63
804 337 5 1 7
805 781 8 1 9
808 302 4 1 4
808 526 2 2 4
810 416 1 2 4
814 523 10 1 10
816 18 1 2 4
816 24 2 2 4
817 784 2 5 624
819 538 7 1 4
821 236 1 3 7
822 211 10 2 20
824 392 5 1 4
824 609 8 1 4
828 592 5 6 24557
832 21 7 7 36004
832 30 4 3 38
832 43 8 3 107
832 427 5 3 42
832 548 6 1 5
833 147 6 1 4
833 999 9 1 7
834 0 5 2 13
834 32 5 2 17
834 104 3 1 4
834 148 8 1 4
834 912 2 4 54
835 392 7 1 4
835 583 10 5 3035
836 86 1 5 445
838 785 7 1 5
839 21 4 5 1096
840 96 9 1 7
840 106 7 9 3853103
840 800 9 7 93317
841 32 3 1 4
841 370 3 2 10
844 584 7 1 7
845 624 9 1 5
848 188 10 1 4
848 313 7 1 4
848 391 9 1 4
849 792 3 4 84
849 1018 10 5 1367
850 308 10 2 50
852 2 8 1 4
852 72 10 2 45
852 824 4 3 22
854 681 3 3 55
856 256 10 2 52
856 866 5 1 4
862 130 4 3 25
864 23 1 5 226
864 786 3 3 25
866 260 7 1 10
867 998 8 2 31
868 332 10 1 4
870 68 9 1 4
871 264 5 1 4
872 165 4 2 9
873 9 8 5 933
874 360 2 2 9
882 778 9 1 4
884 802 1 8 85370
885 601 5 1 4
894 392 5 2 13
896 330 7 4 163
896 868 3 1 4
897 523 2 2 5
898 336 8 3 59
898 699 5 1 7
899 537 6 1 9
900 162 10 7 72748
900 313 9 1 4
902 420 1 2 4
903 339 8 4 570
904 112 9 1 4
904 231 2 3 15
904 552 6 1 4
904 888 8 1 4
904 929 4 1 4
905 572 8 1 10
906 137 3 4 96
906 194 4 1 4
906 210 4 9 1638841
906 328 8 4 380
907 276 4 1 4
908 456 8 5 1070
910 614 8 2 23
911 5 8 1 4
911 10 3 2 7
911 896 5 1 4
912 129 3 2 9
912 388 4 2 13
914 669 4 3 66
914 968 6 1 7
916 742 8 1 13
917 560 5 1 5
921 320 4 3 36
922 8 8 1 10
922 784 9 1 4
924 33 7 10 29039283
928 384 2 2 10
928 516 9 1 10
928 518 8 4 578
929 10 2 6 1492
929 316 2 2 4
930 547 6 1 4
931 230 2 4 217
932 274 1 3 17
932 783 5 1 4
933 657 9 3 66
934 94 5 2 12
938 261 5 1 4
938 316 4 1 7
938 552 2 8 208819
941 771 5 5 951
945 456 7 5 1208
947 568 8 1 4
948 9 4 1 4
951 818 5 1 4
953 905 8 5 3540
956 846 7 1 10
958 844 4 2 9
960 358 7 2 21
961 291 2 2 7
961 472 7 1 7
961 481 1 6 1397
963 130 3 2 7
966 192 8 3 51
966 555 10 5 4098
968 51 3 2 10
969 313 1 5 205
969 769 1 8 171784
970 180 2 2 4
971 566 8 3 86
975 205 1 6 2405
976 321 4 1 4
976 779 2 2 8
977 34 2 6 5949
978 817 9 2 37
984 483 7 3 98
987 962 10 1 4
988 366 5 5 1157
990 35 5 6 5337
996 836 10 1 5
998 179 1 2 4
1000 260 2 8 240863
1001 286 10 1 8
1002 912 6 3 58
1003 684 10 1 5
1011 36 1 3 10
1018 358 9 5 3285
1021 643 8 1 4
