163 0.0059646803364468304 
1571 0.005852755692195288 
1574 0.005813489836905475 
1291 0.005711928416936613 
142 0.005929329589865599 
1401 0.005773187421879437 
1202 0.006022370232666295 
460 0.005914360421668809 
1849 0.005893057747952022 
552 0.005876246254915049 
1866 0.005899851200121341 
374 0.005787696748553414 
1393 0.005811416894037788 
80 0.0056977653932277095 
939 0.005945911109834717 
1717 0.005973086469688359 
1404 0.0059717046114770396 
554 0.0057093943065503186 
1835 0.005926796350969482 
300 0.005826732046054534 
155 0.0058544830733644766 
1475 0.005849646853689128 
936 0.005477141515009522 
603 0.005911827107784984 
801 0.005797138250779349 
980 0.005826501637609374 
48 0.005890064122702494 
687 0.005974122099252221 
702 0.005756490388561119 
1276 0.005839053265237128 
236 0.005827538262925425 
230 0.005838592446524437 
963 0.005867953930052847 
62 0.005944644560882914 
233 0.005858053058438875 
1845 0.005825580206000041 
956 0.005885112342587094 
1463 0.0058932879988901725 
984 0.005939808302185431 
92 0.0058329500265725115 
1199 0.005973315842007909 
839 0.005895245678191915 
1007 0.005796216857860578 
1468 0.005861852404781158 
951 0.005894324533282161 
532 0.005837209808946997 
46 0.005865192343356158 
566 0.005933128602251441 
1615 0.005924493541512109 
1089 0.006083399392040523 
1008 0.00595420218321788 
1996 0.0058503381905911 
617 0.005970553282242817 
1926 0.006144889326126173 
933 0.00597815249885348 
1041 0.005914590835971244 
1877 0.005998188898522994 
572 0.005870833872013491 
1974 0.005885688704861746 
341 0.005875669608792192 
147 0.006227682039047879 
1923 0.005799096233412428 
1531 0.005923110481325117 
1409 0.005827883243528514 
1271 0.00608443562492103 
1727 0.005855519346255035 
140 0.005833064345149248 
577 0.005854712527137939 
1302 0.005706170722898836 
1168 0.005809343802092302 
1051 0.005773648668952772 
1054 0.005815791829305253 
274 0.005865651637120373 
1966 0.006065435503063613 
1091 0.006008091672858414 
724 0.006052078762142431 
97 0.006022370572312623 
709 0.005976540589846704 
1034 0.006176094252633543 
1907 0.005757411694510914 
