0 89 7 2 14
0 198 10 2 31
0 342 2 7 27694
1 18 6 3 65
1 503 5 1 3
2 115 9 2 29
2 217 7 8 580475
3 218 5 3 31
3 363 9 3 139
3 430 7 4 764
4 361 6 6 23732
4 414 2 6 2011
5 214 1 5 154
8 303 4 9 2424440
9 129 5 6 14155
9 171 10 4 362
9 451 9 1 7
10 223 2 2 10
10 416 6 2 14
10 462 9 5 1474
11 30 7 6 11165
11 297 8 6 13918
11 438 7 8 719637
11 477 9 2 40
12 343 10 5 2841
12 499 8 8 989825
13 207 3 2 14
13 280 8 8 427570
13 397 3 8 373698
14 173 6 6 4608
14 265 9 1 14
15 160 5 6 5870
15 194 2 6 1703
15 414 9 7 75544
16 25 7 3 41
16 114 10 3 209
16 232 3 4 211
16 357 10 1 14
16 370 8 1 11
17 83 9 3 147
17 131 8 3 90
17 316 2 8 253052
18 90 3 2 10
19 33 1 4 31
19 180 6 1 8
20 139 1 6 1014
20 283 9 1 14
21 209 6 6 24321
21 259 4 7 39190
22 226 5 2 13
22 451 1 8 61535
23 108 1 9 528485
23 304 9 1 4
23 418 6 3 76
24 52 9 7 79039
24 386 10 7 190350
24 418 5 10 63763074
24 503 10 7 71094
25 126 1 4 25
25 234 5 2 10
25 309 3 5 757
25 320 5 5 1124
25 408 5 7 86416
26 142 2 2 10
26 296 10 4 671
27 342 2 5 557
27 378 3 4 112
28 407 3 4 101
29 40 4 6 17429
30 182 10 4 646
30 403 5 7 67932
31 66 10 2 20
32 105 4 4 138
32 177 5 3 46
33 489 1 10 3979087
34 84 3 6 2139
34 129 10 7 69251
34 199 8 2 22
34 231 6 5 2615
34 282 3 4 111
34 317 7 2 22
35 151 6 2 14
35 446 3 6 12654
35 458 5 3 32
35 479 3 4 97
36 341 5 5 3400
36 374 1 4 106
38 170 2 2 4
38 277 1 4 23
38 390 6 4 213
38 488 7 2 26
39 467 5 2 25
39 490 1 5 308
40 75 10 7 285612
40 103 6 5 2031
40 148 3 2 7
40 486 6 7 95108
41 429 4 5 2013
42 45 7 8 2144121
42 316 1 7 6344
43 123 9 5 2011
44 327 7 2 16
45 98 2 6 7985
45 108 9 6 41371
45 408 4 4 114
46 106 7 2 16
46 139 6 2 17
47 99 8 1 4
47 246 5 3 44
47 505 7 4 594
48 344 3 5 371
49 66 2 4 109
49 370 2 4 211
50 169 3 2 10
50 177 8 7 104021
50 474 9 3 184
51 134 7 3 97
51 342 7 2 14
52 78 4 7 23748
52 181 9 1 13
52 207 5 5 1037
52 277 2 7 10393
52 500 3 7 21635
54 464 6 3 101
55 151 8 5 2093
56 234 10 2 35
56 435 7 5 815
58 65 8 1 4
58 164 10 2 22
58 249 5 2 22
59 199 6 10 935088631
59 276 5 3 68
60 384 8 4 385
61 396 4 1 4
62 444 7 3 46
62 489 2 6 5944
63 335 6 3 62
64 89 5 7 25948
64 91 5 3 35
64 179 2 5 1100
64 501 7 7 149934
65 236 10 2 29
65 267 5 2 22
65 277 6 5 766
65 386 6 4 204
65 397 7 1 10
65 409 5 9 2493388
66 185 3 2 14
66 376 3 4 83
67 70 2 4 76
68 132 5 5 849
68 209 7 3 59
68 221 6 7 236124
68 267 10 4 393
68 290 8 3 70
68 363 2 3 22
68 432 9 3 64
68 474 8 2 28
69 72 9 1 11
69 89 4 4 216
69 462 7 3 106
70 295 7 2 16
70 505 8 2 20
71 228 3 2 10
74 220 4 6 13408
74 411 9 2 28
74 451 10 4 346
75 330 9 4 490
75 392 6 6 10806
76 153 6 5 1159
76 322 4 6 3796
77 337 1 3 19
77 340 10 2 26
78 209 4 6 15663
78 267 5 5 1409
78 308 5 5 613
79 262 7 7 264304
79 319 6 5 2282
80 86 4 4 235
80 368 3 2 13
80 420 4 5 1312
82 84 1 5 672
82 464 10 2 19
82 488 9 4 286
83 402 1 2 4
83 407 5 7 27844
84 257 8 6 14355
85 244 5 9 4127862
86 118 3 4 122
86 145 6 5 1192
87 133 4 6 5207
88 404 4 3 23
89 305 4 3 79
89 349 3 7 23454
90 292 6 5 1544
90 402 7 4 156
91 280 8 2 34
92 477 2 6 7844
93 161 4 3 25
94 427 1 5 118
95 182 2 4 217
95 486 5 2 10
96 488 4 1 7
97 319 8 1 13
97 351 8 4 287
98 113 5 2 17
99 154 1 7 9280
99 172 4 8 273271
99 402 6 7 64380
100 291 4 5 647
101 165 1 5 211
102 259 4 6 6786
103 117 4 6 14407
103 186 2 6 2990
103 192 6 4 192
103 273 2 6 6691
103 277 6 3 32
104 166 8 6 13670
104 327 5 2 17
105 242 9 10 474844414
105 496 5 2 23
106 198 7 4 781
106 249 3 5 1261
107 241 4 3 59
107 277 5 2 11
107 335 1 4 53
107 350 9 8 579027
107 359 8 4 281
108 404 3 9 4018052
109 143 6 3 44
109 354 4 3 26
109 367 4 5 1401
109 408 9 4 817
109 437 10 2 23
111 198 9 3 175
111 273 10 1 14
112 236 5 3 103
112 446 10 5 1724
113 430 4 3 43
114 205 3 1 4
114 327 10 2 34
115 180 7 6 15441
115 193 2 4 64
115 198 2 3 43
116 207 10 4 321
117 314 5 6 24656
118 221 1 4 37
118 260 6 1 4
118 285 1 9 441669
118 346 10 3 132
118 390 9 1 8
119 293 9 2 45
119 417 5 4 154
119 423 10 1 4
119 506 1 5 333
120 475 1 4 67
122 258 2 3 13
122 371 5 2 19
122 383 7 3 117
123 173 10 6 27052
123 377 5 3 80
124 280 3 4 263
124 471 5 6 22620
125 154 3 2 14
125 445 9 2 23
125 507 10 1 8
126 251 1 5 598
126 277 4 2 13
126 466 10 3 56
127 250 1 6 3106
127 311 7 1 4
128 355 6 2 19
128 385 8 1 10
129 206 6 4 449
129 276 10 4 910
129 406 3 4 305
129 480 5 4 428
130 277 3 4 198
131 194 5 1 4
132 385 2 8 181702
132 434 4 6 10434
132 475 2 4 165
134 226 8 1 7
135 167 9 5 3757
135 169 2 3 44
136 405 10 5 5310
137 160 5 1 7
137 201 5 3 32
137 250 7 3 56
138 470 8 1 4
139 455 3 6 2606
140 510 2 5 703
141 278 1 3 19
141 351 10 6 20900
141 353 6 2 19
141 390 1 5 165
141 418 10 4 481
142 322 3 2 10
143 192 9 4 217
143 223 1 9 751239
143 270 7 6 8236
143 286 5 8 444182
144 505 9 8 1257982
146 215 10 3 120
146 288 2 6 1739
146 362 2 5 740
146 365 2 4 77
147 402 4 5 989
147 467 4 6 12858
147 480 4 9 3113661
148 162 5 6 8972
148 238 7 2 37
148 359 9 4 1019
149 196 10 5 5263
149 224 2 3 44
149 304 8 3 98
149 458 3 8 392003
150 430 2 7 27680
150 458 9 1 7
151 285 7 4 615
151 307 10 2 19
151 387 8 5 2178
151 399 6 3 56
151 463 8 3 83
152 167 3 4 73
152 196 6 5 3796
152 421 7 2 31
152 433 10 2 22
153 200 4 1 7
153 257 3 1 4
153 409 5 3 86
154 273 8 3 43
154 507 8 6 5995
155 412 4 5 495
155 418 5 4 289
156 160 8 6 8235
156 400 10 10 53946233
156 507 5 4 129
157 385 4 3 44
159 189 7 3 80
159 331 7 5 888
159 353 9 3 163
159 451 8 3 83
161 423 10 1 7
162 273 8 6 10492
163 181 1 5 388
163 293 5 3 35
163 333 9 4 599
164 241 2 4 118
164 291 4 3 22
165 281 3 1 4
165 323 10 9 6176412
165 484 1 3 10
165 501 7 3 55
166 170 10 2 40
168 209 1 3 10
169 266 4 5 745
171 319 9 1 7
171 506 7 1 7
172 480 3 3 19
173 266 9 3 86
173 274 3 6 5846
174 352 2 4 129
174 501 8 3 46
175 205 1 6 940
175 272 3 2 13
176 393 6 4 159
176 462 7 5 853
177 250 3 6 4588
177 459 8 5 1633
178 182 10 3 58
178 254 1 5 514
178 409 4 5 1108
178 486 9 4 220
179 223 5 5 624
179 255 3 3 16
179 473 2 5 596
180 197 3 2 7
180 346 9 2 20
180 421 6 2 13
180 448 2 5 1205
181 436 8 3 62
182 277 9 1 4
183 463 10 2 20
186 237 2 6 1603
187 440 8 1 7
189 252 10 4 302
189 275 2 4 79
189 474 3 3 53
190 424 4 1 4
191 368 8 5 1472
191 401 1 4 35
191 416 3 3 16
192 437 8 8 596823
194 346 6 2 23
195 363 7 6 5700
196 439 1 6 3503
197 230 5 1 4
198 267 4 5 460
198 279 6 2 20
198 353 8 3 68
198 478 5 3 108
200 210 1 6 1409
200 342 5 6 3711
200 448 1 7 9282
201 238 1 6 3168
202 254 4 9 7079353
202 442 3 8 174906
204 245 3 4 133
204 472 2 3 20
205 345 7 1 7
206 410 5 3 46
206 436 6 3 55
208 275 2 5 815
208 303 4 4 439
208 506 8 1 7
209 223 1 3 13
209 274 6 4 254
209 492 5 3 55
210 380 1 6 2995
211 386 9 3 115
212 238 5 7 101447
213 443 7 2 14
214 231 5 4 205
214 511 2 5 832
215 393 6 6 13434
215 417 8 10 67842002
218 254 2 5 872
218 447 3 9 5106186
219 234 4 3 50
219 478 6 3 80
219 498 5 3 43
221 351 3 2 7
222 430 4 5 595
223 412 6 2 11
223 435 3 8 225114
223 478 7 2 13
223 491 8 4 199
223 508 8 9 5413188
227 273 4 3 53
227 397 6 3 53
228 299 4 2 11
229 452 2 4 114
230 482 6 6 28412
231 349 2 2 4
231 378 8 4 877
232 248 9 2 26
233 247 4 7 33890
233 366 4 4 95
235 354 5 6 7242
237 407 10 1 8
238 319 3 5 493
239 323 5 6 7495
242 257 6 7 114866
242 285 1 6 1722
242 312 7 5 2168
243 249 2 3 11
243 492 9 1 11
246 254 9 7 76270
246 500 6 1 5
248 431 9 1 5
249 404 4 2 19
250 395 9 3 58
250 441 6 10 686757304
252 502 5 2 13
253 296 4 3 23
253 500 10 3 166
256 288 1 4 49
256 476 5 1 4
258 267 6 6 4986
258 478 7 3 40
259 373 8 4 269
260 283 7 5 4543
260 316 4 7 32696
260 327 8 1 10
260 400 8 3 58
262 299 3 3 19
262 414 7 1 4
262 487 3 3 53
264 339 7 2 16
264 473 8 1 4
265 281 9 2 26
265 430 8 3 171
266 294 2 3 14
267 463 1 8 246158
267 475 10 4 288
269 336 9 2 25
270 335 7 5 1437
270 395 10 4 345
271 489 7 6 9940
272 320 2 6 6621
272 404 1 10 262241896
275 280 4 6 2825
275 323 4 8 187356
276 335 9 2 34
277 279 10 4 309
277 359 9 4 265
279 392 8 5 1784
280 385 10 3 205
281 345 4 3 34
281 464 6 2 14
284 333 9 5 3559
288 505 6 3 52
289 366 4 7 30428
290 427 1 7 20378
291 454 3 5 1211
293 489 5 4 257
294 451 3 4 93
295 463 1 4 25
295 478 1 7 8706
297 405 9 1 7
297 441 1 6 1175
298 347 8 4 302
298 354 4 10 187135236952
298 501 8 3 43
299 363 9 4 208
303 305 2 7 17249
303 376 7 2 25
303 400 4 4 123
304 474 9 4 276
305 411 5 2 16
305 416 3 3 49
306 481 2 7 18050
307 394 8 6 5712
308 450 1 6 3429
309 400 1 4 29
311 330 4 3 40
311 342 5 2 25
311 432 2 7 36463
312 313 5 1 7
312 409 6 3 129
312 466 5 4 446
313 451 4 3 71
313 463 8 2 16
314 418 6 7 54215
314 499 7 1 10
315 435 7 6 19991
317 318 10 7 222154
318 481 1 3 7
321 365 7 4 444
322 354 8 2 37
325 352 8 1 4
325 422 6 3 88
326 446 5 3 58
332 368 3 4 94
336 444 6 5 1939
337 451 2 2 8
338 341 6 3 38
338 461 2 5 427
339 342 1 6 2090
339 475 5 2 13
341 435 9 8 388505
341 469 1 10 113061570
343 415 7 3 132
349 431 10 2 19
350 452 1 4 73
351 497 6 2 11
352 373 5 3 70
353 371 1 7 22900
354 363 10 1 4
354 457 5 3 76
355 428 8 1 7
355 464 10 3 127
357 421 10 1 7
357 467 9 3 74
358 420 1 2 4
358 432 8 5 2647
358 447 8 6 15313
360 431 1 3 22
361 510 7 1 4
362 456 9 3 53
367 499 3 6 3825
368 438 7 2 31
368 482 7 4 445
370 419 9 8 542509
371 421 5 8 241557
372 477 10 3 97
373 436 5 3 31
374 489 3 8 358469
379 434 3 2 11
380 462 8 8 945582
380 470 6 4 315
381 501 5 2 10
383 387 10 2 20
383 504 9 8 1420283
384 450 2 5 751
385 425 8 1 4
385 498 8 5 2227
386 394 5 3 31
386 448 9 5 5167
386 468 3 8 211839
386 482 8 2 17
388 418 4 6 17606
388 472 10 7 84014
389 500 9 1 13
391 404 7 2 16
391 429 3 3 62
391 511 3 6 3626
393 488 1 3 7
394 399 9 1 14
395 423 2 3 26
396 468 2 2 4
398 413 10 1 16
398 484 1 7 17276
399 410 9 1 4
400 407 9 4 473
400 492 6 3 40
402 433 10 1 7
404 443 4 5 576
405 474 3 4 98
406 407 7 4 255
408 439 6 2 16
410 473 3 3 20
412 455 8 3 161
414 416 6 3 41
414 461 7 4 272
415 472 2 5 885
417 503 2 4 68
425 450 1 5 250
427 505 2 3 19
429 432 9 7 343337
432 455 9 2 47
438 501 10 3 104
444 468 5 1 7
447 485 3 4 232
448 494 3 2 10
449 452 4 5 487
450 475 6 5 2091
453 471 3 6 12369
453 479 3 2 13
455 479 4 2 10
458 490 6 4 237
461 503 5 6 12809
463 468 2 5 683
466 481 1 5 484
466 501 1 3 10
474 480 6 1 8
485 501 6 2 11
501 504 4 5 1981
507 509 5 3 77
