0 89 5 1 7
0 198 7 5 899
0 342 2 4 67
1 18 7 4 252
1 503 10 1 7
2 115 6 2 13
2 217 3 8 581092
3 218 7 2 28
3 363 7 1 11
3 430 8 5 1131
4 361 1 4 23
4 414 9 3 56
5 214 5 1 4
8 303 4 1 4
9 129 2 9 724950
9 171 8 7 41367
9 451 8 1 5
10 223 7 5 1645
10 462 10 1 4
11 30 10 6 39273
11 297 4 3 46
11 438 5 8 720427
11 477 4 2 8
12 343 2 2 7
12 499 7 8 990415
13 207 7 3 103
13 280 8 3 65
13 397 4 3 37
14 173 9 5 4400
14 265 7 9 2831484
15 160 6 6 5942
15 194 7 6 9665
15 414 5 2 23
16 25 2 7 32510
16 232 5 5 2683
16 357 1 4 49
16 370 6 1 7
17 83 8 1 13
17 131 1 2 4
17 316 6 2 19
18 90 9 2 20
19 33 2 4 157
19 180 5 1 4
21 209 9 7 179683
21 259 6 1 8
22 226 8 4 442
22 451 2 2 4
23 108 5 8 524933
23 304 3 5 527
23 418 6 2 31
24 52 7 2 13
24 386 8 7 190013
24 418 9 1 7
24 503 7 2 17
25 126 1 4 83
25 234 4 3 55
25 309 6 1 4
25 320 10 1 10
25 408 1 8 87018
26 142 1 2 4
26 296 5 1 7
27 342 5 4 397
27 378 9 2 43
28 407 8 1 10
29 40 7 3 59
30 182 1 6 3627
30 403 1 8 54522
31 66 5 1 5
32 105 2 2 4
32 177 8 3 111
33 489 2 4 49
34 84 8 5 2122
34 129 5 1 4
34 199 9 4 543
34 231 2 2 7
34 282 10 4 760
34 317 4 2 10
35 151 1 4 26
35 446 1 5 129
35 458 7 1 10
35 479 6 5 778
36 341 8 7 80044
36 374 1 4 100
38 170 3 2 13
38 277 2 3 40
38 390 2 8 259868
38 488 7 3 112
39 490 2 5 382
40 75 5 4 222
40 103 4 1 7
40 148 4 1 3
40 486 10 4 599
41 429 9 2 46
42 45 8 1 7
42 316 3 1 4
43 123 2 4 189
44 327 9 3 76
45 98 8 2 19
45 108 10 5 3512
45 408 1 4 77
46 106 6 2 13
46 139 6 1 4
47 99 8 7 66113
47 505 2 5 302
48 344 5 2 19
49 66 8 2 16
49 370 3 3 47
50 169 6 2 29
50 177 6 7 71210
50 474 8 4 269
51 134 6 3 41
51 342 10 4 616
52 78 7 2 16
52 181 1 3 22
52 207 1 6 1140
52 277 1 4 26
52 500 7 2 19
54 464 8 7 61639
55 151 4 2 14
56 234 7 2 19
56 435 6 3 77
58 65 9 1 7
58 164 9 2 17
58 249 4 6 11723
59 199 3 4 126
59 276 5 3 28
60 384 3 4 339
61 396 3 3 17
62 489 4 2 10
63 335 4 4 127
64 91 9 1 7
64 179 2 3 13
64 501 10 7 150087
65 236 3 1 4
65 267 10 1 7
65 277 8 2 25
65 386 8 1 4
65 397 5 4 245
65 409 5 1 4
66 185 7 1 4
66 376 8 1 7
67 70 2 7 19809
68 132 9 1 10
68 209 5 3 49
68 221 9 1 8
68 267 5 1 5
68 290 7 4 493
68 363 5 2 14
68 432 7 2 13
68 474 3 3 25
69 72 8 4 460
69 89 3 2 8
69 462 1 4 80
70 295 9 4 672
70 505 10 9 4216273
71 228 7 1 7
72 167 3 2 10
74 220 1 9 741036
74 411 10 1 13
74 451 3 3 28
75 330 6 3 55
75 392 4 3 26
76 153 1 4 38
76 322 2 3 41
77 337 5 2 10
77 340 5 3 41
78 209 6 6 15534
79 262 1 3 16
79 319 5 2 17
80 86 1 5 218
80 368 9 1 4
80 420 4 5 1309
82 84 8 4 695
82 464 7 4 254
82 488 4 2 11
83 402 10 6 8272
83 407 1 7 29575
84 257 5 7 184062
84 295 10 1 10
85 244 10 4 343
86 118 2 5 273
86 145 9 2 40
87 133 5 2 10
88 404 10 1 10
89 305 6 2 16
89 349 8 3 106
90 292 5 5 950
90 402 6 3 56
91 280 5 5 870
92 477 4 5 1569
93 161 1 4 25
95 182 8 3 52
95 486 5 2 16
96 488 9 1 7
97 319 4 3 38
97 351 4 2 13
98 113 3 8 131844
99 154 1 4 32
99 172 8 4 329
99 402 9 1 7
100 291 2 5 633
101 165 9 2 20
102 259 4 6 6016
103 117 7 2 13
103 186 7 3 41
103 192 10 2 37
103 273 10 3 80
103 277 5 3 69
104 166 8 8 2737946
104 327 3 3 22
105 242 8 1 13
105 496 7 1 4
106 198 1 4 23
106 249 3 1 5
107 241 4 4 341
107 335 9 4 569
107 350 9 6 8371
107 359 9 6 22275
108 404 7 2 13
109 143 5 1 4
109 354 4 1 4
109 367 1 6 1421
109 408 10 4 475
109 437 1 5 142
111 198 5 3 28
111 273 6 2 13
112 236 5 5 614
112 446 2 3 41
114 327 9 1 10
115 180 6 1 7
115 193 4 4 112
115 198 1 5 138
116 207 9 1 7
117 314 5 7 24795
118 221 9 4 861
118 285 1 4 76
118 346 10 1 4
118 390 2 2 4
119 293 3 3 17
119 417 4 3 68
119 423 3 4 124
119 506 1 4 26
120 475 2 3 13
122 258 10 6 9295
122 371 8 2 25
122 383 8 3 82
123 173 7 5 1022
124 280 7 2 17
124 471 9 1 7
125 154 8 8 335402
125 445 9 1 7
125 507 6 2 17
126 251 7 7 162504
126 277 7 2 28
126 466 3 1 5
127 250 2 6 2714
127 311 10 1 16
128 355 2 2 10
128 385 7 1 10
129 206 1 5 234
129 276 3 3 22
129 406 6 3 32
129 480 7 6 18642
130 277 9 1 7
131 194 1 3 7
132 385 7 5 1032
132 434 5 6 10360
132 475 10 5 3989
134 226 9 3 68
135 167 4 6 2850
135 169 10 1 13
136 405 9 2 20
137 160 5 4 195
137 201 7 5 3699
137 250 6 1 10
138 470 8 2 32
139 455 2 2 4
140 510 3 2 7
141 278 8 1 4
141 351 8 1 4
141 353 7 2 25
141 390 8 2 19
141 418 7 3 43
142 322 6 1 10
143 192 3 4 248
143 223 8 7 68567
143 270 4 5 2673
143 286 2 8 446346
144 505 7 2 14
146 215 1 2 4
146 288 6 3 71
146 365 1 5 195
147 402 7 2 16
147 467 5 6 4788
147 480 6 3 37
148 162 6 6 15537
148 238 4 3 59
148 359 4 4 136
149 196 8 4 481
149 224 6 5 3510
149 304 8 2 22
149 458 10 3 71
150 458 4 1 7
151 285 6 8 982091
151 307 5 5 901
151 387 9 5 2072
151 399 1 6 2729
152 167 5 2 19
152 196 7 3 43
152 421 1 5 165
152 433 4 2 19
153 200 8 1 10
153 257 5 4 505
153 409 6 5 2000
154 273 1 3 10
155 412 10 3 86
155 418 4 4 181
156 160 5 6 8198
156 400 6 4 355
156 507 8 7 51021
157 385 4 7 38950
159 189 9 2 23
159 331 3 3 35
159 353 9 6 18276
159 451 1 5 123
161 423 2 3 19
162 273 2 2 4
163 181 6 2 16
163 293 8 3 154
163 333 2 6 5015
164 241 6 2 28
164 291 8 2 19
165 281 3 5 1853
165 323 2 4 71
165 484 9 2 23
165 501 1 4 46
168 209 8 4 252
169 266 4 5 1301
171 319 9 2 22
172 480 7 1 7
173 266 2 6 4205
173 274 9 1 13
174 352 6 1 4
174 501 8 2 19
175 205 1 3 13
175 272 8 1 7
176 393 2 3 16
176 462 3 4 74
177 250 3 6 4595
177 459 2 6 2824
178 182 7 3 77
178 254 7 3 71
178 409 4 3 29
178 486 5 5 646
179 223 2 2 8
179 255 10 1 4
179 473 10 4 607
180 197 2 2 10
180 346 4 2 8
180 421 10 2 19
180 448 1 4 59
181 436 5 2 22
182 277 5 2 17
183 463 10 3 56
186 237 1 4 28
187 440 3 6 8406
189 252 4 4 376
189 275 8 3 100
189 474 6 6 4836
190 424 3 3 19
191 368 5 3 38
191 401 3 3 19
191 416 1 4 46
192 437 9 1 7
194 346 5 5 1413
196 439 1 5 352
197 230 2 3 13
198 267 5 2 16
198 279 6 1 8
198 353 7 4 380
198 478 1 6 696
200 210 5 2 10
200 342 10 3 159
200 448 2 4 114
201 238 9 1 7
202 254 1 4 40
202 442 6 4 482
204 245 7 1 11
204 472 3 6 3787
205 345 9 6 20149
206 410 5 3 29
206 436 9 6 29833
208 275 2 7 26333
208 303 10 4 224
208 506 9 2 34
209 223 1 5 546
209 274 1 4 35
209 492 10 1 10
210 380 8 5 4495
211 386 10 1 10
212 238 9 5 2553
213 443 8 1 7
214 231 7 1 4
214 511 3 5 564
215 393 6 1 4
215 417 3 9 1743877
218 254 3 5 863
218 447 2 5 1054
219 234 5 4 325
219 478 1 3 7
219 498 10 5 6190
221 351 1 5 168
222 430 8 1 11
223 412 1 7 11252
223 435 9 7 222225
223 478 3 5 1241
223 491 4 1 4
223 508 8 9 5418807
227 273 3 4 111
227 397 4 6 11266
228 299 6 2 23
229 452 6 3 108
230 482 8 4 234
231 349 2 4 109
231 378 7 6 9940
232 248 3 3 29
233 366 10 4 462
235 354 4 2 14
238 319 4 1 4
239 323 4 4 319
241 345 1 4 53
242 257 2 3 17
242 285 9 5 1754
242 312 2 5 699
243 249 4 2 19
243 492 7 3 112
246 254 8 2 31
246 500 5 2 10
248 431 1 8 232291
250 395 4 4 93
250 441 5 10 686537412
252 502 3 2 13
253 296 7 4 457
253 500 10 2 19
255 392 6 6 4233
256 288 2 2 8
256 476 6 1 4
258 267 6 2 16
258 478 9 4 212
259 373 4 1 4
260 283 8 9 3177486
260 316 10 6 32881
260 327 9 7 46884
260 400 9 3 71
262 299 2 3 16
262 487 10 1 4
264 339 4 1 7
264 473 8 2 19
265 430 3 4 129
266 294 7 1 4
267 463 6 2 19
267 475 3 4 287
269 336 9 3 49
270 395 7 7 93003
271 489 10 2 37
272 320 1 3 13
272 404 8 10 262513834
275 280 4 5 2728
275 323 7 4 528
276 335 9 2 28
277 279 7 3 111
277 359 2 4 203
279 392 5 1 7
280 385 4 4 102
281 345 10 8 642451
281 464 3 1 4
284 333 10 5 3539
288 505 9 7 228673
289 366 3 2 7
290 427 3 1 4
291 454 9 5 1635
293 489 1 4 29
294 451 7 1 10
295 463 9 1 4
297 405 4 1 4
297 441 2 2 7
298 347 1 4 26
298 354 3 2 10
298 501 7 3 38
299 363 2 3 25
299 382 1 4 35
303 305 2 9 2261518
303 376 4 4 160
304 474 7 4 190
305 411 9 1 7
305 416 1 4 49
306 481 9 3 120
307 394 5 5 1261
308 450 9 5 3381
309 400 8 3 96
311 330 5 3 55
311 342 8 3 43
312 313 8 6 8781
312 409 7 1 4
312 466 7 1 10
313 451 1 5 512
314 418 10 5 6708
314 499 1 4 28
315 435 6 4 165
317 318 8 7 207415
318 481 1 4 31
321 365 2 6 2232
322 354 1 7 5161
325 352 1 3 16
325 422 7 4 224
326 446 2 2 10
332 368 1 3 19
336 444 8 1 7
337 451 3 1 4
338 341 9 1 7
338 461 10 5 5779
339 342 9 1 4
339 475 10 5 1154
341 435 3 8 389543
341 469 2 4 95
343 415 8 3 121
349 431 6 3 114
351 497 4 2 11
352 373 7 2 13
353 371 2 7 30884
354 363 4 3 35
354 457 9 3 70
355 428 6 9 4910648
355 464 1 5 233
357 421 4 2 10
357 467 9 2 23
358 420 2 3 16
358 432 4 5 769
358 447 2 7 16461
360 431 8 1 10
361 510 1 4 43
362 456 1 4 112
367 499 3 6 3823
368 438 2 4 62
368 482 10 1 16
370 419 3 3 44
371 421 1 8 40331
372 477 3 4 94
373 436 1 6 1567
374 489 6 5 711
380 462 2 2 4
380 470 4 5 805
381 501 10 1 17
383 387 7 2 25
383 504 4 3 47
384 450 10 6 33260
385 425 10 3 156
385 498 3 6 3068
386 394 8 4 812
386 448 5 6 21358
386 468 3 8 389138
386 482 7 1 7
388 418 1 6 1683
388 472 1 8 83028
389 500 8 3 61
391 404 9 5 2069
391 429 2 3 44
391 511 8 1 5
393 488 7 4 251
395 423 2 3 20
398 413 8 1 14
398 484 2 7 19192
399 410 3 3 32
400 407 1 3 7
400 492 8 3 52
402 433 7 3 127
404 443 2 3 16
405 474 2 4 128
406 407 10 4 243
408 439 4 2 16
410 473 2 3 41
412 455 2 2 7
414 416 7 2 31
414 461 1 3 7
415 472 3 3 16
417 503 8 2 34
425 450 10 3 91
427 505 10 1 13
429 432 4 4 188
432 455 1 6 1028
438 501 4 3 28
444 468 6 2 22
447 485 7 6 16701
448 494 8 3 112
449 452 1 3 10
450 475 5 5 2353
453 471 6 6 19190
453 479 5 5 2907
455 479 2 2 10
458 490 10 8 1360072
461 503 8 4 178
463 468 3 4 158
466 481 3 10 94075569
466 501 2 3 16
474 480 8 5 3930
485 501 2 3 32
501 504 7 5 2043
507 509 7 1 10
