674 0.003191736102706193 
1582 0.003191736102706193 
1606 0.0031958073426736674 
520 0.003191736102706193 
1854 0.003191736102706193 
502 0.003191736102706193 
1504 0.003208020098991998 
1294 0.003191736102706193 
428 0.003199878096978459 
514 0.003191736102706193 
1769 0.003191736102706193 
1464 0.003191736102706193 
1886 0.003191736102706193 
1667 0.003191736102706193 
432 0.003191736102706193 
508 0.003199878096978459 
1237 0.003191736102706193 
365 0.003191736102706193 
1776 0.003191736102706193 
1920 0.003195807098867256 
1392 0.003208020098991998 
451 0.003195807098867256 
1970 0.003191736102706193 
1701 0.003191736102706193 
1037 0.003191736102706193 
784 0.003191736102706193 
1985 0.003191736102706193 
308 0.003191736102706193 
724 0.003191736102706193 
1545 0.003195807098867256 
1167 0.003208020098991998 
1525 0.003191736102706193 
1053 0.003191736102706193 
1512 0.003191736102706193 
1543 0.003191736102706193 
1814 0.003191736102706193 
1488 0.003191736102706193 
1514 0.003191736102706193 
1192 0.003191736102706193 
1402 0.0031958073426736674 
339 0.003191736102706193 
646 0.003195807098867256 
99 0.0032039490970249473 
1967 0.003191736102706193 
311 0.003191736102706193 
792 0.003191736102706193 
950 0.003191736102706193 
1245 0.003191736102706193 
1216 0.003191736102706193 
1569 0.0031958073426736674 
545 0.003191736102706193 
1742 0.003191736102706193 
251 0.003191736102706193 
622 0.003191736102706193 
1901 0.003208020098991998 
476 0.003191734558170912 
345 0.003191736102706193 
913 0.003195807098867256 
1597 0.003191736102706193 
124 0.003191736102706193 
1125 0.003191736102706193 
1016 0.003191736102706193 
174 0.0032039490970249473 
603 0.0032039490970249473 
252 0.003191736102706193 
1899 0.003191736102706193 
1288 0.003191736102706193 
1805 0.003191736102706193 
876 0.003191736102706193 
806 0.003191736102706193 
481 0.003191736102706193 
951 0.003191736102706193 
1076 0.003191736102706193 
941 0.003195807098867256 
1984 0.003191736102706193 
1278 0.003191736102706193 
1709 0.003191736102706193 
1196 0.003191736102706193 
262 0.003191736102706193 
1153 0.003208020098991998 
1634 0.003191736102706193 
1631 0.003191736102706193 
29 0.003191736102706193 
773 0.003191736102706193 
948 0.003191736102706193 
837 0.0032731558027466767 
214 0.003191736102706193 
37 0.003191736102706193 
1752 0.003191736102706193 
1961 0.003191736102706193 
97 0.003191736102706193 
1833 0.003191736102706193 
1660 0.003191736102706193 
1844 0.003195807098867256 
1821 0.003199878096978459 
497 0.003208020098991998 
751 0.0031958073426736674 
1859 0.003191736102706193 
1020 0.003191736102706193 
648 0.003191736102706193 
387 0.003191736102706193 
1848 0.003191736102706193 
1916 0.003191736102706193 
1089 0.003191736102706193 
374 0.003191736102706193 
1576 0.003191736102706193 
1359 0.003195807098867256 
1724 0.003191736102706193 
708 0.003191736102706193 
146 0.003199878096978459 
1200 0.003191736102706193 
814 0.003191736102706193 
1575 0.003195807098867256 
1698 0.003191736102706193 
538 0.003191736102706193 
301 0.003191736102706193 
1321 0.003191736102706193 
1611 0.003191736102706193 
156 0.003191736102706193 
1492 0.003191736102706193 
343 0.003191736102706193 
534 0.003191736102706193 
1157 0.003191736102706193 
1490 0.003191736102706193 
1103 0.003195807098867256 
978 0.003191736102706193 
73 0.003191736102706193 
503 0.003191736102706193 
384 0.003191736102706193 
91 0.003191736102706193 
972 0.003195807098867256 
369 0.003191736102706193 
979 0.003191736102706193 
1145 0.0031958073426736674 
350 0.003191736102706193 
1534 0.003191736102706193 
1129 0.003195807098867256 
1874 0.003199878096978459 
1793 0.003191736102706193 
711 0.003191736102706193 
1624 0.003191736102706193 
902 0.0031835946413954434 
202 0.003191736102706193 
1528 0.003191736102706193 
1736 0.003191736102706193 
1680 0.003191736102706193 
1535 0.003191736102706193 
776 0.003191736102706193 
1093 0.003191736102706193 
67 0.003191736102706193 
227 0.003191734558170912 
259 0.003191736102706193 
783 0.003191736102706193 
1980 0.003191736102706193 
1312 0.003191736102706193 
1927 0.003191736102706193 
938 0.003191736102706193 
639 0.003191736102706193 
1604 0.003195807098867256 
732 0.003191736102706193 
1217 0.003191736102706193 
969 0.003191736102706193 
1045 0.003191736102706193 
1199 0.003191736102706193 
1040 0.003191736102706193 
1019 0.003191736102706193 
546 0.003191736102706193 
394 0.003191736102706193 
1552 0.003191736102706193 
1834 0.003191736102706193 
1839 0.003191736102706193 
1444 0.003195807098867256 
1968 0.003191736102706193 
553 0.003195807098867256 
100 0.003191736102706193 
482 0.003191736102706193 
93 0.003191736102706193 
1101 0.003199878096978459 
1399 0.003191736102706193 
234 0.003191736102706193 
1169 0.003191736102706193 
761 0.003191736102706193 
1299 0.003191736102706193 
1470 0.003191736102706193 
106 0.003195807098867256 
406 0.0031835946413954434 
348 0.0032731559894548976 
1842 0.003195807098867256 
1414 0.003191736102706193 
961 0.003191736102706193 
113 0.003191736102706193 
247 0.003191736102706193 
1077 0.003191736102706193 
1283 0.003191736102706193 
1991 0.003191736102706193 
1913 0.003191736102706193 
953 0.003191736102706193 
358 0.003191736102706193 
821 0.003195807098867256 
506 0.003191734558170912 
111 0.003195807098867256 
1760 0.003191736102706193 
807 0.0032039490970249473 
1424 0.003203949331590731 
1173 0.003195807098867256 
82 0.0032039490970249473 
1981 0.003191736102706193 
1499 0.003191736102706193 
1241 0.003195807098867256 
1610 0.003191736102706193 
70 0.003199878096978459 
1232 0.003195807098867256 
1825 0.003191736102706193 
30 0.003191736102706193 
1198 0.003191736102706193 
1801 0.003191736102706193 
1013 0.003191736102706193 
1243 0.003208020098991998 
1563 0.003191736102706193 
1238 0.003191736102706193 
589 0.003191736102706193 
1808 0.003208020098991998 
1063 0.003191736102706193 
1530 0.003191736102706193 
1027 0.0032039490970249473 
33 0.003191736102706193 
575 0.003208020098991998 
681 0.003191736102706193 
801 0.003191736102706193 
319 0.003191736102706193 
317 0.003191736102706193 
1289 0.003191736102706193 
1106 0.003195807098867256 
1651 0.003191736102706193 
1329 0.003191736102706193 
1378 0.003191736102706193 
581 0.003191736102706193 
444 0.003195807098867256 
1565 0.0031998783361658397 
485 0.003191736102706193 
543 0.003195807098867256 
199 0.003191736102706193 
316 0.003191734558170912 
1828 0.003191736102706193 
1452 0.003191736102706193 
911 0.003191736102706193 
1377 0.003195807098867256 
718 0.003191736102706193 
1743 0.003191736102706193 
462 0.003191736102706193 
736 0.003191736102706193 
1966 0.003191736102706193 
1257 0.003191736102706193 
245 0.003191736102706193 
1323 0.003191736102706193 
1672 0.003191736102706193 
1070 0.003191736102706193 
1385 0.0032039490970249473 
1646 0.003191736102706193 
457 0.003191735223747128 
869 0.003191736102706193 
1465 0.003191736102706193 
1396 0.003191736102706193 
982 0.003191736102706193 
1209 0.003191736102706193 
1060 0.003191736102706193 
60 0.003208020098991998 
562 0.0032731559894548976 
1230 0.003191736102706193 
380 0.003195807098867256 
94 0.003191736102706193 
1702 0.003191736102706193 
296 0.0031754516356706933 
1522 0.003191736102706193 
133 0.003195807098867256 
204 0.003191736102706193 
1205 0.003191736102706193 
189 0.003191736102706193 
1161 0.003191736102706193 
1146 0.003191736102706193 
1080 0.003195807098867256 
1360 0.0031795219847723945 
714 0.003191736102706193 
195 0.0032731559894548976 
103 0.003191736102706193 
185 0.003191736102706193 
1986 0.003191736102706193 
1851 0.003191736102706193 
398 0.003191736102706193 
1860 0.003191736102706193 
1799 0.003191736102706193 
115 0.003191736102706193 
1755 0.003191736102706193 
743 0.003191736102706193 
781 0.003191736102706193 
1011 0.0031917363511288024 
1194 0.003191736102706193 
166 0.0032731559894548976 
484 0.003191736102706193 
1971 0.003191736102706193 
