0 18 7 3 108
0 47 10 1 4
0 150 5 1 6
0 256 10 1 4
0 259 9 1 4
0 618 3 1 4
1 15 6 1 4
1 135 7 1 4
1 535 9 4 208
1 644 10 1 4
1 705 6 5 1348
2 0 3 1 4
2 3 2 2 4
2 523 8 1 11
3 817 8 2 25
4 0 2 5 806
4 50 1 2 4
4 248 3 3 33
4 284 8 1 7
4 576 5 1 4
5 584 8 4 661
6 212 3 1 4
6 259 2 6 1424
6 512 3 1 4
6 798 2 3 38
6 1002 8 1 11
7 81 8 4 203
8 850 4 8 264250
9 39 8 1 4
9 43 3 3 40
9 526 7 1 4
9 907 2 3 14
10 13 4 4 116
10 75 8 3 134
10 84 2 2 4
10 584 7 5 2737
10 680 9 1 7
11 204 10 2 21
12 0 7 1 4
13 66 8 1 4
13 320 1 3 12
14 376 8 3 91
14 584 10 1 6
15 854 3 1 4
16 9 10 1 4
16 24 7 6 23231
16 64 6 2 16
16 132 9 1 4
16 198 7 1 4
16 516 3 1 4
17 48 3 1 4
18 290 2 2 4
18 641 10 3 138
19 24 10 2 50
20 10 3 8 142141
20 28 3 3 36
20 36 6 1 4
20 323 2 7 74380
21 116 8 5 1522
22 281 6 1 4
23 770 6 1 9
23 886 6 2 11
25 523 4 1 4
26 22 4 1 4
26 109 10 1 14
28 42 2 2 4
28 624 9 2 47
28 647 4 3 23
29 5 5 2 26
29 809 6 1 7
30 129 3 1 4
32 72 4 2 20
32 196 10 1 11
32 204 7 1 4
32 211 5 1 4
32 219 10 2 26
32 276 4 3 35
32 414 1 5 429
32 721 8 1 7
32 848 10 1 17
33 3 8 2 16
33 26 8 3 46
33 898 7 1 4
34 292 7 2 16
34 324 8 1 7
34 561 3 5 1391
34 800 10 1 7
36 448 3 2 9
36 858 2 5 464
37 2 5 2 11
37 364 3 1 4
38 1 1 3 6
38 180 4 1 4
38 544 1 8 53960
39 982 2 3 17
40 20 9 1 9
40 65 10 1 4
41 263 4 1 5
41 321 10 3 64
41 513 5 1 4
42 140 9 2 17
43 1 5 1 4
44 47 9 3 71
44 430 2 2 4
45 50 6 1 6
45 844 10 1 4
47 80 9 1 10
48 198 7 1 4
48 226 2 2 4
48 789 2 4 177
48 932 2 2 4
50 9 5 1 4
51 70 4 1 7
52 256 3 1 4
52 285 5 1 4
52 390 2 4 96
52 899 9 1 4
54 112 4 1 4
54 718 2 2 4
55 278 4 6 12106
56 89 4 1 4
56 267 7 1 4
57 5 5 5 642
57 128 5 2 9
60 5 3 2 7
61 648 5 5 633
64 192 7 1 4
64 194 6 1 5
64 465 10 1 4
64 514 9 5 2009
64 756 3 2 7
64 771 6 8 626351
64 790 2 2 7
65 96 2 2 4
65 104 7 4 258
65 118 1 2 4
65 241 8 8 1082598
65 614 4 1 4
66 545 2 2 9
67 16 7 1 4
67 20 5 6 12359
67 37 7 1 4
67 482 8 3 148
68 153 4 7 120297
68 226 1 3 7
69 466 2 2 10
70 109 3 2 7
70 431 9 5 2190
70 608 5 1 4
71 1 6 6 6416
71 264 7 1 4
71 700 4 1 4
72 65 4 3 45
74 548 6 3 63
74 768 7 1 4
74 1012 8 1 14
76 76 9 2 39
76 855 4 4 195
78 288 7 1 4
78 517 1 3 14
79 165 2 4 201
80 920 9 5 2113
81 807 4 1 4
82 283 8 1 4
83 115 9 1 4
83 124 3 1 4
83 304 5 2 12
83 617 1 10 14650998
84 64 7 6 9179
84 74 6 4 663
85 31 9 5 5415
85 65 3 3 26
87 353 3 2 7
87 512 6 1 4
90 843 2 4 59
90 988 4 1 4
92 91 8 1 11
96 220 1 5 243
96 547 4 1 4
97 18 6 6 7338
98 352 7 2 24
98 401 3 1 4
98 671 10 1 7
100 294 9 1 4
100 752 2 3 27
100 768 4 1 6
101 124 1 2 4
101 392 8 1 3
101 599 6 5 905
104 26 7 2 31
104 28 1 6 1374
104 313 8 1 4
106 652 6 3 47
107 3 7 2 19
108 133 9 1 6
112 0 6 1 4
112 1 9 1 4
112 3 9 1 7
112 84 10 1 10
112 107 3 1 4
114 68 2 3 12
114 416 2 5 293
114 452 9 4 223
117 106 10 1 4
119 836 4 3 41
124 348 7 6 5326
128 134 9 1 4
128 200 10 4 449
128 208 5 1 6
128 320 8 5 1266
128 362 1 2 4
128 770 9 2 25
128 806 5 1 4
129 0 3 2 11
129 39 4 1 4
130 272 5 1 4
130 540 4 8 478996
132 17 6 1 6
132 94 5 3 31
132 137 4 1 4
132 516 2 5 301
132 916 8 4 184
133 138 8 1 4
134 516 8 1 7
134 768 2 3 31
136 81 4 1 4
136 482 10 1 4
136 657 3 5 427
136 684 2 3 42
137 325 10 1 4
137 778 3 2 6
138 266 1 5 118
139 87 2 2 4
139 865 3 1 4
140 464 9 1 4
140 776 2 3 11
141 2 3 3 23
143 144 8 1 4
143 187 9 1 4
144 248 5 1 4
145 1 8 1 4
145 2 8 3 50
145 216 3 2 7
145 392 3 7 27500
145 576 9 5 4282
146 396 9 1 6
147 522 8 1 4
149 20 1 4 29
150 141 4 4 258
150 656 10 7 109106
153 26 4 1 4
153 833 4 1 4
156 133 2 2 7
156 521 5 1 4
158 104 6 1 4
160 34 7 1 5
160 81 4 5 1251
160 644 10 1 4
161 40 4 1 4
161 326 1 2 4
161 376 1 2 4
161 524 9 1 7
161 717 5 1 4
162 306 6 4 180
163 361 6 1 6
164 38 8 4 204
164 280 10 1 11
164 636 5 2 9
165 141 9 1 4
167 384 5 1 7
167 712 8 6 13892
168 52 2 2 4
169 514 10 1 3
173 261 3 3 39
174 493 9 1 7
176 824 8 5 960
178 797 6 2 19
179 429 5 2 9
180 19 4 1 4
181 97 8 1 5
181 768 9 1 4
184 161 2 2 7
184 664 2 4 167
185 42 8 2 35
186 272 9 1 4
188 199 8 2 18
192 388 5 2 16
192 713 3 6 2133
192 898 8 1 4
192 999 3 2 6
193 28 1 3 7
193 131 7 1 4
193 375 9 1 14
193 422 7 4 171
196 81 3 1 4
196 286 10 3 61
197 297 6 1 4
197 592 7 1 4
197 611 3 2 7
200 577 6 1 4
204 6 3 2 7
205 457 7 1 4
212 34 9 1 7
212 673 2 3 11
216 66 6 2 31
216 792 10 1 16
219 389 2 2 4
220 176 9 2 28
225 257 1 2 5
227 838 2 2 6
228 294 10 4 380
231 261 1 2 4
231 290 7 1 4
232 65 9 1 4
232 130 10 1 9
233 973 10 2 49
234 848 1 9 1768259
234 917 10 6 23390
235 281 4 4 165
238 620 1 3 9
239 560 4 2 9
240 18 7 2 21
240 914 8 1 4
241 206 8 1 7
244 356 4 4 126
246 64 5 4 409
248 557 3 3 24
248 902 10 4 383
256 1 10 1 11
256 68 5 1 4
256 160 4 4 102
256 212 10 1 4
256 243 4 1 4
256 262 2 2 4
256 416 9 1 12
256 764 3 3 41
257 0 4 3 61
257 945 7 3 114
258 673 1 2 4
258 810 8 1 4
259 7 4 1 4
259 100 2 2 4
259 268 1 4 28
259 327 5 3 36
260 131 9 1 7
260 978 1 2 4
261 72 9 1 6
261 995 2 4 77
262 32 4 2 9
262 134 4 1 4
262 193 8 2 18
262 906 1 2 4
262 1013 2 3 18
264 296 4 1 4
264 568 5 3 44
265 632 10 10 242033860
266 11 1 3 13
267 581 10 1 16
268 12 7 1 4
268 34 10 2 24
268 524 3 6 8577
268 577 8 1 12
270 642 7 1 9
272 41 5 8 535711
272 208 6 1 4
272 225 7 1 4
272 520 9 1 4
272 640 6 4 209
272 684 1 4 45
273 47 4 2 11
273 809 6 3 53
273 903 5 1 4
274 98 8 5 2242
274 334 6 1 4
275 4 10 1 4
275 401 1 2 4
276 538 10 1 7
277 385 9 3 66
280 600 1 3 19
282 136 5 1 4
282 576 4 3 23
282 787 9 4 375
284 835 4 2 11
286 832 6 2 16
287 448 4 6 15169
288 50 10 5 6005
288 132 1 4 54
288 224 6 1 4
288 292 3 1 4
290 258 9 3 68
290 388 8 1 4
291 32 4 2 11
291 768 2 2 6
292 7 2 5 227
292 162 2 4 69
292 593 5 1 4
294 864 8 1 14
296 57 4 1 5
296 131 9 1 11
296 231 6 4 506
296 260 3 3 22
296 336 9 4 201
296 409 1 8 288795
297 167 8 3 162
303 292 2 2 4
304 42 2 2 7
304 106 9 1 4
304 258 7 3 69
305 11 3 1 4
305 163 6 1 4
305 576 1 2 4
306 550 2 2 4
306 918 2 2 4
308 21 3 5 370
308 640 7 1 4
308 692 3 1 4
308 848 7 2 16
309 77 2 2 4
312 514 4 2 12
314 109 7 4 186
314 518 2 2 4
315 739 5 1 4
318 532 6 1 4
320 428 6 1 4
320 468 7 1 4
320 641 5 3 55
320 720 7 3 39
321 4 5 1 4
321 262 3 1 4
322 80 10 1 17
322 196 7 1 4
322 272 4 5 659
322 416 4 3 61
322 902 4 1 4
323 515 6 7 106915
324 106 4 1 4
324 179 8 1 6
325 145 7 2 16
326 11 3 3 54
326 32 8 1 4
328 45 1 2 4
329 35 2 2 4
329 836 6 1 4
334 265 7 8 558322
335 83 2 2 7
337 833 8 1 7
338 33 5 1 4
338 160 8 1 11
339 42 10 1 13
340 0 7 5 894
340 763 4 4 147
342 536 3 2 7
345 728 2 2 4
347 11 2 2 9
347 296 10 1 4
352 419 4 5 641
353 389 7 1 4
354 288 7 2 32
360 784 3 7 49283
363 162 6 1 4
363 424 6 1 4
368 925 8 1 6
371 772 8 1 3
379 333 6 2 17
384 156 4 3 32
384 168 1 3 21
384 312 5 1 6
384 332 2 2 4
384 531 1 5 174
384 597 3 3 19
384 962 8 7 232587
385 213 1 2 4
385 214 2 3 13
385 563 8 1 12
386 158 9 2 24
386 681 5 1 4
386 912 3 1 4
387 545 9 2 30
389 596 6 1 5
391 8 4 2 16
391 800 7 1 11
393 577 4 2 13
396 6 7 3 74
396 546 10 2 36
396 777 4 1 4
396 915 1 4 35
398 943 7 1 4
399 9 1 6 1404
400 10 6 6 6368
400 144 10 1 4
401 16 3 1 4
401 284 5 1 4
401 673 6 1 4
402 80 1 4 36
403 98 8 5 5209
409 888 2 9 797031
410 520 8 1 4
411 20 9 3 159
416 279 9 1 4
416 292 6 1 10
416 531 6 1 4
417 577 6 3 42
419 7 1 4 24
422 736 8 1 4
425 161 7 1 4
425 776 2 2 4
426 644 1 3 11
428 32 1 4 64
428 620 1 2 4
430 203 8 6 7927
433 398 3 1 4
436 597 9 1 4
436 641 7 2 37
441 21 10 1 4
448 92 7 1 7
448 513 1 3 11
453 661 7 2 27
454 634 3 5 603
454 782 1 2 4
455 640 3 8 559385
460 462 6 2 11
460 566 7 1 9
461 625 7 1 9
463 916 8 5 958
465 531 9 2 34
467 211 10 1 4
469 425 3 7 49043
472 256 9 2 32
472 801 10 2 48
480 0 10 2 34
480 731 7 1 4
481 288 10 6 19372
482 64 8 3 82
482 208 1 7 29034
488 334 2 4 128
489 64 1 2 3
496 433 2 2 4
501 519 5 1 4
505 332 4 1 4
512 685 4 1 7
512 936 5 1 4
513 65 5 2 9
513 112 4 1 4
514 572 1 3 7
515 93 10 1 7
515 157 5 6 5679
515 598 10 3 58
516 357 9 2 43
516 385 4 5 783
516 582 7 1 7
517 3 3 2 11
517 8 3 3 36
517 132 1 2 4
517 177 8 1 4
517 233 1 3 12
517 281 5 1 4
517 534 2 2 4
517 676 4 6 6051
517 768 6 1 4
518 0 10 1 4
518 41 5 1 4
519 517 8 1 4
519 967 1 2 4
520 296 1 3 6
520 328 4 4 329
520 812 6 2 20
520 896 10 1 9
521 229 9 4 636
521 450 8 1 4
521 609 6 1 4
524 159 10 6 14799
524 520 10 7 82712
525 134 3 2 6
526 776 4 1 7
527 713 10 1 4
528 10 5 1 4
528 36 7 1 4
528 144 8 2 41
528 171 2 1 3
528 512 1 3 11
529 260 7 2 37
529 423 10 1 4
529 517 8 1 7
529 520 4 3 24
530 86 4 1 6
530 278 2 2 4
530 522 8 1 4
530 696 6 1 3
532 550 9 1 4
533 37 1 2 4
534 786 9 1 4
534 928 8 1 4
535 10 10 6 13046
536 10 3 2 11
536 687 4 2 9
537 138 2 2 4
538 84 8 1 4
538 820 4 1 7
540 256 1 3 11
540 481 2 2 4
541 793 6 1 4
544 21 2 8 676023
544 24 8 1 10
544 536 5 2 13
544 597 6 1 4
544 718 1 3 6
545 226 1 4 42
545 520 6 3 40
545 914 8 5 996
547 427 1 2 4
547 577 4 5 750
548 141 7 2 30
548 586 5 1 4
549 530 1 3 11
551 40 6 1 4
552 136 8 1 9
552 656 3 1 4
552 932 7 4 214
553 102 10 1 4
555 52 2 4 74
557 15 4 4 300
557 400 1 2 4
557 512 7 1 4
557 557 5 3 94
559 557 6 3 36
560 168 5 6 12444
561 444 7 2 19
563 20 1 2 4
563 410 5 1 4
564 659 1 5 292
566 44 7 3 118
567 793 10 8 619168
571 100 4 7 40307
572 36 8 1 4
572 777 10 3 73
574 533 9 1 4
574 696 5 5 631
576 4 7 1 4
576 76 1 2 4
576 133 6 1 4
576 172 1 2 3
576 607 8 1 4
577 222 7 1 3
577 292 10 3 130
577 577 10 2 26
578 26 9 1 7
578 554 6 1 4
578 575 2 5 362
580 507 3 10 33204590
584 833 3 2 7
585 64 5 6 6101
585 208 7 1 5
586 64 5 1 4
587 608 10 4 256
590 276 1 2 4
590 788 8 4 186
592 2 4 4 134
592 148 1 2 4
592 528 7 2 19
596 33 4 1 7
600 115 3 3 30
600 573 4 3 51
600 575 6 1 4
602 480 10 1 4
607 288 4 1 7
607 393 1 2 4
608 576 7 6 33563
608 648 2 4 86
618 1004 2 2 4
619 76 4 3 32
619 140 3 4 215
619 231 4 1 4
621 293 8 1 4
626 114 10 3 63
626 528 9 1 4
626 608 4 1 4
627 977 10 1 4
629 446 3 2 7
631 24 4 4 270
632 18 1 2 4
633 812 1 2 4
635 546 9 1 4
637 73 6 1 9
638 161 5 2 14
640 6 9 1 6
640 952 1 7 34612
641 192 2 2 4
643 73 6 1 4
644 756 2 2 4
645 548 7 1 4
645 963 2 2 4
646 388 4 1 4
648 98 4 4 122
648 210 3 6 6307
648 369 5 7 32928
648 769 5 1 4
649 4 10 5 6067
650 216 4 1 3
650 953 4 3 28
652 594 5 1 4
654 129 1 4 31
654 565 7 1 4
655 761 7 4 437
656 278 9 1 6
656 833 4 1 4
658 10 6 3 52
658 640 9 1 4
660 85 9 1 4
661 608 10 1 14
665 3 8 4 574
667 587 4 1 4
668 163 1 2 4
672 1 3 1 4
672 64 1 4 37
672 129 3 2 12
674 259 4 1 4
674 288 9 1 7
674 401 10 3 56
674 672 7 1 4
677 121 9 1 4
680 450 4 1 4
681 6 3 3 27
681 33 8 1 4
682 14 7 1 6
684 1008 2 2 4
691 12 7 1 6
692 260 6 1 4
694 768 7 1 9
694 976 6 1 7
700 229 10 1 9
704 135 3 2 14
704 514 8 1 11
705 596 7 1 4
706 161 10 1 12
709 354 1 2 4
719 512 10 4 485
721 0 3 1 4
721 104 3 1 3
721 170 8 2 18
721 323 4 3 32
722 100 3 1 4
722 146 5 2 9
722 258 5 2 12
722 464 9 5 2048
723 142 2 2 4
725 44 3 1 4
725 65 3 1 4
728 227 4 2 11
728 712 4 4 409
736 24 10 7 139248
738 970 1 2 4
741 260 1 3 6
744 124 9 1 4
744 762 6 1 4
751 506 5 2 26
754 32 2 2 4
760 40 9 1 4
760 220 10 1 4
763 668 9 7 92177
768 326 3 2 7
768 608 1 2 4
768 666 4 3 29
769 350 7 5 1321
769 640 3 2 11
769 773 2 2 7
770 67 6 1 4
770 211 9 1 4
770 256 8 1 4
770 663 7 1 6
771 793 10 1 14
772 130 7 1 4
775 48 2 6 8800
776 586 10 1 4
777 200 7 1 4
777 554 1 2 4
777 608 6 1 4
778 330 10 3 63
780 16 7 2 27
781 222 4 2 15
782 226 2 2 4
782 405 10 1 4
784 1 9 1 4
784 514 7 1 4
784 841 1 3 7
785 257 9 1 4
787 199 8 1 4
792 16 7 1 4
792 540 7 1 7
793 498 7 1 3
793 628 4 6 4441
795 661 3 4 94
799 433 10 1 4
800 9 3 2 14
800 45 9 7 166303
800 97 3 3 48
801 312 6 1 3
801 592 10 1 12
802 769 2 2 4
805 387 10 2 21
806 480 7 7 37386
808 526 1 2 4
808 937 8 1 4
810 17 3 2 7
810 416 6 1 4
814 161 10 1 4
814 905 2 4 196
816 18 2 9 1027754
816 24 6 4 554
817 784 2 1 3
824 392 5 1 6
832 30 8 2 39
834 0 3 2 7
834 32 9 1 4
834 67 7 2 35
834 104 8 1 4
835 392 10 1 4
835 583 3 2 6
836 86 3 5 431
840 96 4 1 4
840 106 8 1 11
842 200 8 8 599487
845 624 8 1 4
848 90 2 2 4
848 391 6 1 4
849 792 1 5 321
849 1018 2 3 12
850 776 4 1 4
863 516 3 3 24
864 786 6 2 18
868 332 10 1 4
871 264 9 2 44
874 360 5 2 18
882 591 7 2 22
882 778 8 1 7
897 523 9 1 7
898 336 2 7 19423
898 699 9 3 54
900 4 5 1 4
902 131 3 1 4
903 339 9 3 68
904 112 1 2 4
904 929 1 2 4
905 572 7 1 4
907 276 7 1 6
911 896 7 2 13
912 2 9 1 9
912 129 2 3 19
928 64 5 3 96
928 516 6 5 4051
929 257 1 4 23
929 316 6 1 4
930 720 4 1 4
931 657 10 1 9
938 261 3 1 4
951 818 5 7 114223
952 37 10 1 4
953 905 1 2 4
961 131 1 2 4
961 333 7 1 7
961 472 8 1 4
966 555 7 1 4
976 321 7 1 4
984 324 3 1 3
987 962 10 3 96
988 366 3 5 1501
1000 260 7 1 4
1001 286 9 3 101
1004 129 10 2 34
1013 316 9 1 4
1018 358 8 1 13
