533 0.005542565509764702 
125 0.005580985301938821 
704 0.005532061926084406 
1684 0.005534582490175366 
1030 0.00566827594714393 
864 0.005490789966100169 
305 0.005576059287241444 
1434 0.005664066298495872 
1923 0.005487010688618206 
547 0.005587394635977625 
451 0.0056228949098970265 
1408 0.005576483806500124 
1781 0.005625835405908901 
1863 0.005644733266346858 
1238 0.0055137914824034875 
161 0.005501081357283579 
539 0.00550349667968593 
1901 0.0054551928446510455 
860 0.0055383789400702595 
1498 0.005648211878631351 
536 0.00561628582447943 
434 0.005066715114693341 
1495 0.005586236956086218 
310 0.00554539284891799 
1147 0.005785671097234531 
1996 0.005492046492810593 
281 0.005561987227880401 
1200 0.005460021770114061 
1418 0.005805947661688754 
249 0.005669835009024566 
1884 0.005577317852208407 
198 0.005650720625343489 
1077 0.005530698826676218 
469 0.00550968912300753 
600 0.005653551022494101 
1253 0.005622159830267747 
1390 0.00574901447766322 
800 0.005516727387138589 
1203 0.00549814784127781 
366 0.005537833160617916 
1519 0.005591287950146218 
1184 0.005580059174183865 
1858 0.005553913282514624 
1536 0.005841963588320491 
47 0.005443118035539278 
270 0.005602104637397344 
982 0.005792914668165958 
226 0.005608716531690098 
33 0.005093590483179057 
1827 0.005620686083468913 
1101 0.005594117290138315 
5 0.005511582419646737 
814 0.005500032522966159 
1695 0.005441750604195771 
1924 0.005549385139498712 
616 0.00561103285000669 
1769 0.005575741892357337 
1439 0.0057590923955418705 
918 0.005490691119847512 
1625 0.005560723029682572 
1646 0.005682543100809325 
104 0.005592230190839357 
1985 0.00563854102703397 
543 0.005646531741000869 
481 0.005607872469929087 
143 0.005546551141982145 
1218 0.005566709786555983 
1347 0.005533533321277095 
1696 0.005631291687238762 
1610 0.0056010465134062 
1980 0.005509389288684816 
898 0.005547075709526598 
620 0.005598114491903659 
1543 0.005459392952084869 
586 0.005645994160351167 
891 0.005505389264940847 
26 0.00545153025647198 
359 0.005511901130836731 
1112 0.005643892958876833 
101 0.005563351919227108 
