0 17 4 1 5
0 29 8 3 43
0 47 6 1 4
0 112 2 2 5
0 135 9 4 563
0 150 5 2 25
0 166 1 5 168
0 215 8 1 7
0 256 6 1 5
0 259 8 1 4
0 265 10 4 241
0 274 2 2 4
0 321 3 5 542
0 415 7 2 25
0 618 4 1 4
0 670 5 4 346
0 674 6 1 7
0 917 6 1 5
0 936 4 5 1063
1 7 4 2 16
1 37 7 3 66
1 82 3 1 4
1 228 9 1 14
1 292 6 5 1750
1 481 3 2 7
1 535 1 10 422907050
1 565 7 1 7
1 768 6 3 114
2 0 9 1 4
2 3 3 4 203
2 48 5 1 4
2 167 7 1 4
2 260 10 1 15
2 267 2 2 4
2 328 1 5 469
2 826 7 5 818
3 24 8 1 7
3 272 1 7 6464
3 277 6 1 8
3 592 7 1 4
4 4 10 1 4
4 15 4 1 4
4 24 7 1 8
4 50 6 1 4
4 284 7 1 10
4 293 5 5 623
4 368 1 5 678
4 576 6 2 15
4 683 5 4 138
4 803 10 1 4
5 18 8 1 4
5 887 1 6 1091
6 148 6 1 4
6 267 6 2 26
6 268 2 2 4
6 466 5 1 7
6 512 7 1 5
6 798 2 4 56
6 1002 9 1 4
7 110 9 5 3225
8 202 6 2 13
8 272 7 1 4
8 273 10 1 4
8 486 2 5 820
8 642 3 1 4
8 656 9 2 47
8 850 1 2 5
8 902 8 3 45
9 39 7 1 10
9 43 5 1 4
9 274 4 2 19
9 416 7 5 2374
9 572 1 3 10
9 823 4 2 15
10 13 2 2 4
10 40 8 3 48
10 75 10 2 24
10 84 2 2 4
10 160 6 3 39
10 208 3 1 5
10 518 9 1 4
10 584 9 1 4
10 599 4 6 4360
10 680 3 1 4
10 778 3 1 5
11 204 8 3 152
11 586 9 5 2802
11 752 2 2 4
11 779 5 5 1434
12 0 9 4 532
12 65 2 7 19965
12 128 8 1 8
12 269 7 9 6080622
12 634 2 5 851
12 781 2 2 4
13 224 2 2 4
13 320 1 4 75
13 780 9 3 174
14 152 8 1 7
14 210 3 2 12
14 321 4 1 5
14 376 9 5 3268
14 584 5 3 75
14 616 7 1 4
15 352 2 2 7
15 485 1 2 4
15 659 5 8 695431
16 9 4 4 261
16 64 1 2 4
16 96 5 1 4
16 132 3 6 2359
16 516 8 1 7
16 643 6 1 8
17 129 5 2 14
18 215 6 1 4
18 290 7 1 10
19 7 8 1 8
19 657 3 5 410
20 1 6 4 283
20 36 4 3 42
20 69 1 4 110
20 323 2 3 15
20 786 10 3 153
21 258 10 2 18
22 24 8 3 55
22 68 4 2 8
22 107 6 3 36
22 133 8 1 4
22 565 8 1 10
23 886 8 1 12
24 9 10 1 4
24 533 8 1 7
24 781 2 5 591
24 848 7 1 7
25 523 6 2 24
25 592 5 3 39
26 20 2 4 45
26 22 1 3 9
26 801 7 1 7
27 130 1 4 32
28 72 9 1 4
28 146 5 4 197
28 192 5 2 24
28 203 3 3 49
28 624 7 1 4
29 1 1 2 4
29 327 9 1 4
29 809 3 3 26
30 21 7 1 4
30 52 1 3 20
30 588 6 4 341
32 42 5 3 39
32 185 5 1 4
32 204 6 1 4
32 211 3 3 28
32 276 8 2 24
32 641 8 1 4
32 960 8 4 736
33 26 3 3 19
33 31 2 4 45
33 320 3 1 3
33 785 4 1 4
33 945 9 1 4
34 292 5 8 861119
34 324 7 1 4
34 800 4 6 7360
35 551 6 2 12
36 12 10 2 23
36 266 4 1 4
36 448 3 5 955
36 705 5 5 995
36 858 5 1 4
37 13 10 1 7
37 520 1 3 15
37 673 4 3 34
38 180 7 5 1878
38 544 4 7 97867
39 48 2 2 4
39 520 9 1 4
39 982 6 2 29
40 20 2 6 3333
40 39 8 1 4
40 528 5 1 4
40 605 9 6 18540
40 756 1 9 884922
40 761 7 3 77
40 840 2 2 4
40 980 2 4 167
41 276 3 3 43
41 321 2 5 395
41 513 1 3 7
42 778 3 3 45
42 839 9 2 21
44 10 4 1 4
44 47 5 5 626
44 430 1 2 4
44 524 7 2 15
44 794 7 2 16
45 23 3 4 162
45 50 3 3 27
45 74 5 4 453
45 615 3 1 4
45 808 4 1 4
46 57 1 2 4
47 80 7 1 4
48 193 7 6 5259
48 789 9 3 167
48 843 3 1 4
49 516 5 4 136
50 9 2 2 4
51 70 4 4 134
51 516 10 4 237
52 188 6 3 36
52 285 2 2 4
53 146 4 5 1185
53 245 3 1 5
54 112 3 1 4
54 718 9 3 62
55 278 4 1 7
56 89 6 1 8
56 544 10 3 84
57 5 8 2 26
57 128 1 3 10
59 58 10 1 4
59 292 8 1 4
59 453 5 1 7
59 583 1 3 16
60 5 6 2 19
60 33 10 3 55
60 112 8 4 200
61 644 1 2 4
62 521 4 1 4
64 26 2 2 10
64 41 8 1 5
64 192 2 8 402785
64 197 2 2 9
64 203 6 1 4
64 370 8 5 2310
64 481 5 2 12
64 686 5 2 10
64 780 9 5 1800
64 790 8 1 4
65 25 10 1 7
65 61 10 1 4
65 241 3 5 1700
65 265 5 1 4
65 515 2 3 15
65 571 4 1 4
65 614 1 3 18
66 140 2 3 17
67 37 5 7 50702
68 153 7 8 569619
68 192 8 5 978
68 226 7 1 7
69 138 3 2 10
69 768 2 2 4
70 109 7 1 4
70 212 5 4 131
70 431 4 3 26
70 642 5 1 4
70 646 2 3 15
70 648 6 1 4
70 672 10 1 4
71 1 1 2 3
71 264 10 1 4
71 409 2 4 185
72 8 5 1 7
72 37 8 1 4
72 65 3 1 4
72 280 4 1 4
72 533 6 9 14997811
72 961 3 2 8
73 39 8 2 16
73 999 5 1 4
75 576 2 5 1218
76 76 6 1 4
76 133 6 3 75
76 262 3 1 5
78 288 6 1 4
78 784 1 5 236
79 165 2 2 4
80 0 10 1 10
80 51 9 1 4
80 82 2 2 4
80 211 4 1 7
80 920 3 1 4
81 807 9 1 4
81 852 1 2 4
83 115 9 1 4
83 124 8 3 63
83 304 6 1 7
83 617 3 2 7
83 784 10 1 4
84 64 3 2 7
86 234 1 2 4
86 524 2 2 8
87 462 2 5 670
87 512 5 2 10
87 515 2 2 4
88 782 2 3 32
90 20 9 1 4
90 274 9 1 7
91 154 7 1 4
92 91 10 1 17
93 49 9 2 20
93 669 7 2 32
94 954 4 3 23
95 20 2 6 1784
95 34 6 1 4
96 32 9 1 4
96 103 10 3 117
96 220 9 4 226
96 276 9 5 2140
96 304 7 7 40541
96 321 9 7 54780
96 776 5 1 4
96 820 5 1 4
97 18 9 6 7942
97 48 4 1 7
97 130 2 2 7
97 144 2 6 2373
97 195 6 5 2506
97 286 4 3 49
97 473 6 1 10
97 525 3 1 4
98 352 3 2 8
98 401 5 1 4
98 928 8 2 26
99 117 1 2 4
99 134 9 1 4
100 128 7 2 15
100 294 3 3 29
100 752 1 4 34
100 901 2 2 4
101 124 3 3 20
101 161 6 3 45
101 169 6 1 4
101 392 6 2 13
101 599 1 5 171
102 78 10 3 69
102 166 8 7 91516
102 264 10 2 31
103 704 1 3 7
104 26 2 2 4
104 28 10 3 214
104 313 10 1 4
105 296 9 1 4
106 652 9 1 4
107 3 7 1 4
107 129 2 7 17255
109 707 10 1 4
111 12 5 1 4
112 3 10 3 58
112 28 5 4 369
112 84 1 2 4
112 107 7 1 4
114 68 6 1 4
114 452 1 2 5
114 497 7 2 18
114 872 8 1 4
116 33 8 1 4
117 106 1 2 4
118 565 9 1 4
119 446 2 2 7
119 836 6 5 2710
120 76 8 1 4
122 185 6 3 108
122 294 4 1 4
123 600 10 1 12
128 1 3 1 4
128 134 1 4 88
128 320 7 3 135
128 362 4 3 30
128 376 7 1 5
128 433 1 2 4
128 453 5 1 7
128 806 5 1 4
129 0 1 2 4
129 37 7 1 5
129 39 6 8 254898
129 88 4 8 419796
129 163 4 1 4
129 707 8 1 4
130 520 4 1 4
130 980 7 1 7
132 6 1 2 4
132 17 8 1 4
132 137 2 2 4
132 372 10 1 4
132 516 7 2 13
132 713 6 4 669
132 916 5 3 72
133 23 5 8 297228
133 138 5 1 4
133 614 5 3 53
134 208 7 4 317
134 390 3 2 9
134 516 1 4 23
134 768 2 2 4
135 258 4 1 4
136 21 8 1 4
136 39 10 1 7
136 81 10 3 85
136 160 5 1 7
136 610 8 6 39320
136 657 4 1 4
136 831 8 1 7
137 148 4 1 4
137 256 9 1 4
137 259 10 1 7
137 678 3 1 4
138 266 5 1 4
138 590 5 5 1555
139 865 8 2 38
140 72 9 1 5
140 135 1 2 4
140 168 3 1 4
140 464 1 7 13452
140 724 4 2 15
141 2 8 1 4
141 521 6 1 4
141 954 3 6 4790
142 641 3 3 21
143 116 2 2 4
143 286 2 2 4
143 642 3 4 173
144 18 9 3 83
144 68 2 4 171
144 257 2 5 322
144 433 3 1 4
144 520 1 2 4
144 800 8 7 182693
145 1 9 7 243275
145 67 3 6 4307
145 94 1 3 7
145 273 9 1 4
145 392 1 3 7
145 513 2 4 48
146 69 6 1 5
146 146 4 6 3393
146 396 3 2 7
147 522 5 1 4
148 1 6 1 7
148 24 1 3 9
148 130 3 1 4
148 515 2 5 570
148 912 1 2 4
149 20 4 1 4
150 160 7 1 4
151 250 5 1 4
153 26 1 3 7
153 171 1 4 45
156 814 1 7 6547
158 104 10 1 4
159 526 10 2 24
160 34 6 3 39
160 81 3 5 626
160 144 4 1 7
161 40 7 1 3
161 326 6 5 754
161 576 6 2 23
161 898 10 2 33
162 290 4 3 26
162 517 2 2 4
163 361 2 2 4
163 601 5 4 343
164 34 5 1 4
164 38 10 3 214
164 87 4 1 4
164 264 8 2 18
164 481 6 5 1700
164 646 10 2 30
165 141 8 1 4
167 104 7 1 7
167 289 10 1 12
167 384 2 2 4
167 712 5 1 5
168 67 6 2 12
168 98 6 1 5
169 25 8 1 5
169 351 6 1 4
169 514 9 1 10
171 810 4 3 28
173 261 10 1 4
174 493 1 2 4
174 582 6 4 195
175 863 5 5 3198
176 137 8 6 39386
176 270 6 1 5
176 273 4 1 4
176 824 5 1 4
176 864 4 1 4
176 916 6 7 204456
177 128 10 4 1021
177 280 10 5 6773
177 611 9 2 38
178 100 4 1 4
178 580 6 1 7
178 797 10 2 18
180 600 9 1 7
180 973 5 3 62
181 964 7 1 4
182 300 2 2 4
182 728 1 2 4
184 141 5 5 1436
184 161 3 2 10
185 391 1 2 4
186 272 5 1 4
187 800 2 3 12
188 4 4 9 1530913
192 52 6 2 26
192 72 1 4 99
192 177 7 1 9
192 388 8 1 4
192 524 9 1 4
192 536 5 2 22
192 898 10 1 5
192 904 8 1 4
192 999 7 1 7
193 8 3 6 2302
193 120 8 1 4
193 162 6 5 712
193 375 10 1 13
193 422 4 3 45
194 677 6 3 81
196 81 10 1 4
196 286 4 1 4
197 61 7 2 15
197 611 4 1 4
198 3 7 4 285
198 812 3 6 5021
200 924 4 5 479
201 39 10 1 3
201 98 1 2 4
203 654 9 1 4
204 6 10 2 18
204 520 3 3 29
206 80 7 2 23
208 14 7 2 17
208 88 4 1 4
208 534 4 1 5
209 55 8 2 23
209 513 2 2 10
211 4 9 1 4
212 34 4 1 4
212 262 10 1 5
212 673 3 3 65
213 64 1 2 4
216 66 2 2 4
216 138 5 4 218
216 792 10 2 18
217 923 1 2 4
218 86 2 2 4
220 176 7 1 11
220 658 2 2 7
225 316 2 2 4
225 948 4 1 4
226 157 10 2 30
227 336 7 1 5
227 592 1 3 16
228 294 7 1 4
232 5 2 2 4
232 130 9 1 7
234 917 4 1 7
235 281 7 4 158
238 620 9 1 4
239 370 6 3 42
239 560 8 2 15
240 799 10 2 26
241 245 3 4 147
244 33 9 1 4
245 705 1 5 397
246 64 1 7 10950
248 557 3 1 5
256 1 9 2 42
256 4 9 3 80
256 68 6 1 7
256 69 5 2 26
256 97 8 1 6
256 212 6 2 12
256 243 1 2 4
256 262 10 1 10
256 416 5 2 9
256 616 3 7 19171
256 705 7 1 4
256 804 1 4 38
256 904 5 3 31
256 963 4 4 111
257 0 9 1 7
257 544 3 2 11
257 806 2 2 4
257 912 1 2 4
257 920 5 1 7
257 945 4 1 4
258 36 1 3 11
258 265 3 1 4
258 810 1 3 16
258 880 4 2 9
259 100 1 4 43
259 226 9 1 4
259 327 3 4 84
259 532 10 1 4
260 131 8 1 10
260 256 8 1 4
260 522 4 5 1266
260 545 9 2 27
260 678 2 2 4
260 978 3 1 4
261 8 8 5 2382
261 67 3 1 5
261 672 3 7 41774
261 995 9 4 293
262 32 1 3 7
262 134 7 1 7
262 193 8 3 62
262 256 1 5 123
262 906 2 2 4
262 1013 5 2 13
264 1 5 2 10
264 4 9 1 4
265 632 7 2 13
266 272 9 2 23
266 326 5 1 4
266 336 10 6 19781
267 523 10 1 4
267 581 10 5 6394
268 177 10 2 43
268 192 3 1 5
268 512 7 1 4
268 524 7 6 8208
269 444 8 1 4
270 642 10 1 10
272 208 7 1 12
272 225 5 3 34
272 259 7 4 225
272 280 9 1 4
272 554 3 3 24
272 640 5 1 4
272 899 2 7 37828
273 809 3 3 26
273 903 1 6 1774
275 4 10 1 12
275 16 10 1 4
275 116 8 1 4
275 133 9 1 13
275 401 1 4 34
275 485 8 1 4
275 512 2 7 30098
276 288 7 2 18
276 394 8 1 4
276 538 5 1 4
276 628 3 3 26
277 8 3 2 7
277 27 3 3 20
277 128 3 2 7
277 385 2 4 60
279 18 7 2 31
280 36 8 1 5
280 600 5 4 143
280 674 3 1 4
281 101 3 4 163
282 136 9 1 4
282 576 6 3 39
282 717 8 1 7
282 787 8 1 4
283 514 4 1 4
284 835 10 2 21
285 104 9 5 1905
286 832 6 2 17
287 448 1 3 12
287 802 7 1 12
288 132 10 1 14
288 224 2 6 3658
288 292 7 1 4
288 341 9 1 4
288 545 5 2 10
289 36 9 5 2054
289 156 10 3 66
289 468 7 1 7
289 753 1 2 4
289 788 7 1 4
290 0 10 7 208837
290 328 9 3 183
291 32 9 2 20
291 768 2 2 7
291 967 8 3 120
292 19 5 1 4
292 162 4 1 4
292 593 5 3 33
293 960 7 1 4
294 742 9 1 4
294 864 10 3 171
296 57 5 1 5
296 131 5 1 5
296 260 3 1 4
296 409 7 1 7
296 516 4 1 7
297 167 2 5 293
297 325 1 3 6
297 742 4 4 353
299 78 7 1 5
299 291 2 2 8
300 140 9 3 75
301 274 4 1 4
301 777 3 1 4
303 292 1 9 2136048
304 6 10 1 4
304 42 7 1 4
304 212 9 1 7
304 258 10 3 64
305 34 3 1 4
305 163 1 3 21
305 576 7 2 18
306 550 3 1 4
308 583 6 1 8
308 640 9 5 1882
309 77 2 3 18
312 514 2 2 4
314 109 3 3 48
320 29 6 1 4
320 315 4 1 7
320 407 8 5 3804
320 428 7 1 4
320 468 6 1 4
320 641 2 4 56
321 4 8 1 4
321 834 9 1 3
322 0 4 1 4
322 80 10 1 4
322 902 10 1 4
323 515 3 7 102326
324 16 7 1 4
324 167 9 5 1664
324 200 2 2 4
324 530 9 1 4
325 74 3 3 19
325 614 9 1 4
326 11 10 1 4
326 32 1 4 67
327 698 1 3 7
328 853 10 1 4
330 8 5 5 1338
330 204 5 3 29
331 512 6 2 12
332 456 4 1 3
332 643 6 2 23
334 288 1 2 4
335 391 7 6 8822
336 100 8 1 10
337 352 10 5 4278
337 768 7 4 232
337 833 1 2 4
338 160 3 4 136
338 169 1 2 4
340 0 3 1 4
340 106 1 2 4
340 704 10 5 4487
340 763 10 3 125
342 15 1 4 29
342 168 8 1 14
342 536 4 1 4
343 475 2 2 4
344 676 1 4 67
345 992 5 2 25
346 11 4 1 4
346 89 4 3 33
347 11 1 2 4
347 313 1 2 4
348 395 3 7 26671
352 409 4 1 4
352 419 5 6 8909
352 514 9 1 12
352 680 3 7 45211
352 860 6 3 83
353 138 6 7 161962
353 684 2 2 4
354 25 3 1 4
354 836 2 2 8
354 969 5 3 65
357 433 6 1 4
357 641 2 1 3
358 3 5 1 4
358 168 3 2 15
360 514 10 2 28
360 555 6 6 7963
360 810 8 2 18
362 34 8 1 4
363 162 7 2 13
363 424 8 1 4
364 740 4 1 4
366 657 1 2 4
368 49 6 1 6
368 925 8 1 12
371 112 10 2 24
371 772 5 1 4
372 352 5 1 4
376 193 5 3 62
379 333 5 1 4
380 339 3 5 622
384 5 1 3 12
384 457 4 1 4
384 571 3 1 4
384 597 8 3 69
384 692 3 4 205
384 962 1 4 90
385 2 7 1 7
385 75 7 3 61
385 513 1 2 4
385 563 7 1 4
386 73 4 2 21
386 158 2 2 4
386 160 8 4 770
386 846 8 1 4
386 849 9 1 11
386 912 2 2 5
387 147 6 1 4
387 545 10 2 32
388 332 10 1 5
391 800 8 3 170
392 38 2 2 4
393 577 9 1 10
394 211 10 1 4
394 590 5 1 4
395 4 6 2 12
395 558 5 2 12
396 454 1 4 35
396 915 3 4 175
396 960 3 2 9
397 132 10 2 21
397 305 2 2 7
397 518 1 3 11
398 943 8 2 23
400 21 9 1 4
401 16 3 1 4
401 284 6 2 24
401 673 5 1 4
401 932 8 1 12
402 769 5 4 352
403 20 6 1 4
404 209 7 6 21125
405 160 10 1 17
406 928 10 7 202997
408 66 10 4 241
408 405 9 1 10
408 576 2 5 227
409 66 8 1 4
409 417 5 4 207
409 888 3 1 4
411 20 6 4 165
412 6 6 1 7
413 640 9 5 2842
414 932 4 1 4
415 101 7 1 4
416 292 1 3 7
416 531 2 2 4
416 832 9 1 4
417 577 9 9 4120192
419 7 3 1 4
419 62 4 1 7
420 114 9 1 5
420 288 1 2 4
420 538 7 1 4
422 736 2 4 81
423 384 6 1 9
423 651 9 1 7
425 776 6 1 4
426 644 10 1 4
428 620 10 3 61
428 880 6 1 4
430 8 7 1 4
430 203 7 1 4
434 734 10 4 221
436 641 2 2 7
437 2 1 3 16
442 691 8 5 1888
448 513 1 2 4
448 655 6 8 279847
449 321 3 1 4
452 48 7 4 218
452 488 2 3 18
452 512 9 1 10
453 368 4 2 10
454 9 2 2 7
454 437 5 1 4
456 367 1 2 5
458 101 5 1 4
458 743 10 6 13374
460 197 3 3 45
460 462 9 1 7
461 625 7 1 4
462 516 1 2 4
467 211 7 1 5
467 300 2 3 22
470 713 7 2 18
472 226 4 2 10
472 256 3 3 38
473 6 6 1 4
473 800 10 1 4
480 731 2 2 7
481 288 1 3 16
481 416 6 1 4
482 208 5 2 21
482 285 10 5 1425
483 276 1 2 4
483 555 5 3 29
488 269 4 3 37
488 334 8 6 10577
489 64 9 5 2199
491 112 5 2 20
496 433 10 2 25
504 267 6 1 4
506 706 2 3 17
512 1 6 3 36
512 36 1 7 11708
512 153 4 1 4
512 173 1 2 4
512 266 6 5 1623
512 420 2 4 93
512 453 5 5 1722
512 514 7 2 15
512 685 5 1 7
512 936 4 1 4
513 42 3 2 14
513 65 2 3 37
513 112 8 1 8
513 315 10 1 10
513 340 9 6 8344
513 548 3 2 8
513 644 10 1 4
514 11 1 2 4
514 36 6 3 89
514 401 9 3 98
514 572 8 1 13
515 157 3 2 8
515 273 4 1 4
515 598 10 6 8644
516 33 5 1 4
516 69 4 3 37
516 72 4 1 4
516 357 4 5 1185
516 385 8 2 27
516 442 10 3 148
516 582 3 3 20
516 605 4 3 27
516 779 3 1 4
517 0 10 1 7
517 34 4 1 4
517 233 2 2 7
517 534 6 1 7
517 672 4 1 7
517 676 4 1 4
518 41 8 4 250
518 66 10 3 77
519 944 5 1 5
519 967 10 3 58
520 812 10 2 18
520 896 6 1 4
521 131 7 1 4
521 450 3 2 10
521 554 8 1 7
521 609 8 6 6661
522 1 4 1 4
522 234 5 1 4
522 549 5 3 90
522 652 8 1 4
524 173 2 6 2947
524 520 6 2 13
526 548 1 3 16
526 776 7 1 7
527 36 6 4 229
528 33 6 1 4
528 144 10 1 4
528 171 4 1 4
528 344 1 10 148814851
528 406 3 9 5295531
528 512 3 6 2418
528 611 4 3 37
529 517 5 3 74
530 20 10 1 4
530 86 3 3 22
530 132 9 2 43
530 278 7 3 90
530 522 2 4 192
530 696 6 4 201
533 5 4 1 5
533 37 3 1 4
533 787 10 6 48416
534 425 5 1 4
534 786 8 1 4
535 10 8 2 35
536 244 7 5 2320
536 687 4 1 7
536 902 6 1 4
537 257 4 4 192
537 478 6 1 8
538 74 5 1 4
538 84 3 3 29
538 820 9 3 82
540 481 9 1 4
541 344 9 6 16338
541 793 6 1 4
544 6 6 3 38
544 21 6 1 7
544 24 4 2 10
544 160 10 3 64
544 429 7 2 21
544 551 10 1 4
544 718 1 2 4
545 209 4 2 12
545 226 1 6 1870
545 520 6 3 38
545 743 2 2 4
545 914 4 1 4
546 2 3 2 10
546 4 3 2 7
546 263 2 2 7
546 650 2 3 20
546 758 1 6 4672
547 265 2 2 4
547 427 7 6 10853
548 512 8 3 65
549 68 9 2 42
549 288 2 2 4
550 800 2 3 20
551 4 3 2 12
551 40 5 2 10
552 136 9 1 12
552 640 5 2 9
552 932 9 1 7
553 36 10 2 23
553 102 8 1 8
555 52 4 1 4
557 370 4 2 15
557 512 9 1 10
557 557 5 2 15
560 18 8 1 7
560 32 5 2 13
560 96 10 3 76
561 444 2 3 21
561 521 6 1 4
561 786 2 4 67
561 993 4 2 10
562 162 9 1 9
562 992 8 1 5
563 20 3 5 395
564 28 2 2 7
564 656 2 2 4
564 659 8 1 12
566 4 6 1 8
566 132 5 3 27
567 793 9 1 4
569 385 2 3 22
569 522 10 10 208859807
571 457 2 2 7
572 36 3 4 217
572 64 4 7 21979
573 797 6 1 7
573 886 1 4 52
574 18 5 1 4
576 4 10 1 5
576 5 6 4 191
576 76 4 1 4
576 172 8 2 17
576 193 8 1 4
576 228 7 8 644598
576 325 1 4 67
576 371 7 1 4
576 525 9 5 1750
576 547 1 3 18
576 607 2 3 12
577 222 2 2 4
577 401 8 2 15
578 136 8 5 1209
578 554 10 4 236
578 575 5 1 4
579 80 1 2 4
579 136 8 1 7
579 621 10 4 680
579 789 3 3 39
580 64 3 3 20
580 507 4 1 7
580 598 10 3 67
583 129 9 3 74
584 432 7 1 4
585 208 2 2 10
585 354 10 4 637
585 389 7 1 7
586 64 9 3 133
587 608 1 2 4
588 784 1 2 4
590 276 9 7 152693
590 300 8 1 4
590 520 1 3 17
592 2 1 4 105
592 4 8 5 1929
592 148 2 4 61
592 585 3 2 13
592 856 4 1 4
595 58 1 3 9
597 387 10 1 5
599 92 10 7 140849
599 176 7 4 243
600 573 1 2 4
600 575 1 2 4
601 335 9 3 87
601 431 1 4 43
602 480 5 3 55
604 913 7 1 7
604 1006 1 3 12
608 176 4 1 4
608 522 6 1 9
608 576 7 4 261
609 210 10 1 4
611 125 3 4 269
613 840 7 2 15
614 265 8 2 21
614 936 10 1 8
616 806 10 3 204
617 908 5 2 26
618 1004 3 1 5
619 76 8 2 19
619 231 6 4 301
621 293 2 2 7
623 1000 3 6 14740
625 5 6 3 66
625 261 2 2 5
625 530 9 1 6
626 528 4 1 7
626 608 6 1 4
627 3 4 3 30
627 769 8 1 4
627 977 8 1 4
628 76 9 5 1072
629 446 9 1 10
629 528 7 1 5
632 18 10 1 4
633 812 10 1 7
640 4 6 1 4
640 6 1 3 9
640 16 3 2 7
640 160 10 1 4
640 181 6 5 2907
640 369 2 2 10
640 584 5 4 560
640 659 6 1 4
640 732 7 3 62
640 952 8 1 4
642 562 1 3 11
642 724 1 4 50
643 775 7 1 8
644 756 2 3 28
644 769 6 7 49546
645 25 5 9 2894783
645 963 7 2 17
646 289 6 5 2803
646 388 10 3 77
648 369 10 1 7
648 769 4 1 4
649 4 9 3 148
649 48 6 1 4
650 216 4 1 4
650 953 1 3 9
651 290 8 4 505
652 594 1 4 31
654 565 9 5 1362
655 761 5 1 7
656 259 1 3 6
656 278 6 1 4
656 370 10 4 519
658 26 8 1 4
658 226 5 2 18
658 640 5 1 7
660 52 1 2 4
660 85 1 2 4
660 648 2 2 7
661 244 10 1 4
662 374 10 3 127
664 16 5 2 14
664 781 7 3 152
665 260 9 7 134163
666 66 6 1 4
667 587 8 3 158
672 64 7 1 4
672 129 10 1 15
672 608 4 1 4
672 717 6 1 9
673 656 8 2 28
674 259 1 6 3583
674 401 9 3 52
675 470 2 2 4
676 52 5 1 4
677 121 2 4 186
678 237 10 1 4
679 556 6 6 11052
680 20 9 2 18
680 540 9 1 7
682 14 9 1 15
682 156 1 2 4
684 1008 6 4 193
686 593 10 1 7
688 385 5 1 7
690 110 4 2 15
692 914 2 4 64
693 522 10 3 120
696 885 7 2 15
700 229 2 2 4
701 941 4 3 44
704 34 6 2 28
704 76 10 1 4
704 292 5 2 21
704 370 5 5 684
704 514 10 1 4
704 673 3 2 14
706 17 9 1 4
706 161 5 1 7
709 354 6 1 4
709 843 2 2 5
710 2 7 1 4
711 19 3 3 20
712 35 4 1 4
712 141 7 5 2450
712 283 2 5 328
712 294 9 2 20
713 593 5 1 4
713 837 4 2 9
716 98 7 1 4
716 649 1 6 834
719 512 2 3 39
720 7 8 1 9
721 0 8 1 4
721 104 1 2 4
721 170 10 1 10
721 323 1 4 100
721 584 4 5 1973
722 82 10 1 4
722 100 3 1 4
722 398 4 1 4
722 464 6 4 227
724 20 8 1 4
725 44 3 2 7
725 65 3 3 63
727 200 7 2 18
728 350 1 3 18
728 712 8 4 375
732 834 3 1 4
742 97 10 1 7
743 787 5 1 4
744 280 6 1 4
745 63 5 1 5
746 386 7 1 11
751 506 2 3 24
752 261 9 1 5
752 786 10 1 4
759 130 9 2 27
760 40 2 2 7
760 220 9 1 4
760 300 9 1 4
761 435 3 1 4
768 226 2 2 4
768 326 6 1 10
768 608 8 3 126
768 666 1 5 172
768 736 5 1 8
768 738 1 2 4
769 34 1 7 7169
769 277 1 4 86
769 350 8 6 11481
769 773 7 3 140
770 211 2 2 4
770 256 3 2 7
770 515 1 3 20
770 663 4 1 4
771 128 8 3 62
771 793 5 4 458
772 0 5 1 8
772 32 2 4 162
772 130 9 1 4
774 8 10 1 4
774 936 10 1 7
775 48 8 5 1592
775 921 8 1 4
776 155 7 3 62
776 586 4 1 4
777 6 4 3 53
777 554 6 8 382465
777 608 1 6 2450
778 330 2 2 6
778 389 2 4 100
780 193 4 1 4
780 552 10 4 243
780 901 10 1 12
781 222 6 2 18
782 226 9 1 4
784 514 10 4 859
784 549 5 2 21
784 634 10 5 5150
785 45 4 1 4
786 521 10 1 4
788 25 5 5 975
788 324 10 1 4
792 16 8 1 4
792 274 6 1 4
792 540 10 1 7
793 498 6 2 12
793 628 8 1 4
798 776 5 1 4
800 9 2 9 1078606
800 45 1 2 4
800 133 1 3 7
800 824 3 3 48
801 34 6 2 30
801 312 3 2 12
801 592 9 1 13
801 642 10 3 77
802 769 6 1 7
803 512 10 2 22
804 104 7 1 4
804 433 5 1 4
805 387 1 5 118
806 134 7 2 15
806 232 7 1 4
806 326 5 1 4
806 480 10 6 40431
808 526 10 1 4
808 945 10 1 15
810 394 7 7 172733
814 905 4 3 82
816 18 4 1 4
816 24 5 1 4
817 784 7 1 4
818 253 5 8 256279
819 69 7 3 64
821 236 5 2 18
822 211 1 2 4
824 978 10 1 4
830 356 9 2 20
832 16 1 2 4
832 30 3 5 646
832 43 9 2 18
832 281 3 1 4
832 328 10 1 7
832 427 5 2 19
832 548 7 2 19
833 147 7 4 204
833 999 6 4 211
834 0 8 1 4
834 32 4 1 7
834 67 8 1 4
834 148 9 1 4
835 392 3 3 57
836 86 10 1 8
836 388 2 4 103
836 485 4 9 8825057
839 21 1 2 4
840 96 1 3 6
840 545 10 1 4
840 800 7 1 4
841 32 1 4 62
842 132 6 3 77
842 200 9 1 4
844 584 9 1 4
845 561 9 1 4
845 624 3 2 10
848 391 1 3 13
848 899 4 5 2732
849 792 4 1 5
849 1018 4 1 4
850 308 2 2 7
850 776 2 2 4
851 195 10 1 17
852 2 9 2 20
852 64 10 1 8
852 72 4 8 237583
852 824 5 1 4
854 681 7 3 59
857 42 6 4 271
863 516 3 1 4
864 23 3 1 4
864 786 6 3 63
870 6 3 2 7
871 264 4 1 7
872 50 9 5 2473
874 360 3 3 45
878 258 9 3 130
882 591 8 3 81
885 601 9 3 139
895 603 6 1 5
896 330 3 2 7
897 39 2 2 5
898 699 9 1 7
899 537 5 2 10
900 162 4 3 32
900 313 10 1 4
902 131 10 1 4
902 420 10 1 4
903 339 7 1 4
904 112 8 3 141
904 231 9 1 15
904 929 6 5 1291
905 196 1 3 8
905 540 7 1 4
905 572 9 1 4
906 137 9 3 95
906 210 9 3 167
906 328 1 3 7
907 276 1 6 1687
911 10 1 5 399
911 896 5 3 46
912 388 6 1 4
914 216 3 1 4
914 669 8 4 281
914 776 7 1 4
916 742 5 2 12
917 560 10 1 8
917 912 6 1 4
918 0 8 1 4
920 200 4 1 4
921 272 9 1 4
922 8 8 1 4
927 190 9 6 6272
928 64 5 1 4
928 384 1 3 7
929 257 3 7 49697
929 316 9 1 9
930 720 10 5 1230
931 657 2 2 7
932 274 1 2 4
932 783 10 2 20
933 657 6 1 4
938 552 3 4 295
940 512 4 8 367790
945 456 3 1 4
948 9 1 4 31
953 905 8 1 4
960 358 8 2 17
961 131 2 5 550
961 291 1 5 192
961 333 2 2 4
961 472 2 2 7
961 481 4 7 41889
963 130 10 1 3
965 937 1 6 4505
966 29 1 2 5
966 192 6 7 54503
966 197 5 4 174
966 555 9 6 9950
968 51 5 6 8386
969 313 7 3 60
970 180 9 1 4
976 321 6 1 4
977 22 8 1 4
977 34 6 2 11
977 549 7 1 4
978 817 7 4 756
984 324 6 2 14
987 962 7 2 17
996 36 5 6 9240
996 836 2 3 28
998 127 7 1 4
998 179 10 4 589
1001 286 2 4 126
1003 684 7 1 4
1004 129 7 1 3
1018 358 3 5 361
1020 371 1 2 4
1021 643 5 1 8
