1718 0.00575909280633476 
805 0.00513573947170196 
876 0.005381412652124206 
1028 0.005371879049791146 
402 0.00515113994512497 
1062 0.005308077261313887 
1900 0.005304410444117913 
1260 0.004931867828084148 
1255 0.005363078778448413 
1272 0.005539084317281761 
263 0.0050983381661803195 
114 0.005218608171862118 
7 0.005194407676148407 
1738 0.0051782739426066045 
751 0.005139406279676716 
371 0.005151873230638195 
87 0.005381412693313743 
1253 0.005201008432195408 
1404 0.005166540286991921 
1343 0.005158473495225883 
1658 0.005019869746910541 
842 0.00531614445021759 
955 0.005297076947847635 
227 0.005205407936303134 
1583 0.0055808856954161525 
1728 0.005194407680284942 
1195 0.005099072969547048 
1254 0.005286810036899979 
1297 0.004894480273083662 
1101 0.005297810434136824 
1348 0.0055478845780157805 
1963 0.0049656011095858855 
522 0.005195874353867839 
648 0.005162140242515481 
1044 0.00521274143892973 
506 0.005522950418769172 
1200 0.005461348425136469 
1950 0.0052024744265802315 
1577 0.005173140439269276 
1268 0.005411480221183674 
644 0.0051357394858871416 
1150 0.005163606966480255 
1147 0.005750292200323816 
978 0.005406346870073934 
1558 0.005399746533956058 
1798 0.00518707415748579 
440 0.0052926779681815635 
1104 0.005698222870357852 
216 0.005276543115907019 
1312 0.00565568880445316 
155 0.005157740173182163 
1774 0.00513207287272375 
273 0.005123272681155828 
970 0.005295610704321704 
706 0.005212008106649084 
1826 0.005420280485385801 
731 0.005171673899930341 
494 0.005104938875442423 
911 0.005383612731428159 
34 0.005173140500698509 
343 0.005476015542044137 
341 0.00542028050913238 
1300 0.0054092801465305184 
313 0.005324211037972345 
485 0.005050671226167544 
1081 0.00515113990780202 
1025 0.005047004435959217 
153 0.005158473407929058 
1819 0.005645421753003382 
976 0.005207607982566142 
376 0.005181207299131486 
1436 0.005230341919078665 
325 0.005247208918498878 
1834 0.005104205574660051 
1777 0.005278743064028112 
33 0.005082207073812331 
1744 0.005388746228312332 
662 0.0051555400518342445 
1759 0.0051122724493595 
359 0.00511080573455764 
