0 4 1 2 4
0 17 1 2 4
0 29 10 3 78
0 47 2 3 20
0 135 2 2 4
0 150 10 1 4
0 259 1 4 38
0 321 9 4 489
0 415 9 3 157
0 552 9 5 4324
0 646 3 2 7
0 670 3 1 4
0 679 4 1 5
0 843 4 1 4
0 936 7 5 3285
1 7 1 3 7
1 481 6 4 326
1 644 3 3 24
1 825 1 4 56
2 8 4 1 4
2 260 8 1 13
3 24 6 1 7
3 272 8 1 4
3 652 2 2 4
3 817 2 2 8
4 15 7 1 11
4 24 5 2 11
4 50 6 2 13
4 284 3 2 10
4 576 9 1 7
5 18 10 1 4
5 887 10 1 4
6 3 7 1 4
6 268 5 2 11
6 512 8 2 23
7 110 6 1 7
8 19 9 1 4
8 42 9 1 4
8 273 8 1 4
8 386 10 1 15
9 39 7 1 10
9 43 1 2 4
9 274 3 4 104
9 416 3 5 647
9 572 5 1 4
9 823 6 2 18
10 40 4 3 47
10 584 7 4 483
11 204 4 2 13
12 0 9 1 4
12 24 2 2 10
12 65 1 2 4
12 366 7 1 5
12 634 7 1 4
13 320 8 1 4
15 352 7 3 39
16 24 5 1 7
16 64 9 1 4
16 96 10 1 4
16 198 10 5 6121
16 643 4 1 4
16 806 2 2 7
17 48 10 3 62
18 51 9 1 4
18 290 5 3 74
18 645 8 1 4
19 24 4 2 17
19 709 6 3 49
20 1 7 4 162
20 10 9 2 41
20 69 7 3 154
20 194 10 1 4
20 786 7 1 4
21 258 7 1 5
22 133 7 1 4
22 320 4 1 4
22 331 6 1 4
22 565 9 1 7
24 533 3 8 495033
24 786 2 3 29
26 801 8 3 166
27 130 1 3 15
27 547 8 2 33
27 549 1 6 992
28 203 1 4 45
28 624 10 1 4
29 327 7 1 4
32 16 5 2 19
32 33 10 1 4
32 72 1 2 4
32 204 6 1 4
32 612 3 2 7
32 641 1 7 6414
33 2 1 3 7
33 3 5 1 4
33 31 2 4 54
33 277 9 1 5
33 785 3 1 4
33 945 3 6 7904
34 292 8 2 24
34 561 9 1 4
34 663 8 1 4
35 551 1 4 57
35 689 7 1 4
36 12 2 2 4
36 257 9 2 44
36 288 4 3 37
36 858 6 3 56
38 180 6 5 1697
39 520 4 1 7
40 39 4 9 6700262
40 256 9 6 10132
40 672 10 1 16
40 756 1 3 8
40 761 9 8 1091134
41 276 10 1 4
42 411 7 1 5
42 839 8 1 4
44 10 3 1 4
44 12 2 2 4
44 47 7 1 7
45 23 3 3 65
45 808 4 5 1036
45 844 5 1 4
48 168 8 1 4
48 198 6 1 4
48 932 8 1 4
50 9 2 2 4
50 528 2 2 4
52 256 6 1 4
54 112 3 3 27
54 718 2 2 4
56 89 3 4 264
56 267 1 2 4
56 544 7 1 7
57 33 10 1 4
57 448 9 1 13
59 58 9 1 4
60 33 5 1 4
60 948 3 1 4
61 644 6 1 7
61 648 8 1 4
64 1 4 1 4
64 197 10 1 4
64 203 7 1 4
64 272 7 1 4
64 514 8 4 220
64 686 9 2 36
65 61 5 1 4
65 241 1 2 5
67 453 9 2 24
67 482 9 1 4
68 576 6 1 4
69 138 4 5 1985
69 276 7 4 269
69 529 5 1 4
70 212 7 1 4
70 642 6 1 7
70 648 3 3 27
70 672 3 8 766179
71 264 8 6 15895
72 8 1 7 16140
72 65 7 1 3
73 999 2 6 2785
74 768 7 1 5
75 576 4 3 84
77 450 6 7 91506
78 784 5 3 107
80 0 6 4 190
80 132 4 1 4
80 677 7 1 4
81 852 6 2 13
84 216 6 4 280
85 65 9 4 334
86 234 7 4 177
86 524 7 1 4
89 2 5 1 4
89 4 3 1 4
90 977 6 1 4
90 988 5 2 13
92 38 1 2 4
95 20 8 5 2045
96 208 6 1 4
96 276 5 1 4
96 304 6 2 27
96 321 8 4 232
96 547 5 4 179
97 130 7 1 4
97 195 1 3 7
97 473 9 1 7
98 401 9 1 4
99 249 10 1 5
100 901 3 1 4
101 169 5 4 445
102 6 8 1 4
102 78 10 3 56
102 166 7 1 4
104 64 9 3 93
104 313 8 1 4
105 3 7 2 18
105 296 2 2 8
108 514 3 1 4
108 825 2 2 7
112 1 2 2 4
112 28 2 2 10
112 84 4 1 3
112 107 7 1 4
114 416 4 1 7
117 106 3 3 40
118 565 6 1 4
123 600 7 2 16
124 304 7 1 4
125 268 5 1 5
128 200 3 2 10
128 362 6 2 23
128 376 7 1 4
128 770 9 1 8
129 584 8 4 568
130 78 2 7 28646
130 520 8 1 5
130 540 3 5 648
130 772 7 2 23
131 581 5 1 4
132 6 8 1 7
132 17 2 6 1871
132 372 5 2 21
132 713 6 1 4
132 957 6 1 4
133 23 8 4 322
133 614 1 2 3
134 67 9 2 33
134 84 8 1 4
134 516 1 4 39
136 39 2 4 130
136 160 7 1 4
136 610 7 1 4
136 831 7 3 102
137 148 2 2 10
137 259 8 1 4
137 778 8 4 410
138 266 1 3 21
139 426 4 1 5
140 135 9 1 4
141 2 8 2 23
143 116 1 2 5
144 18 10 3 81
144 520 6 1 4
145 2 4 1 4
145 67 1 5 117
145 184 6 1 4
146 69 9 4 217
146 146 3 1 5
146 910 8 1 4
148 1 10 1 4
148 130 7 1 4
148 278 1 3 7
149 649 10 1 4
150 160 1 3 11
151 132 3 2 8
151 250 9 1 4
153 26 4 4 155
153 151 9 1 5
153 592 8 1 4
153 833 9 1 4
156 814 9 4 342
160 34 3 3 16
161 21 4 5 519
161 326 7 7 120785
162 160 6 5 2848
162 517 5 7 59645
163 601 3 3 24
164 264 9 1 4
164 646 6 1 4
167 104 1 5 625
167 712 6 1 5
168 67 6 2 19
168 98 1 9 473218
169 351 4 1 4
172 8 10 2 23
174 493 6 4 145
176 273 10 1 4
176 916 8 7 184502
176 932 2 4 122
177 280 1 3 8
178 100 5 5 1418
178 580 9 1 8
180 152 8 1 4
180 600 1 3 8
181 97 3 1 4
181 331 7 1 8
182 728 8 3 133
184 141 4 2 15
184 161 2 3 36
185 5 2 5 630
188 4 6 1 4
192 72 1 2 4
192 388 10 4 353
192 524 7 1 4
192 536 10 5 1736
192 713 8 1 4
192 898 4 1 5
192 999 4 2 19
193 8 1 2 4
193 375 1 3 7
193 422 4 3 33
194 677 6 1 4
196 377 2 3 16
197 61 5 4 261
197 611 1 5 322
198 3 10 1 4
198 812 1 4 27
200 577 5 5 1225
202 11 10 1 4
203 654 3 3 16
204 6 6 2 13
204 520 8 3 92
208 88 4 4 426
209 513 8 1 10
212 34 2 6 2377
213 64 1 2 4
216 792 7 2 16
220 176 4 2 8
226 157 5 1 4
228 32 9 1 7
231 290 5 3 44
233 212 6 1 5
233 973 9 1 4
234 917 10 9 16110372
238 620 9 4 420
238 642 2 2 7
240 914 5 1 4
244 932 8 1 5
245 705 4 4 338
248 0 3 5 857
256 1 1 4 41
256 4 5 1 4
256 160 3 1 4
256 212 5 1 4
256 312 5 2 11
256 344 7 4 268
256 416 6 1 4
256 705 9 1 4
256 963 3 4 123
256 992 2 7 31217
257 272 6 1 7
257 680 8 4 188
257 912 4 2 10
258 24 4 1 4
258 34 3 4 101
258 265 2 4 107
258 673 4 1 5
259 7 8 1 7
259 226 8 1 4
259 532 6 1 4
260 256 8 1 4
260 295 6 3 39
260 545 3 1 4
260 678 8 6 31150
261 72 7 1 4
262 906 8 1 4
262 1013 7 2 16
264 568 1 3 7
265 632 3 2 8
266 336 4 3 70
267 581 9 1 4
268 177 6 1 7
268 577 7 4 364
269 444 8 1 7
269 640 7 3 59
270 532 4 2 8
272 520 2 5 417
272 554 8 1 10
273 903 6 1 4
275 512 4 1 7
276 288 2 2 4
276 628 6 1 7
277 128 3 2 13
277 385 10 2 37
279 18 4 2 8
280 600 8 1 4
282 787 1 2 4
283 514 7 1 4
286 12 4 3 46
286 624 3 3 24
287 448 3 1 4
288 50 6 1 4
288 132 4 1 4
288 224 10 4 285
288 292 10 9 10153856
288 545 9 3 88
289 36 5 5 1816
289 156 1 4 63
289 345 1 4 87
289 468 7 1 4
289 753 1 2 5
290 258 4 1 7
290 388 1 2 4
291 32 1 2 4
291 610 8 4 201
291 967 5 1 4
292 19 9 1 4
293 960 6 1 4
294 27 5 3 29
294 742 1 2 4
296 57 5 1 4
296 131 4 1 4
297 325 8 3 167
299 78 10 1 12
299 291 3 1 4
301 274 4 5 1507
304 8 10 1 4
304 63 6 3 33
304 106 5 7 24776
304 212 10 1 4
304 258 2 2 8
306 918 9 7 317872
308 583 10 2 21
308 640 8 1 4
308 832 9 1 8
314 109 9 1 4
314 376 2 4 130
318 532 3 1 4
318 914 3 1 5
320 315 4 3 22
320 407 8 7 58324
320 428 5 1 4
320 641 10 2 21
320 720 3 1 4
321 768 6 4 305
321 1008 1 2 4
322 80 2 5 328
322 196 1 2 4
322 899 8 1 4
322 902 10 1 14
323 360 8 1 11
324 167 2 2 9
324 200 9 1 4
324 530 4 2 11
325 74 6 1 4
326 11 10 1 4
326 116 7 1 4
326 280 2 7 28137
326 443 7 1 4
327 698 3 1 4
328 853 10 1 4
329 258 8 3 114
331 512 7 5 2277
335 83 5 7 31400
342 15 5 2 10
343 475 7 1 8
345 32 7 5 994
345 728 6 3 44
345 992 1 3 17
347 11 10 3 147
347 296 9 1 8
352 794 1 3 10
353 138 2 3 25
353 389 5 1 5
353 684 10 1 10
354 25 7 1 7
354 836 5 1 5
355 134 4 1 4
356 800 4 1 4
357 433 10 1 4
358 3 8 1 7
360 784 3 1 4
361 316 5 2 17
363 162 3 1 4
363 424 1 2 4
368 49 9 1 4
371 772 3 2 10
372 352 9 1 4
375 77 9 4 410
376 193 3 2 10
379 333 1 2 4
384 6 4 3 36
384 156 2 2 4
384 481 3 1 4
384 597 8 1 11
384 692 9 1 4
386 158 8 4 270
386 160 5 3 49
386 275 4 2 11
387 297 1 2 4
387 545 10 2 24
387 1016 5 1 8
388 332 3 1 4
389 596 8 1 7
391 461 6 7 88962
392 38 5 3 74
392 553 7 3 57
393 461 3 1 4
395 558 4 1 4
395 647 2 4 99
396 777 1 2 4
397 305 7 1 4
398 943 8 2 18
400 10 1 2 4
400 21 1 3 7
400 144 1 5 303
401 932 3 8 261410
402 68 3 2 7
405 160 6 1 4
406 677 5 7 103256
406 928 1 8 101139
408 405 3 1 5
408 576 7 1 5
410 520 6 2 12
412 6 5 1 8
413 640 1 6 2869
414 932 2 4 165
416 292 9 1 7
417 577 3 1 4
420 288 9 1 14
423 384 6 8 670443
424 481 4 1 7
425 161 6 1 5
428 194 5 1 4
428 620 8 1 10
430 8 7 1 4
430 203 4 3 22
433 197 10 1 4
434 734 10 2 35
437 2 1 3 13
448 655 10 5 2122
449 321 9 7 77112
450 450 10 1 5
452 488 5 1 4
454 437 1 3 13
454 782 9 1 4
456 774 6 2 28
458 743 3 6 12068
463 916 2 4 77
465 531 2 2 5
465 761 3 2 13
466 58 1 4 29
467 300 3 1 4
472 256 1 5 124
473 6 5 2 18
473 600 2 2 5
480 665 9 1 5
480 731 10 1 11
481 416 8 1 5
482 208 6 1 4
483 555 9 1 4
488 3 10 1 7
488 269 3 1 4
491 112 9 1 4
505 332 4 1 4
512 1 10 3 55
512 153 2 2 10
512 266 5 5 1597
512 420 8 3 73
512 514 10 1 4
512 522 7 1 4
512 936 10 1 5
513 42 5 1 7
513 47 1 3 10
513 100 2 4 180
513 340 8 6 8264
513 548 2 1 3
513 640 8 1 4
514 452 2 2 7
514 572 10 2 18
514 780 10 2 22
515 598 9 2 19
516 33 5 3 33
516 69 7 1 4
516 385 4 1 5
516 442 2 2 4
516 555 9 1 8
516 582 7 7 219055
516 779 9 4 338
516 785 4 1 5
517 177 6 1 4
517 525 1 5 285
518 41 8 2 38
520 94 5 2 11
521 229 10 1 5
521 560 3 7 22876
522 234 10 4 277
522 652 3 3 62
523 650 5 1 4
524 520 3 4 89
525 820 4 1 7
526 548 9 3 48
527 36 10 1 4
527 713 2 2 4
528 10 1 3 13
528 36 5 1 4
528 97 1 3 7
528 406 7 2 27
529 16 8 1 4
529 423 1 2 4
529 520 3 1 4
530 86 3 5 434
530 325 1 2 4
534 786 4 1 4
535 10 3 1 4
536 10 2 2 7
537 257 3 4 312
538 74 4 2 11
538 820 10 1 12
540 256 9 1 4
544 6 9 1 4
544 21 1 2 4
544 160 5 1 4
545 226 10 1 5
545 520 10 1 10
546 263 4 1 7
546 650 1 2 4
546 900 9 7 68723
547 427 2 4 75
548 169 7 1 4
549 68 2 4 133
549 97 6 1 4
550 36 8 1 8
550 649 2 2 4
551 4 1 3 7
554 137 1 2 4
555 52 2 2 4
557 6 6 1 4
557 512 4 3 25
557 557 9 6 33660
562 162 2 5 909
564 656 2 4 139
567 793 4 3 39
569 522 8 1 4
571 100 10 1 8
572 36 6 3 42
572 370 8 1 4
573 886 7 2 23
574 696 1 4 48
576 5 4 4 190
576 76 5 2 10
576 133 3 4 103
577 236 8 3 161
577 401 10 1 14
578 96 3 2 9
578 136 8 1 4
579 136 5 1 4
580 64 8 2 16
580 507 8 5 4426
580 528 9 1 7
583 129 3 7 37019
585 208 4 2 13
585 354 7 4 469
585 389 9 1 4
587 608 8 2 22
592 322 1 3 8
593 429 5 1 4
596 91 7 1 5
599 92 6 6 10500
604 1006 10 1 4
606 281 8 1 4
607 393 8 3 63
608 185 4 1 4
608 522 4 1 4
608 648 10 5 1367
609 768 3 1 4
611 125 3 1 4
613 840 3 3 49
617 374 4 1 4
618 1004 2 2 5
619 140 4 1 4
623 1000 10 1 4
625 5 7 4 373
625 261 2 3 18
626 8 8 7 55169
626 104 7 1 4
627 418 1 2 4
632 18 7 1 4
635 546 9 1 4
640 4 5 1 7
640 160 9 1 4
640 246 3 1 4
640 369 5 7 39828
640 421 6 2 22
640 525 3 2 12
640 659 5 1 4
640 732 6 3 58
640 938 2 2 4
642 512 6 2 13
644 769 9 4 211
648 76 6 1 5
648 694 7 1 4
650 216 7 1 4
650 953 10 1 4
654 565 10 2 52
655 384 4 3 43
655 761 2 2 4
656 3 6 1 4
656 259 3 1 4
657 201 3 1 4
660 85 8 1 5
664 16 6 1 4
665 3 2 3 29
665 260 7 7 131849
666 66 3 1 4
672 129 3 2 7
672 608 10 1 12
674 259 6 2 15
674 288 1 7 9041
675 257 5 1 4
675 470 8 6 20055
677 641 3 5 737
680 20 4 1 4
680 450 6 1 4
682 156 3 1 4
684 1008 4 4 164
686 426 7 4 196
688 385 9 2 41
690 110 3 1 4
691 12 9 1 4
692 914 8 1 5
693 522 8 4 598
694 931 8 1 5
694 976 7 2 19
695 517 1 3 8
700 18 1 2 4
700 229 4 1 4
704 34 3 1 4
704 76 5 3 48
705 596 1 10 3908129
705 854 7 1 7
706 17 2 2 4
706 161 5 2 10
706 460 10 3 108
706 732 8 1 8
709 644 3 8 218888
709 843 5 1 4
716 339 2 2 4
719 512 7 3 43
720 144 1 2 4
721 104 6 1 4
721 584 10 5 1215
722 82 1 4 56
725 44 7 1 4
725 65 10 1 4
728 712 1 2 4
730 332 10 1 4
732 834 7 1 8
737 25 1 2 4
737 64 4 5 1005
740 235 7 8 982215
740 801 2 2 4
742 97 1 2 4
744 124 4 2 8
744 280 1 6 2987
746 536 5 1 7
752 494 8 4 402
752 786 9 1 4
759 130 5 1 4
760 220 6 5 1345
760 300 6 3 73
768 326 5 1 4
768 666 7 1 4
768 738 9 1 4
769 350 10 6 10884
770 256 10 1 5
770 515 9 2 16
772 32 8 3 160
772 130 6 1 4
775 48 5 2 14
777 200 7 2 16
777 554 8 6 8489
778 707 2 2 4
780 14 8 1 9
780 552 2 2 4
780 707 1 6 704
781 222 3 2 7
782 405 6 10 23073691
784 549 6 1 4
784 841 9 1 7
786 914 7 6 23860
788 25 7 2 27
788 332 6 1 4
792 274 8 1 5
800 73 8 1 4
800 97 6 2 25
801 312 3 1 5
804 104 6 2 16
812 778 7 4 246
816 24 4 2 11
832 16 2 6 4520
832 21 2 3 13
832 43 5 1 4
832 281 3 1 4
832 328 10 6 41460
832 427 4 2 16
833 147 1 2 4
833 999 9 4 800
834 67 6 1 10
835 264 6 1 8
836 86 9 1 4
840 96 4 1 5
840 545 5 1 4
842 132 1 4 30
845 561 6 3 60
848 90 1 2 4
852 64 6 3 103
852 824 8 6 16556
854 681 10 5 1302
856 866 4 4 351
866 260 5 4 111
871 264 3 2 15
872 32 2 3 32
874 360 10 3 147
895 603 7 2 25
896 868 4 4 180
897 39 1 2 4
897 1002 10 1 7
900 313 2 5 1314
902 131 7 8 710833
902 420 3 2 13
904 552 8 1 6
904 929 10 3 171
905 572 10 7 89341
906 210 5 2 19
906 328 8 1 4
907 276 9 3 53
908 456 6 1 4
911 10 5 1 7
911 896 10 2 43
912 129 2 2 4
912 388 2 2 4
914 216 5 1 5
914 776 7 1 3
916 742 9 1 4
917 912 4 1 4
928 384 7 1 4
930 720 3 1 4
931 657 6 1 4
938 316 5 1 5
944 165 7 1 4
944 756 6 1 4
946 205 3 2 7
947 568 4 5 749
951 818 1 9 503402
961 333 7 1 4
965 937 8 4 225
966 29 7 1 4
968 360 4 1 7
969 313 10 1 4
976 321 6 1 10
976 779 8 1 7
996 36 8 1 4
996 836 7 1 5
998 127 4 1 4
1002 912 3 4 144
1020 371 6 3 32
1021 643 7 1 5
