0 4 9 1 12
0 9 8 3 174
0 17 5 7 166557
0 18 4 2 11
0 47 2 5 901
0 112 7 1 7
0 166 2 6 2791
0 215 6 1 10
0 256 8 1 9
0 259 5 6 17450
0 265 2 8 146171
0 274 9 2 41
0 321 1 3 15
0 415 9 2 30
0 552 9 5 4452
0 646 5 5 809
0 670 9 1 4
0 674 2 5 541
0 679 3 2 7
0 843 3 1 4
0 917 4 2 10
0 936 8 1 12
1 7 1 5 134
1 15 10 2 23
1 30 3 1 4
1 70 7 1 4
1 82 2 8 583489
1 135 5 2 23
1 292 4 1 4
1 481 8 1 7
1 535 7 1 5
1 565 7 4 313
1 644 1 2 4
1 705 4 8 319406
1 768 2 7 17980
1 825 8 1 4
1 920 7 8 1755828
2 0 4 1 7
2 8 1 7 7898
2 48 5 3 82
2 132 7 5 1399
2 167 9 5 2595
2 260 9 1 13
2 267 2 3 17
2 328 7 1 12
2 523 4 2 15
2 826 9 1 14
3 24 10 1 10
3 131 5 1 7
3 272 1 2 4
3 277 5 1 5
3 530 10 1 10
3 592 3 3 33
3 652 9 4 263
3 817 6 3 47
4 0 3 5 649
4 4 8 3 79
4 15 4 2 9
4 50 1 2 4
4 60 6 1 4
4 248 3 4 162
4 293 6 3 49
4 368 1 6 776
4 576 9 3 59
4 683 2 4 48
4 803 4 3 64
4 808 10 3 132
5 216 4 6 3924
5 584 3 1 4
5 887 6 5 1114
6 3 2 3 15
6 148 3 2 10
6 212 1 6 768
6 259 8 4 375
6 267 2 3 15
6 268 2 7 46418
6 512 10 2 23
6 798 3 1 4
6 1002 5 1 4
7 110 9 1 4
7 715 9 6 7227
8 1 10 5 2201
8 2 6 1 4
8 19 1 7 8672
8 32 7 4 416
8 42 8 1 4
8 58 4 2 18
8 202 3 5 957
8 272 4 1 7
8 386 2 2 7
8 393 2 2 4
8 486 10 4 678
8 642 10 2 20
8 656 6 3 72
8 735 3 7 29985
8 850 6 2 12
8 902 9 3 58
9 39 9 1 14
9 43 2 2 4
9 416 10 1 7
9 526 1 4 105
9 572 6 2 20
9 823 8 4 190
9 907 6 2 26
10 13 10 2 24
10 40 6 1 4
10 75 2 8 186071
10 160 6 1 4
10 176 7 4 309
10 208 4 1 4
10 523 7 1 4
10 584 5 1 4
10 680 7 2 37
10 778 6 7 31948
11 204 3 4 147
11 586 5 2 15
11 779 7 1 4
12 0 10 1 4
12 24 3 2 9
12 55 4 8 376867
12 65 2 6 6926
12 116 10 1 4
12 128 8 2 15
12 269 10 3 87
12 366 7 3 128
12 634 2 2 7
12 781 4 1 4
13 66 2 2 4
13 192 9 1 7
13 224 3 2 10
13 320 6 8 604909
13 780 1 2 4
14 127 2 3 12
14 210 7 4 194
14 321 5 3 36
14 376 1 3 13
14 616 10 1 7
15 352 8 1 4
15 485 7 3 138
15 659 6 2 13
15 854 8 1 5
16 9 8 2 20
16 24 10 5 1268
16 64 1 4 83
16 132 4 2 10
16 148 6 1 4
16 198 4 6 6323
16 516 1 2 4
16 643 5 2 17
16 806 8 1 4
17 48 5 7 65159
17 258 4 3 48
18 51 2 2 10
18 203 8 1 4
18 215 2 2 10
18 290 3 8 193328
18 641 7 7 158951
18 645 10 1 7
19 7 2 5 329
19 24 4 2 20
19 709 5 2 10
20 1 8 5 1086
20 10 2 2 10
20 28 8 1 4
20 69 2 5 615
20 194 10 1 4
20 786 9 1 7
21 116 1 7 9430
21 258 1 4 97
21 308 7 1 4
22 24 4 1 7
22 68 8 1 8
22 97 10 1 7
22 133 6 1 4
22 320 1 4 61
22 331 9 7 104291
23 328 10 8 601457
23 770 8 2 19
23 886 3 1 3
24 9 7 1 4
24 781 2 3 13
24 786 6 1 4
24 848 5 6 9980
24 944 2 2 4
26 20 5 3 43
26 109 8 1 7
26 801 6 4 202
27 210 9 7 258930
27 547 3 3 38
28 42 1 6 3816
28 72 8 1 7
28 192 7 10 82805305
28 624 6 10 87896774
28 647 10 7 162920
29 5 5 2 9
29 327 4 1 4
29 532 6 1 4
29 809 5 3 49
30 52 4 6 2962
30 129 1 3 7
30 588 8 2 15
31 77 4 5 862
31 561 10 1 12
32 16 5 1 4
32 33 9 3 51
32 42 4 1 4
32 196 6 1 4
32 204 4 3 22
32 211 4 6 7632
32 276 9 1 15
32 514 9 3 157
32 612 5 7 197008
32 641 3 6 6359
32 721 3 2 10
32 759 7 1 4
32 803 6 2 24
33 3 1 3 9
33 26 1 3 7
33 64 8 1 7
33 277 3 4 118
33 320 4 2 17
33 544 4 3 44
33 898 10 1 4
33 945 1 3 7
34 144 2 2 10
34 292 1 6 1097
34 324 2 2 5
34 561 8 1 4
34 663 5 4 245
34 720 1 2 4
34 800 9 3 50
35 65 1 3 10
35 266 6 1 4
35 551 4 6 6586
35 689 7 2 23
36 12 6 3 65
36 34 2 2 7
36 48 7 5 4612
36 257 1 4 44
36 266 6 1 4
36 288 2 4 78
36 320 8 2 28
36 448 6 2 21
36 555 7 4 339
36 705 8 8 834871
36 858 9 3 124
37 13 4 4 268
37 364 10 1 4
37 520 7 2 30
37 594 2 4 77
37 640 7 1 7
38 180 5 3 55
38 204 4 1 7
38 544 2 4 218
39 3 6 1 4
39 48 6 1 4
39 982 5 2 18
40 9 3 1 4
40 20 6 2 22
40 39 4 3 56
40 65 5 1 4
40 256 9 5 1749
40 512 3 8 334611
40 528 10 1 4
40 605 7 2 14
40 672 8 2 20
40 756 8 2 26
40 761 4 7 98401
40 840 9 1 4
40 980 7 1 7
41 96 1 4 32
41 276 7 4 205
41 513 4 1 4
41 987 8 2 28
42 42 6 2 18
42 140 1 2 5
42 329 4 4 428
42 411 6 2 12
42 778 9 2 18
42 839 9 1 14
43 1 7 1 4
43 546 5 1 4
44 10 4 1 5
44 12 2 2 4
44 47 8 6 22998
44 430 7 2 28
44 524 1 5 115
44 794 9 1 7
45 23 9 2 38
45 50 4 3 28
45 74 7 9 10150095
45 808 7 6 5366
45 844 6 1 7
46 57 1 5 215
47 80 9 2 47
48 67 5 9 2682054
48 168 3 3 22
48 176 5 1 4
48 193 10 8 415957
48 226 4 4 128
48 646 6 1 4
48 789 5 1 4
48 843 7 3 70
49 17 3 2 15
49 310 1 3 7
49 516 5 4 131
50 9 10 3 136
50 113 2 2 4
50 528 5 6 4116
51 70 2 4 115
51 377 1 3 14
51 516 2 5 487
52 46 1 4 29
52 188 7 6 11275
52 256 1 3 10
52 285 10 1 7
53 245 3 2 10
54 718 2 2 4
55 278 1 2 4
56 89 9 5 4955
56 267 2 4 223
56 560 1 2 4
57 5 3 5 645
57 128 7 3 120
57 448 1 3 10
59 292 7 5 1929
59 453 9 1 9
59 583 3 1 4
60 3 7 1 4
60 5 8 1 4
60 33 4 1 4
60 112 7 4 202
60 948 8 1 12
61 644 9 2 34
62 521 6 2 16
64 1 8 2 34
64 26 10 1 4
64 41 6 1 4
64 192 7 2 16
64 194 8 1 4
64 203 5 2 25
64 272 7 1 4
64 370 2 3 30
64 465 3 2 13
64 481 9 2 30
64 514 1 6 793
64 686 7 1 4
64 756 10 1 15
64 771 4 6 12107
64 780 7 1 10
64 790 5 1 7
65 25 8 1 4
65 104 7 5 1279
65 118 2 3 20
65 218 5 5 1241
65 241 3 5 1639
65 421 7 2 36
65 515 6 1 9
65 614 9 4 235
66 140 4 8 958012
66 545 4 2 13
67 2 10 1 4
67 73 5 6 6884
67 453 5 1 7
67 840 4 1 7
68 153 4 3 26
68 226 2 2 10
68 284 10 1 7
68 322 2 2 4
69 138 2 6 2072
69 276 9 1 4
69 466 5 4 201
70 212 1 3 9
70 431 5 2 20
70 646 10 1 7
70 648 5 5 692
70 672 6 1 4
71 1 7 6 11005
71 409 8 8 580449
71 700 8 3 82
72 37 2 4 61
72 65 10 1 4
72 280 2 2 7
72 437 6 1 4
72 533 2 3 25
72 961 8 4 780
73 39 9 5 2465
73 640 1 2 4
74 512 5 4 140
74 600 9 6 12536
74 768 8 2 15
74 1012 5 1 7
75 259 5 5 2532
76 84 8 1 4
76 133 10 3 88
76 586 7 1 12
76 855 1 4 72
77 256 5 5 820
77 267 5 7 45142
77 450 4 7 90771
77 456 7 3 62
78 288 4 1 4
78 517 9 1 7
78 784 6 1 7
78 919 7 1 4
79 386 2 5 467
80 0 6 1 4
80 51 1 7 10178
80 82 2 4 172
80 132 6 7 224712
80 211 5 3 48
80 528 10 8 2293023
80 677 8 1 4
81 852 5 1 7
82 280 6 1 4
83 115 7 2 15
83 124 7 1 9
83 617 7 3 152
83 784 2 2 7
84 74 1 2 4
85 31 7 6 5122
85 65 2 6 7580
86 234 3 2 9
86 524 6 2 18
87 353 4 2 18
87 462 8 2 31
87 512 1 2 5
87 515 6 5 2231
88 330 10 3 216
88 782 7 3 49
89 2 7 3 74
89 4 7 1 7
89 76 8 2 23
90 20 9 7 344856
90 274 4 3 26
90 988 8 2 42
91 154 10 1 7
91 652 6 1 4
91 951 2 5 335
92 38 10 1 9
92 91 5 1 4
93 134 8 2 15
93 669 4 1 4
94 869 7 2 34
94 954 3 2 10
96 32 3 2 15
96 80 8 3 95
96 103 6 3 106
96 148 3 5 1097
96 208 6 1 4
96 220 2 3 14
96 276 5 1 7
96 304 6 7 40893
96 321 2 5 835
96 356 5 3 84
96 776 6 2 22
96 820 7 3 119
97 18 10 1 4
97 48 9 1 7
97 130 6 2 12
97 167 4 1 4
97 195 4 3 31
97 286 4 1 7
97 473 3 4 205
97 525 4 3 36
98 14 1 7 19353
98 352 8 2 15
98 401 8 1 7
98 671 6 4 145
98 928 6 5 795
99 117 10 1 4
99 134 2 5 248
100 128 1 5 117
100 752 7 3 50
100 768 9 3 130
100 901 9 5 3933
101 70 6 1 7
101 124 2 5 1059
101 161 8 2 15
101 392 3 4 322
101 599 3 7 82139
102 6 6 3 41
102 78 6 3 73
102 166 1 8 64507
102 264 6 3 67
103 704 2 4 50
104 26 6 4 559
104 48 10 1 4
104 64 4 1 7
104 313 1 3 7
104 512 8 3 145
104 673 4 8 458834
105 3 5 3 41
105 296 3 5 1273
105 779 3 2 8
106 516 8 1 4
106 652 7 1 7
107 3 10 3 108
108 133 4 2 18
108 514 3 7 22657
109 707 8 1 5
112 0 8 2 20
112 1 3 2 7
112 3 6 1 7
112 28 4 6 7506
112 84 2 3 12
112 107 3 1 4
112 165 2 2 4
114 68 1 7 8120
114 416 3 1 5
114 452 7 1 7
114 872 3 6 3383
116 33 6 2 22
117 106 7 6 6799
117 803 1 4 46
118 565 10 6 43252
119 446 3 8 252297
119 836 8 2 20
120 0 1 3 17
120 76 8 1 4
121 536 9 6 30236
122 24 1 3 20
123 600 8 1 4
124 304 8 1 4
124 348 2 5 240
125 268 3 4 268
128 10 8 1 10
128 58 9 2 41
128 208 5 1 5
128 320 3 1 4
128 362 7 2 36
128 375 1 3 7
128 376 9 3 59
128 453 7 3 63
128 628 2 2 9
128 770 5 7 27193
128 806 7 1 7
129 0 6 8 443924
129 39 6 4 264
129 88 8 3 45
129 163 5 3 41
129 584 7 3 53
129 707 1 3 9
130 78 8 1 4
130 273 9 5 1546
130 368 9 2 39
130 520 1 4 54
130 528 10 1 7
130 532 9 1 15
130 540 3 5 548
130 675 2 3 30
130 772 4 3 60
131 581 1 5 472
132 17 1 2 4
132 94 5 6 4800
132 137 7 3 114
132 516 5 4 292
132 713 10 3 108
132 916 1 2 4
132 957 5 2 10
133 23 7 4 322
133 138 1 3 19
134 67 7 2 36
134 224 7 1 4
134 377 1 3 7
134 390 1 2 4
134 516 6 2 18
134 768 7 1 4
135 544 7 4 277
136 21 5 2 20
136 39 10 2 36
136 160 2 3 21
136 482 4 1 4
136 610 5 7 36707
136 657 9 1 14
136 684 4 2 17
137 148 6 1 7
137 325 7 3 119
137 678 7 1 4
137 778 10 2 22
138 266 5 1 7
138 415 9 2 25
138 590 10 7 298424
138 902 3 2 8
139 426 1 2 4
139 865 9 4 475
140 72 7 9 9068771
140 135 3 5 861
140 143 3 2 10
140 464 7 1 7
140 724 10 1 10
140 776 3 2 7
141 2 1 4 83
141 521 10 5 1609
141 954 3 2 14
143 116 3 1 4
143 286 3 9 1892712
143 642 2 4 69
144 18 3 5 666
144 68 10 6 10127
144 248 4 1 4
144 257 1 6 4710
144 418 9 4 210
144 433 4 2 15
144 520 9 4 275
144 800 6 1 4
145 1 2 6 6523
145 67 4 1 4
145 94 1 2 4
145 184 6 7 228244
145 216 4 5 483
145 273 2 2 4
145 576 10 7 140091
146 69 4 2 17
146 910 2 4 82
147 513 10 1 12
147 522 2 5 641
148 1 4 2 12
148 24 1 4 23
148 130 2 4 45
148 139 8 4 460
148 146 4 2 17
148 278 10 2 33
148 464 5 5 2774
148 515 3 2 7
148 912 1 4 25
149 20 2 3 25
149 633 4 3 63
149 649 9 1 10
150 141 5 5 1800
150 160 7 2 28
150 656 10 7 102103
151 102 4 1 7
151 250 10 1 4
153 26 8 3 112
153 151 2 3 20
153 171 2 3 12
153 592 1 2 4
153 598 5 2 9
153 833 3 1 4
153 961 10 1 12
156 54 10 1 7
156 133 4 1 7
156 521 2 3 27
156 814 10 2 38
157 404 2 2 4
160 34 10 5 1203
160 81 1 4 25
160 144 4 4 357
160 644 4 10 29872546
160 801 5 2 12
161 21 2 2 7
161 40 3 4 282
161 326 7 7 125244
161 376 7 2 17
161 524 1 8 92204
161 576 6 4 134
161 898 9 2 42
162 160 9 7 202449
162 290 2 2 10
162 306 10 2 20
163 227 1 3 10
163 601 4 2 20
164 34 3 4 82
164 38 10 2 32
164 87 10 8 856716
164 217 6 3 51
164 264 10 6 8464
164 280 7 3 38
164 481 6 1 4
164 636 5 8 1425920
164 646 3 5 471
165 141 7 2 18
165 397 4 1 4
166 686 6 7 79960
167 104 6 5 1193
167 384 9 1 4
167 712 9 1 12
168 52 1 5 197
168 67 8 3 60
168 68 3 1 4
168 98 9 8 1558367
168 480 5 2 10
169 25 8 4 527
169 72 9 1 12
169 351 7 1 4
169 514 5 8 422001
171 144 3 3 28
172 8 8 4 185
172 32 1 5 396
172 569 2 2 4
172 664 1 2 4
173 261 10 1 7
174 493 3 3 23
174 582 1 3 17
175 863 7 5 2237
176 32 9 1 4
176 137 4 5 2617
176 270 4 1 4
176 864 6 1 4
177 560 4 1 7
177 611 1 3 20
178 100 8 1 9
178 144 1 2 4
178 580 2 4 95
178 797 6 1 10
179 429 6 7 47449
180 19 9 1 9
180 600 3 1 4
180 973 1 3 15
181 331 8 3 94
181 768 3 7 26693
181 964 1 10 615358575
182 300 6 1 4
182 728 8 3 108
184 141 10 5 1601
184 161 1 3 16
184 664 10 1 4
185 5 10 2 52
185 42 5 5 627
185 391 7 1 4
186 582 7 1 4
187 800 5 5 706
188 4 10 2 31
188 199 6 1 7
192 43 1 7 13198
192 52 6 4 286
192 72 6 1 9
192 388 1 3 15
192 392 8 5 2562
192 524 6 1 4
192 536 5 1 4
192 713 1 3 20
192 898 3 5 881
192 904 6 1 10
192 999 10 1 10
193 8 4 1 4
193 131 9 1 4
193 162 8 1 4
193 375 8 8 2635946
193 422 5 2 20
193 775 3 3 36
194 592 8 2 23
196 377 1 5 323
197 61 8 1 12
197 100 6 2 15
197 297 9 2 27
197 592 4 2 9
197 611 6 1 5
197 769 8 1 4
200 445 9 8 557987
200 577 1 3 12
200 924 7 4 503
201 39 1 3 7
201 98 2 4 109
201 140 2 4 143
202 11 3 1 5
203 654 5 2 12
204 6 3 2 15
204 520 9 2 33
205 457 6 2 28
206 80 1 5 140
206 530 6 3 44
208 14 7 2 15
208 88 8 3 160
209 513 4 2 15
209 564 7 1 4
210 1 5 4 339
210 882 8 2 19
211 4 7 1 7
212 34 9 5 2428
212 69 6 5 3683
212 112 4 2 9
212 262 9 5 5826
212 285 5 1 4
214 369 4 4 212
214 585 4 5 1338
216 66 3 2 10
216 138 4 1 4
216 792 4 4 320
217 923 4 2 10
219 389 1 5 122
220 658 10 1 10
222 532 10 1 7
222 852 10 3 121
225 257 8 5 1611
225 316 8 1 10
225 948 9 2 18
226 157 2 4 202
227 336 1 5 224
227 592 2 8 109513
227 838 4 3 25
228 32 2 2 4
228 294 2 3 12
230 9 3 3 28
231 261 5 1 4
231 290 3 4 280
232 5 6 3 75
232 65 2 2 4
232 80 10 1 4
232 130 10 1 4
232 480 10 1 7
233 212 1 7 6374
233 912 7 4 157
234 917 7 9 16726879
235 281 6 1 9
235 645 8 2 17
238 642 3 3 22
239 370 3 2 9
239 560 4 2 12
240 18 5 2 15
240 799 9 3 52
240 914 9 1 10
241 206 4 7 36991
241 245 1 5 298
244 356 3 1 4
244 932 6 1 4
245 705 2 2 7
246 64 8 3 48
248 0 2 2 7
248 290 2 2 4
248 557 7 7 36661
248 902 2 4 112
250 46 6 4 151
253 636 10 1 4
256 1 7 5 4044
256 4 8 5 3865
256 68 8 1 4
256 69 9 1 12
256 97 7 2 22
256 160 3 2 10
256 262 10 1 10
256 312 9 1 7
256 344 7 3 74
256 416 8 1 4
256 512 10 2 25
256 522 9 1 4
256 616 2 2 9
256 705 7 2 14
256 764 10 2 21
256 772 3 9 4397244
256 904 10 2 43
256 963 6 4 142
256 992 7 2 27
257 0 1 4 102
257 156 9 1 10
257 268 1 3 18
257 272 9 3 52
257 544 10 1 5
257 806 1 4 25
257 912 4 2 10
257 920 9 3 113
257 945 1 2 4
258 36 3 2 7
258 138 10 1 12
258 265 9 1 4
258 673 5 2 25
258 810 7 2 28
258 880 1 2 4
259 100 9 1 10
259 165 5 1 7
259 226 3 4 103
259 268 7 2 24
259 327 3 9 1277212
260 295 4 1 4
260 522 4 2 9
260 545 7 3 47
260 678 5 4 195
260 978 10 8 851617
261 67 10 2 23
261 356 1 4 33
261 672 2 7 58703
261 995 10 1 4
262 32 5 1 8
262 134 6 1 4
262 193 3 4 67
262 256 10 1 4
262 906 5 1 7
262 1013 2 3 33
264 1 6 4 146
264 4 7 1 7
264 296 4 1 4
264 320 5 4 289
264 568 7 2 23
265 264 8 5 2838
265 339 6 3 117
265 632 3 3 42
266 11 4 4 127
266 56 5 1 5
266 242 6 1 4
266 272 3 1 4
266 326 9 1 5
266 336 1 10 80570304
266 504 8 1 7
268 34 7 2 26
268 177 6 3 124
268 192 8 2 23
268 512 8 1 4
268 524 10 1 4
268 577 8 2 30
269 444 1 3 7
269 640 9 1 14
270 73 9 1 9
270 532 3 6 11340
270 642 5 1 5
272 41 8 8 500998
272 162 7 1 4
272 208 10 2 34
272 225 5 1 4
272 234 2 7 53329
272 259 3 4 237
272 280 2 3 14
272 378 5 1 5
272 520 1 5 300
272 554 4 3 33
272 640 1 9 1643290
272 684 7 1 7
272 899 10 2 25
273 581 1 3 7
273 809 2 2 7
274 98 4 5 2155
274 334 4 1 4
275 4 9 6 14870
275 16 1 6 2251
275 116 10 7 271681
275 133 7 4 157
275 485 1 3 7
275 512 1 2 4
276 288 4 3 26
276 394 5 1 4
276 538 10 1 4
276 628 4 7 101446
276 661 6 5 2856
277 8 9 4 669
277 27 3 1 4
277 128 1 3 7
277 385 8 1 14
278 258 6 1 7
279 18 7 2 15
279 901 9 1 10
280 600 3 1 4
281 101 9 3 165
282 136 9 1 7
282 576 8 1 4
282 717 6 1 10
282 787 10 5 1228
283 514 7 4 164
284 835 6 1 5
285 104 5 1 4
286 12 9 2 37
286 624 4 7 23110
286 832 4 1 4
287 448 5 6 14543
288 47 6 3 102
288 50 6 3 60
288 132 10 1 7
288 224 1 4 23
288 292 2 2 4
288 341 2 5 452
288 545 5 2 17
288 776 4 2 12
289 36 8 2 30
289 156 9 1 10
289 345 10 1 4
289 468 5 1 4
289 472 7 4 409
289 648 6 1 7
289 753 8 1 13
289 788 1 2 4
290 0 3 2 9
290 258 8 3 104
290 328 3 6 10032
290 388 1 7 11136
291 32 1 3 7
291 610 7 1 5
291 768 2 3 43
292 7 2 4 77
292 19 3 2 9
292 134 10 4 344
292 162 2 3 23
292 524 5 3 44
292 593 6 5 2399
293 256 9 6 8690
293 960 9 1 12
294 27 10 9 14026879
294 742 9 1 7
294 864 1 3 7
296 57 3 3 16
296 84 9 1 7
296 131 8 1 4
296 231 8 5 1190
296 260 1 3 7
296 288 10 6 8520
296 336 2 3 31
296 409 4 3 30
296 516 9 1 4
297 167 4 2 8
297 325 1 5 186
297 544 8 1 7
297 742 3 5 1384
298 75 10 5 5201
298 800 9 1 4
299 291 1 3 7
300 29 8 2 41
300 140 5 3 42
301 777 5 6 5046
303 292 7 5 3681
304 8 8 1 7
304 42 10 1 7
304 63 1 3 7
304 212 6 5 1574
304 258 9 1 5
305 11 7 6 19750
305 34 10 3 160
305 163 5 4 131
305 576 2 2 7
306 36 5 6 3877
306 918 10 7 329621
307 514 7 1 7
308 21 4 4 226
308 583 9 1 12
308 640 10 1 4
308 692 2 7 15419
308 832 1 3 10
308 848 6 2 27
309 77 9 1 7
309 774 6 6 11018
310 936 8 1 10
314 109 2 4 71
314 156 10 1 14
314 376 10 5 1912
314 518 6 1 4
315 739 7 2 18
316 452 6 4 403
318 532 1 7 11917
318 914 3 1 4
320 29 10 5 4598
320 315 4 2 21
320 407 8 2 18
320 428 10 1 4
320 468 9 5 2869
320 641 4 3 22
320 720 4 2 15
321 4 9 5 2174
321 262 8 1 10
321 768 10 1 4
321 834 7 3 88
321 1008 5 1 7
322 0 10 6 41711
322 272 7 4 201
322 416 7 1 4
322 899 10 1 4
323 360 2 4 52
323 515 8 4 322
324 16 9 2 26
324 106 10 7 224015
324 179 3 8 439433
324 200 6 1 4
324 513 6 8 1366633
324 530 6 4 233
325 74 9 7 110195
325 145 3 2 9
325 192 10 1 9
325 720 3 3 35
326 11 9 3 60
326 32 9 2 35
326 116 2 3 37
326 280 6 7 32353
327 675 5 1 4
327 698 1 4 43
328 45 6 1 10
329 35 3 6 5523
329 258 9 2 20
329 836 8 4 425
330 8 8 1 14
330 204 4 4 186
331 512 3 1 4
332 456 3 2 13
332 643 7 1 4
334 265 9 1 4
334 288 7 3 121
335 83 1 3 7
335 391 4 2 10
336 18 3 4 133
336 100 8 1 10
336 576 5 2 15
336 632 5 7 54487
337 352 6 1 4
337 768 4 4 306
337 833 5 2 18
338 33 4 1 7
338 160 7 3 120
338 169 9 5 1127
340 0 3 1 4
340 106 8 2 18
340 704 10 2 20
341 576 3 3 59
342 15 2 2 7
342 168 6 2 13
342 272 4 4 247
342 536 8 7 107366
343 475 7 7 60831
344 188 4 2 12
344 676 7 3 57
346 11 7 1 4
346 89 5 2 21
347 11 7 1 7
347 149 7 1 4
347 313 4 3 36
348 128 4 4 119
348 395 6 2 17
349 12 4 2 10
352 409 5 2 15
352 419 4 6 10028
352 514 8 1 6
352 680 2 5 820
352 794 5 2 10
352 860 7 5 2152
353 138 4 1 4
353 389 9 5 1817
353 684 3 2 7
354 25 3 3 20
354 30 2 2 4
354 836 5 6 14394
354 969 10 3 97
355 134 5 3 68
355 634 9 4 419
356 800 3 3 43
357 433 9 1 9
357 641 9 1 4
358 3 4 1 4
358 168 7 4 156
358 197 7 4 186
360 514 9 1 10
360 555 4 2 18
360 732 4 2 10
360 784 8 1 4
360 810 9 2 17
361 316 9 2 24
362 34 3 2 7
363 162 6 2 16
366 657 10 1 4
368 49 2 2 4
368 925 1 4 47
371 112 4 1 4
371 705 5 4 123
372 352 8 2 41
375 77 10 3 106
379 333 8 1 7
380 339 5 3 30
381 531 8 1 4
382 562 4 1 4
384 6 3 2 10
384 156 4 3 73
384 168 4 1 4
384 312 2 5 873
384 332 8 3 107
384 423 5 1 5
384 457 5 2 20
384 481 7 2 15
384 531 10 4 357
384 597 2 4 70
384 692 8 1 7
384 841 8 8 1438638
384 962 4 1 7
385 2 3 3 33
385 75 7 1 4
385 213 9 1 4
385 214 1 2 4
385 563 10 2 53
386 64 8 2 20
386 73 9 2 21
386 158 6 4 153
386 160 10 2 39
386 206 4 2 14
386 275 7 1 5
386 681 8 5 3535
386 849 9 1 10
386 912 7 3 46
387 297 7 3 49
387 1016 6 2 12
388 332 3 1 4
389 596 2 2 7
390 566 9 2 24
391 8 8 2 25
391 461 8 1 4
392 38 6 1 7
392 336 1 4 56
392 674 2 2 10
393 577 3 3 23
394 80 4 2 10
394 590 1 6 851
395 4 6 2 15
395 558 7 3 41
395 647 4 2 16
396 6 10 1 4
396 546 9 2 41
396 777 9 7 313862
396 915 9 4 505
396 960 9 1 12
397 132 2 3 23
397 305 7 2 13
397 518 10 5 6083
398 943 7 3 43
399 9 2 4 154
400 10 2 3 15
400 21 1 3 18
400 144 9 4 303
400 712 4 2 9
401 58 8 1 4
401 277 9 2 25
401 284 10 3 211
401 673 7 1 4
401 932 5 1 4
402 68 9 1 4
402 80 5 3 31
402 769 10 1 12
403 98 1 6 850
404 209 6 1 10
404 298 9 3 98
406 677 4 5 830
408 66 6 4 291
408 405 10 8 1071128
408 576 6 3 44
409 66 9 2 28
409 105 5 2 10
409 417 7 1 4
409 888 10 7 62655
410 520 1 10 318582935
411 20 4 2 12
412 6 9 5 1580
413 640 5 1 4
414 932 8 4 194
416 52 2 2 7
416 279 1 4 92
416 292 3 2 10
416 531 3 1 4
416 832 9 1 15
417 577 2 2 4
418 16 3 2 7
419 7 5 1 7
419 62 1 5 413
419 844 7 3 146
420 32 3 2 14
420 288 8 1 4
420 424 1 2 4
420 538 8 2 28
420 545 2 2 4
421 400 6 2 12
422 736 1 3 6
423 384 2 2 9
423 651 4 4 359
424 481 7 5 2460
425 161 7 2 36
425 261 2 4 99
425 746 4 8 695350
425 776 10 3 94
426 644 4 2 16
427 580 8 2 26
428 32 3 4 132
428 194 3 3 57
428 620 3 2 15
428 880 3 1 4
430 8 9 2 20
430 68 9 7 55485
430 203 5 4 366
433 197 9 5 2244
433 398 3 3 40
434 734 6 1 4
436 641 8 1 4
437 2 6 1 5
441 21 3 2 7
442 146 7 2 27
442 691 4 2 9
444 769 5 5 602
444 801 10 1 5
448 92 7 6 6370
448 513 7 1 10
448 655 9 7 284090
449 321 10 7 79898
450 450 6 1 9
452 48 4 4 267
452 136 7 2 15
452 512 10 5 1610
452 513 10 1 7
453 368 10 6 7190
453 661 4 3 31
454 437 6 4 296
454 634 5 4 484
455 640 1 6 2614
456 367 4 1 4
456 376 9 2 23
456 774 2 2 4
457 906 8 4 326
458 101 5 2 12
458 743 8 1 7
460 197 1 7 11333
460 462 5 1 7
460 566 1 2 4
461 901 7 2 13
462 516 2 2 7
462 641 7 2 28
463 916 3 1 4
464 928 6 2 26
465 531 8 5 1406
465 902 10 1 7
467 211 5 1 7
467 300 8 2 18
470 713 8 1 4
472 256 6 3 57
473 6 8 4 285
473 600 3 4 84
473 800 1 4 41
476 775 5 1 4
480 0 5 1 7
480 665 10 5 4489
480 731 9 4 317
480 928 3 2 15
481 288 10 1 7
481 416 8 2 20
482 64 5 1 4
482 208 5 2 18
482 285 4 3 34
483 276 7 1 4
483 555 6 1 4
484 841 9 2 30
485 134 2 2 4
488 3 5 2 20
488 269 6 1 4
488 334 8 4 880
488 565 2 10 21613455
489 64 4 1 4
491 112 4 2 18
496 433 6 3 48
496 978 1 2 4
501 519 2 2 4
505 332 7 2 23
506 706 2 3 15
512 1 5 3 39
512 5 10 1 10
512 52 4 4 91
512 65 10 3 163
512 96 3 3 32
512 153 9 4 444
512 173 1 4 40
512 266 4 2 20
512 420 2 5 596
512 438 10 1 7
512 453 1 3 10
512 482 4 1 4
512 514 1 2 4
512 522 5 4 180
512 685 2 4 69
512 936 5 6 14493
513 5 2 4 98
513 42 1 3 7
513 47 8 8 1900436
513 65 9 1 15
513 100 10 3 158
513 112 3 3 55
513 304 1 2 4
513 340 6 2 18
513 548 9 5 2312
513 644 6 3 97
514 4 7 7 36625
514 11 4 1 7
514 160 3 1 4
514 401 8 1 4
514 522 7 2 24
514 572 7 2 28
514 780 1 2 4
515 93 10 6 20557
515 157 9 1 10
515 273 10 1 4
516 33 10 4 643
516 69 7 1 4
516 72 5 1 4
516 169 7 7 38170
516 357 7 4 707
516 582 7 7 226644
516 605 9 8 1558412
516 785 3 1 4
517 0 9 5 1324
517 3 2 6 6745
517 8 2 2 7
517 34 3 4 81
517 132 7 2 20
517 177 7 6 30402
517 233 4 1 7
517 281 2 6 2126
517 525 1 5 298
517 672 9 1 4
517 676 2 2 4
517 768 4 2 11
518 0 3 3 27
518 41 1 6 1045
518 66 5 7 66831
519 944 7 1 12
519 967 2 2 4
520 9 2 2 4
520 94 6 9 3961221
520 164 4 1 4
520 296 10 2 27
520 328 2 5 308
520 436 1 5 165
520 785 10 1 4
520 812 8 1 7
520 896 8 1 10
521 81 10 1 4
521 131 10 4 225
521 229 3 3 27
521 450 3 3 32
521 554 9 1 4
521 560 9 1 4
522 1 5 4 235
522 121 5 4 458
522 549 2 2 4
524 159 5 6 17527
524 173 7 2 15
524 520 9 1 13
525 820 3 1 4
526 548 5 2 18
526 776 3 2 7
527 36 1 4 25
527 713 2 6 2058
528 10 2 3 15
528 33 9 7 156403
528 36 8 3 43
528 97 3 3 20
528 344 8 3 86
528 406 10 1 9
528 580 6 2 28
528 582 9 1 4
528 611 6 1 4
528 720 9 2 20
528 801 8 2 29
529 16 9 1 7
529 148 4 1 4
529 260 4 4 182
529 517 9 1 4
529 737 4 1 7
529 836 2 4 53
530 20 10 1 4
530 86 9 3 91
530 278 2 2 7
530 325 9 4 253
530 522 9 3 59
530 696 9 1 7
532 134 6 1 4
532 292 1 3 7
532 550 1 8 51790
532 853 7 2 14
533 5 8 1 4
533 787 9 7 49150
534 6 6 2 20
534 425 6 1 4
534 786 7 1 4
534 928 3 1 4
535 10 4 3 38
536 10 7 3 120
536 244 6 2 12
536 412 7 1 7
536 687 4 3 29
536 902 2 3 23
537 99 3 2 9
537 138 8 1 7
537 257 7 3 125
538 74 8 1 12
538 84 5 1 4
538 820 2 2 4
540 256 2 7 29441
540 481 7 1 4
541 344 7 6 6078
541 793 5 1 4
544 6 1 5 183
544 21 1 2 5
544 24 10 2 36
544 401 6 4 406
544 429 8 1 7
544 542 8 10 55219198
544 551 7 1 7
544 597 7 1 4
544 718 3 3 30
545 209 5 2 9
545 226 3 1 4
545 520 9 1 13
545 743 2 5 636
546 4 2 2 9
546 263 3 2 10
546 612 5 2 10
546 650 2 2 4
546 758 7 2 27
546 900 8 6 28335
547 265 7 3 75
547 427 6 4 199
547 577 3 2 7
548 141 6 1 10
548 169 5 2 13
548 577 7 1 12
548 586 8 1 5
549 146 5 4 175
549 647 8 2 26
550 36 4 2 9
550 800 3 5 749
551 40 8 1 4
552 136 2 3 33
552 640 10 5 1506
552 656 1 8 134922
552 932 7 1 4
553 36 7 2 28
553 102 10 1 10
553 933 8 1 14
554 4 9 1 7
554 137 8 3 47
554 296 9 2 25
555 52 6 1 4
555 418 1 3 7
556 409 1 4 23
557 6 1 3 9
557 400 7 3 76
557 512 8 1 4
557 557 2 2 4
557 770 9 1 4
559 557 10 1 9
560 18 1 2 4
560 96 8 2 38
560 104 3 2 13
561 10 3 3 38
561 521 8 1 4
561 786 7 2 23
561 993 6 1 4
562 977 6 5 1429
562 992 10 2 18
564 28 4 3 30
564 656 3 1 4
564 659 10 1 13
566 4 8 2 17
566 44 2 4 112
566 132 9 1 4
567 793 5 3 83
569 385 3 2 9
569 522 8 1 4
571 100 4 3 26
571 457 2 2 10
572 36 7 2 13
572 64 9 1 9
572 257 9 4 273
572 370 10 3 64
573 797 6 1 7
573 886 3 1 4
574 18 8 7 123083
574 533 4 2 17
574 696 3 5 632
576 4 1 3 11
576 5 3 1 4
576 19 10 4 238
576 48 8 1 4
576 76 8 3 84
576 133 6 5 2183
576 172 8 1 4
576 193 1 6 4443
576 228 8 4 369
576 325 5 2 12
576 371 3 4 113
576 525 8 2 20
576 607 6 1 7
577 72 1 4 92
577 222 4 5 2439
577 236 6 4 160
577 292 4 1 4
577 401 9 2 16
577 577 1 2 4
577 661 2 4 65
578 96 10 5 2463
578 120 1 8 86147
578 136 6 2 23
578 554 10 4 1089
578 572 3 1 4
578 575 2 3 42
579 80 10 7 103264
579 136 4 3 43
579 621 2 6 2590
579 789 2 4 135
580 64 10 1 15
580 507 4 2 9
580 528 1 3 10
580 598 9 1 4
581 645 5 7 42846
582 633 8 5 5116
584 833 2 4 48
585 64 7 4 360
585 208 5 1 8
585 217 9 2 40
585 354 4 5 490
585 389 2 6 2036
586 64 10 1 10
586 530 10 1 4
587 608 1 5 264
588 784 8 1 4
589 389 8 1 8
590 276 8 1 4
590 300 1 2 4
590 520 8 3 115
590 788 7 1 4
591 147 4 7 130294
592 2 8 2 20
592 322 8 1 4
592 528 3 3 25
592 585 6 6 11373
592 856 6 1 4
593 429 3 2 7
595 58 7 3 75
595 557 10 2 20
596 33 9 3 99
596 91 8 1 12
596 385 9 3 161
597 387 9 1 15
599 569 10 1 4
600 115 9 3 49
600 562 1 3 14
600 573 4 4 112
600 575 8 1 4
601 335 10 1 10
601 431 3 2 7
602 480 1 4 51
604 913 8 2 38
605 80 3 5 619
606 807 3 1 4
607 288 7 5 1660
607 393 7 3 38
608 176 8 2 20
608 185 3 1 5
608 522 10 1 9
608 576 8 1 14
608 648 6 1 9
609 28 3 1 4
609 210 6 1 9
609 768 2 4 82
611 125 3 2 7
612 534 9 2 38
613 840 8 5 2475
614 265 1 2 4
614 936 3 8 138136
616 450 7 1 7
617 908 2 2 4
618 70 1 4 36
618 1004 10 1 9
619 76 3 2 10
619 140 5 1 7
621 293 6 1 7
623 1000 1 3 17
624 579 9 3 84
625 5 10 2 26
625 261 1 2 5
625 530 2 2 4
626 8 7 1 4
626 104 6 1 4
626 114 9 1 4
626 528 9 3 63
626 608 7 7 66752
627 3 9 3 115
627 418 1 3 20
627 977 3 1 4
628 76 2 5 1079
629 446 10 1 4
629 528 1 2 4
631 24 10 1 10
632 18 2 4 112
633 812 8 4 740
635 546 2 3 12
638 161 6 4 323
640 4 8 1 7
640 6 1 3 15
640 16 9 4 282
640 181 7 4 479
640 246 6 1 5
640 258 6 2 23
640 369 8 1 4
640 421 1 8 163961
640 467 6 1 4
640 525 10 1 12
640 584 3 2 7
640 659 1 3 21
640 938 6 4 458
640 952 1 4 81
642 512 3 1 4
642 562 4 1 7
642 724 1 3 22
643 775 8 1 4
644 387 4 3 83
644 660 3 3 20
644 756 8 1 7
644 769 1 6 1337
645 4 8 1 4
645 25 8 1 7
645 963 5 1 4
646 289 8 1 10
646 388 6 2 16
648 76 5 2 10
648 98 10 10 54418293
648 210 9 1 9
648 369 2 4 60
648 512 7 1 4
648 769 8 1 4
649 4 1 4 25
649 48 2 6 3260
650 108 9 1 4
650 216 7 1 4
650 953 10 1 7
651 290 7 5 4146
652 257 2 3 25
652 594 3 1 5
654 565 6 1 4
655 384 5 3 110
655 761 6 1 4
656 3 5 4 191
656 259 1 8 83691
656 278 7 1 7
656 370 7 1 5
657 79 3 2 10
657 201 2 3 40
658 10 4 1 4
658 26 1 4 104
658 640 4 4 89
660 36 1 5 277
660 52 1 5 152
660 69 7 1 4
660 85 2 2 4
660 648 8 1 4
661 244 4 1 5
661 608 2 2 4
662 374 8 3 47
664 16 8 1 4
664 205 6 5 2624
664 539 10 7 54907
664 781 6 1 7
665 3 6 2 21
665 260 7 2 32
666 66 10 1 5
667 587 3 1 5
668 163 2 3 26
668 464 10 2 33
668 749 1 3 14
670 515 3 2 9
672 1 6 1 4
672 64 8 1 4
672 608 1 2 4
672 717 2 2 10
673 104 4 6 5203
673 656 7 3 56
674 259 5 6 3619
674 401 2 2 4
674 672 10 2 48
675 257 7 3 92
675 470 5 1 7
676 52 8 1 4
677 121 5 6 6738
677 641 1 4 45
678 237 5 3 68
679 556 8 6 10749
680 20 9 7 61433
680 39 7 1 4
680 105 8 8 885750
680 450 4 1 4
680 540 4 1 4
681 33 8 5 2261
684 1008 9 1 5
686 426 10 2 27
686 593 4 1 7
689 80 10 3 57
690 110 9 3 61
691 12 9 2 17
692 260 7 2 23
692 914 10 3 107
693 397 2 2 9
693 522 1 4 32
694 6 7 5 3374
694 768 7 4 456
694 931 8 1 7
694 976 8 3 74
695 517 9 3 83
695 585 6 3 36
696 885 3 2 13
697 710 7 1 10
700 18 1 2 4
700 229 3 2 9
700 864 1 5 258
701 34 4 1 4
701 941 7 3 46
704 34 5 1 5
704 76 8 2 17
704 135 4 3 23
704 292 3 4 143
704 514 1 3 7
705 596 2 2 10
705 854 2 6 7594
706 17 8 5 1684
706 460 2 2 4
706 732 2 3 17
708 108 10 1 4
709 325 5 5 2842
709 354 10 4 400
709 644 4 5 2635
709 843 10 1 12
710 2 6 2 17
711 19 4 1 4
712 35 8 5 4413
712 141 10 8 666100
712 294 2 6 1397
712 862 7 6 32797
713 593 6 1 7
713 837 5 3 40
716 98 10 1 4
716 339 1 3 7
716 842 3 4 181
719 512 6 2 14
721 104 5 2 20
721 170 10 2 30
721 323 3 4 112
721 584 8 1 5
722 82 4 5 2544
722 100 4 2 18
722 104 1 4 108
722 258 2 6 2076
722 393 9 1 7
722 398 1 4 107
723 142 10 1 7
724 20 8 2 21
724 596 10 1 4
725 44 7 3 45
725 65 8 3 121
726 322 3 10 1033160662
727 200 10 1 9
728 227 7 5 1237
728 350 7 1 7
728 712 4 1 7
729 578 10 1 10
730 332 3 5 773
736 24 5 3 67
737 64 7 4 208
737 288 6 1 7
737 610 5 7 74134
738 970 7 5 969
740 235 10 3 162
740 778 7 1 10
740 801 7 3 111
741 45 10 4 623
741 260 1 3 10
742 97 7 5 4154
743 787 4 1 4
744 124 4 4 141
744 280 3 3 28
744 762 10 1 7
745 63 2 3 13
746 386 10 1 4
751 506 1 2 4
752 261 9 3 72
752 494 9 4 830
752 786 1 3 10
754 32 4 2 14
759 130 8 2 22
760 220 6 1 9
760 257 10 2 41
760 300 7 1 4
761 435 5 6 10738
763 668 6 3 38
765 513 6 3 32
768 68 3 5 1843
768 226 8 1 5
768 326 10 1 10
768 502 1 2 4
768 608 4 5 781
768 666 4 1 4
768 736 10 1 9
768 738 4 1 7
768 926 3 3 20
769 34 8 6 6512
769 277 10 1 5
769 350 7 5 4653
769 640 6 1 4
769 773 7 2 33
770 67 6 8 267864
770 211 10 1 5
770 515 6 1 5
770 663 8 1 7
771 128 2 3 26
771 793 1 4 33
771 800 3 1 4
772 0 6 10 24552322
772 32 3 2 7
772 130 3 2 10
773 1 3 5 1681
774 8 9 1 4
774 936 1 5 198
775 48 10 5 1151
775 921 2 2 7
776 101 3 1 4
776 155 2 3 18
776 586 5 3 109
777 84 7 3 91
777 200 9 2 17
777 318 9 3 62
777 539 5 3 62
777 554 5 8 397655
777 608 4 1 7
777 641 8 5 1199
778 330 1 3 7
778 389 2 2 7
778 707 8 2 28
780 14 3 3 21
780 16 8 1 7
780 193 6 1 4
780 552 9 7 82356
780 707 7 2 18
781 222 7 7 84406
781 496 7 2 17
782 226 9 7 70323
782 405 8 1 4
784 1 8 5 2707
784 514 8 2 25
784 549 3 5 1239
784 634 4 2 10
784 841 6 1 7
785 45 3 1 5
785 257 6 7 43216
786 521 3 1 4
786 576 1 2 4
786 914 2 2 10
788 25 4 3 47
788 324 6 9 11175461
788 332 3 3 56
792 16 7 2 15
792 274 1 4 84
792 540 5 1 7
792 594 10 5 1979
793 52 9 1 10
793 628 2 2 9
795 422 2 7 59289
795 661 9 1 7
798 776 4 1 4
800 9 8 2 17
800 45 9 1 4
800 73 9 1 4
800 97 3 1 4
800 133 6 1 4
800 824 8 1 10
801 34 3 3 28
801 592 3 7 71382
801 642 5 3 54
802 660 9 2 25
804 0 2 2 10
804 104 8 1 4
804 337 6 2 19
804 433 8 2 26
804 779 1 3 17
805 387 3 2 7
805 781 9 6 22140
806 43 9 3 165
806 134 3 5 762
806 232 2 5 281
806 480 1 2 4
808 302 7 3 62
808 526 5 8 715641
808 945 5 3 107
810 17 7 1 10
810 416 8 2 31
812 778 3 5 1225
814 161 6 2 17
814 264 5 1 4
814 523 7 5 1543
816 18 2 2 7
817 784 7 1 7
818 253 4 2 10
819 538 5 5 1574
821 236 5 2 15
822 211 1 7 19713
824 392 8 1 4
824 609 4 9 2063876
824 978 4 1 7
832 21 2 7 36259
832 30 2 2 4
832 43 3 2 11
832 281 7 1 4
832 304 3 4 165
832 328 4 1 4
832 427 1 4 30
832 518 4 1 7
832 548 1 2 4
833 147 2 3 29
833 999 7 8 1877637
834 0 7 1 4
834 32 2 4 71
834 104 5 1 4
834 148 1 6 3460
834 912 2 10 15576403
835 264 10 1 7
835 392 3 6 11078
835 583 5 6 9446
836 388 5 1 4
836 485 6 1 4
838 785 9 1 4
839 21 10 1 7
840 96 8 1 7
840 545 3 2 10
840 800 5 2 14
841 32 10 2 21
841 370 1 3 20
842 200 10 4 406
843 939 3 5 1268
845 561 2 3 39
845 624 3 2 13
848 90 7 8 936262
848 313 6 2 28
848 391 9 1 4
848 899 7 3 146
849 792 1 2 4
849 1018 10 1 7
850 308 7 6 8064
850 776 1 2 4
851 195 3 1 4
852 2 1 6 1564
852 64 7 1 4
852 72 4 5 2177
852 824 8 5 1776
854 681 9 2 42
856 256 2 2 4
856 866 4 1 4
857 42 5 1 4
862 130 5 3 104
863 516 10 3 160
864 23 3 2 7
864 786 1 4 28
866 260 5 1 3
867 998 5 1 4
868 332 9 4 226
870 6 10 1 4
870 68 9 3 182
871 264 1 3 18
872 32 3 3 33
872 50 6 2 15
872 165 7 8 534983
873 9 1 5 447
874 360 7 1 9
875 164 6 5 3064
878 258 8 1 4
880 611 4 4 148
882 42 9 2 28
885 601 6 4 140
895 603 2 2 4
896 330 2 2 4
896 868 2 5 392
897 39 9 3 50
897 115 7 1 7
897 523 6 3 71
897 1002 1 2 4
898 336 10 1 10
898 699 6 9 4606614
899 537 10 1 4
899 736 7 1 4
900 4 4 3 63
900 162 9 1 4
902 420 7 1 10
903 339 3 1 5
904 231 8 2 33
904 888 10 2 25
904 929 5 7 172110
905 12 2 8 522226
905 196 9 1 4
905 248 3 6 5035
905 540 3 4 69
906 137 9 2 19
906 194 7 1 4
906 210 2 2 4
906 328 5 2 13
907 276 9 1 4
908 456 6 1 4
910 614 6 2 17
911 5 2 5 482
912 2 7 2 28
912 85 6 1 5
912 129 8 1 13
912 388 2 2 10
914 216 7 2 35
914 669 5 1 4
914 968 7 1 4
916 742 3 2 7
916 777 4 2 10
917 560 8 4 331
918 0 10 4 291
920 200 9 1 7
921 272 9 2 20
921 320 8 2 37
922 8 7 1 4
922 784 2 2 9
924 33 3 3 56
928 64 6 1 4
928 384 9 1 4
928 518 8 2 28
929 257 4 7 140372
929 316 9 4 288
930 547 9 4 467
930 720 2 2 4
931 230 5 2 10
931 657 5 2 10
932 783 7 3 47
933 657 9 5 1319
934 94 9 6 41354
938 261 8 2 31
938 316 7 4 436
938 552 9 4 345
940 512 6 1 5
941 771 4 1 7
945 456 6 1 4
947 568 1 2 4
948 9 3 1 4
953 905 5 6 3583
954 22 1 6 4862
956 846 4 3 49
958 844 10 1 4
960 358 8 5 1689
961 131 2 3 15
961 333 3 2 7
961 472 7 2 22
961 481 6 2 15
965 937 5 6 4551
966 29 8 2 22
966 192 10 2 39
966 555 9 4 203
968 51 5 3 40
968 360 9 6 10663
969 313 9 2 42
969 769 10 1 14
970 180 5 5 1654
975 205 3 1 4
976 321 7 5 4456
976 779 7 1 7
977 22 7 2 23
977 34 8 3 145
977 549 3 2 12
986 772 10 4 391
987 962 5 7 84709
988 366 5 5 786
996 36 6 3 59
996 836 4 3 24
998 127 3 1 4
998 179 3 1 4
1000 260 2 8 511784
1001 286 3 1 3
1002 652 3 1 4
1003 684 10 1 4
1011 36 6 3 53
1013 316 7 2 15
1020 385 4 3 28
1021 643 4 1 7
