748 0.002706984395045015 
1233 0.002714494276111243 
1557 0.002711621034149817 
1185 0.0027572195675207804 
2 0.0027113661735975406 
1710 0.0026962725249597965 
1582 0.002650603800211334 
1430 0.0026803025043988862 
53 0.0027560463791011037 
1951 0.002721330974251323 
1612 0.0027399313274897273 
723 0.0026702693118764924 
701 0.0026605287882620027 
1065 0.002656634586618771 
1921 0.0026644490378272775 
1269 0.0026579908827286444 
100 0.0027490452952415806 
1508 0.0026935763330608823 
565 0.0027045590162651885 
521 0.0025151398732698865 
776 0.00274244447058941 
1851 0.0026531771050743247 
517 0.0027776912461334063 
570 0.0027437343752865937 
579 0.0027250473091738085 
1908 0.002672935460502379 
870 0.0026889913960260726 
428 0.0027713250723763656 
528 0.0027453548741940372 
484 0.002742408304206822 
575 0.0026991990221190026 
1585 0.0026452719079678886 
786 0.0027464926846941756 
644 0.0026643626047299983 
688 0.002720588613932252 
1705 0.0026957807843487345 
1392 0.0027060003619273445 
899 0.002899558201559695 
1156 0.0027364068401598725 
1833 0.0027267540059051536 
420 0.002715750272898454 
1684 0.0027198560770065007 
1635 0.0027285404232047198 
160 0.0026934530660206913 
1053 0.002718348720384071 
1026 0.002762290353049714 
111 0.0027703179596690383 
677 0.0027202625008835107 
882 0.0027204006895946054 
1128 0.00267285972874485 
450 0.0027010437361274695 
1446 0.0026575033085055487 
1647 0.00266507710733393 
998 0.002677540953920929 
985 0.0027692811936274667 
1797 0.002726087547351461 
209 0.0026971421849151245 
1006 0.0027029298085203797 
431 0.0027171465533172945 
1751 0.0027285243710917233 
1661 0.0027139574298137748 
1388 0.002747900140420046 
1867 0.002761289238027918 
324 0.0027017536593118767 
247 0.0027889654411442657 
1626 0.00272419687858699 
1177 0.002671014488044797 
789 0.002693244248526678 
603 0.0027028182190925636 
228 0.0027237176078187854 
427 0.0026646416275225397 
201 0.002789329823269109 
461 0.0027533439469587737 
442 0.002735310357621061 
1190 0.002682925877898946 
654 0.002713643609870505 
1804 0.002647178103050253 
1323 0.002685348874237385 
1408 0.0027014257991606937 
518 0.0027116474442935015 
952 0.002692288924191113 
1490 0.002837742009990882 
348 0.002746453981199482 
594 0.002697254361663436 
861 0.0028215138920345225 
1083 0.0027287144930789073 
708 0.0027475148902907378 
405 0.0026986517346242146 
105 0.0027693803422599644 
1964 0.002767557846763742 
613 0.0026944690800548114 
1369 0.0027372240193589137 
1373 0.0027185050308595003 
1561 0.0027519058639789823 
616 0.002744362642699966 
1533 0.002738790375939449 
1875 0.0026711310864740356 
1794 0.0027441176404601124 
733 0.002716887672340192 
1717 0.00275490844840975 
962 0.0027486047319243666 
863 0.0026870641762432356 
1200 0.0026189771233646334 
1211 0.002774278894697309 
1397 0.002730069891684287 
392 0.0027017742421828594 
1922 0.0026921939106435834 
1834 0.002727081070139968 
681 0.0028040742997694603 
966 0.002716131719088172 
827 0.0026975814181019265 
1992 0.002788513816273422 
1029 0.0027704897034648364 
137 0.0026942220822644036 
1843 0.002723354516342199 
512 0.0027090901763225338 
401 0.002699295355016906 
1012 0.0027927361337328096 
110 0.0027392501215222935 
908 0.0027371443546478544 
349 0.0027044172761616705 
722 0.0027396693324918055 
753 0.0027676341697337784 
931 0.0027746802328599126 
1642 0.002675016856415423 
853 0.002694981835138571 
1248 0.0026821937248012744 
901 0.0027201198246722567 
1096 0.002759474178013039 
1165 0.0027990080768066144 
400 0.0026460481278948378 
211 0.002732555228322958 
426 0.002743832934327416 
805 0.0026789517878822123 
1268 0.0027045992556200453 
674 0.0027455945398485626 
1486 0.0026436693201996827 
1184 0.0027170861315859154 
1822 0.0027865408674295654 
171 0.0027679119687444563 
1380 0.0027051531804329256 
1478 0.0027627427896379773 
148 0.0027519934262229652 
1551 0.002702369502264949 
412 0.0028611491051464626 
1178 0.002723329182345766 
1567 0.0026849108390844243 
913 0.002702073603984875 
1842 0.0027399203754154204 
737 0.0027726443615538237 
1996 0.0027045965409449885 
706 0.002706912654703075 
976 0.002700357709636053 
1033 0.0027038448606337183 
446 0.00274304161694513 
301 0.0027629562237025105 
691 0.0026456923213501273 
815 0.002695747630028738 
398 0.0027239668122990453 
417 0.002744680686756414 
