1039 0.011745123342209408 
1253 0.011542953509619485 
1056 0.011538148525564985 
765 0.011457058762256101 
1955 0.011132502513512122 
813 0.011319148627820113 
1740 0.010029881583810192 
360 0.011509732689775233 
503 0.01168633165744647 
1188 0.011719114339739883 
1519 0.011579891126838352 
344 0.011767637346047235 
1931 0.01152962232811836 
447 0.011514540323492101 
1977 0.011864674848060757 
1843 0.011652675996502255 
1379 0.011848064929809509 
1228 0.01137859777961123 
1373 0.011322645387631738 
1673 0.011442201099166873 
741 0.011266040444803706 
63 0.011613990420087683 
1836 0.011946419309888798 
1798 0.011784682994663401 
1306 0.011502302136867395 
518 0.011569400758586328 
1128 0.011460120368069615 
1076 0.011593224164475792 
1145 0.01148110012431965 
748 0.01136001995475485 
3 0.011359146996633969 
1794 0.011494874816066805 
366 0.011512136836528838 
1110 0.011415534506132918 
1476 0.01171015156321165 
308 0.011843476899899699 
361 0.01170404061103346 
1338 0.011664036651083395 
1430 0.01149050142734471 
761 0.011769383574702976 
