0 89 6 1 4
0 198 8 1 11
0 342 10 1 4
1 503 10 2 21
2 115 9 1 4
2 217 5 3 73
3 218 8 1 7
3 363 4 3 40
4 361 10 1 4
4 414 9 1 4
9 171 3 5 352
9 451 7 2 29
10 223 8 1 4
10 462 4 2 13
11 30 5 9 3413909
11 297 9 2 29
11 477 7 1 7
12 343 5 1 4
12 499 7 2 25
13 207 9 2 22
13 397 4 2 13
15 194 10 2 32
16 25 4 1 4
16 232 4 1 4
17 83 7 2 29
17 316 6 8 244700
19 33 1 2 4
20 139 5 7 39888
20 283 4 5 841
21 209 3 7 19780
21 259 6 1 7
22 451 8 1 7
23 418 5 2 16
24 52 7 1 8
24 386 9 2 16
24 503 4 7 70882
25 126 9 1 4
25 234 4 2 11
25 309 5 1 4
25 320 6 1 4
25 408 2 8 86485
26 142 8 1 4
27 378 4 2 19
28 407 9 1 7
29 40 3 2 10
30 403 8 1 7
32 105 10 1 10
32 177 9 1 4
34 84 4 2 10
34 129 4 7 69285
34 231 8 1 4
34 282 8 2 17
34 317 3 1 4
35 458 6 1 8
36 162 10 4 745
38 390 1 4 23
39 467 5 1 8
39 490 2 5 629
40 75 1 4 70
40 148 9 1 7
40 486 8 1 13
42 45 10 3 59
42 316 9 8 864467
43 123 10 4 1125
45 98 3 4 78
45 108 3 6 3407
47 246 8 2 35
48 344 3 1 4
49 66 1 3 10
49 370 5 1 8
50 169 10 1 4
50 177 3 1 4
51 134 7 1 5
52 277 8 1 7
56 435 2 2 7
58 249 6 1 4
60 384 7 2 17
62 489 2 7 31227
64 91 2 2 4
64 179 6 1 4
64 501 8 1 11
65 267 3 4 135
65 386 8 1 4
65 397 3 1 4
65 409 8 3 135
66 185 7 1 8
67 70 7 3 65
68 132 3 5 1131
68 209 9 3 172
68 221 6 7 236264
68 267 10 7 94446
68 290 4 1 4
68 363 3 1 4
68 432 9 1 13
69 89 7 1 4
69 462 10 1 4
70 505 4 1 5
72 167 8 1 4
74 220 9 1 4
76 153 9 8 1046075
77 337 4 1 5
77 340 4 2 14
78 209 7 1 4
78 267 1 3 7
80 86 9 1 4
80 420 5 1 7
82 84 5 2 10
82 464 4 4 218
82 488 8 1 14
83 402 8 1 7
84 257 4 2 11
84 295 5 1 4
85 244 7 1 3
87 133 3 3 20
88 404 5 1 4
89 305 7 1 4
92 477 6 6 5779
94 427 2 3 43
95 182 9 1 4
96 488 5 1 4
97 351 9 7 62109
99 154 8 6 9274
99 402 10 1 14
100 291 7 1 4
101 165 5 2 11
103 117 7 6 14431
103 192 6 1 4
103 273 4 2 13
104 327 5 1 4
105 242 4 3 44
105 496 7 2 14
106 198 8 3 58
106 249 9 5 4044
107 241 10 1 7
107 277 5 1 4
107 335 1 3 7
107 350 4 2 14
109 354 5 1 4
109 437 2 4 138
112 236 6 8 717774
113 430 5 1 4
114 327 1 3 7
115 193 2 2 4
115 198 3 3 46
118 221 1 2 4
118 260 5 3 31
118 346 10 2 40
119 293 2 2 4
119 417 1 7 10392
119 423 1 6 2136
119 506 4 7 70327
120 475 4 1 4
122 258 8 1 4
123 173 6 1 7
123 377 9 1 4
125 507 9 1 10
126 277 2 2 4
126 466 1 2 4
127 250 2 6 2783
127 311 6 4 517
128 355 7 1 5
128 385 9 1 4
129 206 4 2 14
129 276 2 3 11
129 480 1 2 4
132 385 10 1 10
132 434 7 1 7
132 475 6 1 4
134 226 1 5 384
135 167 6 5 942
135 169 7 2 28
137 160 8 3 169
137 201 10 1 14
137 250 8 1 14
139 455 3 1 4
141 278 5 1 4
141 351 1 3 11
141 353 4 3 34
141 390 1 2 4
142 322 1 7 32474
143 192 3 4 211
143 223 10 7 68543
143 270 3 2 8
143 286 9 2 34
144 505 1 6 2462
146 215 10 1 4
146 362 10 1 4
147 402 1 6 1288
147 467 1 3 7
147 480 3 5 921
148 238 3 1 4
149 196 7 4 258
149 304 8 1 4
149 458 5 8 384847
150 458 9 1 10
151 307 3 1 4
151 399 9 1 4
151 463 9 2 17
152 167 9 3 74
152 196 2 2 5
152 433 9 3 80
153 200 8 1 4
153 257 9 2 37
156 160 3 6 8189
156 507 4 2 20
159 189 8 1 4
159 353 2 2 4
161 423 7 1 7
163 181 1 3 7
163 293 10 2 18
163 333 6 3 71
164 241 1 2 4
164 291 8 1 7
165 281 1 3 7
171 319 3 2 13
171 506 8 4 820
172 480 4 2 19
173 266 10 2 43
173 274 5 3 47
174 501 9 1 10
177 459 10 1 11
178 182 5 2 16
178 254 7 2 17
179 255 3 1 4
179 473 3 3 17
180 197 7 1 4
180 421 4 1 4
180 448 7 1 4
183 463 5 1 7
186 237 6 4 159
189 275 8 1 4
189 474 2 5 1065
191 368 8 1 5
191 401 7 2 13
191 416 6 6 22954
192 437 7 2 23
194 346 10 5 1402
195 363 5 1 4
196 439 7 3 38
197 230 10 3 88
198 267 5 1 4
198 279 1 2 4
198 353 2 2 5
198 478 7 1 4
200 448 5 4 196
201 238 9 7 64739
202 254 9 3 142
202 442 10 4 401
204 245 4 2 13
206 410 10 1 5
208 275 8 4 778
208 303 6 1 4
208 506 7 2 13
209 223 10 4 507
212 238 5 6 5595
214 511 9 4 291
215 393 6 1 4
215 417 9 4 621
218 254 4 6 11935
218 447 10 1 7
219 234 5 1 4
219 478 5 6 13974
219 498 9 2 35
223 412 7 1 4
223 491 6 1 4
227 273 1 2 4
227 397 6 3 41
228 299 8 1 4
229 452 10 1 5
231 378 4 4 183
232 248 9 5 5693
233 247 5 2 13
235 354 9 1 14
237 407 1 2 4
238 319 2 2 4
239 323 9 6 8047
241 345 2 5 1196
242 257 8 1 5
243 492 7 1 4
246 254 5 2 13
246 500 5 2 10
248 431 1 5 269
250 395 8 5 4235
252 502 9 1 4
253 296 8 1 5
253 500 9 1 4
256 288 5 1 4
256 476 6 1 4
258 267 8 1 10
259 373 9 1 4
260 316 7 1 4
260 327 10 1 5
262 299 9 2 26
264 473 1 3 7
265 281 2 4 109
265 430 7 4 674
266 294 2 2 4
267 463 5 1 4
267 475 6 4 282
270 395 8 1 5
271 489 7 1 4
272 320 8 1 4
272 404 3 2 7
275 323 4 1 7
276 335 10 1 8
277 279 5 4 324
277 359 6 4 202
279 392 3 1 4
288 505 3 1 4
291 454 7 1 4
293 489 2 4 114
295 478 8 3 44
298 501 2 4 70
299 363 8 2 19
299 382 6 2 16
303 400 3 1 4
305 411 1 2 4
305 416 5 2 11
306 481 3 4 94
311 330 7 1 4
311 432 6 7 35297
312 313 8 6 8002
312 409 7 1 8
313 451 8 2 22
313 463 9 2 20
314 418 4 6 8155
314 499 10 1 16
315 435 6 6 19998
317 318 8 1 7
318 481 3 1 4
321 365 4 5 2225
326 446 3 1 4
336 444 5 5 1806
337 451 4 4 144
338 341 6 2 16
338 461 5 3 34
339 342 5 1 4
339 475 2 3 13
341 469 1 4 98
343 415 3 3 20
349 431 3 1 4
350 452 9 3 163
352 373 4 7 47439
353 371 8 1 10
354 457 10 2 35
355 464 8 1 7
357 421 3 2 7
357 467 4 2 10
358 420 9 1 7
358 432 3 1 3
361 510 6 1 4
362 493 4 5 2217
367 499 1 6 3826
368 482 4 2 13
370 419 1 2 4
371 421 10 6 40030
373 436 2 2 4
374 489 8 5 1144
380 462 10 1 5
380 470 6 3 72
381 501 6 2 16
383 387 7 5 1514
383 504 1 3 17
385 498 6 6 17563
386 394 6 2 17
386 448 7 6 5155
386 468 5 2 11
388 472 8 1 5
389 500 1 3 13
391 404 6 1 7
394 399 6 1 4
398 413 3 4 335
399 410 6 1 4
400 407 7 1 7
404 443 4 2 13
405 474 9 3 58
408 439 8 1 4
412 455 2 2 4
414 461 8 1 4
417 503 7 4 172
425 450 7 7 60799
429 432 4 4 126
444 468 10 1 5
447 485 3 1 4
449 452 4 2 11
450 475 4 5 2081
455 479 6 5 2842
458 490 7 8 1357919
461 503 1 2 5
466 481 5 4 377
466 501 9 1 4
485 501 6 1 10
501 504 8 5 2029
507 509 4 1 4
