1734 0.008068868946134056 
1786 0.008068868946134056 
142 0.008078361710518706 
1713 0.008068868946134056 
856 0.008068868946134056 
1774 0.008068868946134056 
1829 0.008068868946134056 
1014 0.008087854475487283 
1493 0.008068868946134056 
789 0.008087854475487283 
1187 0.008068868946134056 
884 0.008078361710518706 
774 0.008068868946134056 
14 0.008030897619509921 
1437 0.008068868946134056 
555 0.008068868946134056 
431 0.008068868946134056 
1098 0.008068868946134056 
783 0.008068868946134056 
1935 0.008068868946134056 
1958 0.008068868946134056 
758 0.008068868946134056 
1878 0.008068868946134056 
72 0.008030897619509921 
1349 0.008068868946134056 
722 0.008068868946134056 
662 0.008068868946134056 
1484 0.008068868946134056 
181 0.008068868946134056 
182 0.008068868946134056 
1751 0.008040390656476104 
388 0.008068868946134056 
220 0.008068868946134056 
502 0.008068868946134056 
483 0.008068868946134056 
1553 0.008068868946134056 
1578 0.008068868946134056 
719 0.008068868946134056 
1145 0.008097347241041134 
721 0.008068868946134056 
718 0.008068868946134056 
183 0.008068868946134056 
466 0.008078361710518706 
826 0.008068868946134056 
1633 0.008068868946134056 
1524 0.008068868946134056 
813 0.008068868946134056 
1865 0.008068868946134056 
1511 0.008068868946134056 
1632 0.008068868946134056 
1348 0.008068868946134056 
1413 0.008087854475487283 
1095 0.008068868946134056 
1860 0.008068868946134056 
74 0.008068868946134056 
702 0.008068868946134056 
1480 0.008068868946134056 
260 0.008087854475487283 
1310 0.008068868946134056 
1387 0.008068868946134056 
185 0.008068868946134056 
1937 0.008068868946134056 
707 0.008068868946134056 
179 0.008068868946134056 
760 0.008078361710518706 
140 0.008078361710518706 
1743 0.008087854475487283 
376 0.008068868946134056 
1011 0.008059376279213474 
192 0.008068868946134056 
115 0.008068868946134056 
330 0.008068868946134056 
1027 0.008068868946134056 
1895 0.008068868946134056 
1388 0.008078361710518706 
1082 0.008068868946134056 
1689 0.008068868946134056 
948 0.008068868946134056 
1033 0.008068868946134056 
540 0.008068868946134056 
1406 0.008068868946134056 
1546 0.008068868946134056 
1127 0.008068868946134056 
676 0.008068868946134056 
457 0.008040390656476104 
1334 0.008068868946134056 
99 0.008068868946134056 
279 0.008068868946134056 
1164 0.008068868946134056 
1208 0.008068868946134056 
784 0.008097347241041134 
160 0.008068868946134056 
1904 0.008068868946134056 
1532 0.008068868946134056 
1898 0.008068868946134056 
597 0.008068868946134056 
780 0.008068868946134056 
974 0.008087854475487283 
1709 0.008068868946134056 
1473 0.008068868946134056 
