177 0.014420903116932764 
146 0.014343066955216137 
202 0.014214335010240959 
1170 0.014247265187840273 
956 0.014507723997077438 
262 0.014334084803196794 
1901 0.014840028387308855 
1552 0.014663397818309862 
777 0.014573585211432644 
1930 0.014576579368926687 
1083 0.014837034441757577 
1221 0.014564604054512516 
1355 0.014298160566552061 
1429 0.014642440311101495 
1488 0.014340072771822362 
65 0.014346060936522607 
535 0.014190385411743781 
482 0.014504728975686425 
186 0.01484901062663272 
1791 0.014154459733174867 
1660 0.01456160962027415 
37 0.014411921831682514 
557 0.014295165913394463 
933 0.01437300409220605 
1080 0.014172422708032461 
1981 0.014543647115593746 
940 0.01439096508901032 
1581 0.014678368624524932 
197 0.014199366220615831 
927 0.01414847325800038 
498 0.014522691903562738 
1135 0.0150076807344001 
1748 0.014684352775667046 
596 0.014411922857175673 
1207 0.014729260652542034 
441 0.014804105353877365 
698 0.014579572640858842 
141 0.014417910708240517 
1173 0.014908886560574243 
1348 0.014636453325007386 
571 0.014055666618537644 
1987 0.014217329453843503 
551 0.014130511049694122 
790 0.014729261087630778 
904 0.014693335229070906 
584 0.014711298512368392 
356 0.014193379890223833 
1803 0.014480779639046018 
370 0.014519697553038913 
1539 0.014313128797564013 
417 0.014277204787126322 
699 0.0142113429998872 
599 0.014109553907525519 
1855 0.014223315259273039 
954 0.014678367305378314 
1815 0.014331092239264022 
21 0.015016659957788387 
1054 0.014381983715568059 
1866 0.013837124544839194 
834 0.014328096467834981 
278 0.014735248049769153 
1 0.014426891333318467 
1118 0.01443587220849157 
389 0.013956872720823856 
486 0.014364022576067049 
711 0.014019741652324995 
1188 0.01448975898300559 
155 0.01407063695189099 
1611 0.01438198684325942 
1532 0.014046684063065777 
1878 0.014489760905524326 
827 0.014411922649913525 
1459 0.01424726612069703 
1009 0.014166435448700415 
124 0.014250261279705856 
1508 0.014130510337367199 
1134 0.014762192068741659 
589 0.014561608947428908 
1911 0.014133503857095617 
1837 0.01422930478854899 
1672 0.014079617103976327 
1046 0.014477785124090823 
1662 0.01441192275604964 
1243 0.014525684245641685 
1713 0.014193379514475721 
1867 0.014402941622787765 
271 0.014603522956437048 
963 0.014298159956588343 
601 0.014393959783013546 
1709 0.014822067049769546 
1741 0.014346060477925186 
966 0.01448976119752035 
902 0.014504728973792048 
286 0.014283191309752266 
1875 0.014465810947887202 
1902 0.014741236582146378 
1107 0.014645434915819489 
822 0.014474793151827509 
1644 0.01452867919693189 
344 0.014304147112890553 
