0 89 7 3 71
0 342 3 2 7
2 115 5 7 50410
3 218 5 4 196
3 363 8 1 4
3 430 8 5 1478
4 361 4 6 4053
4 414 7 3 40
5 214 6 3 64
8 303 10 2 20
9 129 7 2 16
9 171 2 3 17
9 451 2 2 10
10 416 2 3 25
10 462 6 4 182
11 30 3 6 9767
11 297 5 2 22
11 438 8 1 7
12 343 3 3 37
12 499 1 9 987652
13 207 7 2 19
13 280 9 1 7
13 397 9 2 26
14 173 5 1 4
14 265 3 4 167
15 160 6 1 8
15 194 9 1 7
15 414 4 7 75871
16 25 9 1 4
16 114 6 1 10
16 232 4 5 1975
16 357 10 6 23912
16 370 7 8 1483337
17 83 1 2 4
17 131 7 1 4
18 90 10 3 73
19 33 4 1 7
19 180 4 9 1966083
20 139 8 1 7
20 283 9 1 4
21 209 2 6 4631
21 259 9 1 4
22 226 1 7 38880
22 451 6 7 32942
23 108 3 4 284
23 304 9 1 8
23 418 2 3 23
24 52 4 4 259
24 386 10 7 189477
24 418 10 1 8
24 503 9 2 19
25 126 1 3 14
25 234 3 2 14
25 309 3 3 19
25 320 4 5 1108
25 408 7 1 10
26 142 4 1 7
26 296 8 1 7
27 342 5 3 53
27 378 7 3 38
29 40 2 2 4
30 182 4 6 2915
30 403 6 6 13885
31 66 10 2 37
32 105 7 1 4
32 177 5 1 5
33 489 5 9 3972188
34 84 8 3 44
34 199 7 2 29
34 231 7 1 10
34 282 10 1 8
34 317 4 5 533
35 151 5 3 29
35 446 5 2 11
35 458 4 2 17
36 341 10 7 79822
36 444 4 3 31
38 170 3 6 5765
38 390 9 3 154
38 488 7 3 70
39 467 1 8 80183
39 490 10 2 31
40 75 10 7 284948
40 103 1 4 32
40 148 3 2 14
40 464 10 2 46
40 486 3 2 10
41 429 1 3 19
42 45 2 4 62
42 316 7 8 862427
43 123 6 1 10
44 327 7 5 3328
45 98 6 6 7957
45 108 4 5 887
45 408 1 5 673
46 106 7 2 17
46 139 8 1 4
47 99 6 7 48350
47 505 4 4 292
48 344 6 4 458
49 66 5 2 14
49 370 1 2 5
50 169 1 2 4
50 177 5 2 10
50 474 10 4 278
51 134 10 3 59
51 342 2 3 11
52 78 2 7 20678
52 181 10 1 10
52 207 3 4 122
52 277 9 1 14
52 500 5 5 2434
54 464 5 5 692
55 151 5 1 4
56 234 5 1 4
56 435 9 7 57224
58 164 9 1 4
58 249 1 6 1112
59 199 3 3 56
59 276 1 4 41
60 384 1 4 28
62 444 2 2 7
62 489 2 2 8
63 335 10 2 35
64 89 2 2 4
64 91 4 2 14
64 179 5 4 426
64 501 2 8 127564
65 236 7 2 13
65 267 6 1 7
65 277 9 1 4
65 386 9 3 151
65 397 2 5 241
65 409 3 3 17
66 185 2 2 4
66 376 2 2 7
67 70 10 1 13
68 132 8 4 859
68 209 4 2 10
68 221 3 4 169
68 267 2 5 360
68 290 10 7 125350
68 363 2 2 4
68 432 9 2 16
69 89 3 5 402
69 462 8 3 125
70 295 8 4 237
70 505 3 3 23
74 220 9 2 35
74 411 10 1 16
74 451 5 4 353
75 330 2 5 435
75 392 7 1 10
76 153 5 3 32
77 337 10 4 877
78 209 5 3 44
78 267 6 2 19
78 308 10 2 31
79 262 10 2 32
79 319 4 1 4
80 86 5 2 22
80 368 2 2 7
80 420 10 1 4
82 84 9 1 8
82 464 5 1 7
82 488 9 1 4
83 402 5 5 647
83 407 1 4 29
84 257 3 4 89
84 295 1 2 4
85 244 4 6 19512
86 118 6 3 104
86 145 3 3 32
87 133 10 1 13
88 404 7 2 17
89 349 2 2 4
90 292 6 2 25
90 402 4 1 7
91 280 5 2 10
92 477 3 5 348
93 161 8 3 46
94 427 1 2 4
95 182 6 4 214
95 486 3 4 68
96 488 7 1 10
97 319 8 3 70
97 351 4 5 2033
98 113 9 1 14
99 154 3 2 7
99 172 6 3 127
99 402 9 1 4
100 291 3 3 16
101 165 7 2 17
102 259 1 3 7
103 117 5 8 511424
103 192 7 1 4
103 273 6 6 6602
103 277 2 2 4
104 166 7 4 276
104 327 9 1 4
105 242 10 1 11
105 496 5 3 38
106 198 7 3 67
106 249 7 1 8
107 241 6 3 34
107 277 1 4 73
107 335 3 2 7
107 350 8 5 1134
107 359 1 2 4
108 404 5 1 8
109 143 9 6 8231
109 354 3 2 8
109 367 7 1 8
109 408 5 4 460
109 437 9 2 16
111 198 10 1 7
111 273 4 6 6950
112 236 6 3 53
113 430 2 3 32
114 327 10 10 133016185133
115 180 10 3 166
115 193 6 4 164
117 314 2 2 7
118 221 3 1 4
118 260 2 4 80
118 285 7 3 70
118 390 7 2 23
119 293 6 5 2122
119 417 1 3 7
119 423 8 4 318
119 506 6 3 77
120 475 5 1 4
122 258 6 2 17
122 371 9 2 26
122 383 8 2 38
123 173 8 1 10
123 377 1 3 7
124 280 7 1 4
124 471 9 6 13433
125 154 3 3 22
125 445 8 1 11
125 507 3 2 8
126 251 5 2 17
126 277 10 1 4
126 466 7 1 10
127 250 9 6 7166
127 311 7 3 145
128 355 5 2 17
128 385 7 6 28681
129 206 6 3 40
129 276 7 1 5
129 406 3 1 4
129 480 7 2 22
130 277 2 2 5
131 194 6 4 205
132 434 10 3 118
132 475 6 5 3880
134 226 6 1 4
135 167 3 2 7
135 169 4 3 59
136 405 4 4 329
137 160 5 2 19
137 201 7 1 4
137 250 5 3 53
138 470 7 5 1475
139 455 9 5 2606
140 510 1 5 536
141 351 9 1 5
141 353 1 4 25
141 390 3 7 22921
141 418 10 1 7
143 192 9 4 222
143 223 10 3 65
143 270 9 4 801
143 286 6 1 4
144 505 7 1 7
146 215 1 3 7
146 288 2 6 1626
146 362 10 1 13
146 365 8 4 194
147 402 10 1 7
147 467 7 1 4
147 480 1 2 4
148 162 7 6 8858
148 359 4 1 4
149 196 8 5 5257
149 224 9 2 17
149 304 2 6 3137
149 458 9 1 7
150 430 8 3 107
150 458 10 1 13
151 307 2 4 68
151 387 9 1 14
151 399 7 3 43
151 463 6 3 109
152 196 1 3 8
152 433 3 3 41
153 200 8 1 10
153 257 4 3 65
153 409 1 4 25
154 273 5 2 11
155 412 6 3 43
155 418 5 1 4
156 160 10 2 40
156 400 7 1 7
156 507 9 7 50849
157 385 3 4 172
159 189 8 1 11
159 331 1 4 26
159 353 4 1 7
159 451 1 2 3
161 423 4 2 13
162 273 2 2 8
163 181 6 1 7
163 293 4 4 154
163 333 7 2 16
164 241 8 1 7
164 291 9 1 7
165 281 1 3 7
165 323 6 2 28
165 484 10 2 23
165 501 5 2 16
166 170 6 1 4
168 209 4 9 5913813
169 266 10 2 47
171 506 10 1 7
172 480 2 3 20
173 266 7 1 11
173 274 4 2 19
174 501 3 5 378
175 205 6 4 655
175 272 7 2 23
176 393 10 3 143
177 459 7 5 1635
178 182 9 4 443
178 254 1 4 34
178 409 8 3 100
178 486 5 4 181
179 223 7 4 476
179 255 9 4 264
179 473 1 2 5
180 346 9 2 17
180 421 3 1 4
180 448 4 5 839
181 436 10 1 7
182 277 7 1 10
183 463 6 3 47
186 237 9 2 41
187 440 5 1 4
189 252 8 3 140
189 275 1 7 5558
189 474 1 5 369
190 424 7 1 5
191 352 4 8 159696
191 368 1 4 38
191 401 8 4 222
191 416 10 2 31
192 437 2 8 597752
194 346 7 3 70
195 363 5 1 5
196 439 6 4 367
197 230 10 1 4
198 267 8 4 438
198 279 3 4 310
198 353 6 1 7
200 210 7 4 653
200 342 8 5 3363
200 448 1 3 10
202 254 3 3 32
202 442 8 4 751
204 245 8 5 4117
204 472 5 1 7
206 410 4 3 28
206 436 1 3 22
208 275 3 2 10
208 303 7 3 47
208 506 10 1 4
209 223 5 3 58
209 274 1 2 4
209 492 3 3 37
210 380 10 4 822
211 386 6 1 8
212 238 1 3 7
213 443 10 2 47
214 231 1 2 3
214 511 1 5 125
215 393 5 3 28
215 417 5 2 25
218 254 4 4 414
218 447 10 1 8
219 234 4 3 59
219 478 9 4 922
219 498 7 6 6159
221 351 6 5 2405
222 430 7 4 658
223 412 2 4 118
223 435 5 1 4
223 478 4 3 23
223 491 9 1 7
223 508 4 2 16
227 397 10 3 85
228 299 8 1 3
229 452 9 1 14
230 482 7 6 18975
231 349 7 1 7
232 248 7 1 4
233 247 6 1 8
233 366 1 4 67
235 354 10 1 4
237 407 6 1 4
238 319 6 2 20
239 323 10 3 61
242 257 7 2 13
242 285 9 4 468
242 312 5 5 2620
243 249 7 3 110
243 492 6 1 4
246 254 3 1 4
246 500 4 1 7
248 431 4 3 26
249 404 7 10 61382589
250 395 1 7 5031
252 502 8 1 13
253 296 10 5 3323
253 500 2 3 26
255 392 10 1 7
256 476 8 1 4
258 267 4 1 7
258 478 10 2 20
259 373 9 1 14
260 283 6 4 407
260 327 7 4 593
260 400 2 3 14
262 299 8 1 13
262 414 4 1 4
262 487 5 5 996
264 339 1 2 4
264 473 4 6 16156
265 281 9 2 29
265 430 6 3 94
266 294 6 1 7
267 463 10 3 172
267 475 3 6 7283
269 336 7 2 31
270 335 9 1 10
270 395 8 2 40
271 489 10 6 31048
272 320 7 1 10
272 404 2 10 261785410
275 280 1 2 4
275 323 8 1 4
276 335 1 2 4
277 279 9 2 38
277 359 3 8 320714
279 392 9 2 46
280 385 1 2 4
281 345 3 3 34
281 464 2 5 793
284 333 9 1 5
288 505 4 1 7
289 366 1 7 29806
290 427 6 6 20042
291 454 10 1 4
293 489 9 2 25
295 463 9 1 8
297 441 8 1 4
298 347 2 3 34
298 501 4 3 22
299 363 10 1 8
299 382 9 3 185
303 305 9 1 7
303 376 2 4 154
303 400 7 1 10
304 474 6 4 193
305 411 9 1 5
305 416 9 1 7
307 394 3 3 16
308 450 7 3 143
309 400 4 2 10
311 330 5 2 17
311 342 8 2 16
311 432 2 7 35267
312 313 8 1 10
312 409 5 2 26
312 466 3 5 996
313 451 1 4 61
313 463 9 1 4
314 418 4 4 188
315 435 8 1 14
317 318 10 3 113
318 481 4 2 10
321 365 9 1 13
322 354 6 6 5082
325 422 4 5 664
336 444 4 1 4
337 451 2 2 4
338 341 3 5 399
338 461 4 3 28
339 342 6 1 7
339 475 10 1 16
341 435 3 1 4
341 469 6 1 7
343 415 5 5 1247
349 431 9 4 250
350 452 8 8 1293309
351 497 5 1 7
353 371 8 1 10
354 363 9 4 225
354 457 7 7 86718
355 428 8 9 4897416
355 464 6 3 33
357 421 5 6 3869
357 467 10 1 13
358 420 9 3 91
358 432 1 3 22
358 447 9 1 4
360 431 10 2 23
361 510 4 3 26
362 456 9 1 13
362 493 7 3 79
367 499 9 3 98
368 438 7 1 4
368 482 6 1 4
370 419 2 3 37
371 421 6 2 16
372 477 9 3 89
373 436 8 5 966
374 489 6 1 4
379 434 8 1 13
380 462 7 3 91
380 470 1 6 724
381 501 7 1 4
383 387 8 5 1560
383 504 1 2 4
384 450 5 2 13
385 498 3 2 10
386 394 8 1 4
386 448 9 3 61
386 468 4 3 31
386 482 3 1 4
388 418 9 5 1639
388 472 4 5 997
389 500 5 3 107
391 404 9 3 191
391 429 8 3 61
391 511 6 1 4
393 488 4 3 31
394 399 6 3 38
396 468 2 3 13
398 413 9 3 71
398 484 9 1 10
399 410 4 1 4
400 407 7 1 4
400 492 1 2 4
402 433 6 4 211
404 443 8 3 94
405 474 7 1 11
406 407 10 6 9892
408 439 3 2 13
410 473 8 1 8
412 455 10 2 46
414 416 2 3 17
414 461 8 1 7
415 472 3 1 4
417 503 9 2 20
425 450 2 3 26
427 505 2 7 53780
429 432 7 2 37
432 455 9 5 1025
444 468 9 1 4
447 485 3 8 262450
449 452 1 4 71
450 475 2 6 2092
453 471 10 1 4
453 479 10 1 7
455 479 1 2 4
463 468 5 3 74
466 481 4 2 19
466 501 10 1 13
474 480 5 8 345823
485 501 10 1 4
501 504 8 5 2045
507 509 5 1 4
