398 0.00454810732870384 
1599 0.00454810732870384 
1078 0.00454810732870384 
493 0.00454810732870384 
672 0.00454810732870384 
1946 0.00454810732870384 
508 0.00454810732870384 
1270 0.00454810732870384 
190 0.00454810732870384 
1327 0.00454810732870384 
391 0.00454810732870384 
897 0.00454810639904107 
699 0.00454810732870384 
1556 0.004537493180437937 
82 0.00454810732870384 
975 0.00454810732870384 
1754 0.004553414217162976 
1439 0.00454810732870384 
1282 0.00454810732870384 
1440 0.004553414217162976 
85 0.00454810732870384 
543 0.004553414217162976 
1301 0.00454810732870384 
1254 0.00454810732870384 
1808 0.00454810732870384 
1362 0.004558721110452918 
949 0.00454810732870384 
1256 0.00454810732870384 
724 0.00454810732870384 
1268 0.00454810732870384 
1596 0.004553414217162976 
1509 0.00454810732870384 
860 0.00454810732870384 
697 0.004542800857886023 
1826 0.00454810732870384 
1778 0.00454810732870384 
1989 0.00454810732870384 
88 0.00454810732870384 
1182 0.004553414217162976 
1472 0.00454810732870384 
81 0.00454810732870384 
1343 0.00454810732870384 
330 0.004558721110452918 
790 0.004558721110452918 
406 0.004537494458904463 
1403 0.00454810732870384 
1330 0.00454810732870384 
1702 0.00454810732870384 
1979 0.00454810732870384 
666 0.00454810732870384 
252 0.00454810732870384 
721 0.00454810732870384 
1805 0.00454810732870384 
720 0.004553414217162976 
472 0.00454810732870384 
1190 0.00454810732870384 
731 0.004553414217162976 
146 0.00454810732870384 
823 0.004553414217162976 
1258 0.00454810732870384 
661 0.00454810732870384 
1978 0.00454810732870384 
1290 0.004590562571271233 
66 0.004553414217162976 
976 0.00454810732870384 
263 0.00454810732870384 
1351 0.004548106972041058 
1806 0.00454810639904107 
145 0.00454810732870384 
1915 0.004553414217162976 
87 0.00454810732870384 
577 0.00454810732870384 
903 0.00454810732870384 
945 0.00454810732870384 
723 0.00454810732870384 
1458 0.00454810732870384 
299 0.004553414217162976 
1869 0.004553414217162976 
238 0.00454810732870384 
762 0.00454810732870384 
257 0.00454810732870384 
84 0.00454810732870384 
1536 0.00454810732870384 
221 0.004542800857886023 
1185 0.00454810732870384 
1870 0.00454810732870384 
153 0.00454810732870384 
369 0.00454810732870384 
729 0.004553414217162976 
635 0.00454810732870384 
1833 0.00454810732870384 
86 0.00454810732870384 
648 0.00454810732870384 
430 0.00454810732870384 
1371 0.00454810732870384 
1700 0.00454810732870384 
1637 0.00454810732870384 
103 0.004558721110452918 
1810 0.004558721110452918 
1657 0.00454810732870384 
1843 0.00454810732870384 
1414 0.00454810732870384 
784 0.00454810732870384 
1468 0.00454810732870384 
1108 0.004553414217162976 
467 0.00454810732870384 
414 0.00454810732870384 
1567 0.004553414217162976 
1748 0.00454810732870384 
1982 0.00454810732870384 
1939 0.00454810732870384 
940 0.004537493180437937 
741 0.00454810732870384 
1039 0.00454810732870384 
1822 0.00454810732870384 
1888 0.00454810732870384 
609 0.004553414217162976 
900 0.00454810732870384 
438 0.004553414217162976 
105 0.004553414217162976 
756 0.00454810732870384 
200 0.00454810732870384 
1171 0.004537493180437937 
1285 0.00454810732870384 
782 0.00454810732870384 
118 0.00454810732870384 
514 0.00454810732870384 
1716 0.00454810732870384 
926 0.00454810732870384 
236 0.00454810732870384 
921 0.00454810732870384 
555 0.00454810732870384 
1562 0.00454810732870384 
1797 0.00454810732870384 
1213 0.00454810732870384 
590 0.00454810732870384 
913 0.00454810732870384 
1590 0.00454810732870384 
1668 0.00454810732870384 
502 0.00454810732870384 
3 0.00454810732870384 
1100 0.004574641537308202 
1398 0.00454810732870384 
1752 0.00454810732870384 
1104 0.00454810732870384 
670 0.00454810732870384 
320 0.004553414217162976 
510 0.00454810732870384 
142 0.004553414217162976 
111 0.004553414217162976 
796 0.004537494458904463 
1789 0.00454810732870384 
910 0.004553414217162976 
1216 0.00454810732870384 
685 0.004558721110452918 
1178 0.00454810732870384 
1750 0.00454810732870384 
124 0.004553414217162976 
1099 0.004564028008557558 
139 0.00454810732870384 
108 0.004553414217162976 
1280 0.00454810732870384 
1080 0.004553414217162976 
968 0.004542800857886023 
1289 0.00454810732870384 
372 0.00454810732870384 
388 0.004553414217162976 
1612 0.004558721110452918 
846 0.00454810732870384 
1443 0.004553414217162976 
1743 0.00454810732870384 
1763 0.00454810732870384 
1516 0.00454810732870384 
719 0.00454810732870384 
395 0.00454810732870384 
1775 0.00454810732870384 
443 0.004542800073775897 
804 0.004553414217162976 
1384 0.00454810732870384 
435 0.00454810732870384 
1070 0.00454810732870384 
1390 0.00454810732870384 
1679 0.00454810732870384 
1086 0.00454810732870384 
143 0.00454810732870384 
1478 0.004553414217162976 
1835 0.00454810732870384 
401 0.004558721110452918 
1434 0.00454810732870384 
1579 0.00454810732870384 
484 0.00454810732870384 
1747 0.00454810732870384 
1935 0.00454810732870384 
265 0.004553414217162976 
455 0.00454810732870384 
101 0.00454810732870384 
172 0.004558721110452918 
1844 0.00454810732870384 
338 0.00454810732870384 
739 0.00454810732870384 
