0 4 8 2 37
0 8 9 1 13
0 9 5 5 3108
0 17 5 1 6
0 18 10 1 4
0 150 1 4 98
0 156 10 3 119
0 215 3 1 4
0 321 5 4 168
0 352 3 10 4266486245
0 415 9 2 18
0 618 10 2 42
0 670 2 2 4
0 674 9 9 19771981
0 679 6 3 85
0 902 3 2 7
1 7 8 4 323
1 15 1 8 102381
1 30 8 3 61
1 37 7 7 42394
1 135 1 3 11
1 228 1 2 4
1 292 6 3 74
1 481 10 2 21
1 535 2 2 4
1 644 2 2 4
1 705 4 3 25
1 920 1 2 4
2 0 9 1 4
2 3 7 2 33
2 8 8 1 9
2 48 5 1 4
2 167 1 4 79
2 260 10 1 7
3 131 4 4 356
3 272 9 1 4
3 530 3 2 14
3 817 10 6 42884
4 0 1 6 783
4 50 2 3 13
4 60 3 1 4
4 248 5 1 4
4 293 3 1 5
4 368 5 2 18
4 517 4 1 7
4 576 8 1 7
4 774 3 2 7
5 216 1 3 12
5 584 6 3 42
5 887 3 4 189
6 3 6 2 11
6 259 10 1 4
6 512 9 3 181
7 110 8 1 7
7 715 6 1 4
8 19 6 1 7
8 32 10 1 4
8 202 6 1 4
8 272 3 2 11
8 273 3 2 7
8 393 10 1 7
8 486 5 6 4178
8 735 6 1 4
8 902 5 1 7
9 39 10 1 9
9 572 9 2 20
9 823 5 1 4
9 907 7 1 4
10 40 5 6 4853
10 75 2 2 4
10 84 2 3 17
10 160 7 5 1047
10 518 6 2 28
10 523 9 1 4
10 778 1 2 4
11 204 5 1 7
12 0 6 1 7
12 24 3 8 142378
12 116 8 6 6722
12 128 5 1 4
12 781 7 1 4
13 66 6 6 15855
14 152 4 2 17
14 376 8 1 4
14 584 2 2 4
15 485 1 6 2091
16 9 2 4 215
16 24 6 1 7
16 132 1 3 6
16 148 8 1 4
16 643 2 3 22
16 806 7 9 3926503
17 258 6 1 4
18 51 2 4 125
18 203 2 3 32
18 215 5 7 25719
18 290 3 2 9
18 641 9 4 367
18 645 6 2 15
19 7 10 1 7
19 24 4 1 4
20 10 6 1 4
20 36 6 3 120
20 176 7 1 4
20 323 1 2 4
20 786 6 4 193
21 258 8 5 2834
21 308 2 2 4
22 24 10 4 483
22 68 9 1 7
22 97 9 4 261
22 107 10 1 4
22 133 4 1 7
22 331 1 3 11
22 565 4 4 379
23 770 5 1 4
24 848 3 3 24
24 944 2 2 4
26 20 6 1 6
26 22 5 1 4
26 801 2 2 4
27 547 6 3 46
27 549 1 2 4
28 72 8 1 4
28 192 5 3 32
28 203 10 1 4
28 624 10 2 47
28 647 5 1 4
29 1 5 1 4
29 327 7 1 4
29 532 5 1 4
30 21 7 1 9
30 52 1 2 4
30 129 8 1 4
31 77 8 2 20
32 42 10 1 11
32 204 10 1 4
32 211 7 3 42
32 219 4 6 5853
32 276 2 2 4
32 388 1 3 7
32 514 4 4 161
32 612 8 3 63
32 641 1 6 3696
32 960 2 2 4
33 3 8 3 145
33 31 2 2 4
33 64 6 1 4
33 320 3 1 4
33 785 4 6 3794
33 898 4 1 5
34 144 8 1 13
34 292 6 2 16
34 324 7 1 4
34 663 10 1 12
34 800 9 1 5
35 65 1 5 120
35 266 3 1 4
36 48 2 5 320
36 257 9 1 7
36 266 9 1 15
36 288 7 5 4683
36 320 9 2 45
36 448 7 1 9
36 555 7 2 14
37 2 5 1 7
37 13 2 2 5
37 364 10 4 806
37 520 10 1 7
37 640 6 1 4
38 180 10 1 4
39 3 10 3 138
40 20 8 1 14
40 512 5 3 43
40 756 6 2 24
40 840 4 2 16
40 980 10 1 4
41 96 8 7 125669
41 263 9 3 120
41 276 9 2 45
41 321 7 6 20960
41 513 9 2 29
42 42 2 3 15
42 140 1 3 7
42 778 9 2 22
42 839 3 5 356
43 1 7 1 6
43 546 10 6 9927
44 10 9 7 269022
44 47 2 4 70
44 524 8 1 4
45 23 5 1 4
45 50 8 1 9
45 74 4 2 15
45 266 7 3 53
45 844 8 2 20
46 57 4 6 13640
47 80 2 2 7
47 1022 3 6 2310
48 67 1 9 3030480
48 168 8 1 4
48 176 10 1 7
48 646 5 1 4
48 789 2 5 626
48 843 3 2 9
49 4 3 1 4
49 310 7 1 9
49 313 7 1 6
51 70 1 3 14
51 516 5 1 7
52 46 7 2 30
52 285 5 1 4
53 245 6 1 9
55 278 2 5 365
56 89 3 3 28
56 267 4 2 17
56 544 6 1 4
56 560 6 1 7
57 5 9 1 4
57 33 1 2 4
57 128 7 1 7
58 113 8 5 3398
59 58 7 3 84
59 453 6 1 5
60 5 8 3 78
60 33 9 1 6
60 112 3 1 4
61 644 10 1 5
61 648 7 1 5
62 521 6 6 17137
62 612 4 3 29
64 41 4 2 17
64 192 10 1 13
64 203 7 1 11
64 481 8 1 7
64 756 9 1 4
64 780 10 4 257
65 25 6 3 128
65 104 9 2 18
65 118 3 2 11
65 241 4 4 107
65 274 8 1 11
65 515 5 1 4
65 614 8 1 4
66 140 8 1 12
67 16 8 4 248
67 73 7 5 2082
67 453 8 7 187835
67 482 4 2 11
67 840 7 3 91
68 153 3 1 4
68 192 2 4 45
68 226 10 1 17
68 284 3 2 7
68 576 3 1 4
69 138 6 1 7
69 466 4 1 4
69 529 5 4 161
69 572 3 5 1737
70 109 8 1 4
70 212 6 1 4
70 431 10 5 6704
70 608 3 3 29
70 646 4 1 4
70 648 2 2 5
71 1 1 4 24
71 264 7 1 4
71 409 10 1 4
72 37 10 1 5
72 65 6 1 4
72 280 3 5 882
73 870 9 1 14
73 999 6 1 4
74 512 8 1 5
74 768 2 2 6
74 1012 3 2 7
76 76 9 2 24
76 133 4 8 393632
76 586 2 2 4
77 256 4 4 89
77 267 10 1 4
77 450 5 5 783
78 288 9 2 31
78 517 6 4 369
78 919 1 3 12
79 165 4 1 4
80 132 5 1 4
80 211 1 3 19
80 528 9 1 4
81 852 9 1 5
82 280 8 1 9
83 115 4 2 12
83 304 9 5 3176
83 617 6 1 7
83 784 4 1 4
84 64 8 6 9227
84 216 10 2 19
85 31 2 5 256
85 65 5 4 370
86 524 7 1 4
88 782 4 7 37416
89 2 8 1 7
89 76 6 1 9
90 274 8 3 148
90 843 2 2 7
90 977 4 1 4
90 988 8 2 17
91 652 4 5 817
91 951 1 2 4
93 49 5 1 4
93 134 5 1 4
93 669 9 2 22
94 954 1 3 6
95 34 4 1 4
96 32 10 4 304
96 80 9 1 4
96 103 7 5 2823
96 220 7 4 240
96 276 5 1 4
96 321 3 1 4
96 776 8 1 4
97 48 9 1 9
97 286 7 2 21
97 473 9 1 7
97 525 1 7 9891
98 14 9 2 20
98 352 7 2 27
98 671 1 3 12
98 928 4 1 7
99 249 8 2 31
100 128 6 2 12
100 752 1 4 39
100 768 10 4 670
101 124 5 3 30
101 161 3 1 5
101 392 1 4 64
101 599 10 3 101
102 6 5 1 4
102 166 1 3 9
103 704 1 3 7
104 26 10 1 4
104 28 10 1 4
104 48 3 6 2766
104 132 3 2 7
105 3 8 1 6
105 779 2 2 4
106 652 1 2 4
107 129 3 4 121
109 707 8 1 14
112 0 3 1 4
112 3 5 6 8906
112 28 8 1 14
112 107 9 2 16
112 776 10 2 29
114 497 8 1 6
116 33 4 3 72
117 106 4 8 221090
117 803 9 1 4
118 565 1 2 4
119 836 3 2 7
120 76 5 1 7
121 536 3 3 28
122 294 10 1 4
125 268 10 1 4
128 1 1 2 4
128 208 1 3 11
128 320 4 1 7
128 375 4 2 9
128 453 5 1 8
128 628 9 1 4
128 770 9 1 7
128 806 9 1 4
129 0 3 2 7
129 10 2 3 16
129 37 3 3 29
129 39 10 2 20
129 88 1 3 11
129 163 2 5 406
129 584 3 3 18
130 78 5 7 27199
130 273 5 6 5158
130 368 8 1 9
130 520 10 2 49
130 528 10 4 838
130 532 7 2 17
130 540 1 4 49
130 675 10 1 7
130 772 2 2 5
131 581 4 1 7
132 6 8 1 5
132 17 5 5 762
132 94 10 3 135
132 372 10 1 12
132 713 9 6 11867
132 957 4 3 52
133 23 7 1 4
133 138 9 1 4
133 614 8 1 7
134 377 3 1 4
134 390 8 1 4
134 768 2 2 4
136 39 6 1 5
136 81 5 1 4
136 160 2 3 26
136 482 6 6 11198
136 610 1 3 19
137 148 9 3 58
137 256 8 1 4
137 778 1 2 4
138 415 1 2 4
139 426 8 1 4
140 143 7 3 42
140 168 5 1 4
140 776 4 7 30659
141 2 6 4 419
141 521 7 2 24
141 954 1 3 14
142 641 8 1 4
143 116 4 2 17
143 144 7 7 212117
143 187 7 1 4
143 286 2 3 25
144 68 1 3 10
144 248 2 7 23572
144 257 8 1 4
144 433 4 1 6
144 520 8 5 4143
145 1 6 2 14
145 67 3 2 12
145 94 8 1 4
145 216 9 1 7
145 273 7 2 15
146 69 8 2 24
146 146 3 3 22
147 513 4 4 178
147 522 4 1 4
148 278 5 2 9
148 464 8 1 4
148 912 8 1 7
149 633 7 1 4
149 649 7 1 4
150 141 1 5 259
151 207 4 5 1621
151 250 4 1 7
153 592 7 1 4
153 598 8 1 4
156 54 1 4 28
156 133 4 1 7
156 521 8 1 4
156 814 6 2 12
157 404 8 1 9
158 104 6 1 5
159 526 7 2 22
160 34 8 1 7
160 144 1 3 10
160 452 4 1 4
160 644 3 3 16
161 40 2 6 5322
161 524 9 2 16
161 576 9 7 168285
161 717 3 2 7
161 898 9 1 10
162 160 8 2 15
162 290 4 4 328
162 306 7 1 7
162 517 10 1 4
163 361 6 2 16
164 38 9 4 208
164 280 10 1 4
164 481 9 4 234
164 636 9 3 188
164 646 3 1 4
165 141 6 3 33
167 104 10 1 9
167 289 6 4 201
167 456 9 1 10
167 712 4 1 4
168 8 9 5 1340
168 52 9 6 11342
168 68 4 3 29
168 98 7 2 15
169 25 7 2 34
169 514 8 7 41111
171 144 9 5 1097
171 810 8 4 242
172 8 4 6 9521
172 32 4 2 8
172 664 4 1 4
174 582 7 3 50
176 32 7 3 64
176 824 10 1 13
176 864 1 3 7
176 916 4 1 4
177 280 4 4 229
177 560 2 2 7
178 144 8 4 183
178 797 5 1 7
179 429 3 3 50
180 19 5 1 4
180 152 8 1 4
180 600 5 1 7
181 97 8 4 321
181 331 10 3 138
181 964 2 2 4
182 300 7 3 53
182 728 9 7 91994
184 664 9 2 24
187 800 1 3 9
188 4 7 1 7
192 52 7 4 240
192 177 2 2 4
192 536 4 4 241
192 713 9 1 11
192 898 10 1 4
192 999 7 1 4
193 131 8 1 9
193 162 4 1 4
193 375 7 3 43
193 422 4 2 15
193 718 1 4 26
194 592 9 1 7
194 677 8 1 11
196 81 5 1 4
197 61 9 3 68
197 100 9 2 16
197 297 4 2 9
197 611 7 6 19077
198 196 4 2 11
198 812 5 1 4
200 445 9 2 27
200 924 3 4 260
201 39 6 2 13
201 140 2 2 7
202 11 3 6 3675
205 457 10 3 131
206 80 10 1 9
208 12 5 1 7
208 14 3 4 179
209 55 6 1 4
209 564 9 2 42
210 1 3 2 15
211 4 1 2 4
212 285 9 1 5
212 673 4 6 5287
214 369 7 1 10
216 66 8 1 4
216 792 2 2 4
220 658 4 1 4
222 532 6 1 4
225 257 6 5 1632
225 316 2 2 4
225 948 7 2 28
226 35 4 2 12
226 157 3 4 75
227 336 8 3 64
227 838 6 3 32
228 32 3 1 4
230 9 1 2 4
231 261 10 1 9
231 290 3 1 4
232 5 5 2 9
232 80 2 2 4
232 130 10 1 4
233 912 8 1 9
233 973 3 2 14
234 848 7 2 27
234 917 5 1 4
235 281 5 3 69
235 645 4 1 4
238 642 2 2 4
239 370 5 4 194
240 18 9 2 21
240 66 5 1 7
240 799 7 1 4
241 206 2 2 4
242 156 9 3 111
244 356 9 5 4670
246 64 1 5 398
247 626 10 1 7
248 0 6 1 4
248 902 9 1 11
256 4 6 1 4
256 69 10 1 4
256 97 4 2 10
256 160 10 7 309985
256 212 3 6 11333
256 243 10 6 31859
256 312 4 4 244
256 963 8 3 74
256 992 4 1 4
257 0 2 10 45288174
257 156 2 2 4
257 544 7 1 7
257 806 7 3 91
257 920 3 1 4
258 34 4 1 4
258 36 6 4 144
258 138 1 2 5
258 673 10 1 7
258 810 9 1 4
258 880 5 3 81
259 100 7 3 41
259 327 9 3 155
259 532 6 1 7
260 256 3 3 28
260 678 6 2 11
260 978 3 3 26
261 72 9 2 43
261 672 7 1 4
262 32 6 3 44
262 134 2 2 4
262 256 1 3 9
262 906 2 2 4
262 1013 1 3 14
264 296 4 1 4
264 568 1 2 4
265 339 2 2 4
266 242 9 2 38
266 272 1 3 20
266 336 2 2 4
266 504 1 3 12
268 12 5 4 187
268 34 5 1 5
268 177 6 2 17
268 192 8 5 3153
268 512 5 1 7
269 640 9 2 19
270 73 9 1 4
270 532 1 6 1573
272 162 1 4 98
272 208 6 1 4
272 225 4 3 22
272 280 5 1 6
272 378 10 1 4
272 520 5 4 321
272 554 8 3 102
273 693 2 2 7
273 903 3 2 7
274 334 10 2 23
275 4 8 1 4
275 16 9 1 4
275 116 6 7 36824
275 133 10 3 62
275 401 7 3 39
275 485 9 4 235
275 512 4 4 413
276 288 9 4 335
276 392 8 1 10
276 628 8 1 12
277 8 5 3 92
277 27 1 2 4
277 128 2 2 4
277 385 7 3 65
278 258 8 1 10
280 36 10 1 6
280 82 6 2 14
280 600 5 3 100
281 101 3 1 4
282 717 9 1 4
282 787 8 4 371
284 835 4 2 9
286 624 7 1 4
286 832 1 2 4
287 448 7 1 7
287 802 9 3 95
288 47 8 1 4
288 224 6 1 4
288 292 3 1 4
288 341 8 4 463
289 468 9 6 24868
289 472 7 3 42
289 648 10 1 4
289 753 1 6 3241
289 788 4 2 15
290 258 10 1 4
290 328 8 2 37
290 388 6 1 4
291 32 1 3 7
291 610 4 3 82
291 967 5 6 9128
292 7 2 2 4
292 19 10 4 595
292 134 6 1 4
293 256 4 1 4
293 960 5 1 4
294 742 5 2 12
294 864 1 2 4
296 57 9 1 7
296 131 9 3 178
296 260 9 3 121
296 336 3 1 4
296 409 8 1 14
296 516 7 1 6
297 167 5 1 7
297 325 5 2 9
297 389 9 1 6
297 544 6 9 4028409
298 75 8 1 4
298 800 10 1 17
300 140 9 1 10
301 274 2 2 4
303 292 3 6 2420
304 6 10 6 29962
304 8 3 1 4
304 106 1 2 4
304 212 9 4 362
304 258 4 3 69
305 11 2 6 5828
305 34 1 7 5452
307 514 10 6 9570
308 583 7 2 36
308 692 6 6 15805
308 832 9 1 4
308 848 4 2 14
310 44 6 3 40
310 936 6 5 715
314 109 8 2 15
314 376 2 5 834
315 739 6 1 7
316 452 9 1 4
318 532 7 1 5
320 315 6 1 4
320 428 1 2 4
320 468 3 2 9
321 262 6 1 7
321 834 9 1 13
322 80 10 4 430
322 416 4 3 22
323 360 8 1 9
323 515 3 1 4
324 16 6 7 39410
324 106 9 3 67
324 167 8 2 19
324 179 7 4 557
324 513 4 2 11
325 6 1 2 4
325 74 6 1 4
325 720 8 1 7
326 116 3 5 1796
326 280 4 1 4
327 698 6 1 8
328 45 10 2 49
328 853 6 1 4
329 35 9 1 4
329 258 10 2 21
329 836 3 3 56
330 8 9 6 29019
332 456 4 2 9
335 391 3 1 4
337 352 3 3 17
337 768 4 5 846
338 160 4 1 4
338 169 7 2 16
339 42 7 1 4
340 0 3 1 4
340 106 9 1 10
340 704 5 1 4
340 763 1 6 763
342 536 9 1 4
344 188 6 4 152
344 676 5 1 4
345 992 2 2 4
346 11 6 4 197
347 11 10 4 395
347 296 10 1 7
348 128 8 1 6
348 395 9 1 11
352 419 7 6 9691
352 794 2 2 4
353 138 7 1 4
353 389 6 1 4
353 684 7 1 7
354 288 2 2 4
354 836 10 3 60
355 134 3 3 25
355 634 6 1 9
356 800 6 2 19
357 433 2 2 4
357 641 5 1 7
357 690 9 1 7
358 168 1 2 5
360 514 2 4 70
361 266 8 1 4
362 34 2 3 11
363 162 9 1 4
363 424 5 4 184
364 740 1 3 7
368 925 5 5 1116
371 705 10 2 19
375 77 4 3 26
376 193 10 1 4
380 339 9 2 33
381 531 3 2 11
382 562 10 1 4
384 156 8 1 7
384 332 4 2 9
384 457 10 1 14
384 481 8 3 122
384 531 2 4 146
384 571 6 3 42
384 841 2 2 4
384 962 10 1 4
385 213 5 1 4
385 513 5 3 51
386 158 3 5 830
386 206 2 4 82
386 681 10 6 9487
386 846 6 7 90771
386 849 7 4 724
387 147 2 5 1296
388 332 10 1 7
390 566 8 1 4
391 461 3 5 1092
393 577 2 2 10
395 4 8 2 19
395 558 5 1 7
395 647 5 3 68
396 6 7 1 4
396 454 1 6 1090
396 777 1 3 7
396 915 8 4 505
397 132 1 8 45790
397 305 3 2 12
398 943 10 3 55
400 10 3 6 6256
400 712 10 3 96
401 58 6 3 35
401 277 3 5 752
401 932 4 5 1922
402 68 7 1 7
402 80 4 1 7
402 769 9 4 412
403 20 1 3 8
406 677 10 3 121
407 591 4 4 140
408 66 9 7 193071
408 405 10 1 4
408 576 9 4 234
409 105 3 2 7
409 417 4 1 4
409 888 3 2 7
410 520 4 1 7
412 6 8 1 4
413 640 7 3 62
414 932 8 6 28516
415 101 9 2 38
416 52 1 3 14
417 577 8 1 5
418 16 2 2 4
419 7 8 1 7
419 62 1 3 6
420 538 10 4 420
422 736 4 4 227
423 384 8 1 4
425 776 1 4 29
426 644 1 2 4
427 580 6 1 7
428 32 9 5 1280
428 194 8 4 301
428 880 10 3 60
430 8 7 1 6
430 68 5 6 12190
430 203 3 6 7771
433 24 2 2 7
433 197 6 3 80
433 398 3 1 4
434 734 1 2 4
437 2 5 3 98
441 21 3 1 4
442 691 6 1 4
449 321 9 1 4
452 48 8 1 9
452 136 2 2 4
452 488 4 2 9
452 512 3 3 19
453 368 7 8 581138
453 661 6 4 203
454 437 5 3 33
454 634 10 1 5
454 782 1 5 191
455 640 5 4 139
456 367 7 1 9
456 376 1 3 10
456 774 4 4 143
458 101 4 1 7
460 197 6 1 9
460 462 8 1 4
460 566 1 5 497
461 901 1 7 5901
462 516 10 1 4
463 916 10 4 967
464 928 2 5 396
467 211 10 2 45
472 801 9 1 4
473 6 7 2 21
476 775 7 1 7
480 665 3 1 4
480 731 3 1 4
481 288 7 3 39
481 416 7 1 9
485 134 1 2 4
488 334 10 1 4
488 565 6 5 1302
489 64 1 9 2466035
491 112 8 1 4
496 433 8 3 52
496 978 5 1 4
505 332 7 5 2003
506 706 7 1 4
512 1 4 1 7
512 5 6 2 11
512 36 2 2 4
512 153 2 2 4
512 173 4 2 9
512 266 3 4 248
512 420 1 3 9
512 453 5 1 7
512 514 5 1 4
512 522 9 2 40
512 685 3 1 5
513 65 7 2 33
513 100 3 3 18
513 112 4 1 4
513 304 10 3 116
513 315 10 1 4
513 340 7 1 11
513 548 4 1 4
513 644 6 1 4
514 11 4 1 7
514 36 1 8 46648
514 401 6 2 11
514 452 4 7 25749
514 572 1 2 4
514 780 5 1 4
515 93 10 1 7
515 157 10 2 50
515 273 2 8 340529
515 598 2 2 7
516 33 10 1 15
516 69 10 1 4
516 169 2 2 4
516 357 4 1 4
516 385 3 1 4
516 442 7 3 77
516 779 6 5 1092
516 785 8 1 7
517 0 3 2 7
517 3 5 1 4
517 132 5 2 17
517 177 3 1 4
517 233 4 1 4
517 525 8 1 4
517 534 2 2 4
517 672 6 2 19
517 768 6 4 188
518 41 9 1 7
518 517 3 2 11
519 944 8 1 10
519 967 6 3 57
520 9 6 1 4
520 94 3 7 28010
520 296 3 4 136
520 436 9 1 4
520 896 5 10 19053066
521 81 5 2 16
521 450 1 2 4
521 609 10 1 4
522 121 6 1 4
522 234 6 2 20
522 549 5 1 4
524 173 9 4 477
524 520 4 5 935
525 820 10 1 4
526 776 1 4 39
527 713 4 1 4
528 33 8 5 4085
528 36 2 3 20
528 97 4 1 4
528 156 3 1 4
528 512 2 2 4
528 580 5 1 4
528 582 9 2 34
528 611 4 4 340
528 801 6 1 4
529 148 5 2 9
529 260 3 3 27
529 423 4 1 4
529 517 2 3 12
529 737 3 4 95
529 836 2 7 25690
530 132 7 1 7
530 325 2 3 17
530 696 2 2 10
532 292 5 3 76
534 6 4 1 6
534 786 6 1 4
534 928 9 3 54
535 10 8 1 6
536 244 5 4 321
536 412 4 5 1536
536 687 3 6 4112
536 902 8 2 22
537 138 7 1 4
538 74 10 1 4
538 84 9 2 24
538 820 4 2 9
540 256 1 3 17
540 481 5 3 64
541 793 3 2 9
544 21 3 2 7
544 24 6 1 4
544 160 4 3 29
544 401 1 9 577521
544 416 8 1 11
544 551 9 4 655
544 718 4 1 4
545 209 9 3 65
545 226 9 1 4
545 520 6 1 4
545 743 1 2 4
546 2 2 2 4
546 263 1 2 4
546 612 2 6 3730
546 758 2 3 17
546 900 2 9 1750331
547 265 10 2 41
547 427 7 1 6
547 577 5 2 9
548 169 9 1 14
548 512 7 1 4
549 97 4 1 4
549 146 4 10 14834512
549 647 6 1 4
551 4 4 2 10
551 40 8 1 4
552 136 7 3 42
552 640 2 6 1542
552 932 1 3 18
554 137 5 1 4
555 52 2 4 220
555 418 8 1 4
557 15 10 1 7
557 400 10 2 26
557 557 4 2 11
557 770 3 1 4
557 938 3 8 727533
559 557 8 5 1803
560 18 5 1 4
560 96 3 5 617
561 10 9 1 4
561 444 5 1 4
561 521 9 1 4
561 786 5 2 11
561 993 8 2 40
562 162 9 5 1929
562 977 1 6 4839
562 992 4 7 29753
563 20 5 5 2302
564 28 9 1 12
564 656 1 3 11
564 659 2 3 12
565 105 10 1 4
566 4 10 1 7
567 793 6 2 19
569 385 5 1 4
569 522 8 1 4
571 100 8 1 4
572 36 1 5 401
572 777 6 6 4750
574 696 9 2 24
576 4 1 3 7
576 5 6 1 9
576 48 4 4 373
576 133 9 1 7
576 172 10 1 12
576 228 5 2 9
576 547 5 1 4
576 607 3 1 4
577 72 6 2 28
577 222 4 7 41230
577 236 8 1 4
577 292 9 1 6
577 577 10 1 12
577 997 2 3 11
578 26 2 2 4
578 96 3 9 4372282
578 136 4 4 246
578 572 7 2 19
578 575 5 1 7
579 80 6 10 2306100134
579 136 6 6 15943
579 621 3 1 4
579 789 8 2 16
581 645 3 6 4221
584 432 5 2 16
584 833 3 1 4
585 64 2 2 4
585 208 10 4 541
585 217 1 4 41
586 530 7 4 496
588 784 8 1 4
589 389 9 1 4
590 300 2 2 4
590 520 1 2 4
590 788 6 2 26
591 147 1 3 6
592 4 8 1 4
592 148 3 1 4
592 528 9 1 4
592 585 10 5 6153
593 429 7 1 4
595 58 4 1 4
595 557 4 3 58
596 11 9 6 24339
596 33 4 1 4
596 91 4 1 7
596 154 10 1 12
597 387 7 1 4
599 176 10 1 4
599 569 6 4 404
600 115 2 6 2878
601 335 10 1 10
601 431 5 1 4
602 480 2 2 10
604 1006 4 4 357
605 80 3 4 102
606 281 5 1 7
606 807 6 4 466
608 176 5 1 7
608 576 4 1 4
609 225 7 2 28
609 768 8 5 1479
611 125 5 2 20
614 936 10 7 139643
617 374 6 1 4
617 908 8 1 7
619 140 2 2 7
619 231 1 2 4
621 293 2 2 4
623 1000 9 6 15397
624 579 5 2 20
625 5 10 1 4
626 8 7 1 4
626 104 5 2 9
626 528 6 1 4
627 769 9 2 27
627 977 8 2 16
628 76 8 1 7
629 446 7 2 16
629 528 7 1 9
631 24 2 2 4
633 812 2 3 17
635 546 3 1 4
638 161 6 1 9
640 6 1 4 66
640 16 4 1 4
640 160 7 2 14
640 181 4 1 4
640 246 2 3 26
640 584 2 2 4
640 732 6 2 22
641 192 3 3 22
642 562 3 1 4
642 724 6 2 12
643 73 6 1 5
643 775 3 6 11760
644 387 2 2 4
644 756 7 2 17
644 769 2 2 4
645 4 5 2 11
645 548 6 1 9
645 963 5 1 7
646 289 10 10 96323090
646 388 8 4 500
648 76 2 3 25
648 98 5 10 79755116
648 369 4 3 69
649 48 5 1 8
650 216 10 4 765
652 594 6 1 7
655 384 9 1 9
656 278 2 2 7
656 370 5 8 305559
657 201 4 7 25318
658 226 2 3 17
660 36 4 1 7
660 52 1 3 11
660 69 3 6 2509
661 244 9 1 10
661 608 3 2 7
664 16 1 2 4
664 205 3 7 28220
665 3 10 1 4
667 587 4 2 11
668 749 10 2 50
670 515 10 1 4
672 64 6 2 11
672 608 1 3 7
672 717 2 3 23
673 104 3 10 53504673
674 259 9 1 6
674 288 9 2 16
674 401 10 1 14
675 257 1 2 4
675 470 3 3 50
677 641 5 2 9
680 20 6 1 6
681 6 2 2 7
682 156 6 2 22
684 1008 10 1 4
686 426 2 2 4
686 593 7 2 14
688 385 7 2 14
689 80 7 3 111
691 12 5 1 4
692 914 8 1 4
694 6 4 9 1812209
694 931 9 7 90252
700 864 1 6 4842
701 941 5 2 14
704 76 10 1 4
704 370 10 6 20488
704 514 5 2 17
704 673 9 1 5
705 854 4 1 4
706 17 10 5 5314
706 161 6 1 4
706 460 4 3 24
706 732 8 1 4
708 108 4 4 136
709 644 1 3 7
711 19 7 1 4
712 283 8 4 227
712 862 4 2 12
713 593 3 2 14
716 98 2 2 4
716 339 10 1 7
719 512 6 1 4
720 144 1 5 174
721 0 7 1 4
721 323 1 4 33
721 584 3 1 4
722 104 5 2 19
722 146 7 1 12
722 258 9 2 16
722 393 2 3 41
723 142 10 1 4
724 20 1 2 4
725 44 5 7 101287
726 322 10 5 4309
727 200 3 1 4
728 350 1 2 4
728 712 5 4 407
730 332 1 3 11
732 834 7 5 2700
736 24 9 3 69
737 64 8 7 43848
737 288 1 4 59
737 610 5 1 4
738 970 7 1 4
740 778 6 4 290
744 124 2 3 14
744 762 4 2 9
745 63 3 5 1256
746 386 10 3 124
751 506 9 6 11745
752 494 5 4 296
752 786 2 2 4
754 32 6 6 9528
760 257 8 5 2126
760 300 2 2 8
763 668 5 1 7
765 513 2 2 4
768 68 7 1 7
768 326 9 8 541190
768 608 10 1 4
768 666 5 3 60
768 736 3 2 7
768 738 9 3 58
769 34 1 2 4
769 640 9 2 22
770 67 9 2 46
770 211 3 3 45
770 256 5 1 4
771 793 9 1 4
772 32 1 5 369
772 130 1 8 142250
774 936 3 4 74
775 921 2 6 6611
776 155 2 2 4
776 586 4 1 4
776 697 7 1 12
777 84 6 3 75
777 200 2 2 4
777 318 6 2 11
777 539 6 1 4
777 608 5 1 4
778 330 7 6 16317
778 707 5 3 70
780 14 10 2 24
780 193 8 8 474305
780 707 7 3 150
781 222 9 1 4
782 226 1 3 9
784 514 4 1 4
784 549 8 1 13
784 569 5 3 48
784 634 8 4 242
785 45 10 1 4
785 257 9 2 41
786 521 2 6 3078
786 576 2 4 128
786 914 10 1 16
788 25 2 2 6
788 324 5 9 11442797
792 540 8 1 7
792 594 3 3 43
795 422 2 7 62218
795 661 3 1 4
800 9 1 2 5
800 97 4 1 4
800 824 10 1 4
802 660 7 5 1724
802 769 2 2 4
803 512 9 3 54
804 0 9 1 5
804 337 10 1 4
804 433 3 2 9
805 781 3 2 9
806 134 8 2 21
806 326 6 1 4
808 526 8 1 9
808 777 9 3 51
808 945 5 1 4
810 17 2 6 3615
810 394 6 1 9
810 416 2 2 5
812 778 2 4 98
814 523 3 1 4
816 24 8 4 189
817 784 10 1 4
818 253 2 4 120
819 69 1 2 4
830 356 10 1 7
832 30 10 3 66
832 43 1 7 5475
832 304 9 2 25
832 427 8 4 271
832 518 1 3 7
832 548 5 5 743
834 67 5 1 4
834 148 9 1 10
834 912 4 4 100
836 86 1 2 4
838 785 4 4 163
839 21 3 1 4
840 106 5 1 4
841 32 7 2 19
841 370 3 3 42
842 200 1 3 7
843 939 8 2 23
844 584 1 2 4
845 624 7 1 4
848 188 1 2 4
848 391 6 2 25
848 899 7 1 7
849 1018 7 1 4
850 308 5 1 4
852 824 10 4 341
854 681 5 2 9
856 256 1 2 4
856 866 6 1 5
857 42 4 1 4
862 130 5 2 9
863 516 8 1 5
866 260 4 1 4
867 998 8 1 7
873 9 9 2 19
874 360 7 3 44
878 258 3 5 499
882 42 6 1 4
882 591 5 2 16
884 802 9 1 4
885 601 8 1 4
894 392 10 3 209
895 603 9 1 12
896 330 6 4 337
896 868 4 3 46
897 115 9 1 12
898 336 5 4 410
898 699 5 1 4
899 537 10 3 92
899 736 7 1 7
900 4 9 1 9
900 162 2 3 38
900 313 9 4 377
902 420 1 3 7
903 339 1 5 409
904 552 1 7 6645
904 888 7 1 5
905 12 8 2 15
905 248 8 1 4
905 540 4 1 4
906 210 3 1 4
906 328 10 1 10
907 276 6 1 6
908 456 2 2 9
911 5 7 6 5050
911 896 1 3 7
914 216 6 1 4
914 669 7 4 289
916 742 9 1 9
917 912 5 1 4
921 272 10 1 11
922 8 1 4 26
924 196 9 4 330
927 190 1 3 7
928 64 5 2 9
928 518 7 1 4
929 316 6 1 4
931 657 5 1 4
933 657 10 1 9
938 261 8 1 4
938 316 7 1 4
938 552 7 1 4
941 771 8 1 4
944 756 4 8 528004
945 456 10 8 2382062
946 205 10 1 4
951 818 9 7 111887
953 905 2 3 26
958 844 3 3 26
961 131 4 5 818
961 291 2 9 2237228
961 472 4 1 4
961 481 1 2 4
965 937 6 1 7
966 29 2 2 8
966 192 1 2 5
966 197 9 1 4
968 352 9 1 9
969 313 7 3 38
969 769 7 1 4
970 180 5 1 4
971 566 9 1 10
976 321 2 2 4
976 779 4 2 17
977 22 9 3 105
978 817 8 1 4
984 324 9 1 4
985 268 4 2 17
987 962 4 7 107689
996 836 5 1 4
998 179 4 3 38
1000 260 1 5 126
1002 652 8 1 4
1002 912 6 3 82
1003 684 8 3 61
1004 129 7 2 16
1018 358 4 1 7
1020 371 6 4 280
1020 385 10 1 6
