1077 0.006008396124039775 
470 0.006096132699728001 
1899 0.00598170648582056 
737 0.006267159260239894 
559 0.00606351171296332 
986 0.006035335889261513 
291 0.005991342033950866 
1943 0.005860851340526242 
1640 0.006098111892379163 
1910 0.006195979748689642 
622 0.006134934159821231 
493 0.006058566459582362 
262 0.006611192082421531 
758 0.005987638537568658 
1418 0.00607141841278678 
1166 0.006106514553470682 
1493 0.005947598871775653 
1778 0.005972806376240957 
1327 0.006141856166677667 
1678 0.006116151000406852 
1539 0.006121343218568249 
7 0.006005679019978556 
1633 0.006026440023415423 
10 0.006004443605257008 
371 0.006144327778808506 
227 0.006118870258483374 
1655 0.006090449602495235 
267 0.005900394473432588 
220 0.006027673890892745 
1852 0.005874693181693215 
1743 0.006050658938203893 
91 0.005950316072910258 
1715 0.006030146861082924 
933 0.006047200019127502 
1974 0.005997268301493723 
1610 0.0059063253525014625 
1937 0.0059349927041751575 
1330 0.006290144415657191 
1067 0.0061010778922806685 
894 0.0058482458974278345 
416 0.0061458129575988835 
391 0.005989118008228784 
1916 0.00587197030518883 
492 0.005967115280344483 
808 0.005917693972105623 
1216 0.006065481310550766 
1100 0.005630003020685728 
1758 0.006008892194347184 
1381 0.00598813111146115 
812 0.0060748784763789915 
347 0.006046955121182224 
1741 0.006167557718618346 
345 0.006203637813149056 
1108 0.006047937032665788 
945 0.006154949428077459 
1872 0.006043488812899704 
1525 0.005929060632749994 
364 0.005917199445324076 
1947 0.006112445174598322 
548 0.006139632717074509 
1160 0.0060632615642657196 
1059 0.005949824523824616 
75 0.006017288145363415 
144 0.005925604659511043 
685 0.005987883342921263 
240 0.005982695777459002 
1646 0.0062866808532257585 
1041 0.0061930132568532035 
86 0.0061057704968105675 
383 0.005417459560909394 
1006 0.005969348369755409 
1870 0.0059374662388283015 
1229 0.006173241826560781 
412 0.006310166214126862 
995 0.005860853396507277 
271 0.006198195502791473 
989 0.0060968769995080165 
1420 0.005906322847018858 
1306 0.0059609476306776675 
314 0.005465147901293079 
