1251 0.016135407086284817 
577 0.016135407086284817 
845 0.016151414353409527 
455 0.016135407086284817 
235 0.016151414353409527 
1576 0.016135407086284817 
113 0.016135407086284817 
1546 0.016135407086284817 
472 0.016135407086284817 
1403 0.016151414353409527 
1928 0.016167421624877467 
93 0.016135407086284817 
260 0.016167421624877467 
439 0.016151414353409527 
1611 0.016135407086284817 
1660 0.016151414353409527 
847 0.016151414353409527 
1869 0.016151414353409527 
1323 0.016151414353409527 
196 0.016135407086284817 
1900 0.016135407086284817 
553 0.016199436180259517 
933 0.016135407086284817 
1920 0.016151414353409527 
451 0.016199436180259517 
224 0.016135407086284817 
116 0.016135407086284817 
971 0.016135407086284817 
745 0.016135407086284817 
906 0.016135407086284817 
1969 0.016135407086284817 
144 0.016135407086284817 
483 0.016135407086284817 
487 0.016135407086284817 
862 0.016135407086284817 
1050 0.016135407086284817 
947 0.016135407086284817 
1395 0.01610339197735232 
696 0.016135407086284817 
1393 0.016135407086284817 
352 0.016135407086284817 
1623 0.016135407086284817 
1440 0.016135407086284817 
1773 0.016135407086284817 
1134 0.016135407086284817 
441 0.016135407086284817 
1695 0.016135407086284817 
669 0.016167421624877467 
561 0.016151414353409527 
1778 0.016167421624877467 
