0 4 4 1 4
0 8 3 2 6
0 9 2 3 21
0 17 5 2 9
0 18 8 3 122
0 47 4 4 226
0 150 1 7 5792
0 156 10 1 9
0 166 8 1 4
0 215 8 3 129
0 256 9 1 13
0 259 1 2 4
0 265 8 7 166981
0 274 5 3 49
0 321 2 4 210
0 552 1 3 9
0 646 8 2 42
0 670 9 1 4
0 674 5 3 29
0 679 7 6 6956
0 704 10 1 4
0 843 3 7 40154
0 902 6 4 210
0 936 8 1 10
1 7 7 1 3
1 15 1 6 2237
1 30 5 4 272
1 70 1 2 4
1 82 8 1 8
1 135 7 5 1065
1 228 2 5 238
1 292 4 7 51974
1 357 8 1 4
1 481 9 3 65
1 535 5 1 4
1 565 3 4 110
1 644 2 5 623
1 768 2 2 4
1 825 10 1 8
1 920 3 1 4
2 0 5 1 4
2 3 4 1 4
2 8 2 2 4
2 132 5 1 4
2 167 1 5 141
2 523 6 1 8
2 826 3 1 4
3 24 5 1 6
3 131 8 3 135
3 272 2 4 52
3 530 10 2 18
3 592 6 3 48
3 652 6 2 16
3 817 9 3 56
4 0 2 6 1453
4 4 4 1 4
4 24 1 4 60
4 50 1 3 15
4 60 10 1 4
4 64 4 1 4
4 284 10 1 4
4 368 8 1 4
4 517 4 4 271
4 576 8 2 17
4 774 2 2 9
4 803 6 5 3720
5 18 2 3 12
5 584 2 2 5
5 887 7 2 15
6 3 5 3 51
6 148 2 4 116
6 212 2 5 1129
6 267 1 5 153
6 466 9 1 11
6 512 6 1 4
6 798 3 2 8
6 1002 9 4 494
7 110 10 1 13
7 237 7 3 90
7 715 7 5 968
8 1 9 1 9
8 2 7 1 4
8 19 3 2 8
8 42 5 4 127
8 58 9 3 155
8 202 5 2 9
8 272 3 2 8
8 273 8 1 4
8 393 1 2 4
8 486 6 6 4725
8 642 8 7 232500
8 735 4 6 10974
8 850 9 1 9
8 902 8 2 19
9 39 9 1 4
9 43 3 4 96
9 526 4 1 4
9 572 2 2 4
9 823 1 3 15
9 907 6 2 25
10 40 2 2 4
10 75 6 2 15
10 84 10 2 32
10 160 6 2 25
10 176 6 3 56
10 208 8 2 20
10 518 9 1 4
10 523 3 2 11
10 584 2 2 8
10 599 2 5 355
10 680 1 7 6247
10 778 10 1 4
11 204 10 2 25
11 586 8 5 3765
11 752 9 6 42895
11 779 4 1 4
12 0 4 1 7
12 24 7 1 8
12 55 9 2 18
12 65 9 1 13
12 269 4 4 344
12 366 9 2 23
12 634 7 3 62
12 781 8 1 7
13 66 4 2 19
13 192 10 2 53
13 224 7 1 4
13 320 6 3 60
13 780 10 2 38
14 127 8 4 198
14 152 1 2 4
14 210 3 4 134
14 376 2 6 1927
15 352 6 1 7
15 485 3 1 4
15 854 8 1 9
16 9 8 2 25
16 24 6 1 8
16 96 6 4 292
16 132 5 7 150310
16 148 7 5 1487
16 198 3 6 8605
16 643 5 2 21
16 806 1 3 11
17 48 8 3 64
17 258 6 1 10
18 215 9 1 11
18 290 1 8 45094
18 641 3 3 22
18 645 10 6 25229
19 24 1 6 4482
19 709 7 3 52
20 10 2 3 15
20 28 8 3 109
20 36 4 4 139
20 69 2 3 21
20 176 8 2 28
20 194 7 9 3504580
20 786 6 5 776
21 116 7 8 314322
21 258 3 5 543
21 308 6 1 4
22 24 5 2 10
22 68 1 3 17
22 97 10 1 12
22 107 8 1 6
22 281 4 2 21
22 320 4 3 22
22 331 10 3 194
22 565 10 3 81
23 328 7 4 726
23 770 9 2 22
23 886 10 1 7
24 533 5 1 4
24 781 3 5 783
24 848 8 2 25
24 944 3 2 15
25 523 8 4 191
25 592 8 3 51
26 20 1 3 11
26 22 9 1 4
26 801 10 3 69
27 130 3 3 49
27 210 7 3 61
27 547 4 5 966
27 549 9 7 48720
28 42 10 6 12697
28 192 4 2 8
28 624 7 3 40
28 647 6 2 19
29 1 9 3 159
29 532 1 3 14
29 809 4 2 8
30 52 7 2 13
30 129 3 5 346
30 588 10 1 6
32 16 10 2 47
32 33 5 3 49
32 42 3 5 2021
32 72 8 7 88901
32 185 5 1 4
32 196 7 1 11
32 204 3 3 18
32 211 8 1 8
32 276 9 1 4
32 388 2 6 1844
32 414 10 3 81
32 514 9 3 63
32 612 4 2 8
32 641 3 2 8
32 721 1 5 366
32 759 1 7 28903
32 803 6 3 54
32 848 6 4 417
33 2 9 1 8
33 3 10 1 4
33 26 6 3 48
33 64 6 5 1269
33 277 7 1 4
33 320 9 6 14763
33 544 5 4 334
33 785 4 1 7
33 945 10 5 1881
34 144 2 2 4
34 292 9 2 27
34 324 4 4 416
34 561 9 3 54
34 663 8 5 4540
34 720 5 1 4
35 65 3 5 353
35 266 7 2 18
35 551 3 6 13527
35 689 1 4 72
36 12 7 1 11
36 34 9 1 12
36 257 6 3 105
36 266 3 1 4
36 288 10 2 22
36 448 9 1 13
36 555 5 1 4
36 705 7 5 1489
37 2 9 1 4
37 13 9 3 134
37 364 2 3 11
37 520 1 4 23
37 594 2 4 163
37 640 9 1 4
38 1 6 1 10
38 180 6 1 8
38 204 1 2 4
38 544 1 4 25
39 3 5 3 47
39 520 4 1 4
39 982 8 4 521
40 9 7 1 4
40 20 4 2 8
40 39 9 1 4
40 256 4 5 1982
40 512 8 1 8
40 528 3 4 136
40 605 5 4 146
40 756 9 8 1045448
40 761 9 1 4
40 840 5 1 4
41 96 6 1 8
41 276 7 1 8
41 321 4 2 11
41 513 9 1 12
41 987 10 3 90
42 140 5 5 1201
42 329 6 2 11
42 411 10 1 4
42 778 8 1 6
42 839 1 5 388
43 1 10 3 124
43 546 2 3 11
44 10 8 7 282461
44 12 4 3 52
44 47 1 4 24
44 430 6 6 4294
44 524 10 5 1556
44 794 9 2 44
45 23 1 3 17
45 50 10 1 8
45 74 3 5 509
45 266 7 4 743
45 615 4 2 15
45 808 1 7 13058
45 844 10 1 4
46 57 8 1 4
47 1022 2 2 4
48 67 6 1 7
48 168 10 1 4
48 176 7 1 4
48 193 1 4 84
48 198 3 6 2228
48 226 8 2 23
48 646 1 3 22
48 708 10 1 16
48 789 7 1 4
48 932 6 2 13
49 17 4 3 77
49 313 8 1 8
49 516 2 2 7
50 9 5 4 138
50 113 8 1 13
50 528 7 7 255576
51 70 3 1 4
51 377 6 1 4
51 516 6 3 114
52 46 4 4 146
52 256 8 1 11
52 285 6 1 4
52 390 4 9 1623751
52 899 10 5 1589
53 146 9 1 4
53 245 6 1 6
54 112 10 2 42
54 718 5 5 589
55 278 9 1 4
56 89 3 4 109
56 267 7 2 13
56 472 6 4 630
56 544 10 6 48258
56 560 9 2 34
57 33 3 4 104
57 448 10 1 15
58 113 8 1 8
58 470 8 4 220
59 58 3 3 63
59 453 5 9 7487338
59 583 3 2 12
60 5 10 4 311
60 33 9 1 15
60 112 2 4 108
60 948 9 1 14
61 648 7 1 4
62 521 1 3 9
62 612 2 2 9
64 1 1 4 27
64 26 4 2 8
64 192 7 4 496
64 194 2 2 4
64 203 5 2 13
64 272 9 4 213
64 370 7 2 32
64 465 5 2 11
64 481 9 1 9
64 686 9 3 93
64 756 9 1 4
64 771 9 1 12
64 780 2 3 22
65 25 3 2 8
65 61 9 2 25
65 96 2 3 15
65 118 3 2 8
65 218 10 1 11
65 241 3 3 28
65 265 8 1 4
65 274 5 3 57
65 515 1 2 4
65 571 3 3 63
65 614 3 3 27
66 545 3 3 23
67 2 6 1 8
67 16 4 2 8
67 20 5 8 288925
67 37 4 2 8
67 482 1 5 282
68 153 8 4 232
68 192 8 4 255
68 226 5 7 35069
68 284 7 4 164
68 322 4 3 46
68 576 10 1 11
69 138 3 3 17
69 276 5 2 11
69 466 4 4 272
69 529 4 2 10
70 109 5 5 1237
70 212 4 1 7
70 431 7 2 15
70 608 4 3 58
70 642 6 7 122743
70 646 8 4 454
70 648 3 4 124
70 672 8 1 4
71 1 4 6 6762
71 264 1 4 26
71 409 8 2 20
71 700 3 2 11
72 8 10 5 4476
72 37 1 9 639639
72 65 5 2 20
72 280 8 5 2155
72 437 6 1 4
72 961 2 5 346
73 39 3 3 55
73 640 8 2 24
73 870 7 3 60
73 999 7 1 4
74 512 7 1 6
74 548 6 3 46
74 768 6 1 7
74 1012 9 4 623
75 259 4 2 12
75 576 10 4 917
76 76 1 7 7403
76 84 1 2 4
76 133 9 8 421092
76 262 6 1 4
77 256 4 6 7697
77 450 6 5 1150
78 288 10 1 8
78 517 7 4 388
78 784 3 2 8
78 919 3 1 4
79 165 2 2 9
80 0 5 5 1086
80 51 10 2 26
80 82 1 2 4
80 132 10 1 4
80 528 1 3 8
80 677 5 4 329
80 920 9 2 17
81 807 4 2 11
82 280 10 1 15
83 115 1 3 8
83 124 2 4 219
83 304 7 2 26
83 617 3 3 19
84 64 5 3 109
84 74 7 4 155
84 216 5 2 25
84 490 4 3 32
85 31 7 4 158
85 65 3 6 7895
86 524 8 1 4
87 353 8 3 92
87 462 5 3 32
87 512 2 3 21
87 515 5 2 11
88 782 10 1 4
89 4 1 3 8
89 76 8 4 603
90 20 5 2 24
90 274 1 3 8
90 843 5 1 4
90 988 9 3 68
91 154 3 2 13
91 652 4 1 4
93 49 7 2 24
93 134 7 1 4
93 669 10 1 11
94 869 8 4 339
94 954 7 3 126
95 20 6 5 2280
95 34 8 1 8
96 103 3 2 9
96 148 5 1 4
96 220 3 2 9
96 276 9 1 15
96 304 9 2 16
96 321 5 4 272
96 547 5 5 1911
96 776 1 2 4
97 48 5 4 553
97 130 9 4 311
97 144 5 2 21
97 195 5 5 2838
97 286 2 2 4
97 473 5 1 4
97 525 1 7 10426
98 14 7 6 21240
98 352 6 3 74
98 401 7 1 4
98 928 2 4 51
99 117 2 4 113
99 134 5 4 268
99 249 7 2 33
100 128 5 4 217
100 294 5 4 514
100 752 8 3 45
100 768 7 4 709
100 901 3 6 3637
101 70 6 1 4
101 124 1 6 1190
101 169 2 8 368568
101 392 8 6 18748
102 6 4 3 59
102 78 8 2 36
102 166 7 3 52
102 264 4 1 4
103 704 5 2 13
104 26 10 4 600
104 28 1 5 137
104 48 5 8 251603
104 132 4 6 8026
104 313 1 2 4
104 512 5 3 67
104 673 9 4 341
105 3 2 2 4
105 296 10 1 11
105 779 4 5 1758
106 516 10 3 134
106 652 8 1 4
107 3 3 1 4
108 133 7 1 4
108 514 6 1 4
108 825 9 7 85675
109 707 2 7 16635
112 0 10 2 25
112 1 1 3 20
112 3 1 7 9425
112 28 6 7 66505
112 84 8 4 829
112 165 6 1 4
114 68 1 7 8665
114 416 10 3 136
114 872 6 7 34042
116 33 9 2 20
117 106 7 2 13
118 565 3 4 121
119 446 2 5 503
119 836 4 1 6
120 0 7 2 15
122 185 5 3 53
122 294 5 1 4
123 600 3 4 279
124 348 4 5 865
125 268 7 2 15
128 1 3 1 4
128 10 3 5 431
128 58 8 1 8
128 134 6 2 13
128 362 8 1 4
128 375 8 3 58
128 433 10 1 8
128 453 9 4 494
128 628 4 4 105
128 806 8 1 8
129 0 9 1 8
129 10 1 3 13
129 37 5 5 598
129 39 6 6 8188
129 88 3 1 5
129 163 7 2 13
129 584 5 3 35
129 707 1 2 4
130 272 8 9 17395590
130 273 4 6 5507
130 368 10 1 13
130 520 2 3 35
130 528 1 3 10
130 532 3 2 15
130 540 3 3 44
130 675 9 4 329
130 772 7 2 27
132 6 5 7 98952
132 17 2 5 744
132 94 4 5 548
132 137 1 3 8
132 372 8 5 2589
132 516 7 4 221
132 713 4 4 122
132 916 10 1 4
133 138 2 5 312
134 67 5 1 7
134 84 2 2 9
134 208 5 4 153
134 224 5 4 115
134 377 5 1 4
134 390 7 1 4
134 516 9 1 11
134 768 5 5 1323
135 258 8 1 4
135 544 3 2 11
136 39 4 2 20
136 81 5 1 4
136 160 6 3 51
136 482 7 6 11814
136 610 6 3 112
136 657 2 5 670
136 684 9 1 9
136 831 3 4 118
137 148 4 3 36
137 259 2 2 5
137 325 8 1 11
137 678 8 1 7
138 266 4 3 53
138 415 9 1 4
138 590 7 1 4
139 87 3 3 38
139 426 1 2 4
139 865 10 1 4
140 72 7 1 4
140 135 1 4 29
140 168 9 1 8
140 464 10 1 8
140 724 6 1 4
141 2 2 5 434
141 521 5 2 19
143 116 5 1 4
143 144 6 3 78
143 187 1 2 4
143 286 9 1 4
143 642 5 1 8
144 18 7 4 711
144 248 5 1 4
144 257 6 3 78
144 433 7 1 6
144 520 7 3 57
144 800 3 4 253
145 1 6 7 60357
145 2 2 3 21
145 94 6 1 4
145 184 1 3 15
145 216 3 1 4
145 273 6 4 194
145 392 2 4 209
145 513 6 2 12
145 576 10 8 565475
146 69 3 2 14
146 146 8 1 9
146 396 1 3 9
147 513 7 1 11
148 1 5 2 12
148 24 5 1 4
148 139 4 7 32804
148 278 5 2 15
148 464 5 1 4
148 515 6 2 30
149 20 8 9 3207787
149 633 10 2 35
149 649 8 1 8
150 160 2 5 302
150 656 2 2 4
151 102 10 1 4
151 132 7 2 16
151 207 3 3 17
151 250 8 1 6
153 26 7 3 39
153 151 8 1 7
153 171 2 4 76
153 592 7 1 7
153 598 1 8 55902
153 833 7 1 4
153 961 4 2 9
156 133 7 5 1348
156 521 5 2 11
157 404 9 2 34
158 104 7 1 6
159 526 5 6 8927
160 34 7 3 123
160 81 7 6 7852
160 144 1 2 4
160 452 7 1 8
160 644 8 1 7
160 801 1 6 1647
161 21 4 2 10
161 40 8 1 7
161 326 6 1 9
161 376 5 7 30368
161 524 1 3 8
161 717 1 2 4
161 898 8 3 87
162 160 6 2 17
162 290 3 5 348
162 306 8 1 4
163 227 3 7 17787
163 361 3 6 3644
164 87 6 1 4
164 217 2 3 30
164 264 2 2 4
164 280 4 3 31
164 329 2 4 48
164 481 1 2 4
164 636 4 4 166
164 646 2 6 1694
165 397 10 2 18
166 686 10 2 37
167 104 3 5 705
167 384 7 2 16
167 456 8 2 15
167 712 10 7 74215
168 8 5 1 8
168 52 6 1 6
168 98 10 1 6
168 480 10 5 3935
169 25 1 2 4
169 72 10 1 4
169 351 1 4 33
169 514 3 2 15
171 144 7 2 13
171 810 9 3 155
172 8 3 3 16
172 32 5 2 17
172 569 4 4 212
173 261 6 2 18
174 493 7 5 2828
174 582 7 2 13
176 32 3 4 242
176 137 10 6 45541
176 270 5 5 673
176 824 9 4 733
176 916 8 1 8
176 932 2 3 17
177 560 3 2 8
177 611 10 2 33
177 744 2 5 439
178 100 1 2 4
178 144 10 2 35
178 580 9 1 9
178 797 2 4 147
180 19 6 5 3329
180 152 5 1 7
180 600 1 6 3620
180 973 3 2 9
181 97 6 3 38
181 768 2 5 521
181 964 9 6 7744
182 300 10 3 199
182 672 2 6 9760
182 728 4 7 49689
184 141 1 3 20
184 161 10 2 36
184 664 6 2 30
185 5 1 5 114
185 391 7 2 21
186 272 1 3 22
186 582 9 1 8
187 800 9 1 4
188 4 6 3 98
192 43 2 7 13908
192 52 1 4 63
192 72 6 1 4
192 177 3 1 4
192 524 4 7 121016
192 536 5 4 257
192 898 7 6 6207
192 904 10 1 14
192 999 1 4 60
193 8 4 1 4
193 28 6 3 85
193 120 8 1 4
193 131 5 4 256
193 162 10 3 146
193 375 9 4 640
193 422 10 1 8
193 718 10 1 7
194 321 8 1 9
194 592 1 3 15
194 677 2 2 4
196 81 5 1 4
196 286 7 8 355995
196 377 5 6 18319
197 100 8 1 8
197 297 5 3 45
197 592 2 2 8
197 611 5 5 1462
197 769 4 2 14
198 3 5 6 4682
198 196 1 4 40
198 812 9 1 4
200 445 3 8 595474
200 577 6 2 26
200 924 5 2 11
201 39 5 2 22
201 140 8 1 4
202 11 7 1 10
203 654 3 5 353
204 6 4 2 16
204 520 1 3 9
205 457 7 1 8
206 80 8 5 2261
208 12 1 5 361
208 14 5 2 11
208 88 1 8 170424
208 534 7 3 78
209 55 6 1 4
209 513 2 2 4
209 564 8 1 11
210 1 5 3 36
210 882 5 3 101
212 34 10 1 4
212 262 1 2 4
212 285 4 7 20557
212 673 7 1 11
213 64 10 3 76
214 585 5 5 1478
216 66 3 3 32
216 138 1 2 4
216 792 2 2 8
217 923 1 7 5190
218 86 5 1 4
219 389 2 4 201
220 176 4 7 27889
220 658 8 2 19
222 852 3 8 496854
225 257 6 1 4
225 948 2 3 13
226 35 8 3 127
227 336 7 3 68
227 592 3 4 68
227 838 7 1 4
228 294 8 1 4
230 9 4 5 1576
231 261 8 1 8
231 290 5 3 41
232 5 2 4 186
232 65 6 3 41
232 80 3 3 35
232 130 4 5 2670
232 480 6 1 10
233 212 7 3 117
233 912 9 3 131
233 973 7 3 51
234 848 5 10 115680331
237 91 4 2 8
238 642 7 2 13
239 370 4 3 72
239 560 5 3 70
240 18 3 3 21
240 66 1 4 34
240 799 6 3 55
240 914 5 3 64
242 156 10 1 4
244 33 6 2 14
244 356 10 4 479
244 932 5 2 11
245 705 8 4 636
247 626 9 3 114
248 0 1 5 356
248 290 5 3 41
248 557 8 5 2092
248 902 5 2 15
253 636 3 1 4
256 1 10 5 4245
256 5 4 5 601
256 68 5 1 8
256 69 8 3 57
256 97 8 1 6
256 160 3 6 8978
256 243 1 2 4
256 262 6 5 1105
256 312 3 5 539
256 416 2 3 13
256 512 4 5 466
256 522 7 1 10
256 616 9 1 11
256 705 4 3 39
256 764 6 5 2254
256 904 7 2 34
256 963 5 4 157
256 992 7 4 214
257 0 7 10 47737197
257 544 6 1 4
257 680 4 9 1478073
257 806 10 3 101
257 920 9 1 4
257 945 4 4 223
258 24 9 1 4
258 34 10 1 13
258 36 9 1 7
258 138 4 3 33
258 265 2 4 164
258 810 5 3 27
259 7 5 1 8
259 100 8 7 80132
259 165 7 1 7
259 226 4 1 4
259 268 5 2 19
259 327 4 8 1363103
259 532 7 1 4
260 131 9 1 4
260 256 2 6 2101
260 295 2 5 231
260 522 9 2 20
260 545 8 1 4
260 678 10 2 23
261 8 2 3 12
261 356 3 4 155
261 672 8 1 11
261 995 3 6 6773
262 32 9 2 16
262 134 5 3 60
262 193 3 4 83
262 256 4 3 27
262 906 1 2 4
262 1013 6 1 4
264 1 9 2 45
264 4 3 2 7
264 296 6 1 4
264 568 8 8 607209
265 339 3 7 19149
265 632 4 1 4
266 56 7 1 12
266 242 8 1 6
266 272 2 3 17
266 326 1 4 51
266 336 5 3 89
266 504 6 1 7
267 523 9 1 8
267 581 2 3 22
268 34 3 2 11
268 177 3 4 119
268 512 3 1 4
268 524 2 3 23
268 577 7 1 6
269 444 8 2 22
269 640 9 2 35
270 73 9 1 4
270 532 3 2 13
270 642 5 1 4
272 41 9 2 22
272 234 8 1 7
272 259 8 1 8
272 520 5 1 4
272 554 2 4 94
272 640 7 2 16
272 684 5 1 4
272 899 9 1 8
273 581 7 1 4
273 693 6 1 4
273 809 1 3 13
273 903 8 1 4
274 98 1 3 15
274 334 3 3 27
275 4 6 1 4
275 16 2 6 2339
275 116 9 1 8
275 133 8 3 64
275 401 9 1 4
275 485 2 2 8
275 512 3 1 4
276 392 5 3 30
276 394 5 1 4
276 538 6 5 1327
276 628 5 3 29
276 661 7 1 4
277 27 3 2 7
277 128 4 3 28
278 258 9 8 673559
279 18 1 3 19
279 901 8 1 6
280 82 9 6 13527
280 600 10 1 9
280 674 7 8 2170597
281 101 2 4 75
282 136 3 4 74
282 576 7 2 29
283 35 8 1 4
284 835 2 2 4
285 104 5 1 4
286 12 1 3 20
286 624 2 3 31
286 832 10 1 16
287 448 6 2 17
288 47 8 1 4
288 50 7 2 15
288 132 8 4 323
288 224 3 2 14
288 292 2 5 883
288 341 9 1 7
288 545 9 4 957
289 36 7 4 159
289 156 4 4 155
289 345 7 1 4
289 472 4 2 8
289 648 2 2 5
289 753 8 2 32
289 788 6 1 7
290 0 7 2 19
290 258 4 2 17
290 328 9 3 183
291 32 7 6 13279
291 610 7 3 90
291 768 1 4 37
291 967 2 4 100
292 7 6 5 1200
292 19 10 4 231
292 134 10 1 4
292 162 6 2 17
292 524 8 2 23
292 593 5 5 2525
293 256 10 1 4
293 960 6 1 4
294 27 9 1 4
294 742 5 7 28212
294 864 5 4 523
296 57 8 3 59
296 84 6 6 5379
296 131 9 3 124
296 260 5 5 963
296 336 5 6 10633
296 516 2 3 11
297 325 3 6 6723
297 389 6 3 82
297 544 1 6 901
297 742 7 1 7
298 800 4 2 8
299 291 5 3 31
300 29 9 2 19
300 140 4 1 7
301 274 5 4 231
301 777 9 1 8
303 292 10 1 4
304 6 6 1 4
304 106 8 1 6
304 212 9 2 32
304 258 1 10 37407259
304 292 6 1 7
305 11 6 7 48961
305 34 5 2 14
305 576 4 5 1095
306 36 3 3 45
306 550 7 5 2772
307 514 7 1 6
308 21 8 1 4
308 583 7 2 34
308 692 2 2 7
308 832 9 1 15
308 848 9 6 25943
309 77 4 3 29
309 774 4 6 12154
310 44 5 7 114033
310 936 1 2 4
312 514 3 4 158
314 109 7 3 137
314 376 7 5 933
315 739 4 4 145
318 532 3 2 13
318 914 7 1 9
320 29 5 1 8
320 315 5 1 8
320 407 2 2 8
320 428 4 1 6
320 468 7 1 4
320 641 1 5 177
321 4 5 6 6650
321 262 7 4 403
321 768 7 8 790869
321 834 6 3 75
322 0 7 6 6860
322 80 2 3 34
322 196 7 5 968
322 272 4 1 4
322 416 3 2 11
322 899 7 1 4
322 902 6 6 6124
323 360 7 1 4
324 16 1 8 42173
324 167 6 1 4
324 200 1 3 8
324 513 5 1 4
324 530 5 4 177
325 6 7 2 13
325 74 8 3 152
325 145 5 2 25
325 192 4 3 48
325 614 10 2 18
325 720 6 3 77
326 11 8 3 70
326 32 8 3 84
326 116 10 1 4
326 280 5 1 8
326 443 2 7 16749
328 45 9 4 736
328 853 7 1 7
329 35 5 1 4
329 258 6 1 6
329 836 6 3 77
330 8 3 7 29895
332 456 1 3 12
332 643 7 1 11
334 288 8 1 4
336 100 5 1 4
336 576 5 3 36
336 632 4 2 9
337 352 7 6 9441
337 768 3 5 1997
337 833 8 1 9
338 33 1 7 8309
338 160 9 2 38
338 169 2 2 7
339 42 6 3 54
340 0 1 4 30
340 106 1 4 23
340 704 6 1 8
340 763 10 1 4
341 576 10 1 4
342 15 1 2 4
342 168 10 1 11
342 272 5 4 276
342 536 1 4 28
343 475 1 4 87
344 188 5 2 9
345 728 8 1 13
345 992 9 1 4
346 89 2 3 43
347 11 5 4 426
347 149 2 3 25
347 296 7 1 6
347 313 7 1 4
348 128 7 5 2193
348 395 3 2 6
349 12 4 1 4
352 419 7 3 115
352 514 3 2 7
352 680 7 4 452
352 794 10 3 56
352 860 7 3 147
353 138 5 2 17
353 389 9 1 4
353 684 5 6 3919
354 25 6 1 4
354 30 3 5 1187
354 288 9 2 37
354 836 9 4 208
354 969 5 4 422
355 134 2 10 110478196
355 634 10 4 427
357 433 1 3 17
357 641 1 2 4
358 168 9 3 187
358 197 5 1 4
360 514 2 2 4
360 555 8 1 11
360 732 2 5 462
360 784 4 2 8
360 810 7 2 24
361 266 4 2 11
362 34 1 5 152
363 424 3 3 16
364 740 3 3 24
366 657 3 4 203
368 49 4 8 1045152
368 738 8 3 51
368 925 8 2 34
371 112 8 2 15
371 705 1 9 1241792
372 352 4 3 45
375 77 5 2 11
376 193 4 2 11
379 333 5 2 16
380 339 9 3 55
381 531 10 1 4
384 6 3 3 26
384 156 8 1 4
384 168 9 1 11
384 332 4 5 2020
384 423 10 2 20
384 457 3 2 7
384 481 9 5 3000
384 531 1 3 8
384 597 8 4 857
384 692 5 1 3
384 841 1 2 4
384 962 3 2 11
385 2 3 2 9
385 75 9 5 3676
385 213 10 3 196
385 214 4 7 83681
385 563 7 1 4
386 64 3 3 39
386 73 2 3 13
386 158 4 1 7
386 206 4 2 8
386 846 10 4 248
386 849 1 5 232
387 147 10 4 253
387 297 1 3 6
387 545 4 1 4
387 1016 3 1 4
388 332 5 9 2813365
389 596 3 1 4
390 566 3 5 753
391 8 6 1 4
391 461 4 1 4
391 800 5 1 7
392 38 8 1 6
392 336 5 7 44594
392 553 7 3 61
392 674 5 3 57
393 461 2 4 60
393 577 5 1 4
394 80 3 8 572297
394 590 9 2 25
395 4 4 1 7
395 558 3 1 4
395 647 9 3 62
396 6 10 1 13
396 454 5 2 20
396 536 3 2 15
396 915 6 3 35
397 132 6 6 27122
397 305 8 1 7
397 518 9 6 6407
398 943 10 2 48
400 10 10 1 4
400 144 4 1 4
400 712 1 4 46
401 58 9 3 89
401 277 3 3 49
401 932 5 1 4
402 68 8 2 39
402 80 5 7 67209
402 769 2 2 4
403 20 9 5 3974
403 98 1 2 4
404 209 4 8 552686
404 298 6 1 4
405 160 5 4 551
408 66 3 2 8
408 405 4 2 18
409 66 4 2 9
409 417 10 1 4
409 888 3 6 4330
410 520 8 1 4
411 20 1 7 39737
413 640 5 1 8
415 101 2 3 33
416 52 5 5 2846
416 279 5 4 213
416 292 9 2 19
416 832 5 3 60
417 577 1 3 13
418 16 2 4 153
419 7 9 2 42
419 62 4 4 113
419 844 9 1 12
420 114 10 5 3765
420 288 10 3 112
420 538 5 3 47
420 545 4 1 7
421 400 8 2 20
422 736 10 4 303
423 651 7 1 10
424 481 5 5 2579
425 261 7 1 4
425 746 3 3 51
426 644 4 4 418
427 580 4 3 22
428 32 6 2 24
428 620 2 2 4
428 880 6 1 4
430 8 5 2 15
430 68 6 3 114
433 24 7 1 4
433 197 7 1 4
433 398 10 4 646
434 734 8 1 4
436 597 7 5 1149
436 641 8 1 6
437 2 10 7 93667
441 21 9 6 21536
442 146 2 2 7
442 691 9 4 604
448 92 5 1 4
448 513 7 2 32
448 655 10 1 8
450 450 3 1 4
452 48 8 4 280
452 136 2 2 4
452 205 10 1 4
452 488 9 1 9
452 512 9 3 95
452 513 3 5 1394
453 368 4 5 690
454 9 7 3 45
454 634 8 2 15
454 782 4 1 4
455 640 4 9 3485419
456 105 7 3 82
456 367 3 2 9
456 774 6 4 213
457 906 6 1 4
458 101 10 1 4
460 197 5 3 47
460 462 7 3 91
460 566 10 3 87
461 625 3 2 10
461 901 2 2 8
462 516 2 5 272
462 641 10 1 4
463 916 2 4 194
464 265 1 3 7
464 928 9 4 410
465 531 3 3 22
465 902 3 1 4
467 211 3 4 264
467 300 3 4 111
469 425 10 7 53200
472 256 9 3 54
472 801 3 2 11
473 6 1 3 16
473 600 1 3 16
473 800 9 1 8
476 775 5 1 8
480 0 6 1 4
480 665 6 1 4
480 731 1 4 68
480 928 1 4 75
481 416 6 4 622
482 64 5 1 4
482 208 3 4 97
482 285 9 1 4
483 276 1 4 101
484 841 3 1 4
485 134 9 6 8344
488 3 6 4 229
488 269 8 1 6
488 334 2 2 4
489 64 3 6 8844
491 112 5 2 18
501 519 9 1 4
504 267 4 2 8
505 332 9 1 12
512 5 5 2 22
512 36 4 2 11
512 52 9 1 8
512 65 10 4 292
512 96 7 1 4
512 153 9 7 70646
512 173 7 2 13
512 266 8 4 265
512 420 5 4 549
512 453 9 2 29
512 514 9 1 4
512 522 7 1 7
512 685 3 4 90
512 936 4 4 116
513 5 3 5 1570
513 42 10 1 4
513 47 5 1 7
513 65 5 4 143
513 112 2 2 7
513 548 10 1 4
513 640 4 2 8
513 644 1 8 61556
514 11 1 9 822822
514 36 10 6 48977
514 452 3 2 7
514 522 6 4 157
514 572 10 1 11
514 780 8 5 3619
515 93 4 5 576
515 157 5 1 4
515 273 2 3 29
515 598 5 6 10216
516 33 6 3 64
516 169 6 5 935
516 385 1 2 5
516 442 8 1 4
516 555 10 2 18
516 582 3 3 31
516 605 1 2 4
516 785 7 1 11
517 34 7 1 5
517 132 3 3 27
517 177 3 1 4
517 233 5 2 22
517 281 5 2 12
517 534 2 3 34
517 672 7 2 20
517 676 2 2 7
517 768 10 1 10
518 0 4 2 8
519 517 8 3 85
519 967 3 3 17
520 9 8 4 388
520 94 8 6 28972
520 164 1 4 96
520 328 10 1 4
520 436 10 4 240
520 785 6 3 59
521 81 5 3 51
521 131 6 2 11
521 229 9 7 52696
521 450 4 3 30
521 554 5 1 4
521 560 9 1 8
521 609 5 1 4
522 1 2 4 55
522 121 5 2 12
522 234 5 2 15
522 652 6 3 34
523 650 2 3 32
524 159 3 5 1211
524 173 2 3 16
524 520 7 1 8
525 820 9 2 24
526 548 7 1 4
526 776 2 3 11
527 36 3 1 4
527 713 10 3 83
528 10 7 1 4
528 36 1 3 10
528 97 8 2 16
528 144 6 7 97943
528 156 4 1 4
528 406 9 1 4
528 512 3 2 13
528 582 10 5 3138
528 611 7 6 21276
528 720 3 2 8
528 801 6 1 4
529 148 6 1 4
529 260 4 2 13
529 423 6 2 20
529 520 4 1 4
529 737 7 1 8
529 836 5 7 27178
530 20 4 4 152
530 86 8 1 4
530 522 5 5 2584
530 696 4 1 4
532 11 7 5 2157
532 292 5 3 87
532 550 4 1 4
532 853 1 2 4
533 5 2 3 15
533 37 9 1 4
533 787 10 4 705
534 6 6 1 8
534 425 1 4 25
534 786 8 1 13
534 928 5 1 8
535 10 1 3 8
536 10 5 3 31
536 244 7 4 318
536 412 6 3 47
536 687 3 2 13
536 902 5 3 36
537 99 2 3 30
537 138 10 1 11
537 257 5 4 129
537 478 2 5 517
538 74 5 4 516
538 84 3 2 11
538 820 10 1 4
540 256 4 3 37
540 481 10 2 23
541 344 7 1 4
541 793 6 2 28
544 6 9 3 145
544 21 6 1 4
544 24 5 2 11
544 160 7 1 3
544 401 2 2 4
544 416 1 3 11
544 429 6 1 4
544 536 9 2 27
544 551 8 2 17
544 597 6 1 4
545 209 4 5 2028
545 226 5 3 34
545 520 5 2 26
545 743 4 2 13
545 914 2 2 8
546 2 8 1 6
546 4 7 3 125
546 263 10 2 38
546 612 6 6 4176
546 758 3 3 57
546 900 3 2 8
547 265 4 3 33
547 427 1 3 13
548 141 8 1 12
548 169 4 2 11
548 512 6 1 8
548 586 10 3 212
549 68 4 1 6
549 97 1 3 8
549 146 2 4 189
549 288 10 1 7
549 647 10 1 4
550 36 9 3 78
550 649 1 4 70
550 800 3 1 4
551 4 10 1 4
551 40 9 2 31
551 89 1 3 13
552 136 8 1 8
552 640 2 4 49
552 656 6 2 13
552 932 6 7 149994
553 36 5 4 197
553 102 7 4 545
553 933 4 5 573
554 4 9 1 9
554 137 9 1 4
554 296 7 2 22
555 52 7 6 17282
555 418 3 1 4
556 409 4 1 4
557 15 9 2 22
557 370 8 1 4
557 400 9 1 4
557 512 5 1 4
557 938 3 8 782441
559 557 4 3 25
560 18 10 1 8
560 32 1 2 4
560 96 7 4 692
560 104 3 5 584
560 168 9 8 398975
560 354 6 1 4
561 444 2 7 22301
561 521 8 2 40
561 786 9 10 1204289624
562 992 8 6 30692
563 410 4 2 8
564 28 3 1 4
565 105 3 3 44
566 44 4 1 4
566 132 10 1 17
567 793 5 3 47
569 385 4 3 26
569 522 2 4 175
571 457 2 2 10
572 36 1 5 248
572 257 2 3 34
572 370 9 1 4
572 777 6 5 903
573 886 10 1 6
574 18 8 1 4
574 533 5 6 12580
574 696 10 3 204
576 4 2 2 7
576 19 4 1 4
576 48 3 5 1261
576 76 4 2 18
576 133 6 2 17
576 172 8 1 4
576 325 2 4 105
576 371 3 2 11
576 525 6 2 19
576 547 4 2 18
576 607 3 5 726
577 72 9 4 572
577 222 3 3 65
577 236 6 1 8
577 292 7 3 63
577 401 3 2 8
577 577 8 1 12
577 661 3 4 276
578 26 2 2 4
578 575 7 3 45
579 136 9 9 14584565
579 621 1 6 1669
579 789 5 2 15
580 64 10 2 27
580 507 2 2 4
580 528 6 2 24
581 645 4 3 24
582 633 8 4 242
583 129 7 3 150
584 432 6 1 4
584 833 6 2 15
585 64 5 6 6470
585 208 8 5 1022
585 354 1 7 29864
585 389 3 6 2142
586 530 8 1 4
588 784 6 2 17
590 276 1 4 36
590 300 6 2 11
590 520 10 2 32
590 788 1 3 18
591 147 7 1 5
592 2 3 4 184
592 322 3 1 4
592 528 4 2 19
592 566 8 4 248
592 585 2 6 5065
592 856 10 1 7
593 429 10 1 6
595 58 6 1 4
595 557 6 4 619
596 11 6 6 23786
596 33 5 1 7
596 91 9 1 13
596 154 7 1 6
596 385 4 3 86
597 387 1 10 4041962
599 92 8 7 159274
599 569 5 2 11
600 68 4 5 1265
600 115 6 2 16
600 562 7 1 9
600 575 8 1 11
601 431 2 2 4
602 480 9 5 1485
604 913 4 6 3178
604 1006 4 2 8
605 80 5 7 34288
606 281 7 1 4
607 288 10 5 4713
608 185 6 1 9
608 576 9 6 8400
609 28 8 2 18
609 210 2 3 17
609 225 6 2 11
609 526 1 6 1687
609 768 10 2 30
610 24 9 2 40
611 125 6 4 325
612 534 7 3 52
613 840 4 1 7
614 265 4 1 6
614 936 4 1 4
616 81 5 5 1302
616 806 4 1 4
617 374 1 3 8
617 908 10 1 4
618 70 10 1 10
618 1004 6 2 17
619 231 3 4 144
621 293 1 2 4
623 1000 3 2 8
624 579 7 1 5
625 5 5 5 2975
625 261 9 1 9
625 530 5 1 8
626 8 7 3 84
626 104 1 2 4
626 114 1 4 34
626 528 4 8 292816
627 3 4 1 4
627 418 8 1 4
627 769 9 7 225214
627 977 7 3 70
628 76 8 1 8
629 446 9 1 4
631 24 7 5 1112
632 18 1 2 4
633 812 7 3 66
635 546 10 1 15
637 73 8 1 4
638 161 8 1 4
640 4 8 3 77
640 6 9 3 74
640 16 5 3 44
640 160 2 2 8
640 181 2 2 7
640 246 3 4 103
640 258 2 3 35
640 369 1 6 2410
640 421 6 1 8
640 467 9 1 4
640 584 10 1 8
640 732 5 2 25
640 938 6 2 28
640 952 9 4 466
641 192 1 7 24647
642 512 4 6 17846
642 562 7 1 8
643 73 7 3 75
643 775 4 1 4
644 48 10 1 4
644 387 5 1 8
644 660 8 1 8
644 756 2 4 144
644 769 1 5 242
645 25 7 1 7
645 195 6 1 5
645 548 2 3 28
646 289 1 10 101532112
646 388 6 2 11
648 76 4 4 293
648 98 8 1 4
648 369 10 6 34979
648 512 10 1 13
648 694 3 3 58
648 769 2 4 45
649 4 6 2 13
649 48 2 8 713553
650 108 9 1 4
650 953 3 2 8
651 290 9 4 601
652 257 6 2 28
652 594 3 1 4
654 129 2 2 8
654 565 4 4 196
655 761 8 6 17483
656 278 8 1 7
656 370 5 1 4
656 833 4 1 4
658 10 8 1 8
658 26 5 6 23104
658 226 10 1 13
660 52 7 1 4
660 69 2 3 20
660 85 3 2 6
660 648 5 2 22
661 244 7 1 6
661 608 1 4 25
662 374 3 4 88
664 16 5 1 4
664 205 1 3 13
664 539 8 1 9
664 781 10 1 9
665 3 6 3 53
665 260 7 4 333
667 587 6 3 90
668 163 7 4 269
668 464 2 5 1238
668 749 3 7 29204
670 515 6 1 4
672 1 4 3 26
672 64 10 1 8
672 129 1 7 21746
672 514 7 1 4
672 608 1 2 4
672 717 4 2 21
673 104 1 3 7
673 656 2 2 6
674 288 7 3 47
674 401 3 5 1903
674 672 9 1 9
675 257 2 4 59
676 52 8 1 7
677 121 4 3 82
680 20 3 9 3424685
680 540 8 1 8
681 6 4 4 356
682 14 2 3 33
683 278 9 1 4
686 426 8 3 134
686 593 3 3 35
688 385 9 1 11
689 80 7 2 13
691 12 2 7 33119
692 260 8 2 38
694 768 2 2 4
694 976 4 4 106
695 517 2 2 8
695 585 2 2 4
696 885 3 4 140
697 710 5 3 107
700 18 7 5 1279
700 229 4 2 15
700 864 9 1 13
701 941 2 2 4
704 34 1 3 15
704 135 10 1 8
704 292 6 3 47
704 370 1 3 11
704 514 4 2 17
704 673 9 1 4
705 596 4 5 619
705 854 4 7 139376
706 17 3 4 226
706 161 9 1 13
706 460 7 2 21
706 732 7 1 8
708 108 9 3 87
709 325 3 2 8
709 354 1 7 23531
709 843 10 1 4
710 2 7 1 4
711 19 8 2 24
712 35 7 2 15
712 141 7 5 1680
712 283 7 2 29
712 294 9 2 42
712 862 8 1 4
713 593 6 6 29031
713 837 5 1 4
716 98 10 1 8
716 339 9 4 446
716 649 8 1 6
716 842 4 5 1552
719 512 6 4 635
720 144 6 3 106
720 803 10 6 44699
721 0 3 1 4
721 104 10 4 336
721 170 7 2 24
721 584 4 4 372
722 100 4 1 4
722 104 9 3 53
722 146 3 2 8
722 258 9 3 53
722 393 8 3 60
722 464 5 1 4
723 142 9 2 22
724 20 9 2 28
724 596 4 2 11
725 44 2 3 44
725 65 8 1 4
726 322 10 1 4
727 200 10 1 7
728 227 10 1 7
728 712 5 2 9
729 578 5 4 322
730 332 6 2 20
732 834 6 1 9
736 24 10 2 45
737 25 3 1 4
737 288 10 3 203
738 970 2 5 975
740 235 2 2 10
740 778 9 5 1076
741 45 2 10 109241285
741 260 3 3 37
742 97 9 5 4670
744 124 5 1 4
744 280 6 1 7
744 762 5 1 4
745 63 1 3 9
746 536 6 3 88
751 506 2 3 25
752 261 4 3 43
752 494 10 1 4
752 786 10 3 144
754 32 7 1 5
759 130 10 1 7
760 40 8 1 7
760 220 7 6 6374
763 668 8 1 4
768 226 5 1 8
768 326 10 5 1365
768 502 10 1 7
768 666 1 8 41987
768 736 8 1 9
768 926 1 4 23
769 34 10 2 31
769 277 5 1 4
769 350 2 6 2065
769 640 10 3 99
769 773 5 1 4
770 67 2 2 4
770 211 1 8 40139
770 256 9 6 12681
770 663 10 4 326
771 128 7 7 139800
771 793 1 2 4
771 800 9 1 13
772 0 2 3 33
772 32 5 6 7607
772 130 5 6 13165
774 936 5 4 295
775 48 9 4 864
775 921 9 1 8
776 101 5 3 27
776 155 3 2 8
776 586 9 6 25511
776 697 2 4 135
777 6 7 4 198
777 84 7 7 209489
777 200 3 5 376
777 554 9 8 424257
777 608 1 5 313
777 641 9 2 17
778 330 9 1 4
778 389 1 10 8471416
778 707 1 2 4
780 14 3 3 38
780 16 5 2 26
780 193 10 1 8
780 552 3 1 5
780 707 9 4 790
780 901 3 3 21
781 222 2 8 90401
781 496 3 2 6
782 226 3 5 793
782 405 6 3 98
784 1 8 6 19637
784 514 2 3 20
784 549 3 5 1386
784 604 7 1 4
784 634 1 7 6043
785 45 10 1 4
785 257 8 3 116
786 521 9 4 844
786 576 2 3 18
786 914 5 2 22
787 199 2 5 471
788 25 5 1 6
788 324 2 2 7
788 332 5 3 54
792 274 7 2 37
792 540 9 1 15
792 594 1 2 4
793 52 3 9 1127856
793 628 2 4 135
795 422 1 4 51
795 661 2 4 102
800 9 4 2 15
800 73 1 2 4
800 97 8 7 53626
800 133 4 6 15275
800 824 4 4 190
801 312 7 3 46
801 592 3 3 36
802 660 5 5 1249
803 512 5 4 192
804 104 9 3 154
804 337 7 2 16
804 779 9 1 4
805 387 3 7 118757
805 781 6 6 24388
806 134 7 1 4
806 232 6 1 4
806 326 1 3 15
808 302 6 4 193
808 777 7 1 8
808 937 4 2 11
808 945 3 2 7
810 17 6 3 60
810 394 3 4 113
812 778 9 4 277
814 161 2 2 4
814 264 9 1 4
814 905 6 1 9
816 24 9 2 39
817 784 10 4 969
818 253 2 4 49
819 538 7 1 6
821 236 8 3 113
822 211 7 2 20
824 392 6 1 4
824 609 3 7 19554
828 592 10 1 9
832 16 2 2 7
832 30 5 1 4
832 281 8 1 4
832 304 3 4 157
832 328 7 2 22
832 427 8 1 8
832 518 3 1 4
832 548 3 1 4
833 147 4 4 123
833 999 3 2 8
834 0 4 2 8
834 32 1 2 4
834 67 8 2 23
834 148 4 5 1543
834 912 3 7 22095
835 264 1 3 8
835 392 2 2 9
835 583 5 6 10115
836 388 7 10 163900425
836 485 6 3 102
838 785 1 8 47058
839 21 3 3 45
840 96 4 7 23402
840 800 2 3 11
841 32 1 3 11
841 370 5 6 6510
842 132 1 4 87
842 200 3 5 935
843 939 7 5 1438
845 561 4 6 5991
848 90 4 1 4
848 188 5 3 46
848 313 6 3 44
848 391 10 1 9
848 899 4 3 39
849 792 6 1 8
849 1018 4 3 60
850 776 5 1 8
852 2 6 1 4
852 72 2 3 16
852 824 9 5 1867
856 256 10 5 5068
862 130 2 3 11
864 23 3 7 91697
866 260 5 1 4
867 998 5 6 10144
868 332 6 4 338
870 68 6 1 8
872 32 8 3 160
872 50 4 1 4
872 165 5 2 13
873 9 10 3 91
874 360 1 4 66
875 164 7 2 29
878 258 4 5 813
880 611 3 4 110
882 42 2 3 11
882 591 8 4 221
882 778 9 1 5
884 802 2 3 18
885 601 3 3 40
894 392 4 5 1689
895 603 1 3 11
896 330 9 2 39
896 868 5 2 9
897 39 1 2 4
897 115 9 1 8
897 523 3 3 17
898 336 1 2 4
898 699 2 6 5516
899 537 1 2 4
900 4 10 2 47
900 162 10 1 12
900 313 9 1 11
902 131 6 3 48
902 420 2 6 3922
903 339 10 6 40770
904 112 7 4 178
904 231 5 2 26
905 12 9 1 4
905 196 8 1 4
906 137 8 1 8
906 194 3 1 4
906 210 2 2 4
906 328 8 1 4
907 276 8 1 4
908 456 2 2 4
911 5 6 2 11
911 10 4 5 480
912 2 5 5 1379
912 129 8 1 4
912 388 8 3 65
914 216 5 2 25
914 669 10 3 69
914 776 2 2 4
915 431 3 2 8
916 742 3 5 1399
917 560 4 2 9
917 912 7 1 11
918 0 4 2 20
921 272 3 8 543893
921 320 9 1 4
922 8 5 1 4
922 784 2 8 477602
924 33 6 6 22707
927 190 8 1 4
928 384 5 2 18
928 518 8 2 35
929 257 6 1 4
929 316 9 1 9
930 547 4 5 976
930 720 2 5 237
931 230 2 5 581
931 657 7 4 651
932 274 1 4 64
932 783 10 1 4
933 657 9 3 54
938 261 3 6 4951
938 316 7 3 79
938 552 6 6 12182
940 512 7 5 957
944 165 1 6 1357
944 756 8 7 94667
945 456 3 2 11
946 205 10 1 4
948 9 4 4 403
952 37 6 3 40
953 905 7 2 16
954 22 10 2 19
958 844 6 3 38
960 358 4 2 9
961 131 1 3 8
961 333 9 1 11
961 472 6 5 1054
961 481 10 2 36
963 130 5 3 48
966 29 10 2 24
966 197 4 6 12162
966 555 8 2 18
968 51 3 4 215
968 352 6 2 11
968 360 1 4 30
969 769 8 3 140
971 566 6 1 8
975 205 3 8 194619
976 321 8 6 37291
976 779 4 2 14
977 22 10 1 8
977 34 4 1 4
977 549 8 1 4
978 817 5 1 4
984 324 8 2 29
984 483 1 4 42
985 268 8 1 4
986 772 1 2 4
987 962 6 3 56
990 35 3 4 109
996 36 10 1 4
996 836 7 3 50
998 179 8 1 4
1000 260 5 7 31129
1001 286 10 1 3
1002 912 8 3 69
1003 684 4 1 4
1004 129 1 2 4
1011 36 3 5 802
1020 371 10 1 4
1020 385 9 4 301
