1439 0.005716317813872882 
1727 0.0055860028384796916 
1335 0.00561512453499774 
1596 0.005688243512714451 
395 0.005673682594244749 
673 0.005160705821012288 
477 0.005926667940777719 
10 0.005607686983519885 
1528 0.005832596026784394 
639 0.005699242744397885 
892 0.005578250994098938 
1349 0.005642675024143998 
33 0.0051273956905886495 
1046 0.005586002984363105 
297 0.005703956803115326 
790 0.005782103998312235 
87 0.0057080421925078855 
409 0.005643932232002461 
1996 0.005519798980647365 
1761 0.005628009463315441 
1715 0.005692852691921343 
993 0.005647074826457979 
818 0.005602449337779336 
251 0.005508799105507455 
1505 0.005789437048970279 
789 0.00563293285805366 
732 0.005639741979946164 
1575 0.0056333519616072626 
1762 0.005755391445504778 
1524 0.005645189290298251 
1083 0.005612924896040961 
1754 0.0055225219843343535 
110 0.005769323900948875 
293 0.005693900238612688 
660 0.005573432370840438 
127 0.005586421915192127 
1609 0.005201666197236338 
1534 0.005666559177156256 
504 0.00556683276346365 
160 0.005632094911260221 
194 0.005818978034867065 
312 0.005678396498636391 
944 0.005687300664353114 
200 0.005643408511773837 
1367 0.005745544494928773 
112 0.005618476757717983 
1674 0.005665302159592253 
279 0.005608525176074988 
1822 0.0057458587500879175 
929 0.005705318544376476 
888 0.005634085416178404 
1903 0.005629371313574296 
1431 0.005560442908195795 
301 0.005772466631799408 
1303 0.005754029641157252 
1161 0.005565052015668603 
1920 0.005595011913819534 
1507 0.005658178844693156 
1816 0.0056547219507322045 
1221 0.005646551112554196 
689 0.0056016114304942135 
1210 0.005627485667209268 
1589 0.005647074928164029 
1788 0.005627276113835747 
1444 0.0055931261708885615 
1584 0.005657026613353962 
1971 0.005709299288037792 
894 0.005550805402316558 
65 0.0054509743430223665 
1063 0.005626333468108938 
42 0.005611982156741793 
1662 0.005539806128449206 
671 0.005664673620956782 
246 0.005618267185407791 
1755 0.005634190004654102 
1602 0.005620152944478389 
1195 0.005617324751456209 
983 0.005606011115507648 
1744 0.0056737873100189875 
1774 0.0055615951911479914 
