0 8 5 2 19
0 9 2 5 398
0 17 2 3 31
0 18 6 5 3728
0 47 4 4 94
0 256 7 2 13
0 618 4 6 4244
0 670 1 3 17
0 679 5 1 4
1 30 8 1 7
1 37 1 4 66
1 228 10 2 39
1 565 4 3 28
1 768 7 1 9
2 0 6 3 67
2 3 2 2 4
2 48 2 3 13
2 260 2 2 8
2 826 6 5 1084
3 131 8 3 84
3 272 3 1 4
3 277 2 2 4
3 530 8 1 4
3 652 5 1 6
4 24 4 1 4
4 64 9 3 70
4 248 10 1 7
4 284 6 1 6
4 368 5 2 26
4 803 9 1 10
5 18 9 1 9
5 584 6 4 197
6 3 6 1 9
6 148 8 2 18
6 259 2 2 4
6 268 7 1 4
6 512 2 5 1295
6 798 7 2 18
7 237 6 1 10
7 715 7 1 4
8 1 6 3 57
8 2 6 1 10
8 42 2 2 4
8 58 5 3 62
8 273 3 1 4
8 656 3 1 4
8 902 5 5 671
9 39 1 2 4
9 416 6 5 2789
9 526 6 1 6
9 823 3 3 20
10 75 2 2 4
10 208 1 3 7
10 518 2 6 5552
10 599 5 2 25
12 0 9 4 421
12 128 2 3 16
12 269 2 2 4
12 366 2 3 11
13 66 7 6 16516
13 224 1 3 6
14 127 10 1 4
14 321 10 4 228
14 376 2 2 6
15 352 2 2 7
15 854 2 2 4
16 9 6 1 4
16 24 1 4 23
16 96 9 1 8
16 198 2 2 9
16 643 2 2 4
16 806 9 9 4235986
17 129 1 2 4
17 258 8 3 151
18 641 9 4 400
18 645 4 7 23991
19 24 1 2 4
20 1 10 5 1867
20 10 5 2 10
20 28 6 4 141
21 116 7 3 104
21 258 8 5 2961
22 97 3 3 40
22 107 10 1 6
22 331 9 1 4
23 886 8 1 4
24 9 9 1 4
24 786 8 1 9
25 523 4 3 30
26 20 9 1 4
26 109 6 3 66
27 549 2 2 4
29 327 5 1 4
29 809 7 1 4
30 588 9 4 339
32 33 10 2 47
32 42 1 3 17
32 204 4 1 4
32 211 2 7 16599
32 276 9 1 7
32 641 2 8 96808
33 544 9 1 4
33 898 6 4 144
34 324 2 2 6
35 689 9 7 302565
36 257 3 1 4
37 2 7 1 4
37 520 1 3 16
38 180 9 1 7
39 982 8 1 4
40 605 4 4 348
40 645 4 1 4
40 761 1 5 218
41 276 2 4 88
41 513 8 3 67
41 987 10 1 4
42 329 9 4 658
42 839 10 1 15
44 12 6 3 50
44 524 2 2 4
45 74 2 2 9
45 266 8 1 7
45 615 9 1 4
45 844 10 4 572
47 80 2 3 11
47 1022 2 2 4
48 67 3 8 296123
48 176 8 1 4
48 646 3 4 124
48 932 4 6 7310
50 528 1 4 44
51 70 9 1 4
51 377 5 1 4
52 899 9 1 9
53 146 9 2 25
55 278 3 1 4
56 89 1 4 23
56 560 6 1 4
57 128 6 1 4
59 58 6 3 97
60 3 9 1 7
60 112 3 4 137
61 648 2 5 556
62 521 1 2 4
62 612 6 9 12495373
64 41 8 1 4
64 272 7 6 8666
64 686 10 2 34
64 790 1 4 88
66 140 2 2 7
67 20 9 2 44
67 37 1 2 4
67 73 5 1 7
68 226 7 6 33503
68 576 3 7 40669
69 138 10 1 4
69 529 5 1 6
69 572 4 1 4
70 212 2 3 17
70 431 7 1 8
70 672 6 1 10
71 1 2 2 4
71 409 8 1 6
72 280 3 1 4
73 39 7 4 716
73 870 2 2 4
75 259 1 3 13
75 576 6 5 1241
76 76 1 2 4
76 84 10 2 22
77 256 1 2 4
77 267 9 1 13
77 450 4 4 237
78 919 5 2 9
80 0 2 7 13988
80 132 3 2 7
80 920 7 1 4
82 283 5 1 4
83 115 10 1 7
83 617 9 5 2855
83 784 3 5 1744
84 64 10 1 4
84 74 2 2 4
87 462 8 4 705
87 512 1 3 11
88 782 4 3 50
89 2 5 3 31
89 76 2 2 4
90 274 3 1 4
91 652 3 1 4
95 20 6 1 4
96 80 8 1 4
96 103 10 1 9
96 356 6 3 37
97 48 10 4 275
97 130 10 1 4
97 167 10 1 13
98 401 10 2 47
98 928 8 1 4
100 128 9 2 16
100 768 7 1 4
100 901 2 2 4
101 70 5 1 4
101 124 1 6 3840
101 161 2 2 6
101 599 10 2 33
102 78 1 5 432
103 704 2 2 4
104 28 5 1 7
104 64 2 2 4
104 132 3 1 4
104 313 10 5 1199
104 673 1 2 4
105 3 10 1 4
105 779 7 1 4
107 3 4 1 7
107 129 3 7 18156
108 514 10 1 4
108 825 2 2 4
112 1 2 3 22
112 28 2 3 38
112 84 10 1 4
112 107 10 2 30
117 106 10 1 8
120 76 1 2 4
122 294 6 1 4
125 268 7 1 4
128 200 6 4 142
128 375 2 5 1075
128 453 4 1 7
128 770 6 1 4
128 806 7 1 4
129 10 8 1 4
129 707 1 2 4
130 78 4 1 4
130 368 7 3 89
130 520 9 2 17
130 540 8 1 5
130 980 6 1 7
131 581 2 2 4
132 6 1 5 173
132 94 9 1 4
132 372 1 2 4
132 713 8 1 13
132 916 4 1 6
133 23 10 1 4
133 138 9 2 24
134 84 10 3 157
134 224 6 1 4
134 390 5 3 33
134 516 8 1 4
134 768 10 2 41
135 258 7 2 18
136 610 4 2 14
137 148 8 1 4
137 256 5 3 38
137 678 6 1 4
137 778 10 1 7
138 266 5 2 24
139 87 10 1 4
139 426 8 1 4
140 72 4 1 4
140 143 7 8 994995
140 168 5 3 35
140 724 8 5 1168
141 2 1 5 622
143 116 9 1 4
144 18 10 2 24
144 68 9 1 9
144 248 2 2 4
144 433 6 4 487
145 1 3 3 31
145 2 5 1 4
145 513 4 2 11
147 513 8 1 8
148 146 10 1 4
148 278 2 4 65
148 912 4 2 9
149 649 9 1 4
150 160 5 1 4
151 102 7 3 130
151 207 7 1 4
153 26 3 4 96
153 171 7 1 4
153 592 6 1 4
156 133 4 1 7
159 526 6 1 9
160 34 10 1 4
160 144 3 2 7
160 801 8 2 15
162 306 4 2 19
163 227 5 6 16969
164 34 9 6 15111
164 217 2 4 50
164 264 3 2 12
164 646 6 6 6766
167 289 7 1 4
168 8 3 1 4
168 67 3 3 21
168 68 6 1 4
168 480 5 1 4
169 72 4 1 4
171 144 10 1 16
172 8 2 3 11
172 32 9 1 4
172 569 3 2 15
172 664 10 1 8
174 493 9 4 815
176 137 9 1 4
176 824 7 1 7
176 864 3 1 4
176 916 9 1 4
176 932 10 3 138
177 280 8 2 15
177 560 6 1 4
177 611 1 2 4
178 144 8 1 10
178 580 5 1 4
181 331 10 1 4
181 768 8 5 3439
182 672 4 1 4
184 161 9 2 41
185 42 3 3 40
186 272 2 2 4
192 43 6 1 4
192 72 10 1 4
192 177 8 1 8
192 392 3 1 4
192 536 9 2 34
193 8 3 1 4
193 120 6 1 4
193 375 2 5 622
193 775 2 3 21
194 321 4 1 4
196 81 7 3 41
196 377 2 5 310
197 297 3 7 108982
197 769 1 3 17
198 3 7 1 4
198 812 7 1 6
200 146 7 2 24
202 11 4 1 4
203 654 4 5 1615
204 520 10 3 115
208 14 8 2 18
209 55 3 1 4
209 513 7 1 8
212 34 10 3 170
212 69 1 2 4
212 112 9 1 4
214 369 9 1 7
216 138 9 1 4
216 792 7 2 14
218 86 8 1 9
220 658 4 1 4
222 532 2 2 6
222 852 7 1 4
228 32 2 2 7
231 290 7 1 4
232 5 9 5 1314
233 912 9 1 6
233 973 6 2 11
237 91 2 3 11
238 620 5 1 4
240 66 2 2 4
242 156 9 1 4
244 932 2 2 6
247 626 5 3 100
248 0 10 2 21
248 902 1 4 34
250 46 8 1 4
256 5 4 1 4
256 212 2 7 11802
256 344 7 6 24190
256 416 9 1 7
256 512 10 1 4
256 522 1 5 206
256 705 5 1 7
256 963 8 3 114
257 0 3 1 4
257 272 5 1 8
257 544 6 1 4
257 806 3 2 6
257 912 7 1 4
258 34 3 4 70
258 36 8 1 7
258 138 1 4 69
258 265 6 4 171
258 810 6 1 4
259 7 1 2 4
259 100 2 3 41
259 226 4 6 7869
259 532 5 7 94419
260 678 1 2 4
262 32 9 5 4128
262 134 6 1 7
262 256 3 2 10
264 296 8 1 4
265 632 9 1 14
266 242 9 1 4
266 336 8 1 13
267 523 7 1 7
268 34 1 2 4
268 512 1 2 4
268 577 5 2 9
269 444 10 1 4
270 532 4 4 370
272 225 10 1 10
272 520 10 4 475
272 640 5 1 6
272 899 8 1 14
273 693 10 1 7
273 809 4 2 9
275 16 5 4 238
275 133 9 1 6
275 512 10 1 4
276 392 10 3 123
277 128 3 1 4
278 258 7 7 40358
280 36 1 5 132
280 600 9 1 6
282 576 10 1 4
284 835 2 2 4
286 12 9 1 4
287 448 6 4 339
288 50 9 1 6
288 776 9 1 10
289 345 3 1 4
289 472 1 3 7
289 648 5 1 4
289 753 4 1 4
290 258 7 1 4
290 388 9 1 4
291 32 1 2 4
291 610 6 1 4
291 967 9 4 332
292 19 4 2 17
292 134 8 1 7
292 162 2 2 4
292 524 6 1 4
293 960 2 2 4
294 27 2 3 29
294 864 6 4 277
296 84 4 6 5275
296 336 4 4 128
296 409 2 2 4
299 291 2 4 149
300 29 9 7 317077
303 292 4 9 2247537
304 8 7 1 4
304 212 2 6 1689
306 36 7 5 3203
308 583 10 2 32
308 640 5 3 56
308 692 1 4 89
308 848 1 2 4
310 936 9 9 7940322
314 376 8 3 92
314 518 6 3 68
320 29 9 1 7
320 407 6 4 210
320 428 5 1 4
321 262 9 1 4
321 768 4 4 346
322 0 7 1 4
322 80 9 4 374
322 272 4 3 41
323 360 10 4 405
324 167 8 1 6
324 200 8 1 13
324 530 3 1 4
326 280 9 2 43
326 443 7 1 4
327 675 9 1 4
327 698 8 1 4
329 258 2 3 13
330 204 1 6 733
331 512 2 9 5651601
332 643 5 3 70
334 265 6 8 579678
336 18 7 1 4
336 632 10 1 14
338 33 7 1 7
338 160 7 1 4
338 169 4 1 4
340 704 10 1 4
342 15 2 4 63
344 676 10 1 14
345 32 8 1 4
345 992 5 1 4
352 409 5 1 4
352 680 6 1 4
354 25 1 2 4
354 836 2 2 4
354 969 8 7 234912
355 634 3 3 60
357 433 1 5 536
358 168 5 1 4
360 514 7 1 4
360 555 2 2 4
360 732 5 2 10
360 810 5 1 4
361 266 8 1 4
362 34 7 1 4
363 162 7 2 27
368 738 6 6 6601
376 193 6 1 4
382 562 4 1 4
384 5 4 4 107
384 168 3 1 4
384 332 9 1 4
384 423 1 4 31
384 571 7 1 12
385 2 5 7 77825
385 214 4 1 4
385 563 3 2 6
386 64 5 1 4
386 158 9 1 4
386 849 1 3 9
386 912 10 1 9
389 596 4 3 88
391 461 3 1 4
392 674 5 1 8
393 461 3 1 4
396 536 9 1 4
396 960 8 1 4
397 132 1 2 4
397 518 4 1 4
399 9 10 1 7
400 10 1 2 4
400 144 3 1 4
401 58 10 1 4
401 673 7 2 13
401 932 3 1 5
402 80 10 1 4
402 769 2 2 6
403 98 5 1 4
405 160 8 2 15
406 677 10 2 41
408 576 10 1 4
409 417 7 1 9
409 888 1 4 25
411 20 2 5 250
416 292 10 2 32
416 531 9 1 6
416 832 2 2 4
419 7 9 4 226
419 844 10 1 4
420 288 10 5 5158
425 161 6 1 4
425 776 1 4 32
428 880 2 3 24
430 8 2 4 82
430 203 4 1 4
433 197 5 1 4
436 641 8 1 6
449 321 4 3 57
452 136 1 2 4
453 368 6 1 7
454 437 1 3 11
456 367 8 1 4
456 376 7 1 4
457 906 2 7 21023
458 101 6 3 34
458 743 1 2 4
460 566 6 1 4
464 928 7 1 8
480 731 2 9 2217359
481 288 2 2 7
481 416 7 1 4
483 555 1 2 4
488 269 5 1 4
488 334 9 1 4
489 64 10 1 4
496 433 6 1 4
496 978 8 1 4
504 267 8 1 4
505 332 9 1 10
506 706 5 2 20
512 5 7 1 7
512 36 4 1 4
512 65 5 1 7
512 420 4 4 98
512 438 6 1 4
512 453 6 1 7
512 482 3 8 266767
512 685 3 4 95
513 47 6 1 4
513 100 1 2 4
513 304 7 3 117
513 644 1 3 7
514 4 5 5 1777
514 522 1 7 38868
514 572 8 1 8
515 157 8 1 4
515 273 8 1 4
515 598 8 1 4
516 72 10 1 4
516 605 9 1 4
517 0 9 7 62970
517 3 3 1 4
517 8 3 1 4
517 233 3 1 4
517 534 6 1 7
517 672 2 6 5860
517 676 5 1 4
518 66 3 2 9
518 517 7 1 4
519 517 5 1 4
520 9 6 1 4
520 94 1 2 4
520 328 8 1 4
520 812 2 5 384
520 896 1 3 12
521 546 8 1 4
524 173 8 4 515
524 520 8 5 1009
525 134 8 6 14287
527 36 1 7 12603
528 36 9 9 13621851
528 97 5 1 4
528 144 6 2 20
528 512 2 6 3391
528 582 9 2 33
528 611 6 2 20
528 720 4 1 4
529 148 1 3 9
529 423 6 4 251
529 517 2 4 65
530 86 8 2 41
530 325 10 9 8240496
532 11 8 4 318
532 853 6 4 432
533 5 2 4 148
533 787 7 1 4
536 412 9 1 4
536 687 5 5 1887
537 99 9 2 37
537 478 2 2 4
538 74 8 1 6
541 344 10 1 4
541 793 8 1 6
544 21 10 1 7
544 24 6 1 7
544 416 5 1 4
544 551 8 1 4
545 226 10 1 4
545 743 7 2 19
546 612 5 9 8798549
546 650 5 3 101
547 265 1 2 4
548 169 2 3 14
548 586 1 2 4
549 647 8 1 4
550 649 10 3 65
551 4 7 1 8
551 40 1 3 7
552 656 7 3 69
554 137 9 1 6
555 52 3 4 78
557 15 8 1 4
557 400 1 4 62
557 557 6 1 4
560 354 8 4 526
561 10 8 1 7
562 162 5 1 4
562 992 4 1 6
564 656 7 1 4
564 659 8 2 16
566 44 4 4 187
572 370 9 3 65
573 886 3 3 28
574 18 5 1 5
576 325 1 4 29
576 371 7 2 16
577 401 1 2 4
577 997 5 1 4
578 120 4 2 9
578 136 9 1 7
578 572 3 2 6
579 80 4 5 914
579 789 3 1 4
580 507 10 1 4
581 645 4 5 2740
585 217 8 3 45
586 658 8 1 4
587 608 2 2 4
588 784 8 1 8
592 322 3 1 4
593 429 6 1 4
595 58 2 3 12
596 11 10 2 40
596 33 9 1 4
596 91 4 1 4
597 387 10 1 4
599 569 9 1 4
600 573 9 1 9
601 431 9 5 3549
606 281 4 1 7
606 807 6 1 4
607 288 10 1 6
608 176 4 1 4
608 185 1 2 4
608 648 6 5 1701
609 526 6 4 202
610 24 2 2 4
616 450 2 3 25
617 374 10 1 6
618 70 2 2 4
619 76 7 5 2208
623 1000 8 5 4229
625 530 6 1 4
626 114 8 1 4
626 528 3 2 7
627 3 7 1 4
628 76 5 10 219342370
631 24 3 5 1091
633 812 10 2 35
640 16 6 5 1626
640 181 9 5 3056
640 246 10 2 24
640 258 1 5 178
640 369 10 1 11
640 421 8 1 4
640 732 6 1 4
640 938 2 2 4
642 512 4 1 4
648 76 6 2 21
648 98 3 2 7
648 210 6 6 6553
648 369 10 4 340
650 108 10 1 12
652 257 6 2 12
654 129 3 1 4
655 384 10 1 4
656 3 1 5 154
656 278 10 1 4
664 205 10 2 48
665 260 6 1 7
667 587 7 1 4
670 515 7 2 13
672 129 3 7 20629
672 717 4 1 7
673 104 3 3 47
673 656 8 2 36
674 259 1 2 4
674 288 9 1 4
676 52 5 1 4
677 121 2 2 8
677 641 4 1 4
679 556 5 9 10809906
680 450 7 1 6
681 6 1 2 4
690 110 7 1 4
693 397 7 1 4
694 768 6 1 4
694 931 3 7 97369
695 585 9 1 4
701 34 10 1 7
704 34 6 6 8789
704 370 1 3 7
704 673 7 5 1516
705 596 7 9 4453731
709 354 5 2 11
710 2 9 3 95
711 19 7 1 4
712 141 1 4 30
712 283 5 5 1517
712 862 9 1 10
716 98 2 2 4
716 339 4 1 4
720 7 5 2 13
721 0 10 1 15
721 104 4 1 4
722 100 7 1 4
722 104 5 1 4
722 393 2 2 7
723 142 6 2 16
724 20 3 1 4
724 596 6 6 18935
726 322 1 6 4640
728 712 2 5 475
738 970 8 1 6
741 45 6 1 4
742 97 5 2 16
744 280 2 2 4
760 40 8 1 8
760 220 10 1 4
760 300 1 4 83
763 668 2 2 9
768 68 6 1 4
768 326 10 1 8
768 502 5 1 4
768 666 4 1 4
768 736 8 1 4
770 515 5 1 4
771 800 7 1 4
772 0 6 2 13
775 48 6 1 4
775 921 8 1 9
776 586 7 1 9
776 697 1 3 10
777 6 4 2 14
777 84 9 2 35
777 200 5 1 4
777 554 1 3 10
778 389 5 3 68
778 707 4 1 4
780 14 4 5 2270
780 552 4 1 4
782 405 6 3 93
784 1 7 1 4
784 549 5 1 4
784 841 5 1 7
785 257 9 3 50
792 594 7 5 1953
793 52 2 5 383
798 776 4 2 14
799 433 6 1 4
800 97 9 2 21
800 133 2 3 27
801 312 6 5 1272
801 592 8 1 4
802 660 1 5 598
804 0 1 5 324
804 779 8 4 581
805 781 1 2 4
806 134 1 2 4
808 945 10 1 7
810 17 6 1 4
814 161 6 5 906
814 264 7 4 577
819 69 8 7 195097
821 236 4 1 4
824 392 2 2 9
824 978 7 1 4
830 356 1 3 12
832 16 3 4 71
832 304 8 2 27
832 427 9 1 7
834 0 10 4 410
834 67 7 1 11
834 148 3 5 1510
834 912 9 1 4
835 392 8 6 16321
835 583 10 1 8
836 86 3 1 4
836 485 3 2 7
840 106 7 1 11
840 545 8 1 7
842 132 10 1 4
842 200 8 5 1772
845 624 7 1 4
848 391 2 2 4
848 899 10 5 2407
850 308 3 1 4
852 2 6 1 4
852 64 2 4 116
852 824 6 1 7
854 681 3 3 34
856 866 6 4 347
863 516 9 5 1442
866 260 7 1 4
870 6 6 1 4
873 9 9 2 30
874 360 5 4 192
875 164 2 2 4
884 802 8 7 91393
894 392 8 1 7
896 868 8 4 203
898 336 2 2 9
900 4 1 3 7
904 552 9 1 6
904 929 5 1 4
905 196 5 1 4
905 540 4 5 1144
905 572 2 4 97
906 137 1 5 228
906 328 1 4 29
907 276 7 1 4
910 614 1 3 7
912 2 6 4 518
914 968 4 2 19
915 431 9 1 7
917 560 5 2 9
921 272 1 5 276
921 320 6 2 14
924 33 10 1 4
924 196 4 8 508817
928 64 3 1 4
928 516 1 3 6
930 720 9 1 7
932 783 7 1 4
933 657 4 3 69
934 94 5 2 19
938 316 8 1 4
947 568 8 4 844
948 9 4 3 39
953 905 3 1 4
961 131 8 2 42
961 472 3 5 993
968 51 3 1 4
968 352 1 10 16916787
969 769 4 2 16
977 22 4 1 4
978 817 10 1 4
986 772 9 1 4
987 962 2 2 6
990 35 8 2 39
1001 286 4 2 12
1002 912 3 5 1978
1004 129 9 1 7
1021 643 10 1 4
