0 8 1 5 349
0 9 3 2 13
0 17 7 3 124
0 18 6 1 10
0 47 7 2 13
0 112 4 1 4
0 150 6 4 168
0 166 2 2 4
0 256 2 7 73453
0 259 5 3 72
0 265 2 3 41
0 274 6 4 288
0 415 7 1 8
0 552 6 1 4
0 618 8 1 4
0 646 8 1 7
0 674 10 1 4
0 679 2 6 6191
0 704 7 1 4
0 843 7 5 1649
0 917 10 6 26050
1 7 8 1 4
1 37 2 5 521
1 228 3 2 7
1 357 7 1 4
1 481 7 1 5
1 535 6 1 4
1 565 2 4 93
1 644 10 1 4
1 705 10 1 5
1 825 8 1 13
2 0 4 1 4
2 3 4 1 4
2 8 5 2 11
2 48 9 6 31763
2 132 4 4 187
2 167 8 1 4
2 328 8 1 4
2 826 4 4 387
3 272 1 2 4
3 277 2 2 7
3 530 9 1 4
3 592 6 1 7
3 652 3 1 5
3 817 1 4 109
4 15 2 2 4
4 60 1 5 128
4 64 5 1 4
4 248 6 1 7
4 774 3 1 4
5 18 5 2 26
6 148 3 4 84
6 259 5 1 4
7 237 8 2 30
8 1 3 2 7
8 19 2 3 17
8 32 9 4 430
8 42 1 2 4
8 58 2 2 7
8 273 1 2 4
8 386 9 2 41
8 486 2 2 10
8 552 6 1 4
8 642 2 2 4
8 850 3 4 196
9 39 1 6 3722
9 526 8 1 7
9 907 1 3 18
10 75 8 1 5
10 84 10 1 8
10 160 6 1 4
10 518 2 2 4
10 584 7 1 4
10 599 3 2 10
10 680 3 5 652
11 204 9 1 8
12 0 2 2 4
12 24 10 1 5
12 55 8 3 52
12 65 10 4 850
12 116 3 1 4
13 66 2 2 4
13 192 4 2 13
13 224 2 2 4
13 780 3 1 4
14 152 3 1 4
14 210 4 1 7
14 584 7 2 33
14 616 1 7 13076
15 352 8 1 4
15 659 6 1 4
15 854 5 3 49
16 9 3 4 198
16 24 6 1 8
16 64 1 4 24
16 132 3 1 4
16 198 3 1 4
16 516 6 1 4
16 643 1 3 7
16 806 5 2 18
17 129 8 1 7
17 258 5 1 7
18 51 1 6 3150
18 203 6 1 10
18 215 4 1 4
18 641 10 1 11
19 24 1 7 20046
20 28 7 2 21
20 36 10 1 7
20 194 2 2 4
20 323 4 1 4
20 786 4 9 3780808
21 258 10 1 4
21 308 1 3 8
22 24 1 7 15301
22 97 1 4 30
22 281 9 1 4
22 331 7 2 13
23 328 3 1 4
24 9 9 1 8
24 533 5 6 3488
24 786 2 2 10
24 848 9 1 4
24 944 4 6 7920
25 523 10 1 9
26 20 3 3 46
26 109 9 1 4
26 801 3 2 10
27 547 9 2 16
28 42 1 5 196
28 192 4 1 4
28 203 10 3 130
29 1 7 2 14
29 327 4 1 4
29 532 5 2 18
30 129 10 1 4
31 561 1 2 4
32 16 9 1 5
32 33 2 2 4
32 72 5 1 4
32 185 10 1 4
32 204 10 1 7
32 219 6 2 25
32 276 2 2 4
32 414 5 2 16
32 514 1 4 83
32 721 10 1 8
32 848 8 3 78
33 26 3 1 4
33 31 8 1 5
33 64 6 1 4
33 276 3 3 54
33 544 10 1 7
33 898 7 1 4
34 292 2 2 4
34 324 6 2 16
34 663 4 2 11
35 266 8 2 16
35 551 5 3 62
35 689 5 1 8
36 12 10 1 4
36 34 4 1 7
36 48 8 1 4
36 266 7 2 18
36 288 5 5 1516
36 448 9 4 960
36 705 3 6 6577
37 2 1 7 27475
37 13 3 2 13
37 520 6 1 10
37 594 4 1 4
37 640 1 3 10
37 673 8 1 4
38 180 4 1 7
38 204 1 6 748
38 544 3 1 4
39 3 5 6 12001
40 9 5 3 47
40 20 4 1 4
40 672 8 1 4
40 840 2 7 14313
41 96 9 1 4
41 263 8 3 49
42 42 10 1 7
42 140 5 1 4
42 778 5 1 4
43 1 5 5 2845
44 10 1 4 54
44 430 8 1 4
44 794 7 4 777
45 23 3 8 267368
45 74 9 5 4186
45 266 8 5 2797
45 808 2 2 4
45 844 10 1 8
46 57 4 4 198
47 80 7 1 4
47 1022 9 4 268
48 176 3 1 4
48 193 10 1 4
48 198 10 7 78205
48 226 3 7 30206
48 646 2 2 7
48 843 7 1 4
49 4 3 2 8
49 17 2 7 20062
49 313 4 3 22
49 516 2 2 4
50 9 7 2 17
50 528 9 1 4
51 70 1 2 4
52 46 10 1 11
52 188 3 2 11
52 285 10 1 4
52 390 2 9 1358845
52 899 10 1 4
53 146 10 3 56
55 278 4 1 4
56 89 3 2 10
56 267 8 4 782
57 5 10 4 594
57 128 10 1 4
57 448 3 2 7
58 470 6 1 5
59 58 9 1 8
59 292 7 1 7
59 583 7 1 7
60 5 3 2 7
60 948 9 5 1652
61 644 8 1 7
61 648 9 3 70
62 521 8 1 7
64 1 3 3 44
64 26 10 1 4
64 194 1 5 121
64 203 2 2 4
64 272 4 3 33
64 465 10 1 4
64 481 3 1 4
64 514 6 2 15
64 686 4 9 10642942
64 771 5 1 4
64 780 7 1 7
64 790 10 1 7
65 25 5 1 4
65 96 10 1 11
65 104 8 2 16
65 118 9 1 5
65 218 10 1 4
65 274 6 1 4
65 421 4 2 14
65 571 4 1 4
66 140 7 8 882960
67 16 1 3 8
67 37 6 1 4
67 73 6 5 1904
67 453 4 9 2750885
67 840 10 6 8422
68 192 2 2 5
68 226 4 1 4
68 284 5 1 5
69 138 6 7 213574
69 276 6 3 36
69 529 6 4 195
69 768 9 1 4
70 109 6 3 39
70 431 5 1 4
70 648 4 6 9681
70 672 4 1 4
71 1 4 3 36
71 264 7 1 7
71 700 9 4 528
72 280 1 6 1047
72 437 5 5 1927
72 533 3 2 15
73 39 10 1 4
73 640 8 1 4
73 870 2 2 7
73 999 10 1 11
74 512 7 2 32
74 1012 6 4 520
75 259 7 6 31324
76 262 3 1 5
76 855 9 3 52
77 267 3 3 29
78 288 5 2 10
78 517 6 4 337
79 386 8 1 14
80 0 4 3 60
80 51 8 1 13
80 132 9 3 54
80 211 7 1 4
80 528 5 1 7
81 807 3 5 448
82 280 7 7 101268
83 124 7 3 58
83 784 6 1 5
84 64 5 4 533
84 74 5 1 4
84 490 2 2 4
85 31 9 1 8
86 524 5 1 7
87 353 1 6 4534
87 512 10 1 7
87 515 1 4 26
88 330 4 1 4
88 782 2 3 13
89 2 6 1 4
89 76 7 1 4
90 20 2 6 8232
90 274 1 4 78
90 843 1 2 4
91 154 8 1 4
91 652 5 8 541227
91 951 6 1 4
92 38 1 4 94
93 49 8 1 4
93 669 7 3 94
96 32 3 4 277
96 148 9 8 556926
96 304 9 6 8710
96 321 10 1 14
97 48 10 1 4
97 130 9 1 8
97 144 3 6 14230
97 167 4 1 4
97 195 2 3 13
97 286 4 1 4
97 473 9 1 4
97 525 7 5 2967
98 352 5 3 43
98 401 4 3 22
98 671 3 4 278
98 928 1 3 7
99 134 8 1 3
100 294 5 1 4
100 752 9 2 23
100 768 1 3 21
101 70 4 1 4
101 161 4 2 9
101 169 7 4 191
101 599 3 6 6279
102 6 3 2 7
102 166 8 2 28
103 704 2 2 4
104 26 4 1 4
104 28 2 2 7
104 48 8 2 37
104 64 10 1 4
104 132 10 1 4
104 313 10 4 287
104 673 8 1 4
105 3 7 1 5
105 296 1 2 4
106 652 9 1 10
107 3 10 1 4
108 133 9 2 31
108 514 4 4 120
111 12 7 1 4
112 28 7 2 13
112 84 2 3 18
112 107 2 5 844
112 165 10 5 5273
112 776 9 3 81
114 68 1 2 4
114 497 7 6 12323
114 872 7 1 5
117 106 8 1 8
117 803 1 3 7
118 565 2 4 101
119 836 4 1 4
120 0 6 1 5
121 536 2 4 76
122 24 10 5 1309
122 80 2 3 11
122 294 3 6 4375
123 600 2 4 61
124 348 4 2 9
125 268 5 1 4
128 10 9 1 4
128 320 8 1 4
128 362 10 4 1041
128 375 8 1 4
128 376 2 2 4
128 770 5 1 5
129 10 10 1 11
129 39 1 6 1619
129 88 8 1 4
129 584 7 3 60
130 78 1 7 25358
130 528 1 3 7
130 532 6 2 13
130 980 9 1 7
131 581 2 2 10
132 6 7 5 1724
132 17 10 1 5
132 372 8 1 4
132 516 6 2 16
133 23 6 1 7
133 614 1 4 51
134 67 5 6 21838
134 224 5 1 4
134 377 5 1 5
134 390 4 1 4
135 544 1 2 4
136 21 2 2 10
136 39 8 1 4
136 81 3 1 4
136 160 3 3 42
136 482 8 7 241125
136 610 10 6 36445
136 657 9 3 94
136 684 7 1 7
136 831 10 2 32
137 148 4 3 29
137 256 4 1 4
137 259 5 1 4
137 678 7 4 164
138 266 3 1 4
139 87 1 3 7
139 865 4 3 54
140 135 9 1 8
140 143 3 3 34
140 776 8 1 4
141 2 6 3 72
143 286 7 1 10
143 642 1 2 4
144 68 1 2 4
144 433 4 2 8
144 800 6 7 163519
145 1 7 1 7
145 2 10 1 13
145 67 7 1 4
145 184 1 6 2524
145 392 6 1 4
145 513 8 7 43889
145 576 6 1 4
146 69 7 1 8
146 396 9 1 7
147 522 1 4 34
148 1 6 1 4
148 24 3 4 67
148 139 2 2 10
148 146 6 3 32
148 464 3 3 21
148 515 1 3 8
149 20 1 2 4
150 141 8 3 78
150 656 2 5 261
151 102 5 1 4
151 132 9 1 4
151 207 3 2 7
153 151 5 4 176
153 171 5 3 30
153 592 1 3 16
153 598 4 10 3066913185
153 961 7 1 11
156 54 9 1 4
156 521 5 1 4
156 814 3 3 16
157 404 4 1 4
158 104 3 6 8492
159 526 7 2 23
160 34 6 1 4
160 81 5 1 4
160 144 9 2 23
160 452 6 1 7
160 801 4 5 1702
161 21 1 4 25
161 40 8 1 11
161 524 4 1 7
161 576 9 2 45
161 717 3 1 4
161 898 7 1 7
162 290 9 2 26
164 34 3 2 10
165 141 9 1 4
167 289 2 7 64320
167 456 9 1 4
167 712 5 3 27
168 8 7 1 5
168 52 6 1 4
168 67 6 2 11
168 68 1 4 27
168 98 4 3 29
169 25 1 2 4
169 351 10 1 4
169 514 4 7 83252
171 144 6 2 16
172 8 4 6 8787
172 569 4 1 7
172 664 6 1 4
173 261 9 1 4
174 493 2 2 4
174 582 4 2 11
175 863 3 2 7
176 32 2 2 4
176 137 7 3 102
176 270 6 7 76321
176 273 5 2 11
176 916 6 6 6749
176 932 5 1 4
177 128 4 7 31624
177 280 3 1 4
177 611 2 2 4
177 744 9 3 147
178 144 8 1 8
178 797 9 1 4
179 429 7 5 2756
180 152 1 9 2304480
180 600 10 5 1200
181 964 1 3 7
182 300 4 1 5
182 672 1 2 4
182 728 10 1 4
184 141 2 2 4
184 161 10 2 30
184 664 2 4 129
185 5 2 5 850
185 42 7 7 35174
185 391 5 1 7
187 800 1 3 8
188 4 2 2 4
192 52 3 3 48
192 72 4 1 5
192 177 6 1 7
192 388 1 2 4
192 524 9 1 4
192 536 4 4 220
192 898 1 3 7
192 904 10 2 40
192 999 3 3 40
193 8 9 2 27
193 131 1 2 4
193 375 10 1 5
194 321 8 1 7
194 592 7 1 4
194 677 10 1 10
196 81 8 1 4
197 100 4 3 37
197 297 2 4 181
197 592 4 2 18
197 611 6 1 5
197 769 6 2 31
198 3 8 1 4
200 577 10 1 13
201 39 10 5 1413
201 98 6 1 7
201 140 2 2 7
204 520 9 2 31
205 457 5 1 4
206 80 9 1 4
206 530 2 2 4
208 12 9 4 299
209 55 8 1 4
210 882 1 4 63
211 4 7 1 4
212 262 4 4 105
212 285 3 4 71
212 673 9 1 4
213 64 3 2 10
216 66 8 1 7
216 792 3 3 59
218 86 1 4 30
219 389 9 3 114
222 532 8 4 408
222 852 7 3 116
225 257 10 6 23309
225 316 8 7 73642
225 948 3 3 25
227 336 6 4 279
227 592 6 1 5
227 838 3 3 27
228 294 7 3 49
230 9 9 3 68
231 290 2 3 23
232 5 2 2 5
232 80 2 2 4
233 212 3 1 4
233 912 7 3 59
233 973 3 3 27
234 917 9 4 678
237 91 1 2 4
239 370 9 3 88
239 560 5 1 4
240 799 2 2 4
241 206 5 1 7
241 245 9 3 98
242 156 7 1 7
244 356 6 2 16
244 932 2 2 4
245 705 7 1 4
248 0 7 1 4
248 290 6 1 4
256 1 6 1 4
256 4 5 3 99
256 5 1 2 4
256 68 3 1 4
256 69 7 1 4
256 160 1 2 4
256 344 9 2 20
256 416 9 1 4
256 522 3 1 5
256 705 6 1 10
257 0 1 2 4
257 156 3 2 7
257 268 7 8 2485976
257 806 1 4 83
257 945 5 1 7
258 24 8 5 1867
258 265 7 2 18
258 673 5 4 534
258 810 7 4 156
259 165 4 1 4
259 226 5 3 50
259 268 1 2 4
259 327 8 1 7
260 131 1 6 1809
260 545 2 2 5
260 678 2 2 4
260 978 10 2 30
261 8 5 5 2368
261 72 6 10 251244381
261 672 5 2 18
261 995 10 4 286
262 134 4 1 4
262 193 4 2 16
262 256 3 1 4
264 296 2 2 4
264 320 3 8 193269
264 568 9 1 4
265 264 5 2 10
265 339 6 2 19
266 272 10 1 4
266 336 4 1 4
268 177 3 3 53
268 192 7 5 2939
268 512 2 5 1197
269 444 2 9 751306
270 73 8 2 24
270 532 5 6 10768
272 208 6 1 4
272 234 7 7 73060
272 378 8 1 4
272 640 8 1 4
273 693 6 2 11
273 809 9 2 25
273 903 9 5 1766
274 334 1 4 30
275 116 5 2 10
275 133 8 1 10
276 288 8 1 4
276 392 6 3 122
276 394 8 1 4
276 661 3 1 4
277 27 2 3 15
277 128 5 1 4
278 258 4 1 4
279 901 10 2 18
280 36 5 1 5
280 82 9 3 82
281 101 2 2 7
282 136 7 1 7
282 787 8 1 4
284 835 3 4 80
287 448 8 1 5
287 802 8 1 4
288 47 7 3 78
288 132 6 4 176
288 224 2 2 4
288 292 9 1 4
288 341 3 1 5
288 545 4 4 141
289 36 6 1 4
289 156 10 1 4
289 468 1 3 13
289 788 10 1 4
290 0 2 8 205173
290 328 9 1 10
291 610 8 1 4
292 7 1 3 11
292 19 10 1 4
292 162 10 1 4
293 256 8 4 327
293 960 9 4 520
294 27 7 2 16
294 742 3 1 5
294 864 3 3 31
296 57 7 2 36
296 84 10 1 4
296 131 5 1 4
296 231 2 2 4
296 409 1 3 19
296 516 2 2 7
297 389 5 3 29
298 800 7 2 13
299 291 1 3 7
300 140 9 1 4
301 777 10 1 4
304 63 10 2 33
304 106 4 1 7
305 34 10 1 5
305 576 1 3 18
306 550 9 2 21
307 514 7 1 10
308 21 4 5 1024
308 583 5 2 23
308 692 5 1 4
308 832 9 2 38
310 936 1 2 4
314 156 4 4 331
314 518 6 4 214
316 452 10 1 4
318 532 10 6 30803
318 914 10 1 4
320 315 7 1 4
320 428 8 1 4
320 641 2 2 7
320 720 4 1 4
321 4 2 2 7
321 262 5 1 7
321 337 5 7 70020
322 416 3 2 7
322 899 1 5 434
322 902 7 1 4
323 515 1 2 4
324 16 3 9 3788070
324 106 9 1 7
324 167 1 3 8
324 530 5 1 7
325 192 9 3 96
325 614 5 5 591
325 720 4 1 4
326 11 10 1 7
326 32 9 1 4
326 116 10 1 4
326 280 4 3 67
327 675 9 1 7
329 35 9 1 7
330 8 8 6 26479
331 512 10 1 4
334 288 3 1 5
335 83 5 2 18
335 391 6 1 4
336 18 8 1 13
336 576 5 1 5
336 632 3 2 8
337 768 10 1 4
338 33 10 7 303255
338 160 6 4 149
338 169 1 3 7
342 15 6 1 4
342 168 1 2 4
342 536 10 1 5
343 475 3 3 55
344 188 8 1 4
345 32 10 4 458
345 992 7 1 4
346 11 5 9 2204226
347 11 4 4 97
347 149 4 4 168
347 313 7 1 7
348 395 2 6 2795
352 680 2 2 4
353 138 4 1 4
353 684 3 4 262
354 30 1 2 4
355 134 3 4 78
355 634 10 1 5
356 800 3 3 32
357 433 1 3 11
357 641 3 1 4
358 3 5 1 4
358 197 5 1 4
360 514 5 3 27
360 555 9 1 4
360 784 4 1 4
361 266 2 4 125
361 316 7 1 4
362 34 1 3 8
363 162 8 1 4
363 424 5 4 169
371 112 3 2 8
371 705 9 3 115
375 77 1 4 91
376 193 9 1 4
379 333 3 1 4
382 562 1 5 334
384 6 6 1 4
384 156 3 3 47
384 168 7 1 4
384 312 7 2 19
384 332 9 4 213
384 423 7 3 71
384 571 9 1 4
384 692 2 2 4
384 962 7 2 37
385 2 2 2 9
385 213 10 1 4
385 513 2 2 10
386 64 4 4 125
386 158 5 1 4
386 160 9 2 19
386 206 2 3 14
386 681 2 2 4
386 849 10 2 19
386 912 7 2 31
389 596 7 7 45028
391 8 4 1 4
391 800 6 5 1182
392 553 8 5 1150
392 674 1 3 10
394 80 9 8 478922
395 4 9 1 10
395 558 4 3 39
396 6 10 1 5
396 454 9 1 7
396 777 9 2 40
396 960 3 2 8
397 305 8 1 4
397 518 8 1 14
399 9 5 1 8
401 16 3 1 4
401 58 8 2 18
401 284 2 5 486
401 932 2 2 7
402 769 2 2 4
403 20 10 1 13
403 98 3 8 274541
404 209 7 1 4
404 298 4 2 12
405 160 7 2 18
406 677 3 5 796
408 66 10 1 5
408 405 2 3 37
409 66 10 1 4
409 888 7 1 4
410 520 10 1 4
412 6 3 1 4
415 101 8 1 4
416 52 4 2 11
416 531 1 4 25
416 832 8 1 7
418 16 4 2 9
419 7 4 9 8499186
419 62 8 1 8
419 844 5 1 4
420 32 2 2 4
420 114 1 2 5
420 288 10 1 4
420 424 10 5 2229
420 538 5 2 15
420 545 1 2 4
421 400 5 5 1056
422 736 8 3 96
423 384 7 1 4
423 651 10 1 4
424 481 3 3 16
425 161 4 6 15888
425 261 4 1 7
426 644 5 6 4147
427 580 7 2 20
428 194 5 5 938
428 620 8 3 119
428 880 3 1 4
430 8 4 4 171
430 203 10 1 4
433 197 8 2 19
434 734 6 1 4
436 597 5 5 950
441 21 10 1 4
442 146 1 2 4
442 691 10 1 4
449 321 4 2 21
452 48 9 4 232
452 205 2 6 6416
452 488 1 4 29
452 512 5 1 4
452 513 1 3 7
453 368 1 5 122
453 661 3 1 3
454 9 10 6 30672
454 437 4 1 4
454 634 7 1 10
454 782 10 3 126
455 640 9 1 7
456 376 8 1 4
456 774 2 2 4
457 906 3 4 107
458 101 5 6 23150
458 743 10 1 5
460 197 6 1 8
460 566 3 1 4
461 625 5 1 4
461 901 3 2 8
464 265 1 5 322
464 928 9 1 4
465 902 10 3 74
467 211 4 6 5596
470 713 7 3 114
472 226 9 1 4
472 801 5 1 8
473 800 1 3 12
476 775 7 1 10
480 0 1 5 455
481 288 3 3 43
482 208 8 2 16
482 285 6 7 83235
483 276 8 1 4
488 269 4 3 51
488 565 3 1 4
489 64 8 3 55
491 112 3 1 4
501 519 9 2 25
504 267 8 7 72576
506 706 10 1 15
512 1 6 3 108
512 65 9 1 12
512 96 8 1 4
512 153 2 2 4
512 266 6 1 4
512 420 7 1 4
512 438 2 2 10
512 453 7 2 34
512 482 1 4 36
512 514 5 1 4
512 685 5 5 756
512 936 2 2 4
513 42 6 4 243
513 65 4 2 16
513 100 7 1 4
513 112 8 1 4
513 315 7 2 35
513 548 7 5 841
513 640 9 1 4
514 401 4 1 7
514 452 6 1 4
514 522 3 1 4
514 572 2 2 10
514 780 5 1 4
515 93 2 9 1379701
515 157 1 3 13
515 273 7 1 4
515 598 5 1 4
516 33 8 2 40
516 72 9 1 4
516 169 2 3 30
516 357 8 1 4
516 555 9 1 4
516 605 8 1 5
517 34 10 2 19
517 177 3 1 4
517 233 4 2 10
517 281 10 1 4
517 525 3 4 67
517 676 9 5 3247
518 0 4 3 48
518 41 10 3 57
518 66 10 1 4
518 517 5 2 9
519 944 4 1 4
519 967 8 1 8
520 296 1 6 3354
520 328 8 1 4
520 785 10 1 4
521 131 10 1 13
521 560 6 1 4
522 1 3 6 4398
522 121 8 1 4
522 549 10 2 18
524 159 7 5 2550
525 820 2 3 11
526 548 9 2 18
527 713 4 5 1853
528 10 1 2 4
528 36 10 1 4
528 156 4 1 3
528 512 1 2 4
528 582 6 1 7
528 720 4 1 7
528 801 5 1 4
529 260 4 3 50
529 423 4 2 8
529 520 6 1 4
529 737 3 2 8
530 132 3 6 9731
530 278 10 1 4
530 522 6 3 76
532 11 2 2 4
532 134 5 1 4
532 550 10 1 11
533 5 4 1 5
533 37 4 1 4
533 787 7 3 46
534 6 8 1 4
534 425 4 1 4
534 786 7 1 5
535 10 3 1 4
536 10 1 2 4
536 244 7 3 79
536 687 6 4 209
537 99 4 6 4080
537 138 7 1 8
537 257 3 1 4
537 478 10 1 7
538 74 5 1 4
538 84 10 3 112
538 820 5 1 8
540 256 7 1 7
540 481 1 2 4
541 344 1 2 4
544 24 1 2 4
544 151 4 1 4
544 401 6 8 614605
544 536 6 2 25
544 542 5 1 7
544 597 8 3 49
544 718 9 2 20
545 209 1 3 7
545 226 10 1 4
545 914 9 5 1244
546 263 4 1 7
546 650 2 3 15
546 900 6 1 8
547 265 7 2 13
547 427 2 2 8
548 169 1 2 4
548 512 2 3 13
548 586 3 1 4
549 68 9 1 4
549 288 6 3 70
551 4 10 4 1028
551 40 7 3 115
552 136 5 3 40
552 640 4 2 8
552 656 7 2 35
555 52 4 4 110
555 418 6 3 81
556 409 7 1 7
557 6 8 9 5650503
557 15 1 5 604
557 370 6 1 4
557 512 6 4 349
557 557 4 2 13
557 770 10 6 37803
557 938 3 5 875
559 557 7 3 38
560 18 9 5 2696
560 32 2 2 4
560 96 1 5 140
560 104 3 5 352
561 444 4 6 19613
561 521 3 3 30
561 786 7 5 1359
562 977 10 5 4513
562 992 10 7 327556
563 20 3 1 5
563 410 6 1 4
564 656 2 2 4
564 659 5 3 33
569 385 8 6 6023
569 522 3 2 11
571 457 3 2 15
572 36 7 1 4
572 64 2 3 35
572 257 1 5 176
573 797 7 1 10
574 533 9 1 4
574 696 10 1 13
576 4 9 1 12
576 5 10 1 11
576 19 10 1 4
576 76 8 1 4
576 133 6 1 5
576 325 2 2 4
576 525 7 4 299
576 547 7 2 36
577 577 8 1 4
577 661 3 1 4
577 997 5 1 7
578 26 5 1 7
578 96 1 6 2289
578 136 9 2 22
579 621 9 1 4
579 789 2 2 7
580 507 9 2 17
583 129 9 1 15
584 432 5 3 37
584 833 1 2 4
585 64 3 1 4
585 208 8 1 4
585 354 5 7 26303
585 389 1 4 38
586 64 5 2 15
586 530 10 1 4
586 658 10 1 4
590 276 8 3 106
590 520 5 1 4
591 147 7 1 4
592 2 4 2 13
592 4 9 1 7
592 148 10 3 70
592 528 5 3 46
592 585 1 7 10820
593 429 7 1 4
595 58 7 1 4
595 557 10 2 18
596 33 1 2 5
596 91 5 1 4
596 385 8 2 31
599 92 6 1 4
599 176 8 1 5
600 68 10 1 4
600 115 6 5 2621
600 562 4 1 4
600 573 1 2 4
600 575 8 1 10
601 431 3 3 56
602 480 8 5 1212
604 1006 9 4 225
605 80 4 4 191
606 807 6 3 36
607 288 7 2 29
607 393 8 5 2099
608 185 4 3 56
608 648 10 1 4
609 28 2 3 15
609 210 1 6 733
609 225 1 3 7
609 526 10 4 539
609 768 6 3 53
614 265 5 1 7
614 936 8 4 276
616 81 2 5 457
616 450 7 2 24
616 806 4 1 4
619 76 1 3 22
619 140 1 2 4
624 579 5 6 12351
625 5 4 6 4937
625 530 3 7 24979
626 8 10 2 51
626 104 1 2 4
626 114 4 1 4
626 528 2 3 19
626 608 5 1 4
627 3 8 2 31
627 769 5 3 32
628 76 7 1 4
629 446 5 1 4
632 18 5 3 27
635 546 3 2 11
640 6 7 1 4
640 160 6 1 4
640 181 5 1 4
640 369 8 1 4
640 421 9 5 3303
640 525 4 5 459
640 584 9 1 8
640 659 2 3 18
640 732 3 1 4
640 952 10 1 12
642 512 6 1 4
642 562 3 2 7
643 73 8 1 4
644 48 10 1 7
644 387 2 2 4
644 756 9 1 4
644 769 5 1 7
645 25 10 3 93
645 548 5 1 4
648 76 8 1 4
648 98 2 4 57
648 301 10 7 246781
648 769 8 1 4
650 108 8 4 181
650 953 4 3 88
652 257 7 1 4
655 384 6 1 4
655 761 3 6 4006
656 259 3 1 5
657 79 5 2 19
657 201 10 1 4
658 10 8 3 82
658 226 4 5 2357
658 640 4 3 37
660 85 8 2 22
662 374 1 5 302
664 205 1 6 1313
664 781 6 4 147
665 3 2 2 4
665 260 9 1 10
666 66 5 1 4
668 749 5 1 4
672 64 6 3 38
672 129 3 3 56
672 717 1 5 341
673 104 4 6 5545
674 259 7 2 15
674 672 9 1 7
676 52 10 1 7
677 121 5 4 250
677 641 5 2 26
678 237 6 4 204
680 20 9 2 30
680 39 2 2 4
680 540 3 2 10
681 6 10 1 4
682 14 5 1 8
682 156 10 1 7
683 278 8 4 246
684 1008 5 2 10
686 426 7 3 132
686 593 6 2 13
688 385 5 1 4
690 110 7 1 4
692 260 3 6 6598
692 914 10 1 4
693 397 4 9 2138852
693 522 4 4 109
694 931 5 3 32
695 517 9 1 4
696 885 5 5 2745
700 18 6 2 11
700 864 7 2 13
704 76 1 2 4
704 135 9 1 7
704 292 2 6 8536
704 370 9 4 244
705 596 5 1 4
706 17 8 2 36
706 460 5 1 4
706 732 10 1 4
709 325 1 3 8
709 843 1 3 16
710 2 10 1 4
712 141 5 4 137
712 294 10 5 1470
712 862 2 3 16
713 837 6 2 23
719 512 6 1 4
720 144 9 1 4
720 803 10 1 4
721 0 4 4 121
721 104 9 3 129
721 170 2 3 16
721 323 9 4 730
721 584 1 7 33178
722 258 1 2 4
722 398 6 1 4
722 464 8 4 288
724 20 2 2 4
728 227 5 1 4
728 350 2 8 88964
728 712 9 5 5507
732 834 10 1 4
737 64 9 1 3
740 235 1 2 4
740 778 5 4 163
741 260 2 3 25
743 787 9 5 1679
744 124 8 1 4
745 63 2 8 347061
746 536 4 4 319
751 506 5 1 4
752 261 9 1 5
752 786 5 1 4
754 32 2 6 6721
760 40 1 3 16
760 220 2 4 153
760 257 10 2 29
760 300 8 4 240
761 435 9 1 7
763 668 4 3 33
765 513 10 1 4
768 326 6 3 49
768 502 8 5 5360
768 608 1 3 14
768 738 4 1 7
768 926 1 2 4
769 350 2 6 4345
769 640 1 3 7
770 67 3 1 4
770 211 8 1 7
770 256 1 2 4
770 515 3 1 4
771 800 6 2 19
772 32 1 4 57
772 130 2 2 4
773 1 9 2 40
775 48 4 3 27
775 921 8 5 1154
776 101 9 1 4
776 586 8 1 5
777 6 5 3 36
777 84 1 3 8
777 200 4 3 53
777 318 4 2 17
777 554 8 1 5
778 389 10 3 159
780 14 8 2 33
780 193 6 1 7
780 707 8 1 7
780 901 4 1 4
781 222 7 1 4
782 226 9 4 637
782 405 4 1 4
784 1 6 1 4
784 604 10 3 126
784 634 10 3 219
784 841 4 1 4
785 257 3 8 321678
786 142 1 6 4067
786 521 6 5 2711
786 576 9 1 11
787 199 10 1 5
788 25 7 1 4
792 274 9 1 4
792 540 6 6 24204
793 628 8 6 12642
795 661 9 4 276
800 9 2 6 1741
800 45 1 3 21
800 73 6 1 7
801 34 4 4 255
801 312 6 1 4
802 660 8 7 187764
802 769 6 1 7
804 779 2 2 10
806 134 5 1 4
806 326 8 1 4
806 480 8 1 4
808 526 3 3 49
808 777 5 1 4
808 937 6 1 10
810 17 4 2 8
812 778 5 2 10
814 161 5 1 5
816 24 9 1 4
819 69 7 1 4
822 211 8 7 65516
824 609 5 1 5
830 356 1 2 4
832 21 2 2 4
832 43 9 3 104
832 281 10 1 4
832 427 8 1 7
833 999 7 7 123609
834 0 8 2 20
834 32 6 2 17
834 67 1 4 28
834 148 5 2 10
834 912 8 3 44
835 264 8 1 4
835 392 10 1 7
836 388 8 1 4
836 485 6 1 4
839 21 8 1 4
840 96 2 2 7
840 545 8 1 7
840 800 10 1 4
841 32 1 2 4
841 370 10 1 7
842 132 2 2 7
843 939 5 1 4
848 90 5 6 19667
848 899 5 1 4
850 308 1 7 9853
851 195 6 3 128
852 64 9 1 8
852 72 9 6 26459
852 824 6 1 5
854 681 3 1 4
856 256 6 1 4
857 42 2 4 188
862 130 3 3 25
864 786 9 1 4
867 998 3 1 4
870 6 2 2 7
871 264 4 1 7
874 360 1 7 7789
875 164 6 1 7
880 611 7 1 7
882 42 1 6 898
884 802 2 2 4
885 601 3 5 567
894 392 2 4 203
895 603 10 1 8
897 39 4 4 146
897 115 3 1 4
897 1002 8 1 5
898 699 2 2 4
899 537 3 1 4
902 131 2 2 4
902 420 5 4 122
904 112 10 2 34
904 231 2 4 147
904 552 7 4 252
904 888 4 3 41
904 929 9 3 51
905 12 4 8 501235
905 248 10 1 7
905 572 8 1 4
906 137 3 8 172249
911 10 3 1 4
911 896 8 2 21
912 85 6 5 3118
914 669 3 3 34
914 776 8 1 4
916 777 4 1 4
917 560 10 1 13
917 912 6 2 11
918 0 1 3 7
920 200 1 2 4
921 272 3 1 4
921 320 1 5 456
922 8 9 1 4
922 784 5 8 428081
928 384 9 2 16
928 516 7 1 7
929 10 9 4 273
929 257 10 6 46062
930 720 8 5 1192
931 230 10 2 21
931 657 7 4 686
932 274 1 3 16
933 657 8 4 869
934 94 5 1 4
938 261 3 1 5
940 512 1 9 361286
946 205 7 5 1022
947 568 8 1 4
948 9 8 1 4
952 37 2 2 5
953 905 10 1 7
956 846 3 1 4
958 844 8 1 7
961 131 8 2 32
961 291 1 8 81465
961 472 7 2 15
961 481 7 7 37507
966 197 1 2 4
966 555 3 1 4
968 51 3 2 7
968 352 7 1 7
968 360 8 1 4
975 205 7 3 40
976 321 8 6 5822
976 779 1 3 13
977 34 9 1 11
985 268 6 2 13
986 772 6 1 4
987 962 9 1 5
988 366 1 2 4
990 35 3 2 8
998 127 4 3 72
998 179 4 1 4
1001 286 4 1 3
1002 652 7 1 3
1018 358 10 5 3182
1020 371 4 1 5
1021 643 10 2 45
