0 9 2 5 279
0 17 4 2 10
0 18 1 3 7
0 112 5 6 4771
0 135 1 7 8373
0 156 8 1 4
0 215 4 6 15463
0 256 6 1 4
0 259 7 3 38
0 265 10 1 4
0 274 1 5 167
0 321 9 3 168
0 415 6 1 4
0 552 2 2 7
0 618 5 1 4
0 704 1 2 4
0 917 4 1 4
0 936 1 3 7
1 7 7 1 4
1 15 3 1 4
1 30 4 4 364
1 37 7 1 9
1 82 10 1 4
1 135 5 4 270
1 481 4 4 341
1 535 3 2 10
1 644 1 4 25
1 768 8 6 6413
1 825 4 3 58
1 920 6 3 79
2 0 4 4 232
2 3 5 3 29
2 8 5 1 4
2 260 5 4 268
2 328 6 6 10999
2 523 10 3 57
2 826 7 1 12
3 24 4 5 1171
3 272 4 3 39
3 530 1 4 24
3 592 6 3 103
3 652 2 2 4
3 817 2 2 4
4 0 7 2 15
4 15 2 2 4
4 60 3 3 32
4 248 4 2 10
4 368 7 1 4
4 576 9 1 4
4 683 1 2 4
4 774 8 1 7
4 803 6 5 3433
4 808 2 2 4
5 18 9 1 4
5 584 9 2 23
6 148 10 1 13
6 466 8 1 4
6 512 5 3 56
6 798 5 2 18
6 1002 5 3 52
8 1 8 4 272
8 19 2 9 5263868
8 42 6 2 30
8 202 4 2 8
8 272 2 6 2527
8 386 2 2 4
8 656 7 1 4
8 902 4 3 50
9 39 2 2 8
9 43 5 1 4
9 274 10 1 4
9 823 10 1 4
10 84 8 1 12
10 523 7 1 4
10 584 5 3 32
10 599 3 1 4
10 778 5 1 4
11 204 7 1 10
11 752 9 1 5
11 779 7 1 7
12 24 8 4 177
12 116 3 4 171
12 269 10 1 4
12 366 1 3 9
13 66 3 1 4
13 192 3 1 3
13 780 5 1 7
14 127 1 3 7
14 321 1 2 4
14 376 2 9 945966
14 584 7 1 4
14 616 9 1 4
15 352 9 1 4
15 485 3 4 86
15 854 3 4 79
16 24 2 2 10
16 64 5 3 96
16 96 4 1 4
16 132 10 1 4
16 198 5 3 37
16 516 1 8 57728
18 51 7 1 7
18 203 4 1 4
18 290 1 2 4
18 641 4 1 4
18 645 1 2 4
19 24 5 1 4
19 657 2 2 4
19 709 5 3 50
20 1 5 5 1731
20 10 4 1 5
20 28 7 1 4
20 69 6 3 130
20 176 3 3 16
20 323 9 2 40
20 786 4 3 23
21 258 8 1 5
21 308 9 7 110261
22 24 6 1 4
22 133 9 3 129
22 320 5 3 28
22 565 4 2 9
24 781 3 2 10
24 786 2 2 9
24 944 8 1 4
25 523 9 1 4
25 592 9 1 7
26 20 2 2 10
26 109 1 4 64
27 130 2 3 37
27 210 5 5 605
27 547 7 3 114
27 549 2 3 24
28 72 8 6 8183
28 203 6 3 76
28 624 5 3 49
28 647 4 1 7
29 327 4 1 4
29 809 7 2 33
30 21 8 5 973
30 129 1 4 109
32 16 8 2 31
32 33 4 3 51
32 204 3 1 4
32 219 6 1 4
32 414 7 3 47
32 514 1 3 9
32 612 4 4 345
32 641 8 6 6394
32 721 2 2 7
32 759 10 1 7
32 848 9 4 343
33 3 10 1 4
33 26 2 5 255
33 64 3 1 4
33 277 3 4 125
33 785 1 3 7
33 898 1 3 12
34 292 5 1 7
34 561 9 2 17
34 663 10 1 17
34 720 3 2 13
35 689 8 2 31
36 12 9 1 4
36 48 9 1 4
36 257 7 3 44
36 288 3 4 72
36 705 6 1 4
37 13 3 4 135
37 594 8 1 4
37 640 8 1 4
37 673 3 1 4
38 1 10 1 4
38 180 4 8 320677
38 204 9 4 775
39 48 10 1 4
39 520 8 6 5739
39 982 2 2 4
40 9 3 2 10
40 20 2 2 10
40 605 7 5 2376
40 840 6 1 9
41 276 5 3 82
41 513 1 2 4
42 839 10 4 367
43 1 8 1 4
44 47 8 3 73
44 524 2 2 4
45 50 6 1 4
45 74 6 3 103
45 266 5 5 2844
45 615 6 4 219
45 844 7 2 34
46 57 6 4 156
48 67 7 5 3115
48 193 2 2 7
48 198 7 5 2326
48 789 7 4 167
48 932 9 1 4
49 4 3 2 15
49 17 2 7 21480
49 313 5 7 180130
49 516 10 1 15
50 113 7 1 4
51 70 6 2 13
51 377 2 3 20
51 516 4 1 4
52 256 7 1 4
52 899 1 2 4
54 112 10 1 9
56 89 10 1 5
56 472 5 1 4
57 5 6 1 10
57 33 1 4 82
57 128 8 2 37
58 113 3 1 4
59 58 8 3 78
59 453 2 2 4
60 5 5 7 35800
61 648 5 3 86
62 521 8 1 4
64 1 6 5 1462
64 41 5 1 4
64 192 5 1 4
64 203 6 2 14
64 514 9 1 4
64 686 3 3 25
64 780 9 1 11
64 790 9 1 4
65 25 2 2 4
65 104 5 5 1237
65 118 9 2 18
65 218 9 1 10
65 265 6 4 236
65 274 5 2 12
65 421 6 3 36
65 571 6 1 10
66 140 5 1 4
67 37 4 1 4
67 73 4 1 4
67 453 6 9 2846656
67 482 1 5 232
67 840 5 7 32373
68 153 6 1 7
68 192 9 1 7
68 284 8 1 7
68 322 1 4 28
69 276 6 1 4
69 529 5 1 7
69 572 6 1 4
69 768 9 1 4
70 109 4 6 18831
70 608 2 3 19
70 648 9 1 15
71 1 10 5 6116
71 264 7 6 16682
71 409 5 1 4
71 700 9 4 571
72 65 3 1 4
72 280 7 1 10
72 437 4 3 44
72 961 4 3 32
73 39 8 4 430
73 999 3 2 8
74 512 1 2 4
74 548 4 1 5
74 768 10 1 14
76 76 2 2 4
76 84 1 2 4
76 133 4 3 50
76 262 2 2 7
76 855 3 3 55
77 267 5 2 12
77 450 8 7 93872
77 456 7 1 5
78 288 10 3 198
78 784 1 5 116
78 919 5 1 4
79 165 5 1 4
79 386 8 1 4
80 0 9 1 4
80 82 5 1 4
80 211 2 2 9
80 677 4 3 66
81 807 7 4 769
81 852 1 2 4
82 283 6 4 232
83 304 3 6 12481
83 617 2 2 10
83 784 10 1 4
84 74 5 1 4
84 216 6 4 290
85 31 5 3 30
85 65 6 3 37
86 234 5 2 10
86 524 9 1 13
87 353 4 1 7
87 515 8 4 340
88 330 7 2 24
88 782 10 6 36198
89 4 9 1 4
90 274 10 1 4
90 843 7 1 4
90 988 10 1 17
91 154 9 1 4
91 652 9 1 4
91 951 6 4 170
92 38 10 3 80
92 91 2 2 4
93 49 7 4 655
94 869 2 3 31
95 20 9 1 4
95 34 1 2 4
96 32 2 2 5
96 208 10 7 223419
96 220 2 5 229
96 276 5 1 4
96 304 6 1 7
96 356 6 1 4
96 547 2 4 184
96 776 8 1 9
97 18 7 2 15
97 48 6 1 4
97 130 10 4 594
97 195 9 1 7
97 286 5 7 26611
97 473 9 1 4
98 14 2 3 31
98 352 1 3 20
98 401 1 2 4
98 671 10 1 4
98 928 5 5 1401
99 134 8 1 4
101 124 7 1 4
101 169 2 5 466
101 599 9 6 6516
102 78 1 2 4
102 264 7 2 22
103 704 8 1 10
104 26 9 1 9
104 28 1 4 34
104 48 1 5 128
104 64 5 2 15
105 779 2 3 14
106 652 10 1 15
107 3 6 1 4
111 12 9 7 49737
112 3 2 3 17
112 28 4 2 14
112 107 3 1 4
112 165 2 2 5
112 776 5 3 84
114 416 10 2 30
114 497 3 3 44
114 872 7 1 4
116 33 6 3 69
117 106 2 3 44
117 803 3 3 17
118 565 3 3 21
119 446 4 3 43
119 836 4 8 358815
120 0 9 1 4
120 76 1 9 496932
124 304 6 4 303
124 348 2 2 9
125 268 9 1 15
128 1 3 2 7
128 10 3 3 44
128 208 1 2 4
128 320 2 4 46
128 362 10 1 4
128 375 9 1 4
128 453 4 1 7
128 770 2 2 4
129 39 7 6 5490
129 88 1 2 5
129 163 1 3 15
129 584 9 4 549
129 707 10 1 4
130 368 3 2 9
130 528 6 5 3306
130 540 6 1 8
130 772 8 2 23
130 980 7 1 4
131 581 9 1 4
132 17 8 1 10
132 137 4 1 4
132 372 4 2 9
132 916 6 1 4
132 957 3 1 4
133 23 2 5 321
134 67 5 5 1033
134 224 5 1 4
134 377 9 4 868
134 516 9 1 7
135 258 2 3 17
135 544 2 3 14
136 21 9 1 9
136 39 9 1 7
136 81 1 2 5
136 160 10 2 18
136 610 3 1 4
136 831 8 1 4
137 148 6 4 382
137 325 5 2 12
137 678 7 4 221
137 778 7 1 5
138 266 10 5 1615
138 590 5 2 18
138 902 9 1 4
139 87 6 2 26
139 865 5 8 379251
140 135 3 4 199
140 143 3 1 4
140 168 1 2 4
140 776 1 9 506378
141 2 9 4 575
141 954 6 1 4
142 641 5 1 5
143 144 10 1 12
144 18 3 1 4
144 257 5 1 4
144 418 3 5 1332
144 433 4 1 4
144 800 1 3 7
145 2 10 1 12
145 67 8 4 197
145 94 2 4 145
145 184 7 5 2635
145 273 1 7 11987
145 392 1 2 4
145 513 9 4 301
146 69 6 1 4
146 146 7 1 5
146 396 9 1 7
147 522 7 1 9
148 1 7 2 35
148 130 2 2 7
148 278 1 2 4
148 464 8 1 5
148 515 1 3 7
148 912 7 1 7
149 20 10 3 106
149 649 1 7 16304
150 141 7 1 4
150 656 5 1 4
151 207 3 1 4
151 250 5 1 5
153 592 10 1 9
153 598 10 2 26
156 133 9 8 404451
156 521 4 2 8
160 81 2 3 28
160 452 2 4 122
160 644 9 1 7
160 801 3 1 4
161 40 10 1 7
161 326 9 1 4
161 376 2 2 4
161 898 5 4 203
162 290 7 1 4
163 227 8 1 4
164 34 10 1 7
164 38 10 3 195
164 264 8 6 7394
164 636 6 1 9
164 646 4 5 1313
165 141 2 2 7
165 397 9 1 4
166 686 3 3 27
167 289 4 1 7
167 384 3 1 4
167 456 7 4 371
167 712 5 7 26309
168 68 4 1 4
168 98 9 1 7
168 480 2 2 4
169 351 8 1 4
169 514 3 2 10
171 144 5 2 21
172 8 9 1 14
172 32 4 4 158
172 569 6 2 17
172 664 10 1 10
173 261 7 2 18
174 493 4 1 7
174 582 6 1 4
176 137 7 1 5
176 270 7 2 31
176 273 3 1 4
176 824 5 1 4
176 864 5 2 15
177 280 3 6 3196
177 611 6 1 4
177 744 5 1 7
178 100 8 1 4
178 580 7 2 35
179 429 7 8 462169
180 19 9 8 446351
180 152 8 5 5084
180 600 7 1 5
181 97 3 1 4
181 768 2 2 4
181 964 10 1 5
182 300 4 5 1896
182 672 4 1 4
182 728 5 5 1835
184 664 8 3 43
185 5 1 2 4
186 272 6 1 7
186 582 5 4 186
188 4 6 1 7
188 199 7 7 43928
192 43 2 2 7
192 52 9 1 4
192 72 5 1 8
192 536 4 5 1784
192 898 6 1 5
192 999 10 1 3
193 8 9 1 4
193 131 2 2 10
193 375 9 3 71
193 422 5 1 4
193 718 1 3 9
193 775 4 4 254
194 321 9 3 62
194 677 8 1 4
196 81 6 1 4
196 286 7 3 65
196 377 4 6 4471
197 100 10 1 4
197 592 10 1 12
197 611 5 1 4
198 196 7 1 4
200 445 1 3 9
200 577 9 5 1256
201 98 4 3 26
201 140 9 1 4
202 11 2 2 4
203 654 8 2 20
204 6 4 2 14
204 520 8 1 5
206 80 3 4 162
206 530 4 1 4
208 14 3 3 16
208 88 10 4 447
209 55 4 1 7
209 513 3 3 49
211 4 3 1 4
212 34 8 5 2362
212 69 4 2 12
212 262 8 1 12
214 369 2 4 156
214 585 2 3 39
216 66 4 1 7
216 138 8 1 4
216 792 4 1 4
219 389 8 1 13
222 532 10 1 5
222 852 5 1 4
227 336 10 1 4
230 9 8 2 37
231 290 5 2 12
233 212 9 1 4
233 973 10 1 7
234 917 4 1 4
235 281 6 1 4
237 91 7 2 15
238 620 2 5 733
238 642 5 1 4
239 370 4 1 4
239 560 7 1 4
240 799 9 4 308
240 914 1 4 75
241 245 2 2 5
244 33 3 5 1490
244 932 5 1 4
247 626 4 1 5
248 557 5 7 57684
248 902 9 2 20
250 46 6 1 4
253 636 3 1 4
256 1 7 1 4
256 4 7 5 1039
256 5 8 1 4
256 68 3 3 17
256 69 4 1 5
256 160 2 3 41
256 212 7 1 4
256 262 10 1 4
256 312 4 2 10
256 416 10 1 7
256 512 1 5 134
256 522 3 1 4
256 616 9 1 5
256 705 8 3 112
256 764 5 6 4683
256 772 2 3 17
256 804 9 1 4
256 963 3 2 7
256 992 2 3 12
257 156 10 1 8
257 272 6 1 4
257 680 4 4 232
257 806 10 1 4
257 912 8 2 35
257 920 2 2 4
258 24 2 2 4
258 34 9 2 18
258 138 3 1 4
258 265 3 4 119
258 673 4 2 12
258 810 2 4 46
259 100 2 2 4
259 226 7 7 37537
259 268 10 3 145
259 532 7 1 7
260 256 4 3 31
261 67 6 3 37
261 672 5 1 4
262 906 8 1 4
262 1013 6 3 32
264 1 3 3 20
264 296 2 2 5
264 568 5 3 93
265 264 1 4 93
265 339 10 1 4
266 326 8 10 97596807
266 336 3 3 22
267 523 2 2 4
268 177 4 3 53
268 512 6 3 39
268 577 1 3 7
269 444 1 2 4
269 640 5 2 15
270 532 7 1 9
272 208 6 1 4
272 225 9 1 9
272 259 2 2 4
272 554 5 5 2299
272 899 7 1 4
273 47 9 6 8442
273 581 1 7 16880
273 693 1 2 4
274 334 1 5 623
275 4 9 3 66
275 16 10 1 7
275 116 7 2 28
275 512 4 1 4
276 288 8 1 4
276 394 8 1 4
276 538 5 1 7
276 628 6 1 7
276 661 2 2 4
277 8 4 2 20
277 385 7 3 65
278 258 5 3 33
279 18 8 3 87
279 901 2 5 277
280 36 1 3 21
280 82 3 3 19
280 674 6 2 12
282 136 10 1 4
286 12 9 1 12
286 624 4 1 4
287 448 9 2 22
288 47 10 1 5
288 132 5 1 7
288 224 3 2 13
288 292 6 9 10520866
288 341 6 2 17
288 545 3 6 2937
288 776 6 2 12
289 60 8 1 7
289 345 6 3 91
289 468 1 2 4
289 648 6 1 7
289 753 3 3 20
290 0 8 5 5542
290 258 1 8 109894
290 328 4 1 5
290 388 7 1 4
291 768 4 3 37
292 7 8 3 155
292 19 6 4 587
292 162 1 2 4
292 524 6 1 4
293 960 7 3 56
294 742 5 2 15
294 864 9 1 7
296 84 6 1 4
296 131 4 1 4
296 260 7 1 4
296 288 1 6 4504
296 336 4 5 1406
296 516 4 4 204
297 167 5 1 4
297 389 7 1 7
297 742 6 1 4
300 29 4 1 4
300 140 2 3 37
301 274 1 6 1611
301 777 7 3 143
303 292 3 1 4
304 63 6 3 41
304 258 5 3 75
304 292 1 2 4
305 11 4 5 767
305 34 7 2 13
305 576 8 1 9
306 36 1 4 101
308 583 3 2 15
308 640 1 4 26
308 832 3 1 4
308 848 9 4 800
309 77 8 1 13
310 44 2 8 108494
310 936 9 4 346
312 514 2 2 6
314 109 6 1 4
315 739 3 2 15
318 532 9 1 5
318 914 8 1 7
320 29 8 5 4717
320 315 7 2 27
320 407 1 2 4
320 428 1 2 4
320 468 2 4 93
320 641 7 6 16477
321 262 8 1 4
321 337 6 5 715
321 768 5 9 1908692
321 834 4 1 4
322 0 5 1 5
322 272 8 1 4
322 416 7 4 403
322 899 1 2 4
323 360 9 1 4
323 515 8 4 325
324 106 9 1 4
324 167 8 4 334
324 179 4 1 5
324 200 3 4 179
324 530 3 1 5
325 74 9 1 4
325 614 7 3 99
326 11 9 3 89
326 280 9 2 43
326 443 4 6 15202
328 45 3 2 10
328 853 4 1 4
329 836 1 3 7
331 512 1 6 783
332 643 3 6 2960
334 265 3 1 4
335 391 4 2 16
336 18 6 1 7
336 632 8 1 4
337 768 3 1 4
338 160 3 3 29
338 169 3 2 7
339 42 6 2 11
340 0 9 1 4
340 106 10 1 10
340 704 1 4 51
340 763 9 5 2418
341 576 9 5 2765
342 15 5 3 30
342 272 6 1 10
342 536 7 1 4
343 475 6 1 4
345 32 1 6 1036
345 728 6 1 9
345 992 5 1 4
346 11 3 1 5
346 89 9 3 112
347 11 1 5 154
348 128 6 1 4
352 794 1 4 29
353 389 1 3 8
353 684 2 3 15
355 134 3 5 958
356 800 1 6 1030
357 433 10 1 9
357 641 6 1 8
358 3 3 6 3438
358 197 6 1 4
360 514 8 1 10
360 732 8 4 423
360 784 7 1 8
361 316 10 2 22
363 162 10 1 13
363 424 3 3 28
364 740 8 1 4
366 657 3 1 4
368 49 7 1 4
368 738 10 2 18
371 112 4 1 7
371 705 6 1 4
375 77 3 3 22
379 333 6 1 4
380 339 8 1 5
384 5 7 1 7
384 6 8 2 24
384 156 5 2 20
384 423 10 1 7
384 531 10 1 7
384 571 3 2 12
384 692 8 1 4
384 962 2 2 4
385 2 6 9 5245491
385 213 5 2 9
385 214 10 10 17801478376
386 73 10 1 4
386 158 6 1 4
386 206 8 1 7
386 681 9 1 4
386 846 8 1 4
386 849 10 1 4
387 545 2 2 4
387 1016 10 1 12
389 596 8 1 4
391 461 8 5 1069
391 800 2 6 1727
392 38 1 3 6
392 336 3 3 37
392 553 8 5 1065
392 674 5 2 9
395 4 3 2 7
395 558 7 1 12
396 454 6 4 409
396 536 1 3 21
396 546 2 6 3221
396 915 9 1 12
396 960 2 7 43132
397 132 6 1 4
397 305 2 7 65107
397 518 7 2 19
398 943 6 1 9
400 21 2 2 4
400 144 1 5 308
401 16 10 1 4
401 277 3 2 7
401 284 6 1 4
401 673 2 10 16590744
401 932 1 6 1856
402 68 6 1 7
402 769 2 7 40841
403 20 4 1 4
403 98 4 8 284716
406 677 5 7 101055
407 591 7 4 198
408 66 3 2 12
408 405 7 2 23
408 576 9 2 29
409 105 5 2 16
409 417 3 2 12
409 888 4 1 4
410 520 9 1 5
413 640 5 1 5
414 932 7 1 5
416 52 4 1 4
416 292 2 2 4
416 531 3 2 12
416 832 6 3 37
418 16 9 4 536
419 844 2 2 4
420 32 1 2 4
420 114 4 1 4
420 288 7 1 10
420 545 4 5 2491
421 400 4 1 5
422 736 2 4 63
423 384 3 3 31
424 481 3 5 850
425 746 4 3 26
425 776 3 2 9
426 644 8 1 4
427 580 2 2 7
428 32 8 2 28
428 194 4 3 59
428 620 9 4 230
433 197 9 1 4
433 398 10 4 947
436 641 4 2 14
442 691 3 1 4
444 769 1 3 7
448 513 5 6 16740
452 488 10 7 142558
452 513 8 1 4
453 661 3 1 4
454 9 6 7 33462
454 437 9 1 4
456 376 7 1 4
456 774 5 1 7
457 906 6 6 19684
460 566 4 2 12
461 901 5 2 12
464 265 4 7 21185
465 531 10 3 64
465 761 7 1 4
465 902 4 3 22
466 58 8 1 4
467 211 2 4 74
469 425 3 2 7
472 226 2 3 18
472 256 1 5 132
472 801 5 1 4
473 6 5 2 13
473 800 7 1 10
480 665 8 1 5
481 416 10 1 10
482 208 2 2 4
485 134 5 2 22
488 3 6 1 6
488 565 3 8 878024
489 64 2 2 7
491 112 2 4 84
496 978 10 4 253
501 519 10 1 4
504 267 6 7 79273
505 332 9 5 1934
512 5 1 3 13
512 96 3 3 26
512 153 2 2 10
512 173 10 1 4
512 266 8 1 7
512 420 3 1 4
512 438 8 1 14
512 453 7 1 10
512 482 7 1 7
512 522 6 3 67
512 685 3 3 17
513 42 3 5 819
513 65 6 3 63
513 100 4 4 171
513 315 6 5 811
513 340 9 1 4
513 548 10 2 23
513 644 8 4 206
514 36 1 2 4
514 160 1 2 4
514 401 4 2 16
514 452 5 4 213
514 522 3 1 4
514 780 7 2 18
515 157 1 2 4
515 273 4 1 4
516 33 6 1 7
516 72 4 1 7
516 357 7 1 4
516 582 2 4 167
516 605 9 1 9
516 785 7 6 25098
517 8 8 1 4
517 34 4 1 4
517 177 9 1 7
517 281 5 2 9
517 676 1 2 4
518 66 5 1 4
519 944 7 1 10
519 967 3 2 12
520 9 6 1 4
520 94 2 2 4
520 164 8 8 381198
520 296 1 2 4
520 328 8 2 34
520 436 1 5 118
520 785 4 2 10
520 812 6 1 4
521 81 8 6 24595
521 131 5 1 4
521 229 3 1 4
521 450 4 2 10
521 546 1 6 815
521 554 3 1 4
521 560 4 6 4954
522 234 10 1 4
524 173 5 2 16
525 134 3 4 319
526 776 1 2 4
527 713 6 3 124
528 10 5 2 10
528 97 6 1 4
528 171 6 1 4
528 344 6 1 4
528 406 3 4 282
528 512 10 1 9
528 580 4 9 10587960
528 611 4 1 3
528 801 3 3 51
529 16 1 2 4
529 517 5 3 36
529 520 4 1 4
530 20 2 5 459
530 86 2 3 39
530 325 9 3 128
532 134 5 1 4
532 292 7 3 65
532 550 9 5 1059
532 853 7 3 67
533 37 8 1 7
533 787 8 3 50
534 6 2 6 3247
534 786 5 1 4
535 10 7 4 242
536 10 3 2 14
536 244 8 3 62
536 412 3 5 1477
536 687 5 1 4
536 902 9 7 92532
537 99 5 3 75
537 138 1 2 4
538 74 4 1 5
538 820 2 2 5
540 256 4 2 13
540 481 2 2 10
541 344 4 5 771
544 6 10 3 147
544 24 10 4 616
544 160 3 1 4
544 401 4 1 4
544 416 5 1 4
544 536 9 1 12
544 542 9 1 13
545 226 7 4 204
546 2 2 2 7
546 263 9 1 7
546 650 9 2 20
546 758 1 3 13
546 900 7 4 378
547 427 6 1 4
548 141 8 1 4
548 577 7 1 10
548 586 1 2 4
549 97 5 4 382
549 288 9 6 22935
549 530 7 1 4
549 647 4 1 4
551 4 3 3 19
551 40 6 3 128
552 136 8 1 4
552 640 9 1 4
552 656 8 1 7
552 932 4 1 4
553 102 4 6 7916
554 4 4 1 4
554 137 9 1 5
554 296 1 2 4
555 52 5 1 4
557 6 7 4 412
557 400 9 4 454
557 512 4 2 12
557 770 8 1 4
557 938 7 1 4
560 96 4 5 599
560 104 2 2 4
560 168 2 2 4
560 354 3 3 64
561 10 3 3 52
562 162 6 5 892
563 20 7 1 10
563 410 3 2 7
564 28 4 4 150
564 659 3 4 128
565 105 3 3 23
566 4 4 1 7
566 44 5 1 7
566 132 5 1 5
567 793 6 3 53
572 36 10 4 392
572 64 6 1 4
572 257 9 1 3
572 370 6 3 67
573 886 6 2 22
574 18 2 2 4
574 533 3 1 4
574 696 3 1 4
576 4 2 7 41931
576 19 3 1 4
576 133 6 4 574
576 193 3 1 4
576 525 8 10 241710952
576 547 9 2 36
577 72 2 3 15
577 236 7 3 148
577 292 8 1 4
577 401 6 1 4
577 661 9 1 4
577 997 7 2 34
578 26 7 1 7
578 120 3 4 78
578 136 10 4 289
578 572 9 1 7
578 575 7 7 67660
579 621 4 1 7
580 64 10 4 282
580 507 2 3 17
580 528 9 5 1042
581 645 2 6 2324
582 633 9 1 4
583 129 7 5 926
584 432 9 5 1102
585 64 10 5 5855
585 208 8 1 4
585 354 1 5 453
586 658 9 1 4
588 784 1 7 5605
590 520 2 3 30
590 788 9 2 20
592 2 10 1 4
592 4 7 1 4
592 148 2 2 4
592 856 5 2 14
593 429 6 5 1912
595 557 6 1 4
596 11 6 1 9
596 33 3 2 9
596 91 1 2 4
596 385 6 2 30
599 92 3 1 4
600 115 9 1 10
600 575 2 3 21
604 913 5 1 4
604 1006 7 4 639
606 281 6 1 4
607 288 3 1 4
607 393 6 2 18
608 576 4 2 9
608 648 2 2 7
609 210 9 3 88
609 225 4 1 7
609 768 6 1 7
612 170 6 3 55
614 265 2 7 66690
614 936 7 1 4
616 81 2 5 473
616 450 10 2 27
617 374 3 4 73
618 70 3 1 4
618 1004 2 2 7
619 76 8 1 4
619 140 7 1 7
623 1000 10 1 4
624 579 5 2 20
625 5 7 1 7
626 8 7 1 7
626 104 6 1 4
626 114 10 1 4
627 418 9 1 4
627 977 6 1 4
629 446 4 1 4
631 24 9 5 1852
632 18 8 2 25
633 812 4 2 17
637 73 4 2 20
640 4 9 1 4
640 16 2 4 51
640 181 5 6 12315
640 246 1 4 35
640 369 8 7 41726
640 421 10 5 3608
640 525 3 2 12
640 584 3 1 4
640 659 5 1 4
640 938 8 1 4
640 952 9 6 15461
644 387 3 3 45
644 660 9 1 3
644 756 2 2 8
645 4 3 6 8209
646 289 10 2 21
646 388 8 1 4
648 210 10 1 10
648 301 8 1 10
648 369 8 6 31582
648 769 5 1 5
649 48 3 2 7
650 108 10 1 7
650 216 3 1 4
652 594 4 1 4
654 129 8 1 4
655 384 4 1 5
655 761 6 1 4
656 3 4 4 384
656 259 10 1 8
656 278 3 1 4
656 370 6 7 41387
656 833 6 1 4
657 79 7 6 20360
658 10 2 4 85
658 26 2 2 7
658 226 6 6 26421
658 640 4 3 40
660 36 4 6 8070
660 69 5 4 196
660 85 2 2 4
660 648 6 1 4
661 244 2 3 15
662 374 5 1 4
664 16 4 1 4
664 781 4 1 4
665 260 3 1 4
666 66 10 2 18
667 587 1 4 88
668 163 6 1 5
668 749 8 5 3160
672 1 4 1 4
672 129 5 1 4
672 514 10 1 11
672 608 8 1 12
674 259 1 3 15
674 401 7 5 1727
675 257 2 6 7618
675 470 9 6 19628
677 121 10 2 21
677 641 9 1 7
679 556 9 1 4
680 39 1 2 4
680 105 8 1 4
680 450 3 2 7
680 540 1 5 263
681 33 9 1 8
682 14 5 1 4
683 278 1 3 19
686 426 8 1 7
688 385 9 1 4
689 80 3 3 25
690 110 4 1 4
691 12 8 1 4
692 260 8 6 6990
693 397 8 1 4
694 6 3 1 4
694 931 1 4 23
697 710 2 4 57
701 941 8 3 50
704 135 8 1 4
704 370 4 3 23
704 514 8 3 52
704 673 9 1 5
705 854 3 9 1734207
706 161 10 1 4
709 325 1 3 7
709 354 9 4 360
709 843 3 1 4
710 2 8 2 18
711 19 9 3 121
712 141 4 6 5805
712 862 6 1 4
716 339 1 5 419
716 649 7 4 240
716 842 9 1 4
719 512 1 5 466
721 323 1 7 27141
721 584 2 6 2962
722 82 7 5 3283
722 100 10 1 7
722 146 9 1 4
722 258 10 1 10
722 393 1 3 7
723 142 9 3 80
725 44 2 2 4
728 712 6 4 384
729 578 5 1 4
730 332 6 1 7
737 25 5 4 243
737 64 8 7 42424
737 610 8 1 9
740 235 6 1 9
740 778 1 5 258
740 801 1 2 4
741 45 6 2 12
741 260 3 3 26
742 97 7 2 20
744 124 1 3 12
744 280 3 6 3132
744 762 1 2 4
746 536 5 3 31
751 506 3 3 28
752 786 2 2 4
754 32 5 7 91455
759 130 5 3 93
760 220 7 1 4
760 300 9 1 5
761 435 6 7 34687
765 513 5 1 4
768 226 7 5 3579
768 326 10 1 9
768 666 4 6 17440
768 926 8 1 4
769 34 7 1 4
769 640 5 3 69
770 67 6 1 4
770 256 2 2 4
771 793 5 1 4
771 800 2 9 1554101
772 0 1 3 12
772 130 9 1 4
774 8 6 9 2423739
774 936 8 1 7
775 921 6 1 5
776 101 6 1 4
777 6 2 2 9
777 200 10 1 4
777 318 9 2 21
777 539 3 1 4
777 554 7 1 4
777 641 5 3 52
778 330 3 2 15
780 14 10 1 9
780 193 9 1 4
780 552 5 7 79620
780 707 2 3 26
780 901 8 1 4
781 222 4 6 14014
781 496 6 2 31
782 226 6 2 13
784 514 4 3 31
784 549 3 2 7
784 569 1 3 7
784 634 6 1 7
785 45 7 6 6394
786 142 5 2 23
786 576 9 1 4
787 199 2 3 15
788 25 2 2 7
792 274 8 1 4
792 540 5 5 663
792 594 4 5 2604
793 52 2 2 9
793 498 5 2 20
793 628 9 1 4
798 776 1 3 7
800 9 1 7 32349
800 45 10 1 7
800 73 4 3 43
800 97 8 1 4
800 133 2 2 4
801 34 8 1 4
801 312 3 3 24
801 592 8 5 1145
801 642 4 1 4
802 660 5 1 4
803 512 2 2 4
804 104 7 1 10
804 337 5 1 4
804 433 7 2 14
804 779 9 1 7
805 781 7 3 91
806 134 6 2 24
806 232 3 4 79
806 480 8 2 34
808 526 5 2 10
808 777 6 1 4
810 17 1 3 7
814 161 6 8 792646
814 264 4 5 538
814 523 8 1 12
816 18 10 3 124
817 784 9 1 4
818 253 8 6 9305
819 69 9 1 4
819 538 10 1 4
821 236 4 1 4
824 392 9 1 5
824 609 2 3 12
832 30 5 1 4
833 147 10 1 4
834 104 6 1 4
834 148 3 1 4
834 912 1 4 58
835 264 9 1 4
835 392 7 6 13728
835 583 2 6 1836
836 86 8 1 4
836 388 3 1 4
836 485 3 2 10
838 785 10 6 6967
839 21 8 1 4
840 106 8 1 7
840 545 6 4 501
840 800 4 1 7
841 32 10 1 4
841 370 5 1 4
842 200 9 4 538
848 188 1 2 4
849 792 10 1 4
849 1018 9 1 4
850 308 7 2 15
850 776 10 6 9934
852 824 3 8 211512
856 256 10 1 4
856 866 9 3 49
857 42 1 2 4
862 130 10 1 4
863 516 8 6 8692
867 998 9 1 4
868 332 8 1 4
870 6 3 5 557
872 32 5 1 4
872 50 3 6 5947
873 9 3 1 4
874 360 4 2 12
882 42 10 1 4
882 778 6 1 4
895 603 1 3 18
896 330 3 4 110
897 39 1 4 31
897 523 9 4 267
898 699 2 2 7
899 537 9 1 7
900 4 2 2 7
900 162 8 7 73122
902 420 8 1 5
903 339 5 4 382
904 112 10 1 4
905 12 9 2 28
905 248 3 2 10
906 328 1 4 79
907 276 7 1 4
908 456 8 2 29
910 614 4 1 4
911 896 1 2 4
912 388 8 3 126
914 216 1 3 12
914 669 3 3 58
914 968 8 4 187
917 912 7 1 4
918 0 8 1 7
920 200 5 1 4
922 8 2 2 4
924 196 2 3 28
928 384 4 4 227
928 516 8 1 4
929 10 7 2 16
929 257 9 2 31
929 316 1 3 13
930 547 1 7 6348
931 657 5 5 747
932 274 4 3 22
932 783 7 1 4
933 657 8 1 4
934 94 4 2 15
938 316 4 6 10517
938 552 4 1 4
940 512 7 4 187
944 165 7 4 789
945 456 1 2 4
946 205 9 1 7
947 568 9 1 4
951 818 4 8 525899
952 37 8 2 16
954 22 2 2 5
956 846 3 1 4
958 844 10 2 24
960 358 10 1 4
961 333 9 1 4
966 29 7 3 99
966 192 1 2 4
968 360 4 1 7
969 769 4 3 31
975 205 1 3 9
976 321 5 2 10
976 779 6 1 4
977 22 2 3 15
977 34 7 1 4
977 549 8 3 66
984 324 8 1 4
985 268 4 3 55
990 35 1 2 4
996 836 9 1 5
998 127 1 2 4
998 179 1 3 13
1000 260 5 3 61
1002 912 7 3 144
1011 36 8 1 4
1013 316 8 1 7
1020 371 2 5 284
1020 385 7 3 54
