1783 0.012864229518042423 
66 0.01166933776481473 
1295 0.011596394254002194 
407 0.012103527453894139 
217 0.011896852733803392 
917 0.01176833042289433 
1900 0.011657177334413616 
936 0.010943371377829822 
1555 0.011844750506109052 
358 0.012282413918632953 
1868 0.011436613217937491 
241 0.011942008800427444 
1688 0.011638076833507234 
416 0.012516877331587118 
1450 0.01148176835021042 
1699 0.011698860897492395 
1679 0.01245782703433749 
36 0.011516500417126641 
1499 0.012291097982692721 
634 0.01198716427729657 
81 0.011327193308877999 
465 0.011471347679146895 
1552 0.010444921808070088 
1654 0.011858644374956682 
1852 0.011547765117963895 
1953 0.011507819550939128 
1000 0.011905536676559383 
1618 0.011417508106408299 
367 0.011926377442007901 
1862 0.011969797451107862 
264 0.012127843429198511 
1196 0.011697126153500388 
413 0.012204260246343045 
1981 0.010222623359463544 
1677 0.011297672577605139 
577 0.011917695016777589 
75 0.012249415930161498 
1526 0.01177354340073473 
4 0.011971533749934914 
1616 0.01191595631303119 
