0 4 5 2 10
0 17 2 4 93
0 18 5 2 12
0 29 4 2 12
0 47 2 3 15
0 112 4 1 7
0 256 5 1 5
0 259 2 2 5
0 321 2 2 4
0 352 5 5 838
0 415 10 1 7
0 552 6 3 46
0 674 10 3 54
0 679 2 2 4
0 704 7 1 4
0 843 8 1 4
0 936 5 1 4
1 15 10 1 4
1 70 10 3 132
1 82 4 1 4
1 135 4 1 7
1 228 2 2 5
1 292 7 2 35
1 481 10 2 47
1 535 2 10 396264413
1 565 4 2 10
1 644 7 5 2037
1 920 3 1 4
2 8 6 2 15
2 132 3 2 10
2 260 4 7 49208
2 267 5 1 4
2 826 7 1 4
3 24 9 2 28
3 277 9 1 7
3 592 9 2 22
3 652 3 3 36
4 15 4 4 157
4 50 2 2 4
4 284 8 2 31
4 368 8 3 49
4 517 9 1 4
4 576 9 2 45
4 683 2 2 4
4 803 7 5 3475
5 216 7 3 55
6 212 8 4 215
6 259 9 1 4
6 267 1 4 29
6 268 9 1 3
6 466 5 5 985
6 1002 8 5 4550
7 81 2 2 4
7 715 6 5 879
8 1 10 1 4
8 19 8 1 12
8 32 2 5 610
8 58 7 1 4
8 202 8 1 10
8 272 7 1 4
8 273 2 2 7
8 386 9 1 7
8 552 5 4 145
8 642 6 4 182
8 735 4 2 14
9 39 7 2 21
9 43 3 2 7
9 416 2 9 2785202
9 572 6 1 4
10 13 4 5 482
10 75 5 1 4
10 84 9 8 527610
10 160 7 1 4
10 208 7 2 32
10 523 3 2 9
10 584 5 1 7
10 599 6 3 43
10 680 6 2 24
11 752 10 1 8
12 0 3 1 4
12 24 7 7 51938
12 55 3 5 1263
12 65 10 1 3
12 269 1 2 4
13 192 7 1 7
13 224 2 2 8
13 780 5 1 4
14 127 4 4 99
14 152 6 1 4
14 210 10 3 181
14 616 1 7 13797
15 352 6 1 4
15 659 8 1 4
15 854 6 3 50
16 24 8 1 14
16 64 3 3 45
16 132 8 7 136964
16 148 8 1 4
16 643 7 2 29
16 806 3 3 23
17 129 4 1 4
18 203 9 2 20
18 290 6 1 4
18 641 2 2 4
18 645 2 2 4
19 24 10 1 12
19 657 9 1 7
19 709 1 3 9
20 28 4 2 21
20 36 2 2 4
20 69 6 1 8
20 176 8 1 4
20 786 8 1 8
21 116 6 1 4
21 258 5 1 6
21 308 5 1 4
22 24 7 2 14
22 97 10 2 29
22 107 6 1 4
22 281 4 1 4
22 565 1 4 28
23 328 6 1 10
23 770 8 1 4
24 9 1 3 15
24 781 5 3 83
24 786 3 2 12
24 848 1 4 29
25 592 5 7 62467
27 547 4 5 821
28 42 10 1 10
28 72 3 2 15
28 146 7 1 4
28 624 8 2 35
28 647 1 8 162287
29 5 4 2 10
29 327 7 1 7
29 809 3 2 7
30 52 3 2 7
30 588 6 1 10
32 16 2 3 11
32 33 3 1 4
32 185 2 2 4
32 204 6 2 19
32 211 4 1 7
32 219 2 3 14
32 388 6 7 121639
32 414 8 1 4
32 514 10 1 9
32 612 1 5 428
32 641 5 1 4
32 803 5 3 33
33 3 2 2 4
33 26 1 2 4
33 31 9 6 28343
33 64 8 1 4
33 320 4 1 4
33 945 2 2 4
34 292 7 1 4
34 324 3 1 4
34 800 7 1 4
35 65 6 1 4
35 266 2 2 4
35 551 9 1 4
36 12 8 1 5
36 34 7 1 4
36 257 1 8 119197
36 266 8 4 231
36 288 2 3 18
36 555 4 3 29
36 705 3 1 4
36 858 10 1 12
37 13 1 2 4
37 364 10 4 271
37 640 2 2 4
37 673 6 1 4
38 1 1 7 14539
38 180 1 2 4
38 204 6 2 17
38 544 1 2 4
39 3 10 1 4
39 520 9 3 150
40 20 2 2 8
40 65 10 1 4
40 528 3 2 9
40 605 6 1 5
40 756 9 8 899629
40 980 5 1 4
41 513 8 1 5
41 987 8 3 59
42 140 8 2 27
42 411 10 1 9
42 839 8 5 1869
44 430 1 2 4
45 23 3 1 4
45 50 3 1 4
45 615 5 2 20
45 844 9 3 77
46 57 4 1 4
47 80 10 3 56
48 67 4 1 4
48 176 7 3 59
48 193 5 3 58
48 198 10 5 2073
48 226 3 1 4
48 789 1 4 99
49 4 3 1 5
49 313 3 2 12
49 516 4 1 7
50 113 5 1 4
50 528 7 7 238244
51 516 3 1 4
52 46 5 2 13
52 188 9 6 10908
52 256 7 1 4
52 285 8 2 35
52 899 9 5 1474
53 146 9 1 4
53 245 6 2 12
54 112 9 1 9
55 278 2 2 4
56 89 4 1 7
56 267 1 2 5
56 472 2 3 11
56 560 1 2 4
57 5 2 2 7
57 128 2 8 112160
57 448 6 1 4
58 113 7 1 4
59 453 1 3 7
60 5 7 1 4
60 33 5 1 8
60 112 7 3 54
60 948 2 2 4
62 612 7 1 4
64 26 7 1 4
64 192 7 4 456
64 203 3 5 1075
64 272 4 3 63
64 465 9 1 3
64 514 7 7 37244
64 686 5 7 191895
64 780 10 5 2014
65 25 1 2 4
65 61 10 2 25
65 104 3 1 4
65 265 10 3 159
65 274 9 3 174
65 421 3 2 15
65 515 8 1 8
65 571 8 1 4
66 140 6 6 7613
66 545 4 5 492
67 2 7 1 4
67 16 5 3 50
67 20 10 2 18
67 37 9 1 4
67 73 1 6 870
68 192 5 1 4
68 226 4 1 4
68 284 3 3 16
68 322 4 2 15
69 138 10 1 7
69 276 7 1 4
69 572 10 2 30
70 109 4 6 6872
70 212 5 1 4
70 431 10 1 4
70 646 5 5 2791
70 648 3 6 10229
70 672 2 2 4
71 264 2 2 7
72 8 4 4 380
72 37 7 3 56
72 280 3 1 4
72 437 9 7 122671
72 961 8 4 206
73 39 4 4 103
73 870 5 1 4
74 512 8 1 7
74 768 1 3 7
76 76 8 7 173596
76 133 5 1 3
76 262 10 4 256
76 855 5 3 53
77 256 3 4 242
77 267 3 4 116
78 288 8 6 9833
78 517 5 1 4
79 165 3 2 7
79 386 6 2 18
80 0 3 3 36
80 51 2 3 23
80 82 5 1 4
80 132 2 6 3676
80 528 9 2 25
81 807 9 2 40
82 283 5 1 7
83 784 6 1 4
84 64 3 1 4
84 216 4 2 16
85 31 7 3 110
85 65 8 1 7
87 353 5 1 4
87 462 9 1 15
87 515 4 1 4
88 330 10 1 4
88 782 6 4 143
89 4 4 1 4
90 274 3 4 83
91 652 6 5 795
91 951 9 1 4
92 38 1 3 12
93 49 3 5 659
93 134 2 2 9
93 669 7 3 101
94 869 7 4 281
94 954 2 4 58
95 20 6 1 4
95 34 4 2 10
96 80 2 4 97
96 276 4 1 4
96 304 1 3 14
96 820 4 4 187
97 48 7 1 4
97 144 5 6 15018
97 195 10 1 15
97 286 7 1 4
97 525 3 2 7
98 352 7 1 9
98 401 2 3 25
98 928 8 2 16
99 117 9 2 31
99 249 3 4 323
100 294 10 1 4
101 70 4 6 6380
101 124 8 3 64
101 169 1 5 400
101 392 9 1 4
101 599 9 1 4
102 78 3 1 4
104 28 3 1 4
104 48 6 7 229240
104 64 1 3 7
104 673 1 2 4
105 296 9 1 10
105 779 8 1 12
106 516 2 4 112
106 652 1 3 17
107 3 7 3 93
107 129 1 3 9
108 514 2 3 20
109 707 2 3 15
112 1 10 1 4
112 84 7 2 22
112 107 8 4 325
112 165 10 2 49
112 776 5 7 55857
114 416 2 2 5
114 497 9 2 43
114 872 9 6 30518
116 33 8 1 4
118 565 3 4 284
119 836 7 1 4
122 294 10 5 4486
123 600 2 3 12
124 304 1 3 13
124 348 9 4 815
125 268 9 1 7
128 1 5 1 4
128 10 3 7 52328
128 58 2 2 4
128 200 9 1 7
128 320 2 7 40440
128 362 7 1 7
128 375 10 1 4
128 433 3 1 4
128 628 7 3 107
129 10 6 3 50
129 37 10 2 26
129 39 2 6 5589
129 88 3 2 7
129 163 2 2 7
129 707 1 2 4
130 528 1 2 4
130 532 5 2 15
130 540 5 1 5
130 980 8 4 306
131 581 9 1 8
132 6 6 7 87776
132 17 5 7 44098
132 94 2 3 40
132 137 7 1 7
132 372 7 3 90
132 916 4 1 5
133 23 9 1 4
133 138 2 2 7
133 614 3 2 10
134 67 1 2 4
134 84 9 3 84
134 224 9 1 13
134 377 2 3 12
134 516 10 1 4
134 768 2 2 4
135 258 9 2 34
135 544 6 1 7
136 21 1 6 1483
136 482 2 3 36
136 610 9 1 4
136 684 10 1 4
136 831 6 1 4
137 259 10 1 12
137 325 10 1 7
137 778 3 1 4
138 415 10 3 77
139 426 8 1 5
140 135 2 2 4
140 724 5 1 4
141 2 1 5 163
141 521 6 1 4
141 954 6 1 4
142 641 1 3 20
143 116 9 3 63
143 642 2 2 4
144 18 6 2 12
144 68 8 2 28
144 248 8 1 4
144 257 5 1 4
144 520 6 1 5
145 1 6 6 6479
145 2 1 2 4
145 392 6 2 14
145 513 3 2 7
146 146 6 4 638
146 396 5 3 29
147 513 7 4 293
147 522 4 1 4
148 1 4 2 10
148 24 6 5 1436
148 139 10 1 4
148 515 6 4 478
149 20 1 3 7
149 633 5 1 5
149 649 3 4 140
150 160 9 1 4
151 102 10 1 16
151 132 8 4 719
151 250 2 2 5
153 151 2 2 7
153 171 10 2 29
153 833 7 1 11
156 133 7 3 62
156 521 1 4 30
156 814 4 1 4
157 404 9 1 7
159 526 1 3 13
160 34 5 9 1935295
160 144 8 3 95
160 801 5 5 2552
161 21 5 2 9
161 40 9 8 1736885
161 326 2 2 4
161 524 3 3 23
161 576 3 4 112
162 160 8 4 283
162 290 2 2 4
163 601 4 2 8
164 87 9 1 4
164 481 7 1 9
165 141 4 2 9
165 397 5 8 230204
166 686 10 3 138
167 104 5 2 14
167 384 1 3 7
167 712 1 5 240
168 8 7 1 10
168 67 4 6 2910
168 68 4 1 4
168 98 5 2 26
169 351 5 7 28166
169 514 1 2 4
171 144 7 1 7
172 8 9 2 28
172 32 5 2 10
172 569 5 1 7
172 664 6 1 10
173 261 4 1 7
175 863 5 1 4
176 32 1 3 7
176 137 5 1 5
176 916 5 2 9
177 280 5 1 4
177 744 10 3 69
178 144 7 2 20
178 580 8 5 1565
178 797 3 1 4
179 429 7 8 465601
180 19 8 1 9
180 152 4 9 2399699
180 600 5 2 15
181 964 5 4 241
182 300 9 1 9
182 672 10 2 33
184 664 8 1 4
186 272 5 1 4
186 582 2 3 25
187 800 8 1 8
192 52 6 1 10
192 177 6 4 546
192 536 4 2 10
192 713 8 1 9
192 904 8 3 45
192 999 2 10 524240644
193 120 8 1 5
193 422 9 1 4
193 718 6 3 39
193 775 4 1 7
194 321 10 1 4
194 677 6 3 35
197 592 6 1 4
197 611 5 1 4
197 769 6 1 4
198 196 9 1 9
200 445 2 8 170205
200 924 8 1 9
201 39 1 4 59
201 98 9 1 4
202 11 4 3 50
203 654 9 1 7
206 80 1 5 537
208 12 5 1 4
208 88 6 3 37
208 534 3 8 375489
209 513 8 1 4
209 564 9 5 2068
211 4 4 2 9
212 34 3 3 65
212 112 2 2 4
212 285 6 1 4
212 673 3 1 5
214 369 9 3 59
216 792 8 1 4
217 923 4 1 4
218 86 10 2 31
220 176 7 1 4
225 316 9 4 863
225 948 1 3 13
226 35 8 1 4
226 157 4 3 74
228 294 4 1 4
231 261 4 7 40944
231 290 9 2 36
232 65 10 1 5
232 130 4 5 2571
232 480 9 1 4
233 212 9 1 12
233 912 3 1 4
233 973 10 4 871
235 645 10 4 879
239 370 8 1 9
239 560 1 4 70
244 33 7 3 117
244 932 6 1 4
246 64 5 1 8
247 626 4 1 4
248 0 1 5 251
256 1 2 7 14009
256 4 4 1 4
256 69 6 4 340
256 212 6 1 8
256 243 3 2 10
256 262 10 1 4
256 312 2 2 4
256 344 7 1 6
256 416 6 1 5
256 512 7 4 416
256 522 3 3 31
256 616 4 2 15
256 764 6 1 4
256 904 8 1 4
256 963 8 2 42
257 0 7 1 5
257 272 10 1 4
257 680 1 5 362
257 806 3 2 7
257 912 2 2 4
257 920 6 3 83
258 24 10 1 4
258 34 6 1 8
258 138 3 2 7
258 265 8 1 4
258 810 5 3 36
259 100 10 3 82
259 165 10 1 4
259 226 3 2 10
259 268 6 1 4
259 532 8 1 4
260 295 1 4 50
260 522 6 6 11364
260 545 2 2 4
260 678 7 1 7
260 978 1 2 4
261 8 3 3 30
261 67 7 1 4
261 72 9 3 142
261 356 4 4 145
261 995 10 6 8831
262 32 10 4 689
262 134 10 1 9
262 193 2 4 69
262 906 3 3 43
262 1013 2 2 4
264 4 3 1 4
264 296 7 2 25
264 568 9 1 4
265 264 10 3 93
265 339 10 1 16
266 11 5 2 16
266 272 6 1 4
266 504 8 2 21
268 12 4 4 96
268 34 10 3 61
268 192 4 6 18017
268 577 1 2 4
269 640 8 3 49
272 41 5 1 8
272 162 10 1 4
272 234 1 2 4
272 259 9 1 7
272 378 3 1 4
272 554 9 1 4
272 640 4 3 78
273 581 1 6 1150
273 693 2 2 4
273 903 7 1 12
274 98 9 5 4156
274 334 9 5 3675
275 4 10 6 14768
275 116 9 1 7
275 133 4 1 7
275 401 7 2 15
276 628 5 2 10
276 661 2 7 17113
277 8 9 4 628
277 128 6 2 18
278 258 10 1 12
279 901 7 1 4
280 36 10 1 10
280 82 9 1 4
281 101 2 6 9209
282 136 4 4 126
282 576 10 1 4
282 717 6 2 15
283 35 8 1 4
285 104 2 6 2007
286 832 5 2 14
287 802 2 2 4
288 50 4 4 91
288 132 10 6 9368
288 224 7 5 2264
288 776 4 1 4
289 36 7 8 2142867
289 60 10 1 4
289 156 3 3 23
289 468 2 2 5
289 472 9 3 183
290 0 2 3 23
290 328 1 5 145
291 610 10 1 4
291 768 3 3 65
291 967 6 1 9
292 7 6 3 111
292 134 9 2 23
292 162 10 1 4
292 593 2 2 7
293 960 4 1 5
294 27 4 2 9
294 742 10 3 133
294 864 9 3 155
296 57 2 8 179305
296 84 2 2 7
296 131 10 1 12
296 260 3 1 4
296 336 7 1 4
296 409 2 3 16
296 516 10 1 8
297 389 1 5 319
298 75 4 3 42
299 291 7 1 4
301 274 3 3 41
301 777 6 1 4
303 292 5 6 3649
304 6 2 2 4
304 8 6 1 4
304 63 1 2 5
304 106 1 2 4
304 212 8 1 10
304 292 8 1 4
305 34 10 2 28
305 163 8 1 13
306 550 5 1 5
307 514 10 6 9302
308 583 2 3 23
308 832 1 2 4
309 77 9 4 496
310 44 8 3 78
312 514 5 2 9
314 156 5 1 4
314 376 9 4 371
316 452 7 4 406
320 315 1 3 7
320 407 2 2 4
320 468 9 1 4
320 641 3 4 162
321 262 7 1 4
321 337 2 3 25
321 834 3 4 240
321 1008 1 3 12
322 0 5 2 10
322 80 10 8 2354634
322 196 8 4 839
322 416 2 3 32
322 902 7 1 4
323 515 5 1 7
324 106 5 1 4
324 167 2 3 12
324 179 6 2 12
324 200 7 1 4
324 513 2 2 5
324 530 6 1 4
325 614 7 3 62
326 32 3 3 50
329 35 7 6 5463
329 258 1 2 4
331 512 4 1 4
334 265 3 7 44960
335 83 2 2 4
335 391 8 1 7
336 100 5 3 110
336 576 3 1 5
336 632 2 2 7
337 352 1 10 4509184
337 768 5 3 72
338 33 1 2 4
338 160 6 2 14
339 42 4 3 72
340 0 9 2 44
340 106 5 2 19
340 704 3 3 66
340 763 1 5 123
341 576 9 3 76
342 15 8 1 7
342 168 4 2 10
345 32 10 4 894
345 728 1 4 100
346 11 9 1 4
346 89 8 1 4
347 11 10 1 4
347 149 10 2 23
348 395 9 8 1399775
349 12 4 2 14
352 409 4 2 10
352 419 5 9 2196474
352 680 8 1 7
352 860 4 7 34341
353 684 8 1 4
354 25 8 1 4
354 836 10 2 27
355 634 1 2 4
356 800 7 2 18
357 433 3 2 9
357 690 5 1 4
358 168 2 2 4
358 197 8 3 162
360 555 2 6 9237
360 732 7 4 427
360 784 10 1 4
360 810 9 7 57720
361 266 2 4 45
362 34 6 4 199
364 740 2 3 30
368 49 5 5 924
368 925 4 2 17
371 705 2 4 92
371 772 8 1 4
375 77 4 1 7
376 193 2 3 43
380 339 4 4 103
382 562 9 3 66
384 6 9 4 942
384 156 4 1 4
384 168 10 4 1001
384 332 7 2 20
384 423 6 2 18
384 457 3 1 4
384 481 10 5 2795
384 597 9 2 43
384 692 8 4 215
384 962 5 1 4
385 214 7 5 2202
386 64 8 2 20
386 160 7 1 4
386 275 5 4 134
386 849 5 1 4
386 912 9 1 7
387 147 10 2 38
387 297 6 1 5
387 1016 3 4 139
390 566 9 1 7
391 461 5 3 27
391 800 9 5 1234
392 336 5 2 26
392 553 1 2 4
392 674 10 3 66
393 461 8 1 4
394 211 5 2 14
394 590 4 2 20
395 4 7 8 778806
395 647 4 4 149
396 454 7 1 12
396 536 1 3 7
396 546 5 3 65
396 777 7 3 98
396 915 9 6 33789
397 305 7 2 13
397 518 4 5 788
398 943 2 4 60
400 10 1 2 4
400 712 8 2 40
401 58 8 2 22
401 284 10 1 4
401 932 2 4 182
402 68 4 3 25
402 80 9 2 22
404 209 2 3 28
404 298 5 1 4
405 160 6 1 4
406 677 3 2 7
408 66 1 6 762
408 576 9 1 3
409 417 10 6 7119
409 888 6 7 97019
413 640 3 2 7
414 932 5 1 4
416 52 9 1 4
419 7 2 2 5
419 62 8 4 238
419 844 1 2 4
420 32 2 2 5
420 288 9 4 216
420 424 10 5 2352
420 538 6 2 25
421 400 5 2 13
422 736 7 1 4
423 384 10 1 10
423 651 7 1 4
424 481 3 4 93
425 161 8 3 50
425 261 6 4 140
425 776 5 1 7
428 32 7 1 4
428 194 6 4 492
433 24 2 2 4
433 197 2 4 75
433 398 8 1 13
434 734 7 1 4
441 21 9 3 73
442 146 5 1 4
442 691 1 3 7
444 801 7 2 18
448 513 8 1 4
448 655 10 7 192596
452 48 2 2 4
452 136 6 3 45
452 512 5 1 7
452 513 2 7 54658
453 368 5 4 143
454 437 4 2 19
454 782 4 1 4
456 376 5 1 7
458 743 2 2 5
460 197 1 2 4
460 462 4 3 22
461 901 8 1 4
462 516 2 2 4
463 916 4 8 327732
464 265 2 4 90
464 928 5 1 4
465 531 1 3 16
465 761 7 3 68
466 58 9 1 4
467 211 7 4 328
467 300 2 3 32
472 226 3 1 4
472 256 2 2 4
473 600 10 1 4
476 775 4 3 56
480 0 8 1 4
480 665 5 3 35
480 731 9 2 20
480 928 2 4 52
481 416 4 4 211
482 64 2 2 7
482 285 5 1 4
488 269 2 2 4
488 565 10 5 5598
491 112 9 2 17
501 519 7 1 4
504 267 8 1 7
505 332 4 1 4
506 706 9 1 4
512 1 10 1 9
512 5 5 3 28
512 36 3 3 16
512 266 2 3 24
512 420 7 4 553
512 438 8 1 4
512 453 5 4 227
512 482 7 3 49
512 514 10 1 7
512 685 1 2 4
512 936 2 2 4
513 5 6 1 4
513 100 2 2 5
513 112 6 1 4
513 304 4 2 12
514 11 2 3 14
514 160 5 1 4
514 452 8 4 213
514 522 9 1 4
514 572 1 3 10
514 780 6 5 3297
515 93 3 1 4
515 157 9 6 33666
515 598 4 6 8788
516 33 5 1 4
516 72 5 5 683
516 385 2 2 9
516 582 9 1 4
516 605 10 1 4
516 785 3 2 7
517 0 3 1 4
517 34 8 1 7
517 177 1 9 569403
517 233 8 1 13
517 281 1 4 88
517 534 5 3 79
517 672 3 1 4
517 676 5 1 4
518 0 1 6 749
518 41 7 1 4
518 517 4 1 4
519 517 1 2 4
519 944 1 2 4
520 9 1 2 4
520 296 7 3 68
520 328 5 1 4
520 436 9 3 119
520 785 6 2 17
520 896 2 2 4
521 81 2 2 4
521 229 3 1 4
521 546 6 1 5
521 560 5 7 77653
521 609 2 3 24
522 234 7 1 7
522 549 10 6 19928
522 652 10 1 4
523 650 10 1 9
525 820 7 2 16
527 36 7 1 4
527 713 4 5 2116
528 33 10 4 722
528 36 7 2 27
528 97 6 2 12
528 156 5 2 10
528 344 4 1 7
528 406 9 1 4
528 720 4 1 4
528 801 8 1 4
529 260 3 2 12
529 423 2 6 6767
530 20 10 5 1181
530 132 1 2 4
530 522 5 5 1848
532 11 9 3 62
532 292 8 2 38
532 550 6 1 4
533 5 3 2 7
533 37 3 1 4
534 932 4 2 18
535 10 5 2 10
536 10 8 4 844
536 244 6 1 4
536 687 6 1 4
537 138 9 1 7
537 478 2 2 10
538 84 4 1 4
538 820 7 2 17
540 256 1 2 4
541 793 5 1 4
544 6 10 4 369
544 24 3 3 28
544 151 2 5 706
544 160 8 2 23
544 429 3 1 4
544 536 8 1 4
544 551 7 1 7
545 209 9 5 1748
545 914 6 6 26865
546 2 8 4 289
546 4 9 3 126
546 758 10 4 546
546 900 4 1 3
548 577 2 2 4
548 586 5 2 9
549 68 1 4 41
549 146 5 1 4
550 649 10 1 4
551 4 3 7 21981
551 40 9 1 4
552 136 8 1 4
552 640 10 1 8
553 36 7 4 212
554 4 8 1 10
554 137 1 3 7
555 418 1 6 1220
556 409 4 4 277
557 15 9 3 53
557 557 3 2 7
557 938 7 3 71
560 18 9 1 7
560 32 9 1 9
560 96 7 1 4
560 168 6 1 4
560 354 3 4 99
561 444 9 1 4
561 521 8 4 460
561 993 9 1 4
562 162 10 1 4
562 977 3 1 4
562 992 9 2 18
563 410 10 1 4
564 656 1 5 507
566 132 6 3 71
567 793 2 2 7
569 385 1 2 4
571 100 5 2 25
571 457 5 4 494
572 36 4 1 7
572 64 8 1 7
572 257 10 1 4
572 370 2 4 89
572 777 4 1 4
573 886 10 3 56
574 18 1 5 476
576 4 4 1 4
576 19 9 1 14
576 76 8 1 4
576 133 6 5 2071
576 172 2 4 86
576 193 4 3 40
576 228 8 4 195
576 325 1 4 65
576 525 7 4 314
576 607 3 3 28
577 72 3 1 4
577 401 2 2 7
577 661 1 2 4
578 26 2 2 10
578 120 8 1 11
578 554 6 5 1007
579 80 2 2 8
579 136 4 1 5
579 621 10 1 4
579 789 2 3 16
580 64 6 4 257
580 507 6 1 4
580 598 8 1 7
581 645 2 2 4
582 633 1 2 4
583 129 5 6 22419
586 64 7 1 4
588 784 4 1 4
589 389 7 4 606
590 276 4 1 7
590 520 6 1 4
590 788 5 4 304
592 2 5 2 22
592 148 5 1 4
592 528 5 2 25
592 566 10 4 231
592 585 6 6 11302
592 856 2 2 4
595 58 6 1 4
595 557 9 1 4
596 33 2 2 7
596 91 9 1 4
599 92 4 3 35
599 569 6 1 7
600 562 10 2 40
600 575 6 5 1792
604 913 3 2 7
607 393 9 2 28
608 176 6 1 7
609 28 2 4 150
609 210 7 1 4
609 225 6 1 4
609 768 7 3 61
611 125 6 1 4
612 170 2 2 4
613 840 5 1 4
614 265 6 1 9
616 806 8 1 4
617 374 9 1 4
617 908 10 2 20
618 1004 2 2 5
619 76 7 3 41
619 140 1 4 25
619 231 8 3 136
621 293 7 1 4
623 1000 3 6 3289
624 579 4 1 7
625 261 9 4 421
625 530 6 6 6249
626 104 2 2 8
626 528 1 4 62
626 608 10 7 116899
627 418 7 1 4
627 769 2 1 3
627 977 10 2 18
629 446 4 1 5
632 18 1 4 74
633 812 7 1 7
635 546 4 3 26
637 73 4 2 19
640 6 10 1 4
640 16 10 2 51
640 160 6 5 1677
640 246 8 1 4
640 258 7 5 3646
640 369 6 2 16
640 467 2 3 28
640 525 5 1 4
640 584 8 2 32
640 938 1 7 19601
640 952 6 2 17
642 562 2 6 1619
643 73 10 1 7
643 775 7 1 12
644 48 2 2 4
644 387 1 6 762
644 660 6 6 8290
644 756 2 2 4
645 25 2 2 9
646 289 7 1 5
648 210 1 4 29
648 301 10 1 5
648 369 2 2 4
648 769 8 1 4
650 216 3 6 6235
650 953 7 1 4
651 290 10 1 4
652 594 5 10 20991830
654 129 2 8 90287
654 565 2 2 7
655 761 9 1 9
656 833 2 6 2111
657 79 8 2 15
657 201 6 2 23
658 10 4 4 116
660 36 7 3 65
660 52 8 1 10
662 374 4 6 4337
664 205 3 1 4
665 260 2 2 7
667 587 6 3 79
668 163 8 5 4219
668 749 1 2 4
670 515 4 4 198
672 1 9 1 7
672 64 8 1 4
672 514 6 4 287
672 717 1 3 9
673 104 9 1 4
674 288 9 1 12
674 401 4 1 4
675 257 4 2 17
678 237 3 6 10046
680 450 4 3 80
681 33 10 3 98
682 14 8 3 73
682 156 3 2 10
683 278 7 1 4
684 1008 9 1 4
686 426 3 4 133
686 593 7 1 7
690 110 2 6 1746
691 12 8 1 4
692 260 6 1 7
693 397 3 5 1452
694 6 4 3 55
695 517 5 1 5
695 585 9 2 28
696 885 2 2 7
697 710 7 1 4
700 18 5 1 4
700 229 10 1 4
700 864 2 3 14
701 941 6 2 13
704 135 2 2 4
704 370 8 6 30905
704 673 1 4 46
705 596 9 4 521
705 854 9 8 679468
706 161 4 3 50
709 325 8 4 759
709 644 6 1 5
710 2 10 1 13
712 35 4 2 10
712 141 6 5 1457
712 283 9 1 12
713 593 9 2 17
713 837 4 1 4
716 339 1 3 17
716 842 8 1 4
719 512 1 2 4
720 7 4 1 5
720 144 4 5 2124
720 803 9 2 21
721 104 7 4 566
721 170 3 3 17
721 323 1 2 4
721 584 5 7 34002
722 100 4 1 4
722 104 2 2 7
722 146 5 1 4
722 258 8 1 12
722 398 10 2 23
725 65 1 2 4
726 322 6 6 5445
728 227 5 1 4
732 834 9 1 9
737 25 5 1 4
737 64 1 2 4
738 970 10 1 4
740 778 6 1 7
741 45 1 10 96899929
741 260 10 2 34
744 124 4 1 4
744 280 8 1 4
744 762 7 1 4
745 63 8 8 355669
751 506 2 8 351151
752 494 3 1 4
752 786 3 2 7
754 32 3 6 9073
760 257 1 4 56
760 300 10 5 1183
761 435 2 2 4
768 68 9 5 1738
768 226 8 1 4
768 326 8 1 7
768 502 7 1 9
768 736 6 2 12
768 738 8 1 12
769 34 3 3 27
769 277 9 1 9
769 350 9 1 4
769 640 6 1 4
769 773 10 5 1552
770 67 2 8 266738
770 211 8 1 3
770 515 10 1 5
771 128 10 1 5
772 130 10 5 1393
773 1 2 2 4
774 8 4 1 4
774 936 3 6 6284
775 48 2 4 48
776 155 8 1 7
776 586 10 1 10
777 608 6 3 59
777 641 9 1 4
778 389 2 2 4
780 16 2 2 4
780 552 1 5 240
780 901 8 1 4
781 222 3 1 4
782 226 9 1 4
784 1 7 3 76
784 549 6 7 51999
784 634 4 3 80
784 841 5 1 5
785 257 1 3 7
786 521 1 3 15
786 576 1 2 5
787 199 4 4 406
788 25 2 5 1027
792 274 2 1 3
792 540 9 2 17
792 594 6 2 12
793 498 4 1 4
795 661 1 5 353
800 45 9 1 4
800 73 1 5 429
800 97 9 1 7
801 34 9 1 4
802 660 1 2 4
804 0 9 1 4
806 43 4 2 10
806 134 4 1 7
806 232 6 4 211
808 302 7 1 4
808 777 5 1 7
808 937 10 6 32884
808 945 8 5 1615
810 17 3 2 9
810 394 8 1 4
814 161 8 2 19
814 264 7 1 7
814 905 4 1 4
816 24 2 4 51
817 784 7 4 242
818 253 2 5 350
819 69 3 2 7
821 236 3 1 4
822 211 5 8 412631
824 392 7 1 4
824 609 10 1 10
824 978 3 1 4
830 356 8 1 11
832 21 7 1 4
832 30 1 6 2963
832 281 9 1 4
832 427 4 5 1883
832 518 7 8 1596271
833 999 1 7 23541
834 0 4 1 4
834 32 7 1 7
834 67 6 1 7
834 104 2 3 28
834 912 10 5 3097
835 264 9 1 4
836 86 1 2 4
838 785 7 1 4
839 21 9 6 9842
840 96 3 5 941
841 32 3 1 4
841 370 5 7 32921
842 132 5 3 75
844 584 8 7 312981
845 561 7 3 84
845 624 2 2 7
848 90 4 3 47
848 188 10 1 8
848 313 6 1 4
849 1018 7 5 1417
850 776 10 1 8
852 2 5 4 197
852 824 3 5 1772
854 681 5 4 230
856 866 9 1 4
857 42 5 1 4
864 23 5 7 81283
867 998 3 5 525
868 332 9 4 488
870 6 2 5 481
871 264 1 5 407
873 9 7 4 155
874 360 9 2 40
875 164 3 2 7
878 258 6 1 7
880 611 5 1 4
882 42 8 1 9
882 591 3 1 4
882 778 8 1 8
885 601 3 2 9
895 603 2 2 7
896 868 4 1 4
897 39 9 4 242
897 115 7 1 4
900 4 8 1 12
902 420 10 1 4
904 112 7 3 53
904 888 2 3 20
905 12 1 3 21
905 196 7 1 7
905 572 9 2 25
906 137 9 7 176509
906 194 7 1 4
906 210 10 1 4
907 276 5 1 4
910 614 4 2 11
911 5 2 3 12
912 388 9 1 15
914 669 8 1 12
914 776 1 3 13
914 968 3 3 28
918 0 9 1 5
920 200 5 1 4
921 272 5 1 4
921 320 4 3 36
922 784 1 2 4
928 516 9 1 4
928 518 10 5 5466
929 10 5 5 1525
930 547 1 2 4
931 230 9 1 4
931 657 2 2 4
932 783 7 3 45
933 657 2 2 10
938 316 10 1 7
938 552 8 1 10
940 512 6 1 4
941 771 9 1 4
944 165 4 5 815
947 568 3 2 12
951 818 3 1 4
952 37 7 6 5362
954 22 9 1 5
958 844 1 2 4
961 131 6 1 7
961 291 8 1 9
963 130 2 2 4
966 29 7 2 15
966 197 2 3 30
968 360 7 2 27
969 313 4 2 21
969 769 8 6 23500
971 566 4 1 4
976 321 9 5 6143
976 779 2 2 5
977 22 8 4 221
977 34 2 3 30
984 483 4 2 9
987 962 7 1 12
996 836 1 3 19
998 127 7 8 664751
1001 286 5 3 28
1003 684 5 1 4
1004 129 4 6 9083
1011 36 7 1 4
1013 316 3 3 52
1020 371 6 1 5
1021 643 5 3 51
