0 4 7 5 950
0 8 6 1 4
0 47 4 1 4
0 156 1 3 11
0 215 2 5 950
0 415 2 2 10
0 670 7 4 408
0 917 8 1 4
1 15 7 1 4
1 30 5 1 4
1 70 2 4 126
1 228 3 9 1929847
1 644 3 6 4185
2 0 3 1 4
2 8 10 1 4
3 131 8 1 4
3 530 5 2 16
3 652 5 1 4
4 24 3 4 131
4 64 6 1 4
4 248 9 1 4
4 517 4 1 7
4 683 8 1 4
6 259 2 2 4
6 466 4 1 4
7 110 8 6 7980
8 2 5 1 7
8 272 1 2 4
8 273 6 1 7
8 486 1 3 10
8 642 2 2 10
8 850 4 3 86
8 902 1 2 4
9 43 8 1 4
10 75 8 1 7
10 160 2 2 4
10 176 4 2 12
10 584 2 3 33
10 599 1 3 10
10 778 1 6 1415
11 586 2 2 4
11 752 2 2 5
11 779 6 1 4
12 55 1 6 1161
12 116 4 6 6249
12 128 5 2 14
12 269 4 1 4
12 366 10 3 168
13 192 3 1 4
13 320 8 1 4
14 152 10 2 19
14 376 7 5 2779
15 352 2 5 394
15 659 7 6 11365
16 9 3 4 96
16 24 6 6 22317
16 64 2 2 4
16 96 7 1 7
16 148 2 9 5109000
16 198 1 2 4
16 643 8 3 74
17 258 2 2 4
18 215 5 6 23438
19 24 3 1 4
20 1 8 5 3833
20 10 9 1 4
20 28 10 1 4
20 69 7 2 17
20 176 8 1 4
20 323 1 4 63
21 258 7 1 4
22 24 1 7 15817
22 565 3 3 27
24 533 5 1 5
24 781 10 1 4
27 130 9 1 4
27 549 5 2 11
28 192 4 6 5434
28 624 1 4 47
28 647 5 4 563
30 52 5 1 4
32 33 5 1 7
32 42 10 7 51947
32 211 7 2 26
32 803 6 3 53
32 848 9 10 33111082
33 26 2 2 4
33 31 7 3 49
33 320 1 7 35363
34 292 5 5 1080
34 324 9 1 7
34 720 7 1 4
36 266 9 4 222
36 448 8 2 32
36 555 2 3 34
36 705 7 4 339
37 364 3 2 10
37 673 8 4 295
40 528 6 1 4
40 761 8 4 262
41 321 2 7 19047
41 987 3 1 4
42 140 3 3 19
42 329 3 1 4
42 778 4 1 3
42 839 4 1 3
44 47 3 4 248
44 524 8 1 4
44 794 8 2 38
45 23 3 6 5346
45 50 3 1 4
45 266 2 2 10
45 844 7 1 10
46 57 4 4 141
48 168 7 1 4
48 198 9 1 7
48 789 1 5 122
49 17 7 3 41
49 313 2 4 129
52 285 2 3 34
53 146 1 2 4
57 33 8 3 87
58 470 6 2 12
59 292 9 2 19
59 453 5 1 4
60 5 9 1 4
60 948 1 2 4
61 648 7 2 19
62 521 2 2 4
64 194 1 2 5
64 370 5 1 4
65 25 7 1 4
65 614 7 4 212
67 20 9 5 1192
68 153 1 8 112971
68 226 6 1 4
68 284 9 1 14
68 576 2 2 7
70 109 3 2 8
70 212 1 4 49
70 646 10 1 4
70 648 5 1 4
71 264 6 2 18
71 700 9 1 4
72 8 2 2 4
72 533 1 2 4
72 961 4 5 772
74 548 1 2 4
74 768 5 1 4
76 76 1 3 22
76 133 6 3 41
76 855 5 1 4
77 267 3 4 111
77 450 6 1 4
78 517 8 1 9
80 82 5 2 21
80 528 10 1 4
80 677 4 1 4
82 283 6 1 4
83 115 3 2 7
83 124 4 1 4
83 617 10 5 1403
84 74 10 1 4
87 515 10 6 43795
88 782 7 1 4
91 951 6 1 4
92 91 10 3 64
93 134 7 1 4
93 669 8 1 4
96 80 2 2 5
96 148 6 1 4
96 220 4 1 4
96 356 4 7 92703
96 547 5 3 45
96 776 1 3 13
97 144 9 1 4
97 167 1 2 4
97 195 6 1 4
97 473 4 4 155
97 525 2 4 87
98 352 2 2 4
98 928 9 1 4
99 134 7 1 7
100 294 7 1 4
100 752 1 4 28
101 124 4 8 247625
102 78 10 1 4
103 704 8 2 16
104 48 6 5 1849
104 64 9 1 4
105 779 9 2 16
106 652 1 3 11
108 133 5 2 22
108 514 9 5 2112
109 707 3 2 13
112 0 3 1 4
112 776 10 1 12
114 452 9 1 4
114 497 9 1 4
117 106 2 3 16
117 803 10 1 4
121 536 3 3 31
124 348 6 2 29
128 58 7 4 593
128 208 4 1 7
128 453 2 2 4
128 806 5 1 7
129 0 5 1 4
129 37 1 3 8
129 584 6 5 709
129 707 1 3 10
130 273 4 3 44
130 520 6 1 4
130 528 9 1 4
130 540 1 2 4
132 94 8 2 35
132 137 10 1 4
132 372 8 1 4
132 916 3 2 8
132 957 8 1 4
133 138 7 1 5
133 614 10 1 4
134 67 9 4 368
134 516 7 1 4
134 768 8 6 28018
136 160 10 1 5
136 610 2 4 117
136 831 6 3 92
137 256 3 1 4
137 259 5 1 4
137 778 5 1 5
138 266 9 1 4
138 590 9 1 10
139 87 9 3 62
139 865 5 8 362974
140 72 4 1 4
140 135 5 5 831
140 776 3 7 28491
141 2 10 1 4
141 521 10 3 58
141 954 9 1 4
142 641 10 1 5
143 144 8 1 4
143 642 7 1 4
144 18 4 2 12
144 248 4 1 4
145 1 7 2 24
145 67 5 1 4
145 94 7 6 14089
145 184 5 1 7
145 576 6 1 4
146 69 9 1 4
146 146 5 1 4
146 396 9 6 27107
147 522 9 3 188
148 130 2 2 4
149 20 5 9 2757637
149 633 8 1 4
149 649 10 1 4
153 592 9 1 7
153 961 10 1 3
156 54 5 1 4
156 133 3 1 4
156 814 9 1 4
160 81 5 1 4
160 801 4 1 7
161 21 1 2 4
161 376 2 1 3
161 717 5 5 2264
161 898 4 4 193
162 306 10 3 186
163 361 3 6 3274
164 34 2 3 17
164 280 5 2 24
164 329 6 1 10
164 646 6 3 36
167 104 5 10 1249344367
167 289 6 1 7
167 384 3 1 3
168 52 10 1 4
168 67 8 1 4
168 480 8 3 112
169 25 10 1 7
171 144 6 1 8
171 810 4 1 4
172 32 8 1 4
172 664 4 2 10
173 261 5 1 4
174 493 10 1 5
176 932 4 6 5120
177 128 5 1 8
177 280 9 3 78
179 429 1 4 39
182 672 6 3 32
185 42 6 1 4
185 391 6 8 509146
186 272 8 1 4
187 800 8 1 10
192 43 10 1 4
192 177 10 1 7
192 388 9 1 4
192 904 1 2 4
193 8 8 1 4
196 81 9 1 4
197 592 2 2 4
197 611 6 4 313
197 769 2 2 4
200 924 4 4 242
203 654 9 3 105
204 6 3 3 50
205 457 8 2 35
206 530 5 1 4
212 69 3 3 18
212 112 9 1 6
212 673 8 1 10
213 64 4 1 4
214 585 8 2 21
216 66 7 1 4
225 257 6 1 5
226 157 10 1 8
231 261 4 1 7
232 130 8 4 541
233 912 3 1 5
234 848 8 1 14
235 281 8 1 10
235 645 3 2 8
238 642 2 3 19
239 560 9 1 10
240 799 2 5 295
240 914 2 2 4
241 206 3 7 36634
244 356 6 3 43
244 932 3 1 4
248 0 8 1 7
248 902 5 4 360
256 1 4 1 4
256 4 1 2 4
256 312 10 1 4
256 512 7 1 7
256 616 7 1 4
256 772 3 1 4
257 0 2 2 7
257 806 10 2 38
257 912 10 1 4
257 920 4 1 4
258 24 7 1 7
258 34 7 6 18705
258 880 6 3 50
259 165 4 1 4
260 131 4 1 5
260 256 1 5 259
260 678 5 3 42
261 8 9 1 7
261 72 4 3 58
261 356 10 1 4
261 672 10 1 4
261 995 3 5 1093
262 32 8 2 41
262 906 5 6 3626
264 4 4 2 19
264 320 9 1 4
264 568 6 8 546136
265 339 2 2 4
266 336 7 2 14
268 34 10 1 13
268 512 6 3 59
268 577 3 1 4
269 444 5 1 4
272 41 6 2 16
272 225 8 1 8
272 259 1 2 4
272 520 2 3 18
272 554 8 2 16
273 693 5 3 38
274 334 3 5 582
275 4 6 4 319
275 133 7 3 153
276 538 10 1 4
276 661 10 5 2011
277 8 10 3 86
279 901 7 4 355
280 82 10 7 129911
282 136 5 1 4
282 787 5 2 11
287 448 1 2 4
288 47 3 1 4
288 132 4 4 280
289 753 6 1 8
290 258 4 7 105173
291 32 5 6 8005
291 610 1 2 4
291 768 4 3 62
292 162 7 1 10
292 524 5 2 17
292 593 9 1 4
293 256 2 2 4
294 742 10 1 4
296 131 2 3 16
296 288 2 2 4
296 516 8 1 4
297 167 6 3 34
298 75 4 4 212
299 78 7 1 5
301 274 2 6 9389
304 106 2 2 5
304 292 8 1 4
305 163 1 9 1872318
306 36 10 1 9
306 918 8 2 30
307 514 7 1 5
308 21 10 4 1032
308 583 2 2 4
308 692 4 1 5
308 832 3 1 4
309 774 2 3 38
310 44 5 3 38
314 109 3 1 4
314 518 1 2 4
316 452 1 3 7
320 29 5 2 14
320 315 4 3 50
320 407 6 1 4
320 468 1 2 4
320 641 1 8 290647
321 4 1 5 476
321 262 6 1 4
321 834 6 1 7
322 80 7 8 2260784
322 196 7 1 4
322 272 8 1 7
322 416 4 4 371
322 902 4 9 3706595
323 515 5 1 4
324 200 8 1 12
325 6 3 3 55
325 74 9 1 4
325 720 7 1 4
326 16 6 1 4
326 116 4 1 4
328 45 6 3 99
329 258 10 4 743
330 8 4 1 4
331 512 7 4 726
332 456 2 2 4
332 643 10 1 4
334 265 2 2 4
336 632 7 1 4
337 352 9 2 16
337 768 1 2 4
338 169 3 1 4
342 536 9 1 4
343 475 1 5 120
345 728 1 2 5
346 89 6 1 4
352 409 4 2 15
354 25 9 1 4
354 969 4 1 4
355 634 2 2 4
356 800 5 1 4
357 641 5 1 5
360 555 1 2 4
360 732 7 1 4
360 784 4 1 4
360 810 3 1 4
363 424 6 2 14
366 657 6 6 14855
368 925 1 2 4
371 112 6 1 10
380 339 10 2 30
382 562 6 1 5
384 6 8 1 4
384 481 6 1 4
384 531 2 1 3
384 571 8 1 4
385 2 4 1 4
385 563 10 1 11
386 64 9 4 566
386 846 6 1 7
386 849 2 2 5
387 297 1 2 5
388 332 2 6 3444
390 566 6 3 91
391 800 9 1 4
392 38 2 2 8
392 336 1 3 10
393 577 2 2 4
394 211 3 2 7
396 6 4 3 32
396 536 9 2 20
396 546 5 8 287323
400 144 7 1 4
400 712 7 1 4
401 277 6 1 4
401 932 5 4 175
405 160 2 3 11
408 576 6 3 63
409 66 2 3 25
409 888 7 1 4
410 520 10 3 57
412 6 1 3 8
413 640 4 1 4
416 279 7 1 7
416 832 3 2 14
419 7 6 2 22
419 62 5 1 4
420 288 9 4 211
420 424 3 3 16
423 384 6 2 24
423 651 4 1 4
424 481 7 1 4
425 261 6 4 134
426 644 3 2 7
428 32 3 2 7
428 620 6 1 4
428 880 1 2 4
430 203 4 1 4
433 24 7 1 7
434 734 10 1 4
436 641 8 2 38
437 2 1 3 10
441 21 5 3 67
442 146 3 2 14
444 801 5 2 10
452 136 9 2 43
452 488 1 5 531
452 512 7 1 4
453 661 1 10 91146961
454 634 5 4 321
455 640 8 5 2640
456 105 3 1 4
456 367 8 1 8
456 376 9 3 92
456 774 1 3 10
460 197 8 1 7
461 625 4 6 8313
461 901 1 2 4
462 516 5 1 4
463 916 3 3 32
464 265 6 1 4
465 761 7 1 4
466 58 10 1 16
467 211 3 1 4
469 425 7 2 13
472 226 7 1 4
472 801 2 3 28
473 6 10 3 80
480 0 7 1 4
480 731 3 1 4
482 208 5 8 774291
488 3 4 1 7
488 334 8 1 4
488 565 10 1 7
501 519 1 6 1895
512 1 9 1 7
512 5 4 1 4
512 96 1 7 21415
512 153 1 2 4
512 420 4 5 532
512 522 5 1 4
513 65 3 1 4
513 112 7 1 4
513 340 3 2 14
514 160 6 1 4
514 522 3 5 1368
516 33 7 2 26
516 72 9 1 7
516 582 8 2 27
517 0 9 3 50
517 8 7 7 88827
517 34 1 6 770
517 233 4 8 1334520
517 534 8 1 4
520 164 7 1 4
520 328 2 2 8
520 436 9 1 5
521 81 2 5 378
521 560 4 4 146
522 1 8 1 4
525 134 7 1 10
526 548 10 1 5
527 713 8 3 74
528 33 6 5 691
528 720 10 1 7
529 260 6 2 16
529 423 4 1 7
530 86 10 1 4
532 11 5 5 1592
533 37 7 1 7
533 787 3 4 89
534 6 2 2 8
534 786 6 1 4
534 928 9 1 7
535 10 3 4 232
536 244 1 5 300
536 687 8 1 7
536 902 4 1 4
538 74 10 4 447
540 481 8 1 4
541 793 4 1 4
544 24 10 1 7
544 151 10 5 3224
544 401 10 1 4
544 416 6 1 3
544 536 10 2 22
544 542 6 4 177
544 597 9 1 13
544 718 1 5 115
546 650 2 5 676
546 758 3 3 23
547 427 2 2 7
548 141 2 2 7
548 169 8 1 4
548 512 2 2 4
548 577 4 2 15
549 97 4 1 4
551 4 3 5 1032
551 40 3 2 8
552 136 2 2 5
552 640 10 1 5
552 656 3 2 8
553 102 7 4 467
553 933 6 1 7
555 52 1 5 205
556 409 3 6 13134
557 400 5 2 17
557 557 1 3 10
560 168 2 2 4
561 10 9 6 8643
561 993 8 2 28
562 992 3 2 13
563 20 10 1 4
563 410 7 4 572
564 659 5 1 4
566 4 4 4 140
571 457 5 1 4
572 257 5 3 32
574 18 7 1 4
574 696 8 2 39
576 48 5 1 4
576 172 4 3 82
576 193 8 1 4
576 325 3 6 11910
576 525 10 10 231335125
576 607 10 1 4
577 72 4 4 89
577 222 5 2 13
577 292 1 4 40
577 661 10 1 4
577 997 9 2 27
579 136 9 1 4
580 528 10 1 8
582 633 9 1 4
583 129 10 1 4
587 608 4 3 58
588 784 7 1 4
590 276 9 1 8
590 788 6 1 4
592 2 5 1 4
592 4 8 1 4
592 528 1 3 14
592 585 6 6 5723
592 856 7 4 175
593 429 8 4 633
596 11 1 7 22691
599 176 3 6 2849
600 68 5 1 4
600 115 8 2 29
602 480 10 1 4
604 913 7 2 27
605 80 9 3 77
606 807 4 4 418
607 288 1 2 4
607 393 9 5 1838
609 225 4 4 222
610 24 3 3 17
612 534 6 1 4
618 70 7 1 4
619 140 4 1 4
621 293 9 2 25
624 579 2 4 115
625 261 4 4 155
626 114 7 1 7
629 446 4 2 10
640 4 6 1 4
640 181 9 1 11
640 467 9 2 37
640 584 2 2 4
640 659 5 6 6790
640 732 9 2 18
640 952 6 6 14053
641 192 1 2 5
642 724 5 1 8
643 73 2 5 1276
644 48 6 1 4
644 387 1 3 7
644 756 8 1 4
645 4 9 1 4
645 548 2 2 10
645 963 3 2 7
646 289 7 2 25
648 98 9 10 72706481
648 210 8 1 8
648 301 2 2 5
648 369 1 4 30
648 694 4 1 4
648 769 4 4 402
649 4 8 1 10
650 108 9 1 4
650 216 4 5 697
654 565 2 2 4
657 79 10 1 4
658 26 4 6 18921
660 36 2 6 7538
660 85 4 1 4
670 515 8 6 20971
672 514 7 7 42379
672 717 8 2 41
674 259 1 2 4
674 672 2 5 471
677 121 4 1 4
680 20 9 8 3076382
680 540 4 1 4
681 6 9 1 4
686 426 10 1 13
688 385 8 1 4
689 80 5 2 13
691 12 1 2 4
692 260 6 1 4
694 768 8 4 448
697 710 1 4 35
700 229 9 1 4
700 864 8 1 4
704 135 2 2 4
704 292 5 1 3
709 325 4 1 4
709 644 2 6 2528
709 843 7 1 11
710 2 4 2 17
712 283 3 3 28
712 862 1 7 20728
713 593 8 1 4
716 339 10 1 4
720 7 10 1 5
720 803 3 3 42
721 104 5 3 31
721 323 1 2 4
722 464 2 5 286
725 44 2 3 33
726 322 2 1 3
727 200 7 1 3
728 227 7 1 4
728 712 4 4 128
737 64 10 1 4
740 801 8 1 4
741 45 3 1 4
741 260 1 2 4
743 787 7 1 4
744 124 2 2 4
745 63 5 1 4
746 536 8 1 7
754 32 2 2 4
760 220 4 6 3037
760 257 10 1 4
763 668 6 1 4
768 68 1 5 164
768 226 4 1 7
768 326 10 2 43
768 502 10 1 7
769 350 7 1 4
769 640 5 3 67
770 211 3 1 4
772 0 4 1 4
772 32 7 1 4
774 936 5 1 5
775 921 10 1 16
776 155 2 6 1783
776 586 3 1 5
776 697 2 3 11
777 6 7 2 26
777 84 4 5 1170
777 200 5 1 4
777 539 8 2 20
777 554 8 1 5
778 389 8 3 156
780 193 2 3 26
781 496 9 2 18
782 405 1 2 4
784 1 7 3 70
784 514 5 2 16
784 569 6 1 4
784 604 6 1 7
785 45 9 1 7
787 199 3 5 397
788 324 7 2 13
792 274 3 1 4
792 540 5 5 1140
793 52 2 2 8
793 498 5 1 8
800 9 1 3 8
800 45 5 1 7
800 97 4 2 11
801 642 1 2 4
802 660 6 7 188629
804 104 3 1 4
806 43 6 1 4
806 326 9 1 10
806 480 5 3 35
808 302 5 1 4
808 777 7 1 8
808 945 2 6 1839
810 17 10 3 74
810 394 6 1 7
812 778 7 5 1018
814 161 3 3 27
814 523 10 1 4
816 18 6 4 441
816 24 6 3 49
817 784 1 3 7
818 253 6 1 4
819 69 9 1 7
821 236 7 3 41
822 211 4 1 4
832 21 6 1 4
833 999 5 1 4
834 0 5 8 220881
834 104 8 1 4
834 148 4 1 4
834 912 7 6 19848
835 392 4 6 6415
840 96 6 1 4
840 800 3 1 4
843 939 6 1 4
849 1018 4 3 54
852 72 2 4 137
856 256 3 1 4
864 23 8 3 164
867 998 9 1 4
870 68 6 6 11539
873 9 2 3 28
882 42 1 4 45
882 778 4 2 12
894 392 10 4 498
896 868 5 2 16
897 115 5 1 3
897 523 8 1 14
898 699 7 3 50
900 162 6 1 4
900 313 5 1 4
905 248 4 1 4
907 276 1 3 13
910 614 6 1 4
911 896 7 1 4
914 216 6 1 5
921 320 10 1 4
929 316 1 2 4
931 230 7 4 298
931 657 5 4 517
932 274 5 1 5
938 316 2 5 417
941 771 4 1 5
947 568 1 5 485
952 37 6 1 8
956 846 10 3 184
961 333 9 1 4
961 481 9 1 4
963 130 6 1 8
966 555 3 3 52
968 51 1 2 3
975 205 6 2 13
976 321 9 1 3
990 35 3 2 11
996 36 5 1 4
998 179 8 1 4
1002 652 5 4 203
1002 912 6 3 61
1003 684 3 3 50
1011 36 10 3 154
1013 316 7 3 50
1018 358 2 6 2721
1020 371 8 1 4
1021 643 6 2 16
