0 4 4 1 4
0 8 5 1 7
0 9 3 7 19372
0 17 10 1 12
0 29 7 1 11
0 47 4 1 4
0 166 1 4 63
0 215 10 6 43794
0 265 3 4 245
0 274 4 1 7
0 321 1 3 7
0 352 1 3 7
0 618 8 1 4
0 646 2 2 10
0 670 8 2 38
0 674 3 10 19074993
0 679 5 6 6445
0 704 4 6 3885
0 843 1 7 38442
0 902 7 1 9
0 917 10 1 4
0 936 7 1 11
1 7 5 1 4
1 15 6 3 64
1 30 7 4 229
1 37 2 4 81
1 82 10 1 4
1 135 7 5 1611
1 228 6 3 45
1 292 1 4 42
1 481 10 1 7
1 535 3 2 10
1 705 5 8 324300
1 768 3 1 4
1 825 4 7 30050
1 920 6 1 7
2 0 3 4 190
2 48 10 1 13
2 167 3 2 12
2 267 2 3 17
2 328 8 4 462
2 523 4 3 45
2 826 3 5 411
3 24 9 1 11
3 131 6 4 347
3 272 8 3 73
3 277 7 5 2420
3 530 7 1 4
3 652 6 3 40
3 817 10 1 6
4 0 10 6 21203
4 4 5 1 4
4 15 9 7 52289
4 50 9 1 4
4 64 1 4 68
4 248 9 1 7
4 284 8 1 4
4 293 4 5 626
4 368 2 2 5
4 517 6 2 27
4 683 7 3 136
4 774 5 4 208
4 803 5 5 871
4 808 8 2 17
5 18 3 3 30
5 887 10 3 206
6 3 2 3 11
6 148 9 4 392
6 212 8 1 4
6 259 10 5 1371
6 268 1 8 45431
6 466 6 5 1010
6 512 10 1 4
6 798 4 1 4
6 1002 4 1 4
7 81 10 5 2204
7 110 9 3 63
7 237 4 7 33463
7 715 9 1 4
8 1 3 3 40
8 2 9 3 61
8 19 3 5 423
8 32 5 5 646
8 42 10 3 99
8 58 6 1 7
8 202 10 1 10
8 272 8 1 4
8 386 5 5 1994
8 486 5 5 839
8 642 2 3 32
8 656 10 1 10
8 735 8 1 7
8 850 4 1 5
8 902 4 5 681
9 39 10 1 15
9 43 9 1 4
9 274 8 1 4
9 416 5 2 15
9 526 6 3 103
9 572 10 2 30
9 823 7 1 4
10 13 6 8 485048
10 40 4 1 4
10 75 6 2 24
10 84 7 1 4
10 160 9 2 23
10 518 5 1 7
10 584 6 3 53
10 599 4 4 120
10 680 2 5 644
10 778 1 7 28790
11 204 10 2 18
11 586 8 2 26
11 752 8 2 15
12 0 6 4 523
12 24 9 1 13
12 55 7 4 257
12 65 5 6 6471
12 128 10 2 51
12 269 7 2 16
12 366 10 1 10
12 634 9 4 837
12 781 2 2 4
13 66 7 1 7
13 320 1 4 28
13 780 10 1 4
14 127 1 3 12
14 152 2 3 23
14 210 7 1 11
14 321 2 2 5
14 616 10 1 5
15 352 9 5 2614
15 485 3 4 87
15 659 7 3 95
16 9 1 5 412
16 24 10 2 43
16 64 2 2 4
16 96 6 5 974
16 132 2 3 23
16 148 3 1 4
16 198 8 1 12
16 516 10 1 7
16 806 5 1 4
17 48 7 3 129
17 129 8 1 9
17 258 2 4 118
18 51 10 1 12
18 215 3 2 12
18 290 7 1 7
18 645 6 2 14
19 7 3 1 4
19 24 8 1 7
19 657 2 2 7
19 709 7 1 4
20 1 6 1 9
20 28 6 3 91
20 36 10 1 4
20 69 3 4 86
20 176 10 2 35
20 194 9 1 9
20 786 10 4 698
21 258 9 7 61458
22 24 4 9 1967910
22 68 4 1 4
22 107 1 2 4
22 133 8 1 7
22 320 3 3 28
22 331 7 3 108
23 328 9 4 403
23 770 9 1 4
23 886 6 1 7
24 9 9 1 7
24 533 2 2 4
24 781 3 4 192
24 786 10 2 24
24 848 1 4 31
24 944 5 1 4
25 523 4 3 44
26 20 7 2 26
26 22 8 4 184
26 109 7 2 19
26 801 7 3 71
27 210 7 3 58
27 547 8 1 9
28 42 5 2 10
28 72 4 1 4
28 146 2 3 26
28 192 6 2 28
28 203 4 2 10
28 624 5 1 4
29 1 2 2 4
29 5 7 2 25
29 532 1 2 4
29 809 3 3 25
30 21 9 1 5
30 52 2 3 39
30 129 6 3 61
30 588 8 1 7
31 77 7 1 4
31 561 2 2 9
32 33 5 8 327859
32 42 7 3 46
32 72 4 3 26
32 204 2 2 10
32 219 2 2 4
32 276 2 5 667
32 388 4 2 9
32 414 2 4 50
32 612 4 4 285
32 641 5 6 19153
32 721 9 2 24
32 759 10 1 14
32 803 8 3 72
33 2 5 3 48
33 3 2 4 94
33 26 6 2 16
33 31 6 3 61
33 64 3 5 432
33 276 10 1 4
33 277 5 1 4
33 320 2 2 10
33 544 4 7 118154
33 785 3 2 7
33 898 5 2 19
33 945 5 3 92
34 144 10 1 4
34 292 5 2 18
34 324 6 5 711
34 561 2 2 4
34 663 2 6 2589
34 720 6 4 439
34 800 7 1 4
35 65 1 3 9
35 266 6 7 84833
35 551 8 1 4
35 689 5 1 4
36 12 3 3 30
36 48 10 5 4955
36 257 1 8 74185
36 266 1 2 4
36 320 9 2 28
36 448 8 9 3325916
36 555 6 1 4
36 705 3 5 1165
36 858 5 2 22
37 2 4 1 4
37 13 3 2 13
37 364 5 6 5262
37 594 6 2 25
37 640 6 5 1138
37 673 8 1 10
38 1 3 6 2560
38 180 10 3 115
39 3 7 1 5
39 48 8 2 32
39 520 9 5 5936
40 65 7 2 16
40 256 1 2 4
40 512 5 1 7
40 605 8 1 14
40 672 6 3 120
40 756 10 1 12
40 840 3 1 4
40 980 1 7 6429
41 96 5 2 12
41 276 7 5 1073
41 321 10 5 3653
41 513 6 2 16
41 987 3 2 14
42 42 4 4 239
42 140 6 1 7
42 329 4 7 20103
42 411 4 5 1805
42 778 4 1 7
42 839 4 6 7335
43 1 3 6 2952
44 10 6 1 5
44 12 7 3 79
44 430 1 3 8
44 524 4 2 15
44 794 10 2 41
45 50 3 3 18
45 74 7 9 9604140
45 266 4 1 4
45 615 8 1 7
45 808 9 1 14
45 844 2 7 13205
46 57 7 1 7
47 80 2 3 11
47 1022 3 2 13
48 67 10 5 3309
48 176 3 3 45
48 193 1 2 4
48 198 2 8 82556
48 226 7 3 72
48 646 2 4 58
48 708 4 2 14
48 789 8 2 16
48 843 1 4 67
48 932 3 2 7
49 4 7 5 2831
49 313 6 7 182962
49 516 10 1 17
50 9 10 3 136
50 113 9 7 55027
50 528 6 1 4
51 70 8 1 4
51 377 4 1 4
51 516 7 3 75
52 46 4 1 4
52 188 6 1 9
52 285 10 2 19
52 899 10 2 19
53 146 9 1 10
53 245 6 2 16
54 112 5 1 4
55 278 10 6 33106
56 89 1 6 4914
56 267 4 5 1266
56 472 3 4 250
56 544 8 3 79
57 5 4 4 125
57 33 5 4 280
57 128 9 1 7
58 113 5 3 39
58 470 1 4 35
59 58 1 2 4
59 292 9 5 1648
59 453 4 6 5405
59 583 5 2 10
60 33 6 1 4
60 112 6 2 22
61 644 1 3 12
61 648 1 2 4
62 521 6 6 17261
62 612 9 3 56
64 1 4 3 49
64 26 9 1 4
64 41 6 2 17
64 192 6 1 7
64 203 8 4 290
64 272 8 1 7
64 465 6 1 7
64 481 1 6 1607
64 514 2 5 1352
64 686 3 9 8190903
64 756 1 3 10
64 771 10 4 1051
64 780 1 3 7
64 790 9 2 40
65 61 4 2 17
65 96 2 3 21
65 104 9 3 56
65 218 1 3 6
65 241 3 5 1656
65 265 6 5 849
65 274 1 4 56
65 421 5 2 9
65 515 2 3 24
65 571 9 2 17
65 614 4 3 51
66 140 6 3 35
66 545 4 6 7726
67 16 8 1 14
67 20 9 2 34
67 73 6 1 4
67 453 3 2 7
67 482 4 1 4
68 153 9 6 10058
68 192 2 2 7
68 226 6 2 24
68 284 2 2 5
68 322 8 1 4
68 576 2 8 327821
69 138 10 7 309365
69 276 10 4 671
69 466 4 3 28
69 529 2 3 30
69 572 2 2 7
69 768 8 3 68
70 109 9 3 54
70 212 1 2 5
70 431 10 1 14
70 608 3 2 8
70 642 2 2 4
70 646 5 2 10
70 648 2 3 19
70 672 1 3 7
71 1 4 3 38
71 264 1 3 10
71 409 10 1 7
71 700 6 1 10
72 8 4 3 33
72 37 10 1 4
72 280 7 1 4
72 437 3 6 2129
72 533 1 2 5
72 961 3 7 55303
73 39 8 1 4
73 640 3 3 23
73 870 9 6 19524
73 999 9 2 36
74 512 1 2 4
74 548 1 4 28
74 768 5 7 68623
74 1012 4 1 4
75 259 7 4 177
75 576 10 5 1155
76 76 9 7 86205
76 84 1 6 2571
76 133 4 1 4
76 262 10 1 7
76 586 4 5 674
77 256 9 1 9
77 267 10 1 7
77 456 4 2 11
78 517 8 1 4
78 784 9 1 4
78 919 5 1 4
79 165 3 2 6
79 386 2 5 1053
80 82 1 2 4
80 132 6 1 4
80 211 4 3 43
80 528 10 1 7
80 920 1 5 496
81 807 3 3 41
81 852 10 1 10
82 280 9 1 14
82 283 6 9 10181056
83 115 7 3 47
83 124 6 2 21
83 304 2 6 3195
83 617 9 1 4
83 784 2 6 8078
84 64 1 3 13
84 74 8 1 4
84 216 7 1 7
84 490 10 3 57
85 31 1 2 4
85 65 6 6 8047
86 524 6 2 21
87 353 9 5 4697
87 462 1 8 213150
87 512 7 1 4
87 515 6 2 11
88 330 2 3 11
89 2 2 3 35
89 4 4 1 4
89 76 1 6 3925
90 274 6 3 37
90 843 3 2 7
90 977 1 2 4
90 988 7 5 1239
91 154 4 2 11
92 38 4 4 271
92 91 3 2 12
93 134 8 1 7
93 669 9 1 7
94 869 8 1 14
94 954 2 4 185
95 20 3 3 22
95 34 2 2 4
96 32 7 1 12
96 80 4 3 57
96 148 1 4 57
96 220 10 1 4
96 304 9 6 9110
96 321 2 6 4687
96 356 4 1 7
96 776 8 1 4
96 820 3 1 4
97 18 7 1 7
97 48 4 3 31
97 144 5 1 4
97 195 1 3 14
97 286 10 2 20
97 473 1 4 26
97 525 4 10 177263535
98 14 10 4 697
98 352 5 2 10
98 671 9 2 18
98 928 5 1 7
99 117 6 5 817
99 134 6 7 52989
100 128 3 4 114
100 294 10 4 907
100 752 1 4 58
100 768 4 3 50
100 901 4 6 8514
101 70 9 2 32
101 161 8 4 324
101 169 7 4 225
101 392 5 4 134
101 599 8 2 34
102 6 2 4 85
102 166 4 7 90749
102 264 8 4 561
103 704 3 2 14
104 28 10 1 11
104 48 5 2 14
104 132 10 3 67
104 512 10 3 141
105 3 8 1 4
106 652 2 4 129
107 3 3 1 4
107 129 10 3 138
108 133 3 1 4
111 12 1 4 72
112 0 3 1 4
112 1 5 4 186
112 3 7 2 14
112 28 9 6 8030
112 84 4 3 61
112 107 7 5 881
112 776 6 1 7
114 68 2 7 12805
114 416 3 1 4
114 452 2 4 223
114 497 2 6 1445
114 872 3 1 4
117 106 4 8 216835
117 803 2 2 4
119 446 1 4 85
120 0 10 1 7
120 76 9 3 55
122 24 4 4 299
122 80 4 4 137
122 294 8 1 7
123 600 4 3 49
124 304 7 2 19
125 268 5 2 12
128 10 7 1 4
128 58 5 5 1475
128 134 10 5 6489
128 200 1 3 10
128 208 10 1 6
128 320 6 1 10
128 362 6 2 28
128 376 7 1 5
128 433 10 1 12
128 770 2 2 7
129 10 9 4 209
129 37 4 6 7883
129 39 10 1 10
129 88 3 4 148
129 163 7 1 7
129 584 10 4 759
129 707 9 1 4
130 78 2 3 16
130 272 4 1 4
130 273 9 5 1584
130 520 9 2 44
130 532 10 1 9
130 540 3 2 7
130 675 1 2 4
130 772 8 6 6251
130 980 7 7 65242
131 581 6 4 142
132 17 3 2 10
132 94 9 3 69
132 137 3 2 7
132 372 3 6 4887
132 516 4 1 4
132 713 9 5 1146
132 916 2 2 4
132 957 6 4 462
133 23 1 3 12
133 138 3 4 304
134 84 3 4 85
134 224 9 4 329
134 377 9 1 12
134 390 3 1 4
134 516 8 4 660
134 768 8 5 1168
135 258 9 1 12
135 544 5 1 4
136 21 2 6 4706
136 39 9 2 24
136 81 1 3 10
136 160 4 1 4
136 482 3 3 38
136 610 1 5 122
136 657 9 1 4
136 684 1 2 4
136 831 8 6 27815
137 148 9 10 123687741
137 256 10 1 4
137 259 3 5 575
137 325 2 2 4
137 678 9 1 4
137 778 6 1 7
138 266 5 5 1648
138 415 7 5 4072
138 590 1 3 10
138 902 3 6 2546
139 87 5 3 64
139 426 5 2 17
139 865 6 1 10
140 135 6 3 32
140 168 10 1 4
140 464 2 2 4
141 2 8 2 23
141 954 2 6 4916
142 641 8 2 16
143 187 5 1 7
143 286 7 2 24
143 642 6 1 4
144 18 9 5 4686
144 68 2 3 44
144 257 3 2 9
144 418 8 4 211
144 433 6 2 15
144 520 6 1 7
144 800 2 2 4
145 1 7 7 247641
145 2 4 4 141
145 67 9 1 7
145 94 6 1 5
145 184 5 1 4
145 216 1 4 46
145 273 1 3 7
145 392 7 1 7
145 513 9 3 64
145 576 9 8 507104
146 69 10 6 10978
146 146 1 3 9
146 396 4 6 3370
147 522 6 4 199
148 1 7 3 44
148 24 2 3 31
148 130 8 1 7
148 139 7 1 12
148 146 4 1 7
148 278 5 1 4
148 464 7 4 772
148 515 6 7 41866
148 912 2 2 4
149 20 9 8 2972890
149 633 2 4 63
150 141 3 1 4
150 160 10 7 117435
151 132 8 1 4
153 151 2 2 6
153 171 9 5 1303
153 592 10 5 3190
153 598 2 2 7
153 961 2 4 77
156 54 10 1 4
156 133 8 8 429214
156 521 7 1 4
156 814 8 1 14
158 104 2 4 151
159 526 7 1 9
160 34 4 1 7
160 81 1 2 4
160 144 10 6 18304
160 452 8 3 43
160 644 9 5 1628
160 801 7 5 1763
161 21 5 2 25
161 40 6 6 5355
161 326 7 1 7
161 376 10 4 543
161 524 7 6 18718
161 576 1 5 122
161 717 4 5 1107
161 898 7 3 51
162 160 2 6 3073
162 290 7 1 4
162 306 10 2 42
162 517 7 1 4
163 227 6 1 7
163 361 7 2 20
163 601 3 2 12
164 34 1 7 14753
164 38 3 2 7
164 87 3 1 4
164 264 3 6 8921
164 280 8 2 30
164 636 5 1 7
164 646 3 5 345
165 141 2 2 4
165 397 9 7 228636
167 104 9 4 294
167 289 9 1 7
167 384 5 1 4
167 456 1 4 95
167 712 2 7 76405
168 8 9 1 7
168 52 7 1 10
168 68 4 1 7
168 480 2 2 4
169 25 6 2 12
169 72 1 3 12
169 514 8 2 27
171 144 5 5 1090
171 810 4 1 4
172 8 8 1 7
172 32 3 3 19
172 569 9 2 46
173 261 3 1 4
174 493 7 2 23
174 582 6 1 7
176 32 8 2 38
176 137 10 1 12
176 270 4 3 37
176 824 4 1 4
176 864 3 1 4
176 916 9 1 4
176 932 4 1 4
177 128 6 2 17
177 280 6 6 6715
177 560 6 1 10
177 611 1 5 460
177 744 2 3 12
178 100 9 5 1598
178 580 5 3 70
178 797 5 2 14
179 429 1 6 2974
180 152 10 9 4371008
180 600 4 3 43
181 97 4 4 308
181 331 8 1 9
181 768 4 5 468
181 964 7 7 170902
182 672 9 1 4
182 728 4 7 45255
184 141 10 5 1496
184 161 9 1 7
184 664 8 1 12
185 5 3 2 12
185 42 3 7 38925
185 391 4 4 95
186 272 6 1 4
188 4 9 1 10
188 199 10 1 11
192 43 10 6 16876
192 52 6 2 30
192 72 5 8 259162
192 177 4 1 4
192 536 3 2 9
192 713 4 6 6116
192 904 7 2 13
193 8 9 5 1093
193 28 2 3 12
193 131 1 5 196
193 422 1 5 167
193 775 7 1 11
194 321 3 3 19
194 592 7 1 4
194 677 7 4 350
196 81 1 2 4
196 286 2 2 7
196 377 4 2 14
197 61 4 5 589
197 100 8 1 4
197 592 8 2 18
197 611 5 4 367
197 769 9 2 45
198 3 4 1 4
200 146 9 5 3282
200 445 5 4 196
200 577 3 8 231649
200 924 9 1 4
201 39 4 2 12
201 98 4 1 4
201 140 8 1 9
202 11 10 1 5
203 654 3 4 328
204 6 4 1 4
205 457 3 5 396
208 88 9 2 18
209 55 1 3 14
209 513 5 10 364050310
209 564 6 1 4
210 1 4 7 39400
210 882 3 1 4
211 4 10 1 7
212 34 2 2 4
212 69 5 1 4
212 112 3 2 7
212 262 5 2 24
212 285 3 1 4
212 673 10 2 26
213 64 3 2 9
214 369 6 1 4
214 585 4 1 4
216 66 5 2 14
216 792 4 3 62
218 86 2 2 4
219 389 9 1 11
220 176 3 4 143
220 658 9 1 4
222 532 9 1 4
225 257 9 1 5
225 316 5 4 490
225 948 1 3 7
226 35 5 1 4
226 157 7 1 4
227 336 4 4 290
227 592 8 1 4
227 838 2 2 5
228 294 1 7 27033
230 9 10 4 643
231 290 8 1 4
232 5 2 4 64
232 130 7 6 13223
232 480 3 2 7
233 212 2 6 6451
233 912 10 2 35
233 973 6 1 4
234 848 1 2 4
234 917 2 2 7
235 281 9 3 104
235 645 5 4 415
237 91 6 3 99
238 620 5 4 147
238 642 6 3 73
239 560 6 5 684
240 18 7 1 7
240 799 9 2 17
240 914 1 5 400
241 206 9 1 10
241 245 4 8 284749
242 156 9 1 4
244 33 4 1 4
244 356 10 3 161
244 932 1 3 7
245 705 9 1 15
246 64 9 1 4
247 626 2 4 113
248 290 10 1 17
248 557 5 7 59247
248 902 5 5 573
250 46 4 2 19
253 636 3 4 200
256 1 1 6 4177
256 4 10 1 4
256 5 4 2 10
256 97 1 3 6
256 243 7 1 4
256 262 8 2 24
256 344 4 4 295
256 416 4 1 7
256 512 1 2 4
256 522 7 1 7
256 705 3 4 215
256 764 3 2 11
256 772 7 1 9
256 804 3 2 10
256 904 5 1 5
256 992 8 1 12
257 0 10 5 3392
257 156 1 3 9
257 272 7 1 10
257 544 3 5 1716
257 680 8 5 1721
257 806 3 2 7
257 912 5 2 10
257 945 8 1 10
258 24 2 4 71
258 34 7 4 181
258 36 1 5 158
258 138 3 1 4
258 265 8 3 83
258 673 6 3 38
258 810 4 3 35
258 880 1 3 9
259 7 6 2 27
259 100 10 2 44
259 165 3 1 4
259 226 4 2 10
259 268 4 1 4
259 327 9 4 528
259 532 5 3 29
260 131 4 1 4
260 256 9 2 25
260 295 3 2 7
260 522 3 6 13355
260 545 1 3 20
260 678 8 2 41
260 978 5 3 105
261 8 7 5 2521
261 67 1 2 4
261 356 3 2 10
261 672 10 1 9
262 134 10 3 55
262 193 8 1 9
262 906 5 1 7
264 1 9 1 7
264 4 2 8 525509
264 296 10 3 82
264 320 1 4 27
264 568 1 4 52
265 339 5 1 4
265 632 8 1 13
266 11 7 1 7
266 56 6 1 5
266 242 5 3 39
266 272 7 1 4
266 336 6 1 4
266 504 5 2 19
267 523 9 2 36
267 581 1 2 4
268 12 4 4 184
268 34 10 2 30
268 177 9 1 4
268 192 10 1 15
268 512 2 2 7
268 524 4 1 4
268 577 6 2 22
269 444 4 4 428
269 640 10 2 41
270 73 1 5 182
270 532 2 4 128
270 642 6 1 4
272 41 7 4 380
272 162 7 1 4
272 208 9 1 4
272 225 2 2 4
272 234 9 1 4
272 259 5 4 236
272 280 10 1 4
272 378 8 3 69
272 520 7 2 15
272 554 2 2 4
272 640 1 5 316
272 899 10 6 37737
273 581 9 2 22
273 693 9 1 4
273 809 3 3 27
273 903 10 1 9
274 98 8 8 574689
274 334 3 2 7
275 116 7 7 36602
275 401 3 1 4
275 485 1 3 17
275 512 3 4 172
276 392 10 5 2300
276 628 8 3 46
276 661 10 1 7
277 8 3 4 76
277 27 7 1 12
277 128 9 2 19
278 258 7 2 20
279 18 8 1 5
279 901 6 1 4
280 36 4 5 2100
280 82 6 1 4
280 600 1 3 22
280 674 2 9 2103287
281 101 5 6 9347
282 717 10 1 5
282 787 9 1 9
284 835 3 4 78
285 104 3 7 52503
286 832 1 4 24
288 47 5 3 30
288 50 2 2 4
288 132 1 4 29
288 224 7 2 14
288 292 9 5 4533
288 545 4 1 4
289 156 1 3 7
289 468 3 9 3612323
289 472 2 6 7695
289 753 7 7 41108
289 788 5 2 12
290 0 1 8 218189
290 258 8 1 4
290 328 1 3 10
290 388 4 4 210
291 32 4 2 19
291 610 9 2 27
291 768 6 5 1432
291 967 2 3 12
292 7 1 4 53
292 19 8 1 11
292 134 7 3 40
292 162 7 1 4
292 524 6 5 1695
292 593 10 5 2565
293 256 8 1 4
294 27 9 1 4
294 742 1 7 24508
294 864 1 3 14
296 57 9 1 7
296 84 10 3 149
296 131 10 2 30
296 231 6 1 4
296 288 10 1 4
296 336 5 6 9836
296 409 8 7 275876
296 516 2 2 7
297 167 4 1 4
297 325 9 5 6032
297 389 6 1 7
298 75 9 5 4283
298 800 1 5 406
300 29 2 8 309497
300 140 7 1 7
301 274 8 3 87
301 777 5 1 7
303 292 4 6 3773
304 8 6 1 7
304 42 10 1 4
304 63 8 4 229
304 106 1 7 6383
304 212 5 3 76
304 258 2 2 9
304 292 2 2 4
305 11 9 1 4
305 34 5 3 33
305 163 7 2 17
305 576 1 4 29
306 36 7 3 147
306 550 9 2 27
306 918 7 2 18
307 514 4 1 4
308 583 1 2 5
308 832 3 2 12
308 848 1 3 20
309 77 3 5 628
309 774 2 3 36
310 44 9 1 4
312 514 1 6 3146
314 109 3 3 59
314 376 7 3 78
314 518 8 5 1095
315 739 6 3 32
316 452 3 1 4
318 532 9 7 44630
318 914 6 1 4
320 29 8 5 4789
320 315 9 2 29
320 428 4 2 17
320 468 1 2 4
320 641 9 2 28
320 720 1 5 172
321 4 6 4 516
321 262 9 1 7
321 768 6 3 56
321 834 10 1 16
321 1008 3 2 7
322 0 1 4 30
322 80 9 4 774
322 196 2 6 1440
322 272 8 7 102847
322 416 1 4 25
322 899 6 1 4
323 360 5 5 2852
323 515 5 4 335
324 16 5 4 160
324 106 8 1 9
324 167 9 2 16
324 179 3 2 9
324 200 4 1 4
324 513 7 2 20
324 530 5 7 161200
325 6 3 8 269178
325 145 3 1 4
325 614 3 5 1522
325 720 5 2 16
326 11 9 1 15
326 32 9 1 11
326 116 4 3 40
326 280 4 4 193
326 443 7 1 4
327 698 5 3 38
328 45 8 1 10
329 35 8 6 5767
329 258 5 1 4
329 836 2 5 1306
330 204 10 2 48
331 512 4 3 45
332 456 8 2 17
334 265 8 7 45620
335 83 5 6 3627
335 391 5 2 12
336 18 5 4 135
336 100 8 5 2085
336 576 5 1 4
336 632 8 7 52225
337 768 7 3 75
337 833 6 1 4
338 33 2 2 4
338 160 7 1 8
339 42 8 1 4
340 106 5 3 61
340 763 8 2 20
341 576 7 5 3014
342 15 8 1 5
342 168 10 1 9
342 536 7 7 109014
343 475 9 3 77
344 188 10 4 305
344 676 5 1 8
345 728 10 1 5
345 992 5 1 4
346 11 3 9 2426452
347 149 8 1 5
347 296 9 1 9
347 313 7 1 4
348 128 1 5 157
348 395 7 1 7
352 419 2 6 8873
352 680 5 2 19
352 860 10 4 953
353 138 10 4 373
353 389 10 5 1862
353 684 4 1 7
354 25 3 4 115
354 30 10 1 7
354 288 9 2 17
354 836 4 4 311
355 134 8 5 1799
355 634 2 3 11
356 800 2 2 4
357 433 4 2 9
357 641 7 3 83
358 3 7 5 3645
358 168 4 6 7541
360 514 5 3 33
360 555 10 1 4
360 732 6 1 7
360 784 7 3 88
360 810 3 3 22
361 316 2 4 51
362 34 1 3 9
363 162 9 3 105
363 424 3 5 383
364 740 7 5 874
366 657 10 9 3887584
368 925 7 5 1105
371 112 7 3 54
371 772 3 2 7
375 77 5 1 4
376 193 5 3 61
379 333 7 3 55
381 531 8 3 53
382 562 3 5 347
384 5 2 2 4
384 6 1 2 4
384 168 8 1 4
384 312 10 1 4
384 332 8 5 1843
384 423 9 1 14
384 457 10 1 10
384 481 3 3 25
384 531 10 1 4
384 597 5 4 316
384 692 10 2 33
384 841 4 8 1408773
384 962 8 2 38
385 75 3 1 4
385 213 7 4 637
385 214 8 3 90
385 513 4 1 4
385 563 4 2 8
386 64 2 2 4
386 206 2 2 7
386 275 5 2 10
386 681 6 4 427
386 846 4 7 89064
386 849 10 1 16
386 912 7 3 103
387 297 4 3 60
387 1016 3 6 3655
389 596 10 3 89
390 566 9 1 7
391 8 6 1 7
391 461 1 2 4
392 553 7 2 17
393 461 7 5 1732
393 577 4 2 10
394 590 6 1 4
395 4 9 1 11
395 558 4 3 36
395 647 5 5 630
396 6 7 1 4
396 454 5 6 6106
396 546 3 6 3621
396 960 7 1 4
397 132 4 3 33
397 305 8 5 1565
397 518 2 6 6358
398 943 7 6 10002
399 9 6 1 4
400 10 6 1 4
400 21 10 1 17
400 144 1 5 134
400 712 2 2 4
401 16 1 6 4338
401 58 10 1 7
401 277 5 2 12
401 673 6 1 7
402 80 10 8 1008102
402 769 5 3 28
403 20 6 5 3422
404 209 1 4 30
404 298 7 6 9926
405 160 1 2 4
406 677 10 1 11
406 928 4 1 5
407 591 10 2 19
408 66 8 7 194416
408 405 6 3 42
408 576 8 1 4
409 66 8 1 12
409 417 9 2 20
409 888 10 4 656
410 520 3 1 4
411 20 3 2 13
412 6 9 1 10
413 640 1 2 4
415 101 2 2 4
416 52 4 3 46
416 279 1 5 278
416 292 5 1 7
416 531 8 1 12
416 832 7 1 7
417 577 8 3 135
418 16 6 1 9
419 7 9 1 7
419 62 1 2 4
419 844 3 6 4109
420 32 7 6 5341
420 114 10 5 1985
420 424 1 7 7232
420 538 7 8 2202482
420 545 3 6 2717
421 400 3 2 15
422 736 2 2 4
424 481 2 5 407
425 161 3 8 221858
425 261 4 1 4
425 776 7 5 1332
426 644 5 5 583
427 580 4 6 5233
428 32 3 2 6
428 194 6 2 13
428 620 6 3 67
428 880 10 1 7
430 8 9 1 4
430 203 1 6 983
433 197 10 5 2252
436 597 5 2 23
436 641 1 4 103
437 2 9 7 86087
441 21 8 1 4
442 146 1 3 10
442 691 2 2 4
444 769 3 5 438
444 801 1 3 9
448 92 8 3 64
448 513 10 2 19
448 655 3 3 18
449 321 8 2 20
452 48 1 7 18741
452 136 9 5 1038
452 488 4 7 142064
452 512 2 2 4
452 513 2 2 7
453 368 7 3 46
453 661 3 2 7
454 9 3 3 35
454 634 1 5 582
454 782 6 1 7
455 640 1 2 5
456 105 4 1 4
456 376 6 1 7
456 774 6 4 201
457 906 9 4 350
458 101 4 1 7
458 743 9 1 4
460 197 4 1 4
460 462 8 1 7
460 566 5 2 24
461 625 7 1 12
462 516 2 3 15
462 641 9 1 10
463 916 6 2 30
464 265 4 2 9
464 928 7 1 4
465 531 6 2 29
465 902 3 5 399
467 211 9 1 4
467 300 7 3 122
469 425 5 1 4
472 226 4 1 4
472 256 2 3 35
473 600 8 1 7
480 0 6 1 4
480 665 9 4 234
480 731 8 1 4
481 288 9 1 7
481 416 2 2 4
482 64 3 1 4
482 208 7 3 55
482 285 7 7 87961
483 555 6 1 4
488 3 6 3 57
488 269 4 4 411
488 334 7 1 4
488 565 7 8 886482
489 64 6 9 2417773
491 112 9 4 217
496 433 4 1 4
496 978 10 1 14
501 519 1 4 26
504 267 5 4 421
505 332 10 8 1183868
506 706 10 3 79
512 1 8 1 4
512 5 4 1 4
512 65 8 3 51
512 96 2 4 64
512 173 4 1 4
512 420 5 5 2405
512 438 9 3 55
512 453 8 2 21
512 482 6 8 247773
512 522 5 1 4
512 685 7 3 80
513 42 6 1 7
513 47 5 3 56
513 65 3 3 65
513 100 10 5 1707
513 112 9 3 50
513 304 9 3 131
513 340 3 3 29
513 548 4 1 4
513 640 8 1 9
513 644 1 6 2280
514 4 1 7 37581
514 36 7 1 9
514 160 10 3 158
514 522 7 2 14
514 572 6 2 13
514 780 2 3 15
515 93 10 2 19
515 157 9 1 7
515 273 2 2 7
515 598 9 1 15
516 33 4 1 7
516 69 9 1 13
516 72 1 3 7
516 169 4 2 14
516 357 2 5 493
516 385 5 2 17
516 442 10 3 142
516 555 9 1 4
516 582 1 3 7
516 605 4 3 29
516 779 2 5 368
516 785 2 3 21
517 0 6 3 33
517 3 5 6 6720
517 8 6 6 4370
517 34 2 4 100
517 132 6 1 4
517 177 7 2 16
517 233 4 2 14
517 281 6 1 9
517 525 5 1 4
517 534 3 3 30
517 672 4 3 22
517 676 5 4 140
518 0 5 3 59
518 41 3 5 725
518 66 8 5 2558
518 517 1 3 7
519 517 4 2 11
519 944 4 1 4
520 9 2 2 7
520 94 2 2 4
520 164 3 8 387346
520 296 9 2 38
520 328 2 3 14
520 785 2 2 4
520 812 6 2 11
520 896 5 3 54
521 229 3 6 13510
521 546 3 3 54
521 554 5 1 4
522 1 5 3 94
522 234 3 4 291
522 549 8 2 27
522 652 10 6 25493
523 650 6 2 17
524 173 8 1 4
524 520 2 2 4
525 820 4 1 7
526 548 10 3 55
526 776 7 1 4
527 36 5 6 11709
527 713 5 6 18303
528 36 1 3 7
528 97 7 3 47
528 344 9 6 35130
528 406 10 3 180
528 512 3 6 2398
528 582 3 2 10
528 611 10 6 21024
528 720 9 1 10
528 801 6 2 27
529 148 3 9 3235498
529 423 10 1 4
529 520 9 3 59
529 737 9 1 7
529 836 2 3 12
530 20 3 5 616
530 86 7 6 5274
530 132 1 7 10265
530 278 9 1 7
530 325 7 1 4
530 522 4 1 4
530 696 9 1 8
532 11 5 3 33
532 134 5 3 42
532 292 6 3 54
532 550 8 1 4
532 853 5 8 602933
533 5 1 2 4
533 37 10 1 14
533 787 10 1 4
534 6 9 5 3275
534 425 7 1 7
534 786 8 1 4
534 928 5 3 108
535 10 1 5 165
536 244 6 2 26
536 412 6 3 46
536 687 6 6 4481
536 902 7 2 29
537 99 3 2 7
537 138 2 2 4
537 478 4 5 463
538 74 6 4 261
538 84 5 4 286
538 820 3 3 24
540 481 3 2 10
541 344 1 7 16325
541 793 2 4 68
544 6 6 3 104
544 24 4 1 4
544 151 10 1 7
544 160 2 3 28
544 401 1 3 7
544 429 7 3 67
544 536 10 1 12
544 542 2 2 4
544 551 3 3 26
544 597 2 7 14767
544 718 9 1 4
545 209 2 2 4
545 226 4 8 251991
545 520 4 1 4
545 914 1 7 27759
546 2 5 8 1023224
546 4 6 1 5
546 263 6 2 23
546 612 1 10 8560198
546 650 3 3 22
546 758 1 4 73
546 900 2 7 74576
547 265 3 4 127
547 427 1 3 9
548 169 9 3 79
548 512 8 1 6
548 577 10 4 455
548 586 3 4 95
549 97 9 2 25
549 288 10 5 1516
549 530 5 1 7
550 649 1 4 37
551 40 10 2 21
551 89 4 1 7
552 136 8 1 12
552 640 8 4 236
552 656 8 1 7
552 932 5 2 9
553 36 8 2 26
553 102 2 2 4
553 933 5 2 16
554 4 9 4 230
554 137 5 3 56
554 296 8 2 25
555 418 3 3 35
556 409 3 2 13
557 15 3 2 12
557 370 1 2 4
557 512 2 2 7
557 557 2 2 7
557 770 10 6 39242
557 938 8 3 46
559 557 10 5 1819
560 18 1 2 4
560 32 1 2 4
560 96 4 4 138
560 104 10 1 7
560 168 3 4 268
560 354 1 3 15
561 10 8 3 144
561 444 10 1 11
561 521 4 3 24
561 786 9 2 39
561 993 10 1 4
562 162 5 4 440
562 977 3 3 20
562 992 3 4 88
563 20 8 2 17
564 656 3 2 7
564 659 4 5 824
565 105 2 2 4
566 4 5 1 7
566 132 7 1 12
567 793 1 3 15
569 385 7 3 41
569 522 7 5 2933
571 100 5 1 7
571 457 1 2 4
572 36 6 2 29
572 64 4 3 26
572 257 9 2 31
572 777 8 1 4
573 886 1 3 17
574 18 3 8 123179
574 533 6 2 12
574 696 1 6 951
576 5 8 1 10
576 19 5 1 7
576 48 1 2 4
576 76 10 3 81
576 133 4 2 10
576 172 7 2 36
576 193 6 1 4
576 228 4 1 5
576 371 10 1 9
576 525 7 3 105
576 547 4 2 15
576 607 4 1 4
577 72 10 2 18
577 236 2 3 12
577 292 4 1 7
577 401 1 3 7
577 661 6 5 875
578 26 3 5 409
578 96 3 3 20
578 120 6 3 45
578 136 3 1 5
578 554 5 1 4
578 572 5 2 9
578 575 6 2 15
579 80 10 7 158097
579 136 9 2 43
579 789 10 1 7
580 64 5 1 4
580 507 7 1 4
580 528 1 4 27
580 598 4 1 4
583 129 8 6 22262
585 64 9 5 2209
585 208 4 5 484
585 217 7 1 4
585 354 7 2 17
585 389 6 5 2187
586 64 5 4 133
586 530 5 3 90
586 658 7 3 82
588 784 3 1 4
589 389 6 1 4
590 276 3 1 4
590 300 7 1 7
590 520 2 3 19
590 788 4 3 32
592 2 3 3 45
592 148 8 1 4
592 528 4 3 55
592 585 6 2 23
592 856 1 6 3410
593 429 3 7 58427
595 58 8 6 9493
595 557 6 2 20
596 33 9 6 19142
596 91 6 2 30
596 154 2 2 4
597 387 6 1 7
599 92 3 4 67
599 176 8 1 4
600 68 3 5 1134
600 562 4 3 34
600 573 10 2 26
600 575 3 4 128
601 335 2 4 46
601 431 1 2 5
602 480 4 2 15
604 913 8 2 15
605 80 4 6 6698
606 281 7 2 26
607 288 1 6 4235
607 393 4 1 7
608 176 4 1 7
608 522 10 1 4
608 576 6 1 4
608 648 8 3 76
609 210 10 3 82
609 526 8 4 198
611 125 6 4 265
612 534 6 6 24021
613 840 10 1 10
614 265 5 4 331
614 936 7 2 15
616 450 8 4 671
617 374 6 1 4
617 908 3 1 4
618 1004 10 2 32
619 76 7 8 412596
619 231 3 4 267
621 293 10 1 7
623 1000 4 4 402
624 579 3 3 27
625 5 3 5 447
625 261 7 5 990
625 530 10 2 30
626 8 6 2 25
626 104 6 7 50149
626 114 2 2 4
626 528 6 1 4
627 3 1 2 4
627 418 5 2 14
627 769 10 1 4
629 446 5 2 9
629 528 5 2 16
631 24 10 1 9
632 18 5 3 75
633 812 1 4 50
635 546 7 2 15
637 73 1 3 15
638 161 7 1 3
640 4 1 4 68
640 6 6 1 7
640 16 2 3 13
640 160 10 1 4
640 181 7 3 50
640 258 9 3 177
640 525 3 4 280
640 584 4 1 4
640 732 10 1 4
640 938 5 1 7
640 952 7 1 7
642 512 7 1 7
642 724 10 1 4
643 73 9 1 9
644 48 4 1 7
644 387 4 3 44
645 4 6 1 4
645 548 7 3 44
646 289 1 2 4
646 388 6 4 341
648 76 6 8 436560
648 98 4 6 10873
648 210 3 5 879
648 301 10 5 1317
648 369 8 3 134
648 512 9 1 7
648 694 5 3 52
648 769 2 3 19
649 4 4 2 9
649 48 2 2 4
650 108 1 6 2679
650 953 10 3 183
651 290 7 2 36
652 594 7 1 11
654 129 1 3 17
654 565 5 5 1345
656 259 2 6 1971
656 370 5 1 4
657 79 2 4 74
657 201 2 2 7
658 10 3 4 123
658 26 8 2 35
660 36 6 1 10
660 85 5 2 11
660 648 5 1 4
661 608 9 1 4
662 374 9 1 9
664 16 6 1 10
664 205 7 3 58
664 539 10 1 4
664 781 5 2 11
665 3 8 4 817
665 260 3 1 5
668 464 8 5 1110
668 749 4 6 4708
672 1 2 7 16656
672 64 3 4 75
672 129 6 2 15
672 514 2 7 44964
672 608 8 2 17
672 717 4 1 7
674 288 5 2 23
674 401 9 3 52
675 257 7 1 7
675 470 5 3 64
676 52 2 2 4
677 121 3 4 80
677 641 2 3 12
678 237 9 1 7
679 556 6 2 19
680 20 5 1 4
680 39 1 2 4
680 450 5 5 822
681 6 3 7 41920
681 33 4 2 9
682 14 10 8 3077418
682 156 1 4 33
684 1008 10 1 10
686 426 4 4 142
688 385 9 1 4
689 80 9 1 9
690 110 10 1 4
691 12 5 5 751
693 397 3 2 7
693 522 4 1 7
694 768 1 3 7
694 931 4 3 53
694 976 9 3 94
695 517 10 2 25
695 585 2 2 4
696 885 6 1 4
697 710 7 3 48
700 229 6 1 4
700 864 9 1 5
701 34 8 4 450
701 941 3 3 57
704 34 3 5 393
704 76 3 2 7
704 135 10 1 15
704 292 5 7 87581
704 370 3 7 32820
704 514 2 2 10
704 673 2 8 83000
705 596 7 1 4
705 854 10 6 7720
706 17 4 1 4
706 460 6 3 126
706 732 4 1 4
708 108 3 2 7
709 325 6 1 7
710 2 7 6 20340
712 35 10 1 4
712 141 5 8 683290
712 283 7 1 12
712 862 3 1 4
713 837 8 4 270
716 98 1 5 332
716 339 6 1 9
716 842 4 1 7
719 512 8 2 30
720 7 7 1 10
720 144 6 1 7
720 803 4 1 4
721 0 2 2 4
721 170 1 4 42
721 584 3 10 474219295
722 100 5 1 7
722 104 8 1 4
722 146 10 1 5
722 258 5 5 1964
722 393 4 1 6
722 398 7 1 7
722 464 9 1 4
723 142 10 1 10
724 20 3 3 29
724 596 1 3 7
725 44 9 2 32
725 65 5 1 5
726 322 6 1 4
727 200 7 1 4
728 350 3 5 810
728 712 8 1 4
729 578 10 1 4
730 332 10 2 49
736 24 6 1 4
737 64 7 1 5
737 610 6 7 38691
738 970 2 2 6
740 235 1 2 4
740 801 4 4 120
741 45 6 6 16198
741 260 6 1 4
742 97 8 2 39
743 787 3 5 1849
744 124 4 7 69679
744 280 4 4 93
744 762 3 2 10
745 63 10 5 1212
746 386 2 4 122
751 506 5 1 7
752 261 6 3 68
752 494 9 3 167
754 32 2 2 4
760 40 6 3 128
760 220 7 5 2059
760 257 5 2 20
760 300 6 1 4
763 668 4 3 39
765 513 2 2 5
768 326 6 1 10
768 502 6 1 7
768 608 10 1 7
768 666 7 1 4
768 736 10 4 824
768 738 4 1 4
769 34 2 6 2001
769 277 10 4 387
769 640 5 1 5
769 773 5 3 48
770 67 6 3 53
770 211 3 8 417751
770 256 3 1 4
770 515 6 1 4
771 128 4 2 12
771 793 5 4 454
771 800 9 8 1565867
772 0 3 2 12
772 130 9 2 17
773 1 6 4 282
774 8 7 1 12
776 101 5 3 62
776 586 2 6 2364
776 697 6 2 14
777 6 6 9 13006301
777 84 5 8 615727
777 200 9 4 398
777 318 4 3 49
777 539 1 5 160
777 554 4 3 69
778 330 1 2 4
778 389 3 2 7
778 707 8 1 14
780 14 3 1 4
780 16 1 2 4
780 193 5 8 457595
780 552 5 2 10
780 707 10 1 4
780 901 1 3 12
781 222 6 4 237
781 496 4 5 638
782 226 3 7 71405
782 405 9 4 312
784 1 9 1 14
784 514 10 6 29200
784 549 3 1 4
784 569 4 1 4
784 604 7 4 471
784 634 10 2 27
785 45 6 2 18
785 257 2 4 141
786 142 10 5 4230
786 576 5 1 7
786 914 8 1 4
787 199 2 2 7
788 324 7 1 4
788 332 9 2 18
792 540 10 1 9
792 594 10 6 13303
793 52 3 1 4
793 498 6 2 12
793 628 6 6 13218
795 661 3 2 9
798 776 3 3 17
800 45 4 2 14
800 73 4 8 748979
800 97 3 7 47315
800 133 6 1 7
800 824 5 5 897
801 34 5 3 46
801 312 6 1 4
801 592 6 7 75287
801 642 1 4 59
802 769 10 1 7
803 512 10 1 7
804 0 8 4 316
804 104 6 2 15
804 337 3 2 15
806 43 10 1 12
806 134 5 8 318794
806 232 10 7 78815
806 326 9 1 11
806 480 4 4 208
808 526 5 2 9
808 937 7 4 307
808 945 8 3 112
810 17 1 6 3648
810 394 3 3 38
810 416 2 3 32
812 778 10 1 7
814 161 6 2 23
814 264 5 2 13
814 523 6 5 688
814 905 4 3 76
816 24 8 7 132646
817 784 9 1 7
819 538 2 2 10
821 236 8 2 30
822 211 7 7 70468
824 392 3 3 24
824 609 8 6 20973
824 978 1 4 26
830 356 9 2 25
832 21 7 1 12
832 43 6 4 539
832 304 2 4 122
832 328 10 3 54
832 548 8 1 4
833 147 7 1 7
833 999 2 2 4
834 32 2 4 45
834 67 4 1 4
834 148 4 1 4
834 912 6 2 22
835 264 4 2 11
835 392 8 2 20
835 583 4 6 3025
836 485 1 4 58
838 785 10 1 4
839 21 1 2 4
840 96 1 3 13
840 106 3 9 3957470
840 545 5 3 49
840 800 4 3 33
841 370 8 1 14
842 200 10 1 4
843 939 4 3 73
844 584 9 1 4
845 624 3 2 7
848 188 9 3 112
848 313 6 3 78
848 391 7 1 4
848 899 2 7 25252
849 1018 8 1 12
850 308 8 1 4
851 195 1 3 17
852 2 3 1 4
852 72 6 3 79
852 824 2 3 23
854 681 6 3 42
856 256 1 3 9
856 866 5 1 5
857 42 5 4 273
863 516 9 1 7
864 23 5 2 9
864 786 10 3 71
866 260 3 2 7
867 998 8 2 16
868 332 2 2 9
870 6 6 1 9
871 264 8 5 2354
872 32 8 1 4
872 165 7 3 147
873 9 4 1 7
875 164 1 3 17
878 258 3 4 80
880 611 10 1 7
882 42 2 3 16
882 778 7 1 7
884 802 5 5 622
885 601 9 2 34
894 392 6 2 17
895 603 6 2 21
896 330 4 3 23
896 868 5 1 4
897 115 10 1 4
897 523 2 2 5
897 1002 3 4 79
898 336 4 4 207
898 699 8 2 17
899 537 9 1 14
899 736 5 2 12
900 4 5 3 43
900 162 2 2 4
902 420 4 2 15
903 339 10 1 15
904 231 5 6 12429
904 552 8 4 279
904 888 1 4 37
905 12 7 5 1051
905 540 6 1 4
905 572 8 1 13
906 137 1 5 129
906 194 8 1 4
906 210 2 2 4
906 328 10 3 208
907 276 2 6 6937
908 456 1 2 4
911 10 8 3 50
912 2 1 3 22
912 129 5 3 96
912 388 1 3 19
914 669 3 3 17
914 776 9 3 162
914 968 2 2 7
915 431 1 3 7
916 742 5 1 4
917 560 6 1 4
918 0 6 1 4
920 200 7 1 7
921 272 6 8 539477
921 320 1 4 38
922 8 5 3 41
922 784 4 8 445715
924 33 9 9 29242007
924 196 5 3 83
927 190 9 5 6022
928 384 9 4 247
928 516 7 1 6
928 518 9 1 9
929 10 9 7 97934
929 257 8 7 95440
929 316 10 2 19
930 547 1 4 63
930 720 5 1 7
931 230 1 2 4
931 657 5 2 10
932 274 4 1 4
933 657 2 3 27
934 94 7 2 22
938 261 3 4 136
938 552 2 3 35
940 512 1 9 383666
941 771 6 1 7
944 165 10 2 33
944 756 2 4 117
945 456 9 1 4
946 205 9 1 7
947 568 5 4 112
951 818 8 3 45
952 37 3 1 4
953 905 1 2 5
954 22 1 4 32
958 844 1 4 61
960 358 4 3 26
961 131 5 4 566
961 333 5 1 7
961 472 7 2 16
961 481 6 3 59
963 130 5 1 4
965 937 1 6 4599
966 29 10 6 24540
966 192 5 1 6
966 197 3 1 4
966 555 4 2 13
968 51 8 2 24
968 352 7 1 12
968 360 2 2 7
969 313 9 2 39
969 769 7 1 4
970 180 9 10 181641062
971 566 4 1 5
977 22 6 1 4
977 549 4 1 4
978 817 5 1 4
984 483 3 3 23
986 772 6 1 4
987 962 3 7 85509
990 35 4 1 7
996 836 4 2 8
998 179 9 2 27
1000 260 9 3 126
1001 286 6 1 4
1002 652 2 3 36
1002 912 7 1 5
1003 684 7 4 433
1004 129 4 1 7
1011 36 5 4 186
1013 316 7 1 9
1018 358 6 4 371
1021 643 7 1 4
