1302 0.0027895180789311766 
995 0.00275713066594089 
212 0.002705865314730664 
735 0.0028002455187451764 
962 0.0028593034576674557 
1442 0.002796087463670832 
341 0.00278161728969649 
1484 0.0028400622230553767 
796 0.002847907151163861 
867 0.002831210884986749 
750 0.0027780608663354714 
863 0.0027730396735423956 
335 0.0028281841471072713 
488 0.002808981603680038 
1416 0.0027755997096198947 
949 0.00278746167859346 
692 0.002723749966889573 
664 0.002758517072346446 
1065 0.0027511636543812133 
372 0.002790288947802018 
350 0.0027847437307361345 
1031 0.002786646231770207 
191 0.002763590260696104 
379 0.0027937144659608447 
1650 0.002767128906826491 
731 0.0027731877097696626 
858 0.0027685320622365226 
638 0.002791070432029755 
572 0.002785964347146881 
1645 0.002745993242201496 
1928 0.0027806392893224554 
113 0.0027581473021468465 
1538 0.0028203760528351073 
1249 0.0029300275187838835 
517 0.002821523959718378 
1239 0.0028311462440038394 
1695 0.002732473142960318 
1188 0.0028337811223961376 
119 0.002702330961539382 
589 0.0028988381399812227 
845 0.002791417542939193 
34 0.0028133885648663546 
1170 0.002771237354454534 
1985 0.0027994343017467642 
1158 0.0028033230434572998 
518 0.002824543387353985 
1960 0.0027903435044726262 
1572 0.002779783940879887 
344 0.0027864934350391494 
1739 0.002786597083793465 
1443 0.0028231958822146877 
1154 0.0026441247249119637 
1259 0.0027707191166577044 
887 0.002886682905439774 
338 0.002742295564128317 
1718 0.00280508934151999 
1182 0.0027786792759614794 
1227 0.002765429127942707 
1085 0.0027501915628125513 
1786 0.002777604848027894 
862 0.002826142630133865 
194 0.002891906241357492 
886 0.0028707596104477562 
1782 0.002808990403874239 
808 0.0027994345987851794 
1721 0.002777403831277769 
805 0.002751626283786412 
325 0.0027988280533621434 
1652 0.002831696530140826 
996 0.0028277178838227463 
1756 0.002842975822029943 
676 0.0028069258804736363 
1911 0.00278808179250199 
602 0.0027494663748653474 
1576 0.002788802922137386 
419 0.0028345603718561646 
706 0.002756085591591361 
1518 0.0028871540353950518 
1381 0.0027576347833427185 
788 0.002846414623393578 
1332 0.0027885476072366812 
1719 0.002876516394341042 
1385 0.002811541910525411 
1581 0.002822524647992376 
117 0.002781612858248039 
1564 0.0028595713029778325 
423 0.0027351386750188566 
1288 0.0027415917727007483 
1949 0.002853455947216015 
653 0.0027263990535779563 
1105 0.0027777520771583063 
1621 0.0025889762618280516 
340 0.0027651815170325355 
688 0.00286720555381177 
1482 0.0027668780460285446 
757 0.002779295596608382 
1998 0.0027992268347450987 
710 0.002763529650310566 
1018 0.002784387534303904 
585 0.0027614263063784022 
184 0.00281678301138314 
980 0.0028450205524141728 
1262 0.0028191491181048123 
1281 0.0028245863201399233 
94 0.0028640790422269392 
96 0.002779247030998945 
1941 0.0026779430343251334 
265 0.0028016802930735676 
1877 0.002764457446649428 
1187 0.0027503965229948727 
599 0.0027919111119000654 
912 0.002847134868065766 
844 0.002720424117371617 
1857 0.0027969113046864965 
902 0.002770403093490188 
1086 0.0027616895244592606 
4 0.002800563113460464 
1800 0.0027366359976382024 
136 0.0027693958581849437 
165 0.0027961595945055033 
1199 0.0028809204929241424 
1144 0.002600827190086661 
1606 0.002783930568008852 
598 0.0028207880510132954 
1611 0.0028836391547631284 
1305 0.002807346723656697 
1662 0.0027183530774566498 
1084 0.0028440030723101855 
1113 0.002842730714045568 
1557 0.002775474743529252 
1615 0.0027903397632351302 
1732 0.0028546217811194 
124 0.0028053865090559528 
906 0.002764254835978976 
1056 0.002824037052142063 
1162 0.002779810497420852 
944 0.0027884622039805284 
1954 0.002773860069066005 
1036 0.0027690816663147578 
693 0.0027424394337997697 
1820 0.0027599840542469247 
570 0.002802255871556725 
815 0.0028020967069028106 
1216 0.002783812924589811 
826 0.0027842819519733135 
753 0.0028664458501961925 
158 0.0028301408825061602 
1666 0.0028992145690890847 
326 0.0028048724843575414 
437 0.0028195064528404525 
861 0.002850728499088263 
1779 0.0028115919931317127 
1090 0.0027867806095149624 
1231 0.002715039189445634 
1916 0.002731277316797688 
526 0.002737566390501764 
1428 0.002770932578719211 
1290 0.002810167996647569 
160 0.0027790925418394175 
167 0.0028407918809631246 
