1002 0.003185046454165617 
1782 0.003167698030654147 
932 0.0032694662087099867 
313 0.0031164926983234956 
560 0.003082570800529835 
5 0.003186981320987109 
1417 0.0031389356637790983 
359 0.0030843117542933792 
958 0.003159056989878422 
1059 0.0031059161550324567 
507 0.003078959515675304 
1522 0.0031337763326089994 
934 0.003233737840037809 
1110 0.0030876647598004946 
602 0.003084891153564889 
188 0.0032436693604047055 
535 0.003177823294438612 
527 0.003065480024671896 
843 0.0031827894552736 
884 0.0031306159884557376 
1177 0.003081538247784707 
429 0.003208392622734451 
1554 0.003181241619379448 
1040 0.0031710515284133593 
1181 0.0031590567302721326 
1747 0.003192914041567975 
966 0.0031202334819372146 
312 0.003179693952044951 
372 0.003195042897133067 
448 0.003127778547709197 
796 0.0031709875327093893 
1102 0.0031804676197919827 
1495 0.0031514467972860337 
1723 0.003157638058140555 
296 0.003163828693930949 
722 0.0031637646847204504 
1025 0.0031538328164008806 
592 0.003183434220834979 
691 0.00307212192859728 
857 0.0031557676160755507 
286 0.00299582909518204 
241 0.0030736063457270165 
282 0.003160217584764419 
1739 0.0031611849871353483 
998 0.0031545424465464628 
599 0.0031297115460638854 
1275 0.0031990412867822565 
1445 0.0031934949337183104 
297 0.0031528656548477237 
571 0.003207941288141667 
1700 0.003197558015653052 
999 0.00324431455995772 
607 0.0029599114696828915 
1340 0.003236123657117048 
883 0.0031432561723951672 
1214 0.0030521299421138078 
1434 0.003177694355375272 
1288 0.003031751732573424 
1966 0.0031851100688101612 
1979 0.003245668577312264 
111 0.003209746761338011 
1220 0.0031936242032245357 
689 0.003180209863799435 
1306 0.0031375808413523407 
344 0.003137709870384062 
985 0.0032028461109157133 
772 0.0032463135440037225 
808 0.003259469852543644 
809 0.0031458359287863825 
1988 0.0032430887380868654 
538 0.003096370657011229 
558 0.0030409090005060297 
268 0.003206522353971372 
142 0.0031725353061354887 
760 0.0031662792391258503 
1346 0.0031996218736022796 
1546 0.0031299068651278517 
1535 0.003203491202854165 
1278 0.003208070338148454 
1397 0.00316853665017826 
686 0.002805974762845631 
93 0.003252698190882356 
221 0.003175888958376913 
30 0.0032163895132653326 
54 0.0031876265431141615 
1215 0.003141773294622931 
1598 0.0031818866682338217 
1149 0.0030676731816139616 
860 0.0032527629186634055 
996 0.0032300618007202087 
251 0.0031152671688042116 
695 0.003202911001480537 
250 0.003182853576881014 
1193 0.0031833698111889993 
773 0.0031779527201241365 
1996 0.003163764938608535 
942 0.003171116299852039 
820 0.0032085211359473204 
1146 0.0031220383025171612 
1833 0.003190528532275341 
464 0.003197106398926308 
745 0.003169568943574747 
822 0.0031733734629150827 
216 0.0031900125961375004 
672 0.0031526075079107243 
1131 0.003117911668565239 
1913 0.003112558859348077 
476 0.003164796346949416 
72 0.0031415151718254455 
14 0.0031845952780642684 
1803 0.003192850318902699 
797 0.003192334230259373 
1456 0.0032377363635318584 
633 0.0031760820692688487 
1507 0.0032002021267396215 
1065 0.003122877184184809 
1545 0.003174276489858019 
1846 0.0031976870535262406 
1734 0.003181951178873543 
1634 0.003190334972997836 
1978 0.003173309467535754 
715 0.0030873428759889236 
16 0.003173567605149539 
1640 0.0032641774374326934 
1279 0.003056000429947049 
1189 0.003182015639421823 
1917 0.003147769614414453 
487 0.0031841438851883262 
1940 0.003119910012765673 
976 0.0031225547930105626 
144 0.003097273937917967 
738 0.0032419922093321223 
1253 0.0031709234122316307 
1023 0.003188787377519586 
1862 0.003242766205710048 
1796 0.003232189853068235 
1174 0.003124940430348834 
1950 0.0031893032569323084 
1147 0.003211100623268533 
1197 0.0031718261795549273 
1867 0.003271529967395873 
1616 0.0031481577293817 
1389 0.0031592498479399906 
1017 0.0031442231009289464 
292 0.003238574375064954 
435 0.003139451493052472 
705 0.0031371292722639933 
837 0.0031753729489356784 
1714 0.0031762758292857686 
753 0.0032394772810670513 
1201 0.0031833054141576114 
821 0.0031522205477680513 
1144 0.0029822891881919433 
196 0.003291457647561275 
1929 0.003081732054404311 
629 0.0031738898272592395 
741 0.00309791928415037 
1759 0.003110107983995247 
472 0.003164925537603277 
1659 0.0031687302258489878 
