808 0.0030126271184946793 
1026 0.0030126271184946793 
588 0.0030126271184946793 
22 0.0030126271184946793 
640 0.0030126271184946793 
1530 0.0030126271184946793 
0 0.0030126271184946793 
1853 0.003019576587740547 
1898 0.0030126271184946793 
390 0.0030126271184946793 
1818 0.0030126271184946793 
1056 0.0030126271184946793 
1674 0.0030126271184946793 
1670 0.0030126271184946793 
1053 0.0030161018526634114 
1737 0.0030161018526634114 
1436 0.0030126271184946793 
1429 0.0030126271184946793 
740 0.0030126271184946793 
396 0.0030126271184946793 
1295 0.0030126271184946793 
72 0.0030022027941299934 
556 0.0030126271184946793 
1644 0.0030126271184946793 
1232 0.0030126275274492903 
1581 0.0030161018526634114 
1897 0.0030126271184946793 
109 0.0030161018526634114 
1799 0.0030126271184946793 
1370 0.0030161018526634114 
1089 0.0030126271184946793 
1203 0.003019576587740547 
1314 0.0030126271184946793 
1480 0.0030126271184946793 
715 0.0030126271184946793 
1433 0.0030126271184946793 
1496 0.0030161018526634114 
1408 0.0030126271184946793 
836 0.0030126271184946793 
84 0.0030126271184946793 
65 0.0030126271184946793 
706 0.0030126271184946793 
691 0.0030126271184946793 
403 0.0030126271184946793 
1501 0.0030126271184946793 
600 0.0030126271184946793 
235 0.0030161018526634114 
1591 0.0030161022530257008 
610 0.0030126271184946793 
1628 0.0030126271184946793 
1454 0.0030126271184946793 
82 0.0030126271184946793 
582 0.0030126271184946793 
1306 0.0030126271184946793 
902 0.0030126271184946793 
1296 0.0030022027941299934 
1522 0.0030126271184946793 
576 0.0030126271184946793 
1122 0.0030126271184946793 
786 0.0030126271184946793 
1064 0.0030161018526634114 
999 0.0030126271184946793 
244 0.0030126271184946793 
318 0.0030126271184946793 
798 0.0030230513237157735 
1383 0.0030230513237157735 
922 0.0030126271184946793 
146 0.0030161018526634114 
131 0.0030126271184946793 
302 0.0030161018526634114 
846 0.0030126271184946793 
147 0.0030126271184946793 
480 0.0030126271184946793 
1669 0.003019576587740547 
1011 0.0030126271184946793 
1219 0.0030126271184946793 
622 0.0030126271184946793 
662 0.0030126271184946793 
1715 0.0030161018526634114 
120 0.0030126271184946793 
1121 0.0030126271184946793 
1492 0.0030126271184946793 
1487 0.0030161018526634114 
669 0.003019576587740547 
1892 0.0030126271184946793 
408 0.0030126271184946793 
1996 0.0030126271184946793 
812 0.0030126271184946793 
1308 0.0030126271184946793 
1528 0.0030126271184946793 
89 0.0030126271184946793 
606 0.0030126271184946793 
361 0.0030126271184946793 
331 0.0030126271184946793 
1057 0.0030161018526634114 
827 0.0030126271184946793 
1580 0.0030126271184946793 
1477 0.0030126271184946793 
1136 0.0030265268829706496 
158 0.0030126271184946793 
764 0.0030161018526634114 
1805 0.0030126271184946793 
802 0.0030126264443849195 
1356 0.0030126271184946793 
985 0.0030126271184946793 
542 0.0030126271184946793 
584 0.0030126271184946793 
617 0.0030161018526634114 
1637 0.0030126271184946793 
1367 0.0030126271184946793 
404 0.0030126271184946793 
1080 0.0030126271184946793 
938 0.0030126271184946793 
1022 0.0030126271184946793 
1977 0.0030126271184946793 
281 0.0030126271184946793 
672 0.0030126271184946793 
989 0.0030161018526634114 
792 0.0030126271184946793 
650 0.0030126271184946793 
726 0.0030126271184946793 
1946 0.0030161018526634114 
1256 0.003019576587740547 
156 0.0030161018526634114 
1718 0.0030126271184946793 
1193 0.0030161018526634114 
183 0.0030126275274492903 
375 0.0030022027941299934 
1646 0.0030126271184946793 
736 0.0030126271184946793 
1004 0.0030126271184946793 
873 0.0030126271184946793 
489 0.0030126271184946793 
642 0.0030126271184946793 
1055 0.0030126271184946793 
1803 0.0030161018526634114 
675 0.0030126271184946793 
444 0.0030161018526634114 
1161 0.0030126271184946793 
1144 0.0030126271184946793 
534 0.0030126271184946793 
652 0.0030126271184946793 
473 0.0030126271184946793 
871 0.0030161018526634114 
151 0.0030126271184946793 
690 0.0030126271184946793 
1033 0.003019576587740547 
359 0.0030126271184946793 
1978 0.0030126271184946793 
621 0.0030126271184946793 
1731 0.0030126271184946793 
1278 0.003019576587740547 
1540 0.0030126271184946793 
1416 0.0030126271184946793 
1827 0.0030126271184946793 
1032 0.0030126271184946793 
1610 0.0030126271184946793 
14 0.0030022027941299934 
1950 0.0030126271184946793 
900 0.0030126271184946793 
572 0.0030126271184946793 
1657 0.0030161018526634114 
1188 0.0030126271184946793 
178 0.0030126271184946793 
1116 0.0030126271184946793 
1597 0.0030126275274492903 
1809 0.0030126271184946793 
1787 0.0030126271184946793 
1112 0.0030091520494339523 
931 0.0030161018526634114 
365 0.0030126271184946793 
1900 0.0030126271184946793 
1130 0.0030126271184946793 
1617 0.0030126271184946793 
727 0.0030126271184946793 
1099 0.0030161018526634114 
93 0.0030126271184946793 
289 0.0030161018526634114 
649 0.0030091522637532417 
612 0.0030126271184946793 
491 0.0030126271184946793 
1929 0.0030126271184946793 
172 0.0030161018526634114 
627 0.0030126271184946793 
1780 0.0030126271184946793 
684 0.0030126271184946793 
724 0.0030126271184946793 
1510 0.0030126271184946793 
288 0.0030126271184946793 
1514 0.0030126271184946793 
1035 0.0030126271184946793 
1963 0.0030126275274492903 
1315 0.0030126271184946793 
245 0.0030126271184946793 
1684 0.0030126271184946793 
1491 0.0030126271184946793 
1305 0.0030126271184946793 
644 0.0030126271184946793 
1461 0.0030161018526634114 
910 0.0030126271184946793 
19 0.0030126264443849195 
952 0.0030126271184946793 
575 0.0030126271184946793 
133 0.0030126271184946793 
189 0.0030126271184946793 
1630 0.0030126271184946793 
1441 0.0030126271184946793 
24 0.0030126271184946793 
1592 0.0030126271184946793 
1464 0.003019576587740547 
223 0.0030126271184946793 
1777 0.003019576587740547 
1113 0.0030126271184946793 
1879 0.0030126271184946793 
889 0.0030126271184946793 
1460 0.0030126271184946793 
291 0.0030126271184946793 
788 0.003019576587740547 
419 0.0030161018526634114 
1984 0.0030126271184946793 
1351 0.0030091522637532417 
507 0.0030300021049574264 
117 0.0030161018526634114 
1045 0.0030126271184946793 
1942 0.0030126271184946793 
709 0.0030161018526634114 
679 0.0030126271184946793 
1307 0.0030126271184946793 
187 0.0030126271184946793 
1409 0.0030161018526634114 
18 0.0030126271184946793 
406 0.0030126271184946793 
984 0.0030126271184946793 
753 0.0030056775284797296 
150 0.0030126271184946793 
347 0.0030126271184946793 
885 0.0030126271184946793 
1746 0.0030126271184946793 
1355 0.0030126267915107172 
433 0.0030126271184946793 
717 0.0030126271184946793 
430 0.0030126271184946793 
997 0.0030126271184946793 
501 0.0030161018526634114 
1482 0.0030126271184946793 
760 0.0030126271184946793 
8 0.0030126271184946793 
1837 0.0030126271184946793 
237 0.0030126271184946793 
1525 0.0030126271184946793 
862 0.0030126271184946793 
880 0.0030126271184946793 
1105 0.0030126271184946793 
7 0.0030126271184946793 
1189 0.0030126271184946793 
1541 0.003019576587740547 
1362 0.0030126271184946793 
1760 0.0030126271184946793 
866 0.0030161018526634114 
1816 0.0030126271184946793 
968 0.0030126271184946793 
1322 0.0030126271184946793 
1588 0.003019576587740547 
373 0.0030091522637532417 
1665 0.0030126271184946793 
1413 0.0030230513237157735 
1151 0.0030126271184946793 
844 0.0030126271184946793 
465 0.0030126271184946793 
304 0.0030126271184946793 
674 0.0030126271184946793 
538 0.0030126271184946793 
1088 0.0030126271184946793 
828 0.0030126271184946793 
1327 0.0030126271184946793 
315 0.003019576587740547 
1348 0.0030126271184946793 
217 0.0030126271184946793 
113 0.0030126271184946793 
1740 0.0030126264443849195 
1768 0.0030126271184946793 
91 0.0030126271184946793 
1212 0.0030126271184946793 
225 0.0030126271184946793 
342 0.0030126271184946793 
689 0.0030126271184946793 
451 0.0030161018526634114 
1944 0.0030126271184946793 
272 0.0030126271184946793 
941 0.0030126271184946793 
1888 0.0030126271184946793 
470 0.0030126271184946793 
86 0.0030126271184946793 
1606 0.0030230513237157735 
1043 0.0030265268829706496 
838 0.0030126271184946793 
1044 0.0030126271184946793 
714 0.0030126271184946793 
1966 0.0030126271184946793 
758 0.0030126271184946793 
