0 4 9 2 25
0 8 5 1 7
0 9 7 2 15
0 17 7 1 9
0 29 1 3 10
0 47 8 5 5383
0 150 10 1 4
0 156 9 1 4
0 166 4 1 4
0 215 1 3 9
0 256 3 7 78328
0 259 4 8 277905
0 265 9 1 4
0 321 1 5 527
0 646 4 1 7
0 674 2 10 19374637
0 679 10 1 13
0 704 4 3 22
0 902 7 1 4
1 15 9 7 98247
1 37 6 5 944
1 70 2 2 4
1 82 5 8 577770
1 228 8 1 4
1 292 9 5 2338
1 481 1 4 54
1 565 4 1 4
1 644 10 4 606
1 705 3 2 7
1 768 10 1 10
1 825 7 1 4
1 920 5 1 4
2 0 8 3 44
2 3 4 3 23
2 167 2 2 9
2 523 5 3 43
3 24 6 1 4
3 131 2 5 462
3 277 3 1 4
3 592 7 2 15
3 652 3 2 14
3 817 7 7 40566
4 15 9 1 4
4 24 1 4 61
4 50 9 1 7
4 64 9 1 4
4 248 6 1 4
4 284 5 1 4
4 293 1 3 9
4 368 6 4 644
4 517 4 5 1709
4 576 8 1 4
4 683 6 4 175
4 803 4 1 4
4 808 6 1 4
5 18 9 2 30
5 584 5 1 4
6 3 3 7 50164
6 212 4 2 14
6 466 5 5 904
6 512 8 2 34
6 798 7 5 1976
6 1002 5 2 17
7 81 8 3 135
7 715 6 1 7
8 1 4 2 10
8 273 1 2 4
8 386 5 5 1951
8 393 1 2 4
8 486 3 1 4
8 552 3 5 581
8 642 7 2 18
9 43 10 1 4
9 526 4 1 4
9 823 6 1 7
10 13 1 3 17
10 75 1 2 4
10 176 8 1 10
11 204 10 3 145
11 586 4 5 2714
11 752 10 1 12
12 0 1 4 80
12 24 5 2 10
12 55 9 4 408
12 116 1 3 7
12 269 8 9 6242628
12 366 1 3 18
12 781 1 3 7
13 66 4 1 4
13 224 5 2 9
13 320 4 4 113
14 127 8 3 77
14 152 4 2 14
14 210 9 1 7
14 321 2 2 5
14 376 9 1 7
14 616 10 1 7
15 352 1 2 4
15 485 2 2 7
15 659 9 1 5
16 24 5 5 1222
16 64 4 6 3389
16 96 7 1 10
16 132 4 2 9
16 643 9 1 7
16 806 8 1 4
17 48 9 7 67072
17 129 5 1 4
17 258 8 1 7
18 51 5 1 4
18 290 5 7 194720
18 641 9 1 10
18 645 7 6 22096
19 7 6 1 4
19 24 9 1 4
19 657 1 2 3
19 709 3 5 1169
20 10 4 1 4
20 28 1 5 134
20 176 4 1 4
20 194 7 1 9
20 323 4 2 10
20 786 9 1 4
21 116 5 8 312175
21 258 2 2 5
22 24 3 1 4
22 97 10 2 47
22 107 6 1 5
22 133 5 1 7
22 331 1 3 14
22 565 3 1 5
24 9 7 1 7
24 533 1 4 70
24 781 5 1 4
24 786 10 2 41
24 944 1 7 8515
25 523 10 5 4909
25 592 7 7 57683
26 109 2 5 277
26 801 7 1 4
27 130 7 4 354
27 210 4 2 10
27 547 3 2 10
27 549 10 1 5
28 42 4 4 213
28 146 2 3 17
28 192 9 2 30
28 203 6 3 47
29 5 10 1 4
29 327 9 1 5
29 532 1 5 149
29 809 10 4 519
30 21 10 1 5
30 129 3 3 28
30 588 9 1 4
31 77 2 2 7
32 16 1 6 2769
32 33 8 3 50
32 196 10 1 4
32 204 5 1 4
32 211 1 6 923
32 388 7 8 479237
32 612 5 7 197995
32 641 3 2 7
32 721 2 2 4
32 848 2 5 345
32 960 2 4 89
33 3 4 1 4
33 26 9 2 44
33 31 1 2 4
33 785 1 2 4
33 945 7 3 79
34 144 7 1 4
34 292 4 1 4
34 324 8 1 4
34 561 2 3 17
34 663 10 1 4
34 800 7 1 4
35 65 8 3 62
35 266 6 1 7
35 551 8 1 4
35 689 9 1 4
36 12 8 1 4
36 320 7 3 42
36 555 1 5 178
36 705 8 4 180
36 858 5 2 23
37 13 6 1 4
37 640 9 1 4
38 180 6 5 1858
39 520 2 4 101
39 982 7 3 68
40 20 9 4 308
40 512 1 3 10
40 605 1 5 269
40 645 4 3 63
40 672 6 1 4
40 756 2 4 102
40 761 4 7 98972
40 980 4 4 172
41 276 10 1 7
41 513 9 1 5
42 140 5 1 4
42 839 2 5 696
43 546 1 5 364
44 10 1 2 4
44 12 1 2 4
44 47 7 2 20
45 50 7 3 98
45 74 9 5 5362
45 266 8 1 4
45 808 1 2 4
47 80 6 2 12
47 1022 2 2 4
48 176 9 1 10
48 193 2 8 424146
48 198 8 7 80906
48 226 5 4 129
48 789 2 2 4
48 932 4 1 4
49 17 3 4 270
49 313 6 2 24
49 516 5 1 4
50 9 10 1 4
50 528 2 8 235842
51 70 10 3 137
51 516 10 4 245
52 46 5 3 35
52 188 7 1 9
52 256 10 2 20
52 899 1 6 1459
53 245 5 4 360
54 112 9 1 4
55 278 10 1 7
56 267 8 2 20
56 472 8 1 5
56 544 7 8 1137639
57 5 6 3 32
57 33 2 2 7
57 448 1 5 687
59 58 2 4 54
59 292 4 3 46
59 453 4 1 3
60 5 7 2 20
60 112 7 4 205
61 644 4 1 4
61 648 3 4 274
62 612 3 2 7
64 192 5 4 458
64 194 6 4 562
64 197 10 1 10
64 203 6 3 49
64 370 5 2 10
64 481 4 5 1691
64 514 6 1 4
64 686 2 4 71
64 771 5 8 593101
64 780 3 1 4
65 61 2 2 4
65 104 6 1 3
65 118 8 1 4
65 274 6 3 102
65 421 4 9 3796978
65 515 5 2 15
66 140 9 2 20
66 545 8 1 9
67 2 5 1 7
67 16 1 5 202
67 20 8 6 11747
67 73 10 1 4
67 482 2 4 146
67 840 7 4 200
68 153 8 1 7
68 226 5 2 23
68 284 2 3 23
68 322 6 1 9
68 576 10 1 4
69 276 3 3 38
69 466 5 1 7
69 529 8 2 38
69 768 10 1 4
70 109 6 1 7
70 212 10 3 132
70 431 9 1 4
70 608 5 1 4
70 642 10 2 43
70 646 10 3 72
71 1 6 6 6137
71 409 5 4 111
71 700 2 3 27
72 37 1 3 13
72 280 9 1 4
72 437 3 8 126133
73 640 6 2 17
73 870 1 4 51
73 999 6 3 32
74 548 9 5 4719
75 576 10 3 91
76 76 2 3 12
76 262 4 6 9085
76 855 10 1 17
77 256 1 2 4
77 267 2 2 5
77 456 10 6 17608
78 288 10 1 4
78 517 1 4 46
78 784 6 1 4
78 919 9 7 132404
79 165 7 1 7
80 0 10 1 4
80 51 7 2 22
80 132 8 1 7
80 528 5 4 449
80 677 8 2 18
81 807 7 1 7
82 280 6 4 135
83 304 9 1 14
83 784 4 1 4
84 64 8 1 7
84 74 6 4 149
84 216 10 1 4
85 65 4 2 21
86 234 7 1 4
86 524 1 3 12
87 353 2 2 10
87 462 10 2 18
90 20 6 1 4
90 988 4 1 4
91 951 3 3 27
92 91 1 2 4
94 869 1 5 285
94 954 6 1 4
95 20 5 2 22
95 34 1 2 4
96 32 1 2 4
96 80 1 4 37
96 148 9 1 4
96 208 8 1 10
96 220 6 2 23
96 276 9 6 23072
96 304 8 1 4
96 321 5 6 4683
96 356 3 3 37
96 547 2 2 4
96 776 10 5 2307
96 820 2 8 224425
97 130 10 1 4
97 167 8 1 7
97 286 6 7 171431
98 352 8 7 121854
98 671 6 1 4
99 249 1 6 1082
100 901 8 1 4
101 161 8 1 7
101 169 9 4 406
101 392 9 1 4
101 599 5 7 82713
102 78 7 5 832
102 166 8 4 430
104 28 2 5 881
104 132 10 1 9
104 313 3 1 4
104 512 10 1 4
104 673 5 1 4
105 3 9 3 161
105 296 4 2 10
105 779 1 2 5
106 516 7 1 10
106 652 9 1 7
107 3 3 4 109
111 12 9 7 53773
112 0 6 2 24
112 107 5 2 12
114 68 3 6 6912
114 416 3 6 11100
114 497 9 1 10
114 872 10 1 4
116 33 5 1 7
117 106 8 1 4
118 565 9 3 81
119 446 2 2 4
119 836 4 7 63024
120 0 6 1 5
121 536 9 3 94
122 80 5 3 34
123 600 9 1 14
124 304 8 1 10
125 268 4 2 15
128 1 4 4 318
128 10 8 3 94
128 58 3 1 4
128 134 2 5 592
128 208 8 1 4
128 320 4 3 60
128 362 3 3 27
128 376 9 1 5
128 433 9 1 7
128 628 1 4 86
128 770 6 3 113
129 0 7 1 4
129 39 10 1 7
129 88 4 2 12
129 163 5 2 15
130 272 1 4 56
130 273 2 2 4
130 528 7 1 4
130 532 7 2 20
130 540 3 1 5
130 675 6 2 14
130 772 10 1 4
131 581 5 6 18324
132 6 2 2 4
132 94 10 2 30
132 137 6 1 4
132 372 5 5 3390
132 713 9 1 4
133 23 5 1 3
133 138 1 5 290
134 67 1 3 7
134 84 3 3 28
134 208 9 3 148
134 224 4 1 7
134 516 1 3 7
134 768 5 5 1128
136 21 9 1 10
136 39 3 1 4
136 81 7 1 7
136 160 4 2 11
136 610 4 2 12
136 657 2 2 4
136 684 4 1 5
137 148 1 3 7
137 259 8 1 4
137 778 6 2 15
138 266 1 2 4
138 590 4 5 1510
139 87 1 2 4
139 865 4 1 4
140 72 7 2 17
140 143 10 1 5
140 168 7 2 32
140 724 1 3 13
140 776 5 1 4
141 954 6 1 4
142 641 10 1 10
143 144 4 5 1851
143 642 9 1 7
144 257 9 4 331
144 418 4 1 4
144 433 10 4 457
144 520 4 1 4
144 800 3 3 23
145 1 1 2 4
145 184 7 1 4
145 273 9 1 12
145 392 9 6 26037
145 513 10 3 141
146 69 1 2 4
146 396 6 1 4
146 910 7 7 62445
147 513 4 4 171
148 139 5 1 4
148 515 1 3 7
148 912 2 7 47756
149 633 5 1 4
150 160 9 1 4
150 656 7 7 101600
151 102 5 6 8110
153 26 8 1 7
153 171 10 5 1327
153 592 4 1 4
153 598 2 7 54443
156 54 10 1 4
156 133 6 3 61
156 814 10 1 10
157 404 3 2 9
159 526 9 4 384
160 81 1 5 643
160 144 4 1 7
160 801 7 2 14
161 21 7 3 54
161 40 3 1 4
161 326 8 4 780
161 576 2 2 9
162 160 10 1 12
162 290 4 1 4
162 306 3 3 44
163 227 7 6 15582
163 361 3 5 1392
163 601 4 1 5
164 34 1 4 78
164 38 5 3 31
164 87 5 1 4
164 329 4 1 4
164 636 5 8 1436424
164 646 1 2 4
165 141 10 4 302
167 104 2 2 9
167 289 9 4 549
167 712 1 4 25
168 8 4 1 4
168 52 1 5 336
168 480 4 1 4
169 25 5 4 501
171 144 10 1 5
172 8 7 3 55
173 261 10 1 7
174 493 6 7 36088
174 582 4 1 7
176 270 2 5 658
176 273 8 3 59
176 824 2 5 706
176 916 5 7 193242
176 932 1 3 15
177 280 7 1 4
177 744 8 4 418
178 100 3 5 1673
178 144 1 3 7
178 580 5 5 1199
178 797 4 6 8295
179 429 2 2 10
180 19 5 1 5
180 973 3 3 60
181 97 2 5 308
181 331 10 3 99
181 768 9 6 26876
181 964 10 1 4
182 672 5 3 43
182 728 10 4 291
185 5 4 1 4
185 42 2 2 4
188 4 8 8 1482536
188 199 7 1 4
192 43 2 3 12
192 52 7 3 40
192 72 1 2 4
192 177 8 1 4
192 388 5 1 7
192 536 9 1 4
192 713 9 7 52665
192 898 8 1 4
192 999 10 4 392
193 8 2 4 106
193 120 6 1 4
193 162 9 1 4
193 375 9 2 17
193 422 10 1 4
194 321 5 1 5
194 592 4 1 4
194 677 1 2 4
196 286 10 3 59
196 377 9 5 4638
197 61 9 3 66
197 297 3 7 108025
197 592 9 1 4
197 769 8 1 4
198 196 5 1 4
200 146 5 6 10451
200 577 3 3 18
200 924 10 1 4
201 39 3 6 8389
203 654 9 5 1499
204 6 3 4 108
205 457 8 5 1336
206 80 6 4 548
206 530 2 4 224
208 12 8 1 4
208 14 1 4 84
208 88 8 2 25
209 513 10 1 4
212 34 10 3 179
212 673 9 5 5170
213 64 1 5 362
214 585 7 1 4
216 792 6 2 17
222 852 9 8 455433
225 257 4 1 4
225 316 7 2 22
225 948 4 2 15
226 35 1 2 4
227 592 2 2 7
227 838 6 1 7
230 9 5 3 98
231 290 10 1 10
232 5 2 5 810
233 912 6 1 6
233 973 7 1 4
235 645 8 4 812
238 642 3 1 4
239 560 10 1 4
240 18 2 3 29
240 66 2 5 283
241 206 3 4 131
241 245 1 3 7
242 156 9 6 11793
244 33 4 4 119
245 705 4 4 357
246 64 9 2 32
247 626 10 1 5
248 0 7 1 4
248 290 8 1 4
248 902 4 1 4
256 1 9 1 10
256 5 3 1 4
256 68 1 3 20
256 69 1 2 4
256 160 5 1 4
256 212 3 2 9
256 262 2 1 3
256 512 2 2 4
256 522 8 1 7
256 616 8 9 3429956
256 705 8 2 32
256 764 7 3 43
256 772 6 1 4
256 804 5 1 4
256 904 9 1 7
257 0 6 1 4
257 156 5 1 7
257 268 1 3 7
257 272 3 3 37
257 544 7 1 4
257 680 7 4 661
257 806 7 1 9
257 912 2 2 9
257 920 9 1 10
258 24 5 1 7
258 34 10 1 4
258 138 5 2 22
258 265 6 1 10
258 810 9 1 7
259 100 8 3 59
259 165 8 1 5
259 268 4 1 4
259 532 9 1 10
260 256 3 3 26
260 295 9 1 12
260 545 7 1 7
260 678 5 1 4
260 978 7 2 32
261 8 9 2 27
261 672 5 2 26
262 32 1 2 4
262 134 2 2 5
262 906 9 1 14
264 568 7 3 42
265 264 1 6 2854
266 11 3 2 12
266 56 6 3 35
266 242 9 5 1128
266 336 5 6 4393
267 581 8 1 4
268 34 2 7 30722
268 192 3 1 5
268 512 10 5 1241
268 524 2 2 9
268 577 1 3 14
269 640 4 2 18
270 532 9 5 1490
272 41 2 8 498842
272 208 10 2 28
272 225 5 1 4
272 234 2 2 4
272 259 7 2 26
272 378 1 3 15
272 520 6 1 5
272 640 7 1 4
272 684 10 1 9
273 47 10 2 49
273 809 3 1 4
273 903 6 3 43
274 334 10 4 265
275 4 7 5 2126
275 16 6 1 4
275 401 4 1 4
276 392 9 1 13
276 628 4 6 3003
280 36 1 3 7
280 82 3 2 13
281 101 1 4 69
282 136 9 1 4
282 576 5 6 8384
282 787 1 3 7
283 35 4 2 10
283 514 1 2 5
284 835 1 3 22
285 104 3 2 9
287 802 2 3 17
288 47 10 4 704
288 132 10 1 4
288 224 2 2 7
288 292 4 1 7
288 341 10 1 7
288 545 3 1 4
288 776 6 2 24
289 36 9 5 1902
289 156 9 2 46
289 345 9 4 283
289 468 8 6 8505
289 753 5 1 4
289 788 9 1 7
290 0 1 2 4
290 328 1 3 9
291 610 10 1 4
292 7 4 4 125
292 162 5 1 4
292 593 3 2 10
293 256 1 4 43
293 960 4 1 4
294 864 5 1 4
296 131 3 1 4
296 231 8 4 478
296 336 8 1 4
296 409 10 1 4
296 516 10 5 1420
297 389 4 1 4
297 742 5 4 152
298 75 2 3 24
298 800 6 2 24
299 291 7 1 4
300 29 2 6 5289
300 140 6 1 4
301 274 7 1 7
301 777 5 1 7
303 292 5 1 4
304 8 3 1 4
304 42 6 1 4
304 212 7 1 4
304 258 7 1 4
304 292 2 3 38
305 11 6 6 5711
305 34 3 1 4
305 163 9 1 4
306 550 4 2 20
306 918 6 4 185
307 514 3 5 1017
308 21 10 1 4
308 692 10 1 7
308 832 9 5 1259
309 77 6 1 4
310 44 2 8 105567
310 936 6 5 2374
314 109 4 3 52
314 156 3 1 4
314 376 4 1 7
315 739 7 6 5464
316 452 1 2 4
318 532 5 7 31872
320 29 4 1 4
320 428 10 1 4
320 468 10 3 67
320 641 2 3 25
320 720 1 3 10
321 4 4 2 12
321 262 4 1 4
322 196 10 4 850
322 899 10 1 4
323 360 4 1 7
324 106 6 1 7
324 167 3 2 7
324 200 4 2 9
324 513 9 1 10
324 530 5 1 4
325 192 8 2 32
325 720 8 3 68
326 11 9 3 56
326 116 3 5 386
326 280 10 1 5
326 443 7 1 12
327 675 9 1 4
329 35 2 2 4
329 836 5 4 421
330 8 8 1 4
330 204 5 2 25
331 512 8 1 4
332 456 1 2 4
332 643 2 3 17
336 18 8 1 14
336 100 9 4 424
336 632 3 3 18
337 352 8 6 8317
337 768 9 4 237
337 833 2 3 19
338 33 5 1 4
338 160 1 5 122
338 169 10 4 412
340 763 10 1 4
342 15 9 1 4
342 168 9 1 12
342 272 8 1 14
342 536 8 1 10
343 475 2 4 73
344 188 1 6 1855
345 32 10 4 490
345 728 3 2 9
347 11 1 2 4
347 149 4 1 4
347 313 7 1 4
348 395 3 9 1291477
352 409 5 1 4
352 419 5 5 594
352 514 10 1 4
353 684 3 1 4
354 836 9 1 4
354 969 8 3 145
355 634 3 1 4
357 433 6 1 7
357 641 9 1 7
358 3 1 3 18
360 514 8 3 77
360 732 9 1 9
360 784 5 2 12
361 316 9 1 4
362 34 1 3 6
363 162 9 1 13
364 740 5 1 4
366 657 5 3 79
368 49 10 1 4
368 738 2 2 4
371 112 3 2 9
371 705 9 1 4
372 352 6 1 4
376 193 10 1 4
381 531 1 2 5
382 562 1 4 32
384 168 10 4 927
384 332 8 6 10677
384 423 6 3 76
384 457 7 2 20
384 481 8 5 2770
384 571 6 1 4
384 692 9 1 4
384 841 5 1 4
384 962 8 1 4
385 2 9 1 9
385 214 4 2 14
385 513 4 1 4
385 563 8 1 4
386 64 5 3 28
386 73 4 1 4
386 160 10 1 4
386 275 7 2 17
386 681 7 1 7
386 846 9 1 4
386 912 8 1 4
387 147 5 1 4
387 297 2 2 9
387 545 5 1 4
387 1016 5 6 3660
388 332 4 7 60572
390 566 6 1 4
391 461 9 1 4
392 38 6 1 5
392 336 5 3 32
394 80 8 3 58
394 590 1 3 7
396 6 3 2 7
396 454 4 1 4
396 536 9 1 10
396 546 3 3 41
396 915 4 1 4
397 132 6 8 380454
397 305 8 1 4
400 10 1 3 14
400 144 6 4 474
400 712 8 2 41
401 16 6 1 4
401 58 5 3 29
401 277 4 1 4
401 673 7 2 13
401 932 9 1 4
402 80 6 2 17
402 769 10 1 8
403 20 5 1 8
403 98 10 9 3933047
404 209 3 1 4
404 298 8 3 99
405 160 8 2 17
406 677 2 2 4
407 591 8 3 144
408 66 9 5 1476
408 405 9 8 1060625
408 576 3 4 150
409 66 4 1 5
409 105 2 7 10747
409 417 10 3 198
409 888 4 7 98703
411 20 1 3 12
412 6 6 3 82
413 640 7 1 10
414 932 4 7 27029
415 101 5 1 4
416 52 9 1 4
416 279 4 4 167
416 292 7 1 5
416 832 3 6 4451
419 844 6 5 4098
420 32 3 1 5
420 424 2 2 4
420 538 4 3 24
424 481 4 3 82
425 161 4 8 1058038
425 746 4 1 7
425 776 10 1 7
426 644 4 3 61
428 32 8 1 4
428 194 8 4 229
428 880 2 3 34
436 597 9 1 4
436 641 5 2 9
441 21 10 1 7
442 146 7 1 4
444 801 3 2 8
448 92 1 2 5
448 655 1 2 4
449 321 9 10 72722256
452 48 10 1 4
452 136 10 1 5
452 205 6 6 6841
453 368 10 1 4
453 661 8 1 4
454 437 5 1 4
454 634 2 2 7
455 640 3 2 7
456 376 10 1 4
456 774 7 8 309377
458 101 1 2 4
458 743 3 6 12640
460 462 8 1 13
461 901 4 1 7
462 641 7 1 4
463 916 6 1 7
464 928 9 2 16
465 531 2 7 33360
465 761 5 3 46
466 58 9 1 4
467 211 6 6 7333
467 300 5 3 110
472 226 7 2 17
472 256 5 5 1114
472 801 2 2 4
473 600 1 3 18
473 800 5 1 4
476 775 8 1 7
480 0 9 2 36
480 665 9 1 7
480 731 9 1 4
480 928 6 1 4
484 841 2 8 83090
485 134 4 2 15
488 3 5 1 4
488 334 7 1 9
496 978 3 1 4
505 332 4 1 4
512 5 7 1 7
512 96 2 2 7
512 153 3 5 446
512 173 10 6 8723
512 482 7 5 1711
512 514 6 1 9
512 685 4 1 4
512 936 7 1 7
513 5 1 3 12
513 65 9 2 24
513 100 9 1 7
513 112 7 2 19
513 304 3 3 45
513 315 2 2 7
513 340 2 4 140
513 548 10 1 5
513 640 1 2 4
513 644 8 1 4
514 11 1 2 4
514 36 7 1 4
514 401 3 2 7
514 572 6 1 10
515 93 10 3 107
515 157 5 2 22
515 598 8 1 7
516 33 5 4 113
516 72 2 2 7
516 357 6 3 44
516 442 1 2 4
516 582 2 5 416
516 779 3 1 4
516 785 8 1 4
517 0 5 7 31258
517 34 1 3 13
517 132 8 1 4
517 233 5 5 669
517 281 8 1 4
517 534 10 1 13
517 672 3 1 5
517 768 1 2 4
518 41 6 1 7
518 66 8 7 68887
519 944 2 3 33
520 94 7 1 5
520 164 4 2 10
520 328 4 4 315
520 436 6 4 330
520 785 5 2 14
520 812 2 5 360
521 131 3 6 4796
521 450 2 2 4
521 546 8 3 52
522 549 6 2 23
524 520 6 5 3991
525 134 2 2 5
525 820 8 1 4
526 548 10 1 4
526 776 4 3 26
527 713 7 2 22
528 33 10 1 4
528 36 10 1 4
528 97 6 1 4
528 156 5 1 4
528 344 9 3 104
528 580 9 2 17
528 582 1 3 7
528 611 5 6 20012
529 16 3 5 1057
529 148 5 2 20
529 260 3 1 4
529 517 8 1 4
529 836 1 3 19
530 20 8 1 4
530 86 10 5 5244
530 132 6 6 10044
530 325 9 4 256
530 696 2 4 203
532 134 2 2 4
532 292 4 1 4
533 5 9 3 128
533 37 1 3 7
533 787 10 1 4
534 6 1 2 4
534 786 7 1 4
534 928 9 2 27
534 932 5 1 4
535 10 4 4 263
536 10 6 1 5
536 412 3 1 4
536 687 10 5 1749
536 902 9 1 4
537 99 6 1 10
537 138 3 1 5
537 257 9 3 50
537 478 2 2 5
538 74 8 1 7
538 84 10 1 4
540 256 8 1 9
541 344 2 2 4
544 6 6 4 135
544 21 3 8 640137
544 24 10 1 10
544 401 4 3 22
544 416 2 2 4
544 536 3 3 17
544 551 1 3 12
544 718 3 2 7
545 209 1 4 71
545 520 4 3 54
545 743 9 1 8
546 4 3 4 121
546 263 10 1 10
546 612 2 2 4
546 650 4 6 3137
546 758 1 5 508
547 265 9 1 4
548 512 2 2 4
548 586 9 2 20
549 146 3 1 4
550 649 6 2 15
550 800 10 1 7
551 40 1 3 8
552 640 10 1 4
553 933 8 2 15
555 52 5 1 7
555 418 1 7 30769
557 15 9 1 4
557 400 6 2 12
559 557 3 3 22
560 96 10 2 52
560 104 6 8 676288
560 354 7 9 6877239
561 521 3 3 20
561 786 1 10 1177552384
561 993 3 6 7684
562 162 4 5 465
562 992 9 1 12
563 410 7 1 10
564 28 7 1 4
564 659 4 1 5
565 105 7 1 4
566 44 5 2 15
566 132 4 1 4
567 793 5 1 4
569 522 4 6 2924
571 457 9 1 15
572 36 2 3 28
572 64 9 3 133
572 257 7 1 4
573 886 10 1 10
574 18 1 2 4
576 4 5 1 4
576 19 8 4 237
576 48 1 2 4
576 172 4 1 7
576 193 10 1 5
576 228 3 1 4
576 325 3 3 38
576 525 10 1 7
576 547 8 2 28
576 607 8 2 28
577 72 8 4 521
577 236 4 2 13
577 577 7 6 9901
578 136 8 5 1171
578 572 6 1 7
578 575 8 1 7
579 80 6 1 7
579 136 8 9 13368412
579 621 7 1 9
579 789 10 1 10
580 507 6 1 4
580 528 8 1 4
581 645 1 6 3522
582 633 10 4 294
583 129 4 1 7
585 64 9 5 5890
585 208 8 1 5
585 354 9 1 9
585 389 5 2 17
586 64 10 1 4
587 608 9 2 17
590 300 2 2 4
590 520 9 2 44
590 788 3 3 17
591 147 5 1 5
592 4 1 5 207
592 148 3 1 4
592 528 2 2 4
592 566 1 5 226
592 585 4 4 128
592 856 2 2 4
596 33 8 1 4
596 91 1 6 1953
596 385 7 1 7
597 387 10 1 9
599 92 10 1 4
600 115 4 1 4
600 573 7 2 15
600 575 1 4 46
604 913 4 1 4
604 1006 6 1 4
606 807 1 3 10
607 288 8 2 27
608 176 4 1 4
608 185 10 1 4
608 522 7 1 4
608 648 2 3 14
610 24 6 3 32
611 125 3 3 23
613 840 6 4 160
614 265 3 1 4
614 936 8 6 27267
616 81 10 1 6
616 450 3 5 688
617 908 5 1 4
618 70 3 2 7
618 1004 10 1 7
619 76 8 8 410805
619 140 7 1 3
619 231 10 3 141
621 293 3 2 13
625 5 7 1 4
625 530 5 6 5771
626 8 1 6 799
626 104 3 2 7
626 114 8 1 4
627 3 3 1 4
627 418 6 1 4
628 76 10 4 1091
632 18 6 3 109
633 812 7 2 27
637 73 7 1 4
638 161 4 6 3945
640 4 1 2 4
640 16 6 4 273
640 258 4 4 140
640 369 2 7 13555
640 732 4 3 87
642 562 6 2 12
642 724 7 3 106
643 775 10 5 1169
644 769 3 1 5
645 4 1 2 4
645 25 10 8 2803344
645 548 4 2 9
645 963 9 1 4
648 76 1 3 7
648 301 9 1 4
648 369 5 7 31788
648 512 9 3 69
648 694 10 4 351
648 769 4 1 4
649 4 9 1 4
649 48 3 2 12
650 108 9 1 7
650 953 2 6 1891
652 594 3 1 3
655 384 1 3 7
655 761 5 1 5
656 833 4 1 4
657 201 2 7 24779
658 10 4 3 52
658 26 6 1 4
658 640 4 1 4
660 52 8 1 10
660 85 5 1 4
661 244 6 1 7
661 608 5 1 4
662 374 1 5 219
665 3 2 2 10
666 66 8 1 4
668 163 10 2 26
668 749 9 3 48
670 515 2 4 64
672 1 3 1 4
672 64 3 2 14
672 129 8 6 18996
672 514 1 3 7
672 608 9 1 5
673 104 2 4 51
674 672 5 4 255
675 257 8 2 19
675 470 4 1 4
677 121 7 1 10
677 641 7 3 138
678 237 6 4 574
680 20 2 9 881086
680 39 3 2 9
680 450 1 4 74
680 540 1 6 2895
682 156 6 4 165
684 1008 9 3 177
686 426 7 1 7
686 593 8 1 12
690 110 9 1 9
691 12 10 4 750
692 260 7 1 4
693 397 8 5 1581
694 6 1 3 12
696 885 5 3 107
700 864 4 3 69
701 941 3 3 42
704 76 3 2 13
704 135 7 1 5
704 292 4 2 14
704 370 9 1 10
704 514 6 2 28
704 673 8 1 10
705 596 10 4 536
706 460 7 1 8
708 108 1 5 258
709 325 3 3 47
709 354 3 2 10
709 644 2 3 25
710 2 9 4 341
711 19 9 1 4
712 35 9 1 10
712 283 6 1 4
713 593 10 1 4
716 98 10 1 4
716 339 3 2 7
716 649 10 1 4
716 842 1 2 4
719 512 10 4 478
720 7 6 1 7
720 144 4 2 9
721 323 5 7 52195
721 584 8 1 5
722 82 10 1 5
722 258 2 2 4
722 393 10 1 4
722 464 4 5 2177
724 20 3 3 26
725 65 6 1 4
728 227 1 3 10
728 350 1 2 4
730 332 8 1 5
732 834 9 1 7
736 24 7 7 132406
737 288 5 4 497
737 610 9 1 4
738 970 1 3 12
740 235 5 1 4
741 45 7 2 15
741 260 8 1 4
744 124 4 2 12
744 280 6 1 4
744 762 9 1 10
745 63 1 6 1231
746 386 2 2 4
752 494 4 5 825
752 786 2 2 4
759 130 3 4 78
760 40 5 1 7
760 220 4 1 4
760 257 10 1 14
761 435 8 5 3055
763 668 9 1 4
768 326 8 5 1231
768 502 4 1 4
768 608 4 3 25
768 666 10 3 71
768 736 6 1 4
769 34 10 2 27
770 67 1 4 75
770 256 1 7 24684
770 515 2 2 4
771 800 7 1 7
772 0 1 2 4
772 32 3 4 128
772 130 5 1 4
773 1 7 1 3
774 8 7 1 4
774 936 4 1 4
775 48 6 6 9509
775 921 8 1 4
776 155 8 1 12
776 586 6 4 142
776 697 6 1 4
777 6 2 2 4
777 200 5 1 4
777 318 3 2 14
777 608 7 2 20
777 641 5 3 31
778 330 5 2 10
778 389 10 9 8283203
778 707 9 1 4
780 16 10 2 41
780 193 3 8 464774
780 707 9 1 5
780 901 2 2 4
782 226 10 1 4
782 405 3 4 89
784 1 9 1 15
784 549 2 6 2481
784 569 8 1 4
784 604 9 1 10
784 634 5 3 84
785 257 8 3 56
786 521 1 3 12
788 332 1 5 151
792 540 2 2 5
792 594 1 2 4
793 52 10 4 235
793 628 5 2 12
795 422 3 1 4
795 661 1 2 4
798 776 6 2 14
800 824 9 1 4
804 104 2 3 28
805 387 8 2 31
805 781 9 2 20
806 326 6 4 141
808 302 1 4 68
808 526 1 2 4
808 777 2 3 17
814 264 7 2 20
814 523 4 3 23
814 905 8 1 4
816 18 8 4 225
816 24 2 4 150
818 253 3 2 13
819 69 5 1 4
819 538 4 4 423
822 211 8 1 4
828 592 5 7 33753
832 16 9 1 4
832 21 4 1 5
832 30 9 1 4
832 43 8 1 7
832 304 4 2 18
832 427 8 1 7
832 548 5 2 17
833 999 7 1 9
834 67 8 1 4
834 148 2 3 15
834 912 2 2 4
836 86 10 2 41
836 485 10 4 285
838 785 10 1 4
840 96 3 6 5894
840 106 9 1 11
840 545 10 1 7
840 800 4 1 4
841 32 3 1 4
845 561 7 3 88
848 391 2 3 25
848 899 10 1 4
849 792 2 2 9
849 1018 2 2 4
851 195 3 1 4
852 64 1 3 9
852 824 8 4 331
856 256 9 1 4
856 866 5 4 178
864 23 4 1 4
864 786 5 2 10
867 998 10 1 7
870 68 4 1 4
871 264 6 4 379
872 32 2 2 4
872 50 1 4 41
874 360 2 3 27
875 164 3 1 4
878 258 9 1 4
895 603 6 1 7
896 330 10 2 39
897 115 9 1 4
897 523 6 1 7
897 1002 6 1 4
898 336 6 4 206
898 699 4 1 4
899 537 9 1 4
900 4 10 3 73
900 313 4 3 50
903 339 7 1 4
904 112 4 3 23
904 888 7 1 4
904 929 1 2 4
905 196 6 1 4
905 540 8 1 4
905 572 2 2 4
906 137 5 1 4
908 456 2 2 4
910 614 7 1 4
912 2 7 1 5
912 129 6 1 10
912 388 7 1 4
914 669 1 2 4
914 968 5 1 4
915 431 10 2 41
916 777 3 3 19
917 912 6 1 4
920 200 7 1 4
921 272 6 1 4
921 320 3 3 25
922 8 8 1 7
924 33 7 3 73
928 384 10 1 4
928 516 4 1 4
928 518 8 1 4
929 10 5 1 4
930 720 6 2 22
931 230 3 4 72
931 657 2 2 4
932 274 2 2 5
932 783 5 4 156
933 657 10 1 4
934 94 8 1 4
938 316 2 2 4
938 552 1 6 1213
941 771 7 1 4
944 165 7 10 31162211
945 456 10 1 4
946 205 3 1 4
947 568 3 1 4
954 22 2 2 4
958 844 6 1 9
961 131 10 1 4
961 333 9 1 4
961 472 5 5 915
963 130 6 2 12
965 937 4 3 25
966 29 10 6 24593
966 197 6 2 31
966 555 6 2 25
968 51 1 8 67355
968 360 1 4 29
969 313 6 3 62
975 205 5 5 1406
976 321 3 7 36445
976 779 7 1 4
977 22 4 4 225
977 34 1 8 81709
984 483 2 2 9
987 962 9 1 4
1000 260 5 1 7
1002 652 9 1 4
1002 912 4 2 13
1003 684 6 1 4
1004 129 6 3 47
1011 36 8 1 4
1018 358 5 6 15834
1021 643 1 2 4
