430 0.005945117306399711 
1821 0.005901875381718194 
751 0.005874904859130148 
1015 0.006042299280776585 
1720 0.005966515530682335 
1970 0.005964620275127458 
407 0.005938653872381876 
337 0.0058295458558954944 
1300 0.00582854332175137 
1293 0.005908116615863837 
1902 0.005887386985250408 
1571 0.005851835236765759 
1788 0.0059469000577708295 
130 0.0059379849906323265 
1672 0.005908116124830487 
1392 0.005801795247651513 
649 0.005921824128308488 
215 0.0060377297511844015 
1800 0.0058003460493267585 
1671 0.005445932594077402 
0 0.006116077993031226 
1127 0.006039625318183252 
1338 0.00587234200139747 
458 0.0058711159222544496 
1782 0.005956596515634349 
957 0.005902767453752575 
1327 0.0058403567145046634 
1290 0.00588415502860957 
1350 0.0060692696600060415 
640 0.005821522323856683 
196 0.005917813234284124 
70 0.005937426727519072 
100 0.005995380055181241 
1602 0.005980445474024598 
1397 0.005944002504984256 
1493 0.005857964712525783 
1160 0.005972644125201984 
1046 0.005799677953032318 
702 0.005775494008589105 
1673 0.005962168827185631 
330 0.005897641018006845 
1323 0.005789648112095294 
1386 0.00627823470349074 
738 0.006006636578292657 
1716 0.005925501495767667 
358 0.006073505115912969 
972 0.006063363515581967 
1734 0.005951580442063358 
1550 0.0060532214010639 
1104 0.005992482784369642 
1509 0.00596584608168681 
590 0.005804024542299178 
327 0.005897305811662151 
1534 0.005939211193218004 
262 0.006377535252067853 
120 0.005790094036452235 
556 0.005924944857115641 
680 0.005882594279772432 
445 0.005936423988910218 
14 0.005901986637514718 
1926 0.0060232418581979775 
192 0.005868107358946893 
1530 0.005861195176153208 
1936 0.005927842408054557 
644 0.005832555435224475 
400 0.005832666361432294 
394 0.005840356615388788 
273 0.005868552479843703 
40 0.005918146639108109 
689 0.00592327309115648 
316 0.005839464715023337 
389 0.005998388177655514 
1445 0.006016331927783151 
731 0.005907670864846576 
209 0.005883040828746226 
501 0.005878583194719264 
1513 0.005592720738701824 
149 0.005765130061594597 
745 0.005903770362138618 
1091 0.005964397353411884 
