0 4 7 1 7
0 8 7 1 4
0 9 7 5 2981
0 17 8 1 7
0 29 4 1 4
0 47 9 1 7
0 112 7 5 1820
0 135 4 1 4
0 150 6 1 10
0 156 4 4 133
0 166 5 4 354
0 215 9 1 7
0 259 9 7 276771
0 274 6 3 44
0 321 7 1 4
0 352 4 1 7
0 415 2 3 14
0 552 7 5 4410
0 618 3 5 774
0 646 10 2 27
0 670 3 1 4
0 674 7 1 4
0 679 9 1 4
0 704 8 3 92
0 902 8 1 12
0 917 9 3 164
0 936 2 4 120
1 7 10 1 4
1 15 8 3 118
1 30 2 9 6842760
1 37 3 6 5716
1 70 7 1 4
1 135 1 5 268
1 228 7 2 17
1 292 7 2 32
1 357 10 1 10
1 535 5 4 195
1 644 6 3 35
1 705 4 1 4
1 768 2 2 4
1 825 9 1 15
1 920 9 1 4
2 0 9 6 6964
2 3 1 3 10
2 8 6 3 50
2 48 9 1 4
2 132 1 2 4
2 167 7 1 4
2 260 7 2 20
2 328 7 1 7
2 523 2 6 8612
3 24 5 1 7
3 131 5 6 14545
3 272 10 3 60
3 277 10 1 4
3 592 5 3 38
3 652 5 1 4
3 817 2 7 42980
4 0 1 3 8
4 4 4 6 4025
4 15 7 7 49359
4 24 2 4 60
4 50 8 2 32
4 60 8 3 53
4 64 1 6 1185
4 293 6 1 5
4 517 3 2 7
4 576 10 1 4
4 683 4 1 4
4 803 10 5 1432
5 216 8 1 8
5 584 10 1 7
6 148 6 1 9
6 212 6 7 123853
6 267 8 1 7
6 268 2 7 16048
6 512 8 2 32
6 798 3 2 13
6 1002 7 2 13
7 81 7 1 4
7 110 8 1 7
8 1 9 4 527
8 19 3 9 5176525
8 32 1 5 405
8 202 3 5 447
8 272 1 3 7
8 273 3 2 7
8 386 7 7 88675
8 393 4 1 7
8 486 5 1 8
8 552 4 4 148
8 642 9 1 4
8 656 1 4 88
8 735 5 1 4
8 850 9 3 89
8 902 5 3 45
9 39 1 6 3722
9 43 7 1 12
9 274 1 6 3866
9 416 7 1 7
9 526 9 1 4
9 572 10 6 8357
9 823 5 3 94
9 907 9 3 130
10 13 4 1 4
10 40 9 2 16
10 75 9 1 4
10 84 6 1 7
10 160 1 2 4
10 176 3 1 4
10 208 7 1 11
10 518 4 1 4
10 523 9 1 4
10 584 5 1 4
10 599 6 4 286
10 680 9 2 19
11 204 8 1 4
11 586 7 5 1141
12 0 1 3 22
12 24 9 3 128
12 55 5 3 28
12 65 4 2 13
12 116 10 3 158
12 128 4 1 4
12 269 1 3 7
12 366 2 3 31
12 634 4 2 8
13 66 10 1 5
13 192 8 6 31666
13 224 7 1 7
13 320 5 3 52
13 780 2 2 7
14 127 9 10 58401848
14 152 6 1 4
14 210 3 1 4
14 321 3 1 4
14 376 7 1 4
14 584 1 2 5
14 616 10 1 4
15 352 10 1 5
15 485 3 7 27982
15 659 9 2 18
15 854 7 5 2964
16 9 10 1 7
16 24 8 6 20720
16 64 5 3 32
16 96 9 5 1428
16 132 8 3 44
16 148 7 1 4
16 198 1 2 4
16 516 6 4 144
16 643 5 3 35
16 806 9 6 16860
17 48 1 4 26
17 258 4 3 65
18 51 10 1 4
18 203 3 2 15
18 215 8 3 139
18 641 7 4 424
18 645 5 4 214
19 7 7 4 318
19 24 4 7 20759
19 657 9 1 4
19 709 1 3 7
20 10 9 1 13
20 28 9 1 4
20 36 4 1 4
20 69 7 3 146
20 176 3 2 7
20 194 1 2 5
20 323 10 6 11474
20 786 5 1 7
21 116 9 2 18
21 258 6 3 73
21 308 3 2 15
22 24 4 6 15796
22 133 6 4 539
22 320 6 1 7
22 331 6 2 24
22 565 5 1 4
23 328 8 7 82948
23 770 9 2 20
24 533 4 4 127
24 781 6 1 10
24 786 5 2 12
24 848 8 2 15
25 592 2 2 7
26 20 1 4 45
26 22 9 1 7
26 109 6 2 13
27 210 8 1 10
27 547 10 1 4
27 549 7 7 45301
28 42 2 7 52414
28 146 8 2 17
28 192 9 4 285
28 203 3 1 4
29 1 6 1 10
29 5 9 1 12
29 327 5 2 9
29 532 7 1 7
29 809 4 2 14
30 129 6 5 3003
30 588 9 3 127
31 77 2 4 67
32 16 1 3 18
32 33 7 8 305384
32 42 5 1 4
32 72 10 3 67
32 185 5 1 4
32 196 9 1 4
32 204 9 1 4
32 211 4 6 14673
32 219 4 3 27
32 388 10 1 10
32 414 4 2 17
32 641 8 6 6380
32 721 1 2 4
32 759 1 4 29
32 803 2 3 42
33 2 9 2 28
33 3 1 4 92
33 26 6 1 4
33 31 4 6 5766
33 276 2 3 11
33 277 2 2 4
33 320 4 7 67383
33 544 4 3 44
33 898 10 1 11
33 945 9 1 4
34 144 1 3 10
34 292 9 2 28
34 324 7 4 311
34 561 10 3 107
34 663 8 2 19
34 720 7 1 4
34 800 10 1 15
35 65 8 2 25
35 689 3 3 64
36 12 4 5 456
36 34 9 1 14
36 48 1 5 308
36 257 10 2 46
36 266 2 2 9
36 288 5 3 66
36 320 3 3 53
36 448 4 3 78
36 555 4 2 13
36 705 9 1 4
36 858 9 1 10
37 2 3 7 27470
37 13 9 1 7
37 364 10 3 73
37 520 8 1 4
37 594 2 4 125
37 640 7 4 555
37 673 7 1 7
38 1 6 1 5
38 180 3 4 195
38 204 3 6 9660
38 544 6 1 4
39 3 9 4 675
39 520 2 6 2854
39 982 2 4 64
40 20 7 2 13
40 39 3 3 55
40 65 10 1 10
40 528 7 3 66
40 605 4 7 134937
40 645 3 1 4
40 756 2 2 8
40 761 9 1 7
40 980 8 2 26
41 96 6 3 38
41 321 4 4 355
41 513 7 3 58
41 987 9 1 4
42 42 3 6 7400
42 140 1 3 10
42 329 10 1 4
42 411 3 3 41
43 1 7 1 4
43 546 8 1 10
44 12 1 2 4
44 47 3 3 20
44 430 5 1 4
44 794 5 1 8
45 50 4 1 4
45 74 1 10 10247921
45 266 1 6 2083
45 808 8 5 5340
45 844 1 5 521
46 57 5 6 13396
47 80 6 2 12
47 1022 7 2 21
48 67 2 3 23
48 176 8 2 26
48 193 9 1 4
48 646 7 1 4
48 708 1 3 7
48 789 6 5 1834
48 843 1 4 71
49 4 4 1 4
49 17 6 3 89
49 310 4 8 307453
49 313 2 4 51
49 516 3 3 17
50 9 8 1 4
50 113 10 1 4
50 528 9 1 4
51 70 4 5 1902
51 516 7 1 7
52 46 4 3 24
52 188 6 1 4
52 256 6 6 7302
52 285 6 1 10
52 899 4 6 5075
53 146 2 2 9
53 245 9 4 413
54 112 6 2 14
55 278 9 2 27
56 89 7 4 163
56 267 6 1 4
56 472 10 1 10
56 544 6 4 528
56 560 1 3 13
57 5 7 3 133
57 128 8 1 7
57 448 10 1 4
58 113 4 2 12
59 58 10 1 7
59 292 6 5 1756
59 583 6 1 7
60 3 8 1 4
60 5 4 1 4
60 33 6 2 18
60 112 1 2 4
61 644 6 2 28
61 648 9 2 26
62 521 4 3 28
62 612 8 2 15
64 1 9 2 39
64 26 4 3 31
64 192 2 4 77
64 194 1 3 9
64 197 2 2 9
64 203 6 3 120
64 272 5 1 4
64 370 5 7 76685
64 465 2 2 7
64 481 1 3 10
64 686 8 3 55
64 756 10 2 26
64 771 7 7 70004
64 780 9 1 9
64 790 1 5 430
65 25 10 5 4353
65 61 4 2 17
65 96 10 1 10
65 104 2 7 25348
65 118 1 3 16
65 218 9 2 45
65 241 3 3 36
65 265 6 1 4
65 421 9 8 1048857
65 515 2 4 172
65 571 9 2 21
65 614 8 1 4
66 140 5 1 8
66 545 4 1 7
67 2 10 1 4
67 16 9 1 4
67 20 10 2 36
67 37 4 1 4
67 73 9 1 4
67 482 6 1 4
67 840 5 1 4
68 153 3 9 3772867
68 192 4 4 355
68 226 10 1 10
68 284 5 2 14
68 322 3 1 4
68 576 9 2 25
69 138 5 1 4
69 276 4 1 4
69 572 9 5 1651
69 768 10 3 122
70 109 9 2 16
70 212 9 1 10
70 431 5 3 27
70 608 9 1 5
70 646 7 6 17586
70 672 9 3 70
71 264 9 6 10736
71 409 2 5 903
71 700 5 2 10
72 280 9 1 14
72 437 5 7 26821
72 533 2 2 4
73 640 3 3 33
73 870 2 2 4
73 999 8 1 7
74 512 8 1 10
74 548 8 3 86
74 600 3 1 4
74 1012 5 1 4
75 259 6 3 63
75 576 10 1 12
76 76 1 8 83338
76 133 2 3 24
76 262 1 3 10
76 586 8 1 10
76 855 7 2 23
77 256 5 5 1133
77 267 10 1 12
77 450 4 7 92102
78 288 10 1 4
78 517 4 1 7
78 784 9 1 4
78 919 9 2 26
79 165 4 1 4
79 386 1 3 7
80 0 1 6 1139
80 82 1 5 152
80 132 5 1 8
80 211 2 2 7
80 528 9 1 13
80 920 4 6 5400
81 852 10 1 4
82 280 2 8 100672
82 283 6 4 234
83 115 8 1 7
83 124 3 4 67
83 304 7 1 7
83 784 10 5 1649
84 64 6 1 10
84 74 9 1 4
84 216 7 2 30
84 490 6 1 10
85 31 10 4 445
85 65 3 4 212
86 234 6 3 57
87 353 4 1 4
87 462 6 2 16
87 515 9 8 587858
88 330 10 1 16
88 782 4 6 4165
89 2 7 7 166512
89 76 6 5 3254
90 20 2 8 340598
90 274 5 9 2906992
90 843 4 1 5
90 977 2 2 4
90 988 7 1 4
91 154 10 1 10
91 951 9 4 225
92 38 1 3 7
92 91 5 1 7
93 49 3 3 36
93 134 1 3 21
93 669 2 3 15
94 954 4 3 47
95 20 6 1 4
95 34 3 1 4
96 32 1 3 19
96 80 7 1 10
96 148 5 4 296
96 220 10 2 23
96 276 2 3 16
96 304 2 3 26
96 321 4 6 2796
96 356 6 1 7
96 547 8 1 8
96 776 8 1 4
96 820 8 3 70
97 130 1 2 5
97 144 1 3 10
97 195 2 3 12
97 286 7 2 21
97 473 1 2 4
97 525 9 4 536
98 14 9 1 5
98 352 7 4 542
98 401 1 5 285
98 671 3 2 15
99 134 6 1 5
99 249 10 3 64
100 128 6 4 308
100 294 2 6 4468
100 752 6 3 37
101 70 2 3 27
101 124 9 2 20
101 392 6 6 17451
101 599 7 4 676
102 6 7 1 4
102 78 10 1 4
102 166 1 2 4
102 264 3 1 4
103 704 4 1 4
104 28 8 4 744
104 48 5 5 1227
104 132 9 1 4
104 313 6 1 9
104 512 10 3 59
105 3 7 1 4
106 652 2 3 12
107 129 10 4 357
108 133 4 2 18
108 825 3 5 1011
109 707 9 5 2412
112 0 5 4 189
112 1 6 7 68181
112 28 9 2 28
112 84 9 1 4
112 165 2 3 19
112 776 2 4 66
114 68 9 3 101
114 416 2 3 18
114 452 7 8 366057
114 497 1 4 50
114 872 8 5 3375
116 33 3 6 6353
117 803 8 2 23
118 565 5 5 2144
119 446 6 1 9
119 836 2 2 4
120 0 6 1 10
120 76 1 3 9
121 536 9 1 7
122 80 7 2 21
122 185 5 4 440
122 294 4 1 4
123 600 1 4 69
124 304 9 1 7
124 348 3 5 378
125 268 9 1 4
128 1 1 3 7
128 10 2 7 37908
128 58 2 3 25
128 200 10 1 7
128 208 4 2 9
128 320 4 2 15
128 375 10 1 4
128 453 7 1 4
128 770 8 4 445
128 806 2 2 10
129 0 8 5 1724
129 10 9 1 13
129 39 4 2 20
129 584 9 2 18
129 707 10 4 245
130 78 3 4 256
130 272 1 2 4
130 273 9 1 4
130 368 9 1 10
130 520 5 3 64
130 528 2 2 7
130 532 1 2 4
130 540 4 8 451752
130 675 5 1 4
130 772 7 3 47
130 980 1 4 33
131 581 10 1 4
132 6 9 2 17
132 17 7 3 89
132 94 10 3 66
132 137 1 3 13
132 372 5 7 34055
132 516 8 1 5
132 713 4 5 692
132 916 10 3 177
132 957 7 2 35
133 23 7 4 321
133 138 4 1 4
133 614 7 1 4
134 67 8 2 35
134 84 3 1 4
134 377 6 2 21
134 390 6 2 30
134 768 3 4 193
135 258 3 3 56
136 39 7 2 26
136 81 3 1 4
136 160 8 1 7
136 482 10 1 7
136 610 8 1 7
136 657 6 4 620
136 831 9 6 26646
137 148 9 5 1780
137 325 2 2 4
137 678 8 3 144
137 778 8 1 13
138 266 10 5 5045
138 415 4 2 15
138 590 7 2 16
139 87 2 2 10
140 72 8 1 7
140 135 5 4 260
140 143 3 2 12
140 464 3 5 1298
140 724 4 4 349
140 776 3 2 7
141 2 2 3 20
143 116 10 4 410
143 144 1 2 4
143 187 2 2 4
143 286 5 3 40
143 642 3 4 265
144 18 10 1 10
144 68 6 1 4
144 248 4 2 16
144 257 6 1 7
144 418 3 2 8
144 433 7 2 28
144 520 4 4 266
145 1 8 4 721
145 2 4 1 4
145 94 6 1 10
145 184 1 2 4
145 216 4 2 15
145 273 9 5 4657
145 392 5 6 16359
145 513 5 4 302
145 576 4 7 136411
146 69 6 6 7646
146 146 7 2 22
146 396 4 3 75
146 910 9 3 49
147 513 2 7 51867
147 522 5 5 3197
148 1 3 3 34
148 24 7 3 66
148 130 8 2 25
148 139 10 1 7
148 146 10 1 11
148 278 5 2 15
148 464 1 4 60
148 515 7 1 10
148 912 2 2 5
149 20 4 3 60
149 633 7 2 23
150 141 1 6 1747
150 160 9 1 7
150 656 3 3 45
151 132 5 2 15
151 207 5 1 7
153 26 10 3 159
153 171 9 2 40
153 592 4 1 5
153 598 6 1 3
153 833 2 2 4
153 961 9 2 18
156 54 10 1 7
156 133 7 2 15
156 814 8 3 127
157 404 9 2 21
158 104 10 6 8397
159 526 9 1 4
160 34 8 3 115
160 81 9 4 359
160 144 4 1 4
160 452 1 2 4
160 644 3 1 4
161 21 7 1 7
161 40 2 2 4
161 326 5 1 8
161 376 8 2 16
161 524 2 3 12
161 576 9 5 5102
161 717 10 6 36318
161 898 9 2 22
162 160 1 6 699
162 290 2 2 4
162 306 7 4 176
163 227 8 2 21
163 361 7 1 4
164 34 2 2 7
164 38 6 1 4
164 87 6 2 23
164 217 4 1 4
164 264 8 1 4
164 280 5 3 32
164 329 9 2 16
164 636 8 4 702
164 646 10 5 1228
165 397 10 7 288947
166 686 7 2 25
167 104 6 5 1856
167 289 7 2 28
167 384 1 4 36
167 456 7 1 8
167 712 2 4 46
168 8 9 1 7
168 52 9 3 155
168 67 7 1 4
168 98 8 5 1646
168 480 6 3 38
169 25 9 1 7
169 72 8 1 4
169 351 3 1 4
171 144 10 1 12
171 810 10 4 230
172 8 7 1 4
172 32 8 3 148
172 664 4 3 41
173 261 1 2 4
174 493 7 1 4
174 582 7 2 25
176 32 4 1 4
176 137 9 3 150
176 273 8 4 691
176 824 10 4 267
176 864 3 3 21
176 916 4 1 7
176 932 8 2 15
177 128 10 1 17
177 280 3 2 7
177 560 10 1 7
177 744 7 4 183
178 100 6 4 503
178 144 3 3 29
178 580 9 2 45
178 797 5 1 4
179 429 1 4 67
180 19 4 1 7
180 152 6 2 15
180 600 7 5 3361
180 973 4 3 37
181 331 1 5 130
181 768 8 1 13
182 728 10 3 96
184 141 8 1 10
184 664 9 3 78
185 5 6 3 120
185 42 4 3 28
185 391 7 2 18
186 272 2 4 52
186 582 4 1 4
187 800 7 1 7
188 4 1 6 895
192 52 8 1 4
192 72 8 1 5
192 177 3 5 559
192 392 7 1 4
192 536 8 1 10
192 713 7 7 51872
192 898 8 8 394076
192 904 3 2 13
192 999 9 1 7
193 8 6 1 4
193 120 2 3 17
193 162 10 1 7
193 375 10 1 10
193 718 3 3 19
194 321 10 2 24
196 81 1 2 4
196 377 7 7 69904
197 61 10 3 207
197 100 8 1 8
197 297 5 4 187
197 592 6 1 5
197 769 9 1 4
198 3 2 2 4
198 196 10 6 16324
200 146 6 10 446739155
200 577 1 3 20
200 924 1 3 8
201 98 3 1 4
204 6 3 2 12
205 457 1 3 16
206 80 4 5 1147
206 530 1 3 10
208 88 7 4 157
208 534 9 1 11
209 55 1 3 7
209 513 3 3 40
209 564 4 6 5415
210 1 6 3 33
210 882 1 5 150
211 4 7 3 42
212 34 1 6 2350
212 69 8 5 3528
212 112 1 4 70
212 262 3 7 65378
212 673 10 1 17
213 64 2 4 68
214 369 1 2 4
214 585 5 1 4
216 66 8 1 12
216 792 3 3 16
217 923 5 1 4
218 86 4 1 7
219 389 3 1 4
220 176 2 7 27093
220 658 9 2 29
222 532 4 2 14
222 852 3 4 100
225 257 8 1 8
225 316 5 4 409
225 948 8 3 61
226 157 9 1 7
227 336 5 4 153
227 592 5 1 7
227 838 5 3 44
228 32 2 2 7
231 261 8 3 44
231 290 3 3 45
232 5 3 5 1465
232 65 3 1 4
232 130 3 2 10
232 480 5 2 13
233 912 3 2 13
234 848 5 1 7
235 645 9 1 4
237 91 5 2 13
238 642 2 2 4
239 370 4 7 25264
239 560 8 4 659
240 18 9 1 4
240 66 7 1 4
240 914 2 2 7
241 206 3 7 41812
242 156 3 1 4
244 33 2 2 4
244 356 1 3 16
245 705 3 3 22
246 64 7 3 55
247 626 10 1 5
248 0 6 2 17
248 290 3 1 4
248 557 10 1 4
248 902 6 4 399
250 46 4 3 23
253 636 1 3 7
256 1 2 2 4
256 4 8 2 28
256 5 7 3 48
256 68 2 2 7
256 69 9 1 4
256 97 10 2 34
256 160 3 2 7
256 212 4 1 4
256 262 5 2 26
256 312 1 5 168
256 344 2 7 21688
256 416 4 3 40
256 512 4 2 13
256 616 5 7 30854
256 705 10 2 18
256 772 1 3 8
256 804 4 1 4
256 904 9 1 10
256 963 1 4 34
256 992 7 1 10
257 0 7 2 34
257 156 2 2 10
257 272 6 3 100
257 544 5 3 42
257 806 9 1 4
257 912 7 1 4
257 920 8 1 4
257 945 3 4 196
258 24 9 4 916
258 34 8 3 47
258 36 2 3 30
258 138 10 1 12
258 265 4 4 173
258 673 10 7 101515
258 810 9 2 44
258 880 10 4 284
259 7 9 1 4
259 100 9 3 139
259 226 8 6 37618
259 327 8 1 7
259 532 1 8 88612
260 256 4 3 29
260 545 1 2 4
260 678 7 4 197
260 978 10 4 715
261 8 1 3 7
261 72 7 1 5
261 672 10 2 18
261 995 10 6 9359
262 32 8 1 10
262 134 5 3 46
262 193 1 2 4
262 256 6 3 35
262 906 10 3 124
262 1013 3 6 2236
264 1 8 2 34
264 4 4 5 2574
264 296 10 1 4
264 320 3 2 12
264 568 2 4 52
265 632 9 10 228167138
266 11 3 3 30
266 56 7 1 8
266 242 3 3 20
266 272 10 1 4
266 326 2 10 96927460
266 504 8 1 4
267 523 1 6 1434
268 12 6 1 7
268 34 3 4 194
268 177 2 4 116
268 192 6 1 4
268 512 8 2 18
268 524 2 4 70
268 577 4 2 17
269 444 10 8 756783
269 640 7 2 32
270 73 2 4 88
270 532 5 5 1912
270 642 5 2 13
272 41 4 4 140
272 162 6 1 9
272 225 2 2 4
272 234 9 2 40
272 259 1 3 7
272 280 9 2 27
272 378 8 1 7
272 520 7 2 17
272 554 7 2 36
272 640 10 2 27
272 684 9 1 4
272 899 8 1 10
273 47 1 4 49
273 581 6 4 602
273 693 3 2 10
273 809 3 5 1757
273 903 9 1 8
275 4 9 1 7
275 16 2 2 10
275 116 1 2 4
275 133 8 8 689207
275 401 9 4 388
275 512 6 4 427
276 288 5 1 4
276 392 8 1 10
276 538 5 1 7
276 628 3 3 17
277 8 5 1 4
277 27 4 4 153
277 128 8 4 244
277 385 7 3 57
279 18 10 1 4
279 901 1 3 12
280 36 1 6 1570
280 82 8 1 4
280 600 9 5 2675
280 674 9 7 131627
281 101 10 2 34
282 136 4 3 56
282 576 2 3 27
282 787 7 3 107
286 12 4 2 12
286 624 3 1 5
286 832 3 2 12
287 448 3 7 89403
287 802 8 7 274166
288 47 3 1 4
288 50 1 8 51107
288 132 5 3 31
288 224 4 2 13
288 292 6 5 1555
289 36 2 3 14
289 60 4 1 7
289 156 6 3 65
289 345 10 4 526
289 472 1 4 84
289 648 9 2 27
289 753 10 2 18
289 788 9 1 15
290 0 2 5 405
290 258 2 2 10
290 328 4 3 36
290 388 6 2 16
291 32 6 6 8102
291 610 6 1 4
291 768 5 1 7
291 967 9 2 35
292 7 1 2 4
292 19 2 2 7
292 134 5 8 233250
292 162 4 2 13
292 524 8 2 20
292 593 1 6 3755
293 960 10 1 4
294 27 5 9 13646866
294 742 1 4 94
294 864 3 3 38
296 57 8 2 18
296 84 9 4 460
296 131 7 5 2628
296 260 9 1 4
296 288 1 4 37
296 516 1 6 4309
297 167 9 1 4
297 325 5 3 37
297 389 6 1 4
297 544 6 1 7
297 742 10 1 7
298 75 5 6 4437
299 78 8 1 10
299 291 8 2 28
300 29 3 2 7
300 140 9 1 4
301 274 8 1 4
301 777 3 3 49
304 6 3 6 5113
304 8 1 3 7
304 42 3 2 7
304 63 5 2 25
304 106 5 3 60
304 212 6 1 8
304 258 10 1 4
304 292 8 7 117159
305 34 6 1 5
305 163 2 2 4
305 576 10 4 688
306 36 5 5 3032
306 550 7 5 2409
306 918 9 1 7
308 21 4 5 1390
308 583 4 4 157
308 640 7 1 4
308 832 1 2 4
308 848 7 2 21
309 77 9 1 4
309 774 2 3 30
310 44 3 5 930
310 936 9 1 4
312 514 4 1 5
314 156 8 1 4
314 376 10 2 32
314 518 3 2 7
318 532 1 3 19
318 914 4 3 49
320 407 2 3 12
320 428 8 5 1225
320 468 8 5 2773
320 641 8 6 16385
320 720 9 1 4
321 4 4 1 7
321 262 8 1 4
321 337 10 3 179
321 768 8 1 7
321 834 3 3 26
322 0 2 2 7
322 80 4 2 9
322 196 3 8 282790
322 416 10 2 41
322 902 6 1 7
323 360 7 1 4
323 515 6 1 10
324 106 6 4 216
324 167 5 4 261
324 179 6 3 60
324 200 4 7 24132
324 530 9 4 202
325 6 6 1 4
325 74 3 6 13817
325 145 9 1 8
325 614 4 1 4
325 720 3 1 4
326 11 8 4 476
326 32 2 2 4
326 116 7 5 1348
326 280 3 4 95
326 443 2 7 14258
327 698 6 1 7
328 45 7 1 7
329 258 6 1 7
329 836 5 3 61
330 204 1 4 35
332 456 9 5 1459
332 643 2 2 8
334 288 6 1 7
335 83 1 3 12
335 391 8 2 21
336 18 6 7 44003
336 100 1 2 4
336 576 7 2 32
336 632 5 1 4
337 352 9 1 5
337 768 1 5 129
338 33 5 1 4
338 160 5 3 64
339 42 3 2 8
340 0 9 6 38486
340 106 6 1 4
340 704 1 4 105
340 763 4 1 4
342 15 10 2 39
342 272 3 4 246
342 536 9 1 7
344 676 7 2 15
345 32 5 1 4
345 728 8 4 243
345 992 4 3 30
346 11 5 6 11085
346 89 7 5 893
347 11 5 1 7
347 313 4 2 18
348 128 3 9 1089647
348 395 4 2 12
349 12 9 1 4
352 409 10 1 4
352 419 7 2 26
352 514 3 4 78
352 680 8 4 421
352 794 7 4 250
353 389 4 4 238
353 684 1 3 18
354 25 3 9 4086690
354 288 3 1 5
354 836 5 9 4234512
354 969 6 3 103
355 134 4 5 1627
355 634 10 4 666
356 800 4 3 47
357 433 1 3 9
357 690 3 1 4
358 3 5 2 10
358 168 6 2 18
358 197 9 3 172
360 514 10 2 31
360 555 3 5 776
360 810 4 1 7
361 266 4 1 4
361 316 8 2 16
363 162 3 2 7
363 424 6 4 366
364 740 6 4 624
366 657 6 4 279
368 49 7 1 4
368 738 10 1 10
371 112 9 1 7
371 705 2 7 10745
371 772 3 3 56
372 352 5 3 49
375 77 3 2 12
376 193 9 1 10
379 333 9 3 114
380 339 1 4 56
381 531 8 3 46
382 562 10 1 7
384 5 5 3 97
384 6 7 2 22
384 156 7 1 7
384 168 2 6 1458
384 312 9 1 10
384 332 4 4 159
384 423 10 1 4
384 457 4 2 10
384 481 2 6 3712
384 531 3 8 219761
384 571 10 1 4
384 597 6 2 29
384 692 2 6 3246
384 841 9 3 53
384 962 4 8 219348
385 2 1 4 33
385 75 9 3 61
385 213 1 2 4
385 214 2 7 13800
385 513 5 7 45846
385 563 4 6 4282
386 64 1 2 4
386 158 3 7 21800
386 160 4 3 35
386 206 10 3 81
386 275 4 5 552
386 681 7 4 408
386 846 10 3 91
386 849 3 2 15
387 147 2 3 21
387 297 9 1 10
387 545 5 2 13
387 1016 1 3 9
388 332 9 5 2538
389 596 10 1 7
390 566 2 7 20895
391 8 5 2 10
391 800 6 1 7
392 553 4 3 37
393 577 2 3 12
394 80 1 5 666
394 211 10 1 17
395 4 7 5 962
395 647 8 3 53
396 6 1 2 4
396 546 6 5 3419
396 777 4 3 37
396 915 5 1 7
397 132 1 2 5
397 305 1 2 4
397 518 1 5 265
398 943 9 2 38
399 9 3 3 24
400 10 6 8 411771
400 144 10 4 299
400 712 2 4 95
401 16 2 2 4
401 58 8 2 21
401 277 4 3 61
401 284 9 3 152
401 673 9 1 6
402 68 7 1 4
402 80 10 8 955422
402 769 2 2 4
404 209 3 1 4
404 298 7 1 4
405 160 7 1 4
406 677 1 4 27
408 66 2 9 2090937
408 405 4 1 5
408 576 9 3 101
409 66 2 2 4
409 417 6 4 258
409 888 4 1 7
410 520 1 3 8
411 20 1 6 4853
412 6 4 2 12
413 640 5 1 4
415 101 4 1 4
416 52 1 4 50
416 292 4 6 10104
416 832 9 2 37
418 16 2 2 4
419 7 4 3 29
419 62 2 3 21
419 844 4 2 10
420 32 7 3 65
420 114 1 7 6866
420 288 10 1 4
420 538 1 3 14
420 545 2 6 1982
421 400 1 2 5
422 736 2 2 7
423 384 3 1 4
423 651 9 4 386
424 481 5 2 19
425 161 10 6 15888
425 746 6 3 45
425 776 10 5 1293
426 644 6 1 4
427 580 4 1 4
428 32 7 2 29
428 194 2 3 13
428 620 10 1 4
428 880 3 1 4
430 8 4 3 73
430 68 2 2 4
430 203 10 1 4
433 24 3 1 4
433 197 2 2 8
433 398 7 2 29
436 641 8 1 4
437 2 9 5 1292
441 21 1 2 4
442 146 8 3 45
442 691 9 1 10
444 769 9 1 7
448 513 8 1 4
448 655 2 4 82
449 321 10 7 78978
450 450 2 2 4
452 488 7 1 8
452 512 8 4 490
452 513 3 5 665
453 661 1 4 23
454 634 1 5 199
454 782 6 3 127
455 640 2 8 543586
456 105 9 1 4
456 367 5 3 62
456 774 6 4 133
457 906 10 1 4
458 101 3 1 4
458 743 3 3 24
460 197 3 5 1115
460 462 4 3 81
460 566 8 1 7
461 625 8 2 28
463 916 2 6 4666
464 265 2 2 7
464 928 9 2 29
465 531 2 3 19
465 761 4 6 8525
465 902 8 3 69
467 211 7 4 409
469 425 2 3 14
470 713 3 1 4
472 226 1 3 18
472 256 5 1 4
472 801 6 1 4
473 6 9 4 290
476 775 3 1 4
480 0 4 3 34
480 665 1 3 19
480 731 7 2 23
481 288 4 6 18273
481 416 10 4 562
482 64 9 2 24
482 285 5 1 4
483 276 3 2 8
483 555 3 1 4
484 841 1 6 1410
485 134 7 1 4
488 3 5 2 9
488 269 5 1 4
488 334 5 5 854
489 64 2 5 507
491 112 5 2 10
496 433 7 2 30
496 978 5 2 23
504 267 3 1 4
506 706 8 6 31261
512 1 10 1 10
512 36 3 3 28
512 52 5 5 1401
512 65 1 2 4
512 96 6 2 25
512 266 9 1 7
512 438 10 5 1167
512 453 5 3 36
512 482 5 8 242722
512 522 2 9 3363158
512 685 7 4 737
512 936 6 6 14114
513 5 8 1 4
513 42 3 4 274
513 65 6 3 71
513 100 3 4 167
513 112 8 1 4
513 304 9 3 97
513 315 5 2 18
513 640 4 4 193
514 11 5 2 14
514 36 7 1 4
514 401 9 1 4
514 522 10 1 16
514 572 4 3 44
515 93 5 2 22
515 157 7 3 74
515 598 5 2 18
516 69 9 1 4
516 357 10 1 7
516 442 9 1 4
516 555 2 3 13
516 582 4 3 39
516 779 6 5 1066
516 785 1 5 518
517 3 8 6 6521
517 8 8 1 4
517 34 10 1 10
517 132 3 4 93
517 177 5 1 4
517 233 7 1 7
517 281 9 1 7
517 525 2 7 11627
517 534 2 2 4
517 768 5 2 21
518 0 4 2 10
518 66 2 3 12
518 517 3 5 1072
519 944 10 6 11063
519 967 4 2 8
520 94 7 8 624285
520 164 2 2 4
520 328 2 2 4
520 436 7 2 26
520 785 4 3 36
520 812 3 1 4
520 896 4 2 8
521 81 1 4 45
521 229 2 2 4
521 450 3 4 76
521 546 1 2 4
521 560 4 7 78309
522 1 2 2 4
522 121 9 1 4
522 234 5 2 19
522 652 7 1 4
523 650 4 1 4
524 159 7 5 3277
524 173 4 2 21
524 520 10 5 3924
525 134 1 3 12
525 820 4 1 4
526 548 4 7 27379
526 776 1 4 74
527 36 4 6 11472
527 713 3 3 25
528 10 9 5 2986
528 33 10 5 5639
528 36 3 1 4
528 97 3 2 10
528 144 8 1 4
528 156 4 9 7578795
528 171 4 5 1279
528 344 10 9 31175745
528 512 2 6 3221
528 580 10 1 7
528 582 9 3 99
528 611 1 5 340
528 720 4 6 8157
529 16 8 5 1091
529 148 2 3 13
529 260 4 2 20
529 517 10 2 19
529 520 3 1 4
529 737 9 1 4
530 20 8 5 1163
530 86 1 2 5
530 132 5 1 4
530 278 10 6 18529
530 696 7 2 21
532 11 9 3 52
532 292 6 4 492
532 550 3 7 51790
532 853 2 4 79
533 5 3 1 5
533 37 2 3 39
533 787 1 3 17
534 6 2 6 3086
534 425 8 1 4
534 786 7 2 18
535 10 10 6 11755
536 10 10 1 4
536 244 10 4 299
536 902 1 4 27
537 99 6 1 4
537 138 10 3 78
537 257 2 3 30
537 478 10 1 4
538 74 5 4 242
538 84 2 2 4
538 820 6 1 10
540 256 10 1 4
540 481 9 3 84
541 344 8 6 5762
541 793 7 1 7
544 6 6 2 27
544 21 4 1 4
544 24 4 3 27
544 160 5 1 7
544 401 6 4 401
544 416 9 1 8
544 429 3 1 4
544 536 4 3 26
544 542 4 10 55211682
544 551 9 4 636
544 597 7 3 54
544 718 3 2 12
545 209 10 3 68
545 226 5 4 200
546 2 10 1 7
546 4 6 3 43
546 263 4 3 22
546 612 6 7 53493
546 650 2 2 7
546 758 10 1 13
546 900 5 8 1709092
547 265 9 4 249
547 427 2 2 4
547 577 2 5 713
548 141 8 1 7
548 169 1 2 4
548 512 7 4 344
548 577 7 4 597
548 586 5 1 4
549 97 8 4 376
549 146 3 4 170
549 288 4 3 75
549 530 10 1 13
549 647 7 1 4
550 36 8 5 1707
550 649 10 2 36
550 800 1 4 45
551 4 1 6 1063
551 40 7 4 177
551 89 2 4 128
552 136 5 2 9
552 640 6 1 4
552 656 3 8 133079
552 932 5 1 4
553 36 7 1 4
553 102 1 7 7636
553 933 5 2 10
554 137 6 1 4
554 296 5 2 24
555 52 6 3 70
556 409 4 2 19
557 6 8 2 40
557 15 8 4 560
557 370 7 2 15
557 400 2 2 7
557 512 2 5 350
557 557 4 3 49
559 557 10 5 3728
560 32 10 2 31
560 96 6 2 15
560 168 5 6 12096
560 354 5 1 4
561 10 7 3 150
561 444 5 2 10
561 521 10 1 10
561 786 9 1 7
562 162 5 7 151992
562 977 4 2 16
562 992 6 6 16319
563 20 8 4 180
564 659 8 2 23
566 132 2 6 8179
567 793 10 3 75
569 385 9 5 6248
571 457 9 6 17996
572 36 2 4 154
572 64 1 4 41
572 370 9 2 23
572 777 2 2 7
573 797 8 1 4
573 886 7 2 30
574 18 3 8 119451
574 533 9 2 16
574 696 9 1 7
576 4 10 1 10
576 5 6 1 10
576 48 6 1 4
576 76 10 1 4
576 133 5 4 557
576 172 1 2 4
576 193 10 1 7
576 325 7 1 8
576 525 9 6 20855
576 547 2 3 15
576 607 1 6 2120
577 72 4 4 96
577 222 8 1 7
577 236 2 4 151
577 292 8 2 28
577 401 7 1 10
577 577 6 1 4
577 661 1 6 3329
577 997 3 1 4
578 26 8 4 189
578 96 6 9 4177012
578 136 9 5 5147
578 554 1 3 7
578 572 1 5 279
578 575 1 2 4
579 80 9 10 2250596545
579 136 6 3 36
580 507 7 2 13
580 528 8 2 20
580 598 1 2 5
581 645 7 1 4
582 633 7 6 4977
583 129 6 2 21
584 432 7 2 13
584 833 4 1 4
585 64 6 5 2112
585 208 9 1 14
585 217 5 4 529
585 354 3 3 23
585 389 5 1 4
586 64 4 3 23
586 530 9 4 479
586 658 1 5 292
587 608 8 1 4
589 389 8 1 4
590 276 4 4 127
590 520 1 3 10
590 788 10 4 296
591 147 4 2 8
592 2 6 2 31
592 4 10 4 802
592 322 2 2 7
592 528 4 5 902
592 585 4 3 50
592 856 7 1 10
595 58 4 2 8
595 557 10 1 4
596 11 4 7 22626
596 91 6 5 1945
596 385 10 1 7
597 387 5 1 7
599 92 3 3 35
599 176 10 1 4
599 569 7 5 1317
600 68 2 2 4
600 115 10 2 37
600 562 4 3 29
600 573 7 6 22097
600 575 6 1 9
601 431 8 2 33
602 480 7 2 25
604 913 9 5 2934
605 80 4 4 128
606 281 8 2 35
606 807 5 1 5
607 288 6 1 7
607 393 10 5 1971
608 176 8 1 7
608 185 10 3 63
608 522 2 3 37
608 576 1 7 32615
608 648 1 2 4
609 28 10 1 15
609 210 10 3 81
609 225 5 7 135548
609 526 3 3 63
609 768 1 6 1443
611 125 4 1 4
612 170 9 3 65
612 534 7 3 102
613 840 7 7 59714
614 265 6 1 7
616 81 5 5 1149
616 450 1 3 7
617 374 3 1 4
617 908 4 1 7
618 70 10 1 4
618 1004 3 1 4
619 76 1 3 11
619 140 1 2 4
619 231 1 2 4
621 293 4 1 4
623 1000 7 5 3241
624 579 3 3 22
625 5 1 6 2594
625 261 6 2 26
625 530 8 1 4
626 8 6 1 4
626 104 1 8 47704
626 114 8 4 852
626 528 9 3 76
626 608 3 7 114983
627 3 2 3 31
627 418 6 2 18
627 769 10 2 29
627 977 1 2 4
629 446 2 2 7
629 528 2 2 10
632 18 5 3 54
633 812 4 3 35
635 546 9 1 7
637 73 2 2 4
638 161 10 6 46964
640 4 10 3 105
640 6 5 2 10
640 16 7 1 7
640 181 7 1 4
640 246 6 3 59
640 258 4 2 20
640 421 4 3 41
640 467 6 2 26
640 525 7 7 85659
640 732 7 2 21
640 952 3 4 156
642 512 6 5 3657
642 562 2 3 21
642 724 4 1 4
643 73 10 1 13
644 48 2 4 67
644 387 5 1 4
644 660 5 3 83
644 756 3 5 737
644 769 4 2 13
645 4 7 1 10
645 25 2 3 23
645 548 5 1 4
645 963 9 1 4
646 289 5 1 5
646 388 6 2 12
648 76 8 1 5
648 98 2 10 54079748
648 301 3 8 247068
648 369 6 2 16
649 48 6 5 3167
650 108 4 1 4
650 216 7 1 7
650 953 9 1 4
651 290 8 3 69
652 257 4 1 4
652 594 1 3 12
654 129 10 2 26
655 384 8 1 12
655 761 8 2 22
656 3 3 6 7905
656 259 8 1 4
656 833 2 6 1417
657 79 5 2 20
657 201 9 1 4
658 10 2 6 1976
658 26 4 6 19151
660 36 1 3 17
660 52 4 2 10
660 69 8 3 112
660 85 10 2 51
661 244 2 4 135
662 374 5 2 9
664 205 1 7 26979
664 539 6 3 99
664 781 4 4 163
665 3 7 4 186
665 260 6 2 31
666 66 2 2 4
667 587 4 1 4
668 163 9 5 4509
668 464 3 1 4
668 749 4 3 33
670 515 3 4 188
672 1 5 1 4
672 64 5 2 26
672 129 1 3 20
672 608 5 1 4
672 717 9 2 24
673 104 4 6 5588
673 656 3 2 8
674 401 5 5 1619
674 672 5 4 114
675 257 8 1 4
675 470 2 2 4
676 52 8 1 4
677 121 3 4 188
677 641 7 1 4
680 20 7 1 9
680 450 7 1 4
680 540 7 1 10
681 6 7 1 10
682 14 4 1 5
682 156 3 3 37
683 278 5 2 18
684 1008 1 3 18
686 426 8 3 76
686 593 1 3 10
688 385 8 5 1902
689 80 6 1 4
690 110 4 1 4
691 12 2 3 30
692 260 6 4 169
692 914 4 3 77
693 522 6 1 4
694 6 3 9 1780227
694 768 9 2 24
694 931 10 3 55
694 976 6 2 20
695 517 1 4 27
695 585 2 3 32
696 885 10 5 2724
697 710 8 3 53
700 229 5 1 7
700 864 3 6 4733
701 34 8 1 7
701 941 6 7 149912
704 34 5 2 10
704 76 10 2 35
704 135 6 1 7
704 292 4 4 284
704 370 9 6 19992
704 514 8 4 178
704 673 5 1 4
705 596 8 4 489
705 854 5 6 10196
706 17 2 2 4
706 161 4 1 5
706 460 2 7 13589
708 108 7 1 8
709 325 7 1 4
709 354 4 3 35
709 644 1 4 34
709 843 3 3 18
710 2 4 1 4
711 19 4 1 7
712 141 6 3 32
712 283 9 4 210
712 862 1 3 7
713 593 10 3 100
713 837 9 2 40
716 98 4 3 23
716 339 2 3 15
716 649 9 1 4
716 842 9 1 4
719 512 8 2 17
720 7 8 4 206
720 144 9 1 14
720 803 1 4 27
721 0 10 1 4
721 104 4 3 23
721 170 2 2 10
721 584 10 2 30
722 82 3 5 361
722 100 10 1 16
722 146 2 4 70
722 258 9 5 2099
722 393 9 2 18
722 398 3 4 130
722 464 4 4 293
723 142 1 3 7
724 20 4 2 10
724 596 8 4 574
725 44 8 3 46
725 65 7 1 4
726 322 9 5 5607
727 200 6 1 7
728 227 8 2 41
728 350 9 7 91920
728 712 10 1 7
729 578 8 1 4
730 332 5 6 22519
732 834 8 2 16
737 610 10 1 7
738 970 5 1 4
740 235 3 5 446
740 801 5 1 4
741 45 3 7 15354
741 260 10 5 1263
743 787 4 1 4
744 124 3 1 4
744 280 8 1 7
744 762 7 1 4
745 63 10 7 237979
751 506 3 1 4
752 261 10 2 36
752 786 2 4 143
754 32 6 2 12
759 130 5 1 4
760 40 1 6 1531
760 220 5 5 3079
760 257 4 5 2007
760 300 1 3 11
761 435 4 4 104
763 668 5 5 2466
765 513 7 1 7
768 68 8 4 224
768 226 2 2 4
768 326 5 3 36
768 502 3 2 10
768 608 3 4 217
768 736 7 6 20538
768 738 8 1 4
769 34 6 1 4
769 350 10 5 3831
769 640 3 2 8
769 773 8 2 42
770 211 5 1 5
770 256 7 1 4
771 800 9 8 1477114
772 0 3 1 4
772 32 10 3 55
772 130 9 1 4
773 1 6 5 1638
774 8 10 1 8
774 936 5 4 234
775 48 3 5 784
775 921 1 2 4
776 155 9 1 4
776 586 3 3 16
776 697 6 3 45
777 6 6 1 4
777 84 5 8 580648
777 200 7 2 17
777 539 6 1 4
777 554 3 8 499136
777 608 6 1 4
778 330 3 7 22431
778 389 3 4 199
780 14 9 1 8
780 193 3 2 10
780 552 7 4 186
781 222 3 7 85128
784 1 5 3 49
784 514 8 3 50
784 549 10 2 28
784 569 9 1 7
784 604 8 1 4
784 841 2 2 7
785 45 1 10 24073320
785 257 4 3 82
786 142 8 2 32
786 521 6 3 70
786 576 2 2 4
786 914 1 6 1198
787 199 3 5 408
788 25 2 3 17
788 324 8 2 37
792 16 4 1 7
792 274 1 2 4
792 540 3 2 10
792 594 8 5 2022
793 52 4 1 4
793 628 2 3 12
795 422 1 2 4
795 661 7 1 7
799 433 3 1 4
800 9 4 3 44
800 45 10 7 149947
800 73 2 2 4
800 97 1 3 15
800 133 2 2 4
801 34 5 6 5975
801 592 4 2 12
801 642 3 1 5
802 660 9 7 195328
802 769 2 7 34164
803 512 7 1 4
804 0 9 6 13428
804 104 9 1 4
804 337 8 3 136
804 433 1 5 128
805 387 7 3 73
805 781 3 7 22777
806 43 8 5 2050
806 134 6 5 786
806 326 7 1 10
806 480 10 1 4
808 302 10 1 16
808 526 2 3 12
808 937 7 5 2822
808 945 8 1 4
810 17 10 1 4
810 394 10 3 83
812 778 1 6 735
814 161 10 1 4
814 264 7 8 1933419
814 523 5 5 654
814 905 1 4 61
816 24 7 2 18
819 69 10 4 544
819 538 8 5 2709
821 236 10 1 12
822 211 7 1 4
824 392 6 1 4
824 978 8 1 4
828 592 2 7 77494
832 16 3 3 20
832 21 8 1 4
832 304 5 10 42036620
832 328 2 4 135
832 427 1 2 4
832 548 1 6 717
833 147 4 3 35
833 999 3 1 4
834 0 10 4 312
834 32 4 2 13
834 67 5 1 7
834 104 10 1 7
834 148 3 2 7
834 912 2 3 43
835 264 7 2 27
835 392 5 1 4
835 583 6 6 9522
836 388 6 1 4
836 485 7 9 8773594
838 785 4 1 4
839 21 10 3 55
840 96 9 6 23929
840 106 3 1 5
840 545 3 2 10
840 800 7 1 4
842 132 6 1 7
842 200 5 1 7
843 939 7 2 28
844 584 7 1 4
845 561 10 3 65
845 624 1 3 21
848 90 2 2 7
848 188 7 1 7
848 313 3 2 7
848 391 2 3 25
848 899 4 4 144
849 792 9 1 9
849 1018 9 4 875
850 308 3 1 4
850 776 1 2 4
851 195 3 4 227
852 2 4 5 1518
852 64 1 3 11
852 824 9 2 23
854 681 8 2 39
856 256 3 1 4
856 866 10 1 5
862 130 10 1 4
863 516 6 2 26
864 23 10 1 13
867 998 9 2 40
870 6 10 2 22
870 68 4 1 4
871 264 2 3 18
872 32 8 2 39
872 50 2 4 124
872 165 7 1 4
873 9 2 4 123
874 360 7 4 608
878 258 4 1 4
882 42 9 4 888
882 591 7 1 12
882 778 8 2 20
884 802 5 2 10
885 601 6 1 4
894 392 1 2 4
895 603 6 9 15402775
896 868 4 2 10
897 39 4 1 4
897 115 3 1 4
897 523 10 2 21
898 699 5 7 29757
899 537 10 1 7
899 736 8 1 4
900 4 1 2 4
900 313 5 8 384579
902 131 1 3 9
902 420 2 2 4
903 339 1 6 912
904 112 2 3 29
904 231 3 1 4
904 552 10 1 4
904 888 3 6 3107
904 929 5 6 3896
905 12 5 5 1001
905 196 3 3 20
905 248 6 1 4
905 540 1 2 4
905 572 8 3 73
906 137 6 1 7
906 194 7 1 4
906 328 2 4 202
907 276 10 1 4
908 456 1 3 10
910 614 6 2 13
911 5 1 3 9
911 896 3 2 7
912 2 6 3 32
912 85 7 2 13
912 129 6 5 1103
912 388 7 1 10
914 669 3 3 41
916 742 3 1 4
916 777 6 1 7
917 560 1 3 9
917 912 4 3 22
918 0 3 3 19
920 200 10 1 4
921 272 7 1 7
921 320 4 5 460
922 8 3 1 4
922 784 8 4 231
924 33 2 2 4
924 196 6 2 21
927 190 2 3 18
928 384 8 1 4
928 516 6 1 8
928 518 5 1 4
929 10 8 7 93766
929 257 3 3 21
929 316 7 1 7
930 547 6 1 10
930 720 9 5 1257
931 230 3 2 11
931 657 6 1 7
932 274 1 2 5
932 783 2 2 4
933 657 10 3 74
934 94 9 6 41889
938 261 1 5 130
938 316 9 6 9761
938 552 7 2 32
940 512 9 1 7
941 771 6 1 7
944 165 3 6 2378
944 756 8 8 411946
945 456 10 8 2340151
946 205 9 1 12
947 568 10 1 4
948 9 7 1 4
951 818 2 4 49
952 37 7 1 4
953 905 10 1 4
954 22 3 1 4
958 844 3 5 732
961 131 3 2 15
961 291 2 6 1523
961 333 6 1 7
961 472 4 1 7
961 481 10 1 4
965 937 8 1 7
966 29 10 3 101
966 192 8 7 54182
966 197 4 4 235
966 555 10 1 4
968 51 7 1 5
968 352 6 4 240
968 360 5 1 4
969 313 5 1 4
969 769 1 2 4
970 180 9 4 713
975 205 6 1 7
976 321 10 2 45
976 779 5 1 4
977 549 10 4 911
978 817 10 1 4
984 324 5 1 7
985 268 9 1 4
986 772 3 2 8
987 962 1 8 105204
988 366 6 2 15
990 35 10 1 16
996 836 9 1 5
998 127 6 3 51
998 179 5 5 1940
1000 260 7 4 398
1001 286 10 1 7
1002 912 7 5 2266
1003 684 7 4 515
1004 129 2 2 10
1020 371 8 5 4087
1020 385 3 1 4
1021 643 6 1 7
