656 0.0026656720458886857 
355 0.002646480242669601 
190 0.0026608227292365155 
1704 0.002500905038761919 
1797 0.0026674192415938073 
845 0.002620114050903946 
577 0.002724217946983896 
1380 0.002644541822081042 
146 0.0025801798193469715 
150 0.002605765702090812 
118 0.0026073168357587996 
615 0.002831240626253578 
1045 0.0026470618255856706 
28 0.0027278986054490185 
1171 0.002633491019722759 
1721 0.0024958542470294915 
187 0.00264202338511519 
103 0.002646287161205243 
1277 0.0026538472047439505 
892 0.0026125522872132317 
1062 0.0026844764462307254 
928 0.0026833147321145023 
449 0.002630390592743028 
954 0.002774423548125216 
195 0.002609454741153725 
707 0.0026464807994203915 
1283 0.0026817638900028147 
1526 0.0026090670038757817 
1635 0.002736239266113801 
1818 0.0025260964122772772 
1304 0.0025745615744120825 
234 0.0025699074859899104 
346 0.0026396941177506757 
12 0.0026751698102223413 
49 0.0026232197566556405 
1507 0.002726355359387396 
1562 0.0026086783235389267 
91 0.002670324788186719 
1210 0.0026212775122021774 
1536 0.0026094537096063527 
867 0.0027690027267322716 
1470 0.00275912315154628 
1882 0.0027449632142826363 
610 0.00255188113246522 
1448 0.0026139116827876827 
237 0.0025871617498022677 
166 0.002576683994620163 
337 0.0026249612913564423 
331 0.0026517082030379975 
1238 0.0025832841285850848 
1094 0.00263640020829765 
1576 0.002781608211618789 
1087 0.0027257738330909915 
685 0.002703281679800644 
1988 0.002746709933682162 
1166 0.002630578812743457 
1048 0.0027593087501737537 
791 0.0025714556323845764 
483 0.002658306057256894 
512 0.0026137193057863676 
1396 0.0026393099229344253 
1942 0.0026712942206154966 
222 0.0027271287986759237 
258 0.002705995658374655 
53 0.0026544265026681394 
1294 0.0027445748851159975 
1220 0.0026600510689116664 
171 0.0025943364069017276 
1010 0.0027494214665291727 
1007 0.0026398912608807156 
1230 0.0026608257773638026 
959 0.002564480153583019 
1123 0.002681375436430912 
1766 0.0026569489842827275 
1974 0.002565841860538971 
1145 0.002630971794298371 
1047 0.0028420931147602807 
1330 0.002761830288232304 
965 0.0027395373559546314 
1761 0.00265306940328659 
1130 0.002602282247068262 
1858 0.002550717718262701 
1017 0.0027742390799512942 
600 0.0027298431468786143 
272 0.0026111971898986723 
201 0.0027236383506434292 
1638 0.002562542583621031 
244 0.0026369814909267012 
74 0.0026418283392286245 
1217 0.0026596690511677917 
1778 0.0026243811623869458 
1213 0.002645123610951385 
1479 0.0024898573932400493 
1516 0.00272674134176238 
1074 0.0026414402939952822 
1121 0.002700762864045572 
243 0.0026612134688157024 
22 0.002637757181054556 
1680 0.0026243814521410783 
543 0.0025555644602369225 
1474 0.0026274811617966252 
1968 0.0026928126504259125 
45 0.002588518473354545 
1449 0.0026305814347933006 
933 0.0027123930100649857 
785 0.0026490003674544994 
693 0.002685445717999723 
1170 0.0026216668817359992 
191 0.0026493882512788986 
1555 0.002545867860278438 
1827 0.0026666418280228486 
1366 0.00257746546025009 
1881 0.0026268998928474256 
1269 0.002656755669319045 
850 0.0025724236406503773 
504 0.0025627397584148197 
1928 0.0027501966489049136 
1109 0.0027449632757051696 
1781 0.0026478324921146807 
958 0.002658887930095049 
1660 0.002600921937953766 
386 0.002616043440393181 
324 0.0026577232627021095 
1663 0.0027123947138177587 
1228 0.0025807650324461287 
224 0.0026866085048637025 
1204 0.002578050046581209 
667 0.002601502962457022 
1333 0.002782191048906411 
940 0.002691650157474174 
1749 0.00258618839978283 
421 0.002659275207378567 
1597 0.002643183462324264 
1178 0.0026141068071663274 
645 0.002648610309951494 
1446 0.002612362449147534 
1327 0.0026627647312086815 
1582 0.0026236054967190984 
1195 0.00262224807317052 
734 0.00269785252385988 
1100 0.002512782997767749 
1128 0.0026336857530981582 
651 0.0025001355343417966 
1184 0.00267303787278533 
881 0.002559830148877932 
745 0.0026881600297619496 
1085 0.0025735917866435407 
26 0.002641244903832874 
444 0.002709291647054511 
1837 0.0026216673259551572 
1344 0.0026400833043648555 
181 0.002589876855082404 
873 0.0025470446969219954 
1252 0.0026480313566099208 
517 0.0026400805453030045 
573 0.002646276185979643 
405 0.0026941724590975433 
1102 0.002720733270971536 
1078 0.002626706167279775 
498 0.0026610151825076536 
