1642 0.005543739479005577 
532 0.0055286058158143326 
153 0.005761375734196909 
657 0.005626236674841845 
358 0.005714488705030975 
1547 0.005607701435189852 
711 0.005789730851037144 
865 0.005603209652927986 
533 0.0056948631995792694 
596 0.005513688860477179 
1831 0.005631349230818624 
350 0.005699133757545791 
1820 0.005408390542232217 
1 0.005620697180123707 
713 0.005788240280682011 
1720 0.005751999014492549 
966 0.005719592289624989 
353 0.005471700034783633 
1953 0.005640732777914864 
636 0.005567193552090119 
650 0.005501749572418376 
960 0.005694012593438535 
155 0.005539688097467994 
1781 0.0057027621281434205 
90 0.0055320288368302 
862 0.005624533764170729 
1320 0.005706594281179342 
1305 0.005666302389330605 
861 0.005735822791693791 
513 0.005531597288710517 
395 0.0056439164541652945 
1959 0.0055787004205877025 
403 0.005629430499350381 
1448 0.005544809490378207 
1633 0.005668868061681986 
475 0.0055463006108171795 
1993 0.005598093519782767 
730 0.005778428538420083 
1433 0.005652878258625132 
168 0.005543738619872161 
974 0.005655434967201213 
221 0.005542456571430597 
772 0.00556548222224994 
1874 0.005378539616910009 
531 0.005545025375420234 
947 0.005693378882038754 
330 0.0056443540804125975 
261 0.005533291630806462 
788 0.005691246130405338 
1059 0.005617492533984583 
923 0.005485981643447181 
621 0.005531169493932825 
593 0.005706170072615658 
1105 0.005582103757580034 
1318 0.005589996841582973 
351 0.005598733282142474 
457 0.00557550426045576 
369 0.005604494457076338 
1989 0.005596817220784444 
1264 0.0056511715539905374 
1504 0.005573104817218038 
640 0.005780775781099656 
1826 0.005683784461202934 
1775 0.005670576251986772 
152 0.005544812719397017 
1657 0.005756751375682958 
1961 0.005515397262074844 
1818 0.0057684071955752545 
1024 0.005538203284176777 
1692 0.005723219968987412 
925 0.005560364918855719 
1384 0.005499616865487099 
608 0.005453793886393169 
1200 0.005471486573561937 
104 0.0055439558790000565 
74 0.005568680714684393 
1203 0.005396238944442361 
1374 0.005586585913998736 
824 0.005568892706609798 
1590 0.005678883667917184 
