1218 0.011191615803568793 
1355 0.011074704413363055 
1513 0.010896933767701837 
691 0.010869707992261139 
1197 0.011047479559818602 
1838 0.010531781591968868 
291 0.011225248790497746 
13 0.01122524986811312 
1031 0.011092320088312745 
400 0.011101930319571891 
463 0.011443059052664555 
892 0.010076958313365317 
263 0.010839280279675793 
598 0.011098728335306878 
209 0.011327747525733034 
1914 0.011186811938977533 
1979 0.011622434741775448 
1885 0.010788034001276278 
134 0.01070955599852474 
200 0.011151577612190908 
369 0.011226849862339247 
969 0.01179059396012946 
53 0.011109938545893485 
1508 0.011154781270250002 
67 0.011007441555137252 
125 0.011052281885767009 
380 0.011473488385961347 
1367 0.011540752744818139 
1576 0.010980217484741615 
94 0.011313333658480236 
534 0.01090974645679777 
628 0.011417434214091252 
467 0.010631079601264394 
253 0.011266888990636935 
98 0.01108110968938396 
855 0.010169845837685343 
638 0.011206030774491024 
690 0.01088251938515454 
913 0.011031463539217795 
1337 0.010874511713126239 
