0 8 8 5 1090
0 415 5 1 4
1 357 9 1 4
1 481 6 1 3
2 48 7 1 4
2 523 10 1 4
3 24 2 2 4
4 4 1 3 17
6 267 3 4 68
9 39 3 2 7
9 907 4 1 4
10 176 4 1 4
12 55 9 1 4
12 116 9 6 27761
12 269 6 2 14
13 192 8 2 31
15 352 7 1 4
16 516 8 1 4
18 645 8 1 7
19 7 1 2 3
20 36 6 1 4
24 786 10 1 8
26 801 7 2 22
27 210 7 1 5
29 1 4 3 62
29 5 5 3 48
29 327 9 4 280
30 21 9 1 7
34 720 2 2 4
36 448 10 1 11
37 673 7 1 4
40 20 2 2 4
40 840 8 1 10
42 42 5 1 7
52 285 4 1 3
52 390 9 3 120
56 89 10 1 4
56 544 9 1 4
57 5 4 3 61
59 58 4 1 4
59 292 8 1 4
64 41 1 2 4
64 203 4 1 5
64 780 3 1 4
64 790 1 4 90
65 25 4 1 4
66 140 7 1 4
74 512 7 4 482
76 262 7 1 5
77 267 1 2 5
80 528 1 3 6
80 920 5 5 779
83 124 7 3 58
90 977 4 1 3
97 48 2 2 4
101 70 4 1 4
106 516 4 2 8
108 514 10 1 4
109 707 10 1 11
112 165 9 1 4
128 320 8 4 275
132 372 4 1 4
134 84 9 1 8
134 224 1 2 4
136 21 10 2 22
137 256 9 1 4
139 865 5 5 736
145 2 7 1 8
145 216 5 1 4
147 513 5 1 4
148 278 3 1 4
148 515 2 2 5
149 20 7 1 4
160 144 4 1 4
161 717 3 1 5
164 87 2 2 5
168 52 8 3 48
172 32 5 2 19
174 582 9 1 4
188 199 1 4 89
193 775 1 2 4
194 592 10 5 2017
204 6 4 1 3
206 80 8 1 4
228 32 7 3 106
256 69 5 1 4
256 212 9 1 8
256 312 3 1 4
257 272 1 6 1803
258 810 10 1 16
259 165 3 1 5
259 532 5 1 4
261 67 8 1 4
262 256 2 2 4
268 577 8 1 3
272 378 6 1 3
272 899 2 2 4
296 288 1 4 36
310 44 5 1 4
320 29 8 1 3
320 407 9 1 5
324 179 7 2 24
325 145 4 1 4
328 853 10 1 3
331 512 8 1 4
338 169 6 2 27
348 128 4 1 4
355 634 3 1 4
363 424 5 3 73
368 49 10 1 3
384 571 1 8 163061
385 513 8 1 7
386 846 10 1 4
387 545 10 1 4
389 596 4 2 8
401 284 5 5 1383
401 932 3 8 548169
402 68 2 2 4
406 677 2 10 36583919
416 832 8 1 4
419 62 3 1 4
423 651 1 2 4
425 776 10 1 4
433 24 3 2 10
434 734 3 1 4
448 513 7 2 29
452 205 3 1 5
454 782 9 3 161
456 774 5 1 4
467 211 1 2 5
476 775 2 2 4
485 134 2 1 3
489 64 9 1 4
496 978 1 3 7
506 706 5 1 5
512 96 10 1 4
512 173 7 1 4
513 315 2 2 10
513 340 7 1 4
513 548 5 2 18
514 11 3 2 7
516 779 2 2 4
518 41 7 1 3
518 66 2 2 4
520 164 4 1 4
520 436 9 1 4
522 1 2 2 4
528 171 9 1 4
528 512 2 3 20
529 423 10 5 1173
530 522 7 3 79
533 5 8 4 437
544 416 9 1 8
544 597 8 1 4
544 718 7 1 4
545 520 1 6 2547
548 586 4 1 4
557 557 10 1 8
576 133 6 1 4
577 236 3 1 4
578 575 5 1 4
582 633 5 4 370
585 208 2 2 4
586 658 6 1 4
588 784 6 3 51
590 276 2 4 106
592 322 6 1 4
599 569 3 3 37
600 115 1 2 4
601 431 7 1 5
607 288 4 5 637
609 225 7 1 4
609 526 4 1 4
613 840 4 1 3
627 977 7 1 9
629 528 3 1 4
640 160 9 1 4
642 512 10 3 78
644 48 10 1 3
654 129 5 1 4
664 781 1 5 147
672 514 2 2 4
673 104 1 2 4
674 259 5 4 217
677 121 1 5 177
680 450 7 6 12371
680 540 5 1 7
681 6 8 1 11
681 33 4 1 4
704 370 8 1 4
704 514 5 10 77399726
709 644 1 2 4
712 35 9 1 7
720 144 1 5 300
721 323 6 1 6
722 100 4 2 17
724 20 7 1 4
745 63 8 1 4
768 736 6 2 20
768 738 10 1 4
770 211 7 3 55
770 663 9 1 4
777 6 1 2 4
793 52 10 1 4
800 73 7 1 4
800 824 9 1 4
814 905 2 2 4
830 356 8 1 4
832 30 2 2 4
834 32 1 2 4
834 912 8 1 4
835 583 5 1 4
840 800 4 7 86875
852 64 7 1 8
864 23 3 10 301969209
894 392 2 2 4
895 603 7 1 8
904 112 10 1 3
904 929 6 1 4
912 2 1 2 4
924 196 6 4 142
930 720 8 5 1194
932 274 3 1 5
932 783 1 2 4
944 165 4 2 17
953 905 1 2 4
960 358 10 2 19
966 555 9 1 4
968 360 2 2 8
984 483 7 1 4
988 366 6 5 1078
