0 198 2 2 10
0 342 2 1 3
1 18 8 1 10
1 503 7 1 11
2 115 1 3 7
2 217 4 1 4
3 218 5 1 5
3 363 6 3 73
3 430 3 5 1195
4 361 5 1 7
4 414 4 1 4
5 214 4 1 7
8 303 7 1 11
9 129 6 1 5
9 171 2 3 13
9 451 2 2 4
10 223 3 5 443
10 416 8 3 154
10 462 8 2 17
11 30 8 4 268
11 297 8 2 29
11 438 1 3 10
11 477 8 2 32
12 343 9 1 10
12 499 8 3 118
13 280 7 5 2882
13 397 4 1 4
14 173 5 1 7
15 160 3 5 774
15 194 5 5 1700
15 414 7 2 23
16 25 9 2 17
16 114 6 4 500
16 232 4 5 1853
16 357 2 6 2990
16 370 9 1 8
17 83 1 2 5
17 131 2 5 1064
17 316 4 1 4
18 90 10 1 17
19 33 2 2 4
19 180 9 4 966
20 139 2 7 36615
20 283 2 2 10
21 209 9 4 767
22 226 7 3 43
22 451 1 7 36704
23 108 9 4 246
23 304 9 2 35
23 418 3 3 16
24 52 7 7 79115
24 386 5 2 16
24 418 3 10 63845986
25 126 5 6 3496
25 234 4 8 289977
25 309 7 1 7
25 320 9 1 7
25 408 8 1 4
26 142 3 1 4
26 296 3 1 4
27 342 3 3 44
27 378 1 2 4
28 407 5 2 14
29 40 4 2 19
30 182 2 4 58
30 403 10 1 4
31 66 6 3 40
32 105 9 1 4
32 177 6 3 32
33 489 2 2 7
34 84 7 2 13
34 199 10 4 267
34 231 5 1 4
34 282 8 2 32
34 317 4 3 71
35 151 1 2 5
35 446 6 1 4
35 458 6 3 40
36 341 6 2 16
36 374 3 2 7
36 444 9 1 7
38 170 5 1 4
38 277 7 2 25
38 390 3 2 13
39 467 10 1 4
39 490 2 3 43
40 75 6 3 43
40 103 3 3 22
40 148 5 2 11
40 486 5 5 603
41 429 7 5 2056
42 45 4 1 4
43 123 1 6 1382
44 327 3 3 16
45 98 4 4 90
45 108 7 6 5936
45 408 3 2 7
46 106 7 3 65
46 139 1 3 19
47 99 9 1 11
47 505 7 1 4
48 344 8 1 4
49 66 8 1 7
50 169 5 6 10094
50 177 10 1 17
50 474 1 3 16
51 342 6 3 32
52 78 2 2 7
52 181 4 4 118
52 207 7 2 16
52 277 2 6 7609
52 500 6 3 49
54 464 1 5 185
55 151 5 5 2071
56 234 9 6 31625
56 435 4 5 839
58 164 2 2 7
59 199 7 1 7
59 276 8 4 697
61 396 4 6 4359
62 489 7 6 31248
63 335 10 3 59
64 89 5 5 1365
64 91 10 1 4
64 179 3 1 4
64 501 9 5 3025
65 236 9 2 35
65 267 5 4 162
65 277 2 2 4
65 386 4 4 142
65 397 1 3 13
65 409 8 1 7
66 185 4 1 7
66 376 10 2 40
67 70 5 2 11
68 132 5 5 1139
68 209 6 1 10
68 221 8 4 177
68 267 5 1 4
68 363 10 4 602
68 432 10 3 136
68 474 2 6 6016
69 72 10 2 49
69 89 9 1 7
69 462 4 3 76
70 295 6 2 13
71 228 2 2 4
72 167 6 2 19
74 220 5 4 414
74 451 1 2 4
75 330 2 3 11
75 392 8 6 9708
76 322 10 2 20
77 337 4 1 4
77 340 6 4 138
78 209 9 1 4
78 267 1 7 22194
79 262 6 3 32
79 319 6 1 8
80 86 2 2 8
80 368 10 1 7
80 420 1 2 4
82 84 9 5 5063
82 464 2 3 29
82 488 5 3 61
83 402 1 2 4
83 407 10 5 1172
84 257 10 2 25
84 295 2 4 73
85 244 6 1 10
86 145 6 2 11
87 133 6 6 5246
88 404 8 2 16
89 305 7 3 82
89 349 9 5 1492
90 292 7 1 4
90 402 10 1 7
91 280 7 2 35
92 477 6 1 4
93 161 5 3 73
94 427 3 3 16
95 182 2 3 13
96 488 4 3 32
97 351 7 5 2045
98 113 8 1 7
99 154 4 1 4
99 172 3 8 273441
99 402 10 7 64459
100 291 5 2 20
101 165 7 3 124
102 259 2 3 17
103 117 1 2 4
103 186 2 5 724
103 192 10 1 17
103 273 8 1 7
103 277 3 4 118
104 166 4 4 444
104 327 9 9 10009725
105 496 7 3 79
106 198 3 3 31
106 249 8 5 5132
107 241 10 1 7
107 277 7 1 4
107 335 3 5 568
107 350 5 1 7
107 359 9 1 4
108 404 8 6 8500
109 143 4 1 4
109 354 8 3 62
109 367 4 1 4
109 408 8 4 201
109 437 10 1 11
111 198 10 1 10
111 273 5 4 468
112 236 6 4 595
112 446 5 2 20
113 430 6 3 32
114 327 7 1 4
115 180 8 1 4
115 193 2 10 839275520
115 198 1 5 252
116 207 8 1 4
117 314 6 1 10
118 221 9 2 20
118 260 3 3 31
118 285 2 4 49
118 346 2 2 7
118 390 5 2 13
119 293 4 2 8
119 423 10 8 544727
119 506 6 3 76
120 475 8 1 7
122 258 7 6 9319
122 371 9 3 88
122 383 6 1 4
123 173 10 1 17
123 377 6 1 7
124 280 5 2 14
124 471 6 4 159
125 154 10 2 20
125 507 7 1 4
126 251 2 3 19
126 277 6 1 7
126 466 9 1 7
127 250 3 1 4
127 311 7 1 4
128 385 5 2 25
129 206 5 3 46
129 276 5 1 8
129 406 2 3 19
129 480 8 4 420
130 277 7 1 4
132 385 4 5 975
132 434 8 6 20390
132 475 6 3 34
134 226 5 1 4
135 167 3 2 13
135 169 4 3 25
136 405 8 2 25
137 160 5 5 770
137 201 6 2 13
137 250 3 5 1604
138 470 6 4 611
139 455 1 3 7
140 510 10 3 102
141 278 2 3 14
141 351 9 2 29
141 353 9 1 10
141 390 4 4 133
142 322 7 6 32591
143 192 1 3 7
143 223 2 2 8
143 270 4 2 14
143 286 7 5 1742
144 505 2 5 341
146 215 10 3 169
146 288 2 2 4
146 362 5 2 10
146 365 2 2 4
147 402 1 4 50
147 467 4 3 25
148 162 10 1 4
148 238 1 5 191
149 196 2 5 393
149 224 10 4 623
149 304 3 6 3113
149 458 2 3 32
150 430 8 7 87571
151 285 6 1 10
151 307 7 5 966
151 387 7 1 7
151 399 9 2 26
151 463 1 3 13
152 167 3 3 28
152 433 1 4 25
153 200 2 5 1085
153 257 8 3 99
153 409 1 3 11
154 273 5 1 7
154 507 10 2 44
155 412 8 2 29
155 418 4 1 4
156 160 4 1 7
156 400 7 2 14
157 385 1 3 8
159 189 3 3 35
159 331 8 1 11
159 353 4 5 549
159 451 10 1 16
161 423 1 2 4
162 273 1 3 8
163 181 1 2 4
163 293 8 5 1261
163 333 9 6 41425
164 241 1 6 2397
164 291 4 4 284
165 484 5 1 4
165 501 1 4 43
166 170 6 1 4
168 209 2 2 10
169 266 6 2 23
171 319 7 2 13
171 506 7 5 824
172 480 9 7 151179
173 266 8 4 266
173 274 5 3 64
174 352 1 3 10
175 205 4 5 1089
175 272 7 5 1353
176 393 10 3 159
176 462 3 6 9094
177 250 4 2 16
177 459 7 5 818
178 182 3 5 1246
178 254 7 1 4
178 409 7 2 25
178 486 9 1 4
179 223 4 2 16
179 255 3 3 19
179 473 10 1 17
180 197 6 1 4
180 346 4 2 10
180 448 1 3 7
182 277 7 1 4
183 463 3 3 17
186 237 8 1 8
189 252 6 1 4
189 275 2 2 4
191 352 6 3 126
191 368 9 5 1445
191 401 1 7 5828
191 416 8 2 41
192 437 8 1 7
194 346 4 2 14
195 363 10 1 4
197 230 7 2 17
198 279 4 3 71
198 353 8 1 8
198 478 5 1 4
200 342 4 6 6604
200 448 6 1 7
201 238 6 2 29
202 254 10 2 47
202 442 4 4 381
204 245 5 2 25
204 472 4 4 126
206 410 9 1 8
208 275 5 8 580656
208 303 2 5 243
208 506 2 3 32
209 223 4 3 58
209 274 2 3 16
209 492 1 2 4
210 380 3 4 93
212 238 4 1 4
213 443 8 1 4
214 231 5 4 206
214 511 2 2 10
215 393 1 4 29
215 417 9 8 1744333
218 254 2 3 41
218 447 7 9 5105615
219 234 2 3 35
219 478 5 1 4
219 498 10 1 7
221 351 2 5 341
222 430 7 2 37
223 435 8 1 4
223 478 4 2 16
223 491 3 10 11591339
223 508 8 3 83
227 273 8 7 241982
227 397 4 2 13
229 452 3 3 25
231 349 9 1 4
231 378 1 7 8271
232 248 4 3 31
233 247 10 2 44
233 366 3 2 10
235 354 4 3 23
237 407 4 2 13
238 319 3 1 4
239 323 8 3 85
241 345 1 3 7
242 257 4 2 10
242 312 1 2 5
243 249 9 3 56
246 254 7 1 4
246 500 4 1 4
248 431 1 7 29390
249 404 1 10 75661001
250 395 3 3 34
250 441 5 4 323
252 502 6 3 34
253 500 1 4 80
255 392 3 1 4
256 288 8 5 3285
256 476 9 5 3885
258 267 10 5 4989
258 478 4 1 4
259 373 2 3 13
260 283 4 4 408
260 316 7 1 7
260 327 3 5 623
260 400 4 2 17
262 299 2 2 7
262 487 5 1 5
264 339 3 3 58
264 473 10 1 7
265 281 2 2 4
265 430 4 5 580
266 294 5 2 19
267 463 1 5 415
267 475 3 4 257
269 336 7 2 25
270 335 4 3 65
270 395 9 1 13
272 320 6 6 6585
272 404 1 3 8
276 335 5 1 7
277 359 9 2 19
279 392 6 1 10
280 385 1 3 13
281 345 9 1 14
281 464 5 1 4
284 333 7 1 4
288 505 10 2 23
289 366 6 3 32
290 427 7 3 44
293 489 5 3 32
294 451 1 3 8
295 478 1 4 44
297 405 10 1 4
297 441 2 4 49
298 354 8 1 7
298 501 10 2 19
299 363 9 1 5
299 382 1 4 50
303 305 8 1 4
303 400 7 3 62
304 474 2 5 290
305 411 3 2 7
305 416 10 2 32
306 481 8 2 23
307 394 10 6 9702
309 400 3 6 7577
311 330 8 2 31
311 342 8 4 191
311 432 5 2 19
312 313 6 1 4
312 409 4 2 11
312 466 9 2 23
313 451 1 3 17
313 463 3 1 4
314 418 5 1 4
315 435 3 3 28
317 318 6 5 931
321 365 5 4 442
322 354 5 2 16
325 422 1 6 1215
326 446 3 3 22
332 368 4 1 5
336 444 4 1 7
337 451 5 4 153
338 341 6 7 69691
338 461 10 2 31
339 342 9 5 1884
339 475 9 2 25
341 435 2 8 388586
343 415 10 5 1759
349 431 4 1 5
350 452 5 4 258
351 497 2 2 7
355 428 3 1 4
355 464 6 2 28
357 421 8 3 79
357 467 6 1 7
358 420 9 3 52
358 432 10 3 100
358 447 9 1 7
360 431 3 1 4
361 510 2 2 7
362 456 5 1 7
362 493 3 4 141
367 499 8 1 7
368 482 9 1 5
370 419 8 8 552429
371 421 5 8 241877
372 477 9 1 4
373 436 9 1 10
379 434 3 2 10
383 387 10 1 4
383 504 5 6 23468
384 450 4 4 150
385 425 3 2 7
385 498 3 6 7438
386 394 10 1 11
386 468 5 2 20
388 472 2 4 67
389 500 9 2 43
391 404 9 1 5
391 429 6 1 5
393 488 7 1 4
394 399 6 1 4
395 423 8 4 399
396 468 7 1 7
398 413 2 3 28
398 484 4 1 7
399 410 3 1 4
400 407 8 2 16
400 492 5 1 4
402 433 8 2 19
404 443 5 4 486
405 474 7 1 7
406 407 3 2 14
408 439 8 1 4
410 473 2 9 2059062
412 455 6 2 28
414 416 6 1 8
414 461 10 3 218
415 472 10 1 13
417 503 4 3 52
425 450 5 4 325
427 505 4 1 4
438 501 10 3 96
444 468 10 2 52
447 485 10 1 8
449 452 5 3 106
450 475 10 1 4
453 479 4 3 61
458 490 7 1 7
461 503 10 1 7
463 468 6 4 393
466 481 5 4 111
466 501 5 7 118072
474 480 1 3 14
485 501 5 2 13
501 504 4 2 13
