0 89 7 3 126
0 198 9 7 197248
1 18 2 4 101
1 503 1 3 8
2 115 6 1 7
2 217 4 1 3
3 218 6 2 25
3 363 10 2 25
3 430 10 3 83
4 361 7 3 46
4 414 7 3 65
5 214 5 2 12
8 303 9 1 12
9 129 7 6 14097
9 171 8 1 6
9 451 5 3 33
10 223 8 1 8
10 416 2 3 27
10 462 10 1 6
11 30 3 4 120
11 297 8 6 13786
11 438 8 1 7
11 477 4 4 203
12 343 1 3 21
12 499 8 1 10
13 207 4 2 13
13 280 2 3 17
13 397 7 8 372528
14 173 10 7 265994
14 265 5 5 599
15 160 2 7 17459
15 194 8 1 6
16 25 2 7 31711
16 114 6 1 6
16 232 1 6 2684
16 357 6 4 133
16 370 10 1 8
17 83 2 1 3
17 131 3 2 6
17 316 6 6 8498
18 90 3 4 260
19 33 6 3 40
19 180 4 2 9
20 139 10 5 1244
20 283 2 3 44
21 209 5 6 23527
21 259 10 1 10
22 226 6 4 254
22 451 3 7 36516
23 108 3 8 523788
23 304 8 1 6
24 52 7 7 78720
24 386 6 1 10
24 418 7 3 75
24 503 4 7 70555
25 126 3 8 652537
25 234 3 2 10
25 309 1 3 19
25 320 6 1 6
25 408 5 2 10
26 142 6 6 21802
26 296 1 2 5
27 342 2 4 59
27 378 9 7 55896
28 407 10 1 17
29 40 1 3 9
30 182 3 5 617
30 403 2 3 38
31 66 10 1 11
32 105 7 6 6863
32 177 8 2 27
33 489 4 3 68
34 84 9 5 2408
34 129 7 2 14
34 199 9 3 88
34 231 8 1 9
34 282 7 2 29
34 317 10 1 8
35 151 10 1 6
35 446 1 3 6
35 458 1 3 6
35 479 5 8 1053140
36 341 10 5 3245
36 374 8 1 3
36 444 5 3 28
38 170 3 1 3
38 277 1 3 6
38 390 5 3 36
38 488 5 3 31
39 467 6 1 8
39 490 7 6 7693
40 75 7 4 234
40 103 3 5 2033
40 148 8 3 137
40 464 4 4 100
40 486 10 4 336
41 429 9 5 2265
42 45 9 1 6
42 316 5 7 110036
43 123 8 1 6
44 327 1 6 3346
45 98 3 2 6
45 108 3 5 1015
45 408 9 1 3
46 106 9 2 32
46 139 7 6 9329
47 99 2 3 26
47 246 8 2 36
47 505 8 1 4
48 344 4 2 17
49 66 1 3 17
49 370 6 5 1590
50 169 6 2 15
50 177 8 1 13
50 474 4 2 20
51 134 9 4 348
51 342 10 4 1101
52 78 6 6 20627
52 181 10 3 120
52 207 7 7 162187
52 277 10 6 10426
52 500 3 6 2501
55 151 9 2 26
56 234 1 3 6
56 435 6 5 2337
58 164 2 2 4
58 249 1 2 4
59 199 5 4 205
59 276 3 3 27
60 384 6 2 23
61 396 7 4 352
62 444 9 2 22
62 489 4 5 982
63 335 3 4 89
64 89 10 2 29
64 91 4 3 26
64 501 7 5 2871
65 236 10 1 6
65 267 2 3 32
65 277 5 3 74
65 386 3 1 3
65 397 8 4 241
65 409 10 3 185
66 185 5 2 9
66 376 2 3 29
67 70 2 7 19704
68 132 10 5 1910
68 209 5 1 3
68 221 3 8 235828
68 267 2 4 66
68 290 6 7 124922
68 363 2 3 38
68 432 7 1 3
68 474 8 6 16694
69 72 4 5 849
69 89 4 2 13
69 462 5 3 88
70 295 7 1 6
70 505 8 2 18
71 228 8 7 106711
72 167 10 1 6
74 220 2 2 5
74 411 10 7 182363
74 451 8 1 6
75 330 4 3 37
75 392 10 1 10
76 153 10 5 4557
76 322 4 5 759
77 337 3 1 3
78 209 7 2 18
78 267 3 3 38
78 308 6 6 6840
79 262 8 2 37
79 319 10 5 1530
80 86 7 1 12
80 368 9 1 3
80 420 3 5 803
82 84 9 1 8
82 464 9 1 6
82 488 8 3 117
83 402 2 5 323
83 407 2 4 104
84 257 10 1 14
84 295 5 3 75
86 118 10 5 6735
86 145 6 5 1200
87 133 7 5 3018
88 404 5 3 43
89 305 10 1 3
89 349 9 3 108
90 292 9 1 3
90 402 5 2 20
91 280 5 5 934
92 477 4 3 26
93 161 9 3 88
94 427 6 3 55
95 182 10 1 12
95 486 6 1 3
96 488 5 1 3
97 319 8 1 4
97 351 1 6 2038
98 113 8 5 1000
99 154 1 4 25
99 172 6 3 119
99 402 2 3 22
100 291 7 6 20213
101 165 6 7 156509
102 259 1 3 11
103 117 8 8 863984
103 186 3 7 33329
103 192 10 1 6
103 273 8 4 308
103 277 9 1 7
104 166 5 6 13659
104 327 3 2 15
105 242 1 10 472270746
105 496 6 2 23
106 198 8 1 6
106 249 6 6 24191
107 241 10 1 17
107 277 2 1 3
107 335 2 7 14297
107 350 5 3 48
107 359 9 6 12995
108 404 4 3 73
109 143 5 2 16
109 354 8 7 132613
109 367 9 1 4
109 408 8 4 260
109 437 4 3 26
111 198 1 4 38
111 273 10 5 6912
112 236 9 8 716914
112 446 8 5 1682
113 430 9 1 8
114 327 8 10 132551096536
115 180 4 5 739
115 193 8 2 35
115 198 4 5 2534
116 207 6 1 6
117 314 7 1 4
118 221 6 2 13
118 260 7 2 36
118 285 6 1 7
118 346 5 9 6866781
118 390 5 1 3
119 293 6 3 75
119 417 2 1 3
119 423 4 3 29
119 506 6 4 356
120 475 2 4 49
122 258 3 6 9248
122 371 2 4 56
122 383 2 9 847247
123 173 8 5 2346
123 377 3 8 629496
124 280 3 3 32
124 471 2 3 17
125 154 6 4 240
125 445 7 2 24
125 507 6 4 241
126 251 5 3 35
126 277 2 2 6
126 466 9 1 6
127 250 3 4 174
127 311 7 1 6
128 355 6 1 3
129 206 7 1 4
129 276 3 2 6
129 406 2 3 16
129 480 10 4 424
130 277 2 3 43
132 385 2 6 3306
132 434 10 1 11
132 475 4 6 4000
134 226 7 2 20
135 167 4 1 3
135 169 8 3 52
136 405 6 6 4950
137 160 9 3 194
137 201 5 6 10246
137 250 1 3 20
138 470 8 3 48
139 455 7 2 19
140 510 6 2 14
141 278 2 4 149
141 351 6 1 7
141 353 4 5 870
141 390 4 1 3
141 418 8 1 6
142 322 2 7 32498
143 192 4 2 20
143 223 6 8 747283
143 270 1 6 891
143 286 8 1 14
144 505 1 9 940638
146 215 2 4 59
146 288 8 3 107
146 362 9 1 4
146 365 8 2 23
147 402 7 3 62
147 467 5 5 974
147 480 2 9 3100976
148 162 10 3 152
148 238 4 4 197
148 359 4 5 1006
149 196 9 5 5552
149 224 9 5 1110
149 304 1 7 14924
149 458 9 8 383007
150 430 10 5 1808
150 458 10 1 7
151 285 5 3 99
151 307 5 3 32
151 387 2 2 4
151 399 3 4 107
151 463 3 1 4
152 167 10 4 243
152 196 6 1 3
152 421 6 4 141
152 433 8 3 85
153 200 3 1 3
153 257 8 8 348928
153 409 4 2 18
154 273 8 3 159
154 507 8 3 53
155 412 8 5 1139
155 418 6 1 3
156 160 7 3 98
156 400 8 8 1841604
156 507 10 4 441
157 385 1 5 128
159 189 7 1 3
159 331 4 3 30
159 353 2 7 18125
159 451 2 5 594
161 423 1 3 13
162 273 6 5 757
163 181 2 5 691
163 293 7 5 2090
163 333 10 2 25
164 241 9 1 3
164 291 6 1 5
165 281 5 5 2259
165 323 5 9 6151330
165 484 1 4 23
165 501 2 3 12
166 170 3 3 20
168 209 9 4 284
169 266 6 3 49
171 319 1 3 13
171 506 1 2 3
172 480 2 6 6443
173 266 9 8 403994
173 274 6 5 833
174 352 7 3 132
174 501 4 1 3
175 205 7 4 535
175 272 8 1 13
176 393 8 1 6
176 462 2 4 86
177 250 9 1 14
177 459 10 4 823
178 182 1 4 113
178 254 4 3 54
178 409 6 4 368
178 486 2 3 15
179 223 7 4 477
179 255 1 3 9
179 473 2 5 1128
180 197 10 1 7
180 346 4 6 5508
180 421 4 3 23
180 448 2 4 191
181 436 8 2 27
182 277 3 3 28
183 463 8 3 83
186 237 2 2 7
187 440 2 2 10
189 252 4 3 56
189 275 4 5 2236
189 474 7 5 1121
190 424 1 6 3522
191 352 2 3 11
191 368 5 3 44
191 401 7 4 771
191 416 1 4 54
192 437 10 4 329
194 346 1 3 8
195 363 8 1 4
196 439 10 5 2670
197 230 9 4 282
198 267 6 2 16
198 279 9 3 182
198 353 7 1 7
198 478 1 6 697
200 210 9 2 23
200 342 4 4 192
200 448 9 6 9368
201 238 8 3 50
202 254 8 6 7699
202 442 5 7 174839
204 245 8 5 3106
204 472 10 5 2118
205 345 8 1 3
206 410 7 2 27
206 436 5 2 24
208 275 2 4 76
208 303 5 4 413
208 506 7 7 143096
209 223 5 5 598
209 274 3 3 29
209 492 2 3 12
210 380 9 2 20
212 238 1 7 6616
213 443 5 1 3
214 231 2 10 130155983
214 511 4 5 1050
215 393 9 2 33
215 417 5 10 65828531
218 254 3 3 36
218 447 3 2 10
219 234 2 5 998
219 478 3 3 30
221 351 9 4 516
222 430 1 5 576
223 412 4 2 10
223 435 9 5 1828
223 491 10 9 11544621
223 508 8 3 80
227 273 7 4 458
227 397 6 7 69890
228 299 1 3 7
229 452 9 2 17
230 482 9 3 52
231 349 6 1 6
231 378 4 8 371219
232 248 7 5 1934
233 247 10 2 50
233 366 2 5 468
235 354 3 5 1931
237 407 2 3 16
238 319 10 4 457
239 323 7 5 1359
241 345 2 4 86
242 257 9 4 963
242 285 10 7 265508
242 312 8 5 2097
243 249 4 2 13
243 492 2 4 125
246 254 2 6 1793
246 500 4 2 11
248 431 4 2 14
249 404 2 3 13
250 395 4 3 58
250 441 4 1 7
252 502 5 3 79
253 296 4 1 3
253 500 9 1 10
255 392 2 7 20684
256 288 4 5 1117
256 476 1 6 3861
258 267 6 3 82
258 478 7 2 37
259 373 9 4 268
260 283 3 9 3168959
260 316 10 4 1067
260 327 3 3 44
260 400 2 5 891
262 299 4 5 1703
262 414 6 2 16
262 487 1 6 1249
264 339 1 5 281
264 473 7 1 6
265 281 7 2 20
265 430 5 5 1090
266 294 3 2 13
267 463 9 3 178
267 475 10 2 35
269 336 4 7 26399
270 335 8 4 412
270 395 7 2 16
271 489 4 4 110
272 320 3 6 2588
275 280 3 5 873
275 323 5 6 12776
276 335 6 3 74
277 279 8 1 9
277 359 7 3 72
279 392 1 4 47
280 385 5 2 13
281 345 6 3 103
284 333 2 3 26
288 505 4 8 227294
289 366 4 7 29771
290 427 5 3 50
291 454 10 1 10
293 489 2 3 25
294 451 4 3 68
295 478 3 2 8
297 405 6 6 5625
297 441 8 1 12
298 347 7 4 326
298 354 7 2 19
298 501 7 1 3
299 363 4 2 11
299 382 9 2 33
303 305 8 6 25411
303 376 10 2 21
303 400 4 4 110
304 474 3 4 195
305 411 3 2 11
305 416 6 5 989
306 481 8 6 17350
307 394 4 6 9650
308 450 2 6 3404
309 400 4 5 1077
311 330 10 1 3
311 342 4 3 37
311 432 4 4 398
312 313 6 2 12
312 409 5 1 6
312 466 6 2 16
313 451 2 7 68282
314 418 6 4 188
314 499 4 1 3
315 435 9 2 32
317 318 2 6 1896
318 481 9 1 7
321 365 9 4 437
322 354 3 3 32
325 352 7 1 7
325 422 9 3 165
326 446 2 3 35
332 368 5 3 83
336 444 7 6 15735
337 451 10 3 149
338 341 9 1 4
338 461 2 6 3907
339 342 9 1 4
339 475 9 1 10
341 435 4 3 48
341 469 3 10 112713251
343 415 7 5 1247
349 431 2 2 7
350 452 10 1 4
352 373 5 3 55
353 371 5 4 470
354 363 2 4 112
354 457 3 4 158
355 428 10 6 37918
355 464 9 2 42
357 421 1 6 4115
357 467 2 3 15
358 420 9 3 52
358 432 2 8 192215
360 431 1 3 6
361 510 4 3 29
362 493 3 1 3
367 499 1 4 26
368 438 3 3 20
368 482 2 3 13
370 419 1 4 41
371 421 7 4 233
372 477 8 3 62
373 436 9 3 179
374 489 5 5 1142
379 434 1 4 65
380 462 2 4 71
380 470 6 3 42
381 501 4 2 17
383 387 6 1 6
383 504 8 4 198
384 450 7 2 19
385 425 5 4 119
385 498 10 4 819
386 394 8 4 598
386 448 5 3 89
386 468 7 5 4812
386 482 4 5 966
388 418 2 3 20
388 472 10 7 59806
389 500 3 1 5
391 404 10 1 7
391 429 4 4 113
391 511 8 5 3212
393 488 4 2 20
394 399 8 3 77
395 423 7 2 18
396 468 7 1 6
398 413 4 3 80
398 484 4 5 2123
399 410 6 1 7
400 407 4 4 125
400 492 6 2 20
402 433 3 4 213
404 443 7 7 49669
405 474 5 4 139
406 407 9 1 6
408 439 10 2 18
410 473 2 2 8
412 455 10 3 142
414 461 10 1 4
415 472 9 6 14936
417 503 10 5 5255
425 450 2 4 117
427 505 4 5 1038
429 432 2 8 342086
438 501 5 2 23
444 468 8 1 8
447 485 9 7 245419
448 494 3 7 19739
449 452 8 5 4807
450 475 1 3 11
453 471 3 6 6960
453 479 5 5 2099
455 479 4 3 53
458 490 1 5 210
461 503 5 1 7
463 468 4 4 140
466 481 5 2 21
466 501 6 2 25
474 480 9 7 344969
485 501 9 3 137
501 504 8 1 9
507 509 4 1 3
