0 89 10 6 8309
0 198 9 5 2970
0 342 8 1 9
1 18 6 4 266
1 503 3 3 33
2 115 3 5 1208
2 217 8 1 7
3 218 2 9 931463
3 363 5 3 62
3 430 4 5 837
4 361 10 6 23525
4 414 5 4 269
5 214 8 1 7
8 303 6 4 172
9 129 10 2 19
9 171 5 5 2450
9 451 3 2 13
10 223 1 5 448
10 416 6 2 29
10 462 7 4 251
11 30 9 9 3436992
11 297 3 3 16
11 438 3 8 719359
11 477 1 4 47
12 343 2 4 56
12 499 7 2 16
13 207 5 3 29
13 280 7 7 208087
13 397 10 5 1532
14 173 6 7 94839
14 265 7 4 511
15 160 9 6 19331
15 194 10 2 38
16 25 10 6 32351
16 114 4 2 13
16 232 6 6 4355
16 357 10 7 119840
16 370 3 1 4
17 83 10 1 14
17 131 2 3 35
17 316 10 6 8484
18 90 7 2 28
19 33 5 3 68
19 180 4 5 943
20 139 6 5 3344
20 283 3 3 40
21 209 10 1 10
21 259 4 2 13
22 226 7 7 38911
22 451 10 6 28874
23 108 2 3 13
23 304 9 5 1216
23 418 7 3 38
24 52 5 7 79064
24 386 9 3 170
24 418 6 1 4
24 503 3 3 19
25 126 1 9 654778
25 234 8 7 288765
25 309 3 3 26
25 320 6 6 5048
25 408 5 6 4502
26 142 6 2 19
26 296 10 1 7
27 342 7 1 7
27 378 3 7 51581
28 407 10 3 130
29 40 4 5 936
30 182 4 5 605
30 403 6 4 666
31 66 8 3 104
32 105 3 2 10
32 177 8 2 20
33 489 1 4 77
34 84 9 5 2127
34 129 3 2 7
34 199 5 5 788
34 231 9 5 2617
34 282 2 5 831
34 317 5 4 262
35 151 4 3 40
35 446 8 5 2216
35 458 7 3 40
35 479 3 3 34
36 162 3 1 4
36 341 10 7 82973
36 374 5 4 175
36 444 8 2 20
38 170 4 6 5766
38 277 1 3 17
38 390 8 3 77
38 488 5 3 91
39 467 5 2 13
39 490 3 3 25
40 75 5 4 170
40 103 8 1 8
40 148 2 4 134
40 464 8 1 14
40 486 4 5 969
41 429 10 4 664
42 45 3 4 89
42 316 3 6 6250
43 123 9 3 176
44 327 1 3 14
45 98 2 4 146
45 108 9 6 41201
45 408 9 3 116
46 106 9 2 35
46 139 5 7 89275
47 99 2 2 10
47 246 9 1 7
47 505 1 4 47
48 344 5 2 17
49 66 2 3 44
49 370 2 6 1647
50 169 10 3 158
50 177 5 5 694
50 474 1 4 26
51 134 4 1 5
51 342 6 8 777284
52 78 4 7 21020
52 181 1 4 110
52 207 9 4 556
52 277 3 4 76
52 500 3 3 44
54 464 2 5 694
55 151 10 2 23
56 234 7 5 945
56 435 10 1 5
58 65 3 2 8
58 164 9 6 10736
58 249 9 2 20
59 199 1 6 1031
59 276 1 7 13083
60 384 1 5 329
61 396 9 4 232
62 444 5 2 19
62 489 4 6 5931
63 335 6 5 2063
64 89 6 7 64392
64 91 6 2 14
64 179 3 2 10
64 501 1 3 7
65 236 5 7 55522
65 267 8 5 2569
65 277 2 4 107
65 386 5 4 233
65 397 8 2 19
65 409 8 2 40
66 185 10 2 22
66 376 10 1 10
67 70 8 1 7
68 132 5 5 1104
68 209 1 9 2195856
68 221 2 5 555
68 267 4 3 26
68 290 10 2 44
68 363 3 6 4901
68 432 5 4 113
68 474 4 2 14
69 72 7 2 31
69 89 9 5 1839
69 462 7 3 61
70 295 2 3 13
70 505 7 3 100
71 228 6 3 44
72 167 6 6 7564
74 220 3 2 14
74 411 1 8 182619
74 451 5 8 571756
75 330 4 2 13
75 392 4 3 26
76 153 10 5 3468
76 322 5 6 3788
77 337 5 1 4
77 340 5 4 520
78 209 6 6 15518
78 267 6 5 2240
78 308 2 7 21238
79 262 5 1 7
79 319 6 3 109
80 86 9 1 7
80 368 7 2 22
80 420 6 3 112
82 84 7 1 11
82 464 6 2 21
82 488 3 4 127
83 402 10 4 448
83 407 5 1 7
84 257 2 5 897
84 295 2 2 10
85 244 6 1 4
86 118 2 5 292
86 145 10 2 43
87 133 2 6 2998
88 404 10 4 953
89 305 3 2 7
89 349 8 4 197
90 292 10 1 14
90 402 1 4 91
91 280 6 7 50269
92 477 8 6 7403
93 161 10 1 13
94 427 7 2 29
95 182 8 2 41
95 486 6 2 20
96 488 9 1 10
97 319 2 4 67
97 351 1 3 16
98 113 5 5 2590
99 154 4 1 7
99 172 1 5 151
99 402 6 2 19
100 291 1 3 7
101 165 3 4 76
102 259 9 4 986
103 117 7 4 259
103 186 8 6 26456
103 192 4 2 16
103 273 10 5 6917
103 277 3 3 20
104 166 10 1 16
104 327 6 2 16
105 242 6 6 13242
105 496 6 3 73
106 198 2 3 40
106 249 2 2 8
107 241 4 4 350
107 277 1 3 11
107 335 3 5 1847
107 350 3 3 19
107 359 3 6 11871
108 404 6 2 19
109 143 3 3 17
109 354 4 7 132735
109 367 7 5 1453
109 408 3 2 13
109 437 9 3 178
111 198 8 8 1447332
111 273 7 2 17
112 236 3 8 716202
112 446 5 3 44
113 430 9 3 146
114 327 7 8 1856277
115 180 2 4 49
115 193 9 3 52
115 198 1 10 10862307
116 207 10 3 134
117 314 8 1 11
118 221 8 4 511
118 260 10 2 50
118 285 7 2 14
118 346 4 9 6875318
118 390 9 1 11
119 293 5 5 2177
119 417 10 3 169
119 423 9 1 14
119 506 10 3 134
120 475 9 5 3474
122 258 8 2 29
122 371 5 2 14
122 383 10 8 852389
123 173 2 3 23
123 377 7 3 86
124 280 5 6 9622
124 471 8 6 22543
125 154 1 3 8
125 445 1 5 178
125 507 3 5 344
126 251 7 5 3437
126 277 1 3 16
126 466 8 2 37
127 250 10 4 544
127 311 4 4 347
128 355 3 4 98
128 385 10 4 881
129 206 4 4 266
129 276 5 8 444472
129 406 5 4 246
129 480 6 4 427
130 277 3 4 208
131 194 9 4 705
132 385 3 5 1513
132 434 8 6 10419
132 475 7 2 16
134 226 10 7 63794
135 167 8 1 11
135 169 9 2 22
136 405 8 4 295
137 160 5 3 58
137 201 5 6 10221
137 250 2 6 1621
138 470 8 4 409
139 455 1 4 59
140 510 2 5 589
141 278 6 4 151
141 351 5 1 8
141 353 7 2 28
141 390 6 6 23058
141 418 5 2 11
142 322 4 4 124
143 192 7 7 73192
143 223 9 2 16
143 270 7 5 4333
143 286 3 10 91097564
144 505 5 8 941480
146 215 6 2 13
146 288 7 1 7
146 362 5 3 62
146 365 8 2 19
147 402 2 2 10
147 467 1 4 34
147 480 5 2 17
148 162 7 6 15510
148 238 8 2 28
148 359 9 1 4
149 196 9 4 396
149 224 7 3 38
149 304 7 6 12030
149 458 1 7 7379
150 430 5 7 27643
150 458 5 1 7
151 285 2 5 740
151 307 1 5 197
151 387 4 3 47
151 399 10 3 140
151 463 8 4 180
152 167 7 3 50
152 196 2 4 136
152 421 1 7 22540
152 433 4 3 44
153 200 2 4 158
153 257 5 4 323
153 409 7 3 103
154 273 4 5 756
154 507 10 3 71
155 412 5 5 830
155 418 8 3 119
156 160 2 4 88
156 400 4 9 1843868
156 507 1 4 47
157 385 1 7 22151
159 189 7 2 17
159 331 8 5 1134
159 353 1 7 18296
159 451 9 2 17
161 423 6 2 16
162 273 5 1 7
163 181 10 2 40
163 293 6 1 7
163 333 4 4 371
164 241 2 7 77661
164 291 2 3 16
165 281 10 5 2291
165 323 3 4 256
165 484 10 1 17
165 501 5 1 5
166 170 3 3 32
168 209 1 4 34
169 266 2 4 82
171 319 5 1 8
171 506 10 1 7
172 480 9 2 19
173 266 3 6 4191
173 274 4 4 143
174 352 10 1 16
174 501 9 2 40
175 205 2 7 16852
175 272 3 3 61
176 393 3 1 4
176 462 6 6 8238
177 250 1 5 323
177 459 10 6 20121
178 182 3 4 67
178 254 2 3 28
178 409 5 5 1620
178 486 10 2 31
179 223 10 1 8
179 255 4 7 27002
179 473 4 4 265
180 197 9 9 18464253
180 346 7 6 5526
180 421 5 3 89
180 448 3 4 206
181 436 3 5 1498
182 277 8 2 31
183 463 8 3 64
186 237 3 5 1623
187 440 7 2 19
189 252 3 4 91
189 275 4 6 5631
189 474 10 5 1211
190 424 6 2 25
191 352 9 4 209
191 368 10 2 53
191 401 5 7 111066
191 416 10 4 744
192 437 2 3 34
194 346 7 3 65
195 363 3 5 1967
196 439 10 5 4278
197 230 6 4 310
198 267 5 2 10
198 279 6 4 412
198 353 7 4 155
198 478 5 2 19
200 210 8 4 184
200 342 7 4 366
200 448 2 3 13
201 238 9 5 3147
202 254 2 4 61
202 442 8 2 40
204 245 2 5 445
204 472 8 3 127
205 345 4 7 54016
206 410 6 2 31
206 436 8 4 526
208 275 9 6 10447
208 506 2 6 9195
209 223 8 4 510
209 274 5 3 50
209 492 6 2 28
210 380 4 6 6668
211 386 5 2 10
212 238 7 5 1477
213 443 6 3 35
214 231 5 1 4
214 511 8 2 38
215 393 10 2 40
215 417 9 8 1739257
218 254 3 3 32
218 447 9 3 104
219 234 3 4 247
219 478 1 3 13
219 498 8 3 92
221 351 8 3 173
222 430 1 5 607
223 412 9 1 14
223 435 8 4 298
223 478 6 3 92
223 491 4 4 359
223 508 5 3 32
227 273 8 2 25
227 397 5 2 11
228 299 3 3 17
229 452 9 2 19
230 482 8 2 23
231 349 10 1 7
231 378 2 8 371689
232 248 10 2 23
233 247 10 6 33786
233 366 5 3 34
235 354 5 3 37
237 407 6 4 194
238 319 5 2 10
239 323 8 6 14168
241 345 8 3 89
242 257 10 4 969
242 285 8 5 2109
242 312 7 5 810
243 249 1 9 1012451
243 492 8 1 11
246 254 2 6 1822
246 500 9 1 10
248 431 10 6 28920
249 404 8 4 420
250 395 8 3 97
250 441 8 2 40
252 502 4 3 49
253 296 10 2 25
253 500 5 3 68
255 392 6 4 457
256 288 2 5 1115
256 476 6 1 4
258 267 6 1 7
258 478 10 1 16
259 373 2 3 31
260 283 6 6 20301
260 316 1 4 68
260 327 8 4 635
260 400 10 4 903
262 299 6 2 16
262 414 2 3 29
262 487 7 3 65
264 339 6 4 278
264 473 5 4 188
265 281 3 3 37
265 430 10 3 194
266 294 5 3 65
267 463 5 4 420
267 475 6 3 37
269 336 1 3 16
270 335 10 4 412
270 395 8 6 16272
271 489 6 7 37778
272 320 7 1 10
272 404 6 10 260531250
275 280 9 5 2710
275 323 10 3 109
276 335 7 2 31
277 279 7 1 3
277 359 7 4 385
279 392 6 3 32
280 385 7 1 7
281 345 3 5 1314
281 464 9 1 7
284 333 7 5 3540
288 505 8 7 226732
289 366 4 7 29813
290 427 8 6 20052
291 454 10 5 1206
293 489 4 3 34
294 451 10 2 37
295 463 6 2 19
295 478 3 3 50
297 405 8 3 152
297 441 3 5 1205
298 347 8 9 4483432
298 354 8 2 19
298 501 9 7 292988
299 363 6 4 214
299 382 9 2 22
303 305 10 6 10103
303 376 5 1 4
303 400 1 4 53
304 474 5 3 55
305 411 10 1 17
305 416 5 5 1149
306 481 8 2 26
307 394 2 7 10953
308 450 10 5 3382
309 400 7 4 188
311 342 6 2 31
311 432 7 6 25334
312 313 4 6 8104
312 409 4 3 31
312 466 7 2 17
313 451 2 5 576
313 463 6 3 71
314 418 9 5 1480
314 499 7 2 29
315 435 3 3 29
317 318 8 7 207626
318 481 7 5 1726
321 365 6 1 5
322 354 2 6 5360
325 352 4 1 4
325 422 2 7 11678
326 446 3 5 376
332 368 3 4 83
336 444 4 7 135419
337 451 10 3 163
338 341 4 3 26
338 461 8 2 19
339 342 4 4 170
339 475 8 8 1746250
341 435 3 8 386998
341 469 4 2 17
343 415 2 6 1754
349 431 2 5 929
350 452 10 4 427
351 497 1 3 10
352 373 6 2 19
353 371 5 2 26
354 363 2 5 360
354 457 7 3 137
355 428 9 9 4891507
355 464 9 4 203
357 421 10 1 13
357 467 4 4 160
358 420 6 2 31
358 432 6 3 85
358 447 10 6 15315
360 431 8 2 17
361 510 2 9 3696569
362 456 5 3 52
367 499 4 6 3821
368 438 5 1 7
368 482 6 7 31304
370 419 8 6 9297
371 421 7 1 4
372 477 3 4 304
373 436 3 5 840
374 489 10 5 1142
379 434 8 4 221
380 462 4 3 55
380 470 1 4 31
381 501 3 2 13
383 387 1 3 17
383 504 7 8 1322082
384 450 1 5 585
385 425 10 1 7
385 498 10 6 23563
386 394 2 5 574
386 448 2 4 89
386 468 5 1 8
388 418 7 2 28
388 472 1 8 82801
389 500 4 1 7
391 404 3 2 14
391 429 2 3 16
391 511 2 2 4
393 488 6 3 131
394 399 7 3 43
395 423 9 5 6186
396 468 6 3 50
398 413 8 6 6167
398 484 5 4 305
399 410 4 2 13
400 407 4 4 346
400 492 2 7 11649
402 433 7 3 129
404 443 1 8 70327
405 474 9 2 16
406 407 9 4 272
408 439 3 4 98
410 473 2 3 20
412 455 4 4 280
414 416 5 3 34
414 461 8 1 4
415 472 2 3 13
417 503 3 6 5255
425 450 6 5 1974
429 432 6 8 339975
432 455 6 2 12
438 501 6 3 32
444 468 10 1 14
447 485 5 4 263
448 494 4 7 19772
449 452 2 3 14
450 475 5 2 26
453 471 6 2 28
453 479 8 4 878
455 479 4 3 34
461 503 8 1 8
463 468 8 6 5843
466 481 6 4 546
466 501 7 7 117923
474 480 4 6 3880
485 501 10 1 14
501 504 5 5 2461
507 509 3 3 40
