304 0.002375658112881321 
533 0.002375658112881321 
409 0.002375658112881321 
1153 0.0023873460254563187 
1002 0.002375658112881321 
1643 0.0023668903557593213 
999 0.002375658112881321 
565 0.0023785823492350707 
983 0.002375658112881321 
335 0.002381502063445679 
151 0.002375658112881321 
43 0.0023873460254563187 
909 0.0023727364829407883 
30 0.002375658112881321 
1584 0.002375658112881321 
716 0.002375658112881321 
1838 0.002375658112881321 
888 0.0023785800867131587 
830 0.002375658112881321 
1429 0.002375658112881321 
711 0.002375658112881321 
1615 0.002375658112881321 
1369 0.002375658112881321 
1205 0.0023785800867131587 
277 0.002375658112881321 
221 0.0023727364829407883 
1521 0.002375658112881321 
1687 0.002375658112881321 
352 0.002375658112881321 
280 0.0023785800867131587 
1001 0.002375658112881321 
1111 0.002375658112881321 
1424 0.002369814894104029 
1218 0.002375658112881321 
1538 0.002375658112881321 
377 0.002375658112881321 
556 0.002375658112881321 
282 0.002375658112881321 
1052 0.002375658112881321 
1858 0.002375658112881321 
1543 0.0023873460254563187 
937 0.0023756562900141137 
366 0.002381502063445679 
89 0.0023785800867131587 
1349 0.0023756584456984964 
1906 0.002375658112881321 
864 0.002375658112881321 
439 0.002375658112881321 
780 0.002375658112881321 
1003 0.002375658112881321 
1190 0.0023785800867131587 
152 0.0023785800867131587 
11 0.0023727364829407883 
1178 0.002381502063445679 
1895 0.002384424351841927 
1134 0.002375658112881321 
724 0.002375658112881321 
1355 0.0023698135429422525 
1892 0.002375658112881321 
1028 0.002375658112881321 
756 0.002375658112881321 
1109 0.0023756562900141137 
252 0.002375658112881321 
1656 0.002375658112881321 
1649 0.002375658112881321 
1260 0.002375658112881321 
1127 0.002375658112881321 
679 0.002375658112881321 
1421 0.002375658112881321 
933 0.002375658112881321 
582 0.0023785800867131587 
219 0.002375658112881321 
1301 0.0023785823492350707 
447 0.002375658112881321 
1100 0.0023815008211638417 
1914 0.002375658112881321 
209 0.002375658112881321 
1711 0.002375658112881321 
1648 0.002375658112881321 
1338 0.002375658112881321 
325 0.002375658112881321 
1156 0.002375658112881321 
1577 0.002375658112881321 
1754 0.002375658112881321 
31 0.002375658112881321 
1233 0.002375658112881321 
1403 0.0023785800867131587 
935 0.002381502063445679 
967 0.002375658112881321 
88 0.002375658112881321 
863 0.002375658112881321 
956 0.002375658112881321 
1213 0.002375658112881321 
805 0.0023873460254563187 
1559 0.0023785800867131587 
1140 0.002375658112881321 
1312 0.0023785800867131587 
1610 0.002375658112881321 
1641 0.002375658112881321 
220 0.0023727364829407883 
382 0.002375658112881321 
1616 0.002375658112881321 
781 0.002375658112881321 
308 0.002375658112881321 
238 0.002375658112881321 
296 0.0023668903557593213 
1976 0.0023668933460934127 
1388 0.002375658112881321 
1805 0.002375658112881321 
871 0.0023668922091986 
626 0.002375658112881321 
1010 0.0023785800867131587 
1456 0.0023756572493957824 
224 0.002375658112881321 
1219 0.002375658112881321 
1924 0.002381502063445679 
145 0.0023785800867131587 
986 0.0023785800867131587 
510 0.002375658112881321 
321 0.0023668903557593213 
237 0.002375658112881321 
462 0.002375658112881321 
116 0.002375658112881321 
858 0.002375658112881321 
1300 0.002381502063445679 
1612 0.002375658112881321 
1676 0.002375658112881321 
739 0.002375658112881321 
1824 0.002375658112881321 
593 0.002369814894104029 
444 0.002381502063445679 
1891 0.002375658112881321 
1329 0.002375658112881321 
698 0.002381502063445679 
119 0.002375658112881321 
980 0.002375658112881321 
622 0.002375658112881321 
668 0.002375658112881321 
147 0.002375658112881321 
658 0.002375658112881321 
1434 0.002381501496875221 
404 0.0023727364829407883 
445 0.0023756572493957824 
628 0.002381502063445679 
1850 0.002375658112881321 
1065 0.002375658112881321 
1778 0.002381502063445679 
732 0.002375658112881321 
1027 0.0023785800867131587 
275 0.002375658112881321 
1556 0.002378579247312474 
942 0.002375658112881321 
58 0.002375658112881321 
1596 0.0023785800867131587 
1580 0.002375658112881321 
1578 0.002375658112881321 
867 0.002375658112881321 
1390 0.002375658112881321 
303 0.002375658112881321 
1516 0.0023785800867131587 
1562 0.002375658112881321 
133 0.002375658112881321 
126 0.002375658112881321 
1593 0.002375658112881321 
1938 0.002375658112881321 
1834 0.002375658112881321 
962 0.0023698135429422525 
1313 0.002375658112881321 
994 0.002375658112881321 
23 0.002381502063445679 
950 0.002375658112881321 
1344 0.002375658112881321 
180 0.0023727364829407883 
965 0.002375658112881321 
936 0.002375658112881321 
1845 0.002375658112881321 
1742 0.002375658112881321 
1840 0.0023785800867131587 
285 0.002375658112881321 
1931 0.002375658112881321 
1503 0.002375658112881321 
433 0.002375658112881321 
205 0.0023815042779538383 
918 0.002375658112881321 
750 0.002375658112881321 
1817 0.0023698152861452333 
192 0.0023785800867131587 
1874 0.002375658112881321 
255 0.002375658112881321 
412 0.002369814894104029 
1999 0.002375658112881321 
856 0.002375658112881321 
1517 0.002375658112881321 
1419 0.002375658112881321 
1653 0.002375658112881321 
1934 0.0023785800867131587 
1942 0.002375658112881321 
1621 0.002375658112881321 
1125 0.002375658112881321 
1468 0.002375658112881321 
1176 0.002375658112881321 
902 0.002369814894104029 
1968 0.002375658112881321 
1627 0.002375658112881321 
1249 0.002375658112881321 
1236 0.002375658112881321 
725 0.002375658112881321 
507 0.002369818044486906 
831 0.002375658112881321 
665 0.0023785800867131587 
383 0.0023698135429422525 
1479 0.002375658112881321 
197 0.0023785800867131587 
736 0.002375658112881321 
1541 0.002375658112881321 
1122 0.002375658112881321 
921 0.002375658112881321 
108 0.002375658112881321 
578 0.002375658112881321 
1413 0.002375658112881321 
1511 0.002375658112881321 
706 0.0023785800867131587 
1752 0.002375658112881321 
630 0.002384424351841927 
1996 0.0023873460254563187 
638 0.002378578329125512 
812 0.002375658112881321 
678 0.002375658112881321 
351 0.002375658112881321 
1733 0.002375658112881321 
1237 0.002375658112881321 
1534 0.002375658112881321 
1160 0.002375658112881321 
870 0.0023785800867131587 
1400 0.002375658112881321 
790 0.002384424351841927 
885 0.0023785800867131587 
1264 0.002375658112881321 
1717 0.0023668933460934127 
270 0.002375658112881321 
549 0.0023727364829407883 
506 0.0023756562900141137 
235 0.0023785800867131587 
341 0.002375658112881321 
1555 0.002375658112881321 
1119 0.002375658112881321 
1807 0.0023756572493957824 
1696 0.0023727364829407883 
580 0.002381502063445679 
1588 0.002375658112881321 
1207 0.002381502063445679 
971 0.002375658112881321 
483 0.002375658112881321 
1594 0.0023785800867131587 
1746 0.0023756584456984964 
465 0.002375658112881321 
777 0.002378579247312474 
420 0.0023785800867131587 
1252 0.0023785800867131587 
1854 0.0023785800867131587 
1228 0.0023785800867131587 
1201 0.002375658112881321 
1391 0.002375658112881321 
77 0.002375658112881321 
1117 0.002375658112881321 
1362 0.002375658112881321 
1363 0.002375658112881321 
115 0.002375658112881321 
260 0.002381502063445679 
650 0.002375658112881321 
1115 0.002375658112881321 
1180 0.002375658112881321 
708 0.002375658112881321 
1757 0.002375658112881321 
1740 0.0023756562900141137 
1483 0.002375658112881321 
59 0.0023668903557593213 
1935 0.002375658112881321 
878 0.002375658112881321 
604 0.002381501496875221 
523 0.002375658112881321 
1131 0.002375658112881321 
84 0.002375658112881321 
1972 0.002375658112881321 
158 0.002375658112881321 
701 0.002375658112881321 
189 0.002375658112881321 
294 0.002375658112881321 
1966 0.002375658112881321 
298 0.002375658112881321 
142 0.002375658112881321 
1916 0.002375658112881321 
1964 0.002375658112881321 
398 0.0023668933460934127 
153 0.0023785800867131587 
749 0.0023873460254563187 
36 0.002375658112881321 
206 0.0023785800867131587 
76 0.002375658112881321 
1861 0.002393190283943022 
1110 0.002375658112881321 
1568 0.002375658112881321 
738 0.0023785800867131587 
573 0.0023785800867131587 
307 0.002375658112881321 
734 0.002375658112881321 
1642 0.002375658112881321 
1467 0.002375658112881321 
1478 0.002375658112881321 
159 0.002375658112881321 
114 0.0023785800867131587 
1393 0.0023785800867131587 
35 0.0023698135429422525 
680 0.0023785800867131587 
1917 0.002375658112881321 
162 0.002375658112881321 
173 0.002375658112881321 
1008 0.002375658112881321 
1846 0.002375658112881321 
1072 0.002375658112881321 
10 0.002378579247312474 
687 0.002375658112881321 
1601 0.0023785800867131587 
1448 0.002381502063445679 
1089 0.002375658112881321 
157 0.002375658112881321 
743 0.002375658112881321 
642 0.0023785800867131587 
783 0.002375658112881321 
1820 0.002375658112881321 
1339 0.0023785800867131587 
1138 0.002375658112881321 
693 0.002375658112881321 
825 0.002375658112881321 
468 0.002375658112881321 
605 0.002375658112881321 
75 0.002375658112881321 
300 0.002381502063445679 
1212 0.002375658112881321 
29 0.002375658112881321 
532 0.002375658112881321 
329 0.002375658112881321 
673 0.002375658112881321 
1756 0.002375658112881321 
796 0.002369814894104029 
1617 0.002375658112881321 
290 0.002375658112881321 
226 0.0023756572493957824 
347 0.002375658112881321 
1171 0.0023756572493957824 
672 0.002375658112881321 
1193 0.002375658112881321 
1927 0.002375658112881321 
821 0.002375658112881321 
1443 0.002375658112881321 
1199 0.002375658112881321 
1651 0.002375658112881321 
1630 0.002375658112881321 
809 0.002375658112881321 
306 0.002375658112881321 
356 0.002375658112881321 
1926 0.002375658112881321 
1494 0.0023785800867131587 
498 0.002375658112881321 
592 0.002375658112881321 
1319 0.002375658112881321 
1474 0.002375658112881321 
1316 0.0023668903557593213 
37 0.002375658112881321 
1560 0.002375658112881321 
1196 0.002375658112881321 
1441 0.002375658112881321 
612 0.002375658112881321 
771 0.002375658112881321 
925 0.002381502063445679 
259 0.002381502063445679 
1133 0.0023785797841353665 
95 0.002381502063445679 
1622 0.002375658112881321 
1135 0.002375658112881321 
1829 0.002375658112881321 
1911 0.002375658112881321 
1248 0.002381502063445679 
124 0.002375658112881321 
4 0.002375658112881321 
371 0.0023785823492350707 
1912 0.0023873460254563187 
1101 0.002375658112881321 
135 0.002375658112881321 
928 0.0023785823492350707 
182 0.002375658112881321 
1781 0.002375658112881321 
931 0.0023785804114623207 
130 0.0023902680106586698 
55 0.002375658112881321 
1380 0.0023756584456984964 
1831 0.002375658112881321 
1084 0.0023815042779538383 
563 0.002375658112881321 
619 0.002375658112881321 
