1413 0.005879874687541907 
114 0.0059587951922447 
918 0.005731481109726408 
1695 0.00582929632173547 
1666 0.00607780967544279 
342 0.005780676788247003 
180 0.005867316525011263 
529 0.0058117841281811146 
240 0.005834941833655331 
1332 0.005852338905383268 
1224 0.0060067235565044175 
853 0.005809595105788683 
1420 0.005698877511025609 
12 0.00591939250333062 
1217 0.005917779546861376 
1796 0.0059521128604032945 
164 0.005837015641051387 
204 0.005773994451690886 
1665 0.00582733782070572 
1330 0.0061765467266369865 
889 0.005853491029617264 
1704 0.005749684664551688 
1456 0.006032532492085798 
1483 0.0060051106263989285 
941 0.005941974157209681 
1055 0.0058727314949598665 
213 0.006016977481216402 
439 0.00594808041674251 
1439 0.006015479702907087 
759 0.005923540184797949 
368 0.005867777379195891 
413 0.005925383605583845 
67 0.0058621319468185 
1013 0.005841508948268832 
655 0.005939324308501431 
1335 0.005861325483681348 
1245 0.005956721368501524 
1132 0.00594980857592625 
1812 0.005942780648782259 
317 0.00607250988302511 
1289 0.0059650166596981686 
773 0.005843697955626101 
1769 0.005786552623091984 
1876 0.00592826388336851 
1615 0.005916512206773632 
165 0.005905912696729515 
1141 0.005723531425101108 
1834 0.005867431742834178 
1170 0.005838167785739742 
1576 0.00584680869568186 
1469 0.005916166584838489 
404 0.005769385982337609 
614 0.005832867990369555 
1121 0.005822153260934843 
1782 0.005895773999346429 
1699 0.005792198033798672 
928 0.005990363407403675 
869 0.005817890387942007 
1754 0.005821807584128704 
1058 0.005776413922923682 
471 0.0058435827475465 
356 0.005818581674526756 
1106 0.0059673209210022796 
1620 0.0060157101621037 
1915 0.005741504577848846 
1277 0.005981722451847124 
1463 0.005926420493451795 
1635 0.0059857548995302205 
1623 0.00581477965563597 
1009 0.005790469848630647 
1032 0.005889898144509933 
275 0.005756827802830706 
1120 0.005862362376067679 
1738 0.005803949691720008 
445 0.005846923918435082 
1721 0.005818812089389553 
793 0.006145554621817284 
1847 0.0058086734035073945 
391 0.005816623035059207 
998 0.0057643166312020015 
