1223 0.0025797490987051635 
1496 0.0025127945230648606 
1985 0.002507879796666274 
1404 0.002491775338705972 
1859 0.002342261087748046 
1877 0.00255411120298988 
880 0.002539270785340016 
1613 0.0024810960834837884 
1250 0.002509710563899022 
1988 0.002568781653675502 
1715 0.002482895966941157 
89 0.002568729957052358 
220 0.002523107355948804 
507 0.0025045379599294066 
1487 0.0024667813245116818 
811 0.00251092706472237 
749 0.002520075353194483 
474 0.002482613189297829 
660 0.002446688488144704 
1119 0.0026107844669329638 
1195 0.0024786578359200233 
764 0.002496019286157177 
1172 0.0024253770626093967 
60 0.0024753044310399553 
1055 0.00251183908622443 
1350 0.0025630097124459345 
670 0.0023739425253356734 
1696 0.0025151908472226614 
689 0.0024944954855559546 
1022 0.0025030194588537735 
302 0.0024820218178077088 
453 0.00234787738211719 
1668 0.0025368119525224432 
513 0.0025264413701106205 
1288 0.0024832074244862945 
768 0.002552642341158591 
567 0.002524934247892544 
1054 0.0025505112934110902 
1382 0.002587352689211558 
53 0.0026123204239988833 
49 0.0025099717106516805 
705 0.0024719622329153726 
733 0.002547772351365281 
779 0.002527372601504923 
1081 0.002497219559581743 
497 0.0024902141675992927 
272 0.0024835579621356454 
1433 0.0026275400923935 
1905 0.002519760903146585 
56 0.0024524764861037383 
1698 0.002515833644171958 
682 0.0024521713234219337 
1123 0.0025876586319674767 
792 0.002462193781633326 
194 0.002536544428575502 
499 0.002514283440722435 
725 0.002506058938546815 
1134 0.002498453342719751 
935 0.002470134350610102 
208 0.002523118754819329 
156 0.002538941198840562 
1423 0.0025243259955953492 
1625 0.0024847434559447036 
1680 0.0025005762088543583 
1724 0.002545637365352421 
1191 0.0025511234986132073 
1772 0.002419892665829354 
668 0.002535593300072893 
1 0.002573960511742648 
576 0.0025212790439506053 
1664 0.0024944842032816835 
1788 0.0024695282044845425 
789 0.0024519059261064557 
562 0.0024402888442765997 
1356 0.002504539021606316 
481 0.0025404521857923636 
609 0.0024323738372726963 
1125 0.0024713613435775757 
1813 0.002492055085693046 
51 0.002451579088952572 
1987 0.00237375849857235 
466 0.0026738512964148095 
1631 0.0024606697166411583 
449 0.0024932701725074173 
962 0.002552337495251422 
1523 0.0024746898947769734 
821 0.0025018096889215975 
91 0.0024186961038944817 
780 0.0024573539052020112 
869 0.002513973280877144 
0 0.0025246376034720446 
342 0.0024990647746771853 
323 0.00254806036253962 
1658 0.002598046040280532 
1526 0.002485048632645626 
1013 0.002546554048287376 
936 0.0024701044000305363 
1141 0.0025030233541911986 
1335 0.0025651324732542183 
669 0.0024884003182561072 
153 0.0024734702641350794 
1242 0.0024993586518269593 
1315 0.002504546814847287 
1150 0.0025678949550845312 
1225 0.0024676926435026987 
995 0.0024040844410635346 
963 0.0026062087098951718 
1042 0.002603479171131397 
997 0.0024853545122819933 
1056 0.0025270531729805396 
1711 0.002524949937689792 
1596 0.0023499708952623628 
181 0.0025983333648113937 
1657 0.0025270706144132397 
1645 0.0023367772945436785 
1260 0.0023636621243938276 
270 0.0023924957419531345 
1873 0.00249053763772137 
1312 0.0025282643514974545 
32 0.0024850489838296966 
1865 0.002454306425750788 
770 0.0024996610118551395 
573 0.002460094834645635 
647 0.0025142784706541723 
1052 0.0024065002889728155 
279 0.0024731738254382372 
638 0.0025849120466139115 
671 0.0024412046526962744 
362 0.0024780506420211674 
1233 0.0025675676669483904 
1482 0.002517627757546021 
947 0.002602274658535788 
502 0.002506670729361523 
632 0.0024543039909458047 
899 0.0026043697975098785 
332 0.002399850828077396 
1950 0.0025081881677197484 
1317 0.0024960094039975277 
1295 0.002423864037963963 
1952 0.002447913290372539 
1142 0.002454913971717109 
169 0.0024606860118846345 
1928 0.0025151915569499197 
1439 0.0025724265044805568 
686 0.002422592299723302 
104 0.002528594457659102 
918 0.0025033009885501284 
927 0.0024123875696082753 
434 0.0023699424923753114 
210 0.002470438123207504 
986 0.0025362011963667953 
278 0.0024926622767508753 
739 0.002484742051907147 
1841 0.0024914464853815197 
1320 0.0025748598932947425 
1607 0.0025526588883350294 
889 0.002481104870712292 
848 0.0024585426012854726 
1878 0.002559340343509238 
1244 0.0025200550829013704 
