0 198 4 1 3
1 503 2 2 4
2 115 4 2 8
3 218 9 4 287
3 363 10 2 19
4 361 6 2 20
8 303 8 1 11
11 30 3 1 4
15 160 5 2 13
16 114 4 5 497
16 232 1 6 4260
16 357 9 1 7
18 90 1 2 3
20 139 4 1 6
21 209 8 1 12
22 226 4 3 25
23 108 7 2 17
23 418 10 2 19
24 52 1 2 4
25 126 8 5 1835
25 408 5 4 483
27 342 5 3 32
29 40 6 1 4
33 489 9 1 4
34 282 1 4 59
36 444 10 1 4
38 170 1 2 4
45 98 10 1 4
45 108 4 1 4
46 106 9 1 14
47 99 9 7 48435
50 169 8 1 5
50 177 4 7 71330
50 474 3 4 266
52 181 1 3 10
52 277 4 6 10383
58 164 10 1 4
59 276 5 1 4
61 396 5 2 14
64 501 3 1 4
65 397 8 4 239
66 185 4 1 5
68 290 5 6 4343
68 432 1 2 4
68 474 2 2 5
69 72 4 1 5
70 295 2 3 13
74 220 3 2 8
75 330 1 2 4
78 267 9 1 8
78 308 9 4 615
80 368 3 1 4
80 420 10 1 4
85 244 10 4 331
86 118 9 1 7
91 280 3 5 843
92 477 5 4 253
97 351 9 1 4
99 402 7 1 8
103 186 1 2 4
103 277 7 1 8
105 496 2 4 79
108 404 10 6 11488
109 367 4 1 3
109 408 4 5 455
109 437 4 1 4
112 236 6 1 4
113 430 8 1 5
115 180 5 3 103
115 193 1 3 8
119 293 10 1 4
119 423 10 3 121
119 506 3 3 19
122 258 6 3 35
122 371 9 1 4
124 471 9 1 4
126 251 5 2 22
127 311 1 5 515
129 406 2 5 227
129 480 9 1 4
130 277 3 1 4
132 475 8 5 3867
134 226 4 1 7
137 250 4 3 47
138 470 3 1 4
139 455 5 2 10
141 390 3 1 4
143 286 5 8 444482
147 402 6 1 10
147 467 3 1 4
147 480 3 5 601
149 196 9 1 4
151 285 6 1 7
151 387 3 1 4
151 399 6 1 8
151 463 1 4 81
152 196 8 1 4
152 421 8 6 23094
152 433 4 1 4
153 257 3 4 91
154 273 1 3 8
155 412 1 6 742
155 418 1 5 167
156 160 5 3 85
157 385 9 3 93
163 293 7 3 115
168 209 6 1 4
173 266 9 1 10
175 205 9 1 4
177 250 9 5 4574
177 459 7 2 14
178 486 1 3 10
179 223 4 1 4
179 255 7 1 10
180 421 7 1 4
181 436 6 5 1498
183 463 2 3 44
186 237 10 3 151
191 368 10 5 1424
192 437 10 1 17
194 346 10 1 17
196 439 9 1 11
198 267 10 1 13
198 279 4 6 13600
198 353 5 2 19
198 478 5 1 4
200 210 2 2 4
200 342 6 1 4
202 254 6 2 23
202 442 2 2 7
204 245 10 1 4
206 410 7 2 17
208 506 8 1 5
209 274 8 1 4
213 443 3 1 4
214 511 10 1 5
215 417 8 3 52
218 447 9 4 272
229 452 2 2 5
231 349 7 3 103
233 366 1 5 463
242 285 7 1 4
242 312 3 1 5
248 431 9 1 10
250 441 5 1 4
253 296 7 2 17
253 500 4 1 5
258 478 4 2 17
260 327 9 1 7
265 430 2 2 7
267 475 10 4 259
270 335 9 1 4
277 279 8 1 4
277 359 4 1 4
281 464 2 5 796
289 366 9 2 17
295 478 8 1 4
297 441 2 2 4
298 354 8 1 4
298 501 1 8 289298
299 382 4 1 4
303 305 6 1 4
305 411 6 1 4
306 481 2 5 292
307 394 10 3 62
308 450 8 1 4
311 342 4 3 25
312 313 1 8 78997
312 409 5 2 17
318 481 1 4 23
321 365 6 1 4
322 354 9 2 26
325 352 5 1 4
325 422 8 2 16
326 446 9 1 7
336 444 7 2 20
337 451 2 2 5
338 341 2 5 400
341 435 6 1 4
352 373 6 1 5
353 371 2 2 4
355 428 9 1 4
358 432 9 8 1200684
358 447 4 3 23
361 510 4 9 3714885
362 493 2 6 1868
371 421 8 1 4
372 477 5 3 35
374 489 5 8 359219
380 462 3 1 4
383 387 2 2 5
384 450 7 1 7
386 448 3 2 7
388 418 10 5 1632
389 500 6 1 4
393 488 6 7 51759
395 423 2 6 2296
400 407 2 5 336
444 468 2 2 4
450 475 7 1 8
453 471 6 6 6927
466 501 2 2 7
485 501 6 1 4
507 509 1 2 4
