0 4 10 4 520
0 8 3 4 71
0 9 7 3 43
0 18 4 1 7
0 29 9 2 25
0 112 3 5 1834
0 135 7 1 4
0 150 3 8 224502
0 166 7 1 4
0 215 5 2 15
0 256 4 2 10
0 259 5 6 16934
0 265 5 1 7
0 274 7 4 169
0 352 1 6 822
0 415 8 2 25
0 618 5 5 783
0 670 1 2 5
0 674 1 4 33
0 679 3 6 6239
0 704 8 1 4
0 843 3 2 7
0 902 9 1 5
0 917 8 1 4
0 936 7 3 40
1 15 2 6 1961
1 30 3 4 100
1 37 4 2 10
1 82 10 5 3509
1 135 1 4 43
1 228 3 1 4
1 357 10 1 4
1 481 6 5 3772
1 535 10 1 10
1 565 2 5 338
1 644 7 5 4038
1 705 9 8 362575
1 768 8 4 449
1 920 4 3 81
2 0 9 1 4
2 3 10 2 23
2 8 9 1 15
2 132 8 8 389526
2 167 6 7 41305
2 260 5 1 7
2 267 10 3 67
2 328 5 1 4
2 523 9 5 1307
3 24 7 2 15
3 131 10 1 13
3 272 9 3 68
3 277 8 5 2378
3 530 4 7 65093
3 592 2 2 7
3 652 5 2 15
3 817 5 5 2764
4 0 5 6 21203
4 4 6 4 435
4 15 1 4 47
4 24 6 1 4
4 50 6 4 603
4 64 10 4 1123
4 248 7 1 7
4 284 3 2 10
4 293 2 3 21
4 368 2 5 807
4 576 4 5 1371
4 683 4 1 7
4 774 10 3 195
4 803 10 5 2004
4 808 5 2 19
5 18 1 4 31
5 216 2 6 3806
5 584 9 2 35
5 887 8 7 41260
6 3 3 1 4
6 148 5 5 1201
6 212 7 7 123537
6 259 3 3 45
6 267 3 4 146
6 268 8 1 4
6 466 2 2 8
6 798 6 3 45
6 1002 5 6 4583
7 81 3 2 7
7 110 5 1 4
7 237 9 1 4
7 715 7 1 7
8 1 3 3 50
8 19 6 3 68
8 32 9 5 3330
8 42 8 3 86
8 58 1 5 672
8 202 5 1 4
8 272 10 1 10
8 273 10 1 7
8 386 4 3 30
8 393 8 1 7
8 486 8 5 4105
8 552 5 4 283
8 642 5 2 21
8 656 4 4 89
8 735 1 3 16
8 850 7 1 12
8 902 4 2 14
9 43 8 1 7
9 274 8 1 4
9 416 10 8 2709798
9 526 9 1 4
9 823 6 1 4
10 40 5 1 4
10 75 4 4 129
10 84 1 9 526963
10 160 6 1 4
10 208 2 3 14
10 523 2 5 868
10 584 6 1 7
10 599 7 4 217
10 680 1 3 16
11 204 8 7 261097
11 586 2 5 1153
11 752 1 3 10
11 779 2 2 4
12 0 9 1 4
12 24 3 2 8
12 55 6 8 371945
12 65 2 2 4
12 116 6 2 15
12 128 5 1 7
12 366 7 3 50
12 634 2 2 7
13 224 2 8 165675
13 320 5 1 4
14 127 2 2 10
14 152 10 1 4
14 210 4 1 4
14 321 6 1 10
14 616 10 1 15
15 352 9 2 18
15 485 7 6 27911
15 659 9 1 12
16 9 2 2 4
16 24 8 1 10
16 64 3 3 42
16 132 3 3 26
16 148 8 5 2593
16 643 8 1 4
16 806 9 1 4
17 48 9 1 7
17 129 7 1 7
17 258 9 5 3430
18 215 6 1 7
18 290 5 1 4
18 641 6 7 48890
18 645 5 1 7
19 24 5 4 549
19 657 5 2 10
19 709 8 3 50
20 1 3 6 5344
20 10 3 4 80
20 28 7 1 7
20 176 2 3 24
20 194 4 1 4
20 323 3 1 4
20 786 1 3 11
21 116 9 3 181
21 258 7 4 497
21 308 4 3 30
22 68 6 3 62
22 97 3 1 4
22 107 6 6 12086
22 133 3 1 4
22 331 1 4 102
23 328 2 2 7
23 770 9 1 4
23 886 6 2 13
24 9 9 4 297
24 533 6 3 78
24 786 3 2 11
24 848 10 2 23
24 944 9 2 18
25 523 7 4 181
25 592 10 5 3175
26 20 7 2 21
26 22 8 1 7
26 109 10 2 45
26 801 3 1 4
27 130 4 1 4
27 210 1 3 14
27 549 6 7 45375
28 42 3 7 53684
28 72 6 1 7
28 146 4 2 12
28 192 4 4 89
28 624 2 10 83869534
28 647 1 3 7
29 1 5 1 7
29 5 2 4 146
29 327 5 2 18
29 809 3 4 247
30 52 8 1 4
30 129 9 1 4
30 588 3 3 16
31 77 7 1 4
31 561 9 1 4
32 33 9 1 8
32 42 10 4 232
32 72 5 1 7
32 196 3 2 13
32 204 7 4 172
32 211 10 1 7
32 276 4 5 632
32 414 6 9 7501711
32 514 4 1 7
32 612 8 7 196777
32 641 3 7 19132
32 759 3 1 4
32 803 8 1 10
32 848 1 2 4
33 2 2 2 4
33 3 5 3 93
33 26 6 5 1556
33 31 6 7 34474
33 276 9 5 1257
33 277 1 8 183504
33 785 2 3 12
33 898 1 4 28
33 945 7 1 4
34 144 3 2 10
34 292 6 1 7
34 324 7 4 352
34 561 4 1 4
34 663 4 6 13015
34 720 8 2 18
34 800 1 5 423
35 65 2 3 22
35 266 4 7 94112
35 551 9 1 4
35 689 10 2 26
36 12 2 5 403
36 34 1 2 4
36 257 10 7 116062
36 266 7 1 4
36 288 7 2 17
36 320 9 1 11
36 448 10 6 8719
36 555 9 2 27
36 705 9 1 4
36 858 1 3 7
37 2 10 1 6
37 13 2 6 7013
37 364 1 2 4
37 520 9 2 47
37 594 2 5 266
37 673 9 2 22
38 1 1 4 35
38 180 4 2 10
38 204 1 2 4
39 3 9 1 7
39 520 8 3 162
39 982 7 3 63
40 20 9 4 296
40 39 5 1 7
40 65 5 3 102
40 512 8 1 4
40 528 10 2 23
40 605 3 8 129602
40 645 1 4 51
40 672 2 4 114
40 756 10 5 1569
40 761 2 3 34
40 980 10 1 10
41 96 10 3 164
41 263 4 2 8
41 276 9 3 82
41 321 10 8 850601
41 513 5 2 10
41 987 7 1 4
42 140 5 4 468
42 329 2 3 31
42 411 4 3 35
42 839 7 5 1831
43 1 4 1 4
43 546 4 3 48
44 10 1 3 21
44 12 6 1 4
44 47 8 1 12
44 430 2 3 29
44 524 9 1 9
44 794 8 4 900
45 23 6 9 4081550
45 50 3 3 24
45 74 3 4 95
45 266 8 4 906
45 615 10 1 5
45 808 5 6 7006
45 844 9 3 88
46 57 7 4 215
47 80 5 2 22
47 1022 5 1 4
48 67 4 6 3870
48 176 9 1 5
48 193 1 4 53
48 198 7 2 13
48 646 4 2 21
48 789 3 3 18
48 843 9 4 211
48 932 3 1 5
49 4 6 2 15
49 17 5 2 13
49 310 9 1 4
49 516 2 2 9
50 113 10 3 212
50 528 1 9 403825
51 70 9 1 7
51 377 1 4 31
51 516 4 4 157
52 46 10 3 113
52 188 4 1 7
52 256 2 2 4
52 285 3 1 4
52 390 9 2 35
53 146 4 1 4
53 245 1 2 4
54 112 1 4 24
54 718 6 2 18
55 278 9 1 4
56 89 6 4 158
56 267 5 2 26
56 472 9 1 5
56 544 8 6 11102
56 560 2 2 7
57 5 3 6 8401
57 128 5 7 111599
57 448 8 1 4
58 470 10 1 15
59 58 9 3 56
59 292 1 4 24
59 453 2 7 11956
59 583 6 6 4466
60 3 4 1 4
60 5 9 5 1849
60 33 2 2 8
60 112 1 2 4
60 948 7 3 66
61 644 2 2 10
61 648 3 1 4
62 521 3 2 7
64 1 8 1 4
64 192 3 6 9437
64 194 9 1 4
64 197 3 1 4
64 203 5 3 86
64 370 5 7 27912
64 465 9 1 13
64 481 5 5 2120
64 514 7 5 1279
64 686 2 3 15
64 756 1 2 5
64 771 2 2 4
64 780 3 1 4
64 790 4 5 709
65 25 9 3 55
65 96 2 3 42
65 218 3 2 10
65 241 3 1 4
65 265 2 3 21
65 274 3 4 200
65 421 4 2 21
65 515 1 3 7
65 614 9 1 4
66 140 8 8 917046
66 545 4 2 18
67 2 3 2 13
67 16 5 2 9
67 20 6 3 36
67 37 9 1 4
67 453 4 2 21
67 482 9 1 4
67 840 9 5 4945
68 153 7 1 7
68 192 10 1 7
68 226 2 3 13
68 322 5 2 15
68 576 6 1 4
69 138 9 1 4
69 466 3 2 10
69 529 10 5 1387
70 109 4 1 7
70 212 3 1 4
70 608 3 3 17
70 642 6 7 108614
70 646 4 6 18750
70 672 8 7 245857
71 1 6 1 7
71 264 9 6 11046
71 409 9 2 21
71 700 6 2 26
72 8 3 2 7
72 37 2 4 131
72 65 9 4 262
72 280 5 5 1060
72 437 6 5 3251
72 961 7 2 33
73 39 5 5 2369
73 640 1 2 5
73 999 1 2 4
74 512 4 2 20
74 548 7 1 4
74 600 6 1 5
74 768 10 7 66254
74 1012 8 4 533
75 259 9 3 162
75 576 1 3 15
76 76 6 4 257
76 84 2 2 4
76 133 2 8 386417
76 262 2 2 4
76 855 2 4 61
77 256 9 1 4
77 267 8 2 15
77 450 2 2 4
77 456 9 8 1968463
78 288 10 8 696693
78 517 2 3 15
78 784 3 1 4
78 919 3 5 416
79 165 1 2 4
79 386 3 4 91
80 0 1 5 217
80 82 6 2 12
80 132 5 8 214424
80 211 4 1 4
80 528 9 1 8
80 677 1 4 69
82 280 6 1 4
82 283 5 9 8957139
83 124 8 2 21
83 617 8 1 7
83 784 10 1 4
84 64 7 2 16
84 74 9 4 636
84 216 1 2 4
84 490 9 2 40
85 31 10 2 19
86 234 9 1 7
86 524 2 3 13
87 353 6 3 80
87 512 2 4 48
87 515 2 6 2447
88 330 2 3 15
88 782 10 6 36066
89 4 4 5 1990
89 76 2 7 11479
90 274 8 2 23
90 843 10 1 7
90 977 4 3 45
90 988 2 5 582
91 154 6 4 200
91 652 10 1 7
91 951 2 3 15
92 38 7 1 9
93 134 9 1 9
93 669 1 4 35
94 954 6 3 112
95 20 6 5 2384
95 34 8 1 10
96 32 6 3 41
96 80 3 4 191
96 103 8 1 5
96 148 2 5 427
96 208 7 1 4
96 220 5 3 34
96 276 2 2 10
96 321 9 10 94334806
96 547 9 2 32
96 776 8 1 12
97 18 7 1 5
97 130 1 3 12
97 167 4 2 10
97 195 10 1 4
97 286 5 1 4
97 473 10 1 8
97 525 9 2 18
98 14 2 2 4
98 352 1 5 419
98 401 2 5 255
98 671 1 3 19
98 928 5 1 4
99 117 10 4 723
99 134 7 1 4
99 249 10 8 762535
100 294 7 1 8
100 752 9 2 24
100 768 5 1 4
100 901 2 5 974
101 70 9 6 6479
101 124 9 1 10
101 161 9 3 115
101 169 4 4 91
101 392 9 6 17494
101 599 7 3 77
102 6 3 1 4
102 166 5 4 122
102 264 7 1 4
104 26 6 4 262
104 28 4 5 769
104 48 4 2 14
104 64 8 1 4
104 132 2 3 28
104 313 3 1 4
104 512 4 3 66
104 673 8 1 4
105 3 8 1 4
105 296 1 5 289
106 516 6 4 294
107 129 7 2 19
108 514 3 5 522
108 825 10 4 1100
109 707 6 6 5635
112 1 9 5 1616
112 28 5 3 33
112 84 4 2 20
112 107 9 1 7
112 165 9 2 16
114 68 2 6 6818
114 416 6 3 125
114 452 5 1 5
114 872 10 3 191
116 33 6 3 73
117 106 5 1 4
117 803 8 7 138018
118 565 8 5 2183
120 76 8 8 504084
121 536 10 1 7
122 24 1 3 20
122 80 9 3 173
122 294 3 2 12
123 600 6 5 754
124 304 9 1 7
125 268 9 1 4
128 10 3 3 35
128 58 1 3 10
128 134 9 1 4
128 320 10 6 39505
128 362 9 1 4
128 375 8 3 48
128 376 4 2 13
128 433 2 2 4
128 453 4 4 122
128 628 3 8 198839
128 770 1 3 7
128 806 5 1 7
129 0 2 4 80
129 37 6 1 4
129 39 6 3 50
129 88 10 1 7
129 163 7 5 3531
129 584 9 1 7
130 272 3 4 141
130 273 2 6 1466
130 368 4 2 8
130 532 10 1 4
130 540 8 2 15
130 675 6 2 21
130 772 6 1 4
130 980 3 7 63331
131 581 4 2 15
132 17 7 2 17
132 94 1 6 4736
132 372 9 5 2291
132 516 8 4 207
132 713 6 3 125
132 916 9 1 4
132 957 8 2 35
133 23 8 3 110
133 138 1 3 7
133 614 1 5 255
134 67 9 2 24
134 84 3 1 4
134 208 1 9 2329290
134 377 4 2 10
134 516 6 2 21
134 768 9 3 183
135 258 7 2 19
135 544 8 1 4
136 21 8 1 5
136 39 1 2 5
136 81 8 1 4
136 160 7 2 18
136 482 8 1 5
136 610 1 3 7
136 657 9 2 17
136 684 3 2 7
137 148 9 2 36
137 259 5 1 4
137 325 6 1 7
137 778 10 1 8
138 266 4 3 32
138 415 2 2 4
138 590 6 1 4
139 87 1 10 9808832
139 865 10 1 15
140 72 2 8 242888
140 135 6 4 389
140 143 4 1 5
140 464 3 7 23915
140 724 10 1 9
140 776 1 3 10
141 2 8 4 650
141 521 7 3 113
141 954 5 1 7
142 641 5 1 7
143 116 1 4 42
143 144 8 5 1735
143 187 9 1 8
143 286 3 2 11
144 18 1 3 8
144 68 7 3 51
144 248 2 3 14
144 418 2 3 20
144 433 3 6 4752
144 520 7 3 47
145 2 3 2 9
145 67 8 1 4
145 94 3 2 8
145 184 4 6 8552
145 216 1 4 31
145 273 6 1 8
145 392 5 1 4
145 513 10 1 4
145 576 8 7 150415
146 69 5 3 39
146 146 1 3 8
146 396 3 3 36
146 910 6 1 4
147 513 9 1 10
147 522 3 2 7
148 24 1 3 10
148 130 2 3 12
148 139 1 3 7
148 146 9 2 20
148 278 10 3 75
148 464 9 1 7
148 912 5 2 18
149 20 10 1 14
149 633 9 1 4
149 649 3 4 140
150 141 7 5 1766
150 160 4 4 291
150 656 3 1 5
151 102 3 1 4
151 132 5 5 790
151 207 9 1 9
153 26 1 3 7
153 171 5 1 4
153 592 6 1 9
153 833 3 1 4
156 133 8 8 405644
156 521 5 1 4
156 814 5 2 25
157 404 1 2 4
158 104 10 1 4
160 34 2 4 46
160 81 8 2 23
160 144 10 1 15
160 452 8 2 21
160 644 2 6 1590
161 40 9 8 1696427
161 326 1 3 13
161 376 10 4 554
161 524 8 5 1137
161 576 6 4 148
161 717 4 3 59
161 898 6 2 18
162 160 5 2 9
162 290 1 3 18
162 517 3 9 10448122
163 227 1 5 219
163 361 3 1 4
164 34 4 1 4
164 38 8 1 4
164 87 4 1 4
164 217 10 1 7
164 264 7 2 28
164 329 3 1 4
164 481 2 3 12
165 141 7 1 7
165 397 5 4 118
166 686 8 6 27929
167 104 2 2 4
167 289 9 3 57
167 384 9 2 31
167 456 9 3 49
167 712 2 2 4
168 8 7 1 7
168 52 8 1 4
168 67 7 1 4
168 68 8 1 7
168 480 5 3 64
169 25 5 2 15
169 72 7 1 4
169 351 7 4 364
169 514 5 3 31
171 144 6 1 9
172 8 5 3 33
172 32 7 1 8
172 569 10 1 16
172 664 6 3 45
173 261 8 1 4
174 493 1 2 4
174 582 4 1 4
175 863 2 2 4
176 137 5 2 10
176 270 1 4 45
176 273 3 4 68
176 824 3 5 906
176 864 3 4 85
176 916 3 5 1190
176 932 5 2 15
177 128 7 2 25
177 280 9 3 75
177 560 10 2 31
177 611 5 1 5
177 744 2 4 74
178 100 9 2 16
178 144 4 4 166
178 580 10 1 15
179 429 1 4 72
180 19 10 1 5
180 600 7 5 3368
180 973 7 2 18
181 97 2 3 41
181 331 2 3 31
182 300 10 2 26
182 672 10 2 39
182 728 2 7 42360
184 161 5 2 18
184 664 3 4 119
185 5 2 3 43
185 42 2 2 4
185 391 2 2 7
186 582 9 1 7
187 800 1 2 4
188 4 3 1 4
188 199 4 4 109
192 43 7 5 1002
192 52 2 3 38
192 72 3 4 214
192 177 5 1 7
192 388 4 4 143
192 392 1 8 48338
192 524 6 1 7
192 713 3 7 51289
192 898 9 5 5385
192 999 4 3 65
193 8 5 2 10
193 28 5 1 5
193 120 4 1 4
193 131 5 1 7
193 162 1 5 245
193 375 5 1 4
193 422 7 1 10
193 718 6 2 19
193 775 5 1 4
194 321 1 2 5
194 592 4 2 15
196 286 8 1 4
196 377 10 3 132
197 100 3 3 24
197 297 4 1 7
197 611 2 5 1353
197 769 5 1 4
198 3 10 1 4
198 196 5 6 16537
198 812 1 4 31
200 445 10 1 12
200 577 6 1 7
200 924 3 3 37
201 140 4 3 25
202 11 3 1 4
203 654 10 4 301
204 6 9 1 4
204 520 8 2 36
205 457 10 2 53
206 80 9 4 397
206 530 1 2 4
208 12 6 1 4
208 14 5 1 7
208 534 5 3 70
209 55 7 1 10
209 564 7 2 21
210 1 2 2 6
211 4 7 3 49
212 34 4 1 4
212 69 5 6 3572
212 262 2 3 41
212 285 9 1 4
212 673 5 1 4
213 64 2 2 8
214 369 5 1 4
214 585 9 1 5
216 66 1 3 10
216 138 3 2 7
216 792 7 3 67
217 923 5 6 5715
218 86 8 1 4
219 389 2 3 14
220 176 8 3 171
220 658 10 1 4
222 532 5 4 456
222 852 2 8 438933
225 257 6 6 25661
225 316 6 2 24
225 948 10 1 7
226 35 9 3 99
226 157 1 2 4
227 336 5 4 225
227 838 6 3 52
228 32 1 5 275
228 294 4 3 53
230 9 8 2 27
231 261 7 1 8
231 290 3 2 10
232 5 7 4 541
232 80 4 1 5
232 130 1 4 30
232 480 4 8 307702
233 212 2 2 10
233 912 1 4 40
234 848 5 1 4
234 917 9 1 4
235 281 8 1 10
235 645 2 3 25
238 620 3 1 4
238 642 9 1 12
239 560 4 3 74
240 18 10 5 1505
240 66 1 4 58
240 914 4 3 78
241 245 5 8 284714
242 156 2 2 7
244 356 3 3 18
245 705 3 5 904
246 64 7 1 4
247 626 3 4 71
248 0 2 3 14
248 290 7 2 15
248 557 7 2 15
248 902 7 2 16
250 46 5 5 1837
253 636 10 1 10
256 4 9 5 3562
256 5 10 2 31
256 69 9 1 15
256 160 7 5 2970
256 212 4 2 8
256 243 10 3 56
256 262 6 3 33
256 344 9 2 43
256 416 8 4 226
256 512 6 2 20
256 616 4 4 132
256 705 3 2 10
256 764 8 4 330
256 772 8 1 9
256 804 8 1 7
256 904 2 2 4
256 963 5 1 4
257 0 4 6 3255
257 268 2 4 159
257 272 1 4 105
257 544 8 4 233
257 680 10 4 640
257 806 8 1 13
257 912 9 2 39
257 920 7 2 15
257 945 7 1 7
258 24 10 2 40
258 34 1 3 10
258 138 5 2 10
258 265 2 3 15
258 673 10 4 885
258 810 10 5 1877
258 880 7 2 14
259 7 1 3 10
259 100 6 2 13
259 165 1 2 4
259 226 6 2 13
259 268 5 2 13
259 532 3 2 6
260 131 2 2 4
260 256 2 3 41
260 295 5 5 1311
260 978 4 4 227
261 8 5 2 18
261 67 5 2 17
261 72 3 1 4
261 672 10 1 9
261 995 1 5 308
262 32 5 1 4
262 193 6 3 34
262 906 3 4 196
262 1013 10 5 1700
264 1 5 2 26
264 4 10 1 4
264 296 4 2 21
264 320 1 3 7
264 568 9 1 5
265 264 9 5 2831
265 339 9 1 4
265 632 6 2 26
266 11 7 3 124
266 56 10 6 8553
266 242 10 1 7
266 272 7 1 7
266 336 8 7 46196
267 523 8 1 4
267 581 4 3 42
268 12 1 5 170
268 34 7 6 30724
268 177 4 3 54
268 192 1 7 18369
268 512 8 3 54
268 524 6 4 378
268 577 6 4 221
269 444 3 5 398
269 640 9 4 338
270 73 9 1 4
270 532 8 3 101
270 642 6 2 12
272 41 7 4 332
272 162 6 6 6233
272 208 5 6 12446
272 234 4 7 52205
272 259 3 4 277
272 280 5 1 7
272 378 2 2 4
272 520 2 2 4
272 554 9 2 19
272 640 6 4 209
272 684 6 3 91
272 899 7 2 18
273 581 7 1 7
273 809 5 6 7023
273 903 7 5 1832
274 98 2 8 180276
274 334 9 3 88
275 4 1 2 4
275 16 8 1 13
275 133 2 2 4
275 401 5 2 14
275 485 4 1 4
275 512 2 3 12
276 288 9 1 4
276 394 5 1 4
276 538 8 1 5
276 628 7 2 31
276 661 1 3 10
277 8 2 3 33
277 128 8 7 313630
277 385 8 1 4
279 18 8 2 15
280 36 8 3 140
280 82 5 2 13
280 674 9 8 1865657
281 101 9 1 4
282 136 5 4 222
282 576 10 6 8158
282 717 3 2 15
282 787 4 1 4
283 35 3 5 469
285 104 10 6 45521
286 12 3 2 7
286 624 7 1 4
286 832 1 4 39
287 448 10 7 91984
288 47 5 3 88
288 50 3 4 127
288 132 8 1 4
288 224 2 2 7
288 341 5 1 4
288 545 7 8 1604376
288 776 6 1 4
289 36 6 3 125
289 60 10 1 12
289 156 6 2 18
289 345 7 4 532
289 468 2 2 4
289 472 3 4 279
289 648 7 1 4
289 753 8 1 4
289 788 2 2 4
290 0 10 5 5600
290 258 8 1 8
291 32 1 5 150
291 610 1 3 10
291 768 2 2 4
291 967 5 3 27
292 7 8 4 219
292 19 6 1 4
292 134 3 8 251241
292 162 4 1 7
292 524 10 2 21
292 593 5 4 164
293 256 1 4 27
294 27 3 10 13828683
294 742 4 1 4
294 864 9 1 13
296 57 3 3 17
296 84 5 1 4
296 131 9 1 4
296 231 8 7 161498
296 288 2 3 18
296 336 9 2 26
297 167 1 3 10
297 325 2 3 30
297 389 2 5 375
297 544 10 3 125
297 742 7 5 1355
298 75 1 3 12
299 291 5 2 20
300 29 6 1 4
300 140 8 3 120
301 274 2 2 4
303 292 3 5 932
304 63 9 1 8
304 106 9 6 43449
304 212 1 3 8
304 258 10 9 29387653
304 292 2 2 4
305 11 5 2 13
305 34 4 2 16
305 163 7 1 4
305 576 7 3 104
306 36 1 5 236
306 550 7 2 14
306 918 1 4 44
307 514 2 3 32
308 21 2 2 8
308 583 1 5 142
308 640 7 4 512
309 77 4 1 4
309 774 6 2 12
310 44 3 3 22
314 109 2 4 182
314 376 4 5 1807
314 518 3 4 337
315 739 7 4 274
318 914 1 6 1204
320 29 1 6 1088
320 407 2 3 13
320 468 8 5 2853
320 641 4 2 11
320 720 7 1 4
321 4 3 7 87274
321 337 1 5 186
321 768 1 4 38
321 834 2 9 1065190
321 1008 2 4 137
322 0 6 1 10
322 80 7 2 23
322 272 10 2 28
322 899 10 2 50
322 902 8 1 4
323 360 9 1 4
323 515 7 3 53
324 16 6 7 38714
324 106 3 4 80
324 167 3 2 10
324 179 3 5 572
324 200 1 7 25528
324 513 4 8 1348306
324 530 6 2 28
325 6 6 3 100
325 145 1 3 7
325 192 9 1 4
325 614 10 1 7
326 11 4 2 13
326 32 1 3 17
326 116 5 1 8
326 280 7 3 38
327 675 7 1 10
328 45 2 2 7
328 853 3 1 4
329 258 2 4 75
330 8 3 2 10
331 512 4 3 34
332 456 4 3 28
332 643 10 1 12
334 265 2 2 4
335 83 10 2 28
335 391 10 1 7
336 18 2 6 7256
336 100 4 4 153
336 576 10 1 15
336 632 1 3 12
337 352 7 1 7
337 768 8 6 8486
337 833 3 1 4
338 33 1 4 67
338 160 2 7 12184
338 169 8 5 1178
339 42 7 2 22
340 106 5 1 4
340 704 7 3 104
340 763 6 4 605
341 576 9 5 1355
342 15 8 2 18
342 168 4 4 129
342 536 2 8 102215
343 475 10 1 4
344 676 1 3 21
345 32 8 2 17
345 728 1 3 8
345 992 2 2 8
346 11 10 8 2219827
346 89 1 3 12
347 11 6 4 394
347 149 4 1 5
347 296 3 2 7
347 313 8 4 480
348 128 5 2 18
348 395 3 5 1212
349 12 5 2 10
352 419 1 4 87
352 514 2 3 15
352 680 6 3 46
352 794 6 2 19
353 389 3 7 20778
354 30 10 3 61
354 288 1 4 73
354 836 10 9 4245381
354 969 1 2 4
355 134 2 4 58
355 634 8 7 205419
356 800 8 2 23
357 641 5 1 7
357 690 10 1 4
358 3 4 6 3445
358 168 5 1 3
358 197 4 4 186
360 514 2 2 4
360 555 8 3 65
360 784 1 3 8
361 266 5 5 570
361 316 6 1 5
362 34 4 1 4
363 424 2 2 7
364 740 7 1 4
366 657 9 1 4
368 49 2 2 5
368 738 2 3 25
368 925 6 5 1706
371 112 6 1 10
371 705 3 2 7
375 77 5 4 115
380 339 4 1 7
384 5 5 1 7
384 156 3 3 20
384 168 9 1 4
384 312 2 3 20
384 332 3 5 1751
384 423 7 4 217
384 457 2 3 30
384 481 7 1 5
384 531 4 4 358
384 597 9 1 4
384 692 4 3 26
384 841 10 7 240318
384 962 2 2 4
385 2 1 2 4
385 75 10 1 4
385 213 7 4 387
385 214 3 7 45378
385 513 10 2 18
385 563 7 1 4
386 64 2 2 4
386 158 6 1 7
386 160 6 1 9
386 206 7 1 4
386 275 4 1 4
386 681 5 1 7
386 846 4 1 7
386 849 10 1 10
386 912 1 3 13
387 297 10 3 148
387 1016 1 5 569
388 332 7 2 26
389 596 4 1 7
390 566 2 3 31
391 8 2 2 7
391 800 8 1 4
392 38 10 1 4
392 336 2 4 63
392 553 5 2 24
392 674 10 1 4
393 461 6 10 177936060
393 577 7 3 39
394 80 1 5 190
394 590 5 1 4
395 4 4 8 763836
395 647 4 6 4665
396 6 8 1 7
396 454 4 3 56
396 536 4 2 21
396 777 7 8 311310
396 915 9 5 1118
396 960 2 2 4
397 132 6 1 10
397 305 7 1 4
397 518 6 8 435401
399 9 3 2 12
400 10 7 2 28
400 144 8 3 118
400 712 1 6 3388
401 58 9 1 9
401 277 8 2 25
401 673 9 1 7
401 932 1 6 1849
402 68 5 1 4
402 769 4 1 4
403 20 4 1 7
403 98 10 9 3787365
404 209 7 8 762372
404 298 10 3 101
405 160 5 2 21
406 677 4 7 101624
406 928 9 4 435
408 66 8 1 4
408 405 8 1 4
408 576 7 1 7
409 66 7 6 20878
409 417 8 6 22830
409 888 5 2 10
410 520 10 2 46
411 20 6 4 186
412 6 3 4 85
413 640 8 2 19
414 932 4 2 15
416 52 3 1 4
416 279 1 4 91
416 832 5 1 4
417 577 7 1 5
418 16 2 3 21
419 7 4 2 14
419 62 1 3 9
419 844 1 2 4
420 32 9 3 110
420 114 1 6 3451
420 288 1 2 4
420 424 4 1 7
420 545 9 1 7
422 736 10 1 9
423 384 4 1 4
423 651 7 1 4
424 481 2 2 7
425 161 5 8 1222842
425 261 4 3 73
425 746 10 8 680056
425 776 5 3 40
426 644 3 5 365
427 580 9 3 88
428 32 8 3 59
428 194 10 1 15
428 620 8 10 82754045
430 8 10 2 33
430 68 2 2 7
433 24 7 2 34
433 197 8 5 2131
434 734 9 2 40
436 597 3 2 10
436 641 8 1 14
437 2 1 8 80524
441 21 9 1 4
442 146 6 2 26
442 691 5 2 24
444 769 10 2 42
444 801 4 3 42
448 92 2 2 7
448 513 7 2 18
449 321 7 1 4
450 450 6 2 15
452 136 7 1 4
452 205 5 1 7
452 488 9 1 10
452 512 2 9 896129
452 513 10 7 55285
453 368 7 4 673
453 661 10 2 24
454 9 10 2 34
454 437 4 3 29
454 634 5 3 29
454 782 8 4 200
455 640 9 1 4
456 105 4 4 148
456 376 5 3 33
456 774 6 1 7
457 906 4 6 18704
458 101 1 2 4
458 743 5 4 111
460 197 5 1 4
460 462 1 4 37
460 566 3 1 4
461 625 7 1 4
461 901 2 5 383
462 516 10 1 4
462 641 10 6 31386
463 916 8 5 4473
464 265 3 4 90
464 928 7 1 7
465 531 5 6 15662
465 761 7 3 44
465 902 9 1 4
466 58 3 1 4
467 211 10 1 4
467 300 10 2 42
469 425 10 2 41
470 713 8 1 4
472 226 9 1 4
472 256 3 3 20
472 801 9 1 7
473 600 1 3 12
473 800 5 2 13
476 775 7 1 4
480 0 5 2 26
480 731 2 3 15
480 928 6 1 9
481 288 4 1 5
481 416 5 5 667
482 64 4 3 44
482 208 4 1 7
482 285 7 1 4
488 3 10 2 21
488 269 8 2 36
488 334 4 3 40
488 565 4 3 57
489 64 1 6 1595
496 433 6 3 50
496 978 9 1 15
501 519 9 1 4
504 267 4 1 5
505 332 6 5 1934
512 1 10 1 5
512 5 10 1 4
512 52 1 4 92
512 65 2 3 38
512 96 9 2 30
512 153 2 2 4
512 173 5 6 8590
512 420 4 6 9593
512 438 9 1 4
512 453 2 2 4
512 482 5 3 66
512 685 10 1 4
512 936 8 6 14379
513 5 1 2 4
513 47 5 1 4
513 65 2 3 20
513 100 6 2 18
513 112 2 3 39
513 304 1 5 152
513 315 3 5 849
513 340 3 2 15
513 640 2 2 4
513 644 2 2 4
514 4 4 1 7
514 11 8 8 781512
514 36 6 2 16
514 160 3 5 422
514 401 4 1 7
514 452 10 1 12
514 522 3 3 41
514 572 5 2 10
514 780 5 2 15
515 93 7 2 31
515 157 5 2 10
515 273 4 2 18
515 598 8 4 205
516 33 4 5 513
516 69 7 1 4
516 72 2 5 468
516 357 9 2 28
516 442 1 2 5
516 555 6 2 12
516 582 6 4 395
516 605 4 9 1524131
516 779 7 4 350
516 785 4 1 4
517 0 5 5 1319
517 3 9 3 171
517 8 1 5 210
517 34 10 5 4657
517 177 4 8 558457
517 233 3 1 4
517 281 4 5 666
517 525 8 1 7
517 676 2 2 4
517 768 2 3 18
518 0 8 2 19
518 66 8 1 11
518 517 2 2 4
519 517 7 1 3
519 944 4 3 73
519 967 7 5 1054
520 94 8 2 21
520 164 2 4 114
520 328 4 3 67
520 785 10 4 813
520 812 5 3 53
520 896 8 1 7
521 81 7 1 4
521 131 10 1 7
521 229 2 7 13216
521 450 9 4 372
521 546 9 1 4
521 554 8 1 4
521 609 1 5 229
522 1 6 7 55426
522 121 4 1 4
522 234 4 4 283
522 549 6 6 23717
523 650 5 3 60
524 159 3 3 20
524 173 7 1 12
524 520 3 6 3877
525 134 10 1 4
525 820 7 5 3489
526 548 5 1 5
526 776 4 3 57
527 713 7 6 19628
528 10 2 2 4
528 33 8 7 156717
528 97 10 1 4
528 144 6 3 67
528 156 2 2 4
528 171 4 4 136
528 344 8 6 37479
528 406 8 3 171
528 512 6 2 13
528 580 5 9 10468311
528 801 4 1 7
529 16 9 1 15
529 148 9 9 3274816
529 260 6 2 29
529 737 9 1 8
530 20 7 1 7
530 86 1 2 4
530 132 7 2 22
530 278 1 2 4
530 325 2 5 378
530 522 2 4 60
530 696 5 1 4
532 11 5 3 48
532 134 3 3 38
532 292 5 1 7
532 550 10 2 51
532 853 7 1 7
533 5 9 1 4
533 37 3 2 7
533 787 6 1 4
534 6 2 2 4
534 425 9 1 10
534 932 10 1 5
535 10 10 4 592
536 10 2 3 31
536 412 1 4 40
536 902 8 2 17
537 99 9 2 23
537 138 1 3 7
537 257 10 1 12
538 74 6 1 5
538 84 3 3 33
538 820 6 1 7
540 256 6 6 27986
540 481 2 2 10
541 344 6 6 11649
541 793 4 1 4
544 6 6 2 28
544 21 7 1 5
544 24 3 4 216
544 160 5 1 4
544 416 8 1 10
544 429 6 7 146657
544 536 3 3 48
544 551 8 1 13
544 597 6 1 10
544 718 1 4 69
545 209 7 1 4
545 520 7 1 5
545 743 9 1 12
545 914 10 4 1063
546 2 1 9 1000963
546 4 1 4 42
546 263 10 1 10
546 612 9 7 59877
546 758 4 2 10
546 900 6 1 4
547 265 2 5 532
547 427 8 2 31
547 577 1 5 144
548 141 4 1 4
548 577 1 2 4
549 68 10 2 45
549 146 6 9 13726186
549 647 7 1 10
550 36 7 6 9893
550 800 1 6 1020
551 40 8 1 4
551 89 4 1 4
552 136 3 6 2717
552 640 5 4 189
553 36 10 1 7
553 102 6 1 7
553 933 8 1 7
554 4 2 2 8
554 137 7 1 5
554 296 1 5 167
555 52 6 7 64485
555 418 4 1 4
556 409 6 4 652
557 6 4 1 4
557 15 5 3 47
557 770 7 1 4
557 938 9 8 717899
559 557 9 2 32
560 18 1 3 7
560 96 9 2 19
560 104 10 8 676699
560 168 10 1 4
560 354 6 1 4
561 10 7 6 16318
561 444 10 1 15
561 993 5 3 34
562 162 4 5 897
562 977 10 1 4
562 992 9 3 85
563 20 4 2 12
563 410 5 1 4
564 28 5 4 171
564 656 10 1 4
564 659 1 5 645
565 105 1 3 13
566 4 1 4 75
566 44 5 1 4
566 132 5 6 10554
567 793 2 3 23
571 457 2 2 8
572 36 9 4 384
572 64 5 3 53
572 257 2 3 23
572 370 10 3 85
572 777 4 4 218
573 797 2 2 7
573 886 6 3 52
574 533 1 4 94
574 696 4 5 944
576 4 7 4 536
576 5 7 1 7
576 19 8 1 4
576 76 4 1 4
576 133 6 4 212
576 172 5 4 144
576 193 9 3 108
576 325 6 6 26008
576 371 7 3 95
576 525 10 1 10
576 547 5 1 8
576 607 5 5 1874
577 72 3 5 390
577 222 6 1 4
577 236 5 1 4
577 292 3 4 150
577 401 9 1 7
577 661 8 1 5
577 997 9 2 34
578 26 8 4 606
578 96 6 5 2358
578 120 7 7 85456
578 136 10 5 5282
578 575 3 4 85
579 136 8 9 12884359
579 621 5 1 8
580 507 2 10 31346857
580 528 2 3 21
580 598 10 9 13560761
581 645 2 6 2237
582 633 3 6 5053
583 129 4 3 29
584 432 1 2 4
585 64 7 2 13
585 208 4 2 8
585 217 9 1 4
585 354 5 5 867
586 64 1 2 4
586 658 7 3 52
588 784 2 6 5483
590 276 7 4 639
590 300 7 10 712320120
590 520 9 3 72
590 788 3 2 15
591 147 7 7 121272
592 148 3 3 57
592 528 4 5 954
592 566 4 4 205
592 585 6 3 130
592 856 6 1 7
593 429 8 9 10668225
595 557 6 1 10
596 33 9 4 783
596 91 10 1 10
596 385 1 6 1594
597 387 2 6 5062
599 92 6 3 48
599 569 6 1 3
600 115 7 3 68
600 562 9 1 7
600 573 5 1 4
600 575 6 2 24
601 335 4 1 4
601 431 7 1 7
602 480 1 6 1242
604 913 8 2 40
605 80 2 7 29167
606 281 1 6 927
606 807 8 1 5
607 393 9 3 87
608 176 8 6 9854
608 185 1 5 488
608 522 7 2 16
609 28 4 2 15
609 210 10 1 4
609 225 5 2 10
609 768 5 1 4
610 24 2 3 39
611 125 9 2 21
612 534 8 1 13
613 840 6 1 4
614 265 9 2 17
614 936 9 1 4
616 81 10 1 5
616 450 2 3 22
616 806 4 4 94
617 374 10 4 752
617 908 1 2 4
618 70 3 4 142
619 76 10 1 12
619 140 1 6 731
619 231 5 1 7
621 293 1 2 4
623 1000 5 2 12
624 579 6 5 915
625 5 5 5 2662
625 530 1 4 98
626 8 2 3 44
626 104 4 2 18
626 114 2 5 240
626 528 9 7 254673
626 608 3 2 7
627 3 3 3 53
627 418 5 1 7
627 769 8 1 4
628 76 4 1 7
629 446 6 4 178
629 528 7 1 4
631 24 10 1 4
632 18 3 1 4
633 812 5 1 4
635 546 5 6 24660
637 73 5 2 10
640 4 5 2 13
640 6 8 5 1735
640 160 1 3 13
640 246 1 5 543
640 258 7 3 140
640 369 8 2 18
640 467 9 2 42
640 659 6 1 4
640 732 3 2 7
640 938 2 3 20
640 952 2 4 150
641 192 7 6 22452
642 562 8 1 4
642 724 5 1 7
643 73 7 5 1234
643 775 8 1 7
644 48 1 3 10
644 387 5 3 55
644 660 5 1 4
644 756 7 3 149
644 769 6 1 7
645 4 3 3 56
645 25 1 2 4
645 548 1 7 15923
645 963 10 5 2786
646 289 6 1 10
646 388 9 7 84522
648 76 8 1 10
648 98 4 1 4
648 210 9 2 36
648 301 5 5 964
648 369 10 6 20106
648 512 1 2 4
648 694 7 1 4
648 769 9 1 7
649 48 7 5 3209
650 108 3 6 3599
650 216 3 1 4
650 953 3 4 98
651 290 2 2 4
652 257 4 4 194
652 594 2 3 12
654 129 9 2 35
654 565 6 3 33
655 384 3 3 35
655 761 7 2 28
656 3 9 4 380
656 370 6 7 41291
657 79 4 3 75
657 201 3 2 8
658 10 7 1 7
658 26 3 4 129
658 226 1 5 191
660 36 6 1 7
660 52 8 5 1272
660 69 8 2 22
660 85 5 2 9
660 648 8 2 18
661 244 9 1 8
661 608 8 3 55
662 374 7 4 200
664 205 6 1 4
664 781 8 1 4
665 260 1 2 4
666 66 5 2 9
667 587 1 2 5
668 163 7 1 4
668 749 7 6 8342
670 515 6 3 73
672 1 1 7 16297
672 64 10 1 9
672 129 5 1 4
672 514 9 1 10
672 608 2 3 26
672 717 4 3 22
673 104 9 2 25
674 259 3 1 4
674 288 2 2 4
674 401 4 1 7
674 672 4 4 248
675 257 5 1 4
675 470 4 7 85772
676 52 10 1 7
677 121 9 3 96
677 641 6 3 38
678 237 3 3 47
679 556 9 2 23
680 20 6 2 16
680 39 4 1 4
680 105 10 8 866268
680 450 6 1 4
681 6 9 3 96
681 33 6 3 92
682 14 5 3 31
682 156 6 1 4
683 278 6 3 86
684 1008 8 1 4
686 426 9 1 10
686 593 9 2 18
689 80 6 4 459
690 110 5 3 62
691 12 3 3 27
692 260 8 2 20
693 397 6 1 4
693 522 6 1 9
694 6 9 3 163
694 768 3 5 742
694 931 4 3 40
695 517 7 2 18
695 585 3 2 7
697 710 2 3 22
700 18 1 6 1087
700 229 9 1 5
700 864 5 1 5
701 34 3 2 11
701 941 2 8 157444
704 34 5 2 20
704 135 2 5 1025
704 370 10 4 256
704 514 8 3 43
704 673 8 3 130
705 596 2 5 479
706 161 7 1 4
706 460 8 3 95
706 732 9 2 21
709 325 4 1 4
709 354 8 3 80
709 644 7 3 144
709 843 2 3 12
710 2 9 6 19975
711 19 4 3 79
712 35 10 2 38
712 141 10 5 5450
712 283 4 1 4
712 294 6 1 9
712 862 1 4 61
713 593 5 2 19
716 98 5 4 324
716 339 5 1 7
716 649 4 2 10
716 842 10 5 1486
719 512 3 3 35
720 7 7 3 53
720 144 1 3 10
720 803 2 3 13
721 0 1 2 4
721 104 9 4 578
721 170 6 2 26
721 323 3 7 52966
721 584 7 2 18
722 82 4 1 4
722 100 4 3 24
722 146 6 1 10
722 258 2 6 7155
722 393 5 1 4
722 398 6 2 31
722 464 3 2 7
723 142 10 1 4
724 20 4 4 130
724 596 4 4 216
725 44 2 2 7
725 65 8 4 822
726 322 7 3 87
727 200 4 2 15
728 350 9 1 7
728 712 2 8 199912
729 578 7 1 4
730 332 7 6 22887
732 834 7 1 4
736 24 8 1 13
737 64 9 6 42262
737 288 6 4 298
738 970 10 1 10
740 235 2 4 158
740 778 3 3 31
740 801 5 2 18
741 45 2 3 13
743 787 9 5 1691
744 124 10 5 2683
744 280 9 1 10
744 762 8 1 10
746 386 3 1 4
751 506 4 5 1400
752 261 5 2 12
752 786 6 1 7
754 32 8 1 14
760 40 5 1 8
760 220 1 4 78
760 257 10 6 43967
760 300 5 1 4
761 435 4 6 10808
765 513 10 1 4
768 68 4 1 4
768 326 9 5 1198
768 608 9 2 18
768 666 7 4 173
768 736 9 6 21031
768 738 4 3 78
768 926 10 1 15
769 34 3 5 1916
769 277 7 1 7
769 350 9 5 1254
769 640 4 4 106
769 773 5 1 7
770 67 3 1 5
770 211 1 2 4
770 256 10 1 4
770 515 8 1 4
770 663 6 4 280
771 128 3 1 4
771 793 3 3 21
771 800 9 3 188
772 0 4 2 15
772 32 7 2 25
772 130 4 1 4
773 1 1 2 4
774 8 4 1 4
775 48 1 3 12
775 921 4 4 390
776 101 3 3 25
776 586 5 1 7
776 697 7 2 14
777 6 2 4 123
777 200 5 4 331
777 318 6 1 7
777 554 2 3 15
777 608 10 1 10
777 641 6 2 18
778 330 9 1 7
778 707 9 3 121
780 14 2 2 7
780 16 7 1 7
780 193 2 6 5143
780 552 4 4 153
780 707 9 3 48
780 901 6 1 10
781 222 7 1 4
781 496 7 4 422
782 226 5 1 7
782 405 5 7 30056
784 514 7 2 29
784 604 6 4 320
784 634 4 1 4
784 841 10 1 12
785 45 5 2 11
786 142 8 2 20
786 521 4 1 4
786 576 5 1 4
786 914 8 1 4
787 199 8 1 4
788 324 8 1 4
792 16 4 1 4
792 274 3 5 819
792 540 6 1 4
792 594 9 1 4
793 52 9 4 234
793 498 9 4 284
793 628 3 1 4
795 422 3 3 42
795 661 5 3 33
798 776 2 3 13
800 9 2 7 32818
800 45 6 1 4
800 73 2 2 4
800 97 3 1 4
800 133 2 7 14492
800 824 6 3 81
801 312 10 1 4
801 592 4 1 4
801 642 7 3 60
802 660 5 2 15
803 512 6 3 57
804 0 10 1 4
804 337 4 3 37
804 433 4 4 147
804 779 1 2 4
805 781 7 3 146
806 43 6 5 2109
806 134 4 1 4
806 232 8 7 83993
808 302 6 7 72494
808 526 2 4 86
808 777 1 3 22
808 937 8 2 42
808 945 3 4 109
810 17 5 4 130
810 416 4 1 4
812 778 4 1 4
814 161 3 2 7
814 264 6 4 514
814 523 6 1 4
814 905 4 5 867
816 18 9 1 4
816 24 8 2 20
817 784 3 2 13
818 253 1 3 16
819 69 5 3 37
819 538 4 1 7
821 236 9 3 86
822 211 2 3 25
824 392 2 2 4
824 978 2 2 4
828 592 1 7 8905
830 356 8 1 11
832 16 3 2 10
832 21 7 1 4
832 30 3 2 7
832 43 4 1 7
832 281 2 2 7
832 304 6 3 72
832 328 6 1 8
832 427 8 5 2800
832 548 10 1 4
833 999 8 2 39
834 0 6 4 678
834 32 8 3 43
834 104 8 2 28
834 912 8 3 81
835 264 8 2 20
835 392 2 2 8
835 583 7 2 13
836 86 3 2 7
836 388 6 1 4
836 485 4 4 294
838 785 5 1 7
840 96 9 2 16
840 545 10 1 7
841 32 7 4 289
841 370 1 8 45341
842 200 6 4 412
843 939 7 1 4
844 584 3 2 7
845 561 1 2 4
845 624 8 1 4
848 188 7 5 2120
848 313 10 2 29
848 899 10 3 133
849 792 8 1 9
849 1018 4 5 1355
850 776 4 1 4
851 195 7 3 147
852 2 3 5 1542
852 64 2 3 28
852 72 10 1 4
854 681 5 2 13
856 866 9 2 46
857 42 9 1 13
863 516 4 6 8591
864 786 5 4 141
866 260 3 1 4
868 332 1 5 155
870 6 9 2 18
870 68 4 1 4
872 32 2 2 4
872 50 6 1 7
872 165 6 6 4386
874 360 7 4 580
878 258 6 1 10
882 42 9 1 7
882 778 10 1 4
885 601 8 1 7
894 392 2 2 8
895 603 2 10 15800131
896 868 1 2 5
897 115 10 1 4
897 523 6 1 9
897 1002 9 1 15
898 336 1 2 4
898 699 6 1 4
899 537 5 1 7
899 736 4 2 10
900 4 9 5 3293
900 313 5 3 45
902 131 7 1 5
902 420 7 1 9
904 112 6 2 23
904 888 8 4 573
904 929 1 2 4
905 12 3 2 7
905 248 4 1 7
905 540 3 2 8
905 572 10 1 4
906 137 4 2 15
906 194 8 1 4
906 210 3 2 7
907 276 9 1 4
908 456 9 1 4
910 614 5 1 4
911 5 4 2 18
911 10 3 1 4
911 896 6 2 24
912 2 5 2 21
912 129 8 1 4
914 216 9 1 8
914 776 3 7 43394
914 968 8 3 43
915 431 10 1 10
916 777 2 7 52071
917 912 2 5 1143
918 0 1 5 489
920 200 10 4 239
921 320 5 2 12
922 8 2 3 37
922 784 2 8 431448
924 33 2 4 154
924 196 10 2 18
927 190 10 3 110
928 64 3 3 21
928 384 9 1 7
928 516 3 6 3848
928 518 9 4 639
929 10 1 5 474
929 257 7 7 89817
929 316 4 4 286
930 720 3 5 671
931 230 7 3 85
931 657 3 2 7
932 783 1 4 41
933 657 6 2 20
934 94 9 1 4
938 261 5 6 4327
938 316 5 1 5
938 552 9 1 7
941 771 10 1 10
944 165 8 5 2469
944 756 10 7 86892
945 456 6 2 23
946 205 3 6 2690
947 568 6 1 4
948 9 7 2 18
951 818 8 3 50
952 37 8 1 4
953 905 1 4 29
954 22 7 5 4769
956 846 10 2 29
958 844 3 4 130
960 358 1 6 1577
961 131 10 2 20
961 291 1 6 1400
961 472 4 1 4
961 481 2 5 1388
963 130 7 1 8
965 937 1 2 4
966 29 10 5 2946
966 192 9 2 29
966 197 9 3 71
966 555 9 2 25
968 51 3 1 4
968 352 4 2 12
968 360 9 1 7
969 313 3 3 27
969 769 9 7 170018
970 180 4 1 7
971 566 10 4 507
976 321 4 2 8
976 779 10 1 10
977 34 4 3 29
977 549 2 2 4
984 324 1 2 4
985 268 4 3 57
986 772 2 2 9
987 962 6 3 91
988 366 8 3 56
990 35 1 4 87
998 127 10 1 4
998 179 8 1 5
1000 260 5 1 7
1001 286 7 3 70
1002 652 1 4 38
1002 912 7 5 2342
1004 129 5 1 3
1011 36 3 1 4
1013 316 10 2 20
1018 358 7 3 125
1020 371 10 2 29
1020 385 8 4 259
