0 274 4 1 4
0 704 9 5 3775
1 135 5 3 107
3 277 6 8 1642400
4 248 1 4 102
6 267 4 1 7
7 715 2 2 4
8 32 7 1 3
9 43 10 1 4
11 752 5 1 5
12 634 4 1 4
16 96 9 2 22
19 657 6 2 20
22 24 5 2 19
24 781 2 10 54804521
28 192 2 5 266
32 721 9 1 4
33 277 10 1 7
33 320 9 1 8
36 705 6 4 333
37 13 9 1 11
37 673 9 1 4
39 3 8 4 598
40 39 4 8 1050216
40 512 9 1 11
40 645 6 1 4
44 524 1 2 4
45 23 4 1 4
45 50 3 1 4
45 266 6 1 4
46 57 10 3 143
48 176 6 1 4
48 198 8 1 7
48 646 9 5 3170
49 310 2 3 25
51 516 5 1 4
56 89 6 1 9
59 453 10 1 4
62 521 2 3 13
64 1 10 3 54
64 272 10 1 4
64 481 2 2 4
65 241 8 2 17
65 515 2 2 4
70 646 6 1 4
70 648 6 1 4
70 672 7 1 4
74 768 2 2 4
76 586 6 2 13
80 920 7 1 4
84 74 8 1 4
90 988 9 1 4
96 80 6 1 4
96 148 8 4 540
96 208 8 1 10
96 356 7 1 4
96 820 7 1 4
97 18 5 1 4
99 134 7 1 4
100 294 3 1 5
101 70 6 2 22
102 6 8 3 75
103 704 8 1 10
108 133 1 2 4
112 1 9 7 63644
112 165 9 1 3
128 362 4 1 4
129 584 10 1 4
132 372 4 6 4673
132 713 8 1 4
134 67 4 4 374
136 160 8 1 4
140 72 3 1 4
143 144 10 1 4
146 396 7 3 70
149 20 8 1 4
156 133 3 4 75
156 521 7 5 2853
163 361 8 5 3216
164 280 4 2 8
171 810 10 1 4
172 8 7 1 7
172 32 6 1 4
176 270 9 1 4
178 100 2 5 245
181 97 9 1 4
192 43 4 1 4
192 898 9 8 367900
193 375 4 1 5
196 81 9 1 4
196 286 5 1 4
200 146 2 2 4
206 530 10 1 4
244 932 7 1 4
253 636 7 4 192
256 344 5 4 316
256 416 10 2 18
258 810 4 3 30
259 7 10 1 4
260 545 2 2 4
262 193 10 1 4
264 568 1 9 535830
268 192 9 5 1267
268 577 2 2 5
275 485 8 2 16
276 538 5 1 4
276 628 8 1 4
280 82 9 4 505
282 717 4 1 3
282 787 3 4 165
288 132 8 1 7
289 60 6 1 4
291 967 9 1 11
296 288 4 1 4
304 292 8 1 4
306 36 4 1 5
309 774 1 4 38
314 518 4 1 4
322 0 9 2 22
322 416 2 5 377
325 614 4 2 13
326 280 2 2 4
329 258 4 1 4
332 643 3 3 19
340 763 3 1 4
344 188 10 4 284
349 12 10 1 10
353 389 8 1 13
354 25 10 1 4
354 969 3 1 4
358 168 8 2 16
360 732 8 1 4
366 657 2 3 28
371 112 3 1 4
371 705 5 1 5
386 912 7 5 1348
396 536 3 3 20
404 209 7 4 182
416 292 3 1 4
456 774 3 1 4
460 566 8 2 22
461 901 9 1 4
462 516 1 2 4
464 265 4 1 4
465 531 7 1 4
472 256 4 1 4
473 6 1 3 10
480 0 8 3 145
483 555 8 1 4
484 841 4 6 3171
496 978 2 4 84
513 548 6 3 37
515 273 3 4 220
515 598 4 1 4
517 8 10 1 13
521 450 6 1 4
521 554 4 1 4
522 121 3 1 4
527 713 9 3 70
528 171 8 1 4
530 325 10 1 3
534 425 7 1 4
536 687 8 1 4
538 84 6 4 169
544 24 2 2 4
544 429 10 1 7
547 427 2 2 4
548 512 6 1 4
549 97 5 1 4
551 40 6 1 4
552 136 3 1 4
553 36 6 4 459
555 418 4 1 4
557 370 4 1 4
557 938 2 3 41
576 133 2 4 150
577 222 7 1 7
578 136 7 1 4
578 554 9 1 4
585 354 10 1 13
597 387 6 3 77
605 80 7 1 4
607 288 5 4 408
609 225 5 1 3
616 81 9 1 4
616 450 4 1 4
632 18 2 2 10
640 952 5 6 14271
643 73 2 2 4
648 769 10 1 4
654 565 3 1 4
656 370 3 2 7
661 244 7 1 10
664 16 3 1 4
666 66 9 1 4
670 515 6 1 4
672 514 4 1 3
680 20 9 8 3022350
680 450 10 1 4
681 6 7 1 7
686 426 3 2 13
690 110 8 1 14
693 522 5 1 4
694 6 3 5 651
694 768 9 1 4
709 325 6 4 138
712 283 5 7 50844
721 584 9 5 2587
722 393 3 9 2540395
722 398 3 4 122
728 227 9 2 23
737 288 8 1 4
769 34 1 4 52
771 800 7 2 13
778 389 2 2 7
780 14 3 1 4
780 707 5 1 4
781 496 8 3 68
786 914 4 1 4
787 199 2 2 4
805 387 10 3 59
805 781 1 4 31
806 43 4 2 8
806 480 6 3 33
808 526 9 1 5
810 394 2 3 14
817 784 8 1 7
824 392 9 1 4
832 548 1 3 7
834 912 6 6 19499
840 800 8 2 25
849 1018 3 3 53
850 308 6 2 11
856 256 6 1 5
880 611 6 1 3
900 162 7 1 7
900 313 7 1 4
904 112 9 4 427
911 10 3 3 36
914 776 10 3 138
918 0 7 2 19
929 257 9 1 4
931 230 9 4 293
931 657 2 1 3
961 131 10 2 53
971 566 8 10 44771847
984 483 6 2 19
988 366 5 1 8
998 179 8 2 21
1013 316 4 1 5
