1367 0.005926174113234427 
1292 0.005765911507957709 
1018 0.005617696579142459 
364 0.005682717606691216 
824 0.005747083243518533 
1309 0.005796124492132861 
1400 0.005756059497534164 
432 0.005638494377246652 
1622 0.005645062138470514 
86 0.005654694884378631 
621 0.005581574527882813 
562 0.005629518464063427 
396 0.00572913080106992 
1978 0.005656227369841377 
1566 0.005767006177325257 
1359 0.0058453852562880245 
350 0.0057945919440923095 
1086 0.005625796753383612 
485 0.00569103690357463 
216 0.005717965303403087 
602 0.005653600252430678 
224 0.0058132014936025335 
926 0.00567067655982376 
883 0.005735260893337299 
1318 0.005724095376101232 
1370 0.0058031304331498685 
1498 0.005624264285913942 
1815 0.00566673586434135 
1366 0.005675492972684392 
302 0.005596680041344162 
1976 0.005782331580163034 
1604 0.005676149756869099 
1806 0.005590112413700133 
173 0.0057249711016611705 
1644 0.005628861691184414 
360 0.005773793134187461 
1651 0.005823710451341029 
1742 0.005570190734914607 
629 0.00567067655982376 
1772 0.005745988579865982 
1918 0.005858740491980078 
118 0.0055863907669232 
960 0.005848888265040915 
1536 0.005790651108860508 
1133 0.005571285327605373 
702 0.00561112889046767 
1060 0.005795905556664124 
1863 0.005682717606691216 
55 0.005704172680537895 
1211 0.005713148825446168 
73 0.005724533238853618 
1783 0.005681185107111071 
1813 0.005599088176416745 
130 0.005604342298331839 
1585 0.005511959339684079 
1692 0.005671552270661468 
615 0.005683593321086046 
877 0.005750148303456701 
377 0.0058563321678198966 
821 0.005671990126179315 
1579 0.005606969363872912 
287 0.005612004581229172 
510 0.005601715235836259 
762 0.00570942700630617 
1549 0.005680528321815553 
1987 0.004920482289765204 
1265 0.005562090767897362 
1149 0.005574131271402879 
1010 0.005880196528790695 
1952 0.005709208075898326 
928 0.005755183764496401 
1865 0.005827651317028923 
223 0.005734166233230945 
1329 0.005803568304849126 
860 0.005730225459627386 
1212 0.005702859100415931 
1416 0.005535383015592182 
1016 0.005782112645425601 
1178 0.005619666889294103 
1631 0.005516556483458485 
