842 0.014479899767143983 
974 0.01409946567763319 
893 0.014187258841041498 
884 0.014330653327174082 
299 0.013760002084523167 
197 0.013935587591769966 
1415 0.014412590741639508 
1698 0.014728645436956558 
1380 0.01393851350722684 
862 0.014959831354271173 
1720 0.014573543935955122 
1173 0.01457647159426279 
1223 0.01472864445292714 
1680 0.014193111312806837 
672 0.014427223721903276 
813 0.01459110316193056 
62 0.014149214916697612 
1325 0.014579397103858171 
1206 0.014102392635075749 
1196 0.014216521951573082 
383 0.014336504731696937 
1018 0.014210670001074588 
393 0.014128728570016885 
514 0.014280903902923994 
1062 0.01432772607852536 
1910 0.014836921761918623 
1752 0.014219448773100905 
475 0.013771708011798816 
1232 0.014175552441012143 
486 0.01429846235943627 
488 0.014207743471544387 
1453 0.014532574561763965 
1012 0.014444781979091662 
1220 0.014017526274312212 
271 0.014503310620838926 
1422 0.014128730920954513 
1043 0.014198964511683553 
1416 0.014632073355665957 
1460 0.014412591804826468 
1199 0.014277976829360148 
284 0.014160921248098162 
1116 0.01417555264721684 
141 0.01428968252783663 
1148 0.014421371451676598 
1273 0.014263344325645513 
1305 0.014409665420547103 
992 0.014231153591214147 
1517 0.014017526374505275 
1901 0.014169699961946919 
921 0.014450634775612292 
1862 0.01419018519067267 
1788 0.0142750502359075 
728 0.014471119834515293 
415 0.014403812481784094 
1172 0.014538427822395452 
652 0.01416384711511591 
519 0.014436002363088816 
1481 0.01468767464243917 
1745 0.014184332886971884 
641 0.014333579470221174 
1181 0.014415518364986104 
947 0.014128729599236592 
1497 0.014035083685182647 
961 0.014383328210092543 
93 0.014143361918954458 
877 0.014275051109720726 
419 0.014275050886905463 
1490 0.013926808536820172 
1506 0.014646704715930022 
953 0.014573544934930089 
1224 0.01458524981576673 
1029 0.013926808080148305 
995 0.014532575026118374 
1187 0.014383327896381283 
1965 0.014102392500030834 
1800 0.014579397615382524 
1934 0.014362843909441569 
1008 0.014655484272985289 
122 0.014078981247395364 
217 0.014567690337790033 
402 0.014321872617336601 
161 0.01452379497670178 
559 0.01423115490299257 
462 0.013637093194750042 
1349 0.014465268038354854 
596 0.01417847914281422 
281 0.014386253916635868 
1935 0.014476972894741938 
508 0.014623293539099998 
1853 0.014119951135743906 
1547 0.014321873047445411 
1200 0.014564765005782965 
1781 0.014035084574477713 
1101 0.014509164072919696 
971 0.013894617537533724 
549 0.014172626499571687 
720 0.01445648952883859 
524 0.014157994839902197 
1035 0.014102392855435368 
129 0.01400874708397417 
