0 198 4 5 967
0 342 4 6 10183
1 18 3 1 4
1 503 5 6 22270
2 115 6 7 149406
3 363 3 4 104
3 430 8 2 35
4 361 2 2 7
4 414 9 5 1602
5 214 5 1 4
8 303 6 2 31
9 129 2 3 35
9 171 10 4 339
9 451 8 1 4
10 223 6 1 4
10 416 4 2 12
10 462 10 2 31
11 30 10 6 9667
11 438 7 2 19
11 477 1 4 32
12 343 8 4 402
13 280 1 2 4
13 397 2 2 10
14 173 6 2 13
15 160 6 5 2101
15 194 3 2 13
16 25 6 3 50
16 114 8 1 7
16 232 2 6 1692
16 357 7 7 119976
16 370 2 2 10
17 83 10 1 13
17 131 5 3 107
17 316 8 1 4
18 90 1 5 212
19 33 2 4 59
19 180 5 2 13
20 283 4 1 7
21 209 4 1 4
21 259 3 1 4
22 451 8 6 36592
23 108 8 1 4
23 304 9 1 4
23 418 3 4 85
24 52 1 2 4
24 386 9 7 189455
24 503 9 6 23986
25 126 1 4 86
25 234 5 1 7
25 320 9 1 7
26 142 5 2 16
26 296 6 1 7
27 342 6 3 32
29 40 1 3 11
30 403 8 1 8
31 66 10 1 7
32 105 6 1 10
32 177 10 4 324
33 489 5 3 59
34 84 2 9 2751306
34 129 6 7 69112
34 231 9 5 5605
34 282 1 3 7
34 317 9 1 7
35 446 3 6 2101
35 479 2 4 131
36 341 5 2 10
36 374 4 2 10
36 444 5 1 4
38 170 4 1 7
38 277 8 1 4
38 390 1 8 259904
38 488 6 3 131
39 490 4 4 291
40 75 10 3 113
40 103 6 4 561
40 148 1 2 4
40 464 4 8 1116356
40 486 2 2 4
41 429 3 5 1172
42 45 2 2 10
42 316 10 1 16
43 123 7 8 1038075
44 327 6 1 4
45 98 1 4 109
45 108 3 3 29
46 106 9 1 4
46 139 6 7 81816
47 99 3 2 7
47 246 10 2 31
48 344 1 3 13
49 66 8 2 16
49 370 5 1 4
50 169 4 3 32
50 177 3 2 13
50 474 1 3 10
51 134 10 6 10680
51 342 5 3 35
52 78 9 4 572
52 277 3 6 10101
52 500 4 1 5
54 464 9 3 71
55 151 7 2 14
56 234 7 2 16
56 435 5 2 13
58 164 2 3 13
59 199 7 2 35
59 276 9 3 62
60 384 1 5 303
61 396 5 1 7
62 489 4 3 28
63 335 5 3 67
64 89 6 5 1402
64 179 8 1 4
65 236 5 4 220
65 267 10 1 4
65 277 2 3 22
65 386 5 8 647585
65 397 7 1 7
65 409 3 4 146
66 185 3 1 4
66 376 5 1 4
67 70 9 3 92
68 209 2 4 52
68 267 4 1 7
68 290 1 4 40
68 363 4 4 91
68 432 7 1 4
68 474 4 1 4
69 462 6 1 7
70 295 4 1 7
71 228 3 3 26
72 167 9 1 4
74 220 4 5 712
75 330 1 4 49
75 392 2 2 5
76 153 2 2 7
76 322 3 1 5
77 337 9 1 13
77 340 2 2 8
78 209 10 1 17
78 267 8 2 19
78 308 8 5 1017
79 262 5 8 263813
80 86 9 3 124
80 420 6 5 1299
82 84 9 2 19
82 464 5 2 19
82 488 1 4 101
83 407 1 4 32
84 257 2 3 28
86 118 10 1 4
86 145 7 2 19
87 133 10 1 4
88 404 6 2 23
89 305 9 3 172
89 349 4 1 7
90 292 8 1 4
90 402 7 1 4
91 280 1 8 50252
92 477 6 4 194
93 161 6 1 7
94 427 3 4 193
95 182 6 2 22
95 486 3 2 11
96 488 10 1 7
97 319 10 1 7
97 351 3 1 4
98 113 9 2 35
99 172 6 2 11
99 402 5 2 23
100 291 1 2 5
101 165 3 3 28
102 259 6 1 10
103 117 4 8 510764
103 186 3 3 46
103 192 7 3 43
103 273 7 1 10
103 277 9 1 4
104 166 8 8 2726517
104 327 10 1 10
105 496 4 4 92
106 249 3 3 32
107 241 1 3 16
107 335 1 8 124470
107 350 10 1 4
107 359 3 4 316
108 404 9 1 4
109 143 8 6 8270
109 354 7 2 29
109 367 5 2 10
109 408 9 1 7
109 437 2 3 11
111 198 10 2 25
112 236 5 8 715984
112 446 4 1 4
113 430 9 1 4
114 327 8 4 262
115 180 5 1 4
115 193 5 1 8
116 207 5 3 29
117 314 2 4 56
118 221 7 1 7
118 260 10 3 173
118 285 2 3 14
118 346 2 5 1054
118 390 10 1 4
119 293 8 1 7
119 417 3 4 154
119 506 8 1 4
122 258 6 1 8
122 371 8 1 4
123 173 2 7 27119
123 377 5 1 4
124 280 1 4 65
124 471 6 4 145
125 445 8 3 77
125 507 4 1 7
126 251 1 2 4
126 277 10 4 304
127 250 9 4 339
127 311 7 1 4
128 355 3 2 7
129 206 3 5 445
129 276 5 8 445401
129 406 6 2 22
129 480 5 1 4
130 277 4 1 3
131 194 2 2 4
132 385 10 6 31728
132 434 1 2 4
132 475 7 2 22
134 226 9 3 56
135 167 3 5 943
136 405 6 4 588
137 201 2 7 10357
137 250 9 6 6303
138 470 9 4 432
139 455 5 9 3459398
140 510 8 2 29
141 278 3 2 7
141 351 6 2 11
141 353 8 3 113
141 390 2 3 29
141 418 8 1 10
142 322 9 3 113
143 192 2 3 38
143 223 4 1 7
143 270 7 1 4
143 286 7 3 107
144 505 7 9 3401605
146 215 4 1 4
146 288 9 4 507
146 362 10 4 728
146 365 8 1 10
147 402 7 1 4
147 467 8 1 10
148 162 7 1 4
148 238 3 5 874
148 359 1 5 122
149 196 7 1 4
149 224 7 4 660
149 304 3 1 4
149 458 10 6 7386
150 458 5 1 4
151 285 10 1 4
151 307 4 1 7
151 387 3 7 51687
151 399 4 2 11
151 463 3 1 5
152 167 10 2 25
152 196 8 3 125
152 433 4 1 7
153 200 10 2 19
153 257 2 6 8729
153 409 10 5 2010
154 273 6 1 5
154 507 4 3 67
155 412 7 1 4
155 418 8 3 74
156 160 9 1 13
156 400 8 4 352
156 507 2 2 4
157 385 6 1 7
159 189 6 2 16
159 331 1 2 4
159 451 3 5 881
161 423 2 2 4
163 181 3 2 14
163 293 8 1 10
163 333 1 3 16
164 291 3 3 44
165 281 8 2 31
165 323 3 3 26
165 484 5 2 17
168 209 2 2 7
169 266 3 5 433
172 480 4 7 151145
173 266 9 4 226
173 274 3 9 1801245
174 352 2 3 25
174 501 2 2 5
175 205 1 3 7
175 272 5 3 44
176 393 8 3 140
176 462 9 1 4
177 250 2 3 13
177 459 10 4 820
178 182 6 1 10
178 254 9 1 11
178 409 7 1 4
178 486 6 2 26
179 223 10 4 263
179 255 6 6 27002
179 473 1 3 8
180 197 2 2 10
180 421 10 1 8
180 448 10 2 26
181 436 8 5 1478
182 277 4 6 5506
183 463 4 3 41
186 237 5 2 17
189 252 2 2 4
189 275 3 5 1141
189 474 4 5 1080
191 368 4 1 4
191 416 2 4 47
192 437 8 8 595696
194 346 3 1 5
195 363 2 2 4
196 439 4 4 215
197 230 8 1 4
198 279 10 4 392
198 353 9 2 25
198 478 9 2 29
200 210 9 1 7
200 342 3 6 3341
200 448 8 1 7
201 238 8 9 4471749
202 254 8 2 20
202 442 6 4 205
204 245 5 4 439
204 472 1 5 245
205 345 2 7 53961
206 410 6 2 26
208 275 4 5 866
208 303 7 1 10
208 506 6 1 10
209 223 4 7 101064
209 492 1 4 25
210 380 6 6 5841
211 386 9 9 25898240
212 238 10 4 1044
213 443 7 1 7
214 231 10 10 130445228
214 511 9 2 31
215 393 3 6 3784
215 417 3 5 2004
218 254 5 4 445
218 447 7 2 20
219 234 3 2 7
219 478 9 4 883
219 498 9 3 83
221 351 9 4 300
222 430 5 1 7
223 412 7 4 793
223 435 8 1 4
223 491 7 2 13
223 508 10 4 449
227 273 9 1 4
227 397 2 5 316
228 299 10 1 4
229 452 6 3 107
230 482 10 2 32
231 349 7 6 9942
231 378 5 4 112
232 248 7 2 19
233 247 6 2 13
235 354 6 2 16
238 319 5 1 7
239 323 3 1 4
241 345 1 3 10
242 257 6 2 25
242 285 1 2 4
243 249 7 1 10
243 492 9 1 10
246 254 5 2 16
246 500 4 2 10
248 431 1 8 128536
249 404 2 6 1940
250 395 9 8 575956
250 441 10 10 685311487
252 502 7 1 10
253 296 6 1 5
253 500 1 3 13
255 392 9 2 16
256 476 4 4 256
258 267 3 2 7
258 478 8 2 20
259 373 5 1 7
260 283 10 1 13
260 316 9 1 4
260 327 2 5 594
260 400 3 3 19
262 299 2 4 79
264 339 4 3 40
264 473 6 6 16154
265 430 1 3 7
266 294 1 6 1042
267 463 3 8 245857
267 475 1 4 29
269 336 3 2 8
270 335 6 1 5
270 395 7 3 50
271 489 8 1 7
272 404 3 2 8
275 280 4 4 199
275 323 4 3 34
276 335 4 8 160639
277 279 4 1 4
277 359 10 3 175
279 392 5 1 7
280 385 9 1 7
281 345 10 4 262
281 464 4 2 10
284 333 5 4 119
288 505 10 3 199
289 366 5 5 722
290 427 5 1 4
291 454 10 1 10
293 489 5 1 4
294 451 5 1 8
295 478 8 3 106
297 405 7 1 4
297 441 5 3 79
298 347 4 2 20
298 354 3 8 227085
298 501 10 7 288155
299 363 8 1 10
303 305 4 2 20
303 376 3 3 20
303 400 3 2 7
305 411 4 2 14
305 416 3 1 5
306 481 6 1 4
307 394 3 1 4
308 450 5 1 4
309 400 5 4 193
311 330 7 2 19
311 432 2 3 19
312 313 10 8 1400195
312 409 4 2 14
312 466 10 4 772
313 451 1 8 68443
313 463 7 3 76
314 418 6 1 4
314 499 6 1 7
315 435 5 4 161
317 318 8 5 1072
318 481 7 2 29
322 354 10 1 4
325 352 8 1 4
325 422 4 1 7
326 446 2 2 4
332 368 9 2 26
336 444 5 4 112
337 451 1 6 3697
338 341 8 7 69550
338 461 9 3 139
339 342 5 5 1875
339 475 7 1 10
341 435 7 1 4
341 469 3 1 5
343 415 9 5 1752
349 431 2 5 859
351 497 5 1 7
352 373 8 1 7
353 371 4 6 7977
354 363 9 1 4
354 457 5 3 59
355 428 10 4 433
355 464 5 4 122
357 421 2 2 4
357 467 7 1 4
358 420 4 1 7
358 432 6 7 193219
358 447 4 7 46070
360 431 2 6 7134
361 510 4 9 3700224
362 456 8 1 4
362 493 2 2 4
367 499 5 2 14
368 438 2 3 17
370 419 5 3 46
371 421 7 1 7
372 477 7 1 4
373 436 1 3 16
374 489 4 5 1856
379 434 3 2 7
380 462 5 8 940137
380 470 7 3 77
383 387 10 2 37
384 450 5 4 131
385 425 9 1 7
385 498 8 5 5137
386 394 10 1 17
386 448 4 4 397
386 468 5 1 4
386 482 3 1 4
388 418 8 1 3
388 472 4 1 7
389 500 7 1 4
391 404 5 5 2087
391 429 9 3 74
391 511 2 2 4
393 488 4 4 238
394 399 8 2 41
395 423 2 4 49
396 468 1 3 7
398 413 2 3 13
398 484 2 2 4
399 410 10 1 8
400 492 6 1 4
402 433 9 1 4
405 474 5 3 61
406 407 4 6 9330
408 439 5 3 91
410 473 6 2 11
412 455 6 3 34
414 416 5 4 124
414 461 7 1 4
415 472 4 2 10
417 503 10 2 28
425 450 6 8 255091
427 505 3 4 128
429 432 4 4 125
432 455 6 4 238
438 501 3 3 20
444 468 2 2 10
447 485 5 2 19
448 494 6 6 8079
449 452 1 4 70
450 475 10 3 58
453 471 6 3 77
453 479 7 5 2126
455 479 9 5 1823
458 490 3 4 328
461 503 7 1 4
463 468 9 4 949
466 481 3 6 2741
474 480 9 7 345385
485 501 3 3 20
501 504 9 3 49
507 509 6 1 4
