0 4 167
0 8 166
0 9 8828
0 29 2
0 47 8
0 112 7
0 135 16
0 150 2
0 166 7
0 215 17
0 256 11
0 259 2
0 415 5
0 618 10
0 646 50
0 670 15
0 674 5207
0 679 2
0 704 5
0 843 5415
0 902 75
0 936 2
1 7 7
1 30 39
1 37 6
1 135 9
1 228 3
1 292 8
1 481 3
1 535 3
1 565 6
1 644 2
1 768 2
1 825 44
1 920 2
2 0 170
2 3 2
2 8 2
2 48 2
2 267 2
2 328 2
2 523 7
2 826 23
3 24 4
3 131 2
3 272 2
3 277 8
3 530 2
3 592 2
3 652 5
3 817 2
4 0 6
4 4 2
4 15 2
4 24 8
4 50 2
4 60 5
4 64 2
4 248 2
4 284 76
4 293 3
4 368 2
4 517 353
4 576 2
4 683 2
4 774 7
4 803 9
4 808 13
5 18 58
5 216 6
5 584 7
5 887 1812
6 3 4
6 148 64
6 212 25
6 259 4
6 267 6
6 268 41
6 512 2
6 798 16
6 1002 2
7 81 12
7 110 6
7 237 17
7 715 5
8 1 2
8 2 5
8 19 4
8 32 4
8 42 3
8 58 3
8 202 10
8 273 5
8 386 13
8 393 3
8 486 2
8 552 16
8 642 3
8 656 5
8 735 7
8 850 11
8 902 2
9 43 2
9 274 2
9 416 48
9 526 3
9 907 6
10 13 2
10 40 5
10 75 2
10 84 2
10 160 7
10 518 8
10 584 2687
10 599 2
10 680 10
11 204 23
11 752 7
11 779 10
12 0 6
12 24 2
12 55 2
12 65 2
12 128 2
12 269 2
12 366 8
12 634 2
13 66 147
13 224 2
13 320 401
14 127 2
14 152 2
14 210 2
14 321 7
14 376 5
14 584 170
14 616 8
15 352 3
15 854 42
16 24 6
16 64 10
16 96 8
16 132 3
16 148 6
16 643 3
17 48 3
17 258 253
18 203 3
18 215 2
18 290 19
18 641 2
18 645 2
19 7 2
19 657 2
19 709 2
20 1 10
20 10 60
20 36 60
20 323 27
20 786 2
21 116 10
21 258 2
21 308 2564
22 24 148483074
22 133 38
22 281 2
22 565 2
23 770 33
23 886 4
24 9 2
24 533 46
24 781 2
24 786 4
24 848 3
24 944 2
25 523 7
25 592 12
26 20 13
26 22 149
26 109 2
27 130 16
27 210 2
27 547 2
27 549 2
28 42 2
28 72 15
28 146 14
28 192 5
28 624 2
28 647 2
29 1 2
29 5 2
29 809 2
30 52 101
30 129 3
30 588 18
31 77 2
31 561 3
32 16 2
32 33 45
32 42 2
32 72 2
32 196 7
32 204 6
32 211 2
32 219 234
32 276 2
32 388 4
32 414 2
32 514 2
32 641 2
32 759 6
32 803 2
32 848 39
33 2 2
33 3 872
33 26 2
33 277 2
33 320 4
33 544 2
33 785 9
33 898 13
34 324 15
34 561 66
34 663 2
34 720 2
34 800 3
35 65 2
35 266 7
35 689 2
36 12 2
36 48 43
36 257 42
36 288 14
36 320 2
36 448 2
36 555 22
36 705 2
37 13 2
37 364 3
37 520 2
37 594 2
37 640 19
37 673 2
38 180 2
38 204 30
38 544 3
39 3 14
39 48 9
39 520 34
40 9 20
40 20 2
40 256 161
40 512 2
40 528 2
40 605 2
40 645 2
40 756 2
40 761 2
40 840 50
40 980 2
41 96 2
41 263 21
41 276 2
41 321 2
41 513 12
41 987 10
42 42 8
42 140 2
42 411 4
42 778 2
42 839 9
43 1 7
43 546 2
44 12 6
44 47 2
44 430 12
44 524 2
44 794 2
45 23 2
45 50 2
45 266 2
45 615 2
45 808 16
45 844 2
46 57 8
47 1022 7
48 168 3
48 176 12
48 193 2
48 198 2
48 226 501
48 646 2
48 789 2
48 843 10
48 932 33
49 4 2
49 17 9
49 310 30
49 313 82
50 9 3
50 528 2513
51 377 3
51 516 2
52 46 2
52 256 18
52 390 6
52 899 2
53 146 2
54 718 13
56 89 2
56 267 4
56 544 5
56 560 2
57 5 2
57 33 2
57 448 16
58 113 3
58 470 4
59 58 11
59 453 6
59 583 2
60 3 2
60 5 26
60 33 11
60 112 7
60 948 114
61 644 2
61 648 15
62 521 89196
62 612 4
64 1 2
64 26 13
64 192 12
64 194 3
64 197 11
64 203 5
64 272 2
64 370 2
64 465 2
64 481 2
64 686 2
64 756 10
64 771 4
64 780 2
64 790 2
65 25 64
65 96 2
65 104 9
65 118 10
65 218 3
65 241 1498
65 274 2
65 421 7
65 571 2
65 614 2
66 140 2
66 545 4
67 2 17
67 16 3
67 20 17
67 37 29
67 482 3
67 840 2
68 153 2
68 192 2
68 226 3
68 284 2
68 576 2
69 138 8600
69 466 24
69 529 4
69 572 6
69 768 2
70 109 72
70 212 2
70 431 2
70 608 10
70 642 2
70 646 2
70 648 6
70 672 3
71 1 2
71 264 3
71 409 4
71 700 3
72 8 4
72 37 2
72 280 38
72 437 2
72 533 61
72 961 5
73 39 2
73 999 2
74 512 15
74 548 330
74 600 7
74 768 7
74 1012 104
75 576 25
76 84 6
76 133 5
76 262 11
76 855 3
77 256 2
77 267 2
77 456 122
78 288 2
78 517 11
78 919 4
79 165 3
80 0 25
80 51 2
80 82 5
80 132 11
80 211 2
80 528 7
80 920 3
81 807 2
82 280 12
82 283 2
83 115 6
83 124 2
83 304 5
83 617 10
83 784 15
84 64 2
84 74 4
84 216 15
85 31 3
85 65 9
86 234 2
86 524 11
87 353 4
87 462 207
87 512 2
87 515 2
88 330 9
89 2 3
89 4 2
89 76 9
90 20 2688
90 274 19
90 843 6
90 977 2
91 652 9
92 38 5
92 91 38
93 49 8
93 134 57
93 669 2
94 869 5
94 954 112
95 20 21
95 34 6
96 32 3
96 80 7
96 103 7
96 148 30
96 276 2
96 304 2
96 321 7
96 356 4
96 547 4
96 776 3
96 820 11
97 18 4
97 48 8
97 167 44
97 195 10
97 525 28
98 14 32
98 352 2
98 401 2
98 928 21
99 117 2
99 134 14
99 249 2
100 128 2
100 752 3
100 768 2
100 901 2
101 70 16
101 124 2
101 169 2
101 392 3
101 599 2
102 6 2
102 78 5
102 166 10
102 264 2
103 704 20
104 26 2
104 64 17
104 132 3
104 313 35
104 512 2
104 673 2
105 3 3
105 296 35
106 516 3
106 652 3
107 3 8
107 129 2
108 514 75
108 825 2
109 707 2
112 0 2
112 1 5
112 3 12
112 28 10
112 84 6
112 107 6
112 776 25
114 68 4
114 416 6
114 452 2
114 497 3
114 872 30
116 33 2
117 106 139
117 803 6
118 565 2
119 446 2
119 836 2
120 0 2
120 76 117
121 536 2
122 24 250
122 80 2
122 185 4
122 294 2
123 600 14
124 304 2
125 268 2
128 10 4
128 58 2
128 200 2
128 320 20
128 376 3
128 453 7
128 770 2
128 806 7
129 37 50
129 39 3
129 88 2
129 163 2
129 584 30
129 707 6
130 78 235
130 272 2
130 273 3
130 368 2
130 528 4
130 675 28
130 772 2
131 581 3
132 6 4
132 17 2
132 94 1003
132 137 14
132 372 2
132 516 7
132 916 4
133 138 410
133 614 2
134 67 9
134 224 18
134 377 4
134 390 3
134 516 2
134 768 2
135 544 2
136 21 2
136 81 2
136 160 4
136 610 9
136 684 3
136 831 2
137 148 2
137 259 19
137 325 8
137 678 2
137 778 6
138 266 10
138 415 3
138 590 2
138 902 14
139 426 6
139 865 3490
140 72 3
140 143 3197
140 464 2
140 724 14
140 776 2
141 2 31
141 521 2
142 641 2
143 116 2
143 144 89
143 187 4
143 286 2
143 642 2
144 18 2
144 68 8
144 248 2
144 257 2
144 433 4
144 520 4
144 800 2
145 2 2
145 67 2
145 94 7
145 184 2
145 216 6
145 273 2
145 392 1582
145 513 2
145 576 98
146 69 10
146 146 38
146 396 41
147 513 2
147 522 2267
148 1 2
148 24 6
148 130 4
148 139 2
148 146 22
148 464 24
148 515 2
148 912 4
149 20 11
149 633 7
149 649 2
150 141 24
150 160 892
150 656 8
151 102 6
151 132 2
151 207 2
151 250 7
153 26 1622
153 151 11
153 171 2
153 592 6
153 598 12
153 833 2
153 961 15
156 54 5
156 133 52
156 521 14
156 814 50
157 404 6
158 104 9
159 526 2
160 34 2
160 81 2
160 144 2
160 452 6
160 644 10
160 801 3
161 40 5
161 376 23
161 524 2
161 576 26
161 717 6
161 898 39
162 306 3
163 227 3
163 361 2
163 601 10
164 34 27
164 264 12
164 280 2
164 329 4
164 636 5
164 646 2
165 141 8
165 397 37
166 686 2
167 104 75
167 289 6
167 384 2
167 456 2
167 712 2
168 52 8896
168 67 3
168 68 2
168 98 2
168 480 35
169 351 2
169 514 2
171 144 21
171 810 2
172 8 13
172 32 2
172 569 7
172 664 4
174 493 7
174 582 4
175 863 2
176 137 2
176 270 2
176 824 42
176 864 17
176 916 7
177 128 11
177 280 3
177 560 2
177 744 12
178 100 7
178 144 5
178 580 2
178 797 117
179 429 10
180 19 6
180 152 19
180 600 3
181 331 2
181 768 134570
181 964 2
182 300 61
182 672 1618
182 728 264
184 161 2
184 664 2
185 5 2
185 42 1011
185 391 16
186 272 5
186 582 2
187 800 28
188 4 2
192 43 28
192 72 2
192 177 14
192 392 48
192 524 4
192 536 7
192 713 2
192 898 421
192 904 2
192 999 2
193 8 7
193 28 2
193 120 3
193 131 2
193 162 2
193 375 9
193 422 2
193 775 9
194 321 55
194 677 98
196 81 3
196 377 5
197 297 24
197 592 6
197 611 7
197 769 2
198 3 2
198 196 154
198 812 6
200 146 2
200 445 2
200 577 10
200 924 2
201 98 42
203 654 8
204 520 16
205 457 2
206 80 2
206 530 2
208 14 2
208 534 2
209 55 15
209 513 296
209 564 15
210 1 2
210 882 23
211 4 4
212 34 10
212 69 2
212 285 38
212 673 400
213 64 3
214 585 9
216 66 3
216 792 2
218 86 3
219 389 3
220 176 2
222 532 2
222 852 2
225 257 15
225 316 350
225 948 3
226 35 3
226 157 2
227 592 19
227 838 6
228 32 2
230 9 6
231 261 5
231 290 2
232 5 22
232 80 2
232 130 2
232 480 6
233 212 6
233 912 2
234 848 2
234 917 15
235 281 2
237 91 2
238 642 33
239 370 2
239 560 9
240 18 4
240 799 1745
240 914 4
241 206 13
242 156 2
244 33 9
244 932 2
245 705 2
246 64 4
247 626 4
248 0 3
248 290 2
248 902 6
250 46 2
253 636 7
256 1 17
256 4 2
256 5 9
256 68 436
256 69 2
256 243 2
256 262 10
256 344 11
256 416 5
256 512 31
256 616 3
256 705 2
256 764 3
256 772 18
256 804 16
256 904 21
256 963 7
256 992 15668
257 0 2
257 156 3
257 268 3
257 272 2
257 544 9
257 806 49
257 912 4
257 920 47
257 945 2
258 24 2019
258 34 2
258 36 5
258 138 40
258 265 19
258 673 4
258 810 3
258 880 5
259 100 3
259 226 2
259 268 7
259 327 2
259 532 17
260 131 29
260 256 3
260 295 23
260 522 7
260 545 47
260 678 2
261 67 3
261 72 6
261 356 42
261 672 4
261 995 17
262 32 5
262 134 7
262 193 3
262 1013 106
264 1 8
264 320 2
264 568 26
265 264 26
265 339 10
265 632 49
266 56 8
266 242 25
266 272 2
266 326 5
266 336 6
267 523 2
267 581 69
268 12 2
268 34 2
268 177 3
268 192 2
268 512 3
268 524 5
268 577 3
269 444 3
269 640 2
270 73 2
270 532 570
272 41 10
272 162 44
272 208 2
272 234 2
272 259 7
272 280 25
272 378 16
272 520 2
272 554 5
272 684 11
272 899 4
273 47 3
273 581 8
273 693 2
273 903 5
274 98 2
274 334 2
275 4 5
275 16 4
275 116 13
275 133 3
275 485 6
275 512 2
276 394 20
276 538 2
276 661 4
277 8 2
277 27 2
277 128 2
278 258 13
279 18 15
280 36 2
280 82 30
280 600 5
281 101 14
282 136 2
282 576 2
282 717 2
283 35 2
285 104 4
286 12 8
286 624 2
286 832 249
287 448 2
287 802 2
288 47 2
288 50 7
288 132 7
288 224 4
288 341 9
288 545 7
288 776 2
289 36 2
289 60 31
289 156 2
289 345 2
289 472 16
289 648 19
289 753 2
290 0 2
290 258 4
290 328 8
290 388 10
291 610 16
291 768 2
291 967 5
292 7 171
292 19 2
292 134 2
292 162 9
292 524 3
292 593 6
293 256 2
293 960 42
294 742 2
294 864 22
296 57 2
296 84 3
296 260 2
296 288 4
296 336 6
296 516 2
297 389 26
297 544 2
297 742 2
298 75 4
299 291 3
301 274 2
304 6 29
304 8 2
304 63 605
304 212 9
304 258 53
304 292 1341
305 11 2
305 34 3
305 163 2
305 576 2
306 36 2
306 550 7
308 583 6
308 640 2
308 692 2
308 832 15
308 848 76
310 44 8
312 514 2
314 376 2
314 518 39
315 739 6
316 452 2
318 532 12
318 914 4
320 29 19
320 315 2
320 407 7
320 428 2
320 468 2
320 641 5
321 4 2
321 262 2
321 337 11
321 768 2
321 834 13
321 1008 4
322 0 2
322 80 2
322 272 9
322 416 16
322 899 104
322 902 2
323 360 8
323 515 4
324 16 2
324 106 29
324 179 29
324 200 2
324 513 2
324 530 40
325 6 6
325 74 2
325 145 3
325 192 3
326 11 2
326 32 5
326 116 2
326 280 10
326 443 8
327 698 125
328 45 3
329 258 18
329 836 12
330 8 13
330 204 2
331 512 20
332 456 42
334 265 9
334 288 5
335 83 4
336 18 2
336 100 4
336 576 6
337 833 18
338 33 38808
338 169 2
340 0 29
340 106 12
340 704 21
340 763 2
341 576 2
342 15 116
342 168 3
343 475 3
344 676 2
345 728 5
346 11 5
346 89 2
347 11 2
347 149 3
347 313 2
348 128 23
348 395 24
349 12 5
352 409 4
352 419 7
352 514 3
352 680 5
352 794 2
352 860 2
353 389 2
353 684 2
354 25 3
354 30 2
354 836 3503
355 134 2
355 634 2
356 800 2
357 433 3
357 641 3
357 690 3
358 168 2
360 514 2
360 555 2
360 732 2
360 784 13
360 810 4
361 266 143
361 316 2
362 34 6
363 162 12
363 424 2
368 49 2
368 738 109
368 925 142
371 705 2
372 352 2
375 77 2
379 333 14
380 339 2
381 531 2
384 5 1146
384 6 27
384 156 4
384 168 4
384 312 44
384 332 2
384 423 2
384 457 6
384 481 156
384 531 2
384 571 31
384 597 2
385 2 3
385 75 4
385 213 2
385 214 50836140
385 513 7257
385 563 6
386 64 2
386 73 6
386 158 6
386 160 4
386 206 3
386 846 2
386 849 4
386 912 11
387 297 2
387 545 8
387 1016 2
388 332 2
389 596 8
390 566 2
391 8 3
391 461 2
392 38 4
392 336 9
392 553 2
392 674 15
393 461 9
393 577 8
394 80 2
394 211 12
394 590 2
395 4 2
395 558 2
395 647 2
396 454 9
396 536 3
396 546 12
396 777 2
396 960 4
397 132 2
397 305 2
397 518 4
399 9 11
400 10 4
400 144 29
400 712 33
401 16 22
401 58 5
401 277 27
401 284 376
401 673 2
402 68 44
402 80 2
402 769 43
403 20 2
404 209 14
404 298 4
406 677 2
406 928 7
408 66 2
408 405 2
408 576 3
409 66 10
409 417 5
410 520 3
411 20 2
412 6 23
413 640 2
414 932 9
416 52 25
416 279 140297
416 292 20
416 832 7
417 577 220
418 16 2
419 7 2
419 62 2
419 844 2
420 32 11
420 114 11
420 288 6
420 424 20
420 538 2
420 545 8
421 400 4
422 736 2
423 384 2
423 651 33
424 481 33
425 161 2
425 261 5
425 746 6
425 776 4
426 644 2
427 580 2
428 32 4
428 194 2
428 620 2
428 880 13
430 8 26
430 68 2
430 203 4
433 24 2
433 398 2
434 734 2
436 597 4
436 641 2
437 2 2
441 21 3
442 146 50
442 691 2
444 769 34
444 801 2
448 92 9
448 513 2
449 321 9
450 450 3
452 48 5
452 136 13
452 488 20
452 513 10
453 368 2
453 661 2
454 9 2
454 437 2
455 640 2
456 367 56
456 376 2
456 774 2
457 906 2
458 101 14
460 197 12
460 462 2
460 566 8
461 625 2
463 916 3
464 265 4256
464 928 4
465 531 2
465 761 7
465 902 2
467 211 4
470 713 7
472 226 11
472 256 2
473 6 140
473 800 2
476 775 2
480 665 2
480 731 2
480 928 4
481 288 3
481 416 9
482 64 8
482 208 2
485 134 2
488 3 10
488 269 6
488 334 2
489 64 2
491 112 6
496 433 2
501 519 2
505 332 6
506 706 66
512 1 2
512 5 2
512 36 4
512 52 7
512 65 5
512 96 2
512 153 5
512 173 3
512 266 53
512 420 4
512 438 42
512 453 2
512 482 2
512 514 2
512 685 2
513 5 2
513 42 2
513 47 2
513 65 4
513 100 4
513 112 24
513 304 2
513 315 5
513 340 2
513 548 2
513 644 5
514 11 13
514 36 3
514 401 14
514 452 2
514 522 5
514 572 2
514 780 80
515 93 164
515 157 4
515 273 2
515 598 3
516 33 2
516 69 6
516 72 854
516 169 19
516 357 14
516 582 3
516 605 3
516 779 48
516 785 8417
517 0 2
517 8 15
517 34 4
517 177 2
517 233 13
517 281 2
517 525 48629
517 676 2968
517 768 2
518 0 2
518 41 9
518 66 2
518 517 10
519 517 24
519 944 2
520 164 4
520 296 12
520 328 5
520 436 5
520 785 7
520 812 3
520 896 2
521 131 40
521 229 2
521 450 11
521 546 2
521 554 3
521 560 2
521 609 2
522 1 240
522 121 6
522 549 21
523 650 15
524 173 11
524 520 13
525 820 11
526 776 12
527 36 37725
527 713 2
528 10 3
528 33 5
528 36 17
528 97 3282
528 144 4
528 156 79
528 171 2
528 344 9
528 406 2
528 512 2
528 580 2
528 582 2
528 611 10
528 720 5
528 801 74
529 16 16
529 260 12
529 520 3
529 737 2
530 20 10
530 86 6
530 132 7
530 278 2
530 325 2
530 522 2
530 696 8
532 11 2
532 134 18
532 292 5
532 550 2
532 853 2
533 5 11
533 37 2
533 787 77
534 6 2
534 425 2
534 786 2
534 928 2
535 10 20
536 244 3
536 412 8
536 687 2
536 902 4
537 99 2
537 138 7
537 478 2
538 84 2
538 820 2
540 256 21
541 344 5
541 793 5
544 6 2
544 21 2
544 160 2
544 416 9
544 429 21
544 542 2
544 551 19
544 597 2
544 718 5
545 209 7
545 226 12
545 520 5
545 914 2
546 2 3
546 4 13
546 263 2
546 758 2
546 900 9
547 265 3
547 427 5
547 577 2
548 512 5
548 577 34
548 586 12
549 68 2
549 97 10
549 146 2
549 288 2
549 530 2
550 36 24
550 800 2
551 40 6
551 89 2
552 136 2
552 656 2
552 932 2
553 36 20
553 102 2
553 933 1242
554 4 3
554 137 2
554 296 4
555 418 2
556 409 8
557 6 6
557 15 2
557 370 2
557 512 21
557 770 3
557 938 10
560 18 3100
560 32 4
560 96 13
560 168 4
560 354 2
561 10 2
561 444 21
561 521 5
561 993 6
562 977 790
562 992 2
563 20 6
563 410 5
564 28 2
564 659 4
566 4 6
566 132 2
567 793 2
569 385 2
569 522 4674
571 457 3
572 36 21
572 64 2
572 370 2
572 777 2
573 797 6
573 886 3
574 18 4
574 533 98
574 696 8
576 4 2
576 5 2
576 19 6
576 76 335
576 133 2
576 172 2
576 193 5
576 228 12
576 325 2
576 371 2
576 525 42318
576 547 3
576 607 10
577 72 2
577 222 2
577 236 2
577 577 564
577 997 2
578 26 10
578 96 5
578 120 2
578 136 4
578 554 2
578 572 2
579 80 5
579 621 82
579 789 2
580 64 6
580 507 2
580 528 2
580 598 26
581 645 2
582 633 2
583 129 5
585 64 6
585 208 2
585 217 2
585 354 2
586 64 2
586 658 4
587 608 2
588 784 8
590 276 8
590 520 14
591 147 2
592 2 2
592 4 2
592 148 8
592 528 2
592 566 2
592 585 3
592 856 3
593 429 4
595 58 10
595 557 18
596 11 21
596 91 2
596 154 7
596 385 2
597 387 2
599 92 11
599 569 2
600 68 10
600 573 2
600 575 2
601 335 8
602 480 10
604 913 2
604 1006 4
605 80 3
607 288 209
607 393 3
608 176 3
608 522 4
608 576 2
608 648 3
609 28 2
609 210 2
609 225 2
609 526 2
609 768 13
610 24 2
611 125 5
612 170 13
612 534 72
614 265 218
614 936 2
616 450 2
617 374 4
617 908 2
618 70 6
618 1004 3
619 76 9
619 140 7
619 231 4
621 293 4
625 5 4
625 261 2
626 8 2
626 114 2
626 528 8
626 608 4
627 3 7
627 418 5
627 769 6
629 446 19
631 24 2
632 18 9
633 812 4
635 546 2
637 73 346
638 161 2
640 16 2
640 160 3
640 246 21
640 258 7
640 421 3
640 467 2
640 525 2
640 732 4
640 952 5
641 192 2
642 512 2
642 562 13
642 724 3
643 73 17
643 775 9
644 48 23
644 387 2
644 660 3
644 756 56
644 769 2
645 4 2
645 25 2
645 195 13
645 548 9
645 963 3
646 289 105
646 388 11
648 76 2
648 98 2
648 210 2
648 369 4
648 512 11
648 694 3
648 769 7
649 4 8
650 108 44
650 216 6
650 953 11
651 290 3
652 257 3
652 594 10
654 129 2
654 565 2
655 384 22
655 761 2
656 3 2
656 259 37
656 278 18
656 370 8
658 10 6
658 26 2
658 226 9
660 36 46
660 52 6
660 85 2
660 648 2
661 244 5
661 608 40
664 205 39
664 539 11
664 781 11
667 587 3
668 163 2
668 464 12
668 749 11
670 515 46
672 64 3
672 129 10
672 608 2
673 104 9
673 656 11
674 259 7
674 288 557
674 401 3
674 672 2
675 257 3
675 470 2
676 52 3
677 121 211
677 641 27
678 237 2
679 556 5
680 20 2
680 450 4
680 540 2
681 6 6
681 33 6
682 14 17
682 156 2
683 278 2
684 1008 3
686 426 2
686 593 219
688 385 31
690 110 7
692 260 9
692 914 2
693 397 4
693 522 4
694 6 2
694 768 2
694 931 7
695 517 2
695 585 10
696 885 6
697 710 3
700 18 12
700 229 3
700 864 2
701 34 35
701 941 9
704 34 2
704 76 4
704 135 1006
704 292 1437
704 370 2
704 673 13
705 596 18
706 17 3
706 161 7
706 460 2
709 325 3
709 354 122
709 644 22
709 843 3
710 2 2
711 19 10
712 141 2
712 294 5
712 862 3
713 593 20
713 837 2
716 842 13
719 512 5
720 7 230
720 144 2
720 803 10
721 104 2
721 323 7
721 584 2
722 82 20
722 100 19
722 258 2
722 393 5
722 398 13
722 464 2
724 20 55
724 596 2
725 44 7
725 65 2
728 227 15
729 578 6
730 332 11
732 834 2
736 24 5
737 64 17
737 288 7
737 610 3
738 970 2
740 235 3
740 778 18
740 801 2
741 260 2
743 787 6
744 124 2
744 280 13
744 762 2
745 63 2
746 386 2
751 506 2
752 261 3
752 786 11
754 32 2
759 130 3
760 220 2
760 257 375
760 300 2
761 435 2
763 668 2
765 513 4
768 68 41
768 226 33
768 326 2
768 502 5
768 666 54
768 736 2
768 738 17
769 34 139841
769 773 2
770 256 2
770 515 8
770 663 8
771 128 2
771 793 3
771 800 10
772 0 2
772 32 4504
773 1 10
774 8 2
775 48 2
775 921 7
776 101 55
776 155 8
776 586 36
776 697 3
777 6 88
777 84 4
777 200 6
777 554 4
777 608 2
777 641 2
778 389 14
780 14 2
780 16 4
780 552 3
780 707 12
780 901 10
781 222 5
782 226 7
782 405 2
784 1 2
784 514 573
784 549 2
784 604 2
784 841 8
785 45 2
785 257 91
786 142 12
786 521 4
786 576 3
786 914 132
787 199 13
788 324 12
788 332 6
792 16 10
792 274 17
792 540 2
793 52 2
793 628 2
795 422 18
795 661 2
798 776 4
799 433 7
800 9 787
800 73 15
800 97 9
800 133 2
800 824 3
801 312 3
801 592 4
801 642 2
802 769 7
804 0 2
804 104 2
804 337 9
804 433 4
804 779 2
805 781 26
806 134 67
806 232 3
806 326 2
806 480 9
808 777 5
808 937 50
808 945 2
810 17 109
810 416 20
812 778 417
814 161 45
814 264 1161
814 523 4
814 905 2
816 24 2
817 784 5
818 253 2
819 538 9
821 236 2
822 211 856587
824 392 3
828 592 2
830 356 25
832 16 20
832 21 8
832 30 2
832 43 2
832 281 3
832 328 4
832 427 8
832 518 6
832 548 2
833 999 11
834 67 8
834 104 9
834 148 19
834 912 2
835 264 2
835 392 2
835 583 2
836 86 5
836 388 10
836 485 2
839 21 3
840 96 2
840 545 4
840 800 2
841 32 2
841 370 17
842 132 4
842 200 29
843 939 4
844 584 20
845 561 9
845 624 12
848 90 4
848 899 2
849 792 4
849 1018 18
850 308 3
850 776 2
851 195 2
852 2 10
852 72 2
852 824 12
854 681 4969
856 866 6
857 42 2
862 130 8
863 516 4
864 23 2
864 786 2
867 998 2
868 332 17
870 6 16
870 68 9
871 264 5
872 32 9
872 50 4
873 9 2
874 360 3
875 164 446
878 258 16
882 42 8
882 591 2
882 778 8
895 603 2
896 330 4
896 868 77
897 39 1448
897 115 8
897 523 4
898 336 2
898 699 6
899 537 2
900 4 717
902 131 3013
902 420 9
903 339 4
904 112 2
904 231 32
904 552 2
904 888 9
904 929 4
905 196 25
905 248 3
905 540 69
905 572 2
906 137 2
906 194 2
906 328 20
908 456 11
910 614 4
911 5 6
911 10 14
911 896 13
912 85 11
914 216 2
914 669 74
914 968 2
915 431 6
916 742 5
916 777 24
917 560 3
917 912 22
918 0 2
921 272 6
921 320 5
922 8 4
922 784 771
924 33 9
928 384 4
929 10 2
929 316 4
930 547 2
930 720 3
931 230 6
931 657 4
932 274 3
933 657 133
934 94 4
938 316 903
938 552 13
941 771 10
944 165 2
944 756 13
945 456 24
947 568 8
948 9 3
951 818 2
960 358 2
961 131 2
961 291 80
961 472 59
961 481 2
965 937 12
966 192 8
966 197 2
966 555 2
968 51 2
968 352 8
968 360 2
969 313 2
969 769 277
970 180 2
975 205 1124
976 321 6
976 779 8
977 22 2
977 34 3
977 549 48
984 324 2
984 483 3
985 268 2
986 772 5
987 962 21
988 366 2
990 35 2
996 36 60
996 836 13
998 179 2
1000 260 3
1002 912 62
1004 129 5
1011 36 5
1013 316 2
1018 358 2
1020 371 2
1020 385 2
1021 643 2
