0 4 2
0 8 80
0 9 2
0 29 57
0 47 3
0 112 4
0 135 5
0 150 1088
0 166 2
0 215 5
0 256 10
0 259 2
0 415 18
0 618 2
0 646 3
0 670 6
0 674 10
0 679 2
0 704 9
0 843 2
0 902 226
0 936 6
1 7 8
1 30 2
1 37 5
1 135 4
1 228 5
1 292 25
1 481 6
1 535 2
1 565 2
1 644 6
1 768 15
1 825 15
1 920 2
2 0 51
2 3 20
2 8 5
2 48 6
2 267 75
2 328 6
2 523 2
2 826 2
3 24 4
3 131 75
3 272 2
3 277 2
3 530 2
3 592 2
3 652 19
3 817 2
4 0 10
4 4 44
4 15 2
4 24 2
4 50 4
4 60 3
4 64 9
4 248 3
4 284 85
4 293 3
4 368 2
4 517 2
4 576 9
4 683 2
4 774 2
4 803 5
4 808 2
5 18 26
5 216 111
5 584 3
5 887 2
6 3 15
6 148 2
6 212 111
6 259 2
6 267 2
6 268 7
6 512 2
6 798 3
6 1002 2
7 81 7
7 110 8
7 237 2
7 715 10
8 1 33
8 2 2
8 19 883
8 32 15
8 42 9
8 58 3
8 202 16
8 273 13
8 386 3
8 393 119
8 486 22
8 552 2
8 642 4
8 656 9
8 735 3
8 850 2
8 902 2
9 43 3
9 274 7
9 416 14
9 526 2
9 907 22
10 13 5
10 40 4
10 75 2
10 84 2
10 160 4
10 518 6
10 584 43
10 599 47
10 680 2
11 204 2
11 752 2
11 779 27
12 0 3
12 24 2
12 55 136
12 65 2
12 128 35
12 269 2
12 366 3
12 634 2
13 66 2
13 224 2
13 320 42
14 127 2
14 152 17
14 210 7
14 321 12
14 376 2
14 584 4
14 616 5
15 352 3
15 854 21
16 24 10
16 64 3
16 96 6
16 132 2
16 148 56
16 643 2
17 48 58
17 258 4
18 203 19
18 215 2
18 290 3
18 641 5
18 645 2
19 7 5
19 657 3
19 709 2
20 1 34
20 10 2
20 36 12
20 323 2
20 786 2
21 116 13
21 258 3
21 308 2
22 24 267
22 133 16
22 281 9
22 565 4
23 770 23
23 886 9
24 9 2
24 533 7
24 781 8
24 786 7
24 848 2
24 944 17259
25 523 3
25 592 4
26 20 33
26 22 191
26 109 2
27 130 8
27 210 2
27 547 16
27 549 3
28 42 735
28 72 3
28 146 14
28 192 226
28 624 172
28 647 3
29 1 2
29 5 15
29 809 5
30 52 74
30 129 2
30 588 2
31 77 32
31 561 9
32 16 2
32 33 10
32 42 2
32 72 2
32 196 4
32 204 2
32 211 11
32 219 2
32 276 2
32 388 11
32 414 4585977
32 514 2
32 641 9
32 759 8
32 803 29
32 848 6
33 2 32
33 3 10
33 26 2
33 277 3
33 320 7
33 544 2
33 785 105
33 898 11
34 324 19
34 561 54
34 663 2
34 720 2
34 800 2
35 65 2
35 266 9
35 689 2
36 12 59
36 48 32
36 257 24
36 288 9
36 320 2
36 448 2
36 555 139
36 705 260
37 13 53
37 364 10
37 520 10
37 594 3
37 640 15
37 673 20
38 180 3
38 204 2
38 544 30
39 3 2
39 48 20
39 520 2
40 9 5
40 20 11
40 256 2
40 512 5
40 528 2
40 605 3
40 645 2
40 756 105120
40 761 9
40 840 19
40 980 3
41 96 73
41 263 9
41 276 2
41 321 2
41 513 6
41 987 2
42 42 2
42 140 10
42 411 14
42 778 18
42 839 2
43 1 4
43 546 14
44 12 2
44 47 17
44 430 10
44 524 440
44 794 15
45 23 2
45 50 10
45 266 2
45 615 2
45 808 7
45 844 97
46 57 9
47 1022 63
48 168 4
48 176 5
48 193 2
48 198 5
48 226 598
48 646 39
48 789 10
48 843 8
48 932 15
49 4 2
49 17 1144
49 310 2
49 313 3
50 9 15
50 528 2
51 377 2
51 516 3
52 46 2
52 256 8
52 390 5
52 899 2
53 146 4
54 718 2
56 89 2
56 267 13
56 544 124
56 560 6
57 5 2
57 33 2
57 448 29
58 113 16
58 470 8
59 58 93
59 453 2
59 583 27
60 3 2
60 5 3
60 33 16
60 112 4
60 948 2
61 644 57
61 648 3
62 521 2
62 612 6
64 1 2
64 26 8
64 192 7
64 194 4
64 197 2
64 203 5
64 272 528
64 370 9
64 465 4
64 481 65
64 686 2
64 756 2
64 771 5
64 780 6
64 790 2
65 25 4964
65 96 8
65 104 6
65 118 24
65 218 36
65 241 2874
65 274 3
65 421 41
65 571 2
65 614 10
66 140 2
66 545 6713
67 2 26
67 16 19
67 20 14
67 37 2
67 482 2
67 840 2
68 153 2
68 192 2
68 226 10
68 284 30
68 576 12933
69 138 2
69 466 4
69 529 2
69 572 3
69 768 3
70 109 2
70 212 32
70 431 6
70 608 2
70 642 2
70 646 2
70 648 2
70 672 16
71 1 4
71 264 15
71 409 5
71 700 3
72 8 8
72 37 2
72 280 12
72 437 17
72 533 3
72 961 23
73 39 2
73 999 4
74 512 3
74 548 4
74 600 22
74 768 10
74 1012 3
75 576 2
76 84 56
76 133 2
76 262 3
76 855 31
77 256 2
77 267 21
77 456 2
78 288 2
78 517 12
78 919 3
79 165 8
80 0 16
80 51 2
80 82 16
80 132 3
80 211 2
80 528 3
80 920 37
81 807 2
82 280 4
82 283 2
83 115 9
83 124 5
83 304 11
83 617 2
83 784 2
84 64 2
84 74 9
84 216 3
85 31 2
85 65 5
86 234 26
86 524 3
87 353 5
87 462 2
87 512 3
87 515 2
88 330 2
89 2 13
89 4 54
89 76 2
90 20 2
90 274 4
90 843 4
90 977 2
91 652 2
92 38 6
92 91 2
93 49 17
93 134 8
93 669 2
94 869 7
94 954 2
95 20 16
95 34 22
96 32 2
96 80 2
96 103 2
96 148 457
96 276 3
96 304 20
96 321 5
96 356 3
96 547 5
96 776 3
96 820 3
97 18 8
97 48 2
97 167 2
97 195 4
97 525 1611
98 14 11
98 352 2
98 401 30
98 928 35
99 117 488
99 134 6
99 249 39
100 128 119
100 752 3
100 768 2
100 901 2
101 70 2
101 124 2
101 169 2
101 392 2
101 599 69
102 6 2
102 78 9
102 166 8
102 264 2
103 704 22
104 26 4
104 64 2
104 132 2
104 313 9
104 512 2
104 673 3
105 3 3
105 296 2
106 516 18
106 652 2
107 3 9
107 129 2
108 514 29
108 825 68
109 707 12
112 0 6456
112 1 11
112 3 146
112 28 20
112 84 14
112 107 2
112 776 2
114 68 2
114 416 8
114 452 2
114 497 5
114 872 15
116 33 2
117 106 12
117 803 2
118 565 2
119 446 2
119 836 6
120 0 13
120 76 22
121 536 6
122 24 2
122 80 2
122 185 4
122 294 3
123 600 2
124 304 3
125 268 2
128 10 16
128 58 2
128 200 2
128 320 14
128 376 2
128 453 16
128 770 253
128 806 26
129 37 290
129 39 39
129 88 2
129 163 11
129 584 2
129 707 9
130 78 3
130 272 2
130 273 4
130 368 201
130 528 8
130 675 7
130 772 50
131 581 6
132 6 2
132 17 2
132 94 2
132 137 232
132 372 2
132 516 68
132 916 4
133 138 2
133 614 2
134 67 26
134 224 9
134 377 10
134 390 12
134 516 3
134 768 4
135 544 2
136 21 2
136 81 3
136 160 2
136 610 2
136 684 2
136 831 12
137 148 2
137 259 7
137 325 5
137 678 99
137 778 2
138 266 5
138 415 2
138 590 101953
138 902 2
139 426 14
139 865 2
140 72 2
140 143 5
140 464 2
140 724 4
140 776 2
141 2 4
141 521 2
142 641 8
143 116 2
143 144 46
143 187 6
143 286 88
143 642 3
144 18 2
144 68 36
144 248 3
144 257 8
144 433 28
144 520 13
144 800 2
145 2 24
145 67 11
145 94 3
145 184 2
145 216 2
145 273 2
145 392 2
145 513 10
145 576 2
146 69 15
146 146 178
146 396 2
147 513 8
147 522 5
148 1 2
148 24 2
148 130 169
148 139 3
148 146 4
148 464 2
148 515 2
148 912 5
149 20 16
149 633 7
149 649 3
150 141 9
150 160 2
150 656 2
151 102 2
151 132 2
151 207 2
151 250 867
153 26 2
153 151 3
153 171 2
153 592 5
153 598 2
153 833 4
153 961 2
156 54 2
156 133 26
156 521 2
156 814 3
157 404 2
158 104 13
159 526 9
160 34 2
160 81 3114
160 144 117
160 452 3
160 644 21
160 801 25
161 40 4
161 376 5
161 524 2
161 576 2
161 717 2
161 898 44
162 306 2
163 227 20
163 361 2
163 601 2
164 34 4
164 264 5
164 280 18
164 329 3
164 636 3
164 646 5
165 141 6
165 397 2
166 686 5
167 104 4
167 289 12
167 384 3
167 456 2
167 712 2
168 52 1353
168 67 5
168 68 8
168 98 4
168 480 3
169 351 2
169 514 2
171 144 2
171 810 5
172 8 9
172 32 9
172 569 4
172 664 4
174 493 2
174 582 2
175 863 2
176 137 2
176 270 3
176 824 18
176 864 2
176 916 2
177 128 2
177 280 2
177 560 4
177 744 2
178 100 4
178 144 2
178 580 3
178 797 8
179 429 2
180 19 6
180 152 2
180 600 4
181 331 2
181 768 2
181 964 2
182 300 2
182 672 859
182 728 2
184 161 3
184 664 2
185 5 41
185 42 3
185 391 7
186 272 5
186 582 22
187 800 2
188 4 2
192 43 4
192 72 2
192 177 6
192 392 59
192 524 2
192 536 3
192 713 9
192 898 212
192 904 9
192 999 10
193 8 3
193 28 6
193 120 3
193 131 2
193 162 3
193 375 2
193 422 4
193 775 2
194 321 16
194 677 2
196 81 18
196 377 2
197 297 2
197 592 22
197 611 7
197 769 17
198 3 67
198 196 177
198 812 12
200 146 13
200 445 2
200 577 8
200 924 2
201 98 2
203 654 3
204 520 14
205 457 11
206 80 2
206 530 2
208 14 5
208 534 3
209 55 8
209 513 2
209 564 3
210 1 2
210 882 2
211 4 17
212 34 14
212 69 5
212 285 2
212 673 3
213 64 8
214 585 8
216 66 7
216 792 2
218 86 4
219 389 9
220 176 2
222 532 2
222 852 123
225 257 548
225 316 2
225 948 2
226 35 2
226 157 28
227 592 2
227 838 22
228 32 2
230 9 3
231 261 7
231 290 2
232 5 26
232 80 13
232 130 2
232 480 2
233 212 2
233 912 2
234 848 6
234 917 8
235 281 4
237 91 166
238 642 14
239 370 2
239 560 3
240 18 2
240 799 2
240 914 12
241 206 10
242 156 2
244 33 18
244 932 11
245 705 2
246 64 2
247 626 2
248 0 2
248 290 2
248 902 2
250 46 33
253 636 13
256 1 143
256 4 2
256 5 5
256 68 4
256 69 2
256 243 8
256 262 9
256 344 7
256 416 15
256 512 2
256 616 2
256 705 2
256 764 25
256 772 2
256 804 231
256 904 4
256 963 24
256 992 2
257 0 4
257 156 8
257 268 2
257 272 2
257 544 2
257 806 25
257 912 5
257 920 46
257 945 2
258 24 2
258 34 24
258 36 10
258 138 5
258 265 5
258 673 16
258 810 2
258 880 13
259 100 2
259 226 3
259 268 5
259 327 4
259 532 20
260 131 14
260 256 3
260 295 2
260 522 15
260 545 15
260 678 2
261 67 10
261 72 6
261 356 2
261 672 2
261 995 2
262 32 3
262 134 23
262 193 2
262 1013 2
264 1 4
264 320 2
264 568 20
265 264 14
265 339 4
265 632 2
266 56 9
266 242 3
266 272 2
266 326 12
266 336 324
267 523 2
267 581 10
268 12 2
268 34 5
268 177 2
268 192 376
268 512 5
268 524 2
268 577 2
269 444 16
269 640 32
270 73 3
270 532 6
272 41 2
272 162 112
272 208 5
272 234 255
272 259 4
272 280 9
272 378 8
272 520 2
272 554 2
272 684 2
272 899 2
273 47 7
273 581 6
273 693 223
273 903 4
274 98 1142
274 334 2
275 4 17
275 16 1773
275 116 2
275 133 33
275 485 3
275 512 2
276 394 5
276 538 2
276 661 3
277 8 3
277 27 2
277 128 52
278 258 5
279 18 7
280 36 5
280 82 2
280 600 2
281 101 6
282 136 5
282 576 7
282 717 10
283 35 4
285 104 3
286 12 2
286 624 2
286 832 30
287 448 8
287 802 3
288 47 305
288 50 11
288 132 8
288 224 4
288 341 6
288 545 2
288 776 3
289 36 2
289 60 11
289 156 2
289 345 2
289 472 2
289 648 3
289 753 8
290 0 2
290 258 1300
290 328 2
290 388 2
291 610 4
291 768 2
291 967 14
292 7 2
292 19 8
292 134 2
292 162 10
292 524 2
292 593 12
293 256 121
293 960 12
294 742 2
294 864 2
296 57 2
296 84 23
296 260 2
296 288 5
296 336 2
296 516 2
297 389 2
297 544 5
297 742 126
298 75 12
299 291 2
301 274 2
304 6 2267
304 8 7
304 63 2
304 212 1377
304 258 15
304 292 2
305 11 256
305 34 4
305 163 4
305 576 3
306 36 9
306 550 6
308 583 7
308 640 5
308 692 2
308 832 12
308 848 2
310 44 2
312 514 2
314 376 2
314 518 2114
315 739 2
316 452 2
318 532 3
318 914 31
320 29 11
320 315 2
320 407 18
320 428 2
320 468 5
320 641 2
321 4 2
321 262 28
321 337 18
321 768 2
321 834 4
321 1008 4
322 0 2
322 80 2
322 272 10
322 416 10
322 899 2
322 902 332
323 360 14
323 515 59
324 16 10
324 106 6
324 179 8
324 200 2
324 513 4
324 530 5798
325 6 7
325 74 124847
325 145 3
325 192 12
326 11 15
326 32 2
326 116 2
326 280 2
326 443 21
327 698 4
328 45 12
329 258 4
329 836 5
330 8 9
330 204 147
331 512 6
332 456 5
334 265 19
334 288 8
335 83 13
336 18 3
336 100 2
336 576 5
337 833 2
338 33 369
338 169 17
340 0 2
340 106 7
340 704 6
340 763 2
341 576 2
342 15 159
342 168 4
343 475 16
344 676 2
345 728 13
346 11 12
346 89 2
347 11 21
347 149 2
347 313 14
348 128 2
348 395 2
349 12 10
352 409 12
352 419 9
352 514 57
352 680 9
352 794 751
352 860 118
353 389 90
353 684 2
354 25 10
354 30 27
354 836 14157
355 134 25
355 634 2
356 800 2
357 433 3
357 641 49
357 690 3
358 168 33
360 514 2
360 555 2
360 732 3
360 784 211
360 810 2
361 266 92
361 316 2
362 34 6
363 162 2
363 424 14
368 49 39
368 738 5
368 925 28
371 705 4
372 352 74
375 77 2
379 333 2
380 339 2
381 531 2
384 5 735
384 6 3
384 156 2
384 168 18
384 312 2
384 332 4
384 423 3
384 457 2
384 481 80
384 531 9
384 571 2
384 597 2
385 2 2
385 75 18
385 213 5
385 214 16
385 513 339
385 563 1037
386 64 3
386 73 2
386 158 9
386 160 2
386 206 3
386 846 2
386 849 3
386 912 4
387 297 2
387 545 2
387 1016 12
388 332 2
389 596 7
390 566 2
391 8 880
391 461 3
392 38 6
392 336 10
392 553 8
392 674 2
393 461 7
393 577 2
394 80 60
394 211 2
394 590 10
395 4 2
395 558 5
395 647 2
396 454 5
396 536 3
396 546 30
396 777 2
396 960 6
397 132 56
397 305 3
397 518 2
399 9 9
400 10 3
400 144 2
400 712 267
401 16 3
401 58 212
401 277 15
401 284 2
401 673 5
402 68 19
402 80 2
402 769 84
403 20 16
404 209 2
404 298 3
406 677 103
406 928 15
408 66 2
408 405 2
408 576 27
409 66 3
409 417 4
410 520 3
411 20 115
412 6 8
413 640 2
414 932 8
416 52 2
416 279 3
416 292 3
416 832 23
417 577 2
418 16 27
419 7 2
419 62 6
419 844 10
420 32 15
420 114 2
420 288 2
420 424 31
420 538 4
420 545 8
421 400 3
422 736 2
423 384 4
423 651 3
424 481 4
425 161 2
425 261 3
425 746 8
425 776 2
426 644 2
427 580 108
428 32 3
428 194 240595
428 620 2
428 880 2
430 8 2
430 68 2
430 203 12
433 24 6
433 398 2
434 734 2
436 597 10
436 641 2
437 2 20
441 21 6
442 146 2
442 691 10
444 769 14
444 801 20
448 92 17
448 513 2
449 321 4
450 450 5
452 48 6
452 136 2
452 488 4
452 513 3
453 368 2
453 661 2
454 9 78
454 437 2
455 640 2
456 367 3
456 376 2
456 774 3
457 906 3
458 101 5
460 197 6
460 462 2
460 566 62
461 625 21
463 916 2
464 265 2
464 928 2
465 531 6
465 761 3
465 902 2
467 211 2
470 713 12
472 226 7
472 256 2
473 6 2
473 800 66850
476 775 3
480 665 3
480 731 7
480 928 2
481 288 2
481 416 3
482 64 3
482 208 60
485 134 3
488 3 12
488 269 4
488 334 2
489 64 188
491 112 7
496 433 15
501 519 16
505 332 2
506 706 7
512 1 20
512 5 2
512 36 2
512 52 2
512 65 2
512 96 2
512 153 13
512 173 2
512 266 21
512 420 7
512 438 3
512 453 2
512 482 2
512 514 14
512 685 48
513 5 12
513 42 2
513 47 6
513 65 9
513 100 2
513 112 17
513 304 15
513 315 8
513 340 15
513 548 2
513 644 4
514 11 3
514 36 2
514 401 5
514 452 2
514 522 3
514 572 5
514 780 5
515 93 5
515 157 3
515 273 2
515 598 2
516 33 4
516 69 5
516 72 111
516 169 12
516 357 17
516 582 12
516 605 17
516 779 2
516 785 8104
517 0 2
517 8 10
517 34 11
517 177 2
517 233 4
517 281 5
517 525 2
517 676 2
517 768 13
518 0 8
518 41 6
518 66 2
518 517 9
519 517 6
519 944 8
520 164 5
520 296 19
520 328 5
520 436 2
520 785 6
520 812 36807
520 896 2
521 131 158
521 229 17
521 450 4
521 546 5
521 554 9
521 560 52
521 609 2
522 1 26
522 121 14
522 549 7
523 650 2
524 173 3
524 520 11
525 820 6
526 776 4
527 36 2
527 713 5
528 10 4
528 33 4
528 36 4
528 97 25
528 144 2
528 156 49
528 171 2
528 344 2
528 406 718
528 512 2
528 580 2
528 582 30
528 611 13
528 720 5
528 801 24
529 16 8
529 260 406
529 520 11
529 737 15
530 20 4
530 86 18
530 132 4
530 278 28
530 325 3
530 522 2
530 696 6
532 11 2
532 134 2
532 292 20
532 550 4
532 853 63
533 5 12
533 37 2
533 787 2
534 6 2
534 425 2
534 786 7
534 928 4
535 10 2
536 244 11
536 412 3
536 687 2
536 902 11
537 99 2
537 138 2
537 478 2
538 84 2
538 820 2
540 256 44
541 344 3
541 793 9
544 6 10
544 21 95
544 160 2
544 416 428
544 429 6
544 542 2
544 551 12
544 597 35
544 718 4
545 209 24
545 226 80
545 520 7
545 914 2
546 2 3
546 4 2
546 263 2
546 758 5295
546 900 3
547 265 880
547 427 2
547 577 2
548 512 4
548 577 2
548 586 2
549 68 19
549 97 6
549 146 2615
549 288 3
549 530 11
550 36 3
550 800 22
551 40 17
551 89 6
552 136 2
552 656 17
552 932 2
553 36 5
553 102 2
553 933 2
554 4 2
554 137 2
554 296 6
555 418 2
556 409 2
557 6 3
557 15 6
557 370 2
557 512 7
557 770 4
557 938 3
560 18 2
560 32 12
560 96 9
560 168 10
560 354 4
561 10 2
561 444 6
561 521 3
561 993 13
562 977 2
562 992 2
563 20 3
563 410 2
564 28 70
564 659 23
566 4 4
566 132 2
567 793 2
569 385 2
569 522 115
571 457 6
572 36 2
572 64 3315
572 370 2
572 777 10
573 797 8
573 886 16
574 18 3
574 533 4
574 696 2
576 4 2
576 5 2
576 19 7
576 76 6
576 133 2
576 172 3
576 193 4
576 228 6
576 325 2
576 371 2
576 525 4897
576 547 3
576 607 2
577 72 2
577 222 2
577 236 4
577 577 2
577 997 2
578 26 2
578 96 5
578 120 2
578 136 13
578 554 3
578 572 17
579 80 6
579 621 2
579 789 4
580 64 10
580 507 2
580 528 269
580 598 4
581 645 2
582 633 2
583 129 2
585 64 16
585 208 13
585 217 3
585 354 18
586 64 2
586 658 11
587 608 2
588 784 126
590 276 5
590 520 4
591 147 2
592 2 2
592 4 20
592 148 3
592 528 2
592 566 4
592 585 6
592 856 7
593 429 3
595 58 2
595 557 19
596 11 4
596 91 2
596 154 5
596 385 4
597 387 2
599 92 2
599 569 2
600 68 2
600 573 13
600 575 2
601 335 16
602 480 6
604 913 3
604 1006 6
605 80 45
607 288 2
607 393 6
608 176 14
608 522 2
608 576 4
608 648 2
609 28 2
609 210 4
609 225 236
609 526 18
609 768 12
610 24 5
611 125 2
612 170 2
612 534 2
614 265 2
614 936 2
616 450 29
617 374 2
617 908 2
618 70 13
618 1004 2
619 76 659
619 140 4
619 231 2
621 293 31
625 5 2
625 261 2
626 8 3
626 114 2
626 528 3
626 608 5
627 3 3
627 418 2
627 769 3
629 446 2
631 24 2
632 18 2
633 812 174
635 546 2
637 73 48
638 161 5
640 16 2
640 160 4
640 246 3
640 258 2
640 421 6
640 467 89
640 525 2
640 732 2
640 952 15
641 192 2
642 512 94
642 562 17
642 724 2
643 73 6
643 775 2
644 48 2
644 387 2
644 660 5
644 756 2
644 769 52
645 4 2
645 25 7
645 195 2
645 548 3
645 963 2
646 289 5
646 388 2
648 76 3
648 98 95
648 210 2
648 369 2
648 512 18
648 694 2
648 769 5
649 4 14
650 108 69
650 216 11
650 953 2
651 290 4
652 257 13
652 594 2
654 129 2
654 565 5
655 384 47
655 761 2
656 3 2
656 259 8
656 278 9
656 370 9
658 10 61
658 26 9
658 226 9
660 36 12
660 52 19
660 85 2
660 648 199
661 244 9
661 608 5
664 205 2
664 539 18
664 781 180
667 587 5
668 163 2
668 464 27
668 749 2
670 515 4
672 64 3
672 129 2
672 608 2
673 104 397
673 656 58
674 259 23
674 288 3
674 401 15
674 672 2
675 257 4
675 470 2
676 52 2
677 121 4
677 641 35
678 237 2
679 556 7
680 20 9
680 450 7
680 540 2
681 6 21
681 33 9
682 14 2
682 156 6
683 278 2
684 1008 7
686 426 2
686 593 2
688 385 8
690 110 4
692 260 5
692 914 4
693 397 6
693 522 2
694 6 2
694 768 2
694 931 5
695 517 2
695 585 17
696 885 5
697 710 26
700 18 4
700 229 3
700 864 2
701 34 2
701 941 16
704 34 5
704 76 3
704 135 1165
704 292 2
704 370 31
704 673 20
705 596 2
706 17 3
706 161 6
706 460 3
709 325 2
709 354 30
709 644 2
709 843 2
710 2 15
711 19 7
712 141 127
712 294 14
712 862 4747
713 593 2
713 837 2
716 842 7
719 512 22
720 7 7
720 144 2
720 803 57
721 104 2
721 323 139
721 584 2
722 82 11
722 100 7
722 258 2
722 393 2
722 398 3
722 464 2
724 20 10
724 596 68
725 44 4
725 65 262
728 227 4
729 578 2
730 332 4
732 834 2
736 24 6
737 64 6
737 288 11
737 610 2
738 970 5
740 235 17
740 778 2
740 801 2
741 260 394
743 787 9
744 124 2
744 280 23
744 762 5
745 63 2
746 386 2
751 506 2
752 261 4
752 786 11
754 32 2
759 130 4
760 220 5
760 257 2
760 300 6
761 435 3
763 668 23
765 513 2
768 68 61
768 226 41
768 326 19
768 502 2
768 666 37
768 736 2
768 738 4
769 34 2
769 773 2
770 256 82
770 515 17
770 663 19
771 128 3
771 793 18
771 800 2
772 0 2
772 32 59678
773 1 41
774 8 2
775 48 7
775 921 2
776 101 2
776 155 30
776 586 2
776 697 54
777 6 5
777 84 3
777 200 2
777 554 3
777 608 6
777 641 63
778 389 2
780 14 2
780 16 4
780 552 2
780 707 7
780 901 6
781 222 2
782 226 2
782 405 2
784 1 2
784 514 2
784 549 26
784 604 2
784 841 6
785 45 1082
785 257 3
786 142 10
786 521 12
786 576 9
786 914 2
787 199 59
788 324 4
788 332 2
792 16 36
792 274 2
792 540 2
793 52 3
793 628 6
795 422 57
795 661 2
798 776 6
799 433 9
800 9 2
800 73 2
800 97 5
800 133 1001
800 824 12
801 312 2
801 592 7
801 642 2
802 769 5
804 0 9
804 104 22
804 337 17
804 433 6
804 779 6
805 781 5
806 134 2
806 232 2
806 326 22
806 480 5
808 777 3
808 937 16
808 945 2
810 17 2
810 416 2
812 778 8
814 161 6
814 264 2
814 523 16
814 905 36
816 24 2
817 784 2
818 253 2
819 538 9
821 236 2
822 211 2
824 392 2
828 592 21
830 356 20
832 16 6
832 21 10
832 30 2
832 43 4
832 281 18
832 328 4
832 427 15
832 518 7
832 548 5
833 999 11
834 67 3
834 104 7
834 148 2
834 912 19
835 264 11
835 392 7
835 583 28
836 86 3
836 388 2
836 485 11
839 21 23
840 96 2
840 545 5
840 800 2
841 32 2
841 370 4
842 132 113
842 200 2
843 939 7
844 584 20
845 561 11
845 624 5
848 90 196
848 899 23
849 792 34
849 1018 26
850 308 2
850 776 3
851 195 2
852 2 13
852 72 2
852 824 3
854 681 165
856 866 3
857 42 2
862 130 16
863 516 60
864 23 373
864 786 8
867 998 3
868 332 2
870 6 7
870 68 102
871 264 2
872 32 9
872 50 2
873 9 85
874 360 2
875 164 2
878 258 4
882 42 2
882 591 4
882 778 13
895 603 44
896 330 2
896 868 2
897 39 56
897 115 2
897 523 21
898 336 2
898 699 27
899 537 35
900 4 2
902 131 419
902 420 172
903 339 2
904 112 2
904 231 2
904 552 4
904 888 2
904 929 2
905 196 2
905 248 7
905 540 3
905 572 38
906 137 2
906 194 7
906 328 4
908 456 19
910 614 6
911 5 5
911 10 6
911 896 13
912 85 9
914 216 2
914 669 37
914 968 4
915 431 4
916 742 2
916 777 6
917 560 641
917 912 2
918 0 2
921 272 2
921 320 6
922 8 19
922 784 2
924 33 7
928 384 3
929 10 65
929 316 2
930 547 4
930 720 4
931 230 2
931 657 4
932 274 24
933 657 102
934 94 8
938 316 2
938 552 9
941 771 2
944 165 2
944 756 9
945 456 2
947 568 2
948 9 2
951 818 1844
960 358 6
961 131 2
961 291 17
961 472 43
961 481 2
965 937 24
966 192 5
966 197 7
966 555 2
968 51 2
968 352 13
968 360 2
969 313 40
969 769 114
970 180 1355
975 205 2
976 321 15
976 779 5
977 22 3
977 34 3
977 549 48
984 324 4
984 483 22
985 268 5
986 772 14
987 962 2
988 366 42
990 35 19
996 36 2
996 836 2
998 179 2
1000 260 10
1002 912 4
1004 129 4
1011 36 10
1013 316 1958
1018 358 2
1020 371 24
1020 385 3
1021 643 2
