0 4 12
0 8 2
0 9 14
0 29 78
0 47 3
0 112 7
0 135 2
0 150 2
0 166 2
0 215 5
0 256 74
0 259 5
0 415 5
0 618 2
0 646 2
0 670 8
0 674 732366
0 679 2
0 704 5
0 843 8669
0 902 4
0 936 47
1 7 14
1 30 2
1 37 10
1 135 8
1 228 7
1 292 29
1 481 2
1 535 156
1 565 2
1 644 2
1 768 14
1 825 6
1 920 2
2 0 2
2 3 3
2 8 2
2 48 3
2 267 2
2 328 2
2 523 14
2 826 2
3 24 4
3 131 8
3 272 4
3 277 333
3 530 7
3 592 2
3 652 24
3 817 24
4 0 33
4 4 2
4 15 3
4 24 3
4 50 11
4 60 27
4 64 2
4 248 2
4 284 49
4 293 6
4 368 16
4 517 2
4 576 128
4 683 2
4 774 2
4 803 16
4 808 6
5 18 2
5 216 4
5 584 8
5 887 2
6 3 2
6 148 4
6 212 2
6 259 2
6 267 2
6 268 4
6 512 2
6 798 7
6 1002 16
7 81 2
7 110 3
7 237 2
7 715 3
8 1 22
8 2 4
8 19 2
8 32 4
8 42 8
8 58 213
8 202 5
8 273 4
8 386 11
8 393 2
8 486 17
8 552 2
8 642 2
8 656 7
8 735 2
8 850 36
8 902 3
9 43 2
9 274 3
9 416 3
9 526 3
9 907 13
10 13 5
10 40 4
10 75 3
10 84 3
10 160 8
10 518 26
10 584 42
10 599 10
10 680 7
11 204 5
11 752 3
11 779 27
12 0 83
12 24 85
12 55 2
12 65 4
12 128 5
12 269 5
12 366 5
12 634 29
13 66 2664
13 224 227396
13 320 2
14 127 3
14 152 20
14 210 104
14 321 5
14 376 2
14 584 2
14 616 5
15 352 7
15 854 2
16 24 4
16 64 7
16 96 11
16 132 2
16 148 2
16 643 2
17 48 2
17 258 2
18 203 4
18 215 4
18 290 2
18 641 2
18 645 2
19 7 3
19 657 2
19 709 436
20 1 23
20 10 2
20 36 2
20 323 3816
20 786 2
21 116 5
21 258 2
21 308 2
22 24 2
22 133 6
22 281 6
22 565 2
23 770 2
23 886 26
24 9 90
24 533 28
24 781 3
24 786 2
24 848 3
24 944 829
25 523 2
25 592 17
26 20 13
26 22 10
26 109 3
27 130 5
27 210 2
27 547 2
27 549 2
28 42 2
28 72 2
28 146 19
28 192 4
28 624 2
28 647 2
29 1 2
29 5 2
29 809 6
30 52 9
30 129 2
30 588 4
31 77 2
31 561 6
32 16 7
32 33 20
32 42 68
32 72 13
32 196 12
32 204 2
32 211 2
32 219 70
32 276 2
32 388 6
32 414 2
32 514 2
32 641 10
32 759 14
32 803 3
32 848 14
33 2 2
33 3 6060
33 26 9
33 277 12
33 320 3
33 544 3
33 785 3
33 898 9
34 324 25
34 561 27
34 663 2
34 720 2
34 800 2
35 65 4
35 266 14
35 689 2
36 12 4830
36 48 96
36 257 17
36 288 35
36 320 2
36 448 35
36 555 13
36 705 95
37 13 5
37 364 100
37 520 5
37 594 12
37 640 11
37 673 6
38 180 2
38 204 2
38 544 3
39 3 2
39 48 19
39 520 2
40 9 6
40 20 2
40 256 3180
40 512 10
40 528 19
40 605 168648
40 645 2
40 756 2
40 761 8
40 840 2
40 980 398
41 96 3
41 263 5
41 276 68
41 321 2
41 513 3
41 987 3
42 42 2
42 140 2
42 411 2
42 778 55
42 839 8
43 1 2
43 546 4
44 12 7
44 47 2
44 430 10
44 524 2
44 794 72
45 23 16
45 50 3
45 266 2
45 615 2
45 808 6
45 844 25
46 57 6
47 1022 15
48 168 11
48 176 16
48 193 16
48 198 11
48 226 2
48 646 2
48 789 2
48 843 5
48 932 7
49 4 6
49 17 2
49 310 20
49 313 2
50 9 5
50 528 2918
51 377 6
51 516 2
52 46 3
52 256 2
52 390 3
52 899 799
53 146 4
54 718 2
56 89 4
56 267 3
56 544 2
56 560 7
57 5 68
57 33 3
57 448 3
58 113 5
58 470 5
59 58 4
59 453 13
59 583 11
60 3 5
60 5 2
60 33 4
60 112 2
60 948 64
61 644 3
61 648 7
62 521 2
62 612 2
64 1 2
64 26 2
64 192 2
64 194 2
64 197 4
64 203 29
64 272 2
64 370 44
64 465 61
64 481 408
64 686 2
64 756 5
64 771 12
64 780 2
64 790 76
65 25 7
65 96 14
65 104 2
65 118 6
65 218 2
65 241 3974
65 274 2
65 421 15
65 571 4
65 614 2
66 140 2
66 545 2
67 2 2
67 16 6
67 20 2
67 37 5
67 482 7
67 840 2
68 153 2
68 192 2
68 226 2
68 284 36
68 576 2
69 138 31182
69 466 25
69 529 2
69 572 2
69 768 4
70 109 2
70 212 2
70 431 5
70 608 2
70 642 2
70 646 2
70 648 5
70 672 14
71 1 19
71 264 7
71 409 16
71 700 8
72 8 20
72 37 2
72 280 11
72 437 2
72 533 3
72 961 8
73 39 2
73 999 2
74 512 5
74 548 58
74 600 6
74 768 4
74 1012 2
75 576 59
76 84 2
76 133 4
76 262 10
76 855 12
77 256 2
77 267 15
77 456 2
78 288 2
78 517 2
78 919 3
79 165 2
80 0 2
80 51 2
80 82 11
80 132 4
80 211 3
80 528 2
80 920 13
81 807 2
82 280 4
82 283 2
83 115 10
83 124 2
83 304 2
83 617 7
83 784 2
84 64 3
84 74 3
84 216 13
85 31 2
85 65 2
86 234 34
86 524 10
87 353 3
87 462 2
87 512 2
87 515 2
88 330 3
89 2 3
89 4 2
89 76 2
90 20 2
90 274 17
90 843 7
90 977 56
91 652 16
92 38 20
92 91 3
93 49 9
93 134 121
93 669 24
94 869 92
94 954 2
95 20 18
95 34 2
96 32 2
96 80 2
96 103 2
96 148 2
96 276 6
96 304 7
96 321 15
96 356 12
96 547 12
96 776 9
96 820 2
97 18 12
97 48 16
97 167 2
97 195 2
97 525 2
98 14 8
98 352 2
98 401 2
98 928 4
99 117 2
99 134 2
99 249 18
100 128 91
100 752 2
100 768 2
100 901 2
101 70 2
101 124 6
101 169 3
101 392 2
101 599 2
102 6 2
102 78 9
102 166 5
102 264 59
103 704 10
104 26 16
104 64 2
104 132 4
104 313 25
104 512 8
104 673 2
105 3 4
105 296 2
106 516 2
106 652 3
107 3 2
107 129 5
108 514 4
108 825 2
109 707 2
112 0 3
112 1 9
112 3 2
112 28 15
112 84 13
112 107 104
112 776 2
114 68 2
114 416 9
114 452 2
114 497 13
114 872 4
116 33 21
117 106 38
117 803 5
118 565 2
119 446 64
119 836 2
120 0 10
120 76 10
121 536 2
122 24 5
122 80 41
122 185 9
122 294 9
123 600 38
124 304 68
125 268 2
128 10 2
128 58 2
128 200 2
128 320 2
128 376 2
128 453 3
128 770 2
128 806 10
129 37 2
129 39 12
129 88 177
129 163 4
129 584 4
129 707 4
130 78 5
130 272 2
130 273 2
130 368 2
130 528 23
130 675 2
130 772 8
131 581 4
132 6 2
132 17 11
132 94 3
132 137 3
132 372 13
132 516 2
132 916 7
133 138 2
133 614 2
134 67 15
134 224 5
134 377 17
134 390 4
134 516 4232
134 768 38
135 544 2
136 21 3
136 81 2
136 160 2
136 610 2
136 684 3
136 831 26
137 148 19
137 259 13
137 325 2
137 678 2
137 778 2
138 266 4
138 415 2
138 590 2
138 902 8
139 426 9
139 865 2
140 72 2
140 143 3372
140 464 2
140 724 3
140 776 2
141 2 15
141 521 6
142 641 5
143 116 18
143 144 2
143 187 2
143 286 2
143 642 4
144 18 2
144 68 2
144 248 69
144 257 5
144 433 3
144 520 4
144 800 15
145 2 2
145 67 2
145 94 2
145 184 2
145 216 48
145 273 2
145 392 2
145 513 5
145 576 6
146 69 2
146 146 5
146 396 56
147 513 2
147 522 2
148 1 2
148 24 2
148 130 39
148 139 2
148 146 7
148 464 2
148 515 2
148 912 18
149 20 4
149 633 8
149 649 2
150 141 27
150 160 4
150 656 12
151 102 2
151 132 2
151 207 3
151 250 209
153 26 13
153 151 15
153 171 47
153 592 2
153 598 3
153 833 6
153 961 9
156 54 13
156 133 2
156 521 2
156 814 2
157 404 4
158 104 3
159 526 12
160 34 2
160 81 2
160 144 172
160 452 2
160 644 7
160 801 2
161 40 19
161 376 6
161 524 499
161 576 12
161 717 2
161 898 2
162 306 7
163 227 3
163 361 5
163 601 21
164 34 8
164 264 5
164 280 2
164 329 4
164 636 2
164 646 2
165 141 5
165 397 5
166 686 8
167 104 4
167 289 47
167 384 10
167 456 2
167 712 35400
168 52 2
168 67 8
168 68 4
168 98 2
168 480 2
169 351 3
169 514 4
171 144 5
171 810 2
172 8 3
172 32 10
172 569 5
172 664 2
174 493 11360
174 582 16
175 863 3
176 137 888
176 270 44
176 824 15
176 864 4
176 916 8
177 128 2
177 280 10
177 560 2
177 744 2
178 100 2
178 144 8
178 580 2
178 797 3
179 429 2
180 19 3
180 152 3
180 600 7
181 331 2
181 768 120
181 964 2
182 300 2
182 672 2
182 728 2
184 161 2423
184 664 2
185 5 2
185 42 51
185 391 7
186 272 7
186 582 7
187 800 4
188 4 20
192 43 18
192 72 2
192 177 8
192 392 3
192 524 3
192 536 6
192 713 256
192 898 134
192 904 11
192 999 2
193 8 2
193 28 5
193 120 8
193 131 2
193 162 5
193 375 31
193 422 3
193 775 7
194 321 2
194 677 2
196 81 5
196 377 3
197 297 2
197 592 15
197 611 15
197 769 7
198 3 2
198 196 3
198 812 7
200 146 4
200 445 41
200 577 2
200 924 2
201 98 3
203 654 2
204 520 6
205 457 2
206 80 98
206 530 2
208 14 2
208 534 2
209 55 3
209 513 12
209 564 8
210 1 9
210 882 8
211 4 79
212 34 7
212 69 15
212 285 265
212 673 2
213 64 6
214 585 2
216 66 12
216 792 2
218 86 7
219 389 2
220 176 6
222 532 2
222 852 594
225 257 533
225 316 2
225 948 6
226 35 9
226 157 2
227 592 6
227 838 7
228 32 2
230 9 2
231 261 8
231 290 4
232 5 4
232 80 6
232 130 2
232 480 2
233 212 3
233 912 2
234 848 2
234 917 7
235 281 2
237 91 3
238 642 22
239 370 2
239 560 16
240 18 2
240 799 13
240 914 15
241 206 2
242 156 24
244 33 31
244 932 13
245 705 2
246 64 17
247 626 2
248 0 5
248 290 6
248 902 75
250 46 279
253 636 24
256 1 86
256 4 2
256 5 3
256 68 2
256 69 10
256 243 4
256 262 29
256 344 19
256 416 6
256 512 432
256 616 3
256 705 2
256 764 6
256 772 2
256 804 7
256 904 3
256 963 5
256 992 2
257 0 10
257 156 48
257 268 2
257 272 6
257 544 10
257 806 26
257 912 4
257 920 49
257 945 2
258 24 2
258 34 3
258 36 9
258 138 6
258 265 2
258 673 2
258 810 2
258 880 12
259 100 99
259 226 4
259 268 7
259 327 2
259 532 8
260 131 2
260 256 6
260 295 69
260 522 5
260 545 2
260 678 2
261 67 7
261 72 10
261 356 98
261 672 2
261 995 10
262 32 3
262 134 2
262 193 14
262 1013 2
264 1 6
264 320 2
264 568 14
265 264 2
265 339 5
265 632 3
266 56 6
266 242 2
266 272 2
266 326 20
266 336 421
267 523 2
267 581 2
268 12 2
268 34 2
268 177 3
268 192 8
268 512 14
268 524 5
268 577 92
269 444 10
269 640 3
270 73 2
270 532 3
272 41 27
272 162 14
272 208 2
272 234 8
272 259 6
272 280 23
272 378 26
272 520 2
272 554 2
272 684 2
272 899 11
273 47 7
273 581 8
273 693 2
273 903 18
274 98 30
274 334 2
275 4 9
275 16 2
275 116 2
275 133 8
275 485 7
275 512 2
276 394 7
276 538 10
276 661 9
277 8 2
277 27 2
277 128 5
278 258 706
279 18 2839
280 36 4
280 82 214
280 600 2
281 101 2
282 136 4
282 576 12
282 717 2
283 35 2
285 104 2
286 12 8
286 624 193
286 832 59
287 448 2
287 802 9
288 47 103437
288 50 5
288 132 7
288 224 9
288 341 3
288 545 2
288 776 21
289 36 2
289 60 36
289 156 2
289 345 3
289 472 15
289 648 7
289 753 3
290 0 9
290 258 16
290 328 2
290 388 32
291 610 9
291 768 4
291 967 2
292 7 2
292 19 3
292 134 53
292 162 10
292 524 2
292 593 2
293 256 135
293 960 3
294 742 14
294 864 240
296 57 171
296 84 14
296 260 10
296 288 2
296 336 2
296 516 2
297 389 12
297 544 2
297 742 9
298 75 5
299 291 2
301 274 7
304 6 14
304 8 2
304 63 3
304 212 2
304 258 2
304 292 24
305 11 2
305 34 3
305 163 2
305 576 2
306 36 2
306 550 2
308 583 3
308 640 2
308 692 7
308 832 32
308 848 181
310 44 2
312 514 19
314 376 2
314 518 4
315 739 2
316 452 2
318 532 3
318 914 2
320 29 5
320 315 2
320 407 9
320 428 2
320 468 28
320 641 40
321 4 2
321 262 7
321 337 15
321 768 2
321 834 2
321 1008 2
322 0 2
322 80 50
322 272 6
322 416 4
322 899 2
322 902 2
323 360 6
323 515 53
324 16 28
324 106 2
324 179 23
324 200 209
324 513 3
324 530 2
325 6 2
325 74 2
325 145 2
325 192 9
326 11 7
326 32 146
326 116 2
326 280 3
326 443 2
327 698 2
328 45 7
329 258 2
329 836 3
330 8 9
330 204 98
331 512 11
332 456 2
334 265 60
334 288 7
335 83 8
336 18 3
336 100 212
336 576 2
337 833 4
338 33 2884
338 169 271
340 0 2
340 106 21
340 704 2
340 763 6
341 576 8
342 15 5
342 168 13
343 475 11
344 676 2
345 728 5
346 11 5
346 89 2
347 11 2
347 149 2
347 313 10
348 128 2
348 395 3
349 12 3
352 409 3
352 419 2
352 514 2
352 680 7
352 794 2
352 860 12
353 389 8
353 684 4
354 25 3
354 30 13
354 836 2
355 134 2
355 634 32
356 800 2
357 433 3
357 641 24
357 690 64
358 168 2
360 514 2
360 555 2
360 732 5
360 784 45
360 810 11
361 266 2
361 316 2
362 34 3
363 162 2
363 424 3
368 49 108
368 738 2
368 925 2
371 705 2
372 352 2
375 77 1564
379 333 11
380 339 2
381 531 26
384 5 39
384 6 2
384 156 2
384 168 6
384 312 47
384 332 2
384 423 2
384 457 3
384 481 1229
384 531 3
384 571 8
384 597 10
385 2 12
385 75 2
385 213 22
385 214 2
385 513 2
385 563 103
386 64 2
386 73 5
386 158 4
386 160 2
386 206 2
386 846 18
386 849 3
386 912 6
387 297 3
387 545 61
387 1016 2
388 332 67
389 596 3
390 566 7
391 8 2
391 461 2
392 38 7
392 336 11
392 553 3
392 674 54
393 461 6
393 577 6
394 80 2
394 211 5
394 590 2
395 4 2
395 558 2
395 647 5
396 454 13
396 536 5
396 546 13
396 777 5
396 960 4
397 132 2
397 305 2
397 518 55
399 9 5
400 10 11
400 144 2
400 712 4
401 16 2
401 58 2
401 277 3
401 284 2
401 673 22
402 68 11
402 80 2
402 769 2
403 20 12
404 209 18
404 298 4
406 677 2
406 928 12
408 66 1117
408 405 2
408 576 2
409 66 27
409 417 3
410 520 2
411 20 48
412 6 12
413 640 15
414 932 2
416 52 7
416 279 5
416 292 16
416 832 7
417 577 11
418 16 2
419 7 87
419 62 9
419 844 11
420 32 2
420 114 3
420 288 2
420 424 6
420 538 5
420 545 17
421 400 14
422 736 2
423 384 7
423 651 23
424 481 2
425 161 2
425 261 3
425 746 8
425 776 2
426 644 2
427 580 31
428 32 442
428 194 2
428 620 9951
428 880 18
430 8 2
430 68 2
430 203 13
433 24 1733
433 398 2
434 734 2
436 597 6
436 641 128
437 2 2
441 21 6
442 146 7
442 691 2
444 769 82
444 801 17
448 92 22
448 513 4
449 321 6
450 450 26
452 48 4
452 136 4
452 488 2
452 513 2
453 368 2
453 661 9
454 9 2
454 437 2
455 640 2
456 367 9
456 376 2
456 774 2
457 906 2
458 101 10
460 197 21
460 462 3
460 566 5
461 625 2
463 916 16
464 265 2
464 928 4
465 531 11
465 761 5
465 902 30
467 211 2
470 713 2
472 226 2
472 256 2
473 6 14
473 800 2
476 775 2
480 665 2
480 731 2
480 928 22
481 288 6
481 416 2
482 64 4
482 208 2
485 134 2
488 3 3
488 269 4
488 334 3
489 64 68
491 112 2
496 433 31
501 519 2
505 332 3
506 706 2
512 1 2
512 5 2
512 36 2
512 52 2
512 65 2
512 96 2
512 153 38
512 173 4
512 266 20
512 420 3
512 438 2
512 453 2
512 482 2
512 514 6
512 685 2
513 5 351
513 42 2
513 47 22
513 65 11
513 100 3
513 112 12
513 304 5
513 315 7
513 340 8
513 548 2
513 644 15
514 11 8
514 36 3
514 401 10
514 452 2
514 522 4
514 572 2
514 780 7
515 93 3
515 157 2
515 273 2
515 598 12
516 33 4
516 69 2
516 72 513
516 169 4
516 357 2
516 582 4
516 605 56
516 779 23
516 785 2
517 0 6
517 8 12
517 34 8
517 177 2
517 233 6
517 281 5
517 525 2
517 676 2
517 768 4
518 0 2
518 41 9
518 66 23
518 517 10
519 517 3
519 944 12
520 164 2
520 296 10
520 328 30
520 436 21
520 785 5
520 812 2
520 896 2
521 131 105
521 229 12
521 450 2
521 546 3
521 554 3
521 560 25
521 609 35
522 1 7
522 121 10
522 549 9
523 650 4
524 173 110
524 520 6
525 820 14
526 776 7
527 36 113
527 713 2
528 10 8
528 33 14
528 36 31
528 97 2
528 144 18
528 156 2
528 171 2
528 344 478
528 406 17922
528 512 2
528 580 2
528 582 2
528 611 6
528 720 2
528 801 2
529 16 9
529 260 2
529 520 19
529 737 93
530 20 2
530 86 4
530 132 2
530 278 2
530 325 2
530 522 2
530 696 6
532 11 2
532 134 2
532 292 15
532 550 2
532 853 2
533 5 184
533 37 4
533 787 8
534 6 5
534 425 2
534 786 2
534 928 6
535 10 2
536 244 10
536 412 13
536 687 2
536 902 2
537 99 2
537 138 2
537 478 22
538 84 14761
538 820 2
540 256 2
541 344 13
541 793 4
544 6 2
544 21 9
544 160 4
544 416 2
544 429 5
544 542 12
544 551 8
544 597 11
544 718 9
545 209 2
545 226 2
545 520 20
545 914 2
546 2 2
546 4 81
546 263 3
546 758 2
546 900 5
547 265 4
547 427 2
547 577 2
548 512 3
548 577 2
548 586 19
549 68 2
549 97 6
549 146 7
549 288 7
549 530 2
550 36 2
550 800 2
551 40 5
551 89 2
552 136 17
552 656 8
552 932 2
553 36 34
553 102 787
553 933 123
554 4 2
554 137 3
554 296 5
555 418 2
556 409 2
557 6 2
557 15 196
557 370 3
557 512 5
557 770 3
557 938 14
560 18 2
560 32 9
560 96 11
560 168 2
560 354 3
561 10 22
561 444 2
561 521 2
561 993 2
562 977 2
562 992 2
563 20 12
563 410 14
564 28 2
564 659 2
566 4 5
566 132 13
567 793 18
569 385 67
569 522 2
571 457 2
572 36 794
572 64 8
572 370 2
572 777 2
573 797 8
573 886 5
574 18 6
574 533 27
574 696 3
576 4 2
576 5 2
576 19 17
576 76 2
576 133 178
576 172 2
576 193 3
576 228 2
576 325 58
576 371 3
576 525 2
576 547 23
576 607 41
577 72 2
577 222 13
577 236 10
577 577 2
577 997 15
578 26 11
578 96 10
578 120 2
578 136 5
578 554 2
578 572 2
579 80 2
579 621 2
579 789 4
580 64 2
580 507 30
580 528 3700
580 598 4
581 645 129
582 633 2
583 129 5
585 64 7
585 208 2
585 217 6
585 354 25
586 64 2
586 658 2
587 608 2
588 784 2
590 276 8
590 520 2
591 147 16
592 2 2
592 4 5
592 148 21
592 528 3
592 566 2
592 585 87
592 856 5
593 429 7
595 58 4
595 557 6
596 11 4
596 91 87
596 154 2
596 385 5
597 387 2
599 92 2
599 569 2
600 68 4
600 573 13
600 575 2
601 335 4
602 480 4
604 913 2
604 1006 2
605 80 2
607 288 2
607 393 2
608 176 6
608 522 2
608 576 4
608 648 2
609 28 2
609 210 2
609 225 2
609 526 2
609 768 4
610 24 2
611 125 14
612 170 4
612 534 2
614 265 3
614 936 3
616 450 54
617 374 2
617 908 67
618 70 5
618 1004 2
619 76 149
619 140 8
619 231 2
621 293 9
625 5 12
625 261 2
626 8 7
626 114 4
626 528 2
626 608 14
627 3 18
627 418 2
627 769 25
629 446 2
631 24 2
632 18 7
633 812 2
635 546 2
637 73 2
638 161 2
640 16 2
640 160 2
640 246 2
640 258 5
640 421 4
640 467 15
640 525 2
640 732 4
640 952 2
641 192 2
642 512 120
642 562 6
642 724 2
643 73 4
643 775 2
644 48 2
644 387 6
644 660 2
644 756 43
644 769 20
645 4 18
645 25 7
645 195 20
645 548 41
645 963 2
646 289 6
646 388 2
648 76 4
648 98 2
648 210 13
648 369 2
648 512 2
648 694 2
648 769 14
649 4 2
650 108 13
650 216 3
650 953 4
651 290 5
652 257 2
652 594 7
654 129 164
654 565 8
655 384 5
655 761 487
656 3 2
656 259 13
656 278 16
656 370 68
658 10 10
658 26 5
658 226 27
660 36 7
660 52 2
660 85 2
660 648 2
661 244 6
661 608 13
664 205 2
664 539 4
664 781 2
667 587 7
668 163 52
668 464 12
668 749 10
670 515 5
672 64 2
672 129 2
672 608 3
673 104 5
673 656 3
674 259 14
674 288 2
674 401 2
674 672 82
675 257 5
675 470 2
676 52 6
677 121 29
677 641 2
678 237 2
679 556 18
680 20 2
680 450 9
680 540 3
681 6 5
681 33 8
682 14 10
682 156 16
683 278 19
684 1008 11
686 426 3
686 593 2
688 385 49
690 110 4
692 260 232
692 914 14
693 397 2
693 522 5
694 6 8
694 768 2
694 931 17
695 517 14
695 585 17
696 885 2
697 710 21
700 18 4
700 229 6
700 864 8
701 34 2
701 941 7
704 34 4
704 76 5
704 135 2
704 292 2
704 370 2
704 673 2
705 596 2
706 17 8
706 161 7
706 460 2
709 325 13
709 354 2996
709 644 2
709 843 5
710 2 2
711 19 3
712 141 2
712 294 9
712 862 3
713 593 2
713 837 2
716 842 4
719 512 2
720 7 2
720 144 2
720 803 10
721 104 19
721 323 4
721 584 2
722 82 124
722 100 20
722 258 2
722 393 2
722 398 4
722 464 2
724 20 10
724 596 2
725 44 2
725 65 773
728 227 16
729 578 9
730 332 3
732 834 2
736 24 2
737 64 4
737 288 3
737 610 2
738 970 43
740 235 2
740 778 2
740 801 11
741 260 2
743 787 10
744 124 2
744 280 2
744 762 59
745 63 2
746 386 74
751 506 2
752 261 2
752 786 73
754 32 2
759 130 8
760 220 5
760 257 2
760 300 122
761 435 1423
763 668 2
765 513 2
768 68 2
768 226 10
768 326 2
768 502 2
768 666 116
768 736 2
768 738 3
769 34 2
769 773 2
770 256 2
770 515 2
770 663 16
771 128 7
771 793 2
771 800 2
772 0 2
772 32 533
773 1 3
774 8 2
775 48 2
775 921 2
776 101 2
776 155 2
776 586 2
776 697 4
777 6 5
777 84 2
777 200 2
777 554 3
777 608 3
777 641 122
778 389 16
780 14 6
780 16 3
780 552 4
780 707 2
780 901 5
781 222 25
782 226 6
782 405 2
784 1 2
784 514 4
784 549 3
784 604 4
784 841 6
785 45 2
785 257 6
786 142 5
786 521 3
786 576 8
786 914 2
787 199 2
788 324 22
788 332 2
792 16 10
792 274 2
792 540 2
793 52 11
793 628 2
795 422 9
795 661 9
798 776 8
799 433 3
800 9 133
800 73 2
800 97 2
800 133 2
800 824 7
801 312 5
801 592 4
801 642 6
802 769 4
804 0 2
804 104 3
804 337 9
804 433 2
804 779 2
805 781 2
806 134 2
806 232 6
806 326 2
806 480 2
808 777 18
808 937 2
808 945 97
810 17 3
810 416 4
812 778 32
814 161 141
814 264 2
814 523 2
814 905 2
816 24 18
817 784 5
818 253 853
819 538 4
821 236 2
822 211 2
824 392 6
828 592 2
830 356 10
832 16 2
832 21 19
832 30 2
832 43 3
832 281 2
832 328 4
832 427 8
832 518 3
832 548 2
833 999 6
834 67 5
834 104 5
834 148 45
834 912 3
835 264 14
835 392 4
835 583 2
836 86 10
836 388 6
836 485 17
839 21 4
840 96 2
840 545 3
840 800 2
841 32 397
841 370 2
842 132 3
842 200 3
843 939 15
844 584 10
845 561 12
845 624 4
848 90 2
848 899 1083
849 792 2
849 1018 3
850 308 7
850 776 4
851 195 17
852 2 2
852 72 5
852 824 2
854 681 5
856 866 7
857 42 163
862 130 8
863 516 32
864 23 290
864 786 3
867 998 18
868 332 2
870 6 15
870 68 5
871 264 8
872 32 5
872 50 2
873 9 2
874 360 2
875 164 567
878 258 5
882 42 6
882 591 9
882 778 3
895 603 7
896 330 296
896 868 18
897 39 2
897 115 2
897 523 5
898 336 2
898 699 18
899 537 2
900 4 2
902 131 2
902 420 2
903 339 5
904 112 96
904 231 2
904 552 15793
904 888 5
904 929 2
905 196 2
905 248 3
905 540 2
905 572 142
906 137 2
906 194 2
906 328 3
908 456 2
910 614 3
911 5 3
911 10 3
911 896 8
912 85 11
914 216 3
914 669 324
914 968 24
915 431 11
916 742 2
916 777 17
917 560 1035
917 912 3
918 0 2
921 272 21
921 320 11
922 8 11
922 784 3
924 33 8
928 384 2
929 10 2
929 316 750
930 547 13
930 720 2
931 230 3
931 657 8
932 274 3
933 657 72
934 94 2
938 316 86
938 552 10
941 771 2
944 165 2
944 756 13
945 456 57
947 568 28
948 9 15
951 818 2
960 358 7
961 131 2
961 291 15
961 472 2
961 481 2
965 937 2
966 192 9
966 197 3
966 555 2
968 51 2
968 352 3
968 360 2
969 313 17
969 769 108
970 180 2
975 205 2
976 321 43
976 779 5
977 22 2
977 34 5
977 549 3
984 324 8
984 483 4
985 268 2
986 772 7
987 962 8
988 366 2
990 35 2
996 36 24
996 836 13
998 179 2
1000 260 6
1002 912 37
1004 129 2
1011 36 2
1013 316 1239
1018 358 4
1020 371 3
1020 385 2
1021 643 2
