0 4 15
0 8 10
0 9 7
0 17 2
0 18 2
0 29 2
0 47 5
0 112 25
0 135 5
0 150 2
0 156 89
0 256 2
0 265 10
0 274 9
0 321 2
0 352 2
0 415 55
0 552 2
0 618 10
0 646 154
0 674 19
0 843 19
0 917 188
0 936 2
1 15 74
1 30 3
1 37 2
1 135 16
1 357 2
1 481 2
1 535 3
1 644 3
1 768 2
1 825 3
1 920 3
2 0 3
2 8 2
2 48 3
2 132 28
2 167 2
2 260 10
2 267 2
2 328 2
2 523 2
2 826 3
3 24 1177
3 277 2
3 530 2
3 652 6
3 817 2
4 0 12
4 4 2
4 15 8
4 24 2
4 50 43421
4 60 7
4 64 5
4 248 2
4 284 2
4 293 3
4 517 3
4 683 15
4 803 5
4 808 2
5 18 13
5 216 3
5 584 44
5 887 2
6 3 2
6 148 21
6 212 24
6 259 2
6 267 2
6 268 21
6 512 19
6 798 3
6 1002 2
7 237 2
7 715 3684
8 1 13
8 2 2
8 19 3
8 32 249
8 42 3
8 58 2
8 202 3
8 273 16
8 386 2
8 486 202
8 552 2
8 642 8
8 656 2
8 735 2
8 850 11
8 902 258
9 39 2
9 43 11
9 416 109
9 572 5
9 823 2
9 907 8
10 13 4
10 40 22
10 75 400
10 84 3
10 160 2
10 176 2
10 208 2
10 523 4
10 599 2
10 680 5
10 778 5
11 204 9
11 586 9
11 752 4
12 0 19
12 24 2
12 116 2
12 128 3
12 269 3
12 366 2
12 634 3
12 781 2
13 66 2
13 192 62
13 224 2
13 780 4
14 152 105
14 210 25
14 321 2
14 376 3
14 616 2
15 352 2
15 485 2
16 9 2
16 24 3
16 64 20
16 132 5
16 148 2
16 198 2
16 516 28
16 643 9
16 806 2
17 129 2
17 258 18
18 51 2
18 215 2
18 290 8
18 641 2
18 645 4
19 7 33
19 24 17
19 657 7
19 709 2
20 10 17
20 28 2
20 36 7
20 176 2
20 323 8
20 786 4
21 308 12
22 24 2
22 97 3
22 133 3
22 281 23
22 331 2
22 565 43
23 328 2
23 770 2
23 886 6
24 9 14
24 533 9
24 781 37
24 786 16
24 848 2
24 944 95
25 523 2
25 592 3
26 20 4
26 109 2
26 801 9
27 130 13
27 549 9
28 42 5
28 72 54
28 203 6
28 647 2
29 1 3
29 327 5
29 532 2
30 52 3
30 129 2
31 77 4
31 561 57213
32 16 5
32 33 15
32 42 7
32 72 26
32 196 14
32 204 1188
32 211 64
32 219 3
32 276 11
32 414 3
32 514 41
32 612 191
32 641 7
32 721 3
32 759 6
32 803 8
32 848 4
33 2 6
33 3 6
33 31 358
33 64 68
33 276 2
33 320 4
33 544 2
33 785 2
33 898 3
33 945 2
34 292 5
34 324 2
34 561 6
34 663 35
34 720 6
35 65 23
35 266 9
35 689 2
36 12 4
36 34 8
36 48 2
36 257 10
36 266 2
36 288 3
36 320 2
36 555 2
36 705 70
36 858 2
37 2 7
37 13 22
37 364 8
37 594 24
37 640 3
37 673 5
38 180 88
38 204 29
39 3 17
39 48 4
39 520 2
39 982 161
40 20 27
40 39 6
40 65 34
40 256 218
40 512 179
40 528 26
40 605 2
40 672 3
40 756 2
40 761 2
40 840 2769
40 980 3
41 96 34
41 263 2
41 276 2
41 321 2
42 42 5
42 140 2
42 329 2
42 411 2
42 778 2
43 1 6
43 546 677
44 10 2
44 12 2
44 430 5
44 524 2
44 794 10
45 23 2
45 50 2
45 266 8
45 615 16
45 808 2
47 80 8
48 168 4
48 176 6
48 193 2
48 198 2
48 226 7
48 646 10
48 708 14
48 789 3
48 932 4
49 17 14
49 313 40
49 516 17
50 9 3
50 113 3
51 70 5
51 377 2
52 46 2
52 188 16
52 256 5
52 390 2
53 146 2
54 718 4
56 89 2
56 267 7905
56 472 3
56 544 9
56 560 2
57 5 2
57 33 3
57 128 55
58 113 2
58 470 2
59 58 46
59 292 849
59 453 2
59 583 2
60 3 2
60 5 2
60 33 6
60 948 3
61 644 4
61 648 2
62 521 2
62 612 346
64 1 31
64 26 2
64 192 4
64 197 2
64 203 4
64 272 2
64 465 8
64 686 1810
64 756 27
64 771 2
64 780 2
64 790 7
65 25 2
65 61 5
65 96 5
65 104 2
65 118 9
65 241 2
65 274 95
65 515 10
65 571 9
65 614 7
66 140 2
66 545 2
67 2 5
67 16 59
67 20 4
67 37 38
67 73 2
67 453 650
67 482 3
67 840 15
68 153 2
68 192 2
68 226 23
68 322 4
68 576 12
69 138 5
69 466 2
69 529 2
69 572 2
70 109 5
70 212 4
70 431 2
70 642 4
70 646 326
70 648 3
70 672 19
71 264 32
71 409 24
71 700 2
72 37 2
72 65 3
72 280 4
72 437 52
72 533 7
73 39 6
73 640 2
73 870 2
73 999 19
74 512 2
74 548 7
75 259 2
75 576 4
76 76 12
76 133 3
76 262 5
77 256 61
77 267 13
77 450 2
77 456 4
78 288 6
78 517 5
78 784 3
78 919 2
79 165 2
80 0 3
80 51 12
80 82 5
80 132 2
80 528 2
80 677 11
80 920 21
81 807 4
81 852 2
82 280 2
82 283 15
83 115 6
83 124 2
83 304 10
83 617 386
83 784 2
84 64 3
84 74 194
84 216 7
84 490 2
85 31 2
86 234 195
86 524 6
87 353 2
87 462 2
87 512 2
87 515 4
88 330 8
88 782 2
89 2 2
89 4 111
90 20 2
90 274 40
90 843 38
90 977 31
90 988 3
91 154 9
91 652 3
91 951 2
92 38 10
92 91 2
93 134 9
93 669 10
94 869 9
94 954 7
95 20 3
96 32 2
96 148 299
96 208 4
96 220 85
96 276 471
96 304 3
96 321 13
96 356 5
97 48 4
97 144 5
97 167 5
97 195 32
97 286 5
97 473 10
98 14 19
98 352 7
98 401 141
98 671 3
98 928 2
99 117 2
99 134 6
99 249 8
100 128 21
100 294 5
100 752 2
100 768 3
101 70 10
101 124 4
101 161 8
101 169 98
101 392 2
101 599 2
102 6 2
102 78 80
102 166 2
102 264 2
103 704 2
104 26 23
104 28 7
104 48 5
104 64 8
104 132 2
104 313 2
104 512 2
104 673 3
105 3 3
105 296 19
105 779 7
106 516 5
106 652 2
107 3 12
107 129 22
108 514 2118
108 825 14
109 707 5
111 12 35
112 0 2
112 1 6
112 3 3
112 28 48
112 84 9
112 107 3
112 165 35
112 776 2
114 68 6
114 416 11
114 452 2
114 497 2
114 872 2
116 33 16
117 106 2
119 446 2
119 836 2
120 0 18
120 76 17
122 185 2
122 294 7
123 600 2
124 304 5
124 348 2
125 268 3
128 1 2
128 10 2
128 58 2
128 134 2
128 208 22
128 320 2
128 362 9
128 375 2
128 453 27
128 628 2
128 770 5
128 806 10
129 0 6
129 10 2
129 37 2
129 88 64
129 163 2
129 584 100
129 707 30
130 78 6
130 272 2
130 273 2
130 368 11
130 520 8
130 528 6
130 532 3
130 540 13
130 675 5
130 772 2
130 980 2
131 581 17
132 6 7
132 94 6
132 137 18
132 372 7
132 516 2
132 713 8
132 916 2
132 957 3
133 23 5
133 138 30
133 614 27
134 67 79
134 224 40
134 377 2
134 390 2
134 516 18
134 768 16
135 544 98
136 21 23
136 39 2
136 160 3
136 482 8
136 610 2
136 684 11
136 831 3
137 148 2
137 256 2
137 259 3
137 325 2
137 678 2
137 778 31
138 266 3
138 415 2
138 590 2
138 902 2
139 426 4
139 865 12
140 72 2
140 135 2
140 464 7
140 776 6
141 2 14
141 521 2
141 954 12
143 116 64173
143 187 450
143 286 18
143 642 7
144 18 3
144 68 7
144 248 2
144 257 3
144 418 2
144 800 2
145 1 2
145 2 2
145 94 71
145 184 6
145 216 2
145 273 2
145 392 16
145 513 2
145 576 2
146 69 6
146 146 2
146 396 2
146 910 2
147 513 23
147 522 5
148 24 2
148 130 37
148 139 4
148 146 11
148 464 5
148 515 14
148 912 12
149 20 11
150 141 6
150 160 3
151 132 44
151 207 3
151 250 6
153 26 4
153 151 2
153 171 5
153 592 2
153 598 13
153 833 2
153 961 7
156 54 2
156 521 3
156 814 31
157 404 67
158 104 2
160 34 4
160 81 6
160 144 10
160 452 2
160 644 6
160 801 9
161 21 3
161 40 31
161 326 21
161 376 7
161 524 20
161 576 3
161 717 2
161 898 12
162 160 3
162 306 2
162 517 2
163 361 2
163 601 5
164 34 5
164 38 17
164 217 4262
164 329 110
164 481 2
164 646 2
165 141 40
165 397 8
166 686 2
167 104 11
167 289 657
167 384 5
167 456 21
167 712 2
168 8 8
168 67 78
168 68 2
168 98 2
169 72 7
169 351 23
169 514 33
171 144 2
171 810 8
172 8 2
172 32 2
172 569 2
172 664 5
173 261 4
174 493 12
174 582 10
175 863 8
176 32 2
176 137 2
176 273 3
176 916 67
176 932 2
177 128 5
177 280 2
177 611 2
177 744 15
178 100 2
178 144 2
178 580 11
178 797 4
179 429 620
180 19 15
180 152 2
180 600 5
180 973 3
181 97 2
181 768 2
181 964 2
182 300 2
182 672 50
182 728 3
184 141 43
184 161 2
184 664 127
185 5 2
185 42 2
185 391 2
186 272 3
186 582 2
188 199 2
192 43 24
192 52 5
192 72 92
192 177 30
192 388 4
192 392 2
192 524 15
192 536 75
192 713 3
192 898 8
192 904 254
192 999 5
193 8 2
193 28 65
193 120 12
193 131 8
193 162 7
193 375 2
193 422 9
193 718 17
193 775 17
194 321 2
194 592 3
194 677 3
196 81 2
196 286 2
196 377 15
197 61 5
197 100 4
197 297 2
197 611 5
197 769 22
198 3 2
198 196 6
198 812 5
200 146 2
200 924 8
201 140 3
202 11 63
203 654 94
204 6 3
204 520 2
206 80 14
208 14 4
208 534 3
209 55 26
209 513 4830
209 564 2
210 1 18
210 882 2
211 4 7
212 69 12
212 262 2
212 285 5
212 673 21
213 64 2
214 369 9
214 585 3
216 138 7
216 792 17
217 923 5
219 389 2
220 176 2
222 532 2
225 257 2
225 316 2
225 948 191
226 157 19
227 336 9
227 592 5
227 838 114
230 9 7
231 290 2
232 5 15
232 65 4
232 80 8
232 480 13
233 212 2
233 912 2
234 848 2
235 281 17
235 645 6
237 91 2
238 620 2
238 642 2
239 370 2
239 560 2
240 18 2
240 66 2
240 914 2
241 206 3
242 156 13
244 33 2
244 356 2
245 705 2
246 64 193
247 626 2
248 0 7
248 290 2
256 1 2
256 5 3
256 68 64
256 69 6
256 160 2
256 243 14
256 262 2
256 312 10
256 512 418
256 522 2
256 616 4
256 705 10
256 764 3
256 772 3
256 904 2
256 992 5
257 0 5
257 156 9
257 268 2
257 272 2
257 544 2
257 680 2
257 806 2
257 912 2
257 945 2
258 24 90
258 34 8
258 36 2
258 138 5
258 673 2
258 810 8
258 880 15
259 226 2
259 327 2
259 532 3
260 256 8
260 295 2
260 522 4
260 545 22
260 678 2
261 72 6
261 356 80
261 672 2
261 995 2
262 32 2
262 134 6
262 193 2
262 256 2
262 906 2
262 1013 3
264 1 489
264 4 8
264 320 2
265 632 2
266 11 2
266 56 2
266 272 6
266 336 31
268 12 11
268 177 2
268 524 49
268 577 3
269 444 2
269 640 2
270 532 7
270 642 1195
272 162 5
272 208 6
272 225 2
272 234 2
272 259 10
272 378 136
272 520 34
272 640 8
272 684 2
272 899 4
273 693 22
273 809 5
273 903 2
274 98 2
274 334 2
275 4 23
275 16 2
275 116 2
275 485 2
275 512 7
276 288 7
276 392 2
276 538 2
276 628 83
276 661 2
277 8 2
277 27 254
277 128 4
278 258 2
279 18 2
279 901 2
280 82 2
280 600 3
280 674 73
281 101 2
282 136 2
282 576 113
282 717 30
285 104 46
286 12 2
286 624 21
286 832 2
287 448 2
287 802 2
288 47 2
288 50 5
288 132 2
288 224 3
288 292 1184
288 341 2
288 545 5
289 36 18
289 60 2
289 156 2
289 468 2
289 472 7
289 753 5
289 788 2
290 0 3
290 258 26
290 328 24
290 388 10
291 32 10
291 610 2
291 768 6
291 967 2
292 7 2
292 19 25
292 134 3
292 162 13
292 524 20
293 256 5
293 960 2
294 742 6
294 864 2
296 57 2
296 131 39
296 231 126
296 260 26
296 288 40
296 336 166
296 409 33
296 516 2
297 167 91
297 325 7
297 389 2
297 742 19
298 75 13
298 800 2
299 78 2
299 291 2
300 140 2
301 274 8
303 292 2
304 6 2
304 8 6
304 42 2
304 63 2
304 106 2
304 212 7
304 258 4
304 292 2
305 11 47
305 34 2
305 576 458
306 36 143
306 918 300
307 514 2
308 583 6
308 640 6
308 692 2
308 832 2
308 848 15
309 77 2
310 44 3
310 936 18
312 514 9
314 109 2
314 156 2
314 376 2
314 518 2
315 739 3
316 452 6
318 532 5
318 914 3
320 29 2
320 407 31
320 428 2
320 468 5
320 641 3
320 720 5
321 4 2
321 262 10
321 337 2
321 768 31
321 1008 2
322 0 3
322 80 117
322 196 2
322 902 2
323 515 396
324 16 2
324 106 3
324 167 39
324 179 7
324 200 23
324 513 12
324 530 41
325 6 14
325 74 2
325 145 8
325 614 4
325 720 53
326 11 64
326 16 2
326 32 2
326 116 3
327 675 7
327 698 69
328 45 5
328 853 13
329 35 2
329 258 5
329 836 7
330 8 9
330 204 38
331 512 2
332 456 12
332 643 176
334 265 3
334 288 2
335 83 2
335 391 14
336 18 2
336 100 2
336 576 7
336 632 7
337 352 4333
337 833 2
338 33 7
338 160 29
338 169 6
339 42 13
340 0 2
340 106 12
340 704 8
340 763 8
341 576 2
342 15 2
342 272 2
342 536 2
343 475 2
344 188 15
344 676 6
345 32 3
345 728 2
345 992 9
346 11 2
346 89 313
347 11 4
347 149 2
347 313 4
348 395 368
349 12 4
352 419 9
352 514 7
352 680 6
352 794 14
352 860 2
353 389 17
353 684 2
354 25 2
354 30 2
354 288 2
354 969 10316
355 134 2
355 634 2
356 800 2
357 641 22
358 3 15
358 168 3
358 197 2
360 514 3
360 555 2
360 732 17
360 810 393
361 266 2
361 316 128
362 34 9
363 162 18
363 424 2
364 740 2
366 657 200
368 49 15142
368 738 393
368 925 7
371 112 4
371 705 2
371 772 2
372 352 12
375 77 31
376 193 23
379 333 3
380 339 6
381 531 14
384 5 21
384 6 2
384 156 6
384 168 2
384 332 2
384 457 2
384 481 2
384 531 10
384 571 2
384 597 2
384 692 2
384 841 998
385 2 2
385 213 3
385 214 2
385 513 409
385 563 2
386 64 4
386 73 4
386 158 6
386 160 6
386 275 13
386 846 2
386 912 2
387 147 2
387 297 65
387 545 2
387 1016 4
388 332 2
389 596 121
391 8 4
392 336 7
392 553 6
392 674 5
393 577 4
394 80 41
394 211 4
394 590 13
395 4 2
395 558 13
395 647 2
396 6 6
396 454 31
396 536 5
396 546 2
396 777 2
396 915 137
396 960 5
397 132 12
397 305 14
397 518 134
398 943 7
399 9 4
400 10 3
400 21 21
400 144 2
400 712 2
401 16 10
401 58 10
401 277 15
401 673 9
401 932 2
402 80 2
402 769 2
403 20 51
404 209 6441
405 160 4
406 677 8
406 928 2
407 591 4
408 66 2
408 405 4
408 576 2
409 66 19
409 417 2
409 888 2
410 520 2
411 20 2
412 6 5
413 640 15
416 52 2
416 279 2
416 292 125
416 531 2
416 832 2
417 577 180
418 16 26
419 7 2
419 62 3
419 844 10
420 32 11
420 114 2490
420 288 17
420 538 26
420 545 9
421 400 11
423 384 12
423 651 2
425 161 2
425 261 23
425 776 9
426 644 6
427 580 2
428 32 2
428 194 2
428 620 9
428 880 3
430 68 8
430 203 2
433 24 2
433 197 2
434 734 2
436 597 2
437 2 2
442 146 2
442 691 5
444 769 13
444 801 3
448 92 3
448 513 3
448 655 4
452 48 2
452 136 2
452 205 4
452 488 7
452 512 2
452 513 2
453 368 2
453 661 3
454 9 2
454 437 17
454 634 31
455 640 5
456 105 6
456 376 6
456 774 8
457 906 2
458 101 158
458 743 2
460 197 2
460 566 2
462 516 7
462 641 3
463 916 2
464 265 1232
464 928 2
465 531 2
465 761 3
467 211 2
467 300 10
469 425 2
472 226 2
472 256 2
472 801 10
473 6 3
473 800 7
480 0 4
480 665 3
480 928 10
481 288 8
482 64 2
482 208 8
482 285 6
483 276 65
485 134 2
488 3 8
488 565 2
489 64 2
491 112 5
496 433 2
496 978 2
501 519 4
504 267 17
505 332 2
506 706 10
512 1 2
512 5 10
512 65 5
512 96 7
512 153 6
512 173 2
512 266 3
512 420 2
512 438 4
512 453 21
512 482 2
512 514 3
512 522 2
512 685 8
512 936 2
513 5 2
513 47 4
513 65 18
513 112 15
513 304 17
513 315 2
513 340 5
513 548 2
513 640 16
514 11 2
514 36 1289
514 160 2
514 401 12
514 452 6
514 522 2
514 572 5
514 780 7
515 93 7
515 157 12
515 273 2
516 33 2
516 72 2
516 169 2
516 357 2
516 385 2
516 442 3
516 555 176
516 582 15
516 605 8
516 779 2
516 785 2
517 0 2
517 8 3
517 34 10
517 177 17
517 281 4
517 525 5
517 672 4
517 676 4
517 768 2
518 0 197
518 41 2
518 66 7
519 517 3
519 944 10
519 967 5
520 9 2
520 94 5
520 164 2
520 296 2
520 328 2
520 436 2
520 785 6
520 812 2
520 896 16
521 81 2
521 229 5
521 546 3
521 554 8
521 560 6
521 609 5404
522 121 12
522 234 56
522 549 3
522 652 55
523 650 359
524 173 7
524 520 2
525 134 7
525 820 2
526 548 7
526 776 12
527 36 14
527 713 2
528 10 5
528 33 4
528 36 4
528 97 4
528 144 2
528 156 8
528 344 2
528 406 10
528 512 2
528 580 692
528 582 4
528 720 6
528 801 3
529 16 2
529 260 183
529 423 13
529 517 2
529 520 2
529 836 10
530 86 61
530 132 2
530 325 6
530 696 2
532 134 79
532 292 7
532 550 53
532 853 8
533 5 3
533 37 2
533 787 2
534 425 14
534 786 13
534 928 5
535 10 23
536 10 23
536 412 5
536 687 2
536 902 12
537 99 12
537 138 5
537 257 23
537 478 2
538 74 6
538 84 13
538 820 3
540 256 2
540 481 2
541 344 7
541 793 2
544 6 2
544 21 2
544 24 3
544 151 2
544 160 11
544 401 2321
544 416 2
544 536 3
544 542 6
544 597 2
544 718 3
545 209 4
545 226 14
545 914 2
546 2 3
546 4 13
546 263 8
546 612 3
546 650 2
546 758 2
546 900 9
547 265 5
547 427 2
547 577 15
548 141 4
548 169 16
548 577 4
548 586 3
549 68 8
549 97 8
549 288 2
549 530 3
549 647 4
550 649 7
550 800 2
551 40 2
551 89 67
552 136 2
552 656 12
552 932 28
553 102 2
553 933 7
555 52 43
556 409 3
557 6 2
557 370 7
557 400 11
557 557 9
557 770 2
557 938 2
559 557 11
560 18 8
560 32 2
560 168 2
560 354 24
561 10 31
561 444 17
561 521 2
561 786 2
562 977 2
562 992 12
563 20 2
563 410 9
564 659 2
565 105 2
566 4 9
566 132 2
567 793 19
569 385 17
569 522 2
571 100 12
571 457 4
572 36 3
572 64 3
572 257 2
572 370 8
572 777 2
573 797 2
573 886 2
574 18 2
576 4 7
576 5 2
576 19 2
576 48 2
576 76 162
576 133 2
576 172 2
576 193 89
576 371 99
576 547 2
576 607 2
577 72 2
577 236 11
577 401 187
577 661 13
577 997 19
578 26 33
578 96 12
578 120 235
578 136 2
578 554 2
578 572 5
578 575 7
579 136 3
579 621 6
579 789 5
580 64 2
580 507 2
580 598 5
581 645 449
582 633 2
583 129 6
585 64 109
585 208 5569
585 354 196
586 64 2
586 530 3
586 658 2
588 784 6
589 389 2
590 276 9287
590 300 6
590 520 80
590 788 2
591 147 88
592 4 4
592 148 42
592 322 2
592 528 6
592 585 555
593 429 8
595 58 2
595 557 2
596 33 2
596 91 84
596 385 2
597 387 2
599 176 2
599 569 2
600 562 16
600 575 2
601 335 2
601 431 3
602 480 3
604 913 63
605 80 2
606 281 10
606 807 7
607 288 2
607 393 5
608 176 2
608 522 3
608 648 2
609 28 12820
609 210 3
609 225 2
609 526 4
610 24 11
611 125 14
612 170 4
612 534 17
613 840 3
614 265 3
614 936 2
616 81 16
616 450 5
616 806 2
617 374 2
617 908 3
618 70 7
619 76 16
619 231 2
621 293 5
623 1000 2
624 579 2
625 5 2
625 261 23
625 530 3
626 104 3
626 528 2
627 418 2
627 769 6
627 977 2
629 446 11
629 528 2
631 24 2
632 18 12
633 812 2
637 73 18
638 161 2
640 4 7
640 6 9
640 160 2
640 181 5
640 258 3
640 369 4
640 421 54
640 467 4
640 525 2
640 584 5
640 659 5
640 732 3
640 952 2
641 192 3
642 512 29
642 562 2
642 724 4
643 775 19
644 660 8
644 756 4
644 769 15
645 4 8
645 25 85
645 548 14
645 963 3292
646 289 2
646 388 2
648 76 3
648 98 2
648 210 2
648 301 3
648 369 2
648 512 2
648 694 2
648 769 2
649 4 113
649 48 4
650 108 2
650 953 91
651 290 7
652 594 2
655 384 2
655 761 4118
656 3 6
656 259 9
656 278 30
656 370 6
657 79 2
657 201 2
658 10 21
658 26 2
658 226 2
658 640 4
660 36 2
660 52 24
660 69 5
660 85 11
661 244 2
661 608 4
662 374 12
664 16 7
664 205 6
664 539 27
664 781 2
665 260 2
666 66 27
667 587 5
668 464 3
668 749 6
670 515 2
672 1 4
672 129 7
672 514 3
672 608 14
672 717 8
673 656 7
674 259 3
674 288 5
674 401 4
674 672 45
675 257 2
675 470 2
676 52 2
677 121 2
677 641 2
678 237 28
679 556 4
680 20 8
680 39 4
680 450 14
680 540 8
681 33 75
682 156 2
683 278 2
684 1008 2
686 426 619
686 593 10
688 385 2
689 80 2
690 110 2
691 12 38
692 260 2
692 914 20
693 397 13
693 522 5
694 6 4
694 768 41
694 976 6
695 517 17
695 585 13
696 885 2
697 710 19
700 18 6
700 229 11
700 864 2
701 34 23
701 941 6
704 34 2
704 135 76
704 292 3
704 370 3
704 514 5
704 673 4
705 596 2
705 854 5
706 17 17
706 161 3
708 108 8
709 325 2
709 354 2
709 644 2
709 843 7
710 2 2
711 19 7
712 35 17
712 141 27
712 283 11
712 862 2
713 837 6
716 98 2
716 339 2
716 649 6
719 512 2
720 7 42
720 144 2
720 803 2
721 0 38
721 170 2
721 323 12
721 584 56
722 82 2
722 100 12
722 104 2
722 146 18
722 258 3
722 393 2
722 398 155
722 464 8
723 142 2
724 20 3
725 44 10
725 65 2
726 322 51
727 200 4
728 227 2
728 350 6
728 712 2
729 578 14
730 332 17
736 24 5
737 25 2
737 64 3
737 288 8
737 610 2
738 970 2
740 235 2
740 778 2
741 45 448
741 260 66
742 97 5
743 787 104
744 124 39
745 63 2
746 536 2
752 261 10
752 494 2
752 786 3
754 32 2
759 130 29
760 40 2
760 220 2
760 257 7
760 300 4
763 668 2
768 68 13
768 226 2
768 502 3
768 608 4
768 666 7
768 736 2
768 738 4
769 34 7
769 350 616
769 773 2
770 67 4
770 211 4
770 515 4
771 128 16
771 793 3
771 800 9
772 32 236
772 130 3
773 1 2
774 8 32
774 936 2
775 48 12
776 101 2
776 586 32
776 697 2
777 6 2
777 84 3
777 318 6
777 539 2
777 554 10
777 608 3
777 641 22
778 707 87
780 14 2
780 16 2
780 193 5
780 552 3
780 707 35
780 901 16
781 222 2
781 496 3
782 226 2
782 405 2
784 1 10
784 514 2
784 549 2
784 569 22
784 604 2
784 634 29
784 841 4
785 45 2
786 142 10
786 521 6
786 576 2
786 914 32
787 199 4
788 25 12
788 332 12
792 16 2
792 540 2
792 594 2
793 52 2
793 498 7
793 628 64
795 422 9
795 661 10
798 776 2
800 9 7
800 45 7
800 73 3
800 97 2
800 133 11
800 824 2
801 34 2
801 312 2
801 592 13
801 642 8
802 660 79
802 769 7
804 0 5
804 337 4
804 779 2
805 387 123
805 781 2059
806 43 4
806 134 2
806 232 2
806 326 7
808 302 20
808 526 2
808 777 3
808 937 2
808 945 78
810 17 3
810 416 5
812 778 4824
814 264 2
814 523 5
814 905 2
816 18 185
816 24 9
817 784 2
818 253 2
819 69 2
819 538 2
821 236 2
824 609 2
824 978 21
828 592 6
830 356 623
832 30 2
832 43 4
832 281 23
832 304 5
832 328 96
832 427 2
832 518 2
833 999 7
834 32 3
834 148 9
834 912 11
836 86 18
836 388 2
836 485 2
838 785 3
839 21 10
840 96 7
840 545 5
840 800 16
841 32 335
841 370 11
842 132 3
842 200 2
844 584 3
845 624 3
848 90 4
848 188 2
848 313 14
848 899 8
849 792 5
849 1018 44
851 195 3
852 2 4
852 64 31
852 72 2
852 824 255
854 681 7
856 256 2
856 866 2
857 42 22
862 130 2
863 516 2
864 23 2
866 260 3
867 998 2
868 332 12
870 6 935
870 68 13
871 264 2
872 32 2
872 50 2
872 165 3
873 9 15
874 360 18
875 164 61
878 258 11
880 611 2
882 42 2
884 802 8
885 601 2
894 392 2
895 603 2
896 330 43
896 868 10
897 39 226
897 115 6
897 1002 2
898 699 2
899 537 2
899 736 2
900 4 6
900 162 2
900 313 2
902 131 9
902 420 3
904 112 5
904 231 12
904 552 18
904 888 12
904 929 9
905 12 19
905 196 21
905 248 10
905 540 3
905 572 2
906 137 14
906 194 3
906 210 22
907 276 2
908 456 2
910 614 9
911 5 8
911 896 2
912 2 2077
912 85 9
912 129 2
912 388 5
914 216 2
914 669 18
914 968 15
915 431 2
916 742 3
916 777 5
917 560 2
917 912 51
918 0 2
920 200 2
921 272 3
921 320 13
922 784 3
924 33 32
927 190 34
928 64 15
928 384 8
928 516 5
928 518 10
929 10 3
929 257 2
929 316 2
930 547 3
930 720 30
931 230 5
931 657 2
932 274 3
932 783 2
933 657 2
934 94 1099
938 261 8
938 552 2
940 512 2
941 771 111
944 165 239
944 756 11
945 456 2
946 205 3
947 568 2
948 9 14
952 37 7
953 905 44
954 22 15
956 846 2
960 358 6
961 131 6
961 291 10
961 472 2
961 481 3
963 130 30
965 937 2
966 29 5
966 192 2
966 197 22
966 555 2
968 51 2
968 352 7
969 313 2
969 769 50
970 180 2
971 566 11
975 205 2
976 779 2
977 22 2
977 549 4
984 324 2
984 483 4
986 772 5
987 962 2
988 366 11
990 35 2
996 836 2
998 179 11
1000 260 2
1001 286 117
1002 652 2
1002 912 201
1004 129 156
1011 36 2
1013 316 2
1018 358 2
1020 371 3
1021 643 7
