0 4 4
0 8 11
0 18 2
0 112 21
0 150 2
0 156 2
0 215 8
0 259 5
0 265 2
0 274 2
0 321 8
0 352 4
0 415 4
0 552 9
0 618 2
0 646 2
0 670 202
0 674 2
0 679 4
0 843 3
0 902 6
0 936 2
1 30 2
1 37 10
1 70 7
1 82 6
1 135 2
1 228 2
1 481 2
1 535 2
1 565 15
1 644 2
1 768 2
1 825 5
1 920 7
2 0 36
2 3 10
2 8 2
2 48 70
2 132 28
2 260 4
2 267 12
2 523 604
2 826 2
3 24 5
3 131 2
3 272 2
3 277 2
3 530 11
3 592 4
3 652 3
3 817 3
4 0 3
4 4 28
4 50 2
4 60 2
4 64 260
4 284 6
4 293 11
4 368 2
4 517 2
4 576 8
4 683 7
4 774 2
4 803 2
5 584 15
6 3 7
6 148 2
6 212 2
6 259 2
6 267 10
6 268 3
6 466 5
6 512 10
6 798 10
6 1002 2
7 81 6
7 110 4
8 1 10
8 2 4
8 19 161
8 32 2
8 42 3
8 58 2
8 202 4
8 272 2
8 386 3
8 486 7
8 552 6
8 642 30
8 656 2
8 735 87
8 850 29
8 902 85
9 39 3
9 274 33
9 526 3
9 572 24
9 823 2
9 907 3
10 13 19
10 40 37
10 75 29
10 84 267
10 160 5
10 176 53
10 518 4
10 523 3
10 599 3
10 680 2
10 778 2
11 204 6
11 586 4
11 752 2
11 779 3
12 0 2
12 24 8
12 55 5
12 65 6
12 128 3426
12 269 3
12 366 3
12 634 5
12 781 2
13 66 3
13 192 3
13 224 17
14 127 5
14 210 4
14 321 3
14 376 2
14 584 30
14 616 2
15 352 3
15 485 8
15 659 2
16 9 2
16 24 8
16 64 168
16 132 2
16 148 9
16 198 2
16 516 13
16 643 3
16 806 2
17 48 155
17 258 2
18 203 5
18 215 17
18 290 2
18 645 2
19 7 46
19 24 2
19 709 3
20 10 8
20 36 2
20 176 2
20 194 2
20 786 8
21 116 21
21 258 3
21 308 4
22 24 13
22 68 3
22 97 2
22 133 3
22 281 4
22 320 14
22 331 2
22 565 34
23 328 2
23 770 33
24 9 7
24 533 5
24 781 3
24 786 3
24 848 13
25 592 2
26 20 2
26 22 2
26 109 2
26 801 2
27 130 3
27 210 18
28 42 4
28 72 47
28 146 5
28 192 3
28 624 18
28 647 2
29 5 2
29 327 8
29 532 2
29 809 2
30 21 151
30 52 2
30 129 2
30 588 64
31 77 8
32 33 2
32 42 3
32 185 10
32 196 8
32 204 5
32 211 2
32 219 2
32 276 2
32 414 4
32 514 2
32 612 2
32 641 2
32 721 4
32 759 2
32 803 14
32 848 1065
33 2 2
33 3 8
33 26 5
33 64 2
33 320 37
33 544 18
33 785 5
33 898 2
34 144 9
34 292 2
34 324 6
34 663 2
34 720 184
35 65 53
35 551 2
35 689 5
36 12 7
36 34 7
36 257 2
36 266 2
36 288 2
36 320 2
36 448 2
36 555 2
36 705 351
36 858 2
37 13 4
37 364 9
37 594 3
37 640 10
37 673 5
38 1 4
38 180 5
38 204 3
39 3 10
39 48 5
39 520 5
39 982 2
40 9 2
40 39 86
40 65 162
40 512 3
40 528 26
40 605 7
40 645 2
40 672 2
40 761 5
40 980 104
41 96 3
41 321 2
41 513 5
42 42 3
42 140 47
42 329 2
42 411 1015
42 778 2
42 839 2
43 1 16
43 546 2
44 12 7
44 47 128
44 430 19
44 524 6
44 794 24
45 23 3
45 50 24
45 74 4
45 266 3
45 615 3
45 808 4
45 844 2
46 57 2
47 80 3
47 1022 3
48 67 10
48 193 43
48 198 27
48 226 3
48 708 2
48 789 4
48 932 2
49 4 2
49 310 2
49 313 14
49 516 6
50 9 3
50 113 22
50 528 6
51 70 2
52 46 3
52 256 2
52 285 2
52 390 3
52 899 3
53 146 4
53 245 3
54 112 4
54 718 12
55 278 38445
56 89 2
56 472 2
56 544 3
56 560 4
57 5 2
57 128 2
57 448 4
58 113 5
58 470 47
59 58 11
59 292 46
59 583 19
60 3 2
60 5 7
60 33 5
60 112 3
60 948 3
61 648 2
62 521 16
62 612 2
64 26 278
64 41 5
64 192 2
64 194 3
64 203 2
64 272 74
64 370 20
64 465 61
64 481 29
64 514 18
64 686 2
64 756 5
64 771 2
64 780 2
64 790 4
65 25 2
65 61 700
65 96 2
65 118 2
65 218 4
65 241 2128004
65 421 2
65 515 17
66 140 2
66 545 211
67 2 8
67 16 9
67 20 2
67 37 6
67 453 2
67 482 2
67 840 27
68 192 6
68 226 2
68 284 3
68 576 2
69 138 10
69 276 2
69 466 24
69 572 2
69 768 8
70 212 3
70 431 2
70 608 7
70 642 10
70 646 4
70 648 5
71 1 2
71 264 2
71 409 3
71 700 2
72 8 15
72 65 2
72 437 2
72 533 2
72 961 3
73 39 13
73 870 2
73 999 2
74 512 12
74 548 11
74 768 7
74 1012 3
75 259 2
75 576 2
76 76 2
76 133 53
76 262 2
76 586 3
76 855 9
77 256 9
77 267 4
77 450 2
77 456 245
78 288 616
78 517 10
78 784 4
79 386 2
80 0 2
80 51 8
80 82 2
80 132 3
80 211 2
80 528 28
80 677 110
80 920 2
81 807 350
81 852 18
82 280 2
82 283 2
83 115 2
83 124 2
83 304 12
83 617 28
84 64 2
84 74 3
84 216 44
84 490 3
85 31 2
86 234 2
86 524 3
87 353 4
87 462 2
87 515 2
88 782 2
89 2 72
89 4 6
89 76 3
90 20 2
90 274 10
90 843 2
90 977 18
90 988 2
91 154 129
91 652 4
91 951 2
92 38 2
92 91 2
93 134 33
93 669 10
94 869 2
94 954 4
95 20 7
95 34 2
96 32 3
96 80 2
96 148 5
96 208 6
96 220 2
96 276 7
96 321 2
96 547 2
96 776 2
97 130 6
97 144 3
97 195 12
97 286 4
97 525 18
98 14 20
98 352 56
98 401 2
98 671 8
98 928 5
99 117 2
99 249 5
100 294 2
100 752 2
100 768 14
100 901 2
101 124 2
101 161 11
101 169 5
101 392 15
101 599 2
102 6 3
102 78 5
102 166 529
102 264 4
103 704 5
104 26 2
104 28 12
104 48 2
104 64 2
104 132 5
104 313 15
104 512 5
105 3 3
105 296 9
106 516 9
107 3 2
107 129 2
108 133 2
108 514 30135
109 707 2
112 0 2
112 1 2
112 28 132
112 84 17
112 165 6
112 776 10
114 68 47
114 416 32
114 452 2
114 497 26
114 872 6
116 33 11
117 106 6
118 565 2
119 446 3
119 836 1426
120 76 5
121 536 46
122 80 9
122 294 3
123 600 2
124 304 18
124 348 4
125 268 2
128 10 3
128 58 56
128 134 45
128 200 6
128 208 2
128 320 2
128 362 5
128 375 2
128 376 3
128 433 2
128 453 2
128 628 3
128 770 5
128 806 13
129 0 4
129 10 6
129 37 2
129 39 2
129 88 2
129 163 2
129 584 2
129 707 4
130 78 4
130 368 2
130 520 6
130 528 18
130 532 14
130 540 15
130 675 15
130 772 2
131 581 22
132 6 5
132 17 25
132 94 230
132 137 10
132 516 2
132 713 2
132 916 4
132 957 2
133 23 6
133 138 22
133 614 337
134 84 3
134 208 2
134 377 7
134 516 2
134 768 2
135 544 2
136 21 6
136 39 2
136 81 2
136 482 4
136 610 4
136 657 10
136 684 6
136 831 4
137 148 43
137 259 2
137 325 6
137 778 9
138 266 2
138 415 29
138 902 37
139 87 2
139 426 6
139 865 2
140 72 2
140 135 2
140 143 9
140 464 4
140 724 32
140 776 5
141 2 12
141 521 32
141 954 7
143 187 3
143 286 12
143 642 4
144 18 20
144 68 2
144 248 6730
144 257 8
144 418 2
144 433 36
144 520 9
144 800 9
145 1 2
145 2 17
145 94 2
145 216 9
145 273 2
145 513 1306
145 576 2
146 69 2
146 146 2
146 396 39
146 910 9
147 513 1095
147 522 2
148 24 6
148 130 4
148 139 2
148 278 9
148 464 2
148 515 2
148 912 3
149 20 2
149 633 2
149 649 4
150 141 5
150 160 2
150 656 10
151 102 12
151 207 11
151 250 3
153 151 2
153 171 3
153 598 2
153 961 2
156 54 2
156 133 18
156 521 2
157 404 2
158 104 102
159 526 2
160 34 2
160 144 2
160 452 5
160 644 2
160 801 6
161 21 15
161 40 14
161 326 299
161 376 3
161 524 3
161 576 5
161 717 21
161 898 62
162 160 2
162 290 87
162 306 2
162 517 6
163 227 23
163 361 12
163 601 48
164 34 13
164 38 6
164 87 2
164 264 4
164 280 12
164 329 13
164 636 18
164 646 9
165 141 4
166 686 2
167 289 8
167 384 2
167 712 2000
168 52 3
168 67 2
168 68 42
168 480 2
169 514 2
171 144 4
171 810 3
172 8 49
172 32 3
172 569 4
172 664 34
173 261 137
174 493 2
174 582 4
175 863 2
176 32 2
176 137 2
176 270 835
176 273 24
176 864 2
176 916 3
176 932 144
177 128 7
177 280 17
177 560 2
177 611 1405
177 744 2
178 100 2
178 144 5
178 580 5
178 797 2
179 429 91
180 19 2
180 152 199
180 973 2
181 331 2
181 768 10
181 964 21
182 672 2
182 728 21
184 141 3
184 161 2
184 664 5
185 5 9
185 42 2
185 391 2
186 272 6
186 582 3
187 800 6
188 4 2
188 199 18
192 43 2
192 52 26
192 72 27
192 177 10
192 388 2
192 392 13
192 713 2
192 898 4
192 904 5
192 999 224
193 8 3
193 28 27
193 120 44
193 131 6
193 162 2
193 422 2
193 718 2
193 775 54
194 321 2
194 592 3
196 81 2
196 286 25
196 377 2213
197 297 3
197 611 2
197 769 4
198 3 2
198 196 7
198 812 111
200 445 13
200 577 2
200 924 6
201 39 3
201 98 2
201 140 2
202 11 12
203 654 5
204 520 7
205 457 35
206 80 11
206 530 2
208 12 2
208 14 63
208 88 3
208 534 28
209 55 4
209 564 5
210 1 7
210 882 10
212 34 3
212 69 3
212 112 2
212 262 2
212 285 3
212 673 8
213 64 4
214 369 42
216 138 2
218 86 7
219 389 2
220 176 2
220 658 2
222 532 13
222 852 2
225 316 2
225 948 2
226 35 35
226 157 387
227 336 1047
227 592 10
227 838 8
228 32 44
228 294 2
231 261 17
231 290 10
232 5 16
232 65 2
232 80 3
232 130 11
232 480 2
233 212 2
233 912 56
233 973 2
234 848 12
235 281 14
235 645 11
237 91 11
238 620 6
239 370 2
239 560 3
240 66 2
240 799 8
240 914 45
241 245 26448
242 156 2
244 356 27
246 64 20
248 290 5
248 557 202
248 902 6
253 636 17
256 1 5
256 5 8
256 68 2
256 69 2
256 97 13
256 160 248
256 212 2
256 243 2
256 262 8
256 312 80
256 344 3
256 416 8
256 512 2
256 522 2
256 705 2
256 764 2
256 772 30
256 904 3
256 992 13
257 0 9043842
257 156 13
257 268 82
257 272 3
257 544 3
257 680 2
257 806 2
257 920 2
257 945 5
258 24 11
258 34 2
258 36 2
258 265 2
258 673 7
258 880 6
259 7 2
259 165 4
259 226 2
259 268 5
259 327 2
260 131 4
260 295 87
260 522 2
260 545 2
260 678 2
260 978 2
261 8 2
261 67 39
261 72 6
261 356 11
261 672 208
261 995 2
262 134 2
262 193 41
262 256 2
262 906 2
264 1 6
264 4 2
264 296 2
264 320 101
265 264 7
265 339 2
265 632 2
266 11 45
266 56 10
266 242 2
266 272 4
266 326 2
266 336 2
266 504 15
267 523 4
268 12 9
268 34 2
268 177 2
268 192 33
268 512 85
268 524 2
268 577 6
269 444 11
269 640 2
270 532 5
270 642 53
272 41 8
272 162 19
272 225 5
272 234 269
272 280 29
272 378 2
272 520 5
272 554 2
272 640 4
272 684 7
272 899 40
273 47 2
273 693 3
273 809 2
273 903 4
274 98 231
274 334 2
275 4 5
275 16 2
275 116 2
275 133 7
275 401 14
275 485 15
276 538 3800
276 661 2
277 8 6
277 128 6
277 385 2
279 18 222
279 901 13
280 36 290
280 82 25
280 674 2
281 101 2
282 136 2
282 576 3
282 717 6
282 787 2
283 35 2
283 514 12
285 104 2
286 832 7
287 448 2
287 802 2
288 47 3
288 50 2
288 132 2
288 224 2
288 292 35
288 545 2
288 776 12
289 36 2
289 156 19
289 345 3
289 468 3
289 472 7
289 753 5
289 788 6
290 0 2
290 328 2
290 388 3
291 32 26
291 610 2
291 768 3
291 967 14
292 19 14
292 134 76
292 162 2
292 524 3
292 593 2
293 256 20
293 960 18
294 27 9
294 742 35
294 864 7
296 57 40
296 84 5
296 131 7
296 231 6
296 260 3
296 288 2
296 336 3
296 409 88
296 516 2
297 167 8
297 325 3
297 389 21
297 544 2
297 742 3
298 75 2
298 800 2
299 291 4
300 29 9
300 140 6
301 274 10
301 777 3
303 292 2
304 6 47
304 8 3
304 42 6
304 63 2
304 106 5
304 212 2
304 258 34
304 292 2
305 11 2
305 34 8
305 576 144
306 36 5
306 550 111
307 514 28
308 21 2
308 583 2
308 640 4
308 832 2
308 848 18
309 77 13
309 774 19
310 44 10
310 936 4
312 514 2
314 156 5
314 376 2
314 518 8
315 739 2
316 452 3
318 532 2
318 914 23610
320 29 6
320 315 9
320 407 74
320 428 2
320 468 2
320 641 2
320 720 18
321 4 2
321 262 32
321 337 22
321 768 5
321 834 2
321 1008 2
322 0 6
322 80 3
322 196 2
322 272 59
322 416 3
322 902 35
323 360 3
323 515 16
324 106 2
324 167 2
324 179 2
324 513 2
324 530 2
325 74 5
325 145 5
325 192 2
325 614 52
325 720 2
326 11 77
326 32 2
326 116 5
326 280 2
326 443 6
327 675 4
327 698 2
328 45 12
328 853 7
329 35 4
329 836 2
331 512 2
332 456 79
332 643 27
334 265 2
334 288 5
336 100 3
336 576 2
336 632 3
337 352 3
337 833 2
338 33 22
338 160 2
338 169 7
339 42 2
340 704 2
340 763 7
341 576 13
342 168 2
342 272 18
342 536 9
343 475 2
344 676 4
345 32 7
346 11 3
346 89 2
347 11 13
347 149 3
347 313 2
348 128 3
348 395 6
349 12 57
352 409 7
352 419 4
352 514 2
352 680 40
352 860 6
353 138 2
353 389 2
353 684 28
354 25 8
354 836 4
354 969 2
355 134 2
355 634 35
356 800 11
357 433 12
357 641 2
358 168 2
358 197 2
360 555 2
360 732 2
360 784 2
360 810 2
361 266 2
363 162 2
363 424 15
364 740 6
366 657 8
368 49 74502
368 738 2
368 925 14
371 112 3
371 705 10
372 352 2
376 193 142
379 333 2
380 339 8
382 562 5
384 6 10
384 156 4
384 168 45
384 312 2
384 332 21
384 423 2
384 481 3
384 531 5
384 571 6
384 597 2
384 692 3
384 841 2
384 962 2
385 213 2
385 513 7
385 563 3
386 64 10
386 158 2
386 160 2
386 206 2
386 275 7
386 846 116
386 849 2
386 912 237
387 147 54
387 297 3
387 1016 2
388 332 3
389 596 8
390 566 109
391 8 2
391 461 2
392 38 2
392 336 9
392 553 12
393 461 2
393 577 20
394 80 132
394 590 2
395 4 24
395 558 2
395 647 20
396 6 2
396 454 65512
396 536 7
396 546 9
396 777 3
396 915 13
396 960 13
397 132 2
397 305 8
397 518 7
398 943 7
399 9 3
400 10 31
401 16 2
401 58 4
401 277 3
401 284 7
401 932 3
402 68 9
402 80 7
402 769 11
403 20 109
403 98 2
404 209 3
404 298 2
405 160 2
406 677 27
407 591 70
408 66 9
408 405 2
409 66 15
409 417 8
409 888 3
410 520 2
411 20 8
412 6 2
413 640 3
414 932 7
416 52 175
416 292 4
416 531 2
416 832 2
417 577 2
418 16 2
419 62 7
420 32 2
420 288 2
420 538 2
420 545 2
421 400 2
422 736 12
423 384 2
423 651 2
424 481 6
425 161 2743
425 261 8
425 746 2
425 776 7
426 644 4
427 580 2
428 194 10
428 880 14
430 203 14
433 24 4
433 197 2
433 398 4
434 734 2
436 597 2
436 641 3
437 2 2
441 21 232
442 146 3
442 691 2
444 769 2
448 92 2
448 513 2
452 48 7
452 488 7
452 512 14
452 513 19
453 368 2
453 661 2
454 9 3
454 437 25
454 634 2
455 640 4
456 105 2
456 367 4
456 376 17
456 774 6
458 743 2
460 197 2
460 462 8
460 566 3
461 625 20
461 901 2
462 516 31
462 641 2
463 916 3
464 265 20
464 928 1136
465 531 2
465 761 2
465 902 47
467 211 2
469 425 726
470 713 23
472 226 2
472 256 13
472 801 76
473 6 2
473 600 15
473 800 5
476 775 2
480 0 2
480 665 2
480 928 4234
482 208 2
482 285 4
483 276 2
483 555 10
485 134 8
488 3 7679
488 269 4
488 334 8
488 565 2
489 64 184
491 112 16
496 433 16
496 978 2
504 267 8
505 332 4
512 1 2
512 5 2
512 36 3
512 52 2
512 96 2
512 153 2
512 173 27
512 266 16
512 420 2
512 438 19
512 453 4
512 514 11
512 522 2
513 5 5
513 42 2
513 47 2
513 65 20
513 112 146
513 304 2
513 315 2
513 340 16
513 548 36
513 640 10
513 644 19
514 4 5
514 11 2
514 36 5
514 160 2
514 401 5
514 452 9
514 522 30
514 780 14
515 157 2
515 273 10
516 33 168
516 69 2
516 72 6
516 169 2
516 385 1230
516 605 607540
516 779 2
517 0 153
517 3 30
517 34 2
517 177 10
517 233 42
517 281 2
517 525 2400
517 534 2
517 672 40
517 676 11
518 0 2
518 66 12
519 517 6
519 944 4
519 967 4
520 9 2
520 164 6
520 328 2
520 436 20
520 785 19
520 812 19
520 896 10
521 81 2
521 131 2
521 229 3
521 450 2
521 546 18
521 560 4
522 121 6
522 234 3
522 549 4
522 652 9
523 650 426
524 159 2
524 173 6
524 520 8
525 134 2
525 820 3
526 776 2
527 36 5
527 713 3
528 10 2869
528 33 13
528 36 43
528 97 4
528 144 2
528 156 1255
528 171 2
528 344 17
528 406 2
528 512 8
528 580 2
528 611 2
528 720 2
528 801 2
529 16 7
529 148 174
529 423 2
529 517 2
529 520 4
529 836 11
530 20 2
530 86 3
530 278 54
530 522 19
530 696 3
532 11 7
532 134 4
532 292 7
532 550 11
532 853 2
533 5 2
533 37 2
533 787 2
534 6 11
534 786 2
534 928 632
535 10 2
536 10 3
536 244 2
536 412 11
536 687 2
536 902 6
537 99 2
537 138 2
537 257 795
537 478 2
538 74 2
540 256 2
540 481 4
541 344 2
541 793 3
544 6 2
544 21 2
544 160 113
544 401 3
544 416 9
544 429 2
544 551 8
544 597 62
545 209 2
545 226 2
545 520 2
545 914 125
546 2 11
546 263 30
546 612 2
546 650 2
546 758 5
546 900 26
547 265 7
547 427 2
547 577 20
548 169 18
548 577 2
548 586 2
549 68 2
549 97 3
549 146 2
549 647 7
550 36 159
550 649 21
550 800 2
551 4 2
551 40 2
551 89 4
552 640 2
552 656 2
553 36 3
554 137 2
554 296 117
555 52 2
556 409 2
557 6 17
557 15 9
557 370 2
557 400 14
557 512 3
557 557 9
557 938 2
559 557 2
560 18 76
560 32 2
560 96 12
560 104 2
560 168 8
560 354 2
561 444 10
561 521 260
561 786 22
561 993 4
562 162 3
562 977 4
563 20 2
564 28 5
564 656 2
564 659 2
565 105 3
566 4 2
566 132 2
567 793 8
569 385 2
571 457 2
572 36 51
572 257 2
572 370 6
573 797 13
573 886 2
574 533 7
574 696 2713
576 19 2
576 133 2
576 193 17
576 228 2
576 371 6190
576 525 2
576 547 47
577 72 7
577 222 2
577 292 2
577 401 26
577 577 5
578 26 13
578 96 6
578 120 2
578 136 2
578 554 11
578 572 4
578 575 2
579 80 2
579 621 14
580 64 23
580 507 2
580 528 7
580 598 14
582 633 13
584 432 5
584 833 38
585 64 3
585 208 4
585 354 2
586 64 2
587 608 6
589 389 6
590 276 11
590 520 6
590 788 6
592 4 7
592 148 5
592 528 4
592 566 11
592 585 4
592 856 5
593 429 60
595 58 2
595 557 6
596 11 3
596 33 5
596 154 2
596 385 2
597 387 5
599 92 10
599 176 2
600 562 2
600 575 3
601 335 157
601 431 2
602 480 2
604 913 2
604 1006 2
605 80 2
606 281 23
606 807 3
607 288 38868382
607 393 2
608 185 8
608 522 2
608 648 7
609 210 21
609 225 19
609 526 10
609 768 281
610 24 14
611 125 3
612 170 2
612 534 6
613 840 2
614 936 328
616 81 2
616 450 2
616 806 18
617 374 17
617 908 2
618 70 3
618 1004 22
619 76 3
619 140 10
619 231 27
621 293 2
623 1000 2
624 579 2
625 5 7
625 530 4
626 8 3807
626 104 20
627 418 22
627 977 7
629 528 26
631 24 2
632 18 6
637 73 3
638 161 8
640 4 2
640 6 2
640 160 2
640 181 117
640 246 41
640 258 2
640 369 5
640 421 4
640 525 19
640 584 2
640 659 4
640 732 2
640 938 6
640 952 3
641 192 6
642 562 3
642 724 6
643 73 9
644 48 9
644 387 2
644 660 14
644 756 2
644 769 4
645 4 7
645 25 4
645 548 96
645 963 12
646 289 2
646 388 2
648 76 15
648 98 459
648 301 4
648 369 3
648 512 209
648 694 6
648 769 2
650 953 18
651 290 290
652 257 11
652 594 8
654 129 17
655 384 9
655 761 2
656 3 2
656 259 120
656 278 3
656 370 16
656 833 2
657 79 103
658 10 43
658 640 5
660 52 2
660 69 8
660 85 15
661 244 41
661 608 7
662 374 139
664 16 9
664 205 43
664 539 11
665 3 48
665 260 40
667 587 2
668 163 6
668 749 30
670 515 2
672 1 4
672 64 2
672 129 2
672 514 6
672 608 14
672 717 2
673 656 2
674 288 2
674 401 722
674 672 14
675 257 4
675 470 2
676 52 11
677 641 4
678 237 40
679 556 2
680 39 19
680 105 2
680 450 2
680 540 3
681 6 2
681 33 9
682 14 9
682 156 2
683 278 15
686 426 6
686 593 2
688 385 10
689 80 2
690 110 2
691 12 82
692 260 19
693 397 5
694 6 19
694 768 2
694 931 4
695 517 2
696 885 11
700 18 4
700 229 16061
700 864 3
701 34 2
701 941 2
704 34 4
704 76 2
704 135 62
704 292 3
704 370 20
704 514 3
704 673 48
705 596 8
705 854 2
706 17 11
706 161 3
706 460 4
706 732 2
708 108 60
709 325 3
709 354 6
709 644 2
710 2 251
711 19 19
712 141 3
712 283 8
712 294 2
712 862 2
713 593 8
713 837 2
716 98 2
716 339 2
716 649 4
716 842 17
720 7 2
720 144 236
721 0 2
721 104 10
721 323 3144
721 584 2
722 82 24
722 100 2
722 104 20
722 258 2
722 393 4
722 398 21
722 464 2
724 20 2
724 596 2
725 44 2
725 65 2
726 322 80
727 200 2
728 227 2
728 350 2
728 712 7
729 578 2
730 332 18
732 834 2
737 64 7
737 288 8564
737 610 3
738 970 2
740 235 2
740 778 2
740 801 48
741 45 79
741 260 3
743 787 2
744 124 9
744 280 4
746 386 3
752 261 2
752 494 2
752 786 36
754 32 3538
759 130 2
760 257 2
760 300 19
761 435 10
763 668 2
765 513 56842
768 226 259
768 326 2
768 502 4
768 608 2
768 736 5
768 926 384
769 34 2
769 277 10
769 350 2
769 640 21
769 773 11
770 67 2
770 211 9
770 515 16
771 800 2
772 0 12
772 32 2
772 130 2
773 1 2
774 8 7
774 936 3
775 48 57
775 921 232
776 101 2
776 586 2
776 697 4
777 6 19
777 84 4
777 200 7
777 318 2
777 539 26
777 554 15
777 608 105
778 330 24
778 389 6
778 707 3
780 16 6
780 193 5
780 707 2
780 901 57
781 222 11
781 496 10
782 405 3
784 514 4
784 549 41
784 569 2
784 604 2
784 634 2
784 841 2
785 45 10
785 257 6
786 142 2
786 521 3
786 576 2
786 914 8
787 199 11
788 25 2
788 324 2
788 332 7
792 16 3
792 274 4
792 540 2
792 594 255
795 422 6
798 776 4
799 433 16
800 9 2
800 45 2
800 73 2
800 97 5
800 824 6
801 34 56
801 312 21
801 592 19
801 642 2
802 660 2
804 0 2
804 104 71
805 387 23
805 781 3
806 43 2
806 134 2
806 326 54
806 480 5
808 302 2
808 526 2
808 777 8
808 937 2
808 945 8923
810 17 3
810 394 2
810 416 3
814 161 2
814 264 13
814 523 5
814 905 28
816 18 22428
816 24 8
818 253 6
819 538 2
824 392 2
824 609 4
824 978 2
828 592 8569
830 356 5
832 16 46
832 21 33
832 30 18
832 281 2
832 304 2
832 328 8
832 427 20
833 147 3
833 999 3
834 32 4
834 104 10
834 912 2
835 392 2
835 583 3
836 86 2
836 388 4
836 485 2
839 21 7
840 96 512
840 106 5
840 545 2
840 800 2
841 32 7
841 370 2
842 132 21
843 939 6
844 584 3
845 561 2
845 624 2
848 90 3
848 188 14444
848 313 3
848 391 11
848 899 2
849 792 78
849 1018 32
850 308 1118
850 776 2
851 195 4
852 2 5
852 64 10
852 72 22
852 824 17
856 256 21
857 42 5
862 130 2
863 516 2
864 786 2
866 260 18
867 998 4
870 6 2
870 68 2
871 264 2
872 50 5
872 165 2
873 9 31
874 360 2
878 258 5
882 42 2
882 778 10
884 802 8
894 392 2
895 603 2
896 868 2
897 115 2
897 523 10
898 336 7
899 537 3
900 4 68
900 313 70
902 131 2
902 420 3
904 112 6
904 231 12
904 888 2
904 929 2
905 12 2
905 196 10
905 248 2
905 540 2
905 572 2
906 137 4
906 194 8
906 210 14
906 328 2
910 614 7
911 10 17
911 896 2
912 2 7
912 85 6
912 129 7
912 388 2
914 216 22
914 669 17
914 776 15
914 968 2
915 431 2
916 742 3782
916 777 2
917 912 2
918 0 2
920 200 119
921 272 20
922 8 7
924 196 60
927 190 3
928 64 13
928 384 5
928 516 10
928 518 2
929 257 2
929 316 2
930 720 11
931 230 3
931 657 15
932 783 6
933 657 73
934 94 3
938 261 5
938 316 2
938 552 3
944 756 2
945 456 2
946 205 2
947 568 2
948 9 2
952 37 2
953 905 2
954 22 2
956 846 11
961 131 2
961 291 2
961 333 2
961 472 2
961 481 84
963 130 3
965 937 4
966 29 2
966 192 2
966 197 11
966 555 9
968 51 2
968 360 162
969 313 12
969 769 2
971 566 6
975 205 2
976 321 3
977 22 8
977 34 6
977 549 5
978 817 2
984 324 2
984 483 7
987 962 555482
988 366 2
990 35 6
996 36 8
996 836 103
998 127 2
998 179 2
1000 260 1535
1001 286 2
1002 652 35
1002 912 56
1003 684 46
1004 129 1985
1011 36 4
1013 316 5
1018 358 2
1020 385 5
