0 4 11
0 8 14
0 18 2
0 112 3
0 150 2
0 156 5
0 215 2
0 259 5
0 265 11
0 274 4
0 321 23
0 352 142
0 415 8
0 552 5
0 618 5
0 646 47
0 670 16
0 674 4
0 679 3
0 843 2
0 902 2
0 936 19
1 30 9
1 37 7
1 70 3
1 82 5
1 135 11
1 228 2
1 481 3
1 535 3
1 565 15
1 644 2
1 768 2
1 825 10
1 920 205278
2 0 3
2 3 6
2 8 7
2 48 3
2 132 8
2 260 3
2 267 23
2 523 40
2 826 2
3 24 2
3 131 6
3 272 19
3 277 2
3 530 4
3 592 2
3 652 2
3 817 35
4 0 555
4 4 9
4 50 2
4 60 2
4 64 5
4 284 2
4 293 5
4 368 37
4 517 11
4 576 2
4 683 5
4 774 4
4 803 2
5 584 71
6 3 7
6 148 2
6 212 2
6 259 3823
6 267 2
6 268 3
6 466 4
6 512 5
6 798 8
6 1002 5
7 81 2
7 110 4
8 1 2
8 2 2
8 19 1506
8 32 2
8 42 2
8 58 78
8 202 18
8 272 6
8 386 3
8 486 14
8 552 3
8 642 2
8 656 2
8 735 2
8 850 2
8 902 27
9 39 2
9 274 9
9 526 9
9 572 2
9 823 2
9 907 2
10 13 4
10 40 7
10 75 4
10 84 2
10 160 2
10 176 2
10 518 2
10 523 2
10 599 33
10 680 2
10 778 8
11 204 9
11 586 4
11 752 2
11 779 23
12 0 2
12 24 2
12 55 118
12 65 2
12 128 2
12 269 2
12 366 7
12 634 2
12 781 2
13 66 7
13 192 2
13 224 17
14 127 5
14 210 3
14 321 7
14 376 4228
14 584 6
14 616 3
15 352 19
15 485 6
15 659 33
16 9 28
16 24 2
16 64 6
16 132 2
16 148 3
16 198 2
16 516 2
16 643 2
16 806 5
17 48 31
17 258 12
18 203 2
18 215 2
18 290 2
18 645 2
19 7 2
19 24 13
19 709 2
20 10 27
20 36 2
20 176 2
20 194 429
20 786 10
21 116 2
21 258 18
21 308 13
22 24 2
22 68 12
22 97 2
22 133 2
22 281 18
22 320 10
22 331 3
22 565 2
23 328 2
23 770 588
24 9 4
24 533 5
24 781 2
24 786 4
24 848 4
25 592 2
26 20 2
26 22 2
26 109 2
26 801 3
27 130 7
27 210 4
28 42 2
28 72 34
28 146 2
28 192 2
28 624 9
28 647 2
29 5 2
29 327 2
29 532 4
29 809 2
30 21 35
30 52 5
30 129 33
30 588 2
31 77 2
32 33 2
32 42 2
32 185 9
32 196 2
32 204 21
32 211 2
32 219 12
32 276 2
32 414 13
32 514 2
32 612 2
32 641 274086
32 721 2
32 759 49
32 803 23
32 848 41
33 2 2
33 3 49
33 26 27
33 64 7
33 320 11
33 544 2
33 785 8
33 898 2
34 144 10
34 292 2
34 324 7
34 663 2
34 720 2
35 65 246
35 551 2
35 689 2
36 12 2
36 34 2
36 257 68
36 266 4
36 288 2
36 320 552
36 448 5
36 555 625
36 705 192
36 858 6
37 13 5
37 364 3
37 594 2
37 640 14
37 673 5
38 1 7
38 180 2
38 204 2
39 3 2
39 48 7
39 520 8
39 982 3
40 9 2
40 39 23
40 65 12
40 512 2
40 528 6
40 605 603
40 645 2
40 672 2
40 761 7
40 980 2
41 96 8
41 321 11
41 513 17
42 42 6
42 140 11
42 329 2
42 411 107
42 778 45459
42 839 2
43 1 8
43 546 130
44 12 22
44 47 2
44 430 82
44 524 4
44 794 2
45 23 3
45 50 2
45 74 7
45 266 37
45 615 3
45 808 21
45 844 2
46 57 2
47 80 21
47 1022 20
48 67 2
48 193 2
48 198 51
48 226 2
48 708 17
48 789 2
48 932 3
49 4 2
49 310 2
49 313 2
49 516 2
50 9 5
50 113 2
50 528 18
51 70 2
52 46 4
52 256 2
52 285 686
52 390 232
52 899 18
53 146 4
53 245 4
54 112 4
54 718 3
55 278 13
56 89 4
56 472 2
56 544 2
56 560 2
57 5 70
57 128 12
57 448 11
58 113 8
58 470 13
59 58 10
59 292 7
59 583 7
60 3 2
60 5 8
60 33 18
60 112 23
60 948 353
61 648 9
62 521 7
62 612 3
64 26 2
64 41 17
64 192 3
64 194 4
64 203 2
64 272 152
64 370 3
64 465 2
64 481 39
64 514 12
64 686 2
64 756 23
64 771 4
64 780 3
64 790 2
65 25 2
65 61 3
65 96 7
65 118 2
65 218 5
65 241 2
65 421 3
65 515 4
66 140 17
66 545 2
67 2 2
67 16 3
67 20 3
67 37 2
67 453 2
67 482 2
67 840 16
68 192 3
68 226 350
68 284 823
68 576 3
69 138 3
69 276 2
69 466 2
69 572 13
69 768 9
70 212 4
70 431 2
70 608 11
70 642 2
70 646 2
70 648 6
71 1 26
71 264 12044
71 409 4
71 700 2
72 8 6
72 65 3
72 437 3
72 533 17
72 961 104198
73 39 416
73 870 2
73 999 6
74 512 25
74 548 8
74 768 2
74 1012 611
75 259 435
75 576 3
76 76 2
76 133 2
76 262 55
76 586 14
76 855 21
77 256 2
77 267 19
77 450 2
77 456 2
78 288 3
78 517 2
78 784 3
79 386 4
80 0 5
80 51 26
80 82 38
80 132 8
80 211 5
80 528 8
80 677 2
80 920 5
81 807 2
81 852 131
82 280 2
82 283 2
83 115 86
83 124 2
83 304 4
83 617 2
84 64 4
84 74 4
84 216 2
84 490 2
85 31 221
86 234 7
86 524 3
87 353 20
87 462 2
87 515 4
88 782 2
89 2 329
89 4 2
89 76 2
90 20 4
90 274 2
90 843 9
90 977 31
90 988 2
91 154 16
91 652 7
91 951 3
92 38 2
92 91 2
93 134 2
93 669 8
94 869 2
94 954 7
95 20 6
95 34 4
96 32 15
96 80 2
96 148 2
96 208 3
96 220 2
96 276 4
96 321 11
96 547 4
96 776 3
97 130 3
97 144 2
97 195 4
97 286 5
97 525 2
98 14 2
98 352 2
98 401 56
98 671 5
98 928 15
99 117 2
99 249 2
100 294 2
100 752 2
100 768 2
100 901 10
101 124 11
101 161 3
101 169 2
101 392 6
101 599 7
102 6 12
102 78 2
102 166 31
102 264 50
103 704 3
104 26 241
104 28 2
104 48 2
104 64 5
104 132 14
104 313 18
104 512 11
105 3 17
105 296 8
106 516 20
107 3 4
107 129 2
108 133 158
108 514 2
109 707 21
112 0 2
112 1 2
112 28 3
112 84 3
112 165 7
112 776 2
114 68 8
114 416 2
114 452 3
114 497 46
114 872 3
116 33 156
117 106 282
118 565 7
119 446 4
119 836 22024
120 76 3
121 536 6
122 80 2
122 294 5
123 600 23
124 304 10
124 348 7
125 268 4
128 10 2
128 58 2
128 134 3
128 200 17
128 208 6
128 320 2
128 362 13
128 375 2
128 376 14
128 433 37
128 453 2
128 628 2
128 770 8
128 806 18
129 0 2
129 10 2
129 37 37
129 39 2
129 88 8
129 163 2
129 584 2
129 707 18
130 78 2
130 368 210
130 520 5
130 528 4
130 532 9
130 540 10
130 675 12
130 772 569
131 581 65
132 6 3
132 17 157
132 94 3
132 137 2
132 516 2
132 713 5
132 916 2
132 957 17
133 23 2
133 138 14
133 614 370
134 84 25
134 208 2
134 377 2
134 516 2
134 768 2
135 544 3
136 21 6
136 39 2
136 81 3
136 482 2
136 610 3
136 657 9
136 684 2
136 831 14
137 148 657520
137 259 2
137 325 12
137 778 3
138 266 2
138 415 2
138 902 10
139 87 16
139 426 7
139 865 2
140 72 13
140 135 36
140 143 4
140 464 2
140 724 23
140 776 2
141 2 120
141 521 3
141 954 11
143 187 2
143 286 1816
143 642 2
144 18 44
144 68 41
144 248 2
144 257 24
144 418 2
144 433 3
144 520 11
144 800 9
145 1 2
145 2 2
145 94 4
145 216 2
145 273 4
145 513 2
145 576 2
146 69 110
146 146 2
146 396 2
146 910 88
147 513 11
147 522 2
148 24 7
148 130 17
148 139 2
148 278 6
148 464 11
148 515 17
148 912 3
149 20 2
149 633 2
149 649 9
150 141 17
150 160 2
150 656 2
151 102 18
151 207 11
151 250 2
153 151 2
153 171 2
153 598 2
153 961 2
156 54 2
156 133 2
156 521 2
157 404 39
158 104 2
159 526 5
160 34 2
160 144 27
160 452 3
160 644 5
160 801 6
161 21 15
161 40 521
161 326 2
161 376 10
161 524 6
161 576 2
161 717 2
161 898 295
162 160 232
162 290 2
162 306 10
162 517 24
163 227 314
163 361 4
163 601 4
164 34 2
164 38 2
164 87 2
164 264 3
164 280 3
164 329 11
164 636 2
164 646 11
165 141 13
166 686 7
167 289 3
167 384 27
167 712 3
168 52 2
168 67 15
168 68 33
168 480 56
169 514 7
171 144 24
171 810 14
172 8 2
172 32 2
172 569 4
172 664 8
173 261 2
174 493 24
174 582 2
175 863 2
176 32 31
176 137 3
176 270 17
176 273 17
176 864 171
176 916 9
176 932 4
177 128 2
177 280 3
177 560 42
177 611 3
177 744 76
178 100 2
178 144 8
178 580 35
178 797 2
179 429 4333
180 19 26
180 152 32
180 973 15
181 331 29
181 768 2
181 964 2
182 672 2
182 728 7
184 141 5
184 161 13
184 664 3
185 5 4
185 42 10153
185 391 2
186 272 4
186 582 3
187 800 14
188 4 2
188 199 15
192 43 2
192 52 2
192 72 19
192 177 5
192 388 20
192 392 8
192 713 2
192 898 2
192 904 2
192 999 88
193 8 11
193 28 2
193 120 2
193 131 4
193 162 2
193 422 2
193 718 2
193 775 2
194 321 16
194 592 118
196 81 2
196 286 1964
196 377 2
197 297 4
197 611 36
197 769 2
198 3 3
198 196 3
198 812 189
200 445 2
200 577 20
200 924 2
201 39 9
201 98 21
201 140 2
202 11 7
203 654 20
204 520 2
205 457 2
206 80 14
206 530 3
208 12 74
208 14 3
208 88 2
208 534 95
209 55 10
209 564 3
210 1 2
210 882 2
212 34 4
212 69 24
212 112 8
212 262 9
212 285 5
212 673 22
213 64 14
214 369 3
216 138 3160
218 86 5
219 389 2
220 176 2
220 658 2
222 532 3
222 852 15
225 316 2
225 948 2
226 35 2
226 157 13
227 336 2
227 592 4
227 838 2
228 32 31
228 294 14
231 261 7
231 290 14
232 5 33
232 65 12
232 80 4
232 130 2
232 480 19
233 212 2
233 912 2
233 973 2
234 848 13
235 281 7
235 645 2
237 91 3
238 620 2
239 370 2
239 560 125
240 66 5
240 799 2
240 914 2
241 245 2
242 156 3
244 356 6
246 64 2
248 290 3
248 557 2
248 902 348
253 636 5
256 1 4
256 5 11
256 68 6
256 69 2
256 97 86
256 160 42
256 212 2
256 243 15
256 262 23
256 312 2
256 344 3
256 416 1476
256 512 21
256 522 53
256 705 16
256 764 2
256 772 4
256 904 90115
256 992 123
257 0 2
257 156 15
257 268 2
257 272 2
257 544 3
257 680 2
257 806 34
257 920 26
257 945 8
258 24 2
258 34 3
258 36 8
258 265 2
258 673 5
258 880 6
259 7 2
259 165 2
259 226 2
259 268 5
259 327 10
260 131 3
260 295 827
260 522 53
260 545 15
260 678 3
260 978 3
261 8 77
261 67 348
261 72 2
261 356 8
261 672 10
261 995 61
262 134 97
262 193 90
262 256 30
262 906 8
264 1 15
264 4 63
264 296 3
264 320 4
265 264 12
265 339 3
265 632 2
266 11 2
266 56 2
266 242 2
266 272 3
266 326 4
266 336 101
266 504 4
267 523 2
268 12 3
268 34 2
268 177 123
268 192 3
268 512 4
268 524 52
268 577 3
269 444 2
269 640 2
270 532 2
270 642 3
272 41 11
272 162 145
272 225 16
272 234 2
272 280 10
272 378 5
272 520 4
272 554 2
272 640 3
272 684 12
272 899 2
273 47 2
273 693 2
273 809 2
273 903 6
274 98 20
274 334 4
275 4 11
275 16 2
275 116 2
275 133 13
275 401 6
275 485 10
276 538 2
276 661 2
277 8 6
277 128 2
277 385 2
279 18 2
279 901 14
280 36 2
280 82 4
280 674 2
281 101 4
282 136 3
282 576 2
282 717 2
282 787 2
283 35 2341
283 514 3
285 104 164
286 832 21
287 448 6
287 802 2
288 47 5
288 50 2
288 132 2
288 224 10
288 292 2
288 545 43
288 776 34
289 36 2
289 156 56
289 345 13
289 468 2
289 472 3
289 753 24
289 788 15
290 0 2
290 328 2
290 388 3
291 32 44
291 610 2
291 768 2
291 967 7
292 19 2
292 134 2
292 162 4
292 524 2
292 593 2
293 256 3
293 960 2
294 27 20
294 742 2
294 864 10
296 57 2
296 84 2
296 131 2
296 231 2
296 260 3
296 288 4
296 336 2
296 409 124
296 516 2
297 167 2
297 325 6
297 389 5
297 544 2
297 742 2
298 75 2
298 800 2
299 291 3
300 29 5
300 140 5
301 274 3
301 777 4
303 292 2
304 6 2
304 8 86
304 42 22
304 63 2
304 106 10
304 212 2
304 258 2
304 292 2
305 11 2
305 34 2
305 576 22
306 36 5
306 550 2
307 514 2
308 21 2
308 583 18
308 640 2
308 832 14
308 848 6
309 77 2
309 774 4
310 44 2
310 936 4
312 514 2
314 156 20
314 376 2
314 518 120
315 739 2
316 452 4
318 532 5
318 914 149
320 29 129
320 315 5
320 407 44
320 428 3
320 468 4
320 641 9
320 720 55
321 4 3
321 262 3
321 337 49
321 768 5
321 834 11
321 1008 32
322 0 2
322 80 16
322 196 5
322 272 34
322 416 4
322 902 154
323 360 2
323 515 36
324 106 1033
324 167 2
324 179 2
324 513 2
324 530 2
325 74 8
325 145 2
325 192 3
325 614 5
325 720 39
326 11 44
326 32 2
326 116 3
326 280 15
326 443 12
327 675 6
327 698 79
328 45 3
328 853 223
329 35 2
329 836 2
331 512 3
332 456 704
332 643 3
334 265 2
334 288 2
336 100 2
336 576 75
336 632 12
337 352 3
337 833 10
338 33 11
338 160 6
338 169 16
339 42 14759
340 704 106
340 763 9
341 576 18
342 168 26
342 272 3
342 536 17
343 475 2
344 676 4
345 32 145
346 11 2
346 89 2
347 11 3
347 149 4
347 313 2
348 128 2
348 395 55
349 12 2
352 409 5
352 419 9
352 514 2
352 680 3
352 860 9
353 138 2
353 389 2
353 684 2
354 25 4
354 836 2
354 969 2
355 134 19
355 634 2
356 800 14
357 433 15
357 641 2
358 168 4
358 197 313
360 555 2
360 732 4
360 784 71
360 810 2
361 266 2
363 162 8
363 424 2
364 740 21
366 657 2
368 49 575
368 738 2
368 925 2
371 112 5
371 705 5
372 352 8
376 193 357
379 333 3
380 339 14
382 562 87
384 6 10
384 156 2
384 168 7
384 312 2
384 332 5
384 423 6
384 481 10
384 531 6
384 571 9
384 597 2
384 692 5
384 841 8
384 962 17
385 213 2
385 513 9
385 563 2
386 64 2
386 158 175
386 160 5
386 206 39
386 275 2
386 846 216
386 849 75
386 912 2
387 147 2
387 297 2
387 1016 2
388 332 16
389 596 2
390 566 2
391 8 3
391 461 2
392 38 2
392 336 2
392 553 24
393 461 2
393 577 2
394 80 2
394 590 2
395 4 2
395 558 33
395 647 6
396 6 2
396 454 797
396 536 15
396 546 11
396 777 66
396 915 10
396 960 3
397 132 3
397 305 14
397 518 2
398 943 2
399 9 5
400 10 5
401 16 14
401 58 2
401 277 15
401 284 15
401 932 6
402 68 2
402 80 2
402 769 2
403 20 98
403 98 2
404 209 2
404 298 8
405 160 5
406 677 2
407 591 21
408 66 2
408 405 2
409 66 29
409 417 3
409 888 18
410 520 2
411 20 3
412 6 31
413 640 12
414 932 40
416 52 2
416 292 62
416 531 2
416 832 2
417 577 8044
418 16 15
419 62 14
420 32 100
420 288 2
420 538 37
420 545 2
421 400 3
422 736 2
423 384 19
423 651 24
424 481 2
425 161 2
425 261 2
425 746 1688
425 776 11
426 644 18
427 580 3
428 194 2
428 880 6
430 203 15
433 24 10
433 197 3
433 398 6
434 734 5
436 597 340
436 641 30
437 2 2
441 21 10
442 146 2
442 691 2
444 769 2
448 92 8
448 513 2
452 48 60
452 488 14
452 512 2
452 513 2
453 368 2
453 661 3411
454 9 18
454 437 2
454 634 96
455 640 4
456 105 2
456 367 27
456 376 30
456 774 4
458 743 2
460 197 26
460 462 7
460 566 18
461 625 3
461 901 2
462 516 2
462 641 2
463 916 28
464 265 27
464 928 2
465 531 2
465 761 6
465 902 2
467 211 5
469 425 2
470 713 2
472 226 174
472 256 2
472 801 12
473 6 6
473 600 2
473 800 8
476 775 4
480 0 17
480 665 127
480 928 2
482 208 73
482 285 238
483 276 7
483 555 5
485 134 126
488 3 7
488 269 8
488 334 3
488 565 45
489 64 2
491 112 3
496 433 8
496 978 2
504 267 6
505 332 2
512 1 9
512 5 8
512 36 2
512 52 2
512 96 250
512 153 5
512 173 16
512 266 2
512 420 10
512 438 12
512 453 2
512 514 2
512 522 6
513 5 19
513 42 2
513 47 3
513 65 3
513 112 3
513 304 5
513 315 3
513 340 8
513 548 3
513 640 7
513 644 2
514 4 8
514 11 3
514 36 11
514 160 3
514 401 2
514 452 11
514 522 2
514 780 2
515 157 67
515 273 10
516 33 4
516 69 2
516 72 2
516 169 5373
516 385 320
516 605 273698
516 779 2
517 0 2
517 3 19
517 34 74
517 177 7
517 233 2
517 281 3
517 525 4
517 534 2
517 672 4
517 676 6
518 0 403
518 66 9
519 517 10
519 944 11
519 967 5
520 9 8
520 164 15
520 328 3
520 436 3
520 785 2
520 812 11
520 896 19
521 81 178
521 131 2
521 229 13
521 450 2
521 546 5
521 560 14
522 121 2
522 234 2
522 549 3
522 652 8
523 650 30
524 159 7
524 173 6
524 520 9
525 134 2
525 820 3
526 776 2
527 36 3
527 713 2
528 10 1526
528 33 109
528 36 2
528 97 2
528 144 7
528 156 19
528 171 2
528 344 15
528 406 2
528 512 20
528 580 2
528 611 2
528 720 2
528 801 75
529 16 5
529 148 2
529 423 5
529 517 2
529 520 2
529 836 4
530 20 2
530 86 3
530 278 3
530 522 23
530 696 17
532 11 3
532 134 7
532 292 175
532 550 17
532 853 2
533 5 11
533 37 9
533 787 2
534 6 18
534 786 231
534 928 29
535 10 5
536 10 5
536 244 2
536 412 5
536 687 12
536 902 133
537 99 2
537 138 2
537 257 497
537 478 5
538 74 5
540 256 13
540 481 2
541 344 3
541 793 2
544 6 2
544 21 3
544 160 674
544 401 16
544 416 12
544 429 27
544 551 8
544 597 5
545 209 11
545 226 9
545 520 3
545 914 2
546 2 6
546 263 3
546 612 68
546 650 2
546 758 2
546 900 3
547 265 10
547 427 7
547 577 4
548 169 7
548 577 9
548 586 2
549 68 2
549 97 2
549 146 25
549 647 39
550 36 31
550 649 2
550 800 2
551 4 13
551 40 2
551 89 2
552 640 3
552 656 3
553 36 3
554 137 3
554 296 119
555 52 28297
556 409 2
557 6 2
557 15 6
557 370 2029
557 400 4
557 512 15
557 557 3
557 938 4
559 557 21
560 18 2
560 32 38
560 96 14
560 104 1593
560 168 2
560 354 36
561 444 2
561 521 3
561 786 2
561 993 2
562 162 5
562 977 2
563 20 22
564 28 7
564 656 3
564 659 2
565 105 2
566 4 2
566 132 2
567 793 7
569 385 3
571 457 2
572 36 131
572 257 9
572 370 3
573 797 4
573 886 4
574 533 2
574 696 100
576 19 2
576 133 2
576 193 4
576 228 2
576 371 2
576 525 2
576 547 5
577 72 2
577 222 15
577 292 2
577 401 24
577 577 16
578 26 2
578 96 5
578 120 2
578 136 2
578 554 2
578 572 3
578 575 10
579 80 2
579 621 17
580 64 22
580 507 73
580 528 10
580 598 2
582 633 2
584 432 2
584 833 1612
585 64 2
585 208 7
585 354 56
586 64 3
587 608 4
589 389 2
590 276 7
590 520 3
590 788 7
592 4 16
592 148 4
592 528 2
592 566 18
592 585 8
592 856 4
593 429 2
595 58 29
595 557 9
596 11 2
596 33 6
596 154 11
596 385 2
597 387 9
599 92 66
599 176 2
600 562 2
600 575 2
601 335 2
601 431 838
602 480 209
604 913 2
604 1006 4
605 80 741
606 281 3
606 807 2
607 288 2
607 393 934
608 185 2
608 522 2
608 648 7
609 210 3
609 225 2
609 526 2
609 768 12
610 24 3
611 125 7
612 170 5
612 534 5
613 840 2
614 936 2
616 81 20
616 450 3
616 806 14
617 374 5
617 908 5
618 70 4
618 1004 4
619 76 240
619 140 2
619 231 13
621 293 6
623 1000 2
624 579 2
625 5 2
625 530 2
626 8 14531
626 104 15
627 418 37
627 977 2
629 528 5
631 24 2
632 18 17
637 73 2
638 161 2
640 4 2
640 6 797
640 160 22
640 181 80
640 246 235
640 258 2
640 369 1498
640 421 2
640 525 13
640 584 2
640 659 2
640 732 24
640 938 13
640 952 22
641 192 9
642 562 47
642 724 507
643 73 7
644 48 4
644 387 7
644 660 32
644 756 14
644 769 2
645 4 36
645 25 2
645 548 109
645 963 2
646 289 2557
646 388 18
648 76 17
648 98 42
648 301 7
648 369 5
648 512 2
648 694 9
648 769 4
650 953 25
651 290 196
652 257 2
652 594 4
654 129 9
655 384 3
655 761 4
656 3 2
656 259 2
656 278 3
656 370 2
656 833 115
657 79 16
658 10 152
658 640 12
660 52 2
660 69 7
660 85 12
661 244 2
661 608 5
662 374 270
664 16 5
664 205 2
664 539 17
665 3 14
665 260 23
667 587 205
668 163 11
668 749 6
670 515 1500
672 1 6
672 64 350
672 129 276
672 514 2
672 608 24
672 717 2
673 656 7
674 288 13
674 401 6
674 672 10
675 257 5
675 470 28
676 52 2
677 641 4
678 237 40
679 556 2
680 39 2
680 105 2
680 450 2
680 540 15
681 6 31
681 33 4
682 14 12
682 156 2
683 278 6
686 426 65
686 593 2
688 385 3
689 80 2
690 110 2
691 12 5
692 260 11
693 397 6
694 6 13
694 768 2
694 931 6
695 517 5
696 885 2
700 18 2
700 229 2
700 864 16
701 34 9
701 941 36
704 34 2
704 76 17
704 135 81
704 292 3
704 370 2
704 514 3
704 673 8
705 596 9
705 854 2
706 17 14
706 161 2
706 460 8
706 732 2
708 108 16
709 325 2
709 354 3
709 644 6
710 2 2
711 19 2
712 141 2
712 283 2
712 294 20
712 862 2
713 593 2
713 837 72
716 98 2
716 339 2
716 649 2
716 842 13
720 7 2
720 144 6
721 0 2
721 104 45
721 323 2
721 584 3
722 82 5
722 100 2
722 104 3
722 258 2
722 393 31
722 398 6
722 464 8
724 20 2
724 596 2
725 44 2
725 65 27
726 322 48
727 200 4
728 227 2
728 350 2
728 712 5
729 578 5
730 332 3
732 834 2
737 64 3
737 288 2
737 610 11
738 970 6842
740 235 2
740 778 2
740 801 26
741 45 2
741 260 26
743 787 2
744 124 11
744 280 2
746 386 44
752 261 2
752 494 2
752 786 3
754 32 214
759 130 32794
760 257 7
760 300 2
761 435 3
763 668 3
765 513 2
768 226 2
768 326 5
768 502 2
768 608 14
768 736 2
768 926 59
769 34 3
769 277 2
769 350 2
769 640 25
769 773 6
770 67 97
770 211 3
770 515 2
771 800 2
772 0 7
772 32 2
772 130 2
773 1 203
774 8 4
774 936 2
775 48 3
775 921 114
776 101 5
776 586 6640
776 697 7
777 6 2
777 84 2
777 200 3
777 318 9
777 539 4
777 554 2
777 608 2
778 330 268
778 389 6
778 707 5
780 16 4
780 193 2
780 707 2
780 901 660
781 222 33
781 496 2
782 405 3
784 514 2
784 549 2
784 569 2
784 604 2
784 634 4
784 841 2
785 45 2
785 257 2
786 142 2
786 521 2
786 576 59
786 914 11
787 199 11
788 25 3
788 324 37
788 332 2
792 16 2
792 274 9
792 540 2
792 594 4
795 422 20
798 776 18
799 433 22
800 9 5
800 45 3
800 73 9
800 97 2
800 824 15064
801 34 4
801 312 36
801 592 20
801 642 395
802 660 1859
804 0 2
804 104 13
805 387 2
805 781 2
806 43 15
806 134 2
806 326 89
806 480 3
808 302 3
808 526 26
808 777 2
808 937 8
808 945 53
810 17 2
810 394 5
810 416 4
814 161 2
814 264 7
814 523 35
814 905 2
816 18 2
816 24 29
818 253 2
819 538 5
824 392 3
824 609 26
824 978 2
828 592 8115
830 356 2
832 16 25
832 21 18
832 30 5
832 281 2
832 304 3
832 328 3
832 427 17
833 147 2
833 999 7
834 32 30
834 104 3
834 912 2
835 392 2
835 583 2
836 86 199
836 388 2
836 485 3
839 21 4
840 96 2
840 106 2
840 545 12
840 800 6
841 32 6
841 370 2
842 132 90
843 939 6
844 584 11
845 561 2
845 624 5
848 90 18
848 188 2
848 313 3
848 391 3
848 899 4
849 792 8
849 1018 136
850 308 2
850 776 4
851 195 2
852 2 2
852 64 6
852 72 2
852 824 2
856 256 6
857 42 2
862 130 66
863 516 2
864 786 3
866 260 8
867 998 2
870 6 2
870 68 27
871 264 2
872 50 3
872 165 6
873 9 6
874 360 36
878 258 2
882 42 25
882 778 45
884 802 49
894 392 3
895 603 54031
896 868 264
897 115 5
897 523 34
898 336 10
899 537 8
900 4 94
900 313 47
902 131 2
902 420 9
904 112 3
904 231 5
904 888 4
904 929 4
905 12 2
905 196 5
905 248 2
905 540 2
905 572 4
906 137 3
906 194 3
906 210 4
906 328 2
910 614 12
911 10 2
911 896 3
912 2 11
912 85 12
912 129 2
912 388 2
914 216 2
914 669 16
914 776 11
914 968 5
915 431 3
916 742 1141
916 777 13
917 912 2
918 0 2
920 200 2
921 272 12
922 8 15
924 196 3
927 190 5
928 64 392
928 384 7
928 516 4
928 518 7
929 257 35
929 316 5
930 720 21
931 230 4
931 657 3
932 783 4
933 657 29
934 94 2
938 261 8
938 316 2
938 552 4
944 756 24
945 456 10
946 205 21
947 568 2
948 9 27
952 37 26
953 905 12
954 22 2
956 846 25
961 131 3
961 291 3
961 333 2
961 472 2
961 481 6
963 130 23
965 937 10
966 29 3
966 192 38
966 197 3
966 555 2
968 51 4
968 360 2
969 313 51
969 769 8
971 566 2
975 205 2
976 321 5
977 22 3
977 34 27
977 549 6
978 817 2
984 324 15
984 483 17
987 962 2
988 366 2
990 35 12
996 36 4511
996 836 2
998 127 12
998 179 229
1000 260 2
1001 286 3
1002 652 5
1002 912 2
1003 684 21
1004 129 68
1011 36 2
1013 316 2
1018 358 337
1020 385 4
