0 4 6
0 8 18
0 18 2
0 112 2
0 150 2
0 156 2
0 215 541
0 259 7
0 265 3
0 274 5
0 321 7
0 352 5
0 415 2
0 552 23
0 618 11
0 646 2
0 670 9
0 674 2
0 679 2
0 843 7
0 902 4
0 936 6
1 30 3
1 37 5
1 70 3
1 82 3
1 135 2
1 228 2
1 481 3
1 535 3
1 565 2
1 644 11
1 768 2
1 825 2
1 920 2
2 0 3
2 3 2
2 8 34
2 48 1851
2 132 3
2 260 13
2 267 2
2 523 214
2 826 2
3 24 2
3 131 2
3 272 9
3 277 2
3 530 10
3 592 56
3 652 13
3 817 2
4 0 500448
4 4 10
4 50 2
4 60 6
4 64 6
4 284 2
4 293 2
4 368 8
4 517 4
4 576 6
4 683 10
4 774 6
4 803 205
5 584 12
6 3 9
6 148 132
6 212 6
6 259 2
6 267 7
6 268 2
6 466 3
6 512 23
6 798 25
6 1002 2
7 81 2
7 110 39
8 1 19
8 2 2
8 19 2
8 32 10
8 42 21
8 58 14
8 202 4
8 272 26
8 386 2
8 486 6
8 552 5
8 642 2
8 656 2
8 735 7
8 850 33
8 902 2
9 39 8
9 274 3
9 526 2
9 572 6
9 823 9
9 907 8
10 13 2
10 40 10
10 75 88
10 84 2
10 160 2
10 176 2
10 518 2
10 523 5
10 599 7
10 680 2
10 778 2
11 204 6
11 586 4
11 752 28
11 779 43
12 0 4
12 24 67
12 55 11
12 65 4
12 128 2
12 269 5
12 366 20
12 634 2
12 781 26
13 66 8
13 192 3
13 224 7
14 127 3
14 210 4
14 321 2
14 376 8
14 584 2
14 616 2
15 352 32
15 485 5
15 659 2
16 9 24
16 24 14
16 64 2
16 132 16
16 148 58
16 198 2
16 516 2
16 643 2
16 806 5
17 48 11
17 258 4
18 203 3
18 215 6
18 290 15
18 645 5
19 7 2
19 24 2
19 709 2
20 10 4
20 36 7
20 176 18
20 194 6917
20 786 2
21 116 5
21 258 2
21 308 7
22 24 6
22 68 33
22 97 5
22 133 624
22 281 14
22 320 32
22 331 17
22 565 2
23 328 2
23 770 2
24 9 5
24 533 4
24 781 2
24 786 2
24 848 66
25 592 2
26 20 15
26 22 2
26 109 10
26 801 2
27 130 2
27 210 9
28 42 2
28 72 2
28 146 2
28 192 18
28 624 16
28 647 2
29 5 2
29 327 7
29 532 2
29 809 2
30 21 2
30 52 71
30 129 44
30 588 61
31 77 7
32 33 2
32 42 8
32 185 6
32 196 3
32 204 2
32 211 2
32 219 84
32 276 66
32 414 23
32 514 2
32 612 10
32 641 62648
32 721 5
32 759 2
32 803 2
32 848 2
33 2 7
33 3 16
33 26 3
33 64 6
33 320 57
33 544 108
33 785 28
33 898 2
34 144 4
34 292 12
34 324 4
34 663 2361
34 720 2
35 65 5
35 551 7
35 689 3
36 12 3
36 34 2
36 257 2
36 266 3
36 288 18
36 320 6
36 448 12
36 555 3
36 705 10311
36 858 7
37 13 14
37 364 7
37 594 6
37 640 187
37 673 5
38 1 7
38 180 5
38 204 2
39 3 11
39 48 3
39 520 14
39 982 13
40 9 39
40 39 8
40 65 14
40 512 54
40 528 23
40 605 2
40 645 2
40 672 1534
40 761 2
40 980 5
41 96 31
41 321 2
41 513 10
42 42 22
42 140 2
42 329 116
42 411 1477
42 778 2
42 839 24
43 1 2
43 546 32
44 12 57
44 47 107
44 430 3459
44 524 2
44 794 6
45 23 124
45 50 2
45 74 4
45 266 4
45 615 3
45 808 23
45 844 3
46 57 2
47 80 24
47 1022 7
48 67 5
48 193 6
48 198 7
48 226 2
48 708 4
48 789 8
48 932 3
49 4 8
49 310 2
49 313 60803
49 516 69
50 9 12
50 113 59
50 528 14
51 70 3
52 46 10
52 256 30
52 285 14
52 390 230
52 899 2
53 146 16
53 245 2
54 112 20
54 718 7
55 278 2
56 89 2
56 472 2
56 544 5
56 560 2
57 5 2
57 128 11
57 448 12
58 113 4
58 470 106
59 58 7
59 292 7
59 583 2
60 3 33
60 5 8
60 33 8
60 112 3
60 948 2
61 648 2
62 521 2
62 612 2
64 26 54
64 41 8
64 192 5
64 194 3
64 203 2
64 272 9
64 370 34
64 465 2
64 481 2
64 514 4
64 686 2
64 756 7
64 771 2
64 780 14
64 790 4
65 25 5
65 61 39
65 96 5
65 118 2
65 218 2
65 241 2
65 421 3
65 515 3
66 140 2
66 545 1370
67 2 12
67 16 5
67 20 20
67 37 4
67 453 2
67 482 2
67 840 2
68 192 17
68 226 209
68 284 7
68 576 2
69 138 2
69 276 8
69 466 5
69 572 2
69 768 10
70 212 8
70 431 8
70 608 53
70 642 2
70 646 20
70 648 2
71 1 9
71 264 1969
71 409 2
71 700 2
72 8 2
72 65 33
72 437 2
72 533 2
72 961 17
73 39 31
73 870 51
73 999 2
74 512 2
74 548 4
74 768 139
74 1012 2
75 259 2
75 576 2
76 76 16
76 133 3
76 262 2
76 586 9
76 855 2
77 256 8
77 267 12
77 450 30
77 456 5
78 288 2
78 517 4
78 784 24
79 386 6
80 0 6
80 51 2
80 82 2
80 132 19
80 211 15
80 528 4
80 677 2
80 920 2
81 807 351
81 852 2
82 280 2
82 283 2
83 115 58
83 124 2
83 304 2
83 617 229
84 64 4
84 74 2
84 216 2
84 490 56
85 31 2
86 234 2
86 524 2
87 353 2
87 462 2
87 515 2
88 782 21
89 2 19
89 4 3
89 76 29
90 20 2
90 274 2
90 843 2
90 977 18
90 988 1795
91 154 43
91 652 30
91 951 2
92 38 2
92 91 2
93 134 5
93 669 6
94 869 26
94 954 5
95 20 12
95 34 5
96 32 12
96 80 9
96 148 3
96 208 11
96 220 2
96 276 15
96 321 7
96 547 306
96 776 2
97 130 4
97 144 5
97 195 8
97 286 2965
97 525 2
98 14 3
98 352 5
98 401 8
98 671 12
98 928 8
99 117 2
99 249 2
100 294 20429
100 752 2
100 768 2
100 901 7
101 124 62
101 161 19
101 169 2
101 392 2
101 599 2
102 6 7
102 78 8
102 166 7
102 264 6
103 704 20
104 26 2
104 28 56
104 48 2
104 64 9
104 132 2
104 313 11
104 512 5
105 3 9
105 296 57
106 516 2
107 3 8
107 129 2
108 133 81
108 514 32
109 707 14
112 0 2
112 1 2
112 28 2
112 84 28
112 165 4
112 776 7
114 68 11
114 416 2
114 452 4
114 497 54
114 872 27
116 33 2
117 106 2
118 565 41
119 446 12
119 836 2
120 76 6
121 536 28
122 80 3
122 294 3
123 600 3313
124 304 21
124 348 5
125 268 3
128 10 3
128 58 141
128 134 2
128 200 6
128 208 2
128 320 37
128 362 40
128 375 5
128 376 43
128 433 2
128 453 16
128 628 2
128 770 10
128 806 2
129 0 2
129 10 21
129 37 23
129 39 2
129 88 76
129 163 19
129 584 2
129 707 6
130 78 80
130 368 2
130 520 20
130 528 21
130 532 8
130 540 11
130 675 3
130 772 2
131 581 2
132 6 2
132 17 16
132 94 12
132 137 2
132 516 2
132 713 2
132 916 2
132 957 21
133 23 132
133 138 16
133 614 8
134 84 2
134 208 3
134 377 2
134 516 2
134 768 527
135 544 2
136 21 3
136 39 9
136 81 16
136 482 654
136 610 4
136 657 5
136 684 13
136 831 16
137 148 2
137 259 23
137 325 13
137 778 2
138 266 5
138 415 3
138 902 16
139 87 3
139 426 15
139 865 2
140 72 53
140 135 39
140 143 2
140 464 12
140 724 12
140 776 2
141 2 469
141 521 2
141 954 2
143 187 6
143 286 11
143 642 10
144 18 2
144 68 40
144 248 2
144 257 4
144 418 2
144 433 15
144 520 37
144 800 4
145 1 5
145 2 2
145 94 5
145 216 3
145 273 2
145 513 6
145 576 10
146 69 18
146 146 3
146 396 46
146 910 18
147 513 2
147 522 2
148 24 2
148 130 3
148 139 4
148 278 9
148 464 2
148 515 11
148 912 2
149 20 1663
149 633 9
149 649 3
150 141 10
150 160 3
150 656 3
151 102 8
151 207 2
151 250 2
153 151 83
153 171 4
153 598 87
153 961 53
156 54 4
156 133 8
156 521 16
157 404 67
158 104 35
159 526 66
160 34 2
160 144 6
160 452 6
160 644 62
160 801 4
161 21 2
161 40 2
161 326 2
161 376 2
161 524 8
161 576 7
161 717 2
161 898 17
162 160 6181
162 290 2
162 306 5
162 517 2
163 227 5
163 361 15
163 601 7
164 34 2
164 38 2
164 87 5
164 264 5
164 280 2
164 329 8
164 636 2
164 646 9
165 141 10
166 686 2
167 289 3
167 384 2
167 712 18180
168 52 17
168 67 4
168 68 2
168 480 2
169 514 3
171 144 10
171 810 14
172 8 4
172 32 10
172 569 3
172 664 5
173 261 48
174 493 9
174 582 11
175 863 1693
176 32 9
176 137 2
176 270 2
176 273 2
176 864 2
176 916 2
176 932 31
177 128 17
177 280 3
177 560 8
177 611 2
177 744 2
178 100 25284
178 144 9
178 580 12
178 797 8
179 429 2
180 19 1847
180 152 2
180 973 12
181 331 12
181 768 3
181 964 2
182 672 21
182 728 9
184 141 2
184 161 6
184 664 3
185 5 4
185 42 1138
185 391 22
186 272 3
186 582 2
187 800 14
188 4 2
188 199 5
192 43 4
192 52 8
192 72 2
192 177 3
192 388 4
192 392 13
192 713 2
192 898 40
192 904 12
192 999 3
193 8 26
193 28 197
193 120 7
193 131 3
193 162 3
193 422 2
193 718 2
193 775 11
194 321 3
194 592 2
196 81 2
196 286 2
196 377 2
197 297 10
197 611 3
197 769 11
198 3 4
198 196 3
198 812 23
200 445 2
200 577 2
200 924 20
201 39 2
201 98 2
201 140 2
202 11 7
203 654 2
204 520 11
205 457 2
206 80 2
206 530 2
208 12 3
208 14 2
208 88 2
208 534 2
209 55 227
209 564 3
210 1 12
210 882 10
212 34 2
212 69 29
212 112 2
212 262 8
212 285 10
212 673 2
213 64 2
214 369 2
216 138 2
218 86 3
219 389 2
220 176 4
220 658 2
222 532 2
222 852 312
225 316 12
225 948 3
226 35 2
226 157 2
227 336 4
227 592 3
227 838 27
228 32 62
228 294 2
231 261 4
231 290 2
232 5 5
232 65 64
232 80 2
232 130 14
232 480 5
233 212 2
233 912 2
233 973 2
234 848 14
235 281 7
235 645 2
237 91 12
238 620 5
239 370 5
239 560 2
240 66 2
240 799 2
240 914 3
241 245 12814
242 156 2
244 356 2
246 64 57
248 290 2
248 557 2
248 902 2
253 636 2
256 1 9
256 5 6
256 68 2
256 69 12
256 97 9
256 160 2
256 212 3
256 243 114
256 262 13
256 312 2
256 344 14
256 416 2
256 512 27
256 522 8
256 705 1192
256 764 3
256 772 5
256 904 2
256 992 149
257 0 2
257 156 12
257 268 2
257 272 5
257 544 6
257 680 216
257 806 2
257 920 301
257 945 16
258 24 7
258 34 2
258 36 3
258 265 13
258 673 3
258 880 16
259 7 22
259 165 15
259 226 2
259 268 9
259 327 2
260 131 7
260 295 4
260 522 2
260 545 2
260 678 6
260 978 2
261 8 2
261 67 2
261 72 3
261 356 14
261 672 2
261 995 2
262 134 8
262 193 1228
262 256 3
262 906 2
264 1 27
264 4 9
264 296 4
264 320 2
265 264 2
265 339 5
265 632 2
266 11 54
266 56 2
266 242 10
266 272 5
266 326 49
266 336 2
266 504 2
267 523 2
268 12 3
268 34 2
268 177 4
268 192 3
268 512 2
268 524 88
268 577 6
269 444 25
269 640 2
270 532 2
270 642 47
272 41 10
272 162 3
272 225 35
272 234 2
272 280 8
272 378 5
272 520 70
272 554 104
272 640 19
272 684 6
272 899 10
273 47 2
273 693 2
273 809 2
273 903 6
274 98 165
274 334 63
275 4 18
275 16 2
275 116 174
275 133 12
275 401 12
275 485 49
276 538 1284
276 661 26
277 8 3
277 128 2
277 385 5
279 18 5501
279 901 22
280 36 15
280 82 5
280 674 2
281 101 7
282 136 4
282 576 2
282 717 2
282 787 3
283 35 10
283 514 2
285 104 2
286 832 3
287 448 2
287 802 2751
288 47 10
288 50 3
288 132 17
288 224 4
288 292 170
288 545 20
288 776 33
289 36 9
289 156 21
289 345 3
289 468 2
289 472 29
289 753 3
289 788 4
290 0 688
290 328 2
290 388 3
291 32 30
291 610 2
291 768 11
291 967 29
292 19 5
292 134 418
292 162 21
292 524 3
292 593 2
293 256 2
293 960 2
294 27 5
294 742 3
294 864 16
296 57 535
296 84 2
296 131 18
296 231 8
296 260 9
296 288 5
296 336 82
296 409 178
296 516 5
297 167 2
297 325 11
297 389 15
297 544 2
297 742 2
298 75 2
298 800 3
299 291 3
300 29 5
300 140 3
301 274 6
301 777 2
303 292 71862
304 6 2
304 8 5
304 42 6
304 63 44
304 106 4
304 212 4
304 258 2
304 292 22
305 11 2
305 34 5
305 576 4
306 36 2
306 550 30
307 514 18
308 21 8
308 583 3
308 640 9
308 832 4
308 848 16
309 77 4
309 774 4
310 44 2
310 936 6
312 514 14
314 156 5
314 376 3
314 518 43970
315 739 2
316 452 6
318 532 2
318 914 4
320 29 2
320 315 3
320 407 2
320 428 6
320 468 2
320 641 2
320 720 2
321 4 23
321 262 2
321 337 5
321 768 4
321 834 5
321 1008 6
322 0 2
322 80 2
322 196 2
322 272 2
322 416 4
322 902 2
323 360 4
323 515 126
324 106 24
324 167 4
324 179 2
324 513 4
324 530 352
325 74 3
325 145 21
325 192 3
325 614 316
325 720 1003
326 11 4
326 32 2
326 116 2
326 280 4
326 443 9
327 675 7
327 698 2
328 45 5
328 853 144
329 35 3
329 836 2
331 512 9
332 456 2
332 643 2
334 265 2
334 288 4
336 100 2
336 576 2
336 632 3
337 352 2
337 833 211
338 33 8
338 160 2
338 169 2
339 42 2
340 704 3
340 763 14
341 576 3
342 168 2
342 272 9
342 536 2868
343 475 178
344 676 9
345 32 55
346 11 2
346 89 2
347 11 10
347 149 4
347 313 2
348 128 36
348 395 2
349 12 8
352 409 2
352 419 6
352 514 17
352 680 2
352 860 21
353 138 2
353 389 243
353 684 4
354 25 65
354 836 2
354 969 2
355 134 2
355 634 27
356 800 3
357 433 3
357 641 9
358 168 6
358 197 2
360 555 3
360 732 162
360 784 21
360 810 6
361 266 2
363 162 9
363 424 2
364 740 23
366 657 2
368 49 213
368 738 3
368 925 2
371 112 9
371 705 2
372 352 7
376 193 18
379 333 2
380 339 7
382 562 93
384 6 8
384 156 2
384 168 3
384 312 2
384 332 67
384 423 2
384 481 5
384 531 4
384 571 11
384 597 27
384 692 2
384 841 10
384 962 3
385 213 2
385 513 2
385 563 76
386 64 15
386 158 2
386 160 3
386 206 113
386 275 6
386 846 64
386 849 2
386 912 12
387 147 6
387 297 9
387 1016 3
388 332 4
389 596 4
390 566 6
391 8 2
391 461 3
392 38 2
392 336 23
392 553 12
393 461 2
393 577 2
394 80 2
394 590 3
395 4 26
395 558 3
395 647 3
396 6 6
396 454 4
396 536 3
396 546 6
396 777 2
396 915 19
396 960 5
397 132 2
397 305 8
397 518 2
398 943 9
399 9 2
400 10 2
401 16 5
401 58 15
401 277 4
401 284 6
401 932 5
402 68 31
402 80 2
402 769 2
403 20 66
403 98 77
404 209 2
404 298 2
405 160 4
406 677 2
407 591 2
408 66 2
408 405 2
409 66 11
409 417 5
409 888 2
410 520 2
411 20 2
412 6 247
413 640 38
414 932 2
416 52 2
416 292 20
416 531 2
416 832 13
417 577 2
418 16 13
419 62 12
420 32 2
420 288 93
420 538 24
420 545 2
421 400 2
422 736 14
423 384 30
423 651 34
424 481 2
425 161 2
425 261 17
425 746 2
425 776 3
426 644 4
427 580 2
428 194 2
428 880 21
430 203 3
433 24 16
433 197 9
433 398 2
434 734 3
436 597 30
436 641 2
437 2 13
441 21 2
442 146 2
442 691 2
444 769 5
448 92 19
448 513 37
452 48 2
452 488 9
452 512 4
452 513 2
453 368 4
453 661 2333
454 9 12
454 437 2
454 634 4
455 640 4
456 105 2
456 367 20
456 376 6
456 774 2
458 743 3
460 197 16
460 462 2
460 566 14
461 625 2
461 901 2
462 516 2
462 641 2
463 916 5
464 265 5
464 928 2
465 531 26
465 761 2
465 902 5
467 211 3
469 425 2
470 713 3
472 226 2
472 256 10
472 801 72
473 6 3
473 600 4
473 800 3
476 775 2
480 0 11
480 665 3
480 928 6
482 208 2
482 285 11
483 276 8
483 555 3
485 134 1617
488 3 15
488 269 2
488 334 5
488 565 2
489 64 2
491 112 25
496 433 15
496 978 2
504 267 3
505 332 14
512 1 4
512 5 7
512 36 5
512 52 2
512 96 2
512 153 15
512 173 2
512 266 3
512 420 1048
512 438 2
512 453 2
512 514 4
512 522 2
513 5 14
513 42 2
513 47 2
513 65 27
513 112 2
513 304 3
513 315 2
513 340 2
513 548 16
513 640 7
513 644 20
514 4 2
514 11 8
514 36 3
514 160 31
514 401 2
514 452 61
514 522 6
514 780 6
515 157 9
515 273 4
516 33 64
516 69 5
516 72 2
516 169 2
516 385 2
516 605 11
516 779 4
517 0 2
517 3 2
517 34 2
517 177 15
517 233 2
517 281 4
517 525 5
517 534 6
517 672 5
517 676 9
518 0 2
518 66 25
519 517 9
519 944 2
519 967 6
520 9 2
520 164 2
520 328 5
520 436 2
520 785 2
520 812 50
520 896 2
521 81 6
521 131 2
521 229 9
521 450 2
521 546 17
521 560 13
522 121 2
522 234 18
522 549 4
522 652 9
523 650 8
524 159 4
524 173 3
524 520 9
525 134 23
525 820 4
526 776 5
527 36 2
527 713 2
528 10 1260
528 33 1675
528 36 3
528 97 4
528 144 2
528 156 3
528 171 2
528 344 23
528 406 2
528 512 5
528 580 2
528 611 2
528 720 10
528 801 2
529 16 8
529 148 2
529 423 2
529 517 5
529 520 33
529 836 3
530 20 3
530 86 4
530 278 2
530 522 2
530 696 13
532 11 7
532 134 12
532 292 22
532 550 2
532 853 2
533 5 2
533 37 2
533 787 34
534 6 3
534 786 3
534 928 2
535 10 2
536 10 3
536 244 2
536 412 13
536 687 3
536 902 2
537 99 4
537 138 8
537 257 6
537 478 8
538 74 5
540 256 3
540 481 11
541 344 2
541 793 36
544 6 2
544 21 2
544 160 2
544 401 3
544 416 8
544 429 2
544 551 185
544 597 2
545 209 2
545 226 6
545 520 2
545 914 2
546 2 3
546 263 2
546 612 5
546 650 17
546 758 14
546 900 412669
547 265 6
547 427 9
547 577 2
548 169 2
548 577 4
548 586 165
549 68 2
549 97 9
549 146 21
549 647 15
550 36 2
550 649 5
550 800 1263
551 4 2
551 40 2
551 89 163
552 640 2
552 656 3
553 36 3
554 137 2
554 296 2
555 52 360
556 409 2
557 6 2
557 15 9
557 370 2
557 400 2
557 512 21
557 557 3
557 938 9
559 557 2
560 18 2
560 32 3
560 96 8
560 104 2
560 168 9
560 354 323
561 444 5
561 521 2
561 786 2
561 993 9
562 162 2
562 977 82
563 20 2
564 28 3
564 656 13
564 659 5
565 105 6
566 4 2
566 132 12
567 793 12
569 385 2
571 457 2
572 36 39
572 257 6
572 370 3
573 797 19
573 886 2
574 533 4
574 696 2
576 19 2
576 133 3
576 193 17
576 228 4
576 371 2
576 525 8
576 547 5
577 72 108
577 222 2
577 292 2
577 401 4
577 577 26
578 26 2
578 96 16
578 120 2
578 136 4
578 554 2
578 572 2
578 575 3
579 80 82
579 621 9
580 64 8
580 507 2
580 528 15
580 598 2
582 633 2
584 432 2
584 833 2
585 64 2
585 208 4
585 354 28
586 64 4
587 608 11
589 389 8
590 276 12
590 520 4
590 788 2
592 4 9
592 148 4
592 528 2
592 566 17
592 585 5
592 856 19
593 429 2
595 58 90
595 557 10
596 11 2440
596 33 8
596 154 2
596 385 3
597 387 3
599 92 2
599 176 4340
600 562 2
600 575 15
601 335 2
601 431 9
602 480 139
604 913 2
604 1006 2
605 80 7718
606 281 2
606 807 2
607 288 2
607 393 10
608 185 2
608 522 4
608 648 8
609 210 2
609 225 4
609 526 2
609 768 51
610 24 235
611 125 2
612 170 14
612 534 3
613 840 2
614 936 11
616 81 11
616 450 46
616 806 9
617 374 10
617 908 4
618 70 20
618 1004 13
619 76 19
619 140 2
619 231 3
621 293 3
623 1000 2
624 579 6
625 5 9
625 530 2
626 8 347808
626 104 116
627 418 10
627 977 4
629 528 8
631 24 2
632 18 14
637 73 2
638 161 2
640 4 2
640 6 2
640 160 21
640 181 2
640 246 11
640 258 2
640 369 2
640 421 13
640 525 33
640 584 5
640 659 2
640 732 2
640 938 5
640 952 2
641 192 18
642 562 4
642 724 2
643 73 9
644 48 2
644 387 103235
644 660 2
644 756 2
644 769 1186
645 4 4
645 25 48
645 548 97
645 963 2
646 289 2
646 388 551
648 76 17
648 98 2
648 301 8
648 369 192
648 512 3
648 694 11
648 769 6
650 953 40
651 290 2
652 257 8
652 594 8
654 129 6
655 384 6
655 761 3
656 3 12
656 259 2
656 278 3
656 370 2
656 833 10414
657 79 6
658 10 2
658 640 7
660 52 7
660 69 6
660 85 2
661 244 2
661 608 20
662 374 2
664 16 7
664 205 2
664 539 2
665 3 9
665 260 372
667 587 11
668 163 2
668 749 30872
670 515 37
672 1 7
672 64 113
672 129 2
672 514 2
672 608 11
672 717 10
673 656 22
674 288 14
674 401 2
674 672 7
675 257 5
675 470 134
676 52 2
677 641 8
678 237 2
679 556 3
680 39 211
680 105 2
680 450 2
680 540 20
681 6 2
681 33 3
682 14 7
682 156 2
683 278 23
686 426 3
686 593 2
688 385 2
689 80 10
690 110 44
691 12 2
692 260 19
693 397 13
694 6 4
694 768 2
694 931 3
695 517 5
696 885 2
700 18 42
700 229 15
700 864 3
701 34 12
701 941 5
704 34 2
704 76 31
704 135 2
704 292 27
704 370 2
704 514 3
704 673 163
705 596 6
705 854 4
706 17 15
706 161 2
706 460 2
706 732 513
708 108 2
709 325 2
709 354 9
709 644 3
710 2 7
711 19 10
712 141 7
712 283 2
712 294 2
712 862 2
713 593 2
713 837 2
716 98 40
716 339 12
716 649 2
716 842 2
720 7 9
720 144 118
721 0 2
721 104 391
721 323 2
721 584 21
722 82 10
722 100 2
722 104 5
722 258 2
722 393 2
722 398 2
722 464 6
724 20 5
724 596 2
725 44 5
725 65 2
726 322 7
727 200 5
728 227 4
728 350 4
728 712 4
729 578 2
730 332 12
732 834 2
737 64 13
737 288 105
737 610 4
738 970 148
740 235 55
740 778 2
740 801 23
741 45 2
741 260 3
743 787 2
744 124 4
744 280 2
746 386 2
752 261 13
752 494 2
752 786 25
754 32 2
759 130 308
760 257 85
760 300 3
761 435 5
763 668 2
765 513 11
768 226 102
768 326 149
768 502 3
768 608 6
768 736 3
768 926 2
769 34 27
769 277 2
769 350 2
769 640 3
769 773 2
770 67 9
770 211 27
770 515 2
771 800 7
772 0 25
772 32 3
772 130 5
773 1 87
774 8 11
774 936 3
775 48 27
775 921 2
776 101 9
776 586 5
776 697 3
777 6 3
777 84 2
777 200 12
777 318 2
777 539 6
777 554 8
777 608 2
778 330 2
778 389 4
778 707 6
780 16 4
780 193 33
780 707 215
780 901 4
781 222 7
781 496 2
782 405 2
784 514 2
784 549 33
784 569 15
784 604 690
784 634 2
784 841 2
785 45 18
785 257 15
786 142 3
786 521 2
786 576 2
786 914 5
787 199 2
788 25 2
788 324 2
788 332 5
792 16 13
792 274 3
792 540 67
792 594 2
795 422 4
798 776 23
799 433 2
800 9 2
800 45 7
800 73 10
800 97 2
800 824 4632
801 34 71
801 312 2
801 592 3
801 642 2
802 660 2
804 0 2
804 104 32
805 387 3
805 781 20
806 43 7
806 134 2
806 326 14
806 480 125
808 302 4
808 526 8
808 777 2
808 937 7
808 945 2
810 17 2
810 394 4
810 416 6
814 161 318
814 264 3
814 523 8
814 905 55
816 18 2
816 24 7
818 253 3
819 538 2
824 392 21
824 609 4
824 978 2
828 592 21
830 356 18
832 16 3
832 21 2
832 30 6
832 281 6
832 304 4
832 328 2
832 427 2
833 147 3
833 999 8
834 32 4
834 104 9
834 912 2
835 392 49
835 583 2
836 86 14
836 388 33
836 485 2
839 21 4
840 96 4
840 106 4
840 545 4
840 800 4
841 32 6
841 370 4
842 132 2
843 939 2
844 584 5
845 561 2
845 624 8
848 90 8
848 188 2
848 313 3
848 391 2
848 899 3
849 792 2
849 1018 2
850 308 2
850 776 5
851 195 2
852 2 17
852 64 12
852 72 5
852 824 5
856 256 35
857 42 8
862 130 2
863 516 2
864 786 63
866 260 31
867 998 2
870 6 29
870 68 25
871 264 2
872 50 22
872 165 2
873 9 7
874 360 3
878 258 4
882 42 2
882 778 65
884 802 5
894 392 2
895 603 164
896 868 2
897 115 14
897 523 2
898 336 4
899 537 5
900 4 2
900 313 2
902 131 2
902 420 2
904 112 7
904 231 2
904 888 9
904 929 2
905 12 2
905 196 21
905 248 13
905 540 4
905 572 2
906 137 2
906 194 4
906 210 2
906 328 3
910 614 6
911 10 4
911 896 3
912 2 2
912 85 3
912 129 6
912 388 2
914 216 2
914 669 11
914 776 8
914 968 11
915 431 2
916 742 2
916 777 8
917 912 2
918 0 2
920 200 156
921 272 24
922 8 22
924 196 2
927 190 8
928 64 2
928 384 2
928 516 2
928 518 4
929 257 15
929 316 7
930 720 2
931 230 95
931 657 20
932 783 47
933 657 3
934 94 3
938 261 2
938 316 20
938 552 7
944 756 2
945 456 4
946 205 2
947 568 2
948 9 31
952 37 4
953 905 5
954 22 2
956 846 16
961 131 3
961 291 8
961 333 2
961 472 3
961 481 41
963 130 6
965 937 7
966 29 2
966 192 2
966 197 4
966 555 43
968 51 2
968 360 5
969 313 2
969 769 2
971 566 2
975 205 10
976 321 3
977 22 5
977 34 2
977 549 2
978 817 2
984 324 2
984 483 247
987 962 2
988 366 2
990 35 14
996 36 2
996 836 2
998 127 3
998 179 28
1000 260 2
1001 286 4
1002 652 646
1002 912 7
1003 684 193
1004 129 2
1011 36 4
1013 316 2
1018 358 403
1020 385 10
