0 4 2
0 8 5
0 18 2
0 112 2
0 150 2
0 156 25
0 215 2
0 259 7
0 265 2
0 274 144
0 321 26
0 352 4
0 415 2
0 552 20
0 618 13
0 646 4
0 670 2
0 674 34
0 679 5
0 843 6
0 902 5
0 936 17
1 30 2
1 37 13
1 70 6
1 82 3
1 135 14
1 228 2
1 481 2
1 535 5
1 565 2
1 644 2
1 768 5
1 825 12
1 920 2
2 0 3
2 3 10
2 8 2
2 48 9
2 132 2
2 260 4
2 267 17
2 523 13
2 826 2
3 24 2
3 131 2
3 272 12
3 277 1125
3 530 13
3 592 2
3 652 9
3 817 5
4 0 16793
4 4 11
4 50 2
4 60 6
4 64 2
4 284 12
4 293 10
4 368 17
4 517 2
4 576 2
4 683 7
4 774 5
4 803 3
5 584 2
6 3 17
6 148 3
6 212 3
6 259 22
6 267 2
6 268 3
6 466 2
6 512 3
6 798 20
6 1002 22
7 81 2
7 110 6
8 1 2
8 2 2
8 19 2
8 32 3
8 42 16
8 58 17
8 202 24
8 272 6
8 386 7
8 486 12
8 552 2
8 642 3
8 656 282
8 735 2
8 850 2
8 902 206
9 39 3
9 274 16
9 526 53
9 572 266
9 823 7
9 907 3
10 13 637
10 40 57
10 75 34
10 84 2
10 160 14
10 176 3
10 518 2
10 523 6
10 599 3
10 680 11
10 778 2
11 204 6
11 586 16
11 752 52
11 779 12
12 0 108
12 24 25
12 55 12
12 65 27
12 128 4
12 269 3
12 366 5
12 634 3
12 781 22
13 66 5
13 192 5
13 224 5
14 127 2
14 210 10
14 321 2
14 376 2
14 584 2
14 616 2
15 352 7
15 485 4
15 659 162
16 9 21
16 24 25
16 64 11
16 132 2
16 148 37
16 198 392
16 516 2
16 643 131
16 806 10
17 48 8
17 258 4
18 203 50
18 215 2
18 290 2
18 645 2
19 7 5
19 24 68
19 709 23556
20 10 4
20 36 2
20 176 2
20 194 2
20 786 2
21 116 3
21 258 2
21 308 3
22 24 8
22 68 2
22 97 3
22 133 3
22 281 7
22 320 2
22 331 2
22 565 3
23 328 22
23 770 7
24 9 10
24 533 2
24 781 2
24 786 20
24 848 2
25 592 2
26 20 3
26 22 12
26 109 20
26 801 2
27 130 2
27 210 4
28 42 2
28 72 3
28 146 18
28 192 8
28 624 21
28 647 446
29 5 2
29 327 4
29 532 545
29 809 2
30 21 2
30 52 6
30 129 2
30 588 2
31 77 5
32 33 22602
32 42 4
32 185 3
32 196 2
32 204 6
32 211 2089
32 219 23
32 276 2
32 414 7
32 514 2
32 612 14
32 641 2
32 721 10
32 759 2
32 803 2
32 848 2
33 2 14
33 3 2
33 26 4
33 64 9
33 320 15
33 544 2
33 785 21
33 898 25
34 144 19
34 292 2
34 324 10
34 663 2
34 720 3132
35 65 2
35 551 2
35 689 2
36 12 8
36 34 6
36 257 2
36 266 4
36 288 2
36 320 243
36 448 2
36 555 2
36 705 2
36 858 320
37 13 4
37 364 10
37 594 5
37 640 2
37 673 2
38 1 8
38 180 2
38 204 2
39 3 2
39 48 13
39 520 2
39 982 2
40 9 2
40 39 6
40 65 49
40 512 10
40 528 8
40 605 935
40 645 74
40 672 2
40 761 3
40 980 3
41 96 6
41 321 10
41 513 26
42 42 2
42 140 73
42 329 2
42 411 6
42 778 1772
42 839 6
43 1 2
43 546 2
44 12 13
44 47 121
44 430 5
44 524 7
44 794 2
45 23 24
45 50 11
45 74 11
45 266 6
45 615 10
45 808 8
45 844 3
46 57 3
47 80 3
47 1022 2
48 67 32
48 193 2
48 198 2
48 226 5
48 708 2
48 789 2
48 932 10
49 4 56
49 310 3
49 313 63283
49 516 910
50 9 9
50 113 2
50 528 6
51 70 2
52 46 5
52 256 18
52 285 2
52 390 17
52 899 8
53 146 3
53 245 28
54 112 9
54 718 4
55 278 2
56 89 2
56 472 2
56 544 123
56 560 2
57 5 294
57 128 2
57 448 20
58 113 11
58 470 11
59 58 11
59 292 10
59 583 4
60 3 4
60 5 8
60 33 7
60 112 2
60 948 6
61 648 5
62 521 2
62 612 2
64 26 2
64 41 7
64 192 2
64 194 6
64 203 14
64 272 3
64 370 7
64 465 2
64 481 2
64 514 2
64 686 2
64 756 3
64 771 2
64 780 12
64 790 2
65 25 39
65 61 2
65 96 17
65 118 2
65 218 4
65 241 2
65 421 7
65 515 7
66 140 17
66 545 3
67 2 2
67 16 2
67 20 2
67 37 6
67 453 3
67 482 3
67 840 2
68 192 6
68 226 3354
68 284 6
68 576 2
69 138 7
69 276 2
69 466 7
69 572 3
69 768 17
70 212 8
70 431 261
70 608 2
70 642 2
70 646 2
70 648 4
71 1 2
71 264 2
71 409 3
71 700 2
72 8 2
72 65 3
72 437 4
72 533 6
72 961 685
73 39 2
73 870 5
73 999 3
74 512 2
74 548 7
74 768 442
74 1012 67
75 259 19887
75 576 9
76 76 2
76 133 4
76 262 2
76 586 4
76 855 2
77 256 4
77 267 2
77 450 2
77 456 2
78 288 16
78 517 2
78 784 2
79 386 8
80 0 3
80 51 3
80 82 40
80 132 8
80 211 11
80 528 4
80 677 2
80 920 2
81 807 16
81 852 10
82 280 4
82 283 2
83 115 8
83 124 2
83 304 3
83 617 2
84 64 40
84 74 9
84 216 2
84 490 4895
85 31 2
86 234 3
86 524 14
87 353 2
87 462 2
87 515 2
88 782 2
89 2 9
89 4 3
89 76 21
90 20 2
90 274 2
90 843 2
90 977 8
90 988 64
91 154 2
91 652 5
91 951 2
92 38 2
92 91 4
93 134 2
93 669 3
94 869 363
94 954 6
95 20 14
95 34 7
96 32 6
96 80 2
96 148 2
96 208 2
96 220 8
96 276 7
96 321 6
96 547 33
96 776 9
97 130 2
97 144 2
97 195 35
97 286 2
97 525 13605
98 14 2
98 352 491
98 401 2
98 671 2
98 928 7
99 117 2
99 249 2
100 294 2
100 752 12
100 768 2
100 901 3
101 124 14
101 161 315
101 169 3
101 392 2
101 599 2
102 6 2
102 78 4
102 166 3
102 264 29
103 704 6
104 26 2
104 28 7
104 48 16
104 64 36
104 132 10
104 313 3
104 512 3
105 3 11
105 296 4
106 516 13
107 3 4
107 129 19908
108 133 3
108 514 17398
109 707 2
112 0 887
112 1 2
112 28 6
112 84 11
112 165 6
112 776 3
114 68 5
114 416 2
114 452 69
114 497 4
114 872 25
116 33 5
117 106 2
118 565 2
119 446 2
119 836 2
120 76 8
121 536 2
122 80 2
122 294 4
123 600 587
124 304 11
124 348 3
125 268 2
128 10 2
128 58 22
128 134 64
128 200 11
128 208 2
128 320 33
128 362 2
128 375 4
128 376 17
128 433 8
128 453 3
128 628 3
128 770 8
128 806 8
129 0 2
129 10 2
129 37 62
129 39 2
129 88 2
129 163 2
129 584 4
129 707 2
130 78 2
130 368 2
130 520 13
130 528 4
130 532 9
130 540 3
130 675 14
130 772 2
131 581 28
132 6 8
132 17 90
132 94 2
132 137 4
132 516 3
132 713 18
132 916 29
132 957 6
133 23 2
133 138 25
133 614 3
134 84 4
134 208 2
134 377 2
134 516 3
134 768 2
135 544 2
136 21 3
136 39 2
136 81 3
136 482 2
136 610 2
136 657 22
136 684 4
136 831 2
137 148 2
137 259 51
137 325 10
137 778 3
138 266 161
138 415 17
138 902 3
139 87 5
139 426 9
139 865 2
140 72 7
140 135 3
140 143 10
140 464 2
140 724 7
140 776 4
141 2 2
141 521 5
141 954 2
143 187 112
143 286 289
143 642 5
144 18 2
144 68 2
144 248 2
144 257 122
144 418 2
144 433 2
144 520 20
144 800 7
145 1 2
145 2 6
145 94 4
145 216 3
145 273 6
145 513 2
145 576 7
146 69 43
146 146 2
146 396 8
146 910 2
147 513 147
147 522 2
148 24 5
148 130 2
148 139 81
148 278 13
148 464 3
148 515 254
148 912 73
149 20 25
149 633 2
149 649 7
150 141 2
150 160 2
150 656 5
151 102 22
151 207 13
151 250 2
153 151 2
153 171 201
153 598 2
153 961 2
156 54 2
156 133 7
156 521 10
157 404 2
158 104 3
159 526 12
160 34 2
160 144 31
160 452 2
160 644 10
160 801 12
161 21 2
161 40 2
161 326 2
161 376 15
161 524 7
161 576 2
161 717 2
161 898 5
162 160 2
162 290 2
162 306 6
162 517 2
163 227 57
163 361 2
163 601 23
164 34 2
164 38 2
164 87 2
164 264 24
164 280 49
164 329 5
164 636 3
164 646 7
165 141 103
166 686 3
167 289 37
167 384 10
167 712 2
168 52 2
168 67 2
168 68 12
168 480 2
169 514 2
171 144 4
171 810 16
172 8 2
172 32 2
172 569 2
172 664 2
173 261 86
174 493 2
174 582 2
175 863 17
176 32 2
176 137 2
176 270 657
176 273 4
176 864 1691
176 916 2
176 932 10
177 128 33
177 280 5
177 560 2
177 611 3
177 744 89
178 100 2
178 144 2
178 580 2
178 797 3
179 429 716
180 19 5
180 152 54
180 973 7
181 331 5
181 768 5
181 964 3
182 672 18
182 728 2
184 141 2
184 161 7
184 664 8
185 5 2
185 42 18
185 391 2
186 272 16
186 582 4
187 800 17
188 4 3
188 199 5
192 43 20
192 52 2
192 72 44
192 177 3
192 388 2
192 392 4
192 713 2
192 898 14
192 904 9
192 999 2
193 8 17
193 28 3
193 120 88
193 131 10
193 162 10
193 422 2
193 718 2
193 775 2
194 321 7
194 592 7
196 81 2
196 286 7
196 377 19
197 297 17
197 611 4
197 769 2
198 3 13
198 196 8
198 812 2
200 445 12
200 577 15
200 924 6
201 39 176
201 98 2357
201 140 7
202 11 4
203 654 2
204 520 10
205 457 357
206 80 2
206 530 2
208 12 2
208 14 14
208 88 6
208 534 44
209 55 93
209 564 4
210 1 25
210 882 10
212 34 4
212 69 20
212 112 2
212 262 14
212 285 3
212 673 2
213 64 142
214 369 11
216 138 2
218 86 5
219 389 2
220 176 2
220 658 2
222 532 3
222 852 105
225 316 9
225 948 2
226 35 2
226 157 80
227 336 3
227 592 46
227 838 34
228 32 15
228 294 2
231 261 3
231 290 8
232 5 2
232 65 2
232 80 5
232 130 7
232 480 29
233 212 8
233 912 2
233 973 2
234 848 5
235 281 28
235 645 2
237 91 14
238 620 8
239 370 24
239 560 36
240 66 205
240 799 2
240 914 373
241 245 2
242 156 3
244 356 2
246 64 2
248 290 6
248 557 9
248 902 8
253 636 2
256 1 2
256 5 25
256 68 2
256 69 9
256 97 3
256 160 172
256 212 13
256 243 2
256 262 2
256 312 2
256 344 6
256 416 2
256 512 10
256 522 2
256 705 2
256 764 2
256 772 22
256 904 2
256 992 2
257 0 841
257 156 2
257 268 7
257 272 2
257 544 5
257 680 5
257 806 223
257 920 12
257 945 6
258 24 5
258 34 11
258 36 4
258 265 25
258 673 11
258 880 17
259 7 2
259 165 4
259 226 2
259 268 9
259 327 14
260 131 5
260 295 2
260 522 2
260 545 2
260 678 65
260 978 21
261 8 984
261 67 2
261 72 2
261 356 10
261 672 145
261 995 2
262 134 2
262 193 47
262 256 2
262 906 8
264 1 6
264 4 14
264 296 11
264 320 2
265 264 2
265 339 3
265 632 2
266 11 2
266 56 2
266 242 21
266 272 2
266 326 5
266 336 21
266 504 2
267 523 4
268 12 2
268 34 2
268 177 62
268 192 6
268 512 2
268 524 33
268 577 9
269 444 2
269 640 12
270 532 2
270 642 5
272 41 3
272 162 21
272 225 2
272 234 2
272 280 14
272 378 2
272 520 6
272 554 2
272 640 5
272 684 2
272 899 2
273 47 2
273 693 1583
273 809 2
273 903 4
274 98 1338
274 334 149
275 4 26
275 16 2
275 116 52
275 133 5
275 401 6
275 485 12
276 538 90
276 661 2
277 8 5
277 128 2
277 385 3
279 18 2
279 901 10
280 36 179
280 82 3
280 674 5
281 101 37
282 136 2
282 576 2
282 717 2
282 787 42
283 35 104
283 514 3
285 104 2
286 832 25
287 448 22
287 802 96635
288 47 20
288 50 2
288 132 2
288 224 10
288 292 2
288 545 14
288 776 2
289 36 21
289 156 2
289 345 9
289 468 2
289 472 2
289 753 15
289 788 10
290 0 5
290 328 2
290 388 3
291 32 18
291 610 2
291 768 2
291 967 4
292 19 15
292 134 2
292 162 7
292 524 18
292 593 2
293 256 27
293 960 3
294 27 4
294 742 3
294 864 2
296 57 34
296 84 2
296 131 11
296 231 1190
296 260 15
296 288 3
296 336 2
296 409 2
296 516 7
297 167 2
297 325 2
297 389 5
297 544 2
297 742 2
298 75 5
298 800 2
299 291 3
300 29 3
300 140 2
301 274 2
301 777 144
303 292 2
304 6 4
304 8 2
304 42 37
304 63 82
304 106 3
304 212 4
304 258 10
304 292 2
305 11 4
305 34 2
305 576 41
306 36 2
306 550 2079
307 514 2
308 21 64
308 583 2
308 640 33
308 832 3
308 848 13
309 77 2
309 774 18
310 44 2
310 936 3
312 514 3
314 156 20
314 376 10
314 518 95
315 739 217
316 452 4
318 532 2
318 914 13
320 29 2
320 315 2
320 407 29
320 428 22
320 468 2
320 641 2
320 720 6
321 4 2
321 262 2
321 337 2
321 768 5
321 834 5
321 1008 5
322 0 2
322 80 3
322 196 2
322 272 10
322 416 25
322 902 2
323 360 2
323 515 19
324 106 4
324 167 8
324 179 2
324 513 2
324 530 13820
325 74 4
325 145 18
325 192 2
325 614 16
325 720 2
326 11 7
326 32 2
326 116 4
326 280 3
326 443 6
327 675 3
327 698 2
328 45 8
328 853 2
329 35 5
329 836 3
331 512 2
332 456 26
332 643 6
334 265 16
334 288 2
336 100 8
336 576 2
336 632 2
337 352 8
337 833 198
338 33 2
338 160 46
338 169 2
339 42 421
340 704 374
340 763 2
341 576 73
342 168 10
342 272 4
342 536 161
343 475 2
344 676 3
345 32 37
346 11 2
346 89 2
347 11 3
347 149 7
347 313 2
348 128 3
348 395 2
349 12 3
352 409 2
352 419 2
352 514 2
352 680 51
352 860 2
353 138 2
353 389 77510
353 684 20
354 25 6
354 836 2
354 969 2
355 134 11
355 634 197
356 800 7
357 433 5
357 641 3
358 168 2
358 197 432
360 555 7
360 732 2
360 784 3
360 810 2
361 266 2
363 162 26
363 424 2
364 740 4
366 657 2
368 49 2
368 738 2
368 925 5
371 112 10
371 705 2
372 352 7
376 193 6
379 333 2
380 339 18
382 562 7
384 6 17
384 156 25
384 168 6
384 312 10
384 332 2
384 423 10
384 481 2
384 531 3
384 571 3
384 597 159
384 692 8
384 841 2
384 962 7
385 213 32
385 513 18
385 563 2
386 64 13
386 158 2
386 160 188
386 206 26
386 275 3
386 846 2
386 849 2
386 912 2
387 147 8
387 297 2
387 1016 2
388 332 6
389 596 4
390 566 3
391 8 6
391 461 5
392 38 8
392 336 33
392 553 3
393 461 90
393 577 4
394 80 2
394 590 2
395 4 3
395 558 2
395 647 4
396 6 591
396 454 2
396 536 10
396 546 11
396 777 4
396 915 19
396 960 11
397 132 2
397 305 10
397 518 9
398 943 4
399 9 2
400 10 5
401 16 2
401 58 2
401 277 6
401 284 2
401 932 6
402 68 42
402 80 2
402 769 3
403 20 99
403 98 32918
404 209 2
404 298 2
405 160 5
406 677 2
407 591 2
408 66 29
408 405 2
409 66 13
409 417 3
409 888 2
410 520 5
411 20 46
412 6 4
413 640 2
414 932 2
416 52 2
416 292 10
416 531 2
416 832 8
417 577 2
418 16 3
419 62 38
420 32 357
420 288 287
420 538 2
420 545 8
421 400 14
422 736 6
423 384 2
423 651 2
424 481 2
425 161 11349
425 261 15
425 746 2
425 776 21
426 644 5
427 580 1209
428 194 2
428 880 8
430 203 9
433 24 3
433 197 6
433 398 8
434 734 2
436 597 9
436 641 7
437 2 14
441 21 2
442 146 2
442 691 10
444 769 4
448 92 3
448 513 2
452 48 124
452 488 2
452 512 3
452 513 2
453 368 2
453 661 2
454 9 7
454 437 4
454 634 198
455 640 12
456 105 4
456 367 4
456 376 10
456 774 3
458 743 57
460 197 3
460 462 8
460 566 2
461 625 21
461 901 2
462 516 3
462 641 12
463 916 2
464 265 5
464 928 6
465 531 3
465 761 2
465 902 10
467 211 49
469 425 73
470 713 36
472 226 3
472 256 4
472 801 3
473 6 2
473 600 3
473 800 5
476 775 3
480 0 2
480 665 2
480 928 2
482 208 2
482 285 4
483 276 3
483 555 3
485 134 24
488 3 6
488 269 3
488 334 2
488 565 62453
489 64 7647
491 112 3
496 433 3
496 978 2
504 267 4
505 332 6
512 1 18
512 5 2
512 36 3
512 52 2
512 96 2227
512 153 6
512 173 9
512 266 2
512 420 805
512 438 2
512 453 22
512 514 7
512 522 2
513 5 15
513 42 3
513 47 17
513 65 13
513 112 2
513 304 2
513 315 2
513 340 2
513 548 78
513 640 4
513 644 2
514 4 8
514 11 357
514 36 16
514 160 2
514 401 12
514 452 12
514 522 2
514 780 14
515 157 2
515 273 9
516 33 2
516 69 3
516 72 2
516 169 2
516 385 2
516 605 2
516 779 605
517 0 2
517 3 4
517 34 2
517 177 5
517 233 2
517 281 4
517 525 2
517 534 2
517 672 37
517 676 2
518 0 4
518 66 12
519 517 2
519 944 13
519 967 6
520 9 2
520 164 4
520 328 9
520 436 2
520 785 193
520 812 12
520 896 2
521 81 34
521 131 9
521 229 12
521 450 2
521 546 8
521 560 7
522 121 3
522 234 3
522 549 20
522 652 2
523 650 4
524 159 38
524 173 11
524 520 10
525 134 2
525 820 13
526 776 11
527 36 3
527 713 84
528 10 14
528 33 3
528 36 6293
528 97 44
528 144 17
528 156 847
528 171 2
528 344 14
528 406 2
528 512 5
528 580 2
528 611 2
528 720 3
528 801 26
529 16 3
529 148 2
529 423 7
529 517 2
529 520 12
529 836 9
530 20 2
530 86 2
530 278 2
530 522 11
530 696 5
532 11 4
532 134 3
532 292 10
532 550 17
532 853 2
533 5 4
533 37 246
533 787 2
534 6 4
534 786 2
534 928 147
535 10 32
536 10 3
536 244 189
536 412 5
536 687 30
536 902 5
537 99 2
537 138 2
537 257 4
537 478 15
538 74 2
540 256 60
540 481 31
541 344 86
541 793 16
544 6 2
544 21 2
544 160 2
544 401 13
544 416 6
544 429 2
544 551 15
544 597 2
545 209 2
545 226 2
545 520 5
545 914 14
546 2 6
546 263 2
546 612 76
546 650 100
546 758 9
546 900 528
547 265 9
547 427 2
547 577 2
548 169 2
548 577 11
548 586 2
549 68 2
549 97 2
549 146 2
549 647 9
550 36 41
550 649 2
550 800 2
551 4 2
551 40 7
551 89 10
552 640 146
552 656 2
553 36 2
554 137 2
554 296 2
555 52 6
556 409 2
557 6 300
557 15 33
557 370 2
557 400 72
557 512 4
557 557 2
557 938 2
559 557 2
560 18 73
560 32 2
560 96 3
560 104 2
560 168 3
560 354 7
561 444 14
561 521 20
561 786 2
561 993 2
562 162 9
562 977 7
563 20 2
564 28 7
564 656 2
564 659 17
565 105 2
566 4 7
566 132 2
567 793 4
569 385 67
571 457 61
572 36 2
572 257 7
572 370 13
573 797 8
573 886 3
574 533 4
574 696 9
576 19 3
576 133 15
576 193 10
576 228 8
576 371 152
576 525 4
576 547 34
577 72 10
577 222 2
577 292 2
577 401 5
577 577 22
578 26 45
578 96 27
578 120 2
578 136 4
578 554 2
578 572 3
578 575 8
579 80 2
579 621 7
580 64 10
580 507 2
580 528 35
580 598 1143
582 633 1909
584 432 4
584 833 2
585 64 7
585 208 5
585 354 10
586 64 6
587 608 2
589 389 8
590 276 3
590 520 91
590 788 9
592 4 28
592 148 8
592 528 2
592 566 2
592 585 6
592 856 4
593 429 2
595 58 2
595 557 33
596 11 2
596 33 15
596 154 4
596 385 8
597 387 5
599 92 6
599 176 2
600 562 11
600 575 8
601 335 29073
601 431 28
602 480 1216
604 913 2
604 1006 17
605 80 2
606 281 11
606 807 20
607 288 185
607 393 43
608 185 8
608 522 2
608 648 7
609 210 5
609 225 2
609 526 408
609 768 302
610 24 2
611 125 3
612 170 10
612 534 3
613 840 2
614 936 2
616 81 3
616 450 2
616 806 6
617 374 3
617 908 2
618 70 4
618 1004 6
619 76 2
619 140 6
619 231 2
621 293 3
623 1000 2
624 579 2
625 5 6
625 530 427
626 8 2
626 104 2
627 418 16
627 977 9
629 528 3
631 24 2
632 18 6
637 73 2
638 161 645
640 4 2
640 6 2
640 160 2
640 181 2
640 246 70
640 258 4
640 369 52
640 421 13
640 525 4
640 584 5
640 659 2
640 732 6
640 938 2
640 952 39853
641 192 47
642 562 14
642 724 2
643 73 23
644 48 4
644 387 2225
644 660 64
644 756 2
644 769 143
645 4 2
645 25 3
645 548 2
645 963 2
646 289 2
646 388 2
648 76 2
648 98 4
648 301 2
648 369 2
648 512 2
648 694 16
648 769 5
650 953 8
651 290 3
652 257 2
652 594 3
654 129 6
655 384 9
655 761 5
656 3 7
656 259 34
656 278 2
656 370 2
656 833 2
657 79 9
658 10 2
658 640 12
660 52 2
660 69 3
660 85 8
661 244 22
661 608 3
662 374 2
664 16 13
664 205 61
664 539 2
665 3 2
665 260 2
667 587 75
668 163 177
668 749 417
670 515 2
672 1 3
672 64 2
672 129 2
672 514 5
672 608 2
672 717 2
673 656 2
674 288 2
674 401 2
674 672 11
675 257 11
675 470 12
676 52 2
677 641 11
678 237 11
679 556 2
680 39 22
680 105 2
680 450 2878
680 540 13
681 6 2
681 33 5
682 14 3
682 156 52
683 278 39
686 426 2
686 593 40
688 385 2
689 80 2
690 110 2
691 12 2310
692 260 3
693 397 8
694 6 4
694 768 19
694 931 5
695 517 5
696 885 3
700 18 3
700 229 2
700 864 11
701 34 2
701 941 15
704 34 15
704 76 104
704 135 54
704 292 6
704 370 2
704 514 15
704 673 3
705 596 2
705 854 2
706 17 2
706 161 2
706 460 3
706 732 2
708 108 7
709 325 4
709 354 178
709 644 4
710 2 206
711 19 2
712 141 4
712 283 47
712 294 2
712 862 2
713 593 3
713 837 9
716 98 7
716 339 3
716 649 6
716 842 2
720 7 12
720 144 2
721 0 4
721 104 6
721 323 2
721 584 6
722 82 2
722 100 45
722 104 8
722 258 2
722 393 3
722 398 22
722 464 2
724 20 40
724 596 2
725 44 2
725 65 2
726 322 5
727 200 2
728 227 48
728 350 42
728 712 2
729 578 2
730 332 6
732 834 2
737 64 7
737 288 7
737 610 14
738 970 2
740 235 2
740 778 2
740 801 9
741 45 2
741 260 3
743 787 6
744 124 7
744 280 3
746 386 2
752 261 2
752 494 2
752 786 4
754 32 6
759 130 4
760 257 8
760 300 3
761 435 2
763 668 4
765 513 2
768 226 75
768 326 9
768 502 2
768 608 6
768 736 2
768 926 125
769 34 188
769 277 2
769 350 351
769 640 4
769 773 2
770 67 2
770 211 2
770 515 2
771 800 4
772 0 2
772 32 43
772 130 2
773 1 6
774 8 10
774 936 6
775 48 2
775 921 2969
776 101 15
776 586 2
776 697 4
777 6 2
777 84 2
777 200 7
777 318 14
777 539 2
777 554 30
777 608 2
778 330 2
778 389 28
778 707 2
780 16 15
780 193 2
780 707 7
780 901 16
781 222 17
781 496 3
782 405 8
784 514 6
784 549 3
784 569 2
784 604 2
784 634 2
784 841 9
785 45 9
785 257 3
786 142 2
786 521 11
786 576 2
786 914 4
787 199 7
788 25 2
788 324 3
788 332 2
792 16 2
792 274 31
792 540 2
792 594 14
795 422 8
798 776 2
799 433 6
800 9 3
800 45 2
800 73 2
800 97 15
800 824 348
801 34 2
801 312 563
801 592 8
801 642 62
802 660 193
804 0 546
804 104 16
805 387 3
805 781 2
806 43 3
806 134 67
806 326 3
806 480 23
808 302 3
808 526 2
808 777 247
808 937 2
808 945 2
810 17 2
810 394 8
810 416 6
814 161 3
814 264 4
814 523 2
814 905 11
816 18 2
816 24 4
818 253 4
819 538 2
824 392 2
824 609 12
824 978 2
828 592 22
830 356 6
832 16 12
832 21 12
832 30 8
832 281 5
832 304 3
832 328 2
832 427 19
833 147 6
833 999 3
834 32 2
834 104 2
834 912 2
835 392 2
835 583 2
836 86 2
836 388 16
836 485 2
839 21 5
840 96 2
840 106 2
840 545 2
840 800 2
841 32 4
841 370 2
842 132 2
843 939 48
844 584 3
845 561 4
845 624 2
848 90 9
848 188 109
848 313 5
848 391 6
848 899 20
849 792 52
849 1018 5
850 308 2
850 776 5
851 195 5
852 2 4
852 64 2
852 72 2
852 824 4
856 256 2
857 42 8
862 130 2
863 516 2
864 786 3
866 260 8
867 998 17
870 6 18
870 68 2
871 264 3
872 50 412
872 165 2
873 9 2
874 360 2
878 258 4
882 42 2
882 778 2
884 802 10
894 392 4
895 603 53896
896 868 2
897 115 3
897 523 2
898 336 8
899 537 17
900 4 138
900 313 2
902 131 2
902 420 3
904 112 16
904 231 2
904 888 11
904 929 5
905 12 5
905 196 3
905 248 55
905 540 2
905 572 8
906 137 3
906 194 2
906 210 2
906 328 689
910 614 3
911 10 1327
911 896 214
912 2 2
912 85 5
912 129 28
912 388 3
914 216 2
914 669 2
914 776 10
914 968 2
915 431 2
916 742 9
916 777 24
917 912 2
918 0 2
920 200 2
921 272 9
922 8 10
924 196 12
927 190 2
928 64 2
928 384 7
928 516 12
928 518 2
929 257 62
929 316 12
930 720 68
931 230 3
931 657 2
932 783 2
933 657 17
934 94 2
938 261 2
938 316 2
938 552 10
944 756 3
945 456 2
946 205 2
947 568 2
948 9 2
952 37 2
953 905 6
954 22 2
956 846 6
961 131 2
961 291 11
961 333 709
961 472 2
961 481 35
963 130 6
965 937 6
966 29 2
966 192 35
966 197 2
966 555 16
968 51 2
968 360 26
969 313 2
969 769 2
971 566 24
975 205 2
976 321 2
977 22 6
977 34 3
977 549 2
978 817 5
984 324 2
984 483 2
987 962 47
988 366 2
990 35 3
996 36 2
996 836 2
998 127 3
998 179 2
1000 260 16987
1001 286 2
1002 652 170
1002 912 4
1003 684 18
1004 129 50
1011 36 4
1013 316 2
1018 358 1696
1020 385 6
