0 4 2
0 8 9
0 18 15
0 112 2
0 150 2
0 156 3541
0 215 32
0 259 23
0 265 5
0 274 87
0 321 2
0 352 2
0 415 2
0 552 5
0 618 14
0 646 114
0 670 2
0 674 21
0 679 4
0 843 2
0 902 4
0 936 9
1 30 7
1 37 3
1 70 9
1 82 2
1 135 64
1 228 2
1 481 5
1 535 2
1 565 46
1 644 6
1 768 4
1 825 5
1 920 2
2 0 2
2 3 6
2 8 6
2 48 2
2 132 31
2 260 2
2 267 2
2 523 5
2 826 2
3 24 2
3 131 2
3 272 15
3 277 2
3 530 5
3 592 2
3 652 4
3 817 4
4 0 2
4 4 4
4 50 3
4 60 2
4 64 5
4 284 3
4 293 22
4 368 2
4 517 5
4 576 3
4 683 3
4 774 2
4 803 2
5 584 2
6 3 6
6 148 2
6 212 202
6 259 2
6 267 2
6 268 12
6 466 11
6 512 4
6 798 14
6 1002 290
7 81 4
7 110 11
8 1 101
8 2 6
8 19 2
8 32 15
8 42 4
8 58 54
8 202 13
8 272 9
8 386 4
8 486 11
8 552 13
8 642 2
8 656 2
8 735 2
8 850 2
8 902 53
9 39 8
9 274 2
9 526 37
9 572 2
9 823 17
9 907 5
10 13 2
10 40 7
10 75 37
10 84 54
10 160 4
10 176 2
10 518 2
10 523 2
10 599 8
10 680 2
10 778 2
11 204 7
11 586 9
11 752 2
11 779 17
12 0 554
12 24 2
12 55 88
12 65 3
12 128 19
12 269 7
12 366 4
12 634 2
12 781 102
13 66 2
13 192 2
13 224 7
14 127 2
14 210 5
14 321 2
14 376 2
14 584 2
14 616 4
15 352 19
15 485 5
15 659 228
16 9 5
16 24 14
16 64 99
16 132 3
16 148 9
16 198 32
16 516 16
16 643 20
16 806 15
17 48 4
17 258 6
18 203 25
18 215 2
18 290 7
18 645 2
19 7 2
19 24 3
19 709 2
20 10 2
20 36 2
20 176 2
20 194 2144535
20 786 4
21 116 2
21 258 32
21 308 4
22 24 9
22 68 36
22 97 16
22 133 2
22 281 19
22 320 3
22 331 28
22 565 6
23 328 2
23 770 2
24 9 3
24 533 2
24 781 75
24 786 8
24 848 2
25 592 6
26 20 8
26 22 11
26 109 2
26 801 2
27 130 179
27 210 2
28 42 672
28 72 60
28 146 2
28 192 3
28 624 25
28 647 3
29 5 17
29 327 3
29 532 97
29 809 5
30 21 18973
30 52 2
30 129 62
30 588 343
31 77 122
32 33 17615
32 42 5
32 185 5
32 196 2
32 204 9
32 211 3
32 219 3
32 276 25
32 414 12
32 514 2
32 612 2
32 641 2
32 721 7
32 759 433
32 803 3
32 848 4
33 2 2
33 3 16
33 26 46
33 64 12
33 320 5
33 544 2
33 785 2
33 898 8
34 144 4
34 292 8
34 324 4
34 663 3
34 720 2
35 65 2
35 551 2
35 689 17
36 12 18
36 34 3
36 257 2
36 266 36
36 288 2
36 320 6
36 448 2
36 555 2
36 705 2
36 858 2
37 13 4
37 364 5
37 594 7
37 640 2
37 673 3
38 1 5
38 180 2
38 204 2
39 3 3
39 48 16
39 520 4
39 982 2
40 9 2
40 39 5
40 65 3
40 512 2
40 528 4
40 605 2
40 645 213
40 672 3
40 761 2
40 980 5189
41 96 5
41 321 2
41 513 7
42 42 7
42 140 13
42 329 2
42 411 58
42 778 919995
42 839 2
43 1 2
43 546 1049
44 12 9
44 47 4
44 430 2
44 524 2
44 794 9
45 23 2
45 50 2
45 74 30
45 266 6
45 615 4
45 808 13
45 844 207
46 57 111
47 80 3
47 1022 3
48 67 12
48 193 2
48 198 2
48 226 2
48 708 2
48 789 169037
48 932 98
49 4 2
49 310 4
49 313 2
49 516 89
50 9 8
50 113 5
50 528 3
51 70 9
52 46 6
52 256 7
52 285 5
52 390 4
52 899 16
53 146 2
53 245 7
54 112 8
54 718 21
55 278 2
56 89 2
56 472 2
56 544 5
56 560 4
57 5 2
57 128 4
57 448 11
58 113 13
58 470 5
59 58 40
59 292 23
59 583 9
60 3 2
60 5 38
60 33 7
60 112 2
60 948 2
61 648 2
62 521 13
62 612 7
64 26 175
64 41 13
64 192 27
64 194 4
64 203 7748
64 272 6
64 370 12
64 465 2
64 481 3
64 514 16
64 686 2
64 756 14
64 771 2
64 780 3
64 790 4
65 25 2
65 61 3
65 96 29
65 118 2
65 218 4
65 241 2
65 421 2
65 515 6
66 140 26
66 545 2
67 2 3
67 16 8
67 20 7
67 37 5
67 453 2
67 482 491
67 840 10
68 192 11
68 226 2
68 284 51
68 576 156
69 138 22
69 276 2
69 466 2
69 572 2
69 768 7
70 212 3
70 431 2
70 608 17
70 642 26833
70 646 2
70 648 3
71 1 5
71 264 2
71 409 13
71 700 2
72 8 34
72 65 34
72 437 2
72 533 3
72 961 275795
73 39 2
73 870 4
73 999 6
74 512 2
74 548 10
74 768 2
74 1012 6
75 259 2098
75 576 3
76 76 2
76 133 13
76 262 3
76 586 20
76 855 14
77 256 2
77 267 6
77 450 14
77 456 2
78 288 3
78 517 2
78 784 16
79 386 6
80 0 5
80 51 9
80 82 2
80 132 10
80 211 2
80 528 17
80 677 2
80 920 2
81 807 2
81 852 2
82 280 7
82 283 9
83 115 2
83 124 297
83 304 2
83 617 3
84 64 2
84 74 3
84 216 4
84 490 2
85 31 2
86 234 6
86 524 31
87 353 2
87 462 2
87 515 4
88 782 2
89 2 2
89 4 94
89 76 30
90 20 4
90 274 3
90 843 4
90 977 3
90 988 2
91 154 60
91 652 12
91 951 3
92 38 2
92 91 2
93 134 10
93 669 3
94 869 17
94 954 2
95 20 19
95 34 2
96 32 2
96 80 2
96 148 2
96 208 8
96 220 23
96 276 6
96 321 17
96 547 7
96 776 2
97 130 11
97 144 3
97 195 3
97 286 478
97 525 24
98 14 2
98 352 6
98 401 2
98 671 2
98 928 3
99 117 3
99 249 26
100 294 6
100 752 2
100 768 17
100 901 7
101 124 2
101 161 3
101 169 5
101 392 2
101 599 6
102 6 4
102 78 52
102 166 2
102 264 2
103 704 4
104 26 2
104 28 143
104 48 2
104 64 9
104 132 7
104 313 14
104 512 8
105 3 8
105 296 3
106 516 6
107 3 33
107 129 4
108 133 2
108 514 2
109 707 13
112 0 2
112 1 261
112 28 2
112 84 12
112 165 4
112 776 6
114 68 5
114 416 130
114 452 6
114 497 2
114 872 13
116 33 3
117 106 3
118 565 4
119 446 3
119 836 13
120 76 8
121 536 3
122 80 10
122 294 2
123 600 16
124 304 7
124 348 17
125 268 2
128 10 2
128 58 2
128 134 32
128 200 5
128 208 5
128 320 144959
128 362 4
128 375 4
128 376 14
128 433 4
128 453 2
128 628 2
128 770 2
128 806 8
129 0 2
129 10 2
129 37 18
129 39 3
129 88 2
129 163 8
129 584 2
129 707 5
130 78 2
130 368 2
130 520 18
130 528 9
130 532 17
130 540 4
130 675 2
130 772 2
131 581 27
132 6 10
132 17 2
132 94 7
132 137 9
132 516 3
132 713 4
132 916 530
132 957 2
133 23 7
133 138 9
133 614 7
134 84 2
134 208 2
134 377 2
134 516 2
134 768 11
135 544 24
136 21 4
136 39 2
136 81 4
136 482 2
136 610 3
136 657 15
136 684 13
136 831 2
137 148 41
137 259 142
137 325 9
137 778 2
138 266 2
138 415 30
138 902 2
139 87 2
139 426 2
139 865 2
140 72 19
140 135 2
140 143 2
140 464 11
140 724 2
140 776 2
141 2 2
141 521 14
141 954 4
143 187 2
143 286 352
143 642 8
144 18 3
144 68 10
144 248 2
144 257 43
144 418 110
144 433 18
144 520 12
144 800 3
145 1 14
145 2 2
145 94 3
145 216 2
145 273 2
145 513 8
145 576 7
146 69 2
146 146 10
146 396 5
146 910 15
147 513 4
147 522 4
148 24 5
148 130 2
148 139 2
148 278 20
148 464 3
148 515 29
148 912 2
149 20 2
149 633 2
149 649 2
150 141 117
150 160 15
150 656 4
151 102 2
151 207 5
151 250 4
153 151 4
153 171 15
153 598 2
153 961 4
156 54 105
156 133 29
156 521 4
157 404 2
158 104 4
159 526 8
160 34 2
160 144 8
160 452 9
160 644 3
160 801 19
161 21 33
161 40 2
161 326 27
161 376 74
161 524 2
161 576 2
161 717 2
161 898 2
162 160 2
162 290 2
162 306 4
162 517 2
163 227 5
163 361 4
163 601 2
164 34 16
164 38 21
164 87 2
164 264 2
164 280 14
164 329 6
164 636 6
164 646 2
165 141 8
166 686 2
167 289 3
167 384 3
167 712 30
168 52 3
168 67 7
168 68 2
168 480 42
169 514 4
171 144 4
171 810 2
172 8 2
172 32 2
172 569 8
172 664 16
173 261 108
174 493 2
174 582 20
175 863 11
176 32 8899
176 137 3
176 270 2
176 273 14
176 864 12
176 916 2
176 932 2
177 128 2
177 280 11
177 560 49
177 611 62
177 744 518
178 100 2
178 144 9
178 580 344
178 797 2
179 429 341
180 19 6
180 152 2
180 973 2
181 331 2
181 768 4
181 964 2
182 672 4
182 728 2
184 141 7
184 161 2
184 664 2
185 5 9
185 42 498
185 391 8
186 272 5
186 582 5
187 800 5
188 4 15
188 199 16
192 43 2
192 52 3
192 72 5
192 177 7
192 388 7
192 392 7
192 713 2
192 898 12
192 904 5
192 999 2
193 8 3
193 28 337
193 120 2
193 131 4
193 162 2
193 422 7
193 718 2
193 775 24
194 321 17
194 592 2
196 81 6
196 286 3
196 377 11486
197 297 20
197 611 29
197 769 3
198 3 4
198 196 11
198 812 2
200 445 2
200 577 4
200 924 17
201 39 2
201 98 41
201 140 15
202 11 4
203 654 3
204 520 6
205 457 4
206 80 3
206 530 2
208 12 2
208 14 2
208 88 144
208 534 12
209 55 2
209 564 2
210 1 2
210 882 13
212 34 9
212 69 11
212 112 15
212 262 5
212 285 5
212 673 2
213 64 5
214 369 2
216 138 2
218 86 12
219 389 14
220 176 2
220 658 8
222 532 5
222 852 2
225 316 22
225 948 5
226 35 6
226 157 3
227 336 2
227 592 6
227 838 7
228 32 9
228 294 7
231 261 5
231 290 11
232 5 2
232 65 2
232 80 36
232 130 4
232 480 2
233 212 9
233 912 259
233 973 83
234 848 30
235 281 8
235 645 2
237 91 14
238 620 11
239 370 3
239 560 2
240 66 2
240 799 4
240 914 130
241 245 2
242 156 3
244 356 85
246 64 6
248 290 17
248 557 2
248 902 2
253 636 3
256 1 3
256 5 2
256 68 2
256 69 2
256 97 2
256 160 10
256 212 8
256 243 157
256 262 5
256 312 4440
256 344 10
256 416 2
256 512 15
256 522 9
256 705 2
256 764 2
256 772 18
256 904 2
256 992 2
257 0 2
257 156 2
257 268 2
257 272 2
257 544 2
257 680 2421
257 806 2
257 920 2
257 945 9
258 24 2
258 34 3
258 36 161
258 265 93
258 673 10
258 880 3
259 7 2
259 165 8
259 226 117
259 268 5
259 327 2
260 131 5
260 295 132
260 522 2
260 545 2
260 678 29
260 978 6
261 8 2
261 67 5027
261 72 3
261 356 2
261 672 2
261 995 2
262 134 2
262 193 2
262 256 2
262 906 6
264 1 2
264 4 3
264 296 2
264 320 2
265 264 4
265 339 6
265 632 4
266 11 23
266 56 87
266 242 2
266 272 12
266 326 3
266 336 2
266 504 4
267 523 4
268 12 3
268 34 262
268 177 3
268 192 5
268 512 2
268 524 26
268 577 16
269 444 3
269 640 2
270 532 2
270 642 2
272 41 5
272 162 5
272 225 2
272 234 3
272 280 10
272 378 6
272 520 2
272 554 2
272 640 2
272 684 29
272 899 2
273 47 2
273 693 51
273 809 94
273 903 12
274 98 38
274 334 7
275 4 2
275 16 2
275 116 3
275 133 11
275 401 12
275 485 9
276 538 2
276 661 49
277 8 6
277 128 7
277 385 13
279 18 2097
279 901 2
280 36 16
280 82 2
280 674 2
281 101 11
282 136 2
282 576 2
282 717 10
282 787 19
283 35 2
283 514 21
285 104 12
286 832 4
287 448 7
287 802 2
288 47 6
288 50 2
288 132 2
288 224 4
288 292 2
288 545 2
288 776 3
289 36 2
289 156 2
289 345 8
289 468 104
289 472 2
289 753 14
289 788 6
290 0 5
290 328 60
290 388 5
291 32 14
291 610 3
291 768 7
291 967 20
292 19 2
292 134 6
292 162 9
292 524 3
292 593 16
293 256 4
293 960 2
294 27 4
294 742 21
294 864 3
296 57 9
296 84 2
296 131 14
296 231 12
296 260 3
296 288 5
296 336 2
296 409 2
296 516 2
297 167 3
297 325 2
297 389 10
297 544 2
297 742 2
298 75 302
298 800 2
299 291 4
300 29 5
300 140 13
301 274 10
301 777 2
303 292 2
304 6 2
304 8 3
304 42 372
304 63 3
304 106 7
304 212 2
304 258 2
304 292 3
305 11 2
305 34 4
305 576 2
306 36 7
306 550 1511
307 514 4
308 21 2
308 583 7
308 640 4
308 832 25
308 848 25
309 77 5
309 774 6
310 44 2
310 936 3
312 514 2
314 156 2
314 376 22
314 518 2
315 739 2
316 452 11
318 532 2
318 914 7196
320 29 2
320 315 6
320 407 21
320 428 2
320 468 2
320 641 2
320 720 44
321 4 2
321 262 114
321 337 2
321 768 4
321 834 7
321 1008 2
322 0 2
322 80 9
322 196 17
322 272 2
322 416 7
322 902 5
323 360 6
323 515 2
324 106 24
324 167 2
324 179 2
324 513 3
324 530 5
325 74 13
325 145 38
325 192 7
325 614 2
325 720 3
326 11 458
326 32 2
326 116 2
326 280 4
326 443 3
327 675 9
327 698 2
328 45 10
328 853 16160
329 35 7
329 836 55
331 512 2
332 456 12
332 643 13
334 265 70
334 288 2
336 100 7
336 576 2
336 632 2
337 352 5
337 833 8
338 33 4
338 160 2
338 169 158
339 42 2
340 704 2
340 763 2
341 576 2
342 168 2
342 272 6
342 536 2
343 475 2
344 676 9
345 32 203
346 11 2
346 89 4
347 11 10
347 149 6
347 313 2
348 128 2
348 395 2
349 12 2
352 409 10
352 419 17
352 514 2
352 680 2
352 860 2
353 138 6
353 389 2
353 684 2
354 25 2
354 836 376
354 969 3
355 134 53
355 634 2
356 800 28
357 433 2
357 641 21
358 168 2
358 197 2
360 555 58
360 732 40
360 784 6
360 810 2
361 266 2
363 162 8
363 424 148
364 740 3
366 657 8
368 49 2
368 738 6
368 925 2
371 112 3
371 705 2
372 352 2
376 193 168
379 333 2
380 339 6
382 562 3
384 6 20
384 156 6
384 168 2
384 312 2
384 332 2
384 423 8
384 481 2
384 531 4
384 571 9
384 597 676
384 692 2
384 841 2
384 962 4
385 213 121
385 513 3
385 563 6
386 64 12
386 158 126
386 160 2
386 206 2
386 275 2
386 846 2
386 849 145
386 912 2
387 147 2
387 297 2
387 1016 2
388 332 2
389 596 7
390 566 13
391 8 18
391 461 81
392 38 21
392 336 2
392 553 8
393 461 2
393 577 11
394 80 1756
394 590 3
395 4 9
395 558 2
395 647 12
396 6 2
396 454 2
396 536 2
396 546 2
396 777 29
396 915 8
396 960 6
397 132 12
397 305 17
397 518 9
398 943 2
399 9 4
400 10 6
401 16 8
401 58 2
401 277 12
401 284 6
401 932 3
402 68 19
402 80 2
402 769 12
403 20 26
403 98 2
404 209 2
404 298 19
405 160 2
406 677 354
407 591 4
408 66 2
408 405 6
409 66 2
409 417 13
409 888 3
410 520 4
411 20 2
412 6 2
413 640 2
414 932 2
416 52 8
416 292 5
416 531 41
416 832 2
417 577 2
418 16 2
419 62 17
420 32 2
420 288 2
420 538 2
420 545 2
421 400 2
422 736 4
423 384 2
423 651 5
424 481 2
425 161 311872
425 261 11
425 746 9766
425 776 6
426 644 7
427 580 2
428 194 15
428 880 10
430 203 53
433 24 4
433 197 31
433 398 2
434 734 8
436 597 2
436 641 7
437 2 2
441 21 2
442 146 2
442 691 2
444 769 5
448 92 5
448 513 3
452 48 4
452 488 32
452 512 4
452 513 3
453 368 22
453 661 2
454 9 7
454 437 25
454 634 2
455 640 6
456 105 2
456 367 5
456 376 12
456 774 2
458 743 21
460 197 21
460 462 27
460 566 2
461 625 38
461 901 2
462 516 3
462 641 2
463 916 7
464 265 11
464 928 10
465 531 3
465 761 2
465 902 76
467 211 45
469 425 2
470 713 10
472 226 38
472 256 17
472 801 23
473 6 2
473 600 2
473 800 11
476 775 2
480 0 2
480 665 2
480 928 152
482 208 2
482 285 4
483 276 12
483 555 12
485 134 2
488 3 2
488 269 7
488 334 2
488 565 7837
489 64 2
491 112 4
496 433 21
496 978 2
504 267 5
505 332 3
512 1 38
512 5 7
512 36 4
512 52 3
512 96 2
512 153 6
512 173 6
512 266 2
512 420 2
512 438 2
512 453 4
512 514 48
512 522 2
513 5 11
513 42 5
513 47 35
513 65 16
513 112 2
513 304 2
513 315 2
513 340 30
513 548 9
513 640 17
513 644 2
514 4 5
514 11 6
514 36 15
514 160 4
514 401 2
514 452 27
514 522 7
514 780 12
515 157 2
515 273 10
516 33 3
516 69 2
516 72 16
516 169 2
516 385 2
516 605 3
516 779 2
517 0 10
517 3 6
517 34 26
517 177 4
517 233 2975
517 281 5
517 525 2
517 534 2
517 672 17
517 676 9
518 0 6
518 66 3
519 517 2
519 944 5
519 967 2
520 9 2
520 164 4
520 328 4
520 436 9
520 785 2
520 812 2
520 896 2
521 81 144
521 131 9
521 229 2
521 450 2
521 546 14
521 560 9
522 121 3
522 234 11
522 549 6
522 652 2
523 650 811
524 159 7
524 173 6
524 520 2
525 134 17
525 820 8
526 776 191
527 36 2
527 713 3
528 10 137
528 33 6
528 36 2
528 97 40
528 144 2
528 156 2
528 171 4
528 344 8
528 406 4250
528 512 5
528 580 2
528 611 3
528 720 2
528 801 187
529 16 5
529 148 3
529 423 2
529 517 41
529 520 2
529 836 5
530 20 10
530 86 6
530 278 3
530 522 7
530 696 4
532 11 26
532 134 12
532 292 2
532 550 4
532 853 2
533 5 5
533 37 53
533 787 111
534 6 2
534 786 5517
534 928 22
535 10 505
536 10 2
536 244 40
536 412 5
536 687 2
536 902 3
537 99 2
537 138 2
537 257 2
537 478 2
538 74 9
540 256 3
540 481 2
541 344 2
541 793 7
544 6 3236
544 21 2
544 160 2
544 401 8
544 416 7
544 429 2
544 551 2
544 597 121
545 209 7
545 226 21
545 520 16
545 914 2
546 2 9
546 263 2
546 612 2
546 650 3
546 758 19
546 900 761
547 265 14
547 427 2
547 577 2
548 169 7
548 577 9
548 586 23
549 68 2
549 97 2
549 146 7
549 647 8
550 36 5
550 649 2
550 800 3
551 4 22
551 40 4
551 89 7
552 640 2
552 656 6
553 36 3
554 137 9
554 296 2
555 52 2
556 409 1099
557 6 4
557 15 6
557 370 2
557 400 3
557 512 3
557 557 26
557 938 2
559 557 13180
560 18 2
560 32 2
560 96 12
560 104 2
560 168 2
560 354 15
561 444 7
561 521 2
561 786 2
561 993 2
562 162 11
562 977 149
563 20 46
564 28 55
564 656 6
564 659 117
565 105 2
566 4 4
566 132 2
567 793 4
569 385 2
571 457 2
572 36 2
572 257 5
572 370 375
573 797 13
573 886 16
574 533 3
574 696 55
576 19 8
576 133 5
576 193 19
576 228 2
576 371 239
576 525 3
576 547 2
577 72 7
577 222 11
577 292 2
577 401 23
577 577 18
578 26 9
578 96 2
578 120 3
578 136 2
578 554 2
578 572 2
578 575 2
579 80 192
579 621 4
580 64 2
580 507 5
580 528 11
580 598 3
582 633 355
584 432 6
584 833 1711
585 64 8
585 208 8
585 354 294
586 64 4
587 608 14
589 389 36
590 276 7
590 520 2
590 788 2
592 4 4
592 148 9
592 528 40
592 566 3
592 585 5
592 856 9
593 429 4
595 58 5
595 557 3
596 11 1645
596 33 12
596 154 4
596 385 2
597 387 7
599 92 2
599 176 2
600 562 2
600 575 12
601 335 19
601 431 2
602 480 11
604 913 2
604 1006 4
605 80 2
606 281 57
606 807 71
607 288 2
607 393 12
608 185 2
608 522 2
608 648 7
609 210 3
609 225 23
609 526 3
609 768 2
610 24 7
611 125 2
612 170 16
612 534 3
613 840 139
614 936 365
616 81 11
616 450 86
616 806 6
617 374 5
617 908 2
618 70 7
618 1004 10
619 76 7
619 140 3
619 231 4
621 293 5
623 1000 2
624 579 18
625 5 2
625 530 2
626 8 2
626 104 62
627 418 5
627 977 12
629 528 6
631 24 2
632 18 25
637 73 2
638 161 2
640 4 5
640 6 5
640 160 2
640 181 2
640 246 2
640 258 2
640 369 13
640 421 6
640 525 5
640 584 3
640 659 2
640 732 14
640 938 4
640 952 2
641 192 4
642 562 9
642 724 56
643 73 2
644 48 2
644 387 2
644 660 7
644 756 5
644 769 2
645 4 34
645 25 16
645 548 2
645 963 9
646 289 2
646 388 3
648 76 2
648 98 2
648 301 4
648 369 2
648 512 2
648 694 4
648 769 2
650 953 35
651 290 2
652 257 3
652 594 7
654 129 9
655 384 12
655 761 526
656 3 2
656 259 179
656 278 2
656 370 13
656 833 2
657 79 9
658 10 3
658 640 5
660 52 2
660 69 3
660 85 2
661 244 3
661 608 2
662 374 6
664 16 16
664 205 27
664 539 2
665 3 2
665 260 1196
667 587 38
668 163 3
668 749 3
670 515 473
672 1 5
672 64 2
672 129 2
672 514 3
672 608 9
672 717 3
673 656 77
674 288 10
674 401 93
674 672 27
675 257 3
675 470 104
676 52 17
677 641 2
678 237 25
679 556 2
680 39 37
680 105 329
680 450 2
680 540 8
681 6 2
681 33 11
682 14 12
682 156 6
683 278 2
686 426 2
686 593 45
688 385 66
689 80 2
690 110 2
691 12 2
692 260 55
693 397 2
694 6 5
694 768 4
694 931 7
695 517 2
696 885 7
700 18 25
700 229 49
700 864 2
701 34 15
701 941 3
704 34 5
704 76 3
704 135 27
704 292 14
704 370 4
704 514 6
704 673 2
705 596 2
705 854 182
706 17 17
706 161 2
706 460 2
706 732 232
708 108 2
709 325 2
709 354 2
709 644 2
710 2 2
711 19 2
712 141 2
712 283 10
712 294 2
712 862 124
713 593 26
713 837 941
716 98 17
716 339 6
716 649 491
716 842 2
720 7 3
720 144 23
721 0 49
721 104 3
721 323 2
721 584 2
722 82 6
722 100 2
722 104 14
722 258 2
722 393 2
722 398 10
722 464 2
724 20 5
724 596 2
725 44 223
725 65 2
726 322 3
727 200 3
728 227 2
728 350 2
728 712 22
729 578 2
730 332 2
732 834 8
737 64 9
737 288 28
737 610 2
738 970 2
740 235 2
740 778 3
740 801 29
741 45 52
741 260 2
743 787 26
744 124 3
744 280 10
746 386 2
752 261 197
752 494 11
752 786 22
754 32 2
759 130 2
760 257 2
760 300 3
761 435 3
763 668 2
765 513 2429
768 226 2
768 326 2
768 502 3
768 608 2
768 736 2
768 926 2
769 34 4
769 277 7
769 350 2
769 640 6
769 773 100
770 67 3
770 211 14
770 515 12
771 800 3
772 0 9
772 32 5
772 130 6
773 1 2
774 8 3
774 936 3
775 48 17
775 921 2
776 101 3
776 586 19
776 697 2
777 6 2
777 84 3
777 200 17
777 318 3
777 539 63
777 554 29
777 608 25
778 330 2
778 389 20
778 707 27
780 16 8
780 193 2
780 707 2
780 901 2
781 222 21
781 496 2
782 405 2
784 514 2
784 549 4
784 569 4
784 604 2
784 634 84
784 841 6
785 45 2
785 257 9
786 142 2
786 521 2
786 576 2
786 914 7
787 199 3
788 25 2
788 324 23
788 332 2
792 16 2
792 274 2
792 540 2
792 594 1454
795 422 14
798 776 2
799 433 8
800 9 4
800 45 13354
800 73 2
800 97 3
800 824 2
801 34 2
801 312 2
801 592 3
801 642 2
802 660 2
804 0 10
804 104 2
805 387 2
805 781 2
806 43 2
806 134 3
806 326 3
806 480 2
808 302 2
808 526 2
808 777 2
808 937 15
808 945 29
810 17 2
810 394 2
810 416 5
814 161 2
814 264 6
814 523 6
814 905 2
816 18 2
816 24 2
818 253 24
819 538 2
824 392 2
824 609 13
824 978 2
828 592 22
830 356 6
832 16 680
832 21 3
832 30 8
832 281 3
832 304 4
832 328 8
832 427 18
833 147 2
833 999 3
834 32 2
834 104 4
834 912 12
835 392 129
835 583 2
836 86 2
836 388 2
836 485 13
839 21 7
840 96 5
840 106 2
840 545 17
840 800 21
841 32 3
841 370 3
842 132 2
843 939 22
844 584 2
845 561 4
845 624 6
848 90 2
848 188 2
848 313 2
848 391 9
848 899 29
849 792 571
849 1018 5
850 308 2
850 776 2
851 195 3
852 2 13
852 64 10
852 72 2
852 824 3
856 256 17
857 42 19
862 130 21
863 516 6
864 786 8
866 260 15
867 998 121
870 6 5
870 68 4
871 264 2
872 50 2
872 165 9
873 9 2
874 360 3
878 258 17
882 42 8
882 778 63
884 802 41
894 392 7
895 603 2
896 868 2
897 115 3
897 523 2
898 336 8
899 537 2
900 4 2
900 313 2
902 131 4
902 420 2
904 112 4
904 231 3
904 888 3
904 929 6
905 12 2
905 196 2
905 248 2
905 540 16
905 572 2
906 137 3
906 194 4
906 210 2
906 328 2
910 614 2
911 10 2
911 896 35
912 2 7
912 85 3
912 129 7
912 388 2
914 216 3
914 669 8
914 776 4
914 968 5
915 431 2
916 742 1684
916 777 4
917 912 492
918 0 22
920 200 17
921 272 3
922 8 8
924 196 5
927 190 2
928 64 26
928 384 11
928 516 8
928 518 2
929 257 4
929 316 2
930 720 61
931 230 2
931 657 2
932 783 322
933 657 11
934 94 2
938 261 6
938 316 5
938 552 4
944 756 2
945 456 2
946 205 2
947 568 2
948 9 39
952 37 17
953 905 3
954 22 9
956 846 4
961 131 2
961 291 9
961 333 7
961 472 144
961 481 13
963 130 4
965 937 4
966 29 3534
966 192 7
966 197 21
966 555 2
968 51 14
968 360 10
969 313 2
969 769 355
971 566 13
975 205 75
976 321 3
977 22 13
977 34 14
977 549 3
978 817 4
984 324 171
984 483 6
987 962 2185
988 366 3
990 35 9
996 36 2
996 836 2
998 127 2
998 179 4
1000 260 98
1001 286 2
1002 652 2
1002 912 2
1003 684 12
1004 129 315
1011 36 14
1013 316 2
1018 358 908
1020 385 2
