0 4 19
0 8 2
0 18 2
0 112 4
0 150 43
0 156 360
0 215 25
0 259 7
0 265 5
0 274 2
0 321 19
0 352 348
0 415 9
0 552 11
0 618 2
0 646 36
0 670 15
0 674 3
0 679 2
0 843 2
0 902 4
0 936 8
1 30 71
1 37 5
1 70 15
1 82 2
1 135 2
1 228 2
1 481 2
1 535 202
1 565 2
1 644 3
1 768 5
1 825 2
1 920 2
2 0 2
2 3 4
2 8 2
2 48 72
2 132 2
2 260 4
2 267 3
2 523 281
2 826 2
3 24 2
3 131 4
3 272 24
3 277 2
3 530 15
3 592 5
3 652 7
3 817 2
4 0 2
4 4 2
4 50 68
4 60 3
4 64 2
4 284 14
4 293 3
4 368 2
4 517 2
4 576 27
4 683 3
4 774 3
4 803 881
5 584 33
6 3 6
6 148 2
6 212 2
6 259 8
6 267 2
6 268 2
6 466 15
6 512 5
6 798 9
6 1002 5
7 81 2
7 110 4
8 1 4
8 2 2
8 19 32
8 32 4
8 42 81
8 58 3
8 202 8
8 272 3
8 386 30
8 486 11
8 552 4
8 642 992
8 656 2
8 735 7
8 850 2
8 902 2
9 39 7
9 274 128
9 526 2
9 572 6
9 823 2
9 907 11
10 13 15049
10 40 8
10 75 32
10 84 272
10 160 2
10 176 62
10 518 5
10 523 2
10 599 4
10 680 2
10 778 3
11 204 3
11 586 2
11 752 9
11 779 26
12 0 20
12 24 2
12 55 16
12 65 2
12 128 2
12 269 14
12 366 2
12 634 8
12 781 2
13 66 3
13 192 5
13 224 3
14 127 2
14 210 7
14 321 2
14 376 2
14 584 46
14 616 2
15 352 25
15 485 2
15 659 2
16 9 3
16 24 12
16 64 2
16 132 2
16 148 7
16 198 2
16 516 2
16 643 4
16 806 12
17 48 59
17 258 12
18 203 40
18 215 2
18 290 2
18 645 9
19 7 2
19 24 25
19 709 45
20 10 16
20 36 22
20 176 2
20 194 2
20 786 91
21 116 2
21 258 2
21 308 6
22 24 27
22 68 26
22 97 12
22 133 47
22 281 7
22 320 2
22 331 3
22 565 2
23 328 2
23 770 6
24 9 23
24 533 2
24 781 2
24 786 8
24 848 2
25 592 9
26 20 3
26 22 2
26 109 6
26 801 2
27 130 2
27 210 2
28 42 2
28 72 3
28 146 2
28 192 3
28 624 3
28 647 4
29 5 8
29 327 6
29 532 16
29 809 2
30 21 2
30 52 5
30 129 3277
30 588 4
31 77 2
32 33 2
32 42 7
32 185 3
32 196 2
32 204 7
32 211 2
32 219 16
32 276 5628
32 414 4
32 514 2
32 612 41
32 641 27
32 721 7
32 759 2
32 803 32
32 848 4
33 2 34
33 3 42
33 26 2
33 64 9
33 320 5
33 544 2
33 785 2
33 898 2
34 144 2
34 292 20
34 324 2
34 663 2
34 720 2
35 65 1039
35 551 2
35 689 2
36 12 2
36 34 11
36 257 2
36 266 3
36 288 2
36 320 6
36 448 29
36 555 125
36 705 1938
36 858 6209
37 13 6
37 364 6
37 594 5
37 640 2
37 673 18
38 1 3
38 180 4
38 204 34
39 3 20
39 48 2
39 520 5
39 982 3
40 9 5
40 39 19
40 65 3
40 512 2
40 528 4
40 605 2
40 645 2
40 672 2
40 761 3
40 980 5
41 96 2
41 321 29
41 513 2
42 42 3
42 140 2
42 329 2
42 411 160
42 778 2
42 839 4
43 1 2
43 546 4
44 12 2
44 47 2
44 430 2
44 524 7
44 794 3
45 23 8
45 50 3
45 74 9
45 266 7
45 615 4
45 808 13
45 844 2
46 57 4
47 80 2
47 1022 8
48 67 11
48 193 2
48 198 3
48 226 8
48 708 12
48 789 105
48 932 2
49 4 3
49 310 2
49 313 2
49 516 276
50 9 9
50 113 2
50 528 25
51 70 2
52 46 2
52 256 5
52 285 2
52 390 2
52 899 2
53 146 5
53 245 2
54 112 4
54 718 4
55 278 2
56 89 3
56 472 2
56 544 3
56 560 15
57 5 20
57 128 13
57 448 4
58 113 11
58 470 2
59 58 4
59 292 20
59 583 2
60 3 26
60 5 3
60 33 8
60 112 2
60 948 2
61 648 85
62 521 13
62 612 2
64 26 2
64 41 5
64 192 2
64 194 8
64 203 2
64 272 2
64 370 4
64 465 2
64 481 55
64 514 17
64 686 2
64 756 7
64 771 4
64 780 2
64 790 8
65 25 2
65 61 77
65 96 10
65 118 8
65 218 6
65 241 2
65 421 8
65 515 2
66 140 5
66 545 27
67 2 7
67 16 10
67 20 5
67 37 7
67 453 5
67 482 4
67 840 4
68 192 2
68 226 53
68 284 2
68 576 2
69 138 6
69 276 2
69 466 8
69 572 2
69 768 4
70 212 10
70 431 25
70 608 4
70 642 2
70 646 31
70 648 2
71 1 2
71 264 207
71 409 4
71 700 12
72 8 2
72 65 1785
72 437 2
72 533 2
72 961 2
73 39 7
73 870 5
73 999 6
74 512 7
74 548 11
74 768 16
74 1012 2
75 259 2
75 576 2
76 76 177
76 133 2
76 262 18
76 586 6
76 855 2
77 256 11
77 267 6
77 450 29
77 456 2
78 288 2
78 517 2
78 784 6
79 386 23
80 0 5
80 51 3
80 82 135
80 132 4
80 211 2
80 528 4
80 677 17
80 920 3654
81 807 2
81 852 238
82 280 4
82 283 2
83 115 2
83 124 12
83 304 3
83 617 2
84 64 172
84 74 3
84 216 3
84 490 16
85 31 218
86 234 2
86 524 2
87 353 24
87 462 11
87 515 2
88 782 2
89 2 2
89 4 2
89 76 2
90 20 8
90 274 4
90 843 2
90 977 5
90 988 2
91 154 10
91 652 8
91 951 2
92 38 5
92 91 2
93 134 9
93 669 19
94 869 3
94 954 3
95 20 2
95 34 15
96 32 2
96 80 2
96 148 2
96 208 2
96 220 37
96 276 3
96 321 13
96 547 45
96 776 2
97 130 2
97 144 2
97 195 6
97 286 200
97 525 21
98 14 10
98 352 704
98 401 14
98 671 15
98 928 3
99 117 2
99 249 7
100 294 2
100 752 20
100 768 2
100 901 7
101 124 5
101 161 2
101 169 2
101 392 2
101 599 402
102 6 4
102 78 2
102 166 2
102 264 3
103 704 4
104 26 656
104 28 275
104 48 15
104 64 4
104 132 2
104 313 19
104 512 44
105 3 25
105 296 4
106 516 2
107 3 2
107 129 2
108 133 2
108 514 2
109 707 2
112 0 2
112 1 2
112 28 24
112 84 20
112 165 8
112 776 29
114 68 2
114 416 1030
114 452 2
114 497 3
114 872 3
116 33 2
117 106 291
118 565 12
119 446 2
119 836 230
120 76 3
121 536 2
122 80 2
122 294 7
123 600 2
124 304 4
124 348 3
125 268 3
128 10 2
128 58 3
128 134 2
128 200 14
128 208 2
128 320 2
128 362 176
128 375 2
128 376 4
128 433 2
128 453 2
128 628 2
128 770 2
128 806 4
129 0 2
129 10 2
129 37 3
129 39 2
129 88 264
129 163 2
129 584 15
129 707 60
130 78 4
130 368 2
130 520 2
130 528 4
130 532 21
130 540 2
130 675 12
130 772 2
131 581 3
132 6 2
132 17 28
132 94 73
132 137 7
132 516 5
132 713 3
132 916 35
132 957 2
133 23 2
133 138 2
133 614 160
134 84 2
134 208 2
134 377 4
134 516 2
134 768 26
135 544 18
136 21 2
136 39 4
136 81 11
136 482 2
136 610 9
136 657 15
136 684 6
136 831 5
137 148 13
137 259 35
137 325 18
137 778 2
138 266 2
138 415 2
138 902 31
139 87 14
139 426 9
139 865 2
140 72 2
140 135 3
140 143 2
140 464 16
140 724 13
140 776 10
141 2 12
141 521 16
141 954 4
143 187 2
143 286 53
143 642 5
144 18 3
144 68 2
144 248 4
144 257 2
144 418 12
144 433 19
144 520 6
144 800 8
145 1 26
145 2 203
145 94 12
145 216 2
145 273 10
145 513 6
145 576 3
146 69 2
146 146 2
146 396 14
146 910 2
147 513 2
147 522 14
148 24 2
148 130 2
148 139 2
148 278 7
148 464 2
148 515 2672
148 912 4
149 20 2
149 633 31
149 649 12
150 141 10
150 160 3
150 656 2
151 102 19
151 207 15
151 250 4
153 151 2
153 171 18
153 598 2
153 961 3
156 54 15
156 133 23
156 521 2
157 404 2
158 104 17
159 526 44
160 34 2
160 144 13
160 452 12
160 644 5
160 801 10
161 21 2
161 40 2
161 326 3
161 376 2
161 524 20
161 576 6
161 717 2
161 898 3
162 160 125
162 290 2
162 306 3
162 517 2
163 227 38
163 361 14
163 601 2
164 34 24
164 38 34
164 87 2
164 264 8
164 280 5
164 329 2
164 636 4
164 646 10
165 141 17
166 686 2
167 289 6
167 384 2
167 712 50
168 52 5
168 67 21
168 68 2
168 480 2
169 514 2
171 144 2
171 810 2
172 8 6
172 32 2133
172 569 6
172 664 26
173 261 5
174 493 2
174 582 14
175 863 7
176 32 10
176 137 2
176 270 2
176 273 6
176 864 93
176 916 10662
176 932 9
177 128 8
177 280 12
177 560 118
177 611 7
177 744 4
178 100 3
178 144 2
178 580 74
178 797 7
179 429 2
180 19 2
180 152 5
180 973 6
181 331 2
181 768 3
181 964 4
182 672 2
182 728 2
184 141 2
184 161 82
184 664 11
185 5 5
185 42 10
185 391 15
186 272 6
186 582 5
187 800 2
188 4 84
188 199 29
192 43 4
192 52 17
192 72 10
192 177 9
192 388 2
192 392 16
192 713 2
192 898 45
192 904 2
192 999 2
193 8 3
193 28 16
193 120 2
193 131 21
193 162 2
193 422 11
193 718 2
193 775 5
194 321 9
194 592 40
196 81 2
196 286 11688
196 377 5150
197 297 15
197 611 2
197 769 35
198 3 9
198 196 15
198 812 2
200 445 38
200 577 20
200 924 8
201 39 60
201 98 2
201 140 3
202 11 13
203 654 131
204 520 11
205 457 2
206 80 6
206 530 2
208 12 324
208 14 18
208 88 2
208 534 2
209 55 40
209 564 6
210 1 9
210 882 17
212 34 10
212 69 9
212 112 9
212 262 2
212 285 2
212 673 9
213 64 50
214 369 10
216 138 2
218 86 11
219 389 2
220 176 2
220 658 3
222 532 4
222 852 53
225 316 2
225 948 5
226 35 2
226 157 2
227 336 18
227 592 4
227 838 13
228 32 2
228 294 2
231 261 10
231 290 2
232 5 45
232 65 71
232 80 15
232 130 2
232 480 2
233 212 2
233 912 2
233 973 2
234 848 2
235 281 3
235 645 2
237 91 3
238 620 5
239 370 8
239 560 5
240 66 2
240 799 2
240 914 2
241 245 609
242 156 2
244 356 2
246 64 2
248 290 7
248 557 11
248 902 2
253 636 4
256 1 16
256 5 36
256 68 2
256 69 26
256 97 5
256 160 4
256 212 2
256 243 4
256 262 4
256 312 2
256 344 6
256 416 468
256 512 2
256 522 4
256 705 2
256 764 2
256 772 6
256 904 2
256 992 6
257 0 5695
257 156 4
257 268 36
257 272 169
257 544 2
257 680 4
257 806 18
257 920 3
257 945 6
258 24 2
258 34 17
258 36 39
258 265 5
258 673 8
258 880 13
259 7 6
259 165 3
259 226 2
259 268 19
259 327 2
260 131 4
260 295 2
260 522 130
260 545 20
260 678 29
260 978 6
261 8 2
261 67 2
261 72 18
261 356 13
261 672 2
261 995 76
262 134 2
262 193 2
262 256 2
262 906 2
264 1 6
264 4 5
264 296 12
264 320 9
265 264 26
265 339 20
265 632 2
266 11 1153
266 56 2
266 242 2
266 272 4
266 326 2
266 336 1550
266 504 39
267 523 2
268 12 13
268 34 2
268 177 2
268 192 3
268 512 2
268 524 34
268 577 29
269 444 2
269 640 2
270 532 5
270 642 2
272 41 11
272 162 3
272 225 4
272 234 3
272 280 7
272 378 8
272 520 5
272 554 4
272 640 6
272 684 12
272 899 2
273 47 12
273 693 13
273 809 2
273 903 2
274 98 2
274 334 2
275 4 7
275 16 2
275 116 231
275 133 10
275 401 2
275 485 3
276 538 2
276 661 2
277 8 4
277 128 19
277 385 2
279 18 37
279 901 9
280 36 2
280 82 9
280 674 2
281 101 2
282 136 2
282 576 39
282 717 15
282 787 2
283 35 186
283 514 39
285 104 2
286 832 16
287 448 39
287 802 2
288 47 18
288 50 4
288 132 19
288 224 18
288 292 28
288 545 2
288 776 50
289 36 2
289 156 2
289 345 2
289 468 45
289 472 29
289 753 5
289 788 9
290 0 2
290 328 2
290 388 2
291 32 2
291 610 2
291 768 2
291 967 18
292 19 8
292 134 2
292 162 4
292 524 15
292 593 2
293 256 18
293 960 2
294 27 30
294 742 21
294 864 2
296 57 164
296 84 6
296 131 10
296 231 2
296 260 8
296 288 5
296 336 2
296 409 2
296 516 11
297 167 33
297 325 2
297 389 10
297 544 2
297 742 2
298 75 2
298 800 2
299 291 3
300 29 7
300 140 3
301 274 48
301 777 20
303 292 2
304 6 2
304 8 11
304 42 32
304 63 21
304 106 5
304 212 7
304 258 5
304 292 2
305 11 13
305 34 43
305 576 539
306 36 2
306 550 2
307 514 2
308 21 2
308 583 3
308 640 3
308 832 7
308 848 7
309 77 4
309 774 8
310 44 2
310 936 4
312 514 4
314 156 4
314 376 49
314 518 37
315 739 2
316 452 5
318 532 2
318 914 2
320 29 91
320 315 3
320 407 2
320 428 6
320 468 2
320 641 2
320 720 22
321 4 2
321 262 899
321 337 2
321 768 4
321 834 2
321 1008 13
322 0 2
322 80 2
322 196 2
322 272 2
322 416 20
322 902 2
323 360 3
323 515 395
324 106 13
324 167 2
324 179 82
324 513 17
324 530 7
325 74 9
325 145 152
325 192 2
325 614 14
325 720 26
326 11 28
326 32 4
326 116 13
326 280 5
326 443 16
327 675 3
327 698 145
328 45 4
328 853 2
329 35 4
329 836 2
331 512 2
332 456 47
332 643 2
334 265 13
334 288 2
336 100 742
336 576 63
336 632 2
337 352 2
337 833 2
338 33 3
338 160 115
338 169 2
339 42 6
340 704 2
340 763 28
341 576 2
342 168 5
342 272 7
342 536 90
343 475 9
344 676 40
345 32 2
346 11 45
346 89 2
347 11 16
347 149 15
347 313 16
348 128 2
348 395 6
349 12 2
352 409 2
352 419 7
352 514 7
352 680 4
352 860 2
353 138 2
353 389 2
353 684 3
354 25 2
354 836 662
354 969 2
355 134 129
355 634 818
356 800 9
357 433 5
357 641 2
358 168 362
358 197 2
360 555 2
360 732 6
360 784 4
360 810 217
361 266 2
363 162 2
363 424 37
364 740 6
366 657 75
368 49 2
368 738 2
368 925 2
371 112 20
371 705 2
372 352 5
376 193 2
379 333 3
380 339 9
382 562 148
384 6 7
384 156 2
384 168 2
384 312 2
384 332 2
384 423 2
384 481 15
384 531 3
384 571 29
384 597 12
384 692 2
384 841 2
384 962 4
385 213 110
385 513 9
385 563 2
386 64 63
386 158 2
386 160 164
386 206 2
386 275 4
386 846 561
386 849 19
386 912 15
387 147 2
387 297 2
387 1016 2
388 332 4
389 596 2
390 566 2
391 8 20
391 461 71
392 38 2
392 336 10
392 553 40
393 461 3
393 577 2
394 80 4194
394 590 2
395 4 25
395 558 5
395 647 25
396 6 2
396 454 653
396 536 5
396 546 9
396 777 6
396 915 5
396 960 3
397 132 2
397 305 9
397 518 5
398 943 4
399 9 4
400 10 18
401 16 5
401 58 7
401 277 4
401 284 5
401 932 2
402 68 2
402 80 3
402 769 8
403 20 104925
403 98 2
404 209 2
404 298 2
405 160 8
406 677 26
407 591 2
408 66 4
408 405 6
409 66 3
409 417 8
409 888 2
410 520 2
411 20 2
412 6 2
413 640 3
414 932 4
416 52 2
416 292 4
416 531 1800
416 832 2
417 577 2
418 16 14
419 62 11
420 32 4
420 288 1906
420 538 2
420 545 2
421 400 33
422 736 15
423 384 2
423 651 4
424 481 889
425 161 2
425 261 4
425 746 2
425 776 9
426 644 2
427 580 2
428 194 2
428 880 48
430 203 22
433 24 15
433 197 2
433 398 2
434 734 13
436 597 2
436 641 4
437 2 20
441 21 5
442 146 17
442 691 2
444 769 2
448 92 26
448 513 2
452 48 4
452 488 11
452 512 2
452 513 2
453 368 2
453 661 19
454 9 2
454 437 142
454 634 4
455 640 3
456 105 2
456 367 2
456 376 6
456 774 16
458 743 2
460 197 5
460 462 17
460 566 7
461 625 6
461 901 193
462 516 22
462 641 5
463 916 64
464 265 5
464 928 1425
465 531 34
465 761 2
465 902 7
467 211 6
469 425 2
470 713 2
472 226 26
472 256 5
472 801 8
473 6 2
473 600 15
473 800 2
476 775 2
480 0 2
480 665 2
480 928 10
482 208 22
482 285 2
483 276 16
483 555 38
485 134 52
488 3 8
488 269 9
488 334 4
488 565 12112
489 64 1107
491 112 4
496 433 7
496 978 21
504 267 4
505 332 6
512 1 6
512 5 22
512 36 3
512 52 3
512 96 19011
512 153 3
512 173 4
512 266 3
512 420 2
512 438 4
512 453 3
512 514 3
512 522 4
513 5 4
513 42 2
513 47 547
513 65 17
513 112 8
513 304 2
513 315 2
513 340 28
513 548 2
513 640 7
513 644 65
514 4 5
514 11 34
514 36 5
514 160 2
514 401 2
514 452 9
514 522 2
514 780 2
515 157 2
515 273 37
516 33 3
516 69 20
516 72 55
516 169 43
516 385 88
516 605 267
516 779 2
517 0 2
517 3 13
517 34 9
517 177 20
517 233 201
517 281 3
517 525 2
517 534 57
517 672 3
517 676 7
518 0 69
518 66 5
519 517 6
519 944 2
519 967 7
520 9 2
520 164 5
520 328 5
520 436 2
520 785 4
520 812 2
520 896 16
521 81 2
521 131 6
521 229 7
521 450 21
521 546 20
521 560 2
522 121 4
522 234 4
522 549 7
522 652 8
523 650 3
524 159 27
524 173 3
524 520 6
525 134 69
525 820 12
526 776 2
527 36 69
527 713 107
528 10 309
528 33 2647
528 36 3
528 97 2
528 144 2
528 156 97
528 171 2
528 344 10
528 406 14
528 512 5
528 580 2
528 611 2
528 720 4
528 801 2
529 16 8
529 148 11
529 423 5
529 517 44
529 520 32
529 836 3
530 20 2
530 86 3
530 278 2
530 522 17
530 696 2
532 11 5
532 134 21
532 292 4
532 550 25
532 853 13
533 5 15
533 37 2
533 787 3
534 6 8
534 786 5
534 928 136567
535 10 3
536 10 3
536 244 2
536 412 3
536 687 2
536 902 9
537 99 2
537 138 82
537 257 2
537 478 6
538 74 4
540 256 2
540 481 2
541 344 2
541 793 40
544 6 2
544 21 10
544 160 2
544 401 13
544 416 14
544 429 2
544 551 5
544 597 2
545 209 18
545 226 2
545 520 100
545 914 4063
546 2 4
546 263 7
546 612 11
546 650 39
546 758 4
546 900 2
547 265 22
547 427 4
547 577 2
548 169 23
548 577 2
548 586 2
549 68 4
549 97 2
549 146 2
549 647 9
550 36 5
550 649 2
550 800 6
551 4 3
551 40 2
551 89 278
552 640 43
552 656 3
553 36 3
554 137 5
554 296 11
555 52 2
556 409 2
557 6 2
557 15 8
557 370 2
557 400 45
557 512 4
557 557 11
557 938 2
559 557 37
560 18 6
560 32 21
560 96 3
560 104 14209
560 168 2
560 354 2
561 444 5
561 521 2
561 786 2
561 993 3
562 162 2
562 977 229
563 20 2
564 28 23
564 656 34
564 659 2
565 105 4
566 4 2
566 132 134
567 793 6
569 385 2
571 457 2
572 36 6
572 257 9
572 370 21
573 797 2
573 886 2
574 533 6
574 696 2
576 19 10
576 133 2
576 193 4
576 228 29
576 371 2
576 525 3
576 547 3
577 72 8
577 222 4
577 292 2
577 401 17
577 577 2
578 26 2
578 96 12
578 120 2
578 136 2
578 554 2
578 572 2
578 575 3
579 80 2
579 621 2
580 64 6
580 507 5
580 528 5
580 598 191
582 633 4
584 432 16
584 833 17282
585 64 7
585 208 2
585 354 8
586 64 9
587 608 5
589 389 6
590 276 4
590 520 40
590 788 8
592 4 5
592 148 16
592 528 2
592 566 8
592 585 6
592 856 20
593 429 4
595 58 7
595 557 5
596 11 2
596 33 2
596 154 5
596 385 2
597 387 5
599 92 2
599 176 2
600 562 2
600 575 5
601 335 6
601 431 55
602 480 9
604 913 14
604 1006 2
605 80 10
606 281 384
606 807 2
607 288 14
607 393 2
608 185 4
608 522 2
608 648 4
609 210 2
609 225 18
609 526 2
609 768 2
610 24 148
611 125 13
612 170 7
612 534 2
613 840 2
614 936 28
616 81 6
616 450 7
616 806 3
617 374 4
617 908 136
618 70 23
618 1004 4
619 76 45
619 140 3
619 231 2
621 293 8
623 1000 2
624 579 2
625 5 3
625 530 2
626 8 2
626 104 2
627 418 8
627 977 20
629 528 9
631 24 2
632 18 4
637 73 64
638 161 164
640 4 3
640 6 4953
640 160 3
640 181 2
640 246 2
640 258 2
640 369 276
640 421 9
640 525 68
640 584 2
640 659 2
640 732 5
640 938 2
640 952 5
641 192 3
642 562 2
642 724 31
643 73 3
644 48 15
644 387 2
644 660 1185
644 756 2
644 769 348
645 4 10
645 25 42
645 548 5
645 963 2
646 289 2
646 388 2
648 76 29
648 98 11
648 301 10
648 369 2
648 512 2
648 694 3
648 769 5
650 953 2
651 290 19
652 257 12
652 594 3
654 129 3
655 384 3
655 761 567
656 3 2
656 259 309
656 278 6
656 370 13
656 833 2
657 79 3
658 10 7
658 640 5
660 52 2
660 69 2
660 85 6
661 244 5
661 608 5
662 374 2
664 16 3
664 205 33
664 539 2
665 3 38
665 260 2606
667 587 126
668 163 2
668 749 3
670 515 4
672 1 3
672 64 2852
672 129 2
672 514 10
672 608 8
672 717 2
673 656 16
674 288 2
674 401 2
674 672 50
675 257 2
675 470 3
676 52 2
677 641 3
678 237 7
679 556 68
680 39 2
680 105 2
680 450 2
680 540 13
681 6 104
681 33 3
682 14 11
682 156 6
683 278 7
686 426 2
686 593 5
688 385 13
689 80 7
690 110 22
691 12 13
692 260 10
693 397 5
694 6 13
694 768 34
694 931 5
695 517 4
696 885 2
700 18 2
700 229 4
700 864 2
701 34 5
701 941 25
704 34 106
704 76 3
704 135 2
704 292 6
704 370 2
704 514 4
704 673 2
705 596 2
705 854 2
706 17 12
706 161 2
706 460 2
706 732 2
708 108 2
709 325 2
709 354 2
709 644 7
710 2 2
711 19 2
712 141 2
712 283 2
712 294 2
712 862 5659
713 593 2
713 837 45
716 98 2
716 339 2
716 649 2
716 842 9
720 7 20
720 144 9252
721 0 6
721 104 2
721 323 67
721 584 3
722 82 2
722 100 3
722 104 10
722 258 3
722 393 7
722 398 5
722 464 2
724 20 2
724 596 9
725 44 679
725 65 2
726 322 7
727 200 2
728 227 19
728 350 2
728 712 3
729 578 4
730 332 22
732 834 20
737 64 6
737 288 43
737 610 2
738 970 13
740 235 2
740 778 2
740 801 11
741 45 2
741 260 4
743 787 9
744 124 5
744 280 2
746 386 2
752 261 36
752 494 2
752 786 2
754 32 2
759 130 53
760 257 3
760 300 91
761 435 5
763 668 104
765 513 4
768 226 2
768 326 2
768 502 2
768 608 5
768 736 38
768 926 2
769 34 2
769 277 2
769 350 9
769 640 13
769 773 62
770 67 7
770 211 16
770 515 4
771 800 2
772 0 24
772 32 12
772 130 2
773 1 2
774 8 4
774 936 2
775 48 65
775 921 2
776 101 5
776 586 46
776 697 2
777 6 2
777 84 3
777 200 13
777 318 2
777 539 2
777 554 25
777 608 13
778 330 2
778 389 36
778 707 2
780 16 5
780 193 4
780 707 2
780 901 11
781 222 6
781 496 3
782 405 2
784 514 2
784 549 3
784 569 4
784 604 9460
784 634 21
784 841 3
785 45 6
785 257 17
786 142 2
786 521 2
786 576 2
786 914 56
787 199 30
788 25 4
788 324 3
788 332 9
792 16 12
792 274 17
792 540 2
792 594 2
795 422 2
798 776 5
799 433 2
800 9 2
800 45 2
800 73 5
800 97 2
800 824 2
801 34 3
801 312 2
801 592 4
801 642 98
802 660 8
804 0 2
804 104 16
805 387 2
805 781 7
806 43 2
806 134 2
806 326 24
806 480 86
808 302 2
808 526 2
808 777 2
808 937 7
808 945 143
810 17 3
810 394 3
810 416 13
814 161 3
814 264 2
814 523 8
814 905 2
816 18 57
816 24 10
818 253 2
819 538 6
824 392 9
824 609 4
824 978 22
828 592 2
830 356 14
832 16 22088
832 21 2
832 30 3
832 281 11
832 304 2
832 328 4
832 427 2
833 147 2
833 999 23
834 32 570
834 104 11
834 912 254
835 392 8
835 583 3
836 86 2
836 388 2
836 485 2
839 21 7
840 96 2
840 106 2
840 545 4
840 800 2
841 32 17
841 370 2
842 132 3
843 939 2
844 584 6
845 561 2
845 624 4
848 90 16
848 188 2
848 313 12
848 391 10
848 899 2
849 792 2
849 1018 82
850 308 376
850 776 22
851 195 6
852 2 2
852 64 3
852 72 2
852 824 6
856 256 4
857 42 3
862 130 2
863 516 349
864 786 2
866 260 9
867 998 2
870 6 2
870 68 11
871 264 2
872 50 3
872 165 2
873 9 2
874 360 101
878 258 12
882 42 3
882 778 8
884 802 3
894 392 39
895 603 4901
896 868 316
897 115 5
897 523 66
898 336 5
899 537 15
900 4 2
900 313 2
902 131 5
902 420 2
904 112 2
904 231 17
904 888 5
904 929 2
905 12 68316
905 196 9
905 248 3
905 540 2
905 572 2
906 137 5
906 194 3
906 210 2
906 328 46
910 614 17
911 10 2
911 896 2
912 2 2
912 85 8
912 129 8
912 388 2
914 216 2
914 669 2
914 776 2
914 968 2
915 431 2
916 742 22811
916 777 5
917 912 325
918 0 2
920 200 2
921 272 3
922 8 4
924 196 2
927 190 2
928 64 6
928 384 2
928 516 2
928 518 2
929 257 5
929 316 10
930 720 2
931 230 3
931 657 99
932 783 9
933 657 10
934 94 3
938 261 2
938 316 2
938 552 2
944 756 2
945 456 2
946 205 6441
947 568 41
948 9 2
952 37 124
953 905 2
954 22 3
956 846 12
961 131 2
961 291 12
961 333 213
961 472 2
961 481 4
963 130 5
965 937 3
966 29 2
966 192 2
966 197 5
966 555 2
968 51 2
968 360 2
969 313 2
969 769 2
971 566 38
975 205 2
976 321 10
977 22 6
977 34 27
977 549 2
978 817 11
984 324 2
984 483 7
987 962 11
988 366 2
990 35 15
996 36 2
996 836 2
998 127 5
998 179 2
1000 260 8
1001 286 2
1002 652 2
1002 912 22
1003 684 11
1004 129 37
1011 36 5
1013 316 2
1018 358 3
1020 385 26
