0 4 3
0 8 4
0 18 2
0 112 2
0 150 2
0 156 7483
0 215 1237
0 259 6
0 265 11
0 274 58
0 321 3
0 352 4
0 415 3
0 552 7
0 618 2
0 646 2
0 670 77
0 674 2
0 679 2
0 843 2
0 902 5
0 936 27
1 30 2
1 37 15
1 70 6
1 82 5
1 135 2
1 228 4
1 481 2
1 535 2
1 565 2
1 644 23
1 768 2
1 825 2
1 920 2
2 0 9
2 3 13
2 8 2
2 48 2
2 132 2
2 260 2
2 267 4
2 523 2
2 826 2
3 24 10
3 131 2
3 272 2
3 277 3
3 530 5
3 592 2
3 652 4
3 817 5
4 0 2
4 4 10
4 50 2
4 60 13
4 64 2
4 284 2
4 293 2
4 368 3
4 517 2
4 576 11
4 683 2
4 774 9
4 803 1201
5 584 2
6 3 5
6 148 31
6 212 2
6 259 2
6 267 10
6 268 3
6 466 2
6 512 53
6 798 15
6 1002 2
7 81 2
7 110 4
8 1 2
8 2 2
8 19 2
8 32 2
8 42 2
8 58 10
8 202 2
8 272 11
8 386 2
8 486 26
8 552 2
8 642 2
8 656 13
8 735 45307
8 850 2
8 902 6
9 39 3
9 274 2
9 526 2
9 572 17
9 823 10
9 907 5
10 13 2
10 40 34
10 75 25
10 84 2
10 160 3
10 176 2
10 518 57
10 523 2
10 599 6
10 680 763841
10 778 11
11 204 9
11 586 2
11 752 43
11 779 4
12 0 2
12 24 2
12 55 16
12 65 11
12 128 2
12 269 4
12 366 2
12 634 19
12 781 2
13 66 2
13 192 5
13 224 8
14 127 2
14 210 2
14 321 3
14 376 2
14 584 24
14 616 17
15 352 15
15 485 16
15 659 2
16 9 2
16 24 18
16 64 3
16 132 2
16 148 2
16 198 2
16 516 2
16 643 2
16 806 5
17 48 2
17 258 11
18 203 2
18 215 2
18 290 2
18 645 3
19 7 351
19 24 2
19 709 13
20 10 11
20 36 2
20 176 3
20 194 17
20 786 13
21 116 2
21 258 143
21 308 11
22 24 4
22 68 2
22 97 14
22 133 2
22 281 4
22 320 2
22 331 2
22 565 283
23 328 6
23 770 2
24 9 6
24 533 2
24 781 2
24 786 49
24 848 2
25 592 2
26 20 2
26 22 3
26 109 19
26 801 2
27 130 115
27 210 2
28 42 2
28 72 2
28 146 2
28 192 7
28 624 2
28 647 42
29 5 2
29 327 3
29 532 10
29 809 2
30 21 4
30 52 2
30 129 2
30 588 2
31 77 6
32 33 274766
32 42 8
32 185 4
32 196 2
32 204 14
32 211 20
32 219 56
32 276 2
32 414 42
32 514 2
32 612 2
32 641 444
32 721 6
32 759 10
32 803 20
32 848 2
33 2 2
33 3 6
33 26 14
33 64 3
33 320 7
33 544 33
33 785 2
33 898 2
34 144 2
34 292 2849
34 324 3
34 663 106586
34 720 2
35 65 150
35 551 2
35 689 2
36 12 15
36 34 3
36 257 2
36 266 5
36 288 2
36 320 2
36 448 2
36 555 2
36 705 15
36 858 1623
37 13 2
37 364 3
37 594 4
37 640 2
37 673 3
38 1 2
38 180 2
38 204 3
39 3 2
39 48 4
39 520 16
39 982 6
40 9 2
40 39 10
40 65 2
40 512 2
40 528 17
40 605 2
40 645 20
40 672 81
40 761 9
40 980 2
41 96 4
41 321 2
41 513 5
42 42 3
42 140 2
42 329 28
42 411 2
42 778 6
42 839 2
43 1 2
43 546 17
44 12 116
44 47 2
44 430 2
44 524 2
44 794 2
45 23 14
45 50 14
45 74 6
45 266 4
45 615 3
45 808 25
45 844 2
46 57 6
47 80 13
47 1022 5
48 67 6
48 193 18
48 198 2
48 226 2
48 708 2
48 789 31753
48 932 29
49 4 11
49 310 2
49 313 2
49 516 426
50 9 2
50 113 28
50 528 3
51 70 2
52 46 8
52 256 8
52 285 3
52 390 2
52 899 2
53 146 2
53 245 2
54 112 17
54 718 17
55 278 2
56 89 6
56 472 4
56 544 2
56 560 10
57 5 3
57 128 7
57 448 3
58 113 35
58 470 2
59 58 9
59 292 5
59 583 30
60 3 3
60 5 6
60 33 15
60 112 4
60 948 11
61 648 23
62 521 2
62 612 2
64 26 12
64 41 2
64 192 2
64 194 5
64 203 4592
64 272 2
64 370 3
64 465 3
64 481 4
64 514 9
64 686 4639
64 756 2
64 771 11
64 780 7
64 790 3
65 25 4
65 61 2
65 96 8
65 118 4
65 218 4
65 241 13
65 421 2
65 515 2
66 140 245
66 545 12
67 2 16
67 16 11
67 20 36
67 37 2
67 453 2
67 482 2
67 840 2
68 192 3
68 226 28
68 284 35
68 576 15
69 138 4
69 276 6
69 466 3
69 572 14
69 768 4
70 212 24
70 431 3
70 608 23
70 642 2
70 646 2
70 648 7
71 1 216
71 264 2
71 409 15
71 700 3
72 8 2
72 65 2
72 437 2
72 533 3
72 961 2
73 39 124
73 870 2
73 999 2
74 512 5
74 548 6
74 768 1660
74 1012 4
75 259 71259
75 576 2
76 76 2
76 133 6
76 262 2
76 586 4
76 855 2
77 256 4
77 267 4
77 450 7
77 456 2
78 288 2
78 517 2
78 784 2
79 386 6
80 0 17
80 51 5
80 82 3
80 132 15
80 211 8
80 528 9
80 677 32
80 920 2
81 807 2
81 852 42
82 280 2
82 283 2
83 115 431
83 124 2
83 304 4
83 617 2
84 64 2
84 74 6
84 216 2
84 490 120
85 31 4
86 234 3
86 524 2
87 353 2
87 462 2
87 515 2
88 782 4
89 2 5
89 4 2
89 76 5
90 20 4
90 274 2
90 843 4
90 977 4
90 988 2
91 154 2
91 652 16
91 951 111
92 38 59
92 91 2
93 134 7
93 669 4
94 869 2
94 954 6
95 20 6
95 34 19
96 32 2
96 80 27
96 148 20
96 208 13
96 220 2
96 276 6
96 321 10
96 547 113
96 776 6
97 130 23
97 144 2
97 195 6
97 286 3000
97 525 2
98 14 2
98 352 10
98 401 6
98 671 3
98 928 2
99 117 14
99 249 2
100 294 2
100 752 2
100 768 27
100 901 4
101 124 2
101 161 2
101 169 2
101 392 6
101 599 2
102 6 9
102 78 16
102 166 2
102 264 2
103 704 12
104 26 2
104 28 29
104 48 2
104 64 2
104 132 11
104 313 2
104 512 2
105 3 13
105 296 2
106 516 3
107 3 2
107 129 2
108 133 16
108 514 2
109 707 196
112 0 2
112 1 2
112 28 2
112 84 6
112 165 6
112 776 13
114 68 2
114 416 4
114 452 634
114 497 5
114 872 293
116 33 158
117 106 2
118 565 12
119 446 3
119 836 43
120 76 3
121 536 3
122 80 103
122 294 12
123 600 2
124 304 14
124 348 3
125 268 43
128 10 2
128 58 2
128 134 2
128 200 13
128 208 2
128 320 2
128 362 8
128 375 2
128 376 4
128 433 5
128 453 5
128 628 5
128 770 5
128 806 3
129 0 2
129 10 2
129 37 2
129 39 2
129 88 2
129 163 2
129 584 2
129 707 9
130 78 6
130 368 2
130 520 49
130 528 2
130 532 8
130 540 8
130 675 3
130 772 2
131 581 3
132 6 3
132 17 2
132 94 2
132 137 2
132 516 3
132 713 2
132 916 8
132 957 9
133 23 2
133 138 2
133 614 47
134 84 2
134 208 4
134 377 11
134 516 2
134 768 7173
135 544 8
136 21 4
136 39 2
136 81 21
136 482 2
136 610 20
136 657 4
136 684 2
136 831 2
137 148 2
137 259 3
137 325 2
137 778 3
138 266 9
138 415 19
138 902 19
139 87 2
139 426 13
139 865 268
140 72 4
140 135 35
140 143 12
140 464 2
140 724 7
140 776 2
141 2 2
141 521 5
141 954 134
143 187 3
143 286 4
143 642 2
144 18 4
144 68 4
144 248 2
144 257 33
144 418 3
144 433 3
144 520 23
144 800 5
145 1 2
145 2 36
145 94 9
145 216 11
145 273 9
145 513 2
145 576 2
146 69 3
146 146 12
146 396 3
146 910 2
147 513 6
147 522 2
148 24 5
148 130 2
148 139 132
148 278 11
148 464 2
148 515 749
148 912 4
149 20 2
149 633 19
149 649 2
150 141 2
150 160 2
150 656 18
151 102 5
151 207 11
151 250 3
153 151 6
153 171 2
153 598 82301
153 961 4
156 54 2
156 133 18
156 521 64
157 404 40
158 104 8
159 526 2
160 34 6
160 144 12
160 452 6
160 644 3
160 801 4
161 21 2
161 40 856
161 326 2
161 376 7
161 524 10
161 576 3
161 717 4
161 898 2
162 160 2
162 290 2
162 306 2
162 517 22
163 227 7
163 361 28
163 601 3
164 34 3
164 38 4
164 87 175
164 264 4
164 280 3
164 329 6
164 636 6
164 646 7
165 141 7
166 686 4
167 289 7
167 384 2
167 712 13
168 52 2
168 67 26
168 68 2
168 480 3
169 514 2
171 144 17
171 810 16
172 8 2
172 32 2
172 569 2
172 664 2
173 261 2
174 493 127
174 582 2
175 863 2
176 32 2
176 137 15
176 270 2
176 273 10
176 864 128
176 916 2
176 932 91
177 128 9
177 280 15
177 560 2
177 611 2
177 744 2
178 100 18
178 144 9
178 580 2
178 797 7
179 429 94
180 19 3
180 152 2
180 973 2
181 331 2
181 768 22
181 964 2
182 672 2
182 728 3
184 141 2
184 161 29
184 664 2
185 5 6
185 42 469
185 391 2
186 272 6
186 582 9
187 800 6
188 4 2
188 199 6
192 43 6
192 52 2
192 72 2
192 177 14
192 388 3
192 392 8
192 713 2
192 898 22
192 904 12
192 999 173
193 8 4
193 28 231
193 120 1216
193 131 16
193 162 2
193 422 2
193 718 26
193 775 2
194 321 6
194 592 21
196 81 2
196 286 2
196 377 2
197 297 27
197 611 788
197 769 101
198 3 8
198 196 7
198 812 3
200 445 2
200 577 4
200 924 3
201 39 2
201 98 2
201 140 2
202 11 6
203 654 2
204 520 10
205 457 10
206 80 3
206 530 2
208 12 5
208 14 2
208 88 14
208 534 2
209 55 40
209 564 4
210 1 9
210 882 16
212 34 6
212 69 4
212 112 2
212 262 2
212 285 6
212 673 2
213 64 126
214 369 2
216 138 2
218 86 2
219 389 33
220 176 8
220 658 3
222 532 2
222 852 338
225 316 2
225 948 2
226 35 18
226 157 2
227 336 29
227 592 4
227 838 2
228 32 134
228 294 3
231 261 7
231 290 2
232 5 31
232 65 3
232 80 2
232 130 2
232 480 4
233 212 2
233 912 2
233 973 116
234 848 2
235 281 16
235 645 2
237 91 11
238 620 14
239 370 14
239 560 2
240 66 2
240 799 4
240 914 2
241 245 2
242 156 3
244 356 2
246 64 4
248 290 5
248 557 2
248 902 2
253 636 2
256 1 8
256 5 2
256 68 2
256 69 62
256 97 2
256 160 16
256 212 2
256 243 3
256 262 2
256 312 2
256 344 4
256 416 2
256 512 13
256 522 9
256 705 2
256 764 3
256 772 3
256 904 2
256 992 2
257 0 2
257 156 29
257 268 2
257 272 24
257 544 7
257 680 5
257 806 2
257 920 2
257 945 8
258 24 9
258 34 8
258 36 2
258 265 2
258 673 11
258 880 4
259 7 7
259 165 4
259 226 2
259 268 7
259 327 14
260 131 14
260 295 13
260 522 2
260 545 2
260 678 3
260 978 3
261 8 2
261 67 2
261 72 5
261 356 4
261 672 5
261 995 106741
262 134 2
262 193 4
262 256 5
262 906 3
264 1 5
264 4 2
264 296 7
264 320 2
265 264 17
265 339 21
265 632 4
266 11 32
266 56 2
266 242 2
266 272 5
266 326 24
266 336 1951
266 504 2
267 523 3
268 12 353
268 34 909
268 177 28
268 192 2
268 512 2
268 524 5
268 577 6
269 444 2
269 640 3
270 532 2
270 642 14
272 41 9
272 162 134
272 225 2
272 234 1811
272 280 5
272 378 15
272 520 45
272 554 74
272 640 8
272 684 2
272 899 4
273 47 3
273 693 2
273 809 35
273 903 5
274 98 2
274 334 7
275 4 9
275 16 2
275 116 2
275 133 5
275 401 10
275 485 9
276 538 7083050
276 661 4
277 8 3
277 128 5
277 385 77
279 18 2
279 901 4
280 36 321
280 82 10
280 674 23
281 101 17
282 136 2
282 576 2
282 717 2
282 787 2
283 35 2
283 514 6
285 104 232
286 832 20
287 448 74
287 802 2
288 47 3
288 50 2
288 132 2
288 224 2
288 292 2
288 545 2
288 776 6
289 36 2
289 156 2
289 345 12
289 468 10
289 472 2
289 753 8
289 788 4
290 0 4
290 328 2
290 388 12
291 32 35
291 610 2
291 768 6
291 967 2
292 19 5
292 134 7
292 162 9
292 524 26
292 593 283
293 256 19
293 960 9
294 27 17
294 742 12
294 864 13
296 57 2
296 84 2
296 131 3
296 231 2
296 260 5
296 288 2
296 336 2
296 409 2
296 516 2
297 167 2
297 325 7
297 389 3
297 544 4
297 742 24
298 75 2
298 800 2
299 291 2
300 29 6
300 140 8
301 274 61
301 777 815
303 292 8909
304 6 2
304 8 15
304 42 29
304 63 2
304 106 4
304 212 2
304 258 2
304 292 23
305 11 57
305 34 4
305 576 3
306 36 13
306 550 12
307 514 60
308 21 2
308 583 12
308 640 4
308 832 10
308 848 13
309 77 2
309 774 14
310 44 2
310 936 2
312 514 23
314 156 24
314 376 822
314 518 2
315 739 4
316 452 8
318 532 2
318 914 2
320 29 2
320 315 2
320 407 14
320 428 2
320 468 2
320 641 170
320 720 40
321 4 2
321 262 2
321 337 81
321 768 7
321 834 107
321 1008 6
322 0 3
322 80 7
322 196 23
322 272 23
322 416 3
322 902 3
323 360 16
323 515 288
324 106 2
324 167 222
324 179 25
324 513 2
324 530 2
325 74 4
325 145 8
325 192 61
325 614 4
325 720 944
326 11 62
326 32 2
326 116 3
326 280 3
326 443 6
327 675 3
327 698 2
328 45 2
328 853 2
329 35 13
329 836 19
331 512 2
332 456 2
332 643 4
334 265 2
334 288 3
336 100 4
336 576 2
336 632 2
337 352 6
337 833 2
338 33 4
338 160 2
338 169 4
339 42 18
340 704 2
340 763 9
341 576 6
342 168 11
342 272 12
342 536 13526
343 475 10
344 676 5
345 32 2
346 11 122
346 89 142
347 11 9
347 149 7
347 313 2
348 128 2
348 395 2
349 12 2
352 409 2
352 419 18
352 514 30
352 680 5
352 860 15
353 138 903
353 389 152
353 684 3
354 25 12
354 836 2
354 969 2
355 134 2
355 634 7112
356 800 70
357 433 5
357 641 2
358 168 6
358 197 16
360 555 53
360 732 2
360 784 17
360 810 2
361 266 969
363 162 2
363 424 2
364 740 17
366 657 38
368 49 15971
368 738 2
368 925 2
371 112 3
371 705 2
372 352 3
376 193 30
379 333 2
380 339 4
382 562 12
384 6 9
384 156 2
384 168 2
384 312 8
384 332 4
384 423 3
384 481 2
384 531 16
384 571 6
384 597 12
384 692 2
384 841 2
384 962 2
385 213 1960
385 513 3
385 563 3355
386 64 3
386 158 75
386 160 170
386 206 2
386 275 3
386 846 2
386 849 2
386 912 2
387 147 11
387 297 2
387 1016 2
388 332 10
389 596 8
390 566 2
391 8 22
391 461 2
392 38 11
392 336 73
392 553 8
393 461 2
393 577 2
394 80 5
394 590 2
395 4 11
395 558 2
395 647 5
396 6 2
396 454 2
396 536 12
396 546 9
396 777 6
396 915 6
396 960 7
397 132 2
397 305 3
397 518 6
398 943 48
399 9 7
400 10 10
401 16 8
401 58 2
401 277 8
401 284 2
401 932 2
402 68 19
402 80 2
402 769 6
403 20 2
403 98 1949
404 209 2
404 298 2
405 160 4
406 677 14
407 591 22
408 66 2
408 405 2
409 66 2
409 417 3
409 888 15
410 520 2
411 20 4
412 6 3
413 640 2
414 932 86
416 52 2
416 292 2
416 531 2
416 832 2
417 577 481
418 16 10
419 62 9
420 32 29
420 288 2
420 538 2
420 545 2
421 400 20
422 736 10
423 384 2
423 651 2
424 481 2
425 161 2
425 261 12
425 746 4
425 776 2
426 644 4
427 580 77
428 194 2
428 880 2
430 203 3
433 24 7
433 197 2
433 398 11
434 734 4
436 597 2089
436 641 29
437 2 20
441 21 10
442 146 2
442 691 3
444 769 2
448 92 11
448 513 5
452 48 5
452 488 12
452 512 2
452 513 2
453 368 2
453 661 5
454 9 8
454 437 2
454 634 168
455 640 7
456 105 146
456 367 6
456 376 8
456 774 2
458 743 11
460 197 2
460 462 6
460 566 22
461 625 11
461 901 28
462 516 144
462 641 2
463 916 2
464 265 6
464 928 6
465 531 20
465 761 2
465 902 2
467 211 1155
469 425 2
470 713 11
472 226 33
472 256 9
472 801 5
473 6 2
473 600 12
473 800 5
476 775 27
480 0 19
480 665 8
480 928 2
482 208 2
482 285 3
483 276 71
483 555 6
485 134 4
488 3 4
488 269 11
488 334 9
488 565 2
489 64 1975
491 112 3
496 433 27
496 978 2
504 267 3
505 332 9
512 1 2
512 5 15
512 36 4
512 52 2
512 96 3
512 153 2
512 173 15
512 266 2
512 420 16
512 438 4
512 453 3
512 514 2
512 522 97
513 5 8
513 42 3
513 47 3
513 65 6
513 112 4
513 304 2
513 315 2
513 340 2
513 548 20
513 640 9
513 644 2
514 4 5
514 11 2
514 36 9
514 160 20
514 401 204
514 452 6
514 522 24
514 780 8
515 157 2
515 273 18
516 33 14
516 69 4
516 72 5
516 169 2
516 385 6
516 605 2
516 779 2
517 0 40
517 3 5
517 34 2
517 177 16
517 233 21996
517 281 5
517 525 2
517 534 5
517 672 4
517 676 9
518 0 26
518 66 25
519 517 2
519 944 14
519 967 4
520 9 14
520 164 2
520 328 4
520 436 2
520 785 2
520 812 927
520 896 2
521 81 2
521 131 2
521 229 3
521 450 2
521 546 7
521 560 8
522 121 2
522 234 3
522 549 8
522 652 9
523 650 3
524 159 2
524 173 2
524 520 3
525 134 2
525 820 20
526 776 4
527 36 2
527 713 331
528 10 2
528 33 2
528 36 2
528 97 5
528 144 5
528 156 3
528 171 546
528 344 2
528 406 46
528 512 10
528 580 4
528 611 2
528 720 2
528 801 458
529 16 11
529 148 4
529 423 9
529 517 874
529 520 2
529 836 5
530 20 3
530 86 3
530 278 2
530 522 14
530 696 7
532 11 20
532 134 10
532 292 2
532 550 6
532 853 2
533 5 2
533 37 2
533 787 2
534 6 6
534 786 10
534 928 2
535 10 221
536 10 97
536 244 190
536 412 11
536 687 68
536 902 74
537 99 2
537 138 5
537 257 10
537 478 2
538 74 8
540 256 2
540 481 9
541 344 2
541 793 5
544 6 2
544 21 10
544 160 98
544 401 7
544 416 5
544 429 555
544 551 170
544 597 4
545 209 20
545 226 4
545 520 10
545 914 2
546 2 6
546 263 9
546 612 2
546 650 3
546 758 4
546 900 518
547 265 2
547 427 5
547 577 13
548 169 8
548 577 8
548 586 2
549 68 3
549 97 2
549 146 4
549 647 4
550 36 4
550 649 2
550 800 2
551 4 2
551 40 14
551 89 112
552 640 11
552 656 13
553 36 2
554 137 2
554 296 2
555 52 729
556 409 105
557 6 2
557 15 8
557 370 2
557 400 5
557 512 2
557 557 4
557 938 3
559 557 2
560 18 9
560 32 2
560 96 16
560 104 63
560 168 15
560 354 4
561 444 27
561 521 2
561 786 3
561 993 9
562 162 4
562 977 9
563 20 2
564 28 25
564 656 2
564 659 2
565 105 2
566 4 11
566 132 4
567 793 4
569 385 5
571 457 2
572 36 2
572 257 3
572 370 191
573 797 14
573 886 2
574 533 93
574 696 33
576 19 2
576 133 2
576 193 12
576 228 2
576 371 2
576 525 2
576 547 2
577 72 2
577 222 2
577 292 2
577 401 2
577 577 8
578 26 2
578 96 4
578 120 98
578 136 2
578 554 2
578 572 5
578 575 5
579 80 2
579 621 12
580 64 30
580 507 4
580 528 21
580 598 551
582 633 2
584 432 5
584 833 54241500
585 64 4
585 208 7
585 354 2
586 64 7
587 608 3
589 389 2
590 276 6
590 520 2
590 788 9
592 4 4
592 148 20
592 528 24
592 566 10
592 585 3
592 856 2
593 429 3
595 58 7
595 557 10
596 11 96
596 33 2
596 154 11
596 385 2
597 387 13
599 92 2
599 176 7776
600 562 2
600 575 13
601 335 2
601 431 3
602 480 2
604 913 2
604 1006 5
605 80 2
606 281 2
606 807 2
607 288 21
607 393 13
608 185 2
608 522 3
608 648 3
609 210 6
609 225 2
609 526 2
609 768 36
610 24 2
611 125 3
612 170 7
612 534 2
613 840 461
614 936 97
616 81 12
616 450 2
616 806 10
617 374 3
617 908 6
618 70 7
618 1004 9
619 76 3
619 140 5
619 231 7
621 293 6
623 1000 5
624 579 19
625 5 5
625 530 2
626 8 2
626 104 2
627 418 21
627 977 4
629 528 5
631 24 30
632 18 4
637 73 25
638 161 2
640 4 2
640 6 6
640 160 5
640 181 2
640 246 12
640 258 16
640 369 2
640 421 7
640 525 2
640 584 2
640 659 9
640 732 10
640 938 43
640 952 2
641 192 23
642 562 21
642 724 2
643 73 2
644 48 2
644 387 2
644 660 6
644 756 2
644 769 2
645 4 14
645 25 264
645 548 396
645 963 2
646 289 35
646 388 405
648 76 2
648 98 37
648 301 9
648 369 47
648 512 5
648 694 10
648 769 2
650 953 16
651 290 2
652 257 3
652 594 15
654 129 18
655 384 2
655 761 36
656 3 2
656 259 2
656 278 2
656 370 26
656 833 2
657 79 3
658 10 21
658 640 3
660 52 2
660 69 3
660 85 14
661 244 2
661 608 3
662 374 11864
664 16 17
664 205 2
664 539 2
665 3 2
665 260 2
667 587 10
668 163 2
668 749 225
670 515 50
672 1 13
672 64 6
672 129 5
672 514 9
672 608 37
672 717 2
673 656 2
674 288 40
674 401 119
674 672 7
675 257 4
675 470 2
676 52 3
677 641 21
678 237 144
679 556 87
680 39 2
680 105 3
680 450 2398
680 540 9
681 6 24
681 33 2
682 14 7
682 156 3
683 278 3
686 426 21
686 593 2
688 385 6
689 80 44
690 110 129
691 12 3
692 260 21
693 397 6
694 6 13
694 768 3
694 931 10
695 517 6
696 885 14
700 18 2
700 229 2
700 864 87
701 34 4
701 941 6
704 34 2
704 76 2
704 135 210
704 292 10
704 370 2
704 514 28
704 673 88
705 596 4
705 854 2
706 17 3
706 161 2
706 460 2
706 732 2
708 108 2
709 325 2
709 354 2
709 644 2
710 2 2
711 19 5
712 141 2
712 283 2
712 294 3
712 862 2
713 593 448
713 837 96
716 98 2
716 339 73
716 649 2
716 842 2
720 7 9
720 144 2
721 0 7
721 104 13
721 323 19
721 584 3
722 82 9
722 100 2
722 104 15
722 258 2
722 393 2
722 398 5
722 464 16
724 20 17
724 596 3638
725 44 2
725 65 2
726 322 126
727 200 2
728 227 2
728 350 52
728 712 3
729 578 2
730 332 11
732 834 8
737 64 4
737 288 2
737 610 8
738 970 2
740 235 2
740 778 4
740 801 12
741 45 2
741 260 5
743 787 8
744 124 3
744 280 2
746 386 134
752 261 75
752 494 389
752 786 2
754 32 2
759 130 2
760 257 161
760 300 2
761 435 14
763 668 5
765 513 2
768 226 2
768 326 5
768 502 7
768 608 8
768 736 8
768 926 2
769 34 1600
769 277 2
769 350 2
769 640 2
769 773 2
770 67 97
770 211 25
770 515 2
771 800 5
772 0 25
772 32 2
772 130 2
773 1 2
774 8 4
774 936 3
775 48 2
775 921 2
776 101 2
776 586 7
776 697 2
777 6 7
777 84 2
777 200 7
777 318 12
777 539 2
777 554 3
777 608 180
778 330 2
778 389 8
778 707 4
780 16 31
780 193 10
780 707 1251
780 901 459
781 222 20
781 496 4
782 405 2
784 514 588
784 549 2
784 569 2
784 604 46
784 634 7
784 841 2
785 45 46
785 257 2
786 142 2
786 521 7
786 576 3
786 914 4
787 199 9
788 25 4
788 324 2
788 332 2
792 16 2
792 274 2
792 540 2
792 594 3
795 422 3
798 776 3
799 433 35
800 9 4
800 45 2
800 73 68
800 97 18
800 824 2
801 34 3
801 312 2
801 592 8
801 642 22
802 660 2
804 0 148
804 104 13
805 387 2
805 781 9
806 43 17
806 134 2
806 326 2
806 480 47
808 302 3
808 526 2
808 777 458
808 937 4
808 945 6199
810 17 2
810 394 2
810 416 2
814 161 2
814 264 14
814 523 6
814 905 16
816 18 18
816 24 19
818 253 4
819 538 4
824 392 8
824 609 24
824 978 14
828 592 2
830 356 16
832 16 2
832 21 30
832 30 6
832 281 16
832 304 2
832 328 3
832 427 17
833 147 9
833 999 3
834 32 2
834 104 4
834 912 4
835 392 4
835 583 2
836 86 3
836 388 2
836 485 2
839 21 3
840 96 2
840 106 2
840 545 52
840 800 3
841 32 10
841 370 4
842 132 16
843 939 3
844 584 2
845 561 2
845 624 3
848 90 3
848 188 2
848 313 12
848 391 6
848 899 2
849 792 2
849 1018 32
850 308 1936
850 776 2
851 195 2
852 2 2
852 64 7
852 72 15
852 824 8
856 256 5
857 42 25
862 130 2
863 516 2
864 786 2
866 260 14
867 998 24
870 6 2
870 68 2
871 264 785
872 50 2
872 165 2
873 9 2
874 360 511
878 258 2
882 42 3
882 778 6
884 802 137
894 392 2
895 603 2
896 868 2
897 115 12
897 523 8
898 336 14
899 537 4
900 4 3
900 313 2
902 131 4
902 420 2
904 112 8
904 231 7
904 888 66
904 929 14
905 12 2
905 196 7
905 248 2
905 540 2
905 572 4
906 137 8
906 194 4
906 210 2
906 328 3
910 614 3
911 10 3
911 896 2
912 2 6
912 85 18
912 129 11
912 388 2
914 216 2
914 669 2
914 776 9
914 968 4
915 431 50
916 742 2
916 777 6
917 912 2
918 0 5
920 200 3
921 272 9
922 8 12
924 196 2
927 190 2
928 64 2
928 384 8
928 516 2
928 518 2
929 257 3
929 316 7
930 720 2
931 230 3
931 657 2
932 783 4
933 657 6
934 94 2
938 261 5
938 316 2
938 552 8
944 756 2
945 456 2
946 205 2
947 568 73
948 9 76
952 37 2
953 905 2
954 22 2
956 846 7
961 131 4
961 291 10
961 333 6
961 472 2
961 481 2
963 130 3
965 937 6
966 29 3
966 192 8
966 197 4
966 555 7
968 51 2
968 360 3
969 313 9
969 769 3
971 566 6
975 205 2
976 321 9
977 22 3
977 34 4
977 549 163
978 817 4
984 324 2
984 483 9
987 962 15
988 366 2
990 35 33
996 36 10
996 836 2
998 127 7
998 179 26
1000 260 2
1001 286 47
1002 652 2
1002 912 2
1003 684 3
1004 129 63
1011 36 3
1013 316 2
1018 358 3
1020 385 3
