0 4 7
0 8 2
0 9 30
0 17 3
0 18 2
0 29 2
0 47 2
0 112 5
0 135 16
0 150 2
0 156 2
0 256 2
0 265 3
0 274 5
0 321 2
0 352 59
0 415 5
0 552 80
0 618 261
0 646 2
0 674 4
0 843 2
0 917 4
0 936 2
1 15 37
1 30 17
1 37 2
1 135 179
1 357 12
1 481 2
1 535 15
1 644 376
1 768 2
1 825 3
1 920 2
2 0 21
2 8 69753
2 48 2
2 132 12
2 167 2
2 260 7
2 267 2
2 328 2
2 523 2
2 826 2
3 24 2
3 277 2
3 530 199
3 652 15
3 817 18
4 0 3
4 4 10
4 15 2
4 24 2
4 50 2
4 60 2
4 64 15
4 248 2
4 284 2
4 293 2
4 517 6
4 683 7
4 803 6
4 808 772
5 18 667
5 216 14
5 584 12
5 887 8
6 3 2
6 148 6
6 212 2
6 259 2
6 267 2
6 268 6
6 512 2
6 798 2
6 1002 2
7 237 3606
7 715 17
8 1 2
8 2 2
8 19 1363
8 32 204
8 42 38
8 58 2
8 202 52
8 273 7
8 386 2
8 486 2
8 552 8
8 642 3
8 656 2
8 735 7
8 850 2
8 902 2
9 39 24
9 43 5
9 416 2
9 572 22
9 823 3
9 907 2
10 13 5
10 40 3
10 75 19
10 84 7
10 160 2
10 176 2
10 208 2
10 523 5
10 599 2
10 680 29
10 778 2
11 204 107
11 586 2
11 752 5
12 0 2
12 24 6781
12 116 2
12 128 20
12 269 25
12 366 4
12 634 2
12 781 2
13 66 3
13 192 2
13 224 2
13 780 2
14 152 21
14 210 16
14 321 295
14 376 19
14 616 2
15 352 2
15 485 2
16 9 17
16 24 23
16 64 7
16 132 2
16 148 70
16 198 4
16 516 5
16 643 21
16 806 2
17 129 2
17 258 2
18 51 2
18 215 2
18 290 172
18 641 2
18 645 2
19 7 6
19 24 2
19 657 2
19 709 27
20 10 7
20 28 2
20 36 185
20 176 3
20 323 2
20 786 7
21 308 7
22 24 2
22 97 13
22 133 2
22 281 20
22 331 5
22 565 6
23 328 4
23 770 4
23 886 4
24 9 2
24 533 2
24 781 59
24 786 9
24 848 2
24 944 496
25 523 3
25 592 10
26 20 2
26 109 3
26 801 10
27 130 12
27 549 2
28 42 3
28 72 17456
28 203 7
28 647 7
29 1 5
29 327 11
29 532 2
30 52 2
30 129 36
31 77 9
31 561 300843
32 16 3
32 33 4
32 42 3
32 72 189
32 196 8
32 204 2
32 211 883
32 219 5
32 276 20
32 414 2
32 514 8
32 612 25
32 641 4
32 721 17
32 759 2
32 803 5
32 848 2
33 2 3
33 3 16
33 31 2
33 64 3
33 276 2
33 320 2
33 544 5
33 785 2
33 898 2
33 945 10
34 292 274
34 324 2
34 561 3
34 663 2
34 720 2
35 65 2
35 266 7
35 689 2
36 12 4
36 34 2
36 48 2
36 257 8
36 266 8
36 288 2
36 320 49
36 555 525
36 705 30
36 858 2
37 2 5
37 13 2
37 364 5
37 594 9
37 640 2
37 673 8
38 180 2
38 204 367
39 3 3
39 48 52
39 520 2
39 982 9
40 20 27
40 39 4
40 65 33
40 256 2
40 512 22506
40 528 2
40 605 7
40 672 2
40 756 3
40 761 2
40 840 4
40 980 2
41 96 3
41 263 89
41 276 3
41 321 2
42 42 3
42 140 2
42 329 170
42 411 2
42 778 15
43 1 18
43 546 27
44 10 2
44 12 3
44 430 2277
44 524 3
44 794 5
45 23 2
45 50 2
45 266 5
45 615 14
45 808 2
47 80 2
48 168 2
48 176 7
48 193 2
48 198 6
48 226 3
48 646 292
48 708 2
48 789 2
48 932 20
49 17 494
49 313 2
49 516 2
50 9 4
50 113 2
51 70 5
51 377 2
52 46 2
52 188 2
52 256 22
52 390 7
53 146 2
54 718 4
56 89 2
56 267 2
56 472 6
56 544 3
56 560 2
57 5 2
57 33 4
57 128 17
58 113 3
58 470 8
59 58 2
59 292 2915
59 453 2
59 583 2
60 3 2
60 5 2
60 33 21
60 948 8
61 644 2
61 648 4
62 521 2
62 612 2
64 1 2
64 26 3
64 192 9
64 197 17
64 203 3
64 272 2
64 465 3
64 686 3
64 756 19
64 771 2
64 780 2
64 790 30
65 25 6
65 61 2
65 96 2
65 104 2
65 118 8
65 241 2
65 274 2
65 515 9
65 571 3
65 614 2
66 140 54
66 545 2
67 2 2
67 16 4
67 20 5
67 37 2
67 73 8
67 453 18
67 482 2
67 840 8
68 153 2
68 192 5
68 226 3
68 322 3
68 576 6
69 138 24
69 466 3
69 529 8
69 572 2
70 109 5
70 212 5
70 431 2
70 642 19
70 646 2
70 648 20
70 672 2
71 264 8
71 409 9
71 700 2
72 37 120
72 65 6
72 280 8
72 437 2
72 533 8
73 39 2
73 640 2
73 870 5
73 999 2
74 512 9
74 548 2
75 259 88
75 576 2
76 76 2676
76 133 12
76 262 6
77 256 3260
77 267 3
77 450 3
77 456 2
78 288 130
78 517 23
78 784 2
78 919 10
79 165 2
80 0 2
80 51 8
80 82 4
80 132 2
80 528 2
80 677 8
80 920 8
81 807 3
81 852 4
82 280 2
82 283 16
83 115 12
83 124 2
83 304 1880
83 617 2
83 784 3
84 64 36
84 74 2
84 216 4
84 490 5
85 31 2
86 234 2
86 524 3
87 353 2
87 462 29
87 512 2
87 515 26
88 330 2
88 782 2
89 2 2
89 4 9233
90 20 2
90 274 16
90 843 2
90 977 2
90 988 27
91 154 16
91 652 8
91 951 2
92 38 2
92 91 2
93 134 15
93 669 7
94 869 4
94 954 2
95 20 3
96 32 6
96 148 2
96 208 5
96 220 9
96 276 2
96 304 4
96 321 2
96 356 2
97 48 8
97 144 14
97 167 2
97 195 143
97 286 5
97 473 3
98 14 20
98 352 2
98 401 30
98 671 91
98 928 2
99 117 2
99 134 12
99 249 2
100 128 3
100 294 3
100 752 6
100 768 2
101 70 6
101 124 2
101 161 2
101 169 19236
101 392 10
101 599 2
102 6 2
102 78 135
102 166 2
102 264 2
103 704 63
104 26 20
104 28 3
104 48 9
104 64 2
104 132 2
104 313 2
104 512 423
104 673 7
105 3 9
105 296 26
105 779 4
106 516 3
106 652 4
107 3 2
107 129 37
108 514 34353
108 825 4
109 707 4
111 12 2
112 0 5
112 1 3
112 3 2
112 28 2
112 84 2
112 107 3
112 165 2
112 776 2
114 68 5
114 416 5
114 452 2
114 497 35
114 872 2
116 33 4
117 106 3
119 446 2
119 836 2
120 0 2
120 76 4
122 185 2
122 294 2
123 600 154
124 304 2
124 348 2
125 268 3
128 1 23
128 10 2
128 58 11
128 134 2
128 208 5
128 320 2
128 362 3
128 375 3
128 453 2
128 628 4
128 770 6
128 806 5
129 0 3
129 10 2
129 37 2
129 88 9
129 163 45
129 584 2
129 707 2
130 78 4
130 272 26
130 273 4
130 368 2
130 520 2
130 528 16
130 532 2
130 540 13
130 675 3
130 772 10
130 980 2
131 581 5
132 6 4
132 94 2
132 137 14
132 372 9
132 516 2
132 713 2
132 916 5
132 957 10
133 23 3
133 138 2
133 614 2
134 67 2
134 224 62
134 377 2
134 390 73
134 516 2
134 768 4
135 544 3
136 21 7
136 39 5
136 160 6
136 482 10
136 610 2
136 684 5
136 831 3
137 148 55
137 256 3
137 259 2
137 325 16
137 678 2
137 778 8
138 266 3
138 415 4
138 590 2
138 902 3
139 426 6
139 865 20
140 72 2
140 135 4
140 464 2
140 776 5
141 2 2
141 521 721
141 954 5
143 116 2
143 187 10
143 286 2
143 642 52
144 18 20
144 68 3
144 248 2
144 257 2
144 418 45
144 800 3
145 1 2
145 2 2
145 94 7
145 184 16
145 216 3
145 273 2
145 392 3
145 513 2
145 576 9117
146 69 2
146 146 2
146 396 2
146 910 2
147 513 9
147 522 6
148 24 5
148 130 20
148 139 2
148 146 2
148 464 7
148 515 5
148 912 6
149 20 2
150 141 3
150 160 12
151 132 12
151 207 8
151 250 3
153 26 2
153 151 2
153 171 5
153 592 2
153 598 9
153 833 2
153 961 6
156 54 2
156 521 21
156 814 5
157 404 2
158 104 2
160 34 3
160 81 9
160 144 6
160 452 70
160 644 5
160 801 2
161 21 2
161 40 34
161 326 17
161 376 3
161 524 8
161 576 2
161 717 3
161 898 9
162 160 15
162 306 2
162 517 8
163 361 11
163 601 8
164 34 189
164 38 4
164 217 70
164 329 6
164 481 37
164 646 3
165 141 16
165 397 2
166 686 20
167 104 4
167 289 3
167 384 7
167 456 8
167 712 146
168 8 2
168 67 2
168 68 7
168 98 2
169 72 10
169 351 10
169 514 8
171 144 8
171 810 7
172 8 4231
172 32 2
172 569 2
172 664 10
173 261 12
174 493 215
174 582 5
175 863 3
176 32 11
176 137 403
176 273 19
176 916 41
176 932 3
177 128 7
177 280 88
177 611 2
177 744 3
178 100 2
178 144 623
178 580 23
178 797 22
179 429 2
180 19 2
180 152 8
180 600 17
180 973 4
181 97 2
181 768 567
181 964 2
182 300 31
182 672 2
182 728 2
184 141 2
184 161 2
184 664 2
185 5 8
185 42 2
185 391 2
186 272 36
186 582 58
188 199 17
192 43 3
192 52 3
192 72 3089
192 177 11
192 388 2
192 392 4
192 524 2
192 536 2
192 713 3
192 898 7
192 904 2
192 999 2
193 8 447
193 28 2
193 120 32
193 131 46
193 162 29
193 375 20
193 422 4
193 718 8
193 775 29
194 321 5
194 592 12
194 677 3
196 81 2
196 286 2
196 377 2
197 61 3
197 100 6
197 297 3
197 611 2
197 769 2
198 3 78
198 196 2
198 812 9
200 146 2
200 924 7
201 140 2
202 11 377
203 654 31
204 6 10
204 520 2
206 80 8
208 14 2
208 534 5
209 55 11
209 513 2
209 564 2
210 1 11
210 882 3
211 4 2
212 69 14
212 262 2
212 285 5
212 673 8
213 64 2
214 369 8
214 585 16
216 138 3
216 792 3
217 923 2
219 389 2
220 176 4
222 532 2
225 257 2
225 316 30112
225 948 60
226 157 41
227 336 13
227 592 7
227 838 2
230 9 2
231 290 128
232 5 20
232 65 3
232 80 2
232 480 2
233 212 11
233 912 8
234 848 1214993
235 281 2
235 645 117
237 91 2
238 620 2
238 642 3
239 370 2
239 560 2
240 18 2
240 66 2
240 914 9
241 206 26
242 156 3
244 33 4
244 356 3
245 705 2
246 64 2
247 626 164
248 0 8
248 290 3
256 1 2
256 5 2
256 68 14
256 69 59
256 160 2
256 243 5
256 262 2
256 312 2
256 512 2
256 522 8
256 616 9
256 705 99
256 764 5
256 772 4
256 904 8
256 992 2
257 0 672
257 156 12
257 268 3
257 272 602
257 544 9
257 680 2
257 806 5
257 912 7
257 945 2
258 24 2228
258 34 13
258 36 18
258 138 2
258 673 27
258 810 2
258 880 2
259 226 2
259 327 8
259 532 3
260 256 12
260 295 337
260 522 5
260 545 11
260 678 25
261 72 3
261 356 13
261 672 2
261 995 17
262 32 8
262 134 70
262 193 13
262 256 2
262 906 2
262 1013 5
264 1 17
264 4 20
264 320 4
265 632 2
266 11 2
266 56 2
266 272 11
266 336 23
268 12 12
268 177 27
268 524 2
268 577 12
269 444 2
269 640 2
270 532 14
270 642 3
272 162 7
272 208 4
272 225 3
272 234 2
272 259 9
272 378 2
272 520 69
272 640 12
272 684 5
272 899 14
273 693 3
273 809 2
273 903 2
274 98 2
274 334 12434
275 4 2
275 16 26
275 116 22
275 485 70
275 512 6
276 288 18
276 392 470
276 538 2
276 628 2
276 661 63
277 8 354
277 27 2
277 128 2
278 258 8
279 18 2
279 901 5
280 82 2
280 600 2
280 674 2
281 101 2
282 136 10
282 576 241
282 717 2
285 104 16
286 12 4
286 624 2
286 832 18
287 448 19
287 802 3
288 47 2
288 50 2
288 132 2
288 224 4
288 292 7
288 341 7
288 545 2
289 36 2
289 60 2
289 156 4
289 468 1559
289 472 31
289 753 11
289 788 2
290 0 7
290 258 5
290 328 13
290 388 2
291 32 8
291 610 2
291 768 3
291 967 2
292 7 3
292 19 32
292 134 2
292 162 6
292 524 7
293 256 2
293 960 2
294 742 3
294 864 2
296 57 2
296 131 3
296 231 30
296 260 176
296 288 10
296 336 10
296 409 2
296 516 2
297 167 2
297 325 9
297 389 7
297 742 3
298 75 3
298 800 3
299 78 2
299 291 2
300 140 187
301 274 3
303 292 2
304 6 2
304 8 2
304 42 8
304 63 41
304 106 11
304 212 5
304 258 2
304 292 1182
305 11 2
305 34 7
305 576 2
306 36 7
306 918 179
307 514 5
308 583 26
308 640 11
308 692 2
308 832 2
308 848 146
309 77 2
310 44 4
310 936 17
312 514 4
314 109 2
314 156 20
314 376 2
314 518 9
315 739 2
316 452 5
318 532 4
318 914 2
320 29 2
320 407 4
320 428 8
320 468 5
320 641 2
320 720 4
321 4 6
321 262 11
321 337 67
321 768 14
321 1008 4
322 0 4
322 80 4
322 196 4
322 902 2
323 515 116
324 16 7
324 106 4
324 167 4
324 179 2
324 200 7
324 513 12
324 530 3
325 6 30
325 74 2
325 145 2
325 614 3
325 720 2
326 11 17
326 16 100
326 32 2
326 116 29
327 675 3
327 698 2
328 45 8
328 853 12
329 35 2
329 258 2
329 836 9
330 8 3
330 204 119
331 512 360
332 456 16
332 643 90
334 265 2
334 288 2
335 83 2
335 391 40
336 18 2
336 100 205
336 576 4
336 632 50
337 352 11
337 833 2
338 33 2
338 160 2
338 169 406
339 42 19
340 0 109
340 106 6
340 704 3
340 763 4
341 576 13
342 15 5
342 272 11
342 536 17
343 475 2
344 188 6
344 676 6
345 32 2
345 728 3
345 992 3
346 11 303
346 89 74
347 11 3
347 149 2
347 313 2
348 395 3
349 12 2
352 419 2
352 514 2
352 680 7
352 794 2
352 860 17
353 389 3
353 684 4
354 25 29
354 30 16
354 288 7
354 969 2
355 134 2
355 634 3
356 800 8
357 641 6
358 3 2
358 168 1094
358 197 2
360 514 2
360 555 94
360 732 4
360 810 53
361 266 17
361 316 2
362 34 3
363 162 4
363 424 2
364 740 271
366 657 5
368 49 423
368 738 20
368 925 2
371 112 3
371 705 112
371 772 6
372 352 19
375 77 2
376 193 2
379 333 4
380 339 2
381 531 8
384 5 45
384 6 2
384 156 2
384 168 2
384 332 2
384 457 2
384 481 2
384 531 4
384 571 2
384 597 2
384 692 12
384 841 2
385 2 2
385 213 11
385 214 9
385 513 2
385 563 2
386 64 2
386 73 6
386 158 181
386 160 2
386 275 12
386 846 10
386 912 9
387 147 16
387 297 2
387 545 4
387 1016 2
388 332 19
389 596 2
391 8 5
392 336 8
392 553 5
392 674 34
393 577 2
394 80 18
394 211 10
394 590 21
395 4 2
395 558 8
395 647 2
396 6 36
396 454 4
396 536 6
396 546 2
396 777 4
396 915 12
396 960 4
397 132 5
397 305 15
397 518 2
398 943 2
399 9 19
400 10 24
400 21 26
400 144 2
400 712 299
401 16 2
401 58 6
401 277 2
401 673 4
401 932 2
402 80 2
402 769 25
403 20 2
404 209 21
405 160 37
406 677 4
406 928 333
407 591 3
408 66 2
408 405 3734
408 576 56
409 66 5
409 417 2
409 888 3
410 520 3
411 20 2
412 6 20
413 640 4
416 52 13
416 279 2
416 292 2
416 531 52
416 832 3
417 577 3
418 16 8
419 7 2
419 62 2
419 844 2
420 32 15
420 114 27
420 288 2
420 538 2
420 545 2
421 400 6
423 384 70
423 651 39
425 161 2
425 261 17
425 776 15
426 644 2
427 580 398
428 32 2
428 194 2
428 620 13
428 880 3
430 68 4
430 203 32
433 24 8
433 197 2
434 734 3
436 597 2
437 2 2
442 146 4
442 691 2
444 769 27
444 801 4
448 92 110
448 513 7
448 655 2
452 48 2
452 136 2
452 205 5
452 488 6
452 512 776
452 513 9
453 368 2
453 661 14
454 9 2
454 437 2
454 634 2
455 640 5
456 105 2
456 376 5
456 774 2
457 906 4
458 101 792
458 743 11
460 197 4
460 566 2
462 516 8
462 641 4
463 916 5
464 265 4184
464 928 2
465 531 920
465 761 2
467 211 2
467 300 13
469 425 17
472 226 2
472 256 2
472 801 9
473 6 2
473 800 10
480 0 122
480 665 2
480 928 14
481 288 49
482 64 183
482 208 7
482 285 17
483 276 180
485 134 2
488 3 8
488 565 5
489 64 2
491 112 6
496 433 2
496 978 2
501 519 2
504 267 84490
505 332 18
506 706 40
512 1 4
512 5 23
512 65 15
512 96 4
512 153 6
512 173 2
512 266 12
512 420 2
512 438 2
512 453 2
512 482 2
512 514 6
512 522 2
512 685 4
512 936 5
513 5 2
513 47 2
513 65 2
513 112 2
513 304 26
513 315 8
513 340 978
513 548 3
513 640 2
514 11 677
514 36 120
514 160 3
514 401 8
514 452 12
514 522 2
514 572 5
514 780 2
515 93 13
515 157 2
515 273 2
516 33 4
516 72 519
516 169 2
516 357 4
516 385 2
516 442 6
516 555 30
516 582 3
516 605 6
516 779 2
516 785 3
517 0 2
517 8 2
517 34 6
517 177 14
517 281 5
517 525 9
517 672 18
517 676 2
517 768 3
518 0 2
518 41 12
518 66 8
519 517 2
519 944 19
519 967 2
520 9 3
520 94 13
520 164 2
520 296 2
520 328 3
520 436 2
520 785 110
520 812 2
520 896 3
521 81 2
521 229 5
521 546 2184
521 554 2
521 560 4
521 609 138
522 121 24
522 234 3790
522 549 2
522 652 16
523 650 13
524 173 37
524 520 2
525 134 17
525 820 5
526 548 13
526 776 10
527 36 2
527 713 146
528 10 14
528 33 9
528 36 5
528 97 6
528 144 2
528 156 5
528 344 882
528 406 4
528 512 93
528 580 17
528 582 2
528 720 2
528 801 25
529 16 5
529 260 2
529 423 3
529 517 2
529 520 4
529 836 25
530 86 2
530 132 2
530 325 2
530 696 3
532 134 2
532 292 27
532 550 2
532 853 2
533 5 8
533 37 4
533 787 72
534 425 44
534 786 7
534 928 2
535 10 26
536 10 6
536 412 11
536 687 3
536 902 2
537 99 4
537 138 10
537 257 4
537 478 5
538 74 3
538 84 8
538 820 7
540 256 6
540 481 2
541 344 11
541 793 480
544 6 2
544 21 2
544 24 2
544 151 392
544 160 15
544 401 2222
544 416 3
544 536 2
544 542 2
544 597 2
544 718 2
545 209 6
545 226 8
545 914 2
546 2 3
546 4 2
546 263 2
546 612 3
546 650 5
546 758 2
546 900 23
547 265 2
547 427 34
547 577 11
548 141 6
548 169 9
548 577 5
548 586 2
549 68 14
549 97 2
549 288 13
549 530 4
549 647 2
550 649 21
550 800 2
551 40 5
551 89 3
552 136 10
552 656 13
552 932 7
553 102 2
553 933 2
555 52 2
556 409 148
557 6 3603
557 370 7
557 400 7
557 557 3
557 770 7
557 938 2
559 557 12
560 18 11
560 32 34
560 168 2
560 354 75
561 10 2
561 444 14
561 521 2
561 786 27
562 977 2
562 992 7
563 20 6
563 410 2
564 659 32
565 105 7
566 4 11
566 132 5
567 793 2
569 385 5
569 522 2
571 100 78
571 457 6
572 36 3
572 64 4
572 257 2
572 370 2
572 777 2
573 797 8
573 886 54
574 18 3
576 4 9
576 5 3
576 19 12
576 48 2
576 76 11376
576 133 5
576 172 5
576 193 2
576 371 4
576 547 95
576 607 2
577 72 2
577 236 22
577 401 6
577 661 28
577 997 11
578 26 2
578 96 3
578 120 12
578 136 2
578 554 3
578 572 2
578 575 2
579 136 4
579 621 57
579 789 99
580 64 6
580 507 9
580 598 46
581 645 15
582 633 1704
583 129 2
585 64 2
585 208 2
585 354 147
586 64 12
586 530 27
586 658 4
588 784 5
589 389 2
590 276 2
590 300 11
590 520 5
590 788 2
591 147 3
592 4 14
592 148 2
592 322 4
592 528 11
592 585 2
593 429 3
595 58 2
595 557 3
596 33 12
596 91 2
596 385 14
597 387 2
599 176 2
599 569 2
600 562 2
600 575 8
601 335 2
601 431 3
602 480 11
604 913 2
605 80 2
606 281 4
606 807 5
607 288 2
607 393 12
608 176 2
608 522 2
608 648 10
609 28 7
609 210 10
609 225 6
609 526 7
610 24 18
611 125 4
612 170 6
612 534 2
613 840 12
614 265 9
614 936 2
616 81 1395
616 450 9
616 806 2
617 374 4
617 908 2
618 70 6
619 76 21
619 231 72
621 293 2
623 1000 2
624 579 4342
625 5 22
625 261 2
625 530 8
626 104 18
626 528 2
627 418 2
627 769 30
627 977 2
629 446 14
629 528 3
631 24 3
632 18 12
633 812 2
637 73 7
638 161 2
640 4 16
640 6 5
640 160 2
640 181 3
640 258 2073
640 369 9
640 421 4
640 467 3
640 525 7
640 584 14
640 659 2
640 732 2
640 952 48
641 192 9
642 512 42
642 562 8
642 724 9
643 775 272
644 660 2
644 756 4
644 769 2
645 4 6
645 25 20
645 548 11
645 963 2777
646 289 2
646 388 1356
648 76 2
648 98 2
648 210 6848
648 301 7
648 369 11
648 512 6
648 694 11
648 769 2
649 4 3
649 48 17
650 108 198
650 953 2
651 290 29
652 594 7
655 384 9
655 761 1667
656 3 4
656 259 5
656 278 2
656 370 4
657 79 27
657 201 30
658 10 18
658 26 2
658 226 88
658 640 2
660 36 33
660 52 2
660 69 7
660 85 75
661 244 2
661 608 2
662 374 10
664 16 12
664 205 4
664 539 3
664 781 11
665 260 23
666 66 4
667 587 10
668 464 5
668 749 2
670 515 4
672 1 2
672 129 66
672 514 6
672 608 2
672 717 676
673 656 4
674 259 3
674 288 5
674 401 2
674 672 8
675 257 16664
675 470 2
676 52 8
677 121 5
677 641 2
678 237 6
679 556 24
680 20 5
680 39 5
680 450 2
680 540 2
681 33 2
682 156 8
683 278 2
684 1008 17
686 426 15
686 593 4
688 385 6
689 80 51326
690 110 174
691 12 2
692 260 2
692 914 2
693 397 3
693 522 2
694 6 16
694 768 2
694 976 4
695 517 15
695 585 6
696 885 2
697 710 8700
700 18 2
700 229 2
700 864 10
701 34 9
701 941 2
704 34 3
704 135 2
704 292 4
704 370 2
704 514 7
704 673 5
705 596 64665
705 854 2
706 17 3
706 161 13
708 108 2
709 325 7
709 354 54
709 644 2
709 843 3
710 2 5
711 19 2
712 35 2
712 141 6
712 283 9
712 862 29
713 837 2
716 98 2
716 339 3
716 649 10
719 512 2
720 7 2
720 144 6
720 803 2
721 0 2
721 170 8
721 323 5
721 584 6
722 82 2
722 100 3
722 104 6
722 146 3
722 258 2
722 393 5
722 398 2
722 464 22
723 142 4
724 20 2
725 44 11
725 65 2
726 322 74
727 200 2
728 227 2
728 350 11
728 712 74
729 578 25
730 332 19
736 24 2
737 25 3
737 64 2
737 288 2
737 610 392
738 970 11363
740 235 36
740 778 2
741 45 2
741 260 2
742 97 2
743 787 3
744 124 42
745 63 5
746 536 58
752 261 8
752 494 2
752 786 21
754 32 2
759 130 4
760 40 2
760 220 2
760 257 3
760 300 2
763 668 34204
768 68 3
768 226 2
768 502 4
768 608 2
768 666 2
768 736 35
768 738 2
769 34 3
769 350 2
769 773 2
770 67 9
770 211 2
770 515 34
771 128 11
771 793 2
771 800 4
772 32 2
772 130 6
773 1 2
774 8 7
774 936 5
775 48 20
776 101 797
776 586 6
776 697 2
777 6 5
777 84 2
777 318 18
777 539 2
777 554 6
777 608 23
777 641 2
778 707 40
780 14 1153
780 16 2
780 193 16
780 552 20
780 707 2
780 901 3
781 222 14
781 496 3
782 226 57
782 405 4
784 1 3
784 514 3
784 549 2
784 569 2
784 604 3
784 634 2
784 841 25
785 45 2
786 142 2
786 521 5
786 576 9
786 914 2
787 199 3
788 25 4
788 332 7
792 16 14
792 540 2
792 594 6
793 52 2
793 498 3
793 628 131
795 422 4
795 661 3
798 776 1201
800 9 2
800 45 14
800 73 6
800 97 72
800 133 5
800 824 2
801 34 49
801 312 2
801 592 23
801 642 2
802 660 30
802 769 5
804 0 3
804 337 2
804 779 3
805 387 2
805 781 1034
806 43 2
806 134 77
806 232 48
806 326 6
808 302 8
808 526 263
808 777 19
808 937 77
808 945 2
810 17 2775
810 416 6
812 778 2
814 264 2
814 523 26
814 905 63
816 18 2
816 24 2
817 784 12
818 253 2
819 69 2
819 538 735
821 236 16
824 609 2
824 978 3
828 592 4
830 356 125
832 30 2
832 43 3
832 281 10
832 304 4
832 328 13
832 427 5
832 518 2
833 999 2
834 32 388
834 148 4
834 912 3
836 86 3
836 388 5
836 485 2
838 785 12
839 21 2
840 96 3
840 545 4
840 800 5
841 32 14
841 370 2
842 132 18
842 200 2
844 584 3
845 624 6
848 90 2
848 188 7
848 313 2
848 899 6
849 792 12
849 1018 2
851 195 2
852 2 17
852 64 3
852 72 12
852 824 3
854 681 2
856 256 19
856 866 2
857 42 2
862 130 3
863 516 132
864 23 178
866 260 10
867 998 8
868 332 3
870 6 10
870 68 18
871 264 11
872 32 2
872 50 156
872 165 2
873 9 2
874 360 2
875 164 2
878 258 5
880 611 32
882 42 2
884 802 5
885 601 3
894 392 2
895 603 102
896 330 4
896 868 2
897 39 4
897 115 14
897 1002 2
898 699 2
899 537 3
899 736 2
900 4 2
900 162 2
900 313 2
902 131 25
902 420 3
904 112 2
904 231 2
904 552 6
904 888 12
904 929 6
905 12 41
905 196 12
905 248 2
905 540 2
905 572 2
906 137 70
906 194 5
906 210 11
907 276 3
908 456 11
910 614 2
911 5 12
911 896 5
912 2 3
912 85 239
912 129 6
912 388 3
914 216 17
914 669 2
914 968 4
915 431 7
916 742 2
916 777 2
917 560 752
917 912 2
918 0 2
920 200 15
921 272 2
921 320 60
922 784 2
924 33 2
927 190 2
928 64 10
928 384 2
928 516 7
928 518 2
929 10 2
929 257 7
929 316 26
930 547 13
930 720 34
931 230 3
931 657 2
932 274 10
932 783 2
933 657 2
934 94 2
938 261 2
938 552 22
940 512 18
941 771 8
944 165 704
944 756 3
945 456 4208
946 205 3
947 568 2
948 9 52
952 37 4
953 905 6
954 22 2
956 846 2
960 358 2
961 131 2
961 291 7
961 472 14
961 481 18
963 130 4
965 937 4
966 29 5
966 192 3
966 197 2
966 555 14
968 51 3
968 352 32
969 313 2
969 769 3
970 180 5
971 566 6
975 205 7345
976 779 188
977 22 2
977 549 10
984 324 16
984 483 17
986 772 6
987 962 2
988 366 9
990 35 3
996 836 5
998 179 14
1000 260 4
1001 286 2
1002 652 3
1002 912 5
1004 129 2
1011 36 3
1013 316 2
1018 358 2
1020 371 4
1021 643 7
