0 4 357
0 9 2
0 29 328738
0 47 15
0 112 18
0 135 2
0 150 5
0 166 229
0 215 2
0 256 2
0 265 10
0 274 53
0 321 26
0 415 25
0 670 2
0 674 2
0 679 2
0 843 16
0 902 29
0 917 2
0 936 2
1 7 2
1 15 189
1 30 2
1 37 10
1 70 28
1 82 7
1 135 7
1 228 2
1 292 2
1 481 2
1 535 27
1 644 3
1 768 2
1 825 4
1 920 3
2 0 7
2 3 6
2 8 2
2 48 2
2 132 29
2 167 15
2 267 5
2 328 4
2 523 2
2 826 3
3 272 5
3 277 2
3 652 11
3 817 3
4 4 2
4 15 4
4 24 8
4 50 5
4 60 2
4 64 2
4 248 3283
4 293 7
4 368 3
4 517 2
4 576 18
4 683 2
4 774 4
4 803 2
4 808 264
5 216 139
5 584 3
5 887 61
6 148 17
6 212 4
6 259 2
6 267 2
6 268 7
6 466 44
6 512 14
6 798 3
6 1002 32
7 81 177
7 110 36861
7 237 50
8 1 2
8 2 3
8 19 14
8 32 478
8 42 2
8 58 6
8 202 55
8 272 3
8 273 2
8 386 60
8 486 2
8 552 220
8 642 2
8 656 2
8 735 2
8 850 4
8 902 67
9 39 9
9 43 8
9 274 2
9 416 9
9 572 2
9 823 10
9 907 2
10 40 6
10 84 2
10 160 6
10 176 2
10 208 2
10 518 7
10 523 2
10 584 2
10 599 13
10 680 14
10 778 8
11 586 141
11 752 32
12 0 9
12 55 1838
12 65 2
12 116 4120
12 128 2
12 269 3
12 366 3
12 634 1818
13 66 3
13 192 2
13 224 1545
13 320 7
13 780 11
14 152 3
14 210 31
14 321 4280
14 376 2
14 584 10
15 352 2
15 485 2
15 659 2
15 854 9
16 9 2
16 24 173
16 64 2
16 96 10
16 148 37
16 198 2
16 516 6
16 643 2
16 806 2
17 48 37
17 129 2
17 258 9
18 51 13
18 290 15
18 641 10
18 645 4
19 7 3
19 24 13
19 657 4
19 709 8
20 1 16
20 28 2
20 36 7
20 69 15
20 176 6
20 194 4
20 323 2
20 786 3
21 116 4
21 258 2
21 308 13
22 24 2
22 68 2
22 133 6
22 281 3
22 320 2
22 565 2
23 328 8
23 770 13
23 886 2
24 9 3
24 533 6
24 786 5
24 848 16
24 944 2
25 523 2
25 592 25
26 20 2
26 22 8
26 109 38
26 801 6
27 210 30179
27 547 8
27 549 2
28 72 19
28 624 3
28 647 19
29 5 13
29 327 12
29 532 2
30 21 4
30 52 3
30 129 2
30 588 4
31 77 2
31 561 2
32 16 183
32 42 4
32 72 8
32 196 4
32 204 6
32 211 5
32 219 4
32 276 2
32 388 42
32 414 5
32 514 2
32 612 2
32 641 2
32 721 3
32 803 2
32 848 2
32 960 2
33 2 17
33 3 4
33 31 6
33 64 1530
33 276 4
33 277 3
33 320 5
33 898 18
34 144 12
34 324 2
34 663 2
34 720 2
34 800 93
35 266 2
35 551 2
35 689 13
36 12 5
36 34 13
36 48 4
36 257 181
36 266 30
36 288 5
36 448 2
36 555 2
36 705 3
36 858 4
37 2 5
37 13 10
37 364 27
37 520 4
37 594 2
37 640 3
38 180 2
38 204 2
38 544 8
39 48 2
39 982 2
40 9 2
40 20 2
40 65 544
40 256 6
40 512 4
40 605 2
40 645 18
40 672 3
40 756 8
40 840 19
40 980 2
41 96 6
41 276 4
41 321 9
41 513 6
41 987 24
42 42 7
42 140 2
42 329 2
42 778 3
42 839 2
43 1 5
43 546 2
44 10 71
44 47 2
44 430 2
44 524 3
45 23 2
45 74 3
45 266 2
45 615 2
45 808 12
45 844 2
47 80 4
47 1022 2
48 67 25
48 176 2
48 193 3
48 198 2
48 226 81
48 646 9
48 708 2
48 843 2
48 932 6
49 4 21
49 310 5
49 313 10
49 516 946
50 9 28
50 113 9
51 70 13776
51 377 47
51 516 3479
52 46 9
52 188 2
52 285 2
53 146 2
53 245 41
54 718 20
55 278 441
56 89 2
56 267 20
56 472 2
56 544 14
56 560 4
57 5 8
57 33 2
58 113 2
59 58 2
59 292 2
59 453 3
60 3 4
60 5 43
60 33 9
60 112 6
60 948 3
61 648 34
62 521 7
62 612 11
64 26 2
64 41 4
64 192 501
64 194 4
64 197 2
64 203 10
64 272 2
64 370 2
64 481 2
64 514 2
64 686 2
64 756 2
64 771 3
64 780 4
64 790 20
65 96 2
65 118 389
65 218 10
65 241 2
65 274 16
65 421 11
65 515 3
65 571 2
65 614 1670
66 140 2
66 545 6
67 2 9
67 16 5
67 20 8
67 37 8
67 73 3
67 453 6
67 482 1338
68 153 2
68 192 2
68 226 5
68 284 2
68 322 2
69 138 2
69 529 39
69 572 24
69 768 39
70 109 3
70 212 2
70 431 10
70 608 2
70 642 7
70 648 2
70 672 2
71 409 4
72 8 2
72 37 19
72 65 2
72 280 2
72 437 2
73 39 2
73 640 2
73 870 8
73 999 6
74 512 3
74 548 26
74 600 86
74 768 12
74 1012 9
75 259 7
75 576 17
76 76 2
76 133 2
76 586 2
76 855 6
77 256 2
77 267 2
77 450 12
77 456 10
78 288 2
78 517 5
78 784 2
78 919 13
79 165 6
79 386 2
80 0 564
80 51 2
80 82 2
80 211 247
80 528 2
80 677 9
81 807 69
82 280 2
82 283 4
83 115 1901
83 124 51
83 304 3
83 784 2
84 64 2
84 216 8
84 490 44
85 31 4
86 234 7
87 353 8
87 462 12
87 512 17
87 515 2
88 330 3
88 782 41
89 4 2
89 76 8
90 20 9
90 274 4
90 843 18
90 977 2
90 988 2
91 652 2
91 951 8
92 38 2
92 91 6
93 49 2
93 669 6
94 869 3
95 34 3
96 32 8
96 80 2
96 103 4
96 148 5
96 208 32
96 220 14
96 276 2
96 321 10
96 547 2
97 48 7
97 130 6
97 144 3
97 167 15
97 286 2
97 473 2
97 525 7916
98 14 2
98 352 2
98 401 2
98 671 262
98 928 2
99 117 4
99 134 2
100 128 2
100 294 2
100 752 5
100 901 2
101 70 2
101 124 3
101 161 2
101 169 209
101 392 5
101 599 2
102 6 2
102 78 2
102 166 8
103 704 3
104 26 2
104 28 2
104 48 2
104 64 17
104 132 2
104 313 97
104 512 2
104 673 3
105 3 5
105 296 3
105 779 3
106 516 11
106 652 3
107 3 6
108 133 3
108 514 2
109 707 3
111 12 19
112 0 72
112 1 23
112 3 8
112 28 2
112 84 2
112 107 17
112 165 2
112 776 4
114 68 2
114 452 2
114 497 5
114 872 2
116 33 2
117 803 39
118 565 3
119 446 2
119 836 196061
120 0 2
121 536 30
122 24 13
122 294 2
123 600 2
124 304 2
125 268 12
128 58 5
128 134 2
128 208 7
128 320 9
128 362 2
128 375 20
128 376 12
128 433 4
128 453 2
128 806 2
129 0 4
129 10 2
129 37 707
129 39 2
129 88 2
129 163 19
129 584 2
129 707 5
130 78 18142
130 272 6
130 273 94
130 368 3
130 520 43
130 528 16
130 540 3
130 675 3
130 772 2
130 980 2
131 581 5
132 6 26
132 17 309
132 94 2
132 137 24
132 372 4
132 516 30
132 713 2
132 916 12
132 957 2
133 23 6
133 138 3
134 67 2
134 84 2
134 208 39
134 224 4
134 377 2
134 516 87
134 768 2
135 258 2
136 21 4
136 39 39
136 81 2
136 482 2
136 610 150
136 657 2
136 684 7
136 831 2
137 148 3
137 256 6
137 259 2
137 325 2
137 678 197
137 778 2
138 415 2
138 590 266
138 902 627
139 87 2
139 426 2
139 865 4
140 135 2
140 143 2
140 168 3
140 464 2
140 776 2
141 521 6
141 954 28
142 641 5
143 116 12
143 187 34
143 286 34
144 68 5
144 248 2
144 257 2
144 418 2
144 520 13
144 800 8
145 1 2
145 2 2
145 67 385
145 94 36
145 216 2
145 273 8
145 513 2
145 576 131
146 69 179
146 146 20
146 396 2
146 910 20
147 513 18
147 522 2
148 139 6
148 146 8
148 464 17
148 515 4
148 912 23
149 20 33
149 633 91
149 649 2
150 141 2
150 160 2
150 656 2
151 102 4470
151 207 44
151 250 31
153 151 3
153 171 166
153 592 2
153 598 8
156 54 10
156 133 2
156 521 2
157 404 2
158 104 2
159 526 2
160 144 2
160 452 2
160 644 23
160 801 2
161 40 11
161 326 2
161 376 2
161 524 2
161 717 4
161 898 3
162 160 5
162 290 2
162 306 3
163 361 2
163 601 19
164 34 4
164 38 3
164 264 67
164 280 33
164 329 2
164 636 75
164 646 5
165 141 180
165 397 75
167 104 2
167 289 2
167 384 2
167 712 2
168 8 2
168 52 2
168 67 2
168 68 9
169 25 2
169 514 2
171 144 8
172 8 4
172 569 621
172 664 16
173 261 71
174 493 2
174 582 2
175 863 3
176 32 5
176 137 28
176 270 2
176 273 4
176 916 5
176 932 2
177 128 2
177 280 3
177 560 2
177 611 14
178 100 6
178 144 6
178 580 8
179 429 12
180 19 2
180 152 9
180 600 2
181 97 2
181 331 1050
181 964 2
182 672 43
182 728 2
184 141 21
184 161 2
184 664 2
185 5 2
185 42 67
186 272 6
186 582 2
187 800 11
188 4 2
192 43 15
192 52 2
192 177 2
192 388 2
192 392 2
192 524 4
192 536 56
192 713 13
192 898 763
192 904 13
192 999 2
193 8 1050
193 28 2
193 120 3
193 162 2
193 422 21
193 718 5
193 775 2
196 81 10
196 286 113
196 377 6
197 61 2
197 297 3
197 592 3
197 611 2
197 769 3
198 3 5
198 812 17
200 577 3
200 924 2
201 39 4
201 98 3
201 140 2
202 11 40
203 654 84
204 520 2
205 457 2
206 80 7
206 530 225
208 12 2
208 534 2
209 55 24
210 882 62
211 4 11
212 69 2
212 112 4
212 262 2
212 285 2
212 673 25566
213 64 604
214 369 4
214 585 7
216 138 2
216 792 2
217 923 52
218 86 3
219 389 2
220 176 2
220 658 2
222 532 5
222 852 2
225 257 2
225 316 2
225 948 2
226 35 3
226 157 9
227 592 3
227 838 2
228 32 5
228 294 22
231 261 2
232 5 2
232 80 28
232 130 2
232 480 277
233 212 17
233 912 13
233 973 6
234 848 2
234 917 2
235 281 4
235 645 14
237 91 3
238 620 2
238 642 2
240 18 8
240 66 2
240 799 2
240 914 2
241 206 3
241 245 4
242 156 2
244 356 2
244 932 2
245 705 2
246 64 2
247 626 2
248 290 2
248 557 5
248 902 2
253 636 85
256 4 27
256 5 10
256 68 2
256 69 2
256 97 2
256 160 2
256 212 2
256 243 2
256 312 26
256 344 24
256 512 35
256 522 2
256 616 2
256 705 10
256 764 17
256 772 2
256 804 3
256 904 5
256 963 3
256 992 2
257 0 4
257 156 44
257 268 2
257 272 2
257 680 5
257 806 3
257 912 17
257 920 2
257 945 9
258 24 6
258 34 2
258 36 7
258 138 9
258 265 3
258 673 3
258 810 5
258 880 35
259 7 7
259 165 430
259 226 2
259 268 3
259 532 16
260 256 3
260 295 2
260 522 2
260 545 2
260 678 2
260 978 2
261 8 2
261 67 2
261 72 8
261 356 2
261 995 13
262 32 8
262 134 4
262 193 2
262 256 6
262 906 27
262 1013 2
264 1 9
264 4 2
264 296 2
264 320 2
264 568 3
265 264 4
265 339 5
265 632 2
266 56 703
266 242 5
266 272 9
266 326 19
266 336 2338
266 504 14
267 523 15
267 581 7931
268 12 2
268 34 2
268 192 2
268 512 2
268 524 4
268 577 57
269 444 2
269 640 2
270 73 17
270 532 2
272 41 2
272 162 3
272 225 7
272 234 2
272 259 35
272 280 6
272 378 2
272 520 134
272 554 26
272 640 6
272 684 4
272 899 2
273 581 94
273 693 3
273 809 3
273 903 3026
274 98 2
274 334 580
275 4 2
275 16 9
275 116 17
275 133 3
275 485 2
275 512 2
276 392 12
276 538 8
276 661 2
277 8 40
277 27 8
277 128 2
277 385 99
278 258 2
279 18 3
279 901 7
280 82 2
280 600 2
280 674 2
281 101 2
282 136 172
282 576 9
282 717 5
282 787 14
283 35 23
283 514 4
284 835 2
285 104 4
286 12 7
286 624 5
286 832 4
287 448 657
287 802 2
288 50 2
288 132 16
288 224 12347
288 292 2
288 545 2
288 776 9
289 36 2
289 60 7
289 156 32
289 345 3
289 468 2
289 753 4
289 788 4
290 0 2
290 258 27
290 388 11
291 610 11
291 967 5
292 7 2
292 19 2
292 134 7
292 162 3
292 593 187
294 27 3
294 864 2
296 57 21
296 84 10
296 131 18
296 231 13
296 260 2
296 288 34
296 336 2
296 516 20
297 167 2
297 389 6
297 742 2
298 75 10
298 800 2
299 78 3
299 291 2
300 29 28
300 140 2
301 274 5
301 777 2
303 292 2
304 8 4
304 42 14
304 63 2
304 106 15
304 212 11
304 258 25
304 292 2
305 11 2
305 34 2
305 163 2
306 550 2
306 918 2
307 514 2
308 21 2
308 583 5
308 640 6
308 692 9
308 832 7
308 848 12
309 77 15
309 774 2
310 44 2
310 936 21
314 109 44
314 376 2
314 518 3
316 452 3
318 532 2
318 914 2
320 29 2
320 315 4
320 407 2
320 468 31
320 641 5
320 720 19
321 4 2
321 262 4
321 768 2
321 834 2
321 1008 7
322 80 2
322 272 2
322 899 2
322 902 2
323 360 3
324 16 5
324 106 2
324 179 2
324 200 2
324 513 2
324 530 6
325 74 8
325 145 2
325 192 3
325 614 5
325 720 17
326 32 3
326 116 141
326 280 6
327 675 2
328 45 14
328 853 2
329 35 6
329 836 5
330 8 2
330 204 2
331 512 2
332 456 2
332 643 3
334 265 5
334 288 2
335 391 2
336 18 21
336 576 4
336 632 2
337 352 2
337 833 2
338 33 13
338 160 9
338 169 10
339 42 8
340 704 27
341 576 2
342 15 2
342 168 2
342 272 21
342 536 4
343 475 13
344 188 4
344 676 3
345 728 2
345 992 3
346 11 4
346 89 3
347 11 8
347 149 2
347 313 9
348 128 3
348 395 2
349 12 3
352 409 71
352 419 7
352 514 2
352 680 115
352 860 7
353 138 2
353 389 2
353 684 7
354 25 2
354 30 2
354 288 2
354 836 2
354 969 2
355 134 3
355 634 3
356 800 7
357 433 2
358 168 3
358 197 2
360 555 2
360 732 4
360 810 8
361 266 2
361 316 2
362 34 14
363 162 6
363 424 5
364 740 4
366 657 12
368 49 2
368 738 5
371 112 16
371 705 2
371 772 22
372 352 3
376 193 4
379 333 3
380 339 2
382 562 51
384 6 7
384 156 2
384 168 3
384 312 2
384 332 2
384 423 3
384 457 9
384 531 56
384 597 149
384 692 2
384 841 3
384 962 6
385 2 2
385 213 2
385 513 2
385 563 4
386 64 2
386 73 2
386 160 2
386 275 39
386 846 3
386 849 9
386 912 4
387 147 2
387 297 2
387 545 2
387 1016 21
388 332 5
389 596 2
390 566 13
391 8 3
391 461 2
391 800 2
392 38 6
392 336 3
392 553 3
393 461 2
394 80 187
394 211 20
394 590 5
395 4 5
395 647 100
396 6 5
396 454 11
396 536 2
396 546 4
396 777 3
396 915 238
396 960 24
397 132 2
397 518 2
398 943 17
399 9 2
400 21 2
400 144 3
400 712 4
401 16 2
401 58 2
401 284 2
401 932 283
402 80 25
403 20 16
404 209 3
405 160 5
406 677 35332
406 928 3
407 591 2
408 405 12
408 576 16
409 66 25
409 105 2
409 417 2
409 888 2
410 520 23
412 6 6
413 640 11
414 932 6
415 101 2
416 279 8
416 531 2
416 832 3
419 7 4
419 844 2
420 32 3
420 114 5
420 288 8
420 424 25
420 538 152
420 545 14
421 400 3
422 736 63
423 384 14173
423 651 24
425 261 4
425 746 659814
425 776 23
427 580 230
428 32 2
428 194 2
428 620 5
428 880 2
430 8 2
430 68 2
433 24 2
433 197 8
433 398 11
436 641 2
437 2 2
441 21 2
442 146 8
442 691 12
444 769 22
444 801 2
448 92 6
448 513 5
448 655 4
449 321 6
452 48 21
452 136 26
452 488 5
452 512 2
452 513 184
453 368 2
453 661 2
454 9 4
454 437 31
454 634 4
454 782 4
455 640 2
456 105 2
456 376 2
460 462 4
460 566 2
461 901 2
462 516 6
462 641 10
463 916 2
464 265 2
464 928 5
465 531 10
465 761 2
467 211 2
470 713 11
472 226 5
472 801 8
473 6 14
473 600 3
473 800 2
476 775 5
480 0 184
480 665 4
480 731 4
480 928 16
481 288 17
481 416 50
482 64 87
482 208 9
482 285 2
483 276 2
484 841 2
485 134 2
488 334 2
489 64 2
491 112 7
496 433 3
496 978 2
504 267 2
506 706 2
512 1 6
512 5 3
512 52 3
512 65 2
512 153 2
512 173 3
512 266 2
512 420 2
512 438 2
512 453 2
512 482 13
512 514 16
512 522 6
512 685 6
512 936 2
513 5 2
513 42 2
513 47 2
513 65 2
513 112 2
513 304 12
513 548 20
513 640 4
513 644 2
514 11 6
514 36 5
514 160 11
514 401 8
514 452 4
514 522 2
514 780 20
515 273 2
515 598 2
516 33 2
516 69 2
516 72 2
516 169 2
516 357 5
516 385 9
516 555 31
516 582 3
516 605 5
516 779 14
517 0 3
517 3 2
517 8 4
517 34 5
517 177 34
517 233 2691
517 281 3
517 525 99
517 534 2
517 676 2
517 768 2
518 66 14
518 517 17
519 517 4
519 944 34
519 967 304
520 9 2
520 94 286
520 164 29
520 296 2
520 328 267
520 436 3
520 785 14
520 812 12
520 896 4
521 81 82
521 131 2
521 229 29
521 546 25
521 560 2
522 1 13
522 121 2
522 234 3
522 549 2
522 652 2
523 650 19
524 159 371
524 173 27
524 520 4
525 134 5
525 820 2
526 548 77
526 776 2
527 36 6
527 713 2
528 10 39080
528 33 2
528 36 35
528 97 9
528 144 2
528 156 4
528 344 4
528 512 18
528 580 3
528 582 382
528 720 8
528 801 2
529 148 6
529 260 11
529 423 3
529 517 18
529 737 3
529 836 19
530 20 21
530 86 15
530 132 12
530 278 7
530 522 4
530 696 6
532 11 10
532 134 2
532 292 8
532 550 2
532 853 2
533 5 2
533 37 2
533 787 7
534 6 2
534 425 6
534 786 5
534 928 29
534 932 3
535 10 238
536 10 9
536 244 3
536 412 27
536 687 328
536 902 3922
537 99 2
537 138 4
537 257 5
537 478 2
538 74 103
538 84 2
540 256 4
540 481 17
541 344 4
541 793 32
544 6 2
544 21 15
544 24 6
544 160 2
544 401 2
544 536 3
544 542 13
544 551 2
544 597 2
544 718 2
545 209 2
545 226 10
545 520 7
545 914 1444
546 2 6
546 4 3
546 263 9
546 650 294370
547 265 20
547 427 6
548 141 5
548 169 44
548 512 2
548 577 3
548 586 26
549 68 6
549 97 32
549 146 30
549 530 2
549 647 18
550 36 2
550 649 2
550 800 11
551 4 11
551 40 3
551 89 2
552 136 18
552 640 2
552 656 50
553 36 2
553 102 2
553 933 88
554 4 14
554 137 5
555 52 2
555 418 16
556 409 5
557 6 2
557 15 7
557 370 13
557 400 72
557 512 13
557 557 6
557 770 2
557 938 2
559 557 2
560 18 2
560 32 9
560 96 12
560 104 3
560 168 3
560 354 2
561 10 2
561 444 2
561 521 12
561 786 18
562 162 2
562 977 165
562 992 179
563 20 43
563 410 2
564 28 2
564 656 2
564 659 417
565 105 7
566 4 17
566 44 2
566 132 28
567 793 5
569 385 35
569 522 2
571 100 5
571 457 107
572 36 2
572 64 2
572 257 4
572 370 2
572 777 2
573 797 5
573 886 34
574 18 2
574 533 2
574 696 23
576 4 12
576 5 2
576 76 12
576 133 31
576 172 2
576 193 9
576 228 2
576 371 2
576 525 16
576 547 7
576 607 27
577 72 2
577 222 26
577 236 8
577 292 517
577 401 3
577 577 2
577 661 2
578 26 3
578 120 3
578 136 18
578 554 2
578 575 513649
579 136 9
579 621 18
579 789 14
580 64 5
580 507 5
580 528 124
580 598 2
581 645 2
582 633 2
583 129 2
584 432 2
585 64 2
585 208 11
585 354 2
586 64 7
586 530 2
586 658 11
587 608 6
588 784 6
590 520 6
590 788 4
591 147 2
592 2 21
592 4 30
592 148 20
592 322 287
592 528 27779
592 566 8
592 585 311
592 856 24
593 429 100
595 58 9
595 557 6
596 11 2
596 33 3
596 91 2
596 154 2
596 385 18
599 92 10
600 68 5
600 115 7
600 562 46
600 575 98
601 335 2
602 480 2
604 913 3
605 80 2
606 281 2
606 807 2
607 288 1653
608 176 9
608 185 2
608 648 6
609 28 57
609 210 2
609 225 570
609 526 2
609 768 2
610 24 17
611 125 2
612 170 3
612 534 51
614 265 12
614 936 3
616 81 16
616 450 2
617 374 2
617 908 4
618 70 9
618 1004 2
619 76 2
619 140 8
619 231 5
621 293 2
623 1000 8
624 579 2
625 5 2
625 261 2
625 530 75
626 104 2
626 114 5
626 528 3
627 3 4
627 418 2
627 769 291420
628 76 2
629 446 8
629 528 1535
631 24 3
632 18 4
635 546 22
638 161 12
640 4 10
640 6 3
640 16 8
640 160 2
640 181 2
640 246 10
640 258 2
640 369 5
640 421 238
640 525 4
640 659 75
640 732 2
640 938 2
642 562 10
642 724 2
643 73 17
643 775 2
644 48 2
644 387 2
644 660 2
644 756 21
644 769 2
645 4 39
645 25 3
645 548 29
645 963 4
646 289 2
646 388 127
648 76 9
648 98 2
648 210 686
648 369 2
648 512 2
648 694 6
648 769 2
649 4 5
649 48 2
650 108 63
650 216 65
650 953 2
651 290 13
652 257 3
654 565 22
655 384 4
655 761 17
656 3 5
656 259 4
656 278 2
656 370 2
656 833 4
657 79 59
657 201 11
658 10 2
658 26 7
658 226 2
660 52 2
660 85 2
660 648 6
661 244 4
662 374 2
664 16 88
664 781 2
665 3 142
665 260 4
666 66 2
668 749 2
670 515 7
672 64 9
672 129 2
672 514 2
672 608 7
672 717 5
673 104 2
674 259 3
674 288 5
674 401 4
674 672 29
675 257 4
676 52 3
677 121 2
677 641 17
678 237 49
679 556 3
680 20 33
680 105 239
680 450 12
680 540 13
681 6 3
681 33 5
682 14 3
682 156 5
686 593 6
688 385 18
689 80 2
690 110 2
691 12 8
692 260 34
693 397 22
693 522 7
694 6 2
694 768 17
694 931 279
695 517 2
695 585 5
696 885 4
697 710 11
700 18 6
700 229 343
700 864 5
701 34 28
701 941 9
704 34 3
704 292 30
704 370 2
704 514 7
705 596 2
705 854 6
706 17 11
706 161 10
706 460 16
709 325 2
709 354 7
709 644 4
709 843 9
710 2 2
711 19 17
712 35 4
712 141 21
712 283 8
713 593 5
713 837 3
716 98 44
716 339 10
716 649 48
716 842 6
719 512 2
720 7 92
720 144 5
720 803 38
721 0 5
721 104 4
721 170 2
721 323 2
721 584 2
722 100 2
722 104 2
722 258 51
722 393 2
722 398 3
722 464 2
723 142 8
724 596 23
725 65 133
728 227 3
728 350 2
728 712 2
729 578 2
730 332 2
736 24 6
737 25 3
737 64 5
737 288 15
737 610 2
738 970 30
740 235 5
740 778 11
740 801 2
741 45 2
742 97 3
743 787 14
744 280 2
744 762 2
746 536 16
752 261 2
752 494 2
752 786 183
754 32 2
759 130 46
760 40 2
760 220 2
760 257 2
760 300 8
763 668 22
765 513 2
768 226 2
768 326 16
768 502 42
768 608 41
768 666 4
768 736 4
768 738 4
768 926 5
769 34 13
769 277 60
769 350 2
769 640 2
769 773 4
770 211 4
770 256 47
770 663 120
771 793 4
771 800 2
772 0 3
772 32 3
772 130 2
773 1 2
774 8 7
775 921 5
776 101 3
776 155 3
776 586 2
777 200 2
777 318 13
777 539 2
777 554 34
777 608 2
777 641 16
778 330 20
778 389 11
778 707 23
780 14 10
780 16 2
780 193 2
780 552 2
780 707 2
780 901 2
781 222 1358
781 496 7
782 226 2
782 405 7
784 1 2
784 514 74
784 569 2
784 604 2
784 634 6
785 257 2
786 142 5
786 521 2
786 576 14
786 914 7
787 199 3
788 25 1387
788 332 2
792 594 8
793 52 3
793 498 10
793 628 6
795 422 96
795 661 2
798 776 14
800 9 2
800 45 23
800 73 3
800 97 84
800 133 3
801 34 2
801 642 2
802 660 5
802 769 3
803 512 6
804 0 9
804 104 6
804 337 2
804 779 27
805 781 17
806 43 4
806 326 3
806 480 2
808 526 2
808 777 2
808 937 2
810 17 11
810 394 7
812 778 4
814 161 7
814 264 84
814 523 2
814 905 6
816 18 67
816 24 5
817 784 397
818 253 2
819 69 11
821 236 176
822 211 43
824 392 3
824 609 6
824 978 7
828 592 2
830 356 4128
832 16 3
832 21 2
832 281 7
832 304 2
832 328 2
832 427 213
833 147 6
833 999 2
834 0 3
834 32 7
834 104 13
834 148 2
835 392 13
835 583 2
836 86 144
836 388 3
836 485 11
838 785 2
839 21 477
840 96 3
840 545 2
841 370 35
842 132 5
842 200 2
843 939 69
844 584 36
845 561 2
845 624 2
848 90 367
848 899 4
849 792 4
849 1018 2
850 308 2
850 776 3
852 2 2
852 72 2
852 824 2
856 866 27
857 42 411
862 130 4
863 516 4
864 23 2
864 786 2
866 260 4
867 998 2
868 332 2
870 6 2
870 68 6
872 32 5
873 9 289
874 360 42
878 258 32
882 42 30
882 778 6
884 802 20886
885 601 2
895 603 6
896 330 2
896 868 38
897 523 2
897 1002 2
898 336 5
898 699 5
899 537 7
900 4 2
900 162 21
900 313 4
902 131 2
902 420 3
904 112 26
904 231 6
904 888 88
904 929 2
905 12 2
905 196 3
905 248 4
905 540 2
905 572 2
906 137 6
906 210 9
906 328 2
907 276 117
908 456 2
910 614 54
911 5 2
911 10 37
911 896 4
912 2 10
912 129 9
914 216 3
914 669 2
916 742 17
916 777 31
917 912 2
920 200 5
921 320 3
922 8 2
922 784 2
924 33 1369
927 190 12
928 64 2
928 384 2
928 518 2
929 10 966
929 257 2
929 316 2
930 547 2
930 720 2
931 230 2
931 657 17
932 274 2
932 783 2
933 657 3
934 94 18
938 261 668
938 316 2
940 512 2
941 771 11
944 165 6
944 756 6
945 456 3
946 205 2
947 568 2
948 9 3
952 37 2
953 905 7
956 846 2
961 131 2
961 291 5
961 333 5
961 472 5
961 481 2
963 130 2
966 29 2
966 192 2
966 197 2
966 555 2
968 51 2
968 360 2
969 769 2
971 566 14
975 205 2
976 321 60
976 779 27
977 22 2
977 34 2
978 817 47
984 324 15
985 268 4
987 962 2
988 366 2
990 35 2
998 127 2
1000 260 4
1001 286 10
1002 652 15
1002 912 5
1003 684 2
1004 129 3
1013 316 409
1018 358 15
1020 371 2
1021 643 2
