0 4 2
0 9 42
0 29 2
0 47 13
0 112 9
0 135 3
0 150 12
0 166 2
0 215 2
0 256 6
0 265 4
0 274 98
0 321 4
0 415 4
0 670 2
0 674 2
0 679 2
0 843 3
0 902 7
0 917 7
0 936 2
1 7 5
1 15 2
1 30 2
1 37 2
1 70 2
1 82 3
1 135 2
1 228 5
1 292 2
1 481 2
1 535 2
1 644 9
1 768 7
1 825 2
1 920 9
2 0 3
2 3 8
2 8 5
2 48 5
2 132 6
2 167 8
2 267 4
2 328 2
2 523 19
2 826 2
3 272 9
3 277 2
3 652 9
3 817 17
4 4 2
4 15 2
4 24 2
4 50 2
4 60 17
4 64 2
4 248 2
4 293 6
4 368 2
4 517 2
4 576 114
4 683 2
4 774 11
4 803 2
4 808 53
5 216 219
5 584 2
5 887 10
6 148 9
6 212 2
6 259 2
6 267 8286
6 268 7
6 466 2
6 512 25
6 798 16
6 1002 2
7 81 6
7 110 7
7 237 19
8 1 2
8 2 92
8 19 2
8 32 11
8 42 2
8 58 2
8 202 8
8 272 6
8 273 2
8 386 79
8 486 2
8 552 2
8 642 3
8 656 54
8 735 32
8 850 6
8 902 2
9 39 1149
9 43 3
9 274 2
9 416 18
9 572 16
9 823 4
9 907 3
10 40 15
10 84 2
10 160 3
10 176 7
10 208 5
10 518 2
10 523 2
10 584 2
10 599 2
10 680 36
10 778 19
11 586 2
11 752 4
12 0 5
12 55 157
12 65 2
12 116 2
12 128 2
12 269 6
12 366 3
12 634 14
13 66 2
13 192 9
13 224 2
13 320 8
13 780 3
14 152 13
14 210 2
14 321 2
14 376 11
14 584 15
15 352 2
15 485 2
15 659 2
15 854 5
16 9 2
16 24 90
16 64 28
16 96 18
16 148 5
16 198 4
16 516 3
16 643 2
16 806 2
17 48 22070
17 129 2
17 258 3
18 51 2
18 290 2
18 641 8
18 645 4
19 7 2
19 24 2
19 657 3
19 709 6
20 1 16
20 28 5
20 36 3
20 69 2
20 176 2
20 194 2
20 323 2
20 786 7
21 116 6
21 258 2
21 308 13
22 24 2
22 68 4
22 133 2
22 281 3
22 320 3
22 565 2
23 328 8
23 770 2
23 886 4
24 9 2
24 533 25
24 786 3
24 848 6
24 944 3
25 523 274
25 592 149
26 20 2
26 22 2
26 109 2
26 801 19
27 210 2
27 547 5
27 549 50
28 72 2
28 624 3
28 647 2
29 5 2
29 327 3
29 532 2
30 21 6
30 52 19
30 129 4805
30 588 19
31 77 14
31 561 2
32 16 5825
32 42 2
32 72 12
32 196 3
32 204 4
32 211 3
32 219 14
32 276 2
32 388 2
32 414 3
32 514 2
32 612 2
32 641 7
32 721 27
32 803 3
32 848 2
32 960 4
33 2 6
33 3 7
33 31 2
33 64 2
33 276 12
33 277 7
33 320 8
33 898 35
34 144 2
34 324 2
34 663 3
34 720 35
34 800 2
35 266 43
35 551 18
35 689 3
36 12 21
36 34 5
36 48 25
36 257 3
36 266 11
36 288 114
36 448 6
36 555 8
36 705 3
36 858 6
37 2 170
37 13 2
37 364 2
37 520 3
37 594 2
37 640 5
38 180 12
38 204 2
38 544 11
39 48 17
39 982 43
40 9 5
40 20 2
40 65 88
40 256 2
40 512 2
40 605 42
40 645 2
40 672 16
40 756 16
40 840 2
40 980 7
41 96 2
41 276 3
41 321 2
41 513 3
41 987 20
42 42 9
42 140 16
42 329 35
42 778 2
42 839 10
43 1 19
43 546 8
44 10 103
44 47 52
44 430 4
44 524 21
45 23 130
45 74 2
45 266 2
45 615 20
45 808 2
45 844 29
47 80 10
47 1022 18
48 67 4
48 176 3
48 193 134
48 198 17
48 226 2
48 646 10
48 708 82
48 843 3
48 932 2
49 4 6
49 310 8
49 313 12
49 516 2053
50 9 2
50 113 4
51 70 2
51 377 13
51 516 117299
52 46 4
52 188 6
52 285 4
53 146 11
53 245 8
54 718 2
55 278 2
56 89 2
56 267 325
56 472 7
56 544 13
56 560 12
57 5 3
57 33 13
58 113 46
59 58 4
59 292 2
59 453 2
60 3 382
60 5 7310
60 33 13
60 112 9
60 948 4
61 648 2
62 521 20
62 612 6
64 26 5
64 41 2
64 192 391
64 194 2
64 197 2
64 203 26
64 272 2
64 370 2
64 481 2
64 514 2
64 686 2
64 756 2
64 771 6
64 780 2
64 790 7
65 96 2
65 118 2
65 218 2
65 241 3
65 274 190
65 421 2
65 515 28
65 571 2
65 614 2
66 140 2
66 545 3
67 2 4
67 16 161
67 20 44
67 37 2
67 73 10
67 453 7
67 482 2
68 153 3
68 192 2
68 226 2
68 284 6
68 322 10
69 138 5
69 529 73
69 572 2
69 768 4
70 109 16
70 212 10
70 431 9
70 608 2
70 642 19
70 648 2
70 672 29
71 409 6
72 8 2
72 37 28
72 65 3
72 280 2
72 437 2
73 39 3
73 640 2
73 870 16
73 999 4
74 512 22
74 548 5
74 600 9
74 768 27
74 1012 4
75 259 11242
75 576 6
76 76 2
76 133 37
76 586 3
76 855 7
77 256 7
77 267 58
77 450 18
77 456 24
78 288 16
78 517 3
78 784 2
78 919 2
79 165 2
79 386 2
80 0 2
80 51 2
80 82 3
80 211 5
80 528 10
80 677 11
81 807 2
82 280 2
82 283 5
83 115 2
83 124 2
83 304 4395
83 784 2
84 64 3
84 216 2
84 490 6
85 31 3
86 234 3
87 353 39
87 462 14
87 512 8
87 515 2
88 330 3
88 782 23
89 4 8
89 76 4
90 20 5
90 274 2
90 843 5
90 977 2
90 988 7
91 652 2
91 951 2
92 38 2
92 91 10
93 49 2
93 669 55
94 869 5
95 34 12
96 32 23
96 80 44
96 103 2
96 148 4
96 208 512273
96 220 4
96 276 4
96 321 3
96 547 12
97 48 2
97 130 57
97 144 3
97 167 3
97 286 24514
97 473 17
97 525 2
98 14 2
98 352 2
98 401 10
98 671 2
98 928 2
99 117 2
99 134 5
100 128 6
100 294 2
100 752 2
100 901 2
101 70 5
101 124 28
101 161 19
101 169 3
101 392 2
101 599 2
102 6 12
102 78 2
102 166 3
103 704 4
104 26 3
104 28 3
104 48 33
104 64 22
104 132 9
104 313 2
104 512 7
104 673 2
105 3 4
105 296 2
105 779 2
106 516 4
106 652 2
107 3 4
108 133 12
108 514 2
109 707 4
111 12 12
112 0 2
112 1 5
112 3 3
112 28 2
112 84 3
112 107 5
112 165 2
112 776 2
114 68 2
114 452 4
114 497 3
114 872 2
116 33 2
117 803 3
118 565 37
119 446 2
119 836 2
120 0 119
121 536 4
122 24 2
122 294 60
123 600 2
124 304 3
125 268 17
128 58 3
128 134 13
128 208 7
128 320 2
128 362 3
128 375 3
128 376 5
128 433 3
128 453 2
128 806 2
129 0 2
129 10 2
129 37 2
129 39 10
129 88 2
129 163 2
129 584 2
129 707 96
130 78 2
130 272 4
130 273 2
130 368 2
130 520 8
130 528 7
130 540 2
130 675 3
130 772 63
130 980 2
131 581 25
132 6 2
132 17 2
132 94 6
132 137 38
132 372 2
132 516 3
132 713 64
132 916 2
132 957 2
133 23 4
133 138 5
134 67 2
134 84 2
134 208 152
134 224 62
134 377 2
134 516 3
134 768 2
135 258 24
136 21 15
136 39 88
136 81 3
136 482 2
136 610 22477
136 657 2
136 684 8
136 831 2
137 148 8
137 256 2
137 259 2
137 325 2
137 678 3
137 778 5
138 415 2
138 590 32027
138 902 2
139 87 8
139 426 2
139 865 4
140 135 2
140 143 13
140 168 2
140 464 2
140 776 2
141 521 3
141 954 9
142 641 10
143 116 3
143 187 2
143 286 3
144 68 8
144 248 2
144 257 2
144 418 40888
144 520 8
144 800 3
145 1 7
145 2 2
145 67 3
145 94 153
145 216 2
145 273 8
145 513 6
145 576 2
146 69 2
146 146 12
146 396 2
146 910 2
147 513 48
147 522 2
148 139 4
148 146 6
148 464 4
148 515 2
148 912 19
149 20 2
149 633 4
149 649 2
150 141 2
150 160 2
150 656 2
151 102 2
151 207 33
151 250 2
153 151 9
153 171 2
153 592 2
153 598 2
156 54 2
156 133 3
156 521 28
157 404 37
158 104 2
159 526 3
160 144 2
160 452 110
160 644 6
160 801 2
161 40 6
161 326 2
161 376 6
161 524 2
161 717 2
161 898 2
162 160 2
162 290 3
162 306 2
163 361 1304
163 601 7
164 34 5
164 38 2
164 264 3
164 280 27
164 329 2
164 636 2
164 646 24
165 141 4
165 397 2
167 104 2
167 289 2
167 384 42
167 712 81
168 8 3
168 52 2
168 67 137
168 68 10
169 25 2
169 514 2
171 144 55
172 8 3
172 569 2
172 664 8
173 261 2
174 493 2
174 582 2
175 863 66
176 32 7
176 137 2
176 270 2
176 273 2
176 916 2
176 932 2
177 128 5
177 280 12
177 560 2
177 611 4
178 100 1091
178 144 2
178 580 27
179 429 2
180 19 10
180 152 7
180 600 9
181 97 2
181 331 2
181 964 39
182 672 2
182 728 7
184 141 2
184 161 2
184 664 29
185 5 2
185 42 43
186 272 26
186 582 8
187 800 3
188 4 4
192 43 2
192 52 2
192 177 3
192 388 2
192 392 2
192 524 6
192 536 2
192 713 6
192 898 2
192 904 2
192 999 503
193 8 2
193 28 2
193 120 2
193 162 9
193 422 2
193 718 12
193 775 2
196 81 2
196 286 281
196 377 5
197 61 2
197 297 17
197 592 3
197 611 3
197 769 2
198 3 13
198 812 29
200 577 41
200 924 282
201 39 4
201 98 5
201 140 2
202 11 2
203 654 7
204 520 2
205 457 2
206 80 8
206 530 11
208 12 2
208 534 2
209 55 3
210 882 2
211 4 8
212 69 2
212 112 7
212 262 2
212 285 2
212 673 4
213 64 3
214 369 75
214 585 33
216 138 2
216 792 2
217 923 32
218 86 3
219 389 2
220 176 2
220 658 33
222 532 2
222 852 2
225 257 200
225 316 2
225 948 8
226 35 3
226 157 2
227 592 2
227 838 2
228 32 8
228 294 15
231 261 2
232 5 205
232 80 5
232 130 237
232 480 2
233 212 2
233 912 18
233 973 2
234 848 1500
234 917 2
235 281 4
235 645 6
237 91 16
238 620 2
238 642 2
240 18 11
240 66 2
240 799 2
240 914 5
241 206 2
241 245 2
242 156 119
244 356 10
244 932 5
245 705 2
246 64 67
247 626 2
248 290 2
248 557 8
248 902 38
253 636 2
256 4 17
256 5 2
256 68 2
256 69 18
256 97 143
256 160 1440104
256 212 1550
256 243 2
256 312 23
256 344 2
256 512 1473
256 522 2
256 616 2
256 705 3
256 764 3
256 772 25
256 804 3
256 904 15
256 963 2
256 992 5
257 0 2
257 156 106
257 268 2
257 272 3
257 680 4
257 806 2
257 912 10
257 920 2
257 945 2
258 24 4
258 34 7
258 36 2
258 138 5
258 265 11
258 673 2
258 810 4
258 880 7
259 7 16
259 165 5
259 226 2
259 268 2
259 532 39
260 256 6
260 295 3
260 522 2
260 545 2
260 678 9
260 978 2
261 8 6
261 67 2
261 72 15
261 356 5
261 995 6
262 32 2
262 134 10
262 193 2
262 256 3
262 906 15
262 1013 379
264 1 11
264 4 2
264 296 8
264 320 2
264 568 2
265 264 2
265 339 2
265 632 90
266 56 20
266 242 31
266 272 4
266 326 2
266 336 2
266 504 2
267 523 3
267 581 6
268 12 6117
268 34 63
268 192 2
268 512 2
268 524 5
268 577 787
269 444 4
269 640 7
270 73 2
270 532 3
272 41 2
272 162 27
272 225 14
272 234 64
272 259 19
272 280 17
272 378 92
272 520 4
272 554 27
272 640 9
272 684 2
272 899 4
273 581 11048
273 693 2
273 809 13
273 903 2
274 98 2
274 334 30
275 4 87
275 16 4
275 116 2
275 133 10
275 485 5
275 512 556
276 392 5
276 538 2
276 661 352
277 8 3
277 27 2
277 128 5
277 385 2
278 258 24
279 18 13
279 901 2
280 82 2
280 600 2
280 674 327952
281 101 2
282 136 35
282 576 32
282 717 2
282 787 2
283 35 21
283 514 6
284 835 2
285 104 2
286 12 5
286 624 29
286 832 9
287 448 6
287 802 2
288 50 2
288 132 149
288 224 2
288 292 3
288 545 24
288 776 31
289 36 3
289 60 3
289 156 9
289 345 20
289 468 14
289 753 2
289 788 9
290 0 2
290 258 11
290 388 11
291 610 3
291 967 11
292 7 2
292 19 2
292 134 2
292 162 8
292 593 3
294 27 2
294 864 332
296 57 5
296 84 8
296 131 17
296 231 2
296 260 34
296 288 2
296 336 34
296 516 2
297 167 7
297 389 10
297 742 2
298 75 2
298 800 16
299 78 6
299 291 2
300 29 137
300 140 2
301 274 2
301 777 2
303 292 96
304 8 8
304 42 4
304 63 2
304 106 3
304 212 2
304 258 4
304 292 9
305 11 2
305 34 2
305 163 18
306 550 6
306 918 2
307 514 8
308 21 72
308 583 4
308 640 117
308 692 2
308 832 2
308 848 3
309 77 2
309 774 33
310 44 2
310 936 2
314 109 31
314 376 127
314 518 3
316 452 9
318 532 3
318 914 867
320 29 2
320 315 8
320 407 3
320 468 2
320 641 3
320 720 26
321 4 2
321 262 7
321 768 14
321 834 19
321 1008 11
322 80 2
322 272 18
322 899 2
322 902 2
323 360 8
324 16 10
324 106 9
324 179 3
324 200 3
324 513 2
324 530 3
325 74 15
325 145 44
325 192 14
325 614 8
325 720 105
326 32 8
326 116 2
326 280 14
327 675 8
328 45 2
328 853 7
329 35 17
329 836 9
330 8 2
330 204 8
331 512 3
332 456 10
332 643 3
334 265 22
334 288 2
335 391 8
336 18 8
336 576 8
336 632 2
337 352 22
337 833 4
338 33 2
338 160 4
338 169 18
339 42 20
340 704 2
341 576 3
342 15 2
342 168 2
342 272 13
342 536 4
343 475 2
344 188 2
344 676 16
345 728 3
345 992 2
346 11 9
346 89 8
347 11 2
347 149 2
347 313 14
348 128 4
348 395 8
349 12 2
352 409 2
352 419 21
352 514 26
352 680 3
352 860 5
353 138 2
353 389 589
353 684 2
354 25 376
354 30 12
354 288 2
354 836 3
354 969 4
355 134 4
355 634 2
356 800 3
357 433 6
358 168 2
358 197 2
360 555 2
360 732 2
360 810 68
361 266 2
361 316 82
362 34 19
363 162 7
363 424 69
364 740 7
366 657 12
368 49 2
368 738 6
371 112 2
371 705 71
371 772 6
372 352 6
376 193 80
379 333 2
380 339 5
382 562 2
384 6 2
384 156 4
384 168 2
384 312 11
384 332 2
384 423 4
384 457 4
384 531 11
384 597 2
384 692 13
384 841 5
384 962 5
385 2 2
385 213 13
385 513 2
385 563 2
386 64 2
386 73 5
386 160 2
386 275 2
386 846 26
386 849 2
386 912 4
387 147 27
387 297 2
387 545 53
387 1016 217
388 332 3
389 596 2
390 566 5
391 8 6
391 461 1956
391 800 2
392 38 4
392 336 2
392 553 10
393 461 5
394 80 11
394 211 2
394 590 2
395 4 8
395 647 15
396 6 2
396 454 2
396 536 2
396 546 6
396 777 43
396 915 2
396 960 9
397 132 18
397 518 2
398 943 4
399 9 2
400 21 2
400 144 2
400 712 7
401 16 8
401 58 2
401 284 13
401 932 10
402 80 2
403 20 2
404 209 6
405 160 3
406 677 2
406 928 14
407 591 2
408 405 40
408 576 8
409 66 2
409 105 4
409 417 13
409 888 66
410 520 587
412 6 9
413 640 4
414 932 14
415 101 4
416 279 11
416 531 2
416 832 21
419 7 2
419 844 7
420 32 5142
420 114 94
420 288 3
420 424 9
420 538 530
420 545 5
421 400 12
422 736 2
423 384 2
423 651 2
425 261 6
425 746 2
425 776 2
427 580 2
428 32 20
428 194 5
428 620 29
428 880 2
430 8 2
430 68 2
433 24 2
433 197 2
433 398 2
436 641 2
437 2 394
441 21 17
442 146 20
442 691 25
444 769 9
444 801 2
448 92 18
448 513 14
448 655 2
449 321 4
452 48 100
452 136 7
452 488 20
452 512 4
452 513 2
453 368 2
453 661 3
454 9 7
454 437 12
454 634 8
454 782 3
455 640 2
456 105 2
456 376 426
460 462 9
460 566 2
461 901 186
462 516 2
462 641 16
463 916 3
464 265 3
464 928 8
465 531 16
465 761 3
467 211 83
470 713 2
472 226 2
472 801 2
473 6 8
473 600 2
473 800 2
476 775 9
480 0 2
480 665 2
480 731 9
480 928 17
481 288 8
481 416 2
482 64 2
482 208 2
482 285 3
483 276 61
484 841 2
485 134 155
488 334 2
489 64 2
491 112 2
496 433 2
496 978 2
504 267 5
506 706 7
512 1 2
512 5 16
512 52 3
512 65 2
512 153 2
512 173 2
512 266 4
512 420 2
512 438 2
512 453 429
512 482 15
512 514 2
512 522 6
512 685 3
512 936 2
513 5 2
513 42 206
513 47 2
513 65 36
513 112 4
513 304 2
513 548 6
513 640 17
513 644 99
514 11 9
514 36 5
514 160 5
514 401 13
514 452 2
514 522 5
514 780 8
515 273 2
515 598 2
516 33 122
516 69 2
516 72 3
516 169 8
516 357 2
516 385 2
516 555 6
516 582 4
516 605 2
516 779 2
517 0 40
517 3 2
517 8 5
517 34 6112
517 177 8
517 233 135559
517 281 13
517 525 2
517 534 2
517 676 2
517 768 2
518 66 4
518 517 2
519 517 5
519 944 2
519 967 2
520 9 12
520 94 248
520 164 20
520 296 24
520 328 2
520 436 4
520 785 2435
520 812 57
520 896 11
521 81 43
521 131 11
521 229 3
521 546 2
521 560 5
522 1 4
522 121 1893
522 234 5
522 549 4
522 652 56
523 650 13
524 159 2
524 173 38856
524 520 3
525 134 5
525 820 1352
526 548 2
526 776 2
527 36 20
527 713 2
528 10 2
528 33 2
528 36 43
528 97 18
528 144 2
528 156 8239
528 344 4
528 512 8
528 580 2
528 582 2
528 720 9
528 801 54
529 148 2
529 260 21
529 423 3
529 517 2
529 737 11
529 836 153
530 20 4
530 86 6
530 132 2
530 278 6
530 522 3
530 696 6
532 11 2
532 134 2
532 292 37
532 550 23
532 853 58
533 5 2
533 37 2
533 787 12
534 6 2
534 425 231
534 786 3
534 928 29
534 932 4
535 10 2
536 10 2
536 244 2
536 412 2
536 687 385
536 902 527
537 99 2
537 138 8
537 257 37
537 478 7
538 74 2
538 84 2
540 256 5
540 481 15
541 344 2
541 793 15
544 6 2
544 21 6
544 24 2
544 160 4
544 401 12
544 536 11
544 542 10
544 551 2
544 597 2
544 718 3
545 209 2
545 226 8
545 520 2
545 914 8
546 2 4
546 4 3
546 263 8
546 650 2
547 265 5
547 427 2
548 141 2
548 169 15
548 512 2
548 577 11
548 586 355
549 68 2
549 97 2
549 146 2
549 530 6
549 647 27
550 36 5
550 649 9
550 800 2
551 4 16
551 40 5
551 89 2
552 136 4
552 640 3
552 656 116
553 36 3
553 102 537
553 933 2
554 4 6
554 137 4
555 52 2
555 418 100
556 409 3
557 6 3
557 15 2
557 370 2
557 400 6
557 512 2
557 557 11
557 770 30
557 938 45
559 557 4
560 18 2
560 32 6
560 96 50
560 104 75
560 168 8
560 354 4
561 10 25
561 444 2
561 521 2
561 786 2
562 162 8
562 977 2
562 992 310
563 20 2
563 410 2
564 28 12
564 656 6
564 659 51
565 105 3
566 4 19
566 44 2
566 132 4
567 793 2
569 385 47
569 522 2
571 100 5
571 457 2
572 36 6
572 64 2
572 257 4
572 370 17
572 777 691
573 797 5
573 886 2
574 18 2
574 533 2
574 696 2
576 4 41
576 5 2
576 76 6
576 133 9
576 172 5
576 193 4
576 228 2
576 371 2
576 525 3
576 547 2
576 607 51
577 72 758
577 222 3
577 236 4
577 292 2
577 401 2
577 577 2
577 661 2
578 26 2
578 120 7
578 136 3
578 554 2
578 575 2
579 136 19
579 621 12
579 789 32
580 64 10
580 507 12
580 528 2
580 598 6
581 645 58
582 633 2
583 129 24
584 432 32
585 64 7
585 208 23
585 354 19
586 64 8
586 530 14
586 658 2
587 608 30
588 784 4
590 520 2
590 788 2
591 147 31
592 2 15
592 4 12
592 148 2
592 322 2
592 528 20
592 566 3
592 585 2
592 856 7
593 429 2
595 58 6
595 557 7
596 11 4
596 33 2
596 91 5
596 154 7
596 385 3
599 92 2
600 68 2
600 115 375
600 562 4
600 575 2
601 335 2
602 480 2
604 913 8
605 80 2
606 281 18
606 807 179
607 288 447
608 176 3
608 185 20
608 648 4
609 28 2
609 210 3
609 225 2
609 526 2
609 768 9
610 24 3
611 125 8
612 170 12
612 534 2
614 265 34
614 936 438
616 81 34
616 450 2
617 374 2
617 908 2
618 70 2
618 1004 824
619 76 4
619 140 2
619 231 8
621 293 3
623 1000 2
624 579 3
625 5 9
625 261 10
625 530 2
626 104 2
626 114 396
626 528 2
627 3 5
627 418 183
627 769 28348
628 76 2
629 446 3
629 528 111
631 24 2
632 18 7
635 546 2
638 161 2
640 4 7
640 6 3
640 16 28
640 160 2
640 181 7
640 246 4
640 258 2
640 369 4
640 421 2
640 525 3
640 659 2
640 732 2
640 938 2
642 562 3
642 724 2
643 73 2
643 775 24
644 48 2
644 387 2
644 660 3
644 756 16
644 769 2
645 4 141
645 25 323
645 548 155
645 963 20
646 289 2
646 388 169
648 76 11
648 98 4
648 210 2
648 369 30
648 512 2
648 694 4
648 769 2
649 4 20
649 48 2
650 108 2
650 216 82
650 953 19
651 290 62
652 257 2
654 565 22
655 384 2
655 761 2
656 3 14
656 259 7
656 278 3
656 370 3398
656 833 5
657 79 3
657 201 2
658 10 444
658 26 19
658 226 22
660 52 2
660 85 892
660 648 2
661 244 31
662 374 435
664 16 10
664 781 2
665 3 16
665 260 16
666 66 4
668 749 11358
670 515 4
672 64 3
672 129 2
672 514 2
672 608 2
672 717 2
673 104 2
674 259 3
674 288 2
674 401 2
674 672 2
675 257 3
676 52 18
677 121 2
677 641 7
678 237 2
679 556 6
680 20 2
680 105 2
680 450 11
680 540 5
681 6 3
681 33 2
682 14 16
682 156 5
686 593 17
688 385 10
689 80 7
690 110 16
691 12 2
692 260 122
693 397 15
693 522 8
694 6 4
694 768 13
694 931 34
695 517 6
695 585 3
696 885 2
697 710 52
700 18 8
700 229 60684
700 864 55
701 34 2
701 941 44
704 34 8
704 292 37
704 370 2
704 514 5
705 596 2
705 854 3
706 17 18
706 161 2
706 460 2
709 325 2
709 354 6
709 644 2
709 843 11
710 2 2
711 19 9
712 35 2
712 141 2
712 283 4
713 593 14
713 837 25
716 98 1223
716 339 5
716 649 2
716 842 2
719 512 11
720 7 4
720 144 8
720 803 3
721 0 21
721 104 10
721 170 2
721 323 2
721 584 557
722 100 2
722 104 12
722 258 19
722 393 2
722 398 28
722 464 2
723 142 93
724 596 4
725 65 13
728 227 3
728 350 3
728 712 5
729 578 9
730 332 2
736 24 461
737 25 2
737 64 2
737 288 2
737 610 3456
738 970 2
740 235 3
740 778 12
740 801 2
741 45 2
742 97 2
743 787 19
744 280 2
744 762 72
746 536 15
752 261 2
752 494 2
752 786 2
754 32 3
759 130 6
760 40 2
760 220 2
760 257 2
760 300 40
763 668 16
765 513 172
768 226 2
768 326 2
768 502 2
768 608 37
768 666 19
768 736 4
768 738 11
768 926 2
769 34 23
769 277 294
769 350 32
769 640 2
769 773 15
770 211 2
770 256 14
770 663 3
771 793 2
771 800 12
772 0 7
772 32 36
772 130 2
773 1 2
774 8 2
775 921 9
776 101 3
776 155 2
776 586 3
777 200 3
777 318 118
777 539 4
777 554 2
777 608 14
777 641 6
778 330 7
778 389 2
778 707 18
780 14 96
780 16 23
780 193 2
780 552 5
780 707 2
780 901 105
781 222 2
781 496 2
782 226 2
782 405 3
784 1 3
784 514 2
784 569 7
784 604 4
784 634 201
785 257 2
786 142 8
786 521 2
786 576 76
786 914 3
787 199 2
788 25 2
788 332 2
792 594 2
793 52 4
793 498 3
793 628 3
795 422 11
795 661 4076
798 776 5
800 9 2
800 45 225099
800 73 4
800 97 8
800 133 3
801 34 2
801 642 2
802 660 6
802 769 13
803 512 9
804 0 2
804 104 8
804 337 2
804 779 5
805 781 11
806 43 2
806 326 4
806 480 2
808 526 2
808 777 48
808 937 4
810 17 2
810 394 4
812 778 2
814 161 2
814 264 5
814 523 2
814 905 2
816 18 2
816 24 276
817 784 2
818 253 2
819 69 2
821 236 2
822 211 2
824 392 141
824 609 10
824 978 13
828 592 2
830 356 2
832 16 16
832 21 4
832 281 25
832 304 6
832 328 2
832 427 591
833 147 31
833 999 106
834 0 4
834 32 5
834 104 8
834 148 2
835 392 3
835 583 2
836 86 5
836 388 2
836 485 21
838 785 9
839 21 2
840 96 21
840 545 15
841 370 2
842 132 21
842 200 6
843 939 13
844 584 10
845 561 8
845 624 2
848 90 765
848 899 15
849 792 5
849 1018 4
850 308 31042
850 776 4
852 2 3
852 72 2
852 824 2
856 866 110
857 42 53
862 130 2
863 516 2
864 23 1897
864 786 6
866 260 3
867 998 2
868 332 2
870 6 2
870 68 8
872 32 5
873 9 157
874 360 27
878 258 2
882 42 2
882 778 3
884 802 2
885 601 2
895 603 44
896 330 1197
896 868 37
897 523 69
897 1002 107
898 336 14
898 699 33
899 537 7
900 4 154
900 162 6
900 313 13
902 131 2
902 420 2
904 112 2
904 231 28
904 888 152
904 929 51
905 12 2
905 196 2
905 248 11
905 540 4
905 572 4
906 137 23
906 210 4
906 328 11
907 276 2
908 456 2
910 614 3
911 5 3
911 10 6
911 896 7
912 2 4
912 129 2
914 216 2
914 669 13
916 742 6
916 777 21
917 912 5
920 200 3
921 320 14
922 8 3
922 784 8
924 33 2
927 190 2
928 64 9
928 384 522
928 518 76830
929 10 2
929 257 81
929 316 2
930 547 7
930 720 2
931 230 2
931 657 5
932 274 2
932 783 2
933 657 7
934 94 12
938 261 2
938 316 2
940 512 391
941 771 3
944 165 4
944 756 36
945 456 2
946 205 2
947 568 2
948 9 37
952 37 2
953 905 9
956 846 2
961 131 2
961 291 7
961 333 3
961 472 2
961 481 919
963 130 2
966 29 27
966 192 2
966 197 2
966 555 2
968 51 2
968 360 23
969 769 2
971 566 3
975 205 2
976 321 12
976 779 5
977 22 2
977 34 155489
978 817 147
984 324 3
985 268 2
987 962 10
988 366 2
990 35 2
998 127 2
1000 260 2
1001 286 10
1002 652 7
1002 912 9
1003 684 5
1004 129 14
1013 316 2
1018 358 6
1020 371 2
1021 643 5
