0 4 4
0 9 5
0 29 2
0 47 2
0 112 7
0 135 27
0 150 13
0 166 6
0 215 5
0 256 5
0 265 2
0 274 41
0 321 2
0 415 12
0 670 2
0 674 18
0 679 2
0 843 10
0 902 85
0 917 3
0 936 78
1 7 2
1 15 2
1 30 2
1 37 2
1 70 134
1 82 4
1 135 4
1 228 8
1 292 2
1 481 2
1 535 8
1 644 18
1 768 22
1 825 2
1 920 9
2 0 12
2 3 3
2 8 67
2 48 12
2 132 32
2 167 5
2 267 12
2 328 2
2 523 13
2 826 4
3 272 2
3 277 2
3 652 5
3 817 12
4 4 2
4 15 2
4 24 2
4 50 2
4 60 2
4 64 2
4 248 2
4 293 4
4 368 2
4 517 2
4 576 76
4 683 17
4 774 2
4 803 43
4 808 3
5 216 3
5 584 15
5 887 2
6 148 3
6 212 7
6 259 4
6 267 2
6 268 6
6 466 5
6 512 5
6 798 146
6 1002 355
7 81 43
7 110 2
7 237 2
8 1 2
8 2 5
8 19 50
8 32 2
8 42 23
8 58 9
8 202 2
8 272 3
8 273 19
8 386 7
8 486 5
8 552 2
8 642 7
8 656 2
8 735 14
8 850 4
8 902 3
9 39 3
9 43 4
9 274 403
9 416 2
9 572 4
9 823 26
9 907 2
10 40 29
10 84 2
10 160 3
10 176 9
10 208 2
10 518 55
10 523 2
10 584 6
10 599 2
10 680 2
10 778 3
11 586 80
11 752 2
12 0 4
12 55 2
12 65 2
12 116 2
12 128 2
12 269 2
12 366 27
12 634 2
13 66 2
13 192 2
13 224 2
13 320 15
13 780 2
14 152 23
14 210 2
14 321 2
14 376 2
14 584 13
15 352 9
15 485 2
15 659 3
15 854 4
16 9 2
16 24 2
16 64 6
16 96 5
16 148 105
16 198 2
16 516 5
16 643 4
16 806 2
17 48 10
17 129 7
17 258 11
18 51 4
18 290 9
18 641 3
18 645 2
19 7 8
19 24 2
19 657 2
19 709 2
20 1 11
20 28 2
20 36 97
20 69 3
20 176 475
20 194 7
20 323 2
20 786 12
21 116 5
21 258 22
21 308 17
22 24 2
22 68 21
22 133 3
22 281 2
22 320 2
22 565 7
23 328 2
23 770 2
23 886 2
24 9 7
24 533 74
24 786 3
24 848 17
24 944 2
25 523 2
25 592 7
26 20 10
26 22 2
26 109 2
26 801 13
27 210 1839
27 547 3
27 549 2
28 72 2
28 624 12
28 647 27
29 5 5
29 327 5
29 532 20
30 21 2
30 52 12
30 129 11758
30 588 5
31 77 741
31 561 16
32 16 2
32 42 9
32 72 4
32 196 4
32 204 7
32 211 2
32 219 2
32 276 2
32 388 2
32 414 2
32 514 2
32 612 2
32 641 15
32 721 14
32 803 3
32 848 6
32 960 2
33 2 38
33 3 2
33 31 4
33 64 2
33 276 3
33 277 8
33 320 9
33 898 5
34 144 2
34 324 123
34 663 2
34 720 2
34 800 31
35 266 2
35 551 2
35 689 2
36 12 4
36 34 5
36 48 31
36 257 2
36 266 4
36 288 25
36 448 2
36 555 7
36 705 9
36 858 21
37 2 2
37 13 2
37 364 2
37 520 62
37 594 2
37 640 2
38 180 4
38 204 2
38 544 2
39 48 2
39 982 3
40 9 2
40 20 164
40 65 14
40 256 2
40 512 2
40 605 2
40 645 2
40 672 8
40 756 12
40 840 3
40 980 2
41 96 2
41 276 2
41 321 2
41 513 2
41 987 27
42 42 12
42 140 2
42 329 2
42 778 2
42 839 4
43 1 20
43 546 2
44 10 282
44 47 3
44 430 8
44 524 8
45 23 119
45 74 2
45 266 48
45 615 2
45 808 2
45 844 87
47 80 4
47 1022 15
48 67 2
48 176 30
48 193 5
48 198 2
48 226 2
48 646 7
48 708 2
48 843 3
48 932 54
49 4 3
49 310 2
49 313 9
49 516 117
50 9 2
50 113 2
51 70 3
51 377 21
51 516 2
52 46 10
52 188 12
52 285 21
53 146 2
53 245 19
54 718 12
55 278 2
56 89 2
56 267 2
56 472 2
56 544 3
56 560 14
57 5 2
57 33 353
58 113 2
59 58 2
59 292 2
59 453 4
60 3 2
60 5 2
60 33 2
60 112 3
60 948 3
61 648 52
62 521 7
62 612 12
64 26 6
64 41 12
64 192 2
64 194 2
64 197 2
64 203 4
64 272 5
64 370 2
64 481 3
64 514 2
64 686 2
64 756 22
64 771 11
64 780 6
64 790 6
65 96 2
65 118 2
65 218 8
65 241 2
65 274 13
65 421 2
65 515 2
65 571 6
65 614 1719
66 140 3
66 545 21
67 2 8
67 16 2
67 20 2
67 37 71
67 73 3
67 453 2
67 482 14
68 153 2
68 192 6
68 226 4
68 284 49
68 322 2
69 138 2
69 529 4
69 572 5
69 768 11
70 109 7
70 212 15
70 431 19
70 608 13
70 642 8
70 648 2
70 672 2
71 409 7
72 8 2
72 37 20
72 65 6
72 280 3
72 437 2
73 39 11
73 640 2
73 870 3
73 999 2
74 512 4
74 548 8
74 600 3
74 768 25
74 1012 7
75 259 2
75 576 2
76 76 18
76 133 2
76 586 2
76 855 2
77 256 16
77 267 2
77 450 37
77 456 6
78 288 2
78 517 6
78 784 5
78 919 20
79 165 20
79 386 2
80 0 2
80 51 18
80 82 7
80 211 7
80 528 17
80 677 6
81 807 3
82 280 3
82 283 5
83 115 4
83 124 2
83 304 304
83 784 9
84 64 7
84 216 3
84 490 2
85 31 2
86 234 4
87 353 11
87 462 2
87 512 12
87 515 162
88 330 147
88 782 3845
89 4 2
89 76 2
90 20 5
90 274 2
90 843 4
90 977 7
90 988 2
91 652 15
91 951 3
92 38 2
92 91 2
93 49 2144
93 669 8
94 869 3
95 34 2
96 32 3
96 80 26
96 103 2
96 148 19
96 208 2
96 220 4
96 276 2
96 321 6
96 547 2
97 48 2
97 130 2
97 144 2
97 167 9
97 286 2
97 473 2
97 525 2
98 14 10
98 352 260
98 401 2
98 671 6
98 928 156
99 117 15
99 134 13
100 128 7
100 294 2
100 752 2
100 901 3
101 70 9
101 124 4
101 161 2
101 169 35
101 392 14
101 599 12
102 6 14
102 78 4
102 166 2
103 704 8
104 26 2
104 28 843
104 48 34
104 64 2
104 132 5
104 313 2
104 512 2
104 673 2
105 3 7
105 296 2
105 779 2
106 516 4
106 652 4
107 3 6
108 133 6
108 514 3
109 707 16
111 12 16
112 0 2
112 1 3
112 3 6
112 28 2
112 84 158
112 107 3
112 165 163
112 776 14
114 68 4
114 452 5
114 497 2
114 872 39
116 33 2
117 803 28
118 565 4
119 446 2
119 836 2
120 0 5
121 536 2
122 24 2
122 294 4
123 600 2
124 304 2
125 268 2
128 58 104
128 134 2
128 208 4
128 320 3
128 362 1629
128 375 2
128 376 6
128 433 3
128 453 2
128 806 4
129 0 6
129 10 15
129 37 2
129 39 35
129 88 89
129 163 7
129 584 2
129 707 2
130 78 2084
130 272 8
130 273 2
130 368 3
130 520 31
130 528 2
130 540 6
130 675 2
130 772 2
130 980 2
131 581 17
132 6 103
132 17 2
132 94 2
132 137 2
132 372 3
132 516 2
132 713 2
132 916 88
132 957 2
133 23 2
133 138 5
134 67 2
134 84 2
134 208 2
134 224 2
134 377 3
134 516 40
134 768 2
135 258 2
136 21 2
136 39 47
136 81 13
136 482 70
136 610 2
136 657 2
136 684 4
136 831 2
137 148 14
137 256 248
137 259 4
137 325 5
137 678 2
137 778 2
138 415 2
138 590 58527
138 902 2
139 87 12
139 426 29
139 865 12
140 135 26
140 143 2
140 168 8
140 464 2
140 776 2
141 521 2
141 954 7
142 641 2
143 116 2
143 187 3
143 286 2
144 68 8
144 248 2
144 257 3
144 418 18
144 520 36
144 800 3
145 1 45
145 2 11
145 67 7793
145 94 2
145 216 42
145 273 20
145 513 2
145 576 50
146 69 2
146 146 10
146 396 3
146 910 2
147 513 11
147 522 2
148 139 4
148 146 3
148 464 6
148 515 17
148 912 18
149 20 2
149 633 2
149 649 2
150 141 2
150 160 2
150 656 2
151 102 38
151 207 2
151 250 10
153 151 2
153 171 2
153 592 9
153 598 2
156 54 2
156 133 30
156 521 7
157 404 30
158 104 2
159 526 23
160 144 10
160 452 4
160 644 3
160 801 2
161 40 5
161 326 2
161 376 3
161 524 2
161 717 6
161 898 4
162 160 167
162 290 2845
162 306 7
163 361 2
163 601 5
164 34 8
164 38 2
164 264 42
164 280 17
164 329 2
164 636 943
164 646 10
165 141 3
165 397 2
167 104 2
167 289 7
167 384 11
167 712 2
168 8 2
168 52 29
168 67 2
168 68 3
169 25 48
169 514 7651
171 144 2
172 8 4
172 569 2
172 664 15
173 261 15
174 493 7
174 582 2
175 863 2
176 32 2
176 137 2
176 270 2
176 273 33
176 916 3
176 932 3
177 128 497
177 280 4
177 560 6
177 611 2
178 100 2
178 144 15
178 580 2
179 429 2
180 19 3
180 152 4
180 600 8
181 97 2
181 331 16
181 964 726
182 672 3
182 728 11
184 141 2
184 161 74
184 664 20
185 5 2
185 42 24
186 272 2
186 582 7
187 800 10
188 4 21
192 43 10
192 52 3
192 177 2
192 388 10
192 392 5
192 524 5
192 536 19
192 713 17
192 898 27297
192 904 15
192 999 8
193 8 140
193 28 68
193 120 23
193 162 2
193 422 2
193 718 2
193 775 2
196 81 3
196 286 2
196 377 7
197 61 1962
197 297 3
197 592 9
197 611 2
197 769 2
198 3 27
198 812 8
200 577 10
200 924 2
201 39 17
201 98 2
201 140 2
202 11 21
203 654 2
204 520 2
205 457 2
206 80 11
206 530 12
208 12 6
208 534 3
209 55 18
210 882 2
211 4 6
212 69 2
212 112 4
212 262 2
212 285 2
212 673 8
213 64 35
214 369 2
214 585 30
216 138 325804
216 792 12
217 923 3481
218 86 2
219 389 4
220 176 2
220 658 12
222 532 2
222 852 2
225 257 460
225 316 85
225 948 2
226 35 2
226 157 2
227 592 2
227 838 83
228 32 2
228 294 4
231 261 3
232 5 2
232 80 2
232 130 26
232 480 173
233 212 281
233 912 28
233 973 20
234 848 2
234 917 568
235 281 2
235 645 2
237 91 37
238 620 2
238 642 71
240 18 8
240 66 5
240 799 6
240 914 6
241 206 2
241 245 6
242 156 3
244 356 7
244 932 3
245 705 2
246 64 2
247 626 2
248 290 21
248 557 9
248 902 2
253 636 2
256 4 8
256 5 2
256 68 2
256 69 30
256 97 60
256 160 67
256 212 9
256 243 2
256 312 2
256 344 2
256 512 2
256 522 6
256 616 2
256 705 2
256 764 3
256 772 3
256 804 26
256 904 18
256 963 2
256 992 2
257 0 5
257 156 2
257 268 2
257 272 112
257 680 23
257 806 216
257 912 4
257 920 2
257 945 10
258 24 5
258 34 2
258 36 2
258 138 8
258 265 4
258 673 2
258 810 2
258 880 10
259 7 5
259 165 8
259 226 61
259 268 3
259 532 2
260 256 3
260 295 31
260 522 72
260 545 12
260 678 2
260 978 2
261 8 8
261 67 2
261 72 14
261 356 10
261 995 13
262 32 2
262 134 3
262 193 3
262 256 167
262 906 9
262 1013 2
264 1 6
264 4 6
264 296 25
264 320 4
264 568 2
265 264 16
265 339 75
265 632 23
266 56 2
266 242 5
266 272 16
266 326 2
266 336 2
266 504 6
267 523 13
267 581 589
268 12 185
268 34 94
268 192 2
268 512 19
268 524 2
268 577 2
269 444 2
269 640 2
270 73 10
270 532 4
272 41 3
272 162 4
272 225 6
272 234 240
272 259 4
272 280 13
272 378 2
272 520 2
272 554 2
272 640 12
272 684 35
272 899 2
273 581 2
273 693 5
273 809 7
273 903 2509
274 98 10
274 334 2
275 4 6
275 16 5
275 116 49
275 133 5
275 485 46
275 512 2
276 392 10
276 538 15
276 661 2
277 8 2
277 27 27
277 128 5
277 385 2
278 258 2
279 18 2
279 901 25
280 82 2
280 600 2
280 674 251
281 101 37
282 136 3
282 576 9
282 717 5
282 787 2
283 35 18
283 514 8
284 835 18
285 104 2
286 12 6
286 624 2
286 832 8
287 448 2
287 802 2
288 50 2
288 132 26
288 224 2
288 292 2
288 545 3
288 776 3
289 36 2
289 60 19
289 156 6
289 345 2
289 468 5722
289 753 31
289 788 9
290 0 27
290 258 4
290 388 4
291 610 7
291 967 8
292 7 2
292 19 8
292 134 316
292 162 2
292 593 4
294 27 61357
294 864 2
296 57 26
296 84 28
296 131 3
296 231 26
296 260 17
296 288 2
296 336 2
296 516 21
297 167 2
297 389 2
297 742 8
298 75 56
298 800 4
299 78 6
299 291 2
300 29 2
300 140 2
301 274 2
301 777 2
303 292 6
304 8 12
304 42 2
304 63 2
304 106 15
304 212 4
304 258 15
304 292 2
305 11 6
305 34 2
305 163 2
306 550 2
306 918 2
307 514 2
308 21 2
308 583 2
308 640 19
308 692 2
308 832 2
308 848 19
309 77 2
309 774 34
310 44 2
310 936 18
314 109 2
314 376 2
314 518 44
316 452 4
318 532 5
318 914 2
320 29 8
320 315 10
320 407 2
320 468 2
320 641 12
320 720 27
321 4 2
321 262 15
321 768 9
321 834 4
321 1008 4
322 80 2
322 272 2
322 899 2
322 902 2
323 360 16
324 16 8
324 106 2
324 179 2
324 200 2
324 513 2
324 530 13
325 74 4
325 145 2
325 192 63
325 614 4
325 720 45
326 32 16
326 116 2
326 280 7
327 675 5
328 45 2
328 853 4
329 35 2
329 836 17
330 8 2
330 204 27
331 512 4
332 456 6
332 643 4
334 265 2
334 288 10
335 391 2
336 18 25
336 576 26
336 632 5
337 352 2
337 833 2
338 33 1552
338 160 5
338 169 3
339 42 3
340 704 5
341 576 2
342 15 3
342 168 6
342 272 3
342 536 6
343 475 7
344 188 22
344 676 2
345 728 2
345 992 4
346 11 13
346 89 2
347 11 67
347 149 140
347 313 18
348 128 17
348 395 2
349 12 2
352 409 39763
352 419 3
352 514 11
352 680 2
352 860 3
353 138 2
353 389 535
353 684 12
354 25 68
354 30 2
354 288 7
354 836 42
354 969 3
355 134 2
355 634 3
356 800 2
357 433 2
358 168 2
358 197 6
360 555 2
360 732 2
360 810 4
361 266 2
361 316 29
362 34 15
363 162 6
363 424 3
364 740 5
366 657 2
368 49 2
368 738 73
371 112 45
371 705 138
371 772 6
372 352 2
376 193 2
379 333 3
380 339 18
382 562 7
384 6 4
384 156 10
384 168 16
384 312 2
384 332 45
384 423 3
384 457 10
384 531 3
384 597 6
384 692 2
384 841 3
384 962 17
385 2 7
385 213 5
385 513 2
385 563 6
386 64 8
386 73 2
386 160 2
386 275 15
386 846 6
386 849 3
386 912 8
387 147 2
387 297 3
387 545 2
387 1016 8
388 332 2
389 596 2
390 566 2
391 8 2
391 461 6
391 800 2
392 38 5
392 336 23
392 553 8
393 461 2
394 80 2
394 211 8
394 590 2
395 4 6
395 647 34
396 6 285
396 454 8
396 536 2
396 546 19
396 777 18
396 915 877
396 960 11
397 132 3
397 518 2
398 943 9
399 9 2
400 21 5
400 144 2
400 712 2
401 16 34
401 58 2
401 284 2
401 932 3
402 80 63
403 20 15
404 209 476
405 160 4
406 677 2
406 928 4
407 591 4
408 405 2
408 576 2
409 66 56
409 105 9
409 417 7
409 888 2
410 520 2
412 6 20
413 640 3
414 932 22
415 101 116
416 279 6
416 531 2151
416 832 5
419 7 27
419 844 440
420 32 4
420 114 3
420 288 7
420 424 25
420 538 62
420 545 77
421 400 2
422 736 3
423 384 2
423 651 9
425 261 2
425 746 27
425 776 2
427 580 2
428 32 7
428 194 2
428 620 7
428 880 44
430 8 2
430 68 2
433 24 9
433 197 7
433 398 235
436 641 2
437 2 2
441 21 3
442 146 5
442 691 2
444 769 2
444 801 3
448 92 4
448 513 4
448 655 153
449 321 3
452 48 3
452 136 28
452 488 2
452 512 8
452 513 2
453 368 2
453 661 2
454 9 7
454 437 7
454 634 2
454 782 11
455 640 163
456 105 1246
456 376 2
460 462 17
460 566 2
461 901 2
462 516 2
462 641 4
463 916 11
464 265 2
464 928 8
465 531 4
465 761 26
467 211 2
470 713 9
472 226 2
472 801 3
473 6 72
473 600 2
473 800 82
476 775 6
480 0 2
480 665 11
480 731 20
480 928 69
481 288 2
481 416 2
482 64 3
482 208 2
482 285 2
483 276 5
484 841 2
485 134 6
488 334 2
489 64 2
491 112 8
496 433 2
496 978 13
504 267 21
506 706 35
512 1 6
512 5 4
512 52 5
512 65 2
512 153 7
512 173 3
512 266 3
512 420 13
512 438 31
512 453 2
512 482 12
512 514 2
512 522 4
512 685 11
512 936 1490
513 5 3
513 42 3
513 47 8
513 65 2
513 112 2
513 304 32
513 548 5
513 640 11
513 644 2
514 11 8
514 36 5
514 160 3
514 401 4
514 452 2
514 522 2
514 780 3
515 273 31
515 598 61
516 33 2
516 69 22
516 72 328
516 169 4
516 357 32
516 385 5
516 555 2
516 582 55
516 605 2
516 779 4
517 0 11
517 3 2
517 8 2
517 34 2
517 177 2
517 233 1261
517 281 3
517 525 59
517 534 6
517 676 57
517 768 2
518 66 15
518 517 4
519 517 2
519 944 3
519 967 4
520 9 49
520 94 2
520 164 7
520 296 4
520 328 2
520 436 6
520 785 2
520 812 11
520 896 3
521 81 2
521 131 2
521 229 2
521 546 2
521 560 2
522 1 3
522 121 3
522 234 2
522 549 2
522 652 382
523 650 5
524 159 2
524 173 2
524 520 5
525 134 3
525 820 17
526 548 11
526 776 2
527 36 13
527 713 2
528 10 10219
528 33 26
528 36 3
528 97 4
528 144 2
528 156 8568
528 344 5
528 512 2
528 580 53
528 582 2
528 720 3
528 801 2
529 148 32
529 260 11
529 423 22
529 517 2
529 737 18
529 836 38
530 20 2
530 86 14
530 132 24
530 278 2
530 522 3
530 696 17
532 11 3
532 134 2
532 292 20
532 550 11
532 853 337
533 5 2
533 37 27
533 787 14
534 6 3
534 425 2521
534 786 2
534 928 2
534 932 5
535 10 2
536 10 3686
536 244 7
536 412 11
536 687 34
536 902 3248
537 99 25
537 138 3
537 257 2
537 478 13
538 74 19
538 84 2
540 256 4
540 481 2
541 344 14
541 793 27
544 6 8
544 21 14
544 24 2
544 160 9
544 401 7
544 536 13
544 542 4
544 551 2
544 597 4
544 718 2
545 209 11
545 226 10
545 520 258
545 914 20482
546 2 3
546 4 2
546 263 8
546 650 8
547 265 169
547 427 9
548 141 3
548 169 7
548 512 3
548 577 2
548 586 12
549 68 30
549 97 58
549 146 4
549 530 7
549 647 3
550 36 2
550 649 2
550 800 12
551 4 3
551 40 10
551 89 2
552 136 2446
552 640 11
552 656 2
553 36 2
553 102 17
553 933 2
554 4 21
554 137 3
555 52 53
555 418 2
556 409 5
557 6 69169
557 15 2
557 370 3
557 400 7
557 512 2
557 557 5
557 770 2
557 938 6
559 557 2
560 18 5
560 32 3
560 96 6
560 104 2
560 168 2
560 354 28796063
561 10 2
561 444 2
561 521 2
561 786 10
562 162 3
562 977 218
562 992 25
563 20 6
563 410 2
564 28 4
564 656 39
564 659 22
565 105 47
566 4 2
566 44 5
566 132 61
567 793 2
569 385 2
569 522 5
571 100 6
571 457 2
572 36 2
572 64 17
572 257 4
572 370 2096
572 777 7
573 797 4
573 886 2
574 18 18
574 533 2
574 696 2
576 4 2
576 5 7
576 76 11
576 133 11
576 172 2
576 193 17
576 228 2
576 371 2
576 525 16
576 547 14
576 607 2
577 72 2
577 222 47
577 236 2
577 292 514851
577 401 2
577 577 2
577 661 2
578 26 28
578 120 2
578 136 2
578 554 1493
578 575 2
579 136 8
579 621 10
579 789 10
580 64 3
580 507 3
580 528 488
580 598 154
581 645 33
582 633 2
583 129 3
584 432 2
585 64 2
585 208 6
585 354 240
586 64 2
586 530 1395
586 658 2
587 608 2
588 784 2
590 520 2
590 788 2
591 147 19
592 2 7
592 4 2
592 148 529
592 322 2
592 528 2
592 566 8
592 585 14
592 856 35
593 429 2
595 58 2
595 557 2
596 11 4
596 33 2
596 91 4
596 154 4
596 385 5
599 92 2
600 68 6
600 115 10
600 562 2
600 575 3
601 335 2
602 480 4
604 913 72
605 80 526
606 281 4
606 807 7
607 288 2
608 176 2
608 185 2
608 648 17
609 28 3
609 210 2
609 225 2
609 526 2
609 768 2
610 24 20
611 125 2
612 170 2
612 534 141
614 265 2
614 936 2
616 81 13
616 450 2
617 374 2
617 908 2
618 70 2
618 1004 2
619 76 9
619 140 12
619 231 5
621 293 2
623 1000 5
624 579 10
625 5 2
625 261 2
625 530 2
626 104 2
626 114 10
626 528 2
627 3 19
627 418 2
627 769 22694
628 76 2
629 446 8
629 528 8
631 24 9
632 18 5
635 546 331
638 161 4
640 4 2
640 6 9
640 16 6
640 160 2
640 181 2
640 246 2
640 258 4
640 369 4
640 421 2
640 525 5
640 659 8
640 732 4
640 938 2
642 562 3
642 724 4
643 73 216
643 775 2
644 48 2
644 387 2
644 660 2
644 756 2
644 769 2
645 4 2
645 25 3
645 548 74
645 963 3
646 289 2
646 388 2
648 76 4
648 98 3
648 210 2
648 369 19
648 512 2
648 694 3
648 769 2
649 4 6
649 48 2
650 108 2
650 216 73
650 953 2
651 290 7
652 257 2
654 565 11
655 384 12
655 761 2
656 3 2
656 259 10
656 278 5
656 370 6
656 833 33
657 79 7
657 201 2
658 10 4
658 26 4
658 226 2
660 52 2
660 85 16
660 648 4
661 244 2
662 374 2
664 16 115
664 781 3
665 3 22
665 260 135
666 66 41
668 749 2
670 515 6
672 64 13
672 129 4
672 514 24
672 608 2
672 717 2
673 104 2
674 259 3
674 288 2
674 401 5
674 672 2
675 257 2
676 52 2
677 121 241
677 641 2
678 237 10
679 556 41
680 20 472
680 105 518
680 450 20
680 540 3
681 6 7
681 33 2
682 14 7
682 156 2
686 593 7
688 385 65
689 80 5
690 110 2
691 12 4
692 260 27
693 397 2
693 522 8
694 6 27
694 768 30
694 931 2
695 517 16
695 585 2
696 885 12
697 710 37
700 18 8
700 229 2
700 864 2
701 34 3
701 941 22
704 34 8
704 292 27
704 370 2
704 514 2
705 596 2
705 854 12
706 17 4
706 161 28
706 460 2
709 325 2
709 354 6
709 644 47
709 843 34
710 2 2
711 19 11
712 35 7
712 141 2
712 283 3
713 593 5
713 837 3
716 98 2
716 339 2
716 649 6
716 842 2
719 512 3
720 7 2
720 144 6
720 803 13
721 0 3
721 104 2
721 170 12
721 323 86
721 584 2
722 100 4
722 104 78
722 258 8
722 393 2
722 398 18
722 464 2
723 142 3
724 596 2
725 65 2
728 227 4
728 350 2
728 712 9
729 578 2
730 332 2
736 24 2
737 25 2
737 64 3
737 288 2
737 610 858
738 970 135
740 235 9
740 778 17
740 801 53
741 45 2
742 97 153
743 787 13
744 280 2
744 762 310
746 536 17
752 261 73
752 494 2
752 786 16
754 32 3
759 130 2
760 40 2
760 220 2
760 257 12
760 300 2
763 668 15
765 513 2
768 226 2
768 326 2
768 502 17
768 608 3
768 666 2
768 736 16
768 738 4
768 926 2
769 34 5
769 277 25
769 350 20
769 640 2
769 773 4
770 211 8
770 256 2
770 663 2
771 793 2
771 800 2
772 0 2
772 32 14
772 130 13
773 1 2
774 8 44
775 921 7
776 101 9
776 155 4
776 586 2
777 200 27
777 318 2
777 539 5
777 554 2
777 608 26
777 641 5
778 330 6
778 389 2
778 707 6
780 14 2
780 16 2
780 193 2
780 552 10
780 707 2
780 901 12
781 222 2
781 496 94
782 226 2
782 405 4
784 1 11
784 514 499
784 569 21
784 604 3
784 634 29
785 257 2
786 142 36
786 521 4
786 576 2
786 914 3
787 199 14
788 25 2
788 332 2
792 594 2
793 52 2
793 498 20
793 628 3
795 422 23
795 661 70
798 776 11
800 9 2
800 45 4
800 73 31
800 97 7
800 133 2
801 34 25
801 642 2
802 660 3
802 769 8
803 512 5
804 0 3
804 104 4
804 337 7
804 779 2
805 781 10
806 43 5
806 326 134
806 480 21
808 526 2
808 777 2
808 937 3
810 17 8
810 394 6
812 778 6
814 161 2
814 264 301
814 523 2
814 905 3
816 18 3
816 24 7
817 784 18
818 253 4
819 69 2
821 236 2
822 211 2
824 392 3
824 609 2
824 978 3
828 592 103
830 356 2
832 16 2
832 21 2
832 281 21
832 304 114
832 328 16
832 427 2
833 147 5
833 999 2
834 0 10
834 32 3
834 104 18
834 148 315
835 392 2
835 583 2
836 86 2
836 388 4
836 485 35
838 785 6
839 21 2
840 96 14
840 545 12
841 370 3
842 132 5
842 200 2
843 939 5
844 584 3
845 561 2
845 624 124
848 90 29
848 899 3
849 792 8
849 1018 2
850 308 2
850 776 2
852 2 448
852 72 26
852 824 2
856 866 2
857 42 4
862 130 710
863 516 17
864 23 8
864 786 3
866 260 6
867 998 2
868 332 2
870 6 57
870 68 4
872 32 8
873 9 2
874 360 2
878 258 2
882 42 2
882 778 2
884 802 4298
885 601 2
895 603 3
896 330 2
896 868 2
897 523 9
897 1002 55
898 336 3
898 699 8
899 537 3
900 4 3
900 162 2
900 313 5
902 131 2
902 420 6
904 112 12
904 231 36
904 888 2
904 929 3
905 12 2
905 196 2
905 248 4
905 540 4
905 572 13
906 137 7
906 210 14
906 328 2
907 276 2
908 456 62
910 614 4
911 5 8
911 10 8
911 896 7
912 2 3
912 129 2
914 216 3
914 669 2
916 742 7
916 777 5
917 912 4
920 200 2
921 320 21
922 8 2
922 784 3
924 33 2
927 190 2
928 64 5
928 384 5
928 518 6
929 10 2
929 257 5
929 316 7
930 547 2
930 720 2
931 230 6
931 657 27
932 274 2
932 783 1754
933 657 7
934 94 6
938 261 2
938 316 3
940 512 2
941 771 2
944 165 4
944 756 4
945 456 8
946 205 2
947 568 6
948 9 24
952 37 450
953 905 2
956 846 2
961 131 2
961 291 4
961 333 2
961 472 2
961 481 126
963 130 2
966 29 4
966 192 2731
966 197 3
966 555 2
968 51 18
968 360 49
969 769 2
971 566 4
975 205 29
976 321 2
976 779 2
977 22 2
977 34 9
978 817 2
984 324 14
985 268 3
987 962 11
988 366 2
990 35 2
998 127 44
1000 260 38
1001 286 42
1002 652 2
1002 912 13
1003 684 6
1004 129 21
1013 316 2
1018 358 58
1020 371 2
1021 643 3
