0 4 2
0 9 2
0 29 2
0 47 2
0 112 2
0 135 13
0 150 2
0 166 29
0 215 13
0 256 32
0 265 3
0 274 2
0 321 5
0 415 27
0 670 2
0 674 16
0 679 3
0 843 38
0 902 2
0 917 2
0 936 210
1 7 4
1 15 2
1 30 2
1 37 2
1 70 3
1 82 3
1 135 16
1 228 2
1 292 2
1 481 126
1 535 3
1 644 9
1 768 2
1 825 8
1 920 12
2 0 21
2 3 10
2 8 2
2 48 88
2 132 2
2 167 16
2 267 12
2 328 2
2 523 2
2 826 3
3 272 9
3 277 153
3 652 14
3 817 7
4 4 2
4 15 13
4 24 2
4 50 752
4 60 3
4 64 5
4 248 8
4 293 7
4 368 2
4 517 13
4 576 2
4 683 2
4 774 10
4 803 2
4 808 144
5 216 2
5 584 17
5 887 2
6 148 9
6 212 4
6 259 5
6 267 2
6 268 21
6 466 2
6 512 79
6 798 2
6 1002 2
7 81 54
7 110 41
7 237 2
8 1 2
8 2 12
8 19 3
8 32 9
8 42 6
8 58 9
8 202 33
8 272 3
8 273 2
8 386 2
8 486 2
8 552 9
8 642 17
8 656 2
8 735 158
8 850 2
8 902 2
9 39 6
9 43 10
9 274 4
9 416 2
9 572 2
9 823 5
9 907 2
10 40 2
10 84 2
10 160 10
10 176 5
10 208 2
10 518 2
10 523 2
10 584 141
10 599 57
10 680 2
10 778 25
11 586 5
11 752 7
12 0 3
12 55 158
12 65 15
12 116 2
12 128 2
12 269 11
12 366 8
12 634 2
13 66 2
13 192 3
13 224 2
13 320 2
13 780 6
14 152 4
14 210 4
14 321 226
14 376 9
14 584 2
15 352 2
15 485 2
15 659 19
15 854 7
16 9 83
16 24 92363
16 64 3
16 96 7
16 148 2
16 198 2
16 516 2
16 643 144
16 806 5
17 48 2
17 129 5
17 258 23
18 51 2
18 290 2
18 641 9
18 645 15
19 7 4
19 24 2
19 657 3
19 709 3
20 1 91
20 28 23
20 36 69
20 69 2
20 176 3
20 194 5
20 323 9
20 786 3
21 116 6
21 258 5
21 308 3
22 24 2
22 68 3
22 133 4
22 281 2
22 320 2
22 565 12
23 328 4582060
23 770 23
23 886 215
24 9 3
24 533 2
24 786 2
24 848 23
24 944 2
25 523 3
25 592 31
26 20 2
26 22 3
26 109 2
26 801 2
27 210 2
27 547 4
27 549 2
28 72 2
28 624 2
28 647 41
29 5 2
29 327 5
29 532 2
30 21 10
30 52 6
30 129 3
30 588 21
31 77 29
31 561 2
32 16 2
32 42 37
32 72 20
32 196 8
32 204 6
32 211 2
32 219 13
32 276 4
32 388 3
32 414 5
32 514 199
32 612 7
32 641 2
32 721 12
32 803 20
32 848 2
32 960 28
33 2 16
33 3 7
33 31 2
33 64 24
33 276 3
33 277 5
33 320 2
33 898 10
34 144 2
34 324 2
34 663 2
34 720 2
34 800 77
35 266 5
35 551 2
35 689 24
36 12 10
36 34 3
36 48 71
36 257 384
36 266 4
36 288 38
36 448 17
36 555 2
36 705 10
36 858 2
37 2 3
37 13 213
37 364 12
37 520 13
37 594 2
37 640 6
38 180 6
38 204 2
38 544 2
39 48 2
39 982 3
40 9 10
40 20 2
40 65 2
40 256 10
40 512 10
40 605 88
40 645 2
40 672 2
40 756 3
40 840 2
40 980 2
41 96 22
41 276 2
41 321 11
41 513 2
41 987 6
42 42 2
42 140 4
42 329 85
42 778 5
42 839 2
43 1 4
43 546 12
44 10 2
44 47 14
44 430 4
44 524 2
45 23 378
45 74 4
45 266 2
45 615 9
45 808 32
45 844 15
47 80 4
47 1022 8
48 67 7098
48 176 3
48 193 2
48 198 2
48 226 2
48 646 3
48 708 2
48 843 7
48 932 2
49 4 8
49 310 6
49 313 7
49 516 3
50 9 2
50 113 36
51 70 5
51 377 15
51 516 2
52 46 20
52 188 2
52 285 7
53 146 13
53 245 38
54 718 2
55 278 2
56 89 114
56 267 2
56 472 2
56 544 2
56 560 9
57 5 6
57 33 9
58 113 2
59 58 5
59 292 2
59 453 25
60 3 19
60 5 12
60 33 2
60 112 4
60 948 6
61 648 2
62 521 2
62 612 4
64 26 2
64 41 23
64 192 2
64 194 3
64 197 2
64 203 2
64 272 2
64 370 574
64 481 2
64 514 2
64 686 2
64 756 3
64 771 6
64 780 298
64 790 3
65 96 2
65 118 58
65 218 8
65 241 2
65 274 2
65 421 2
65 515 2
65 571 2
65 614 2
66 140 2
66 545 16
67 2 9
67 16 2
67 20 3
67 37 4
67 73 14
67 453 2
67 482 39
68 153 2
68 192 6
68 226 2
68 284 3
68 322 3
69 138 4
69 529 9
69 572 2
69 768 2
70 109 23
70 212 2
70 431 14
70 608 2
70 642 3
70 648 192
70 672 1927
71 409 2
72 8 2
72 37 20
72 65 3
72 280 7
72 437 2
73 39 52
73 640 160
73 870 23
73 999 8
74 512 10
74 548 24
74 600 3
74 768 5
74 1012 6
75 259 1762
75 576 47768
76 76 1882
76 133 2
76 586 60
76 855 3
77 256 2
77 267 3
77 450 242
77 456 10
78 288 2
78 517 7
78 784 20
78 919 11
79 165 4
79 386 7
80 0 2
80 51 44
80 82 17
80 211 139
80 528 15
80 677 7
81 807 2
82 280 2
82 283 2
83 115 2
83 124 3
83 304 2117
83 784 21
84 64 5
84 216 15
84 490 2
85 31 2
86 234 9
87 353 7
87 462 6
87 512 57
87 515 3952
88 330 2
88 782 3
89 4 42
89 76 4
90 20 4
90 274 4
90 843 6
90 977 3
90 988 3
91 652 4179925
91 951 10070
92 38 10
92 91 5
93 49 197
93 669 5
94 869 6
95 34 3
96 32 4
96 80 2
96 103 8
96 148 20
96 208 2
96 220 14
96 276 2
96 321 14
96 547 2
97 48 2
97 130 16902
97 144 12
97 167 3
97 286 2
97 473 2
97 525 64
98 14 2
98 352 2
98 401 4
98 671 2
98 928 2
99 117 169
99 134 2
100 128 2
100 294 2
100 752 5
100 901 3
101 70 2
101 124 40
101 161 2550
101 169 2
101 392 10
101 599 3
102 6 6
102 78 13
102 166 4
103 704 16
104 26 3
104 28 2
104 48 2
104 64 197
104 132 3
104 313 2
104 512 16
104 673 2
105 3 7
105 296 2
105 779 3
106 516 5
106 652 7
107 3 4
108 133 5
108 514 2
109 707 4
111 12 2
112 0 22
112 1 25
112 3 9
112 28 3
112 84 2
112 107 6
112 165 2
112 776 8
114 68 348
114 452 5
114 497 10
114 872 278
116 33 57
117 803 10
118 565 20
119 446 2
119 836 2
120 0 8
121 536 7
122 24 2
122 294 2
123 600 2
124 304 2
125 268 36
128 58 2
128 134 4418
128 208 3
128 320 126
128 362 2
128 375 3
128 376 23
128 433 2
128 453 6
128 806 2
129 0 16
129 10 2
129 37 2
129 39 6
129 88 2
129 163 7
129 584 2
129 707 89
130 78 28
130 272 2
130 273 2
130 368 13
130 520 2
130 528 909
130 540 27
130 675 2
130 772 6
130 980 2
131 581 8
132 6 619
132 17 2
132 94 44
132 137 11
132 372 11
132 516 3
132 713 94
132 916 4
132 957 312397
133 23 6
133 138 3
134 67 3
134 84 2
134 208 2
134 224 2
134 377 7
134 516 2
134 768 5
135 258 37
136 21 2
136 39 45
136 81 2
136 482 2
136 610 2
136 657 2
136 684 11
136 831 51
137 148 6
137 256 1128
137 259 2
137 325 2
137 678 2
137 778 41
138 415 2
138 590 6
138 902 24
139 87 6
139 426 2
139 865 6
140 135 2
140 143 2
140 168 8
140 464 2
140 776 8968
141 521 3
141 954 11
142 641 2
143 116 4
143 187 2
143 286 3
144 68 6
144 248 60
144 257 2
144 418 3247
144 520 2
144 800 5
145 1 5
145 2 2
145 67 55
145 94 24
145 216 2
145 273 43
145 513 2
145 576 951
146 69 2
146 146 2
146 396 2
146 910 2
147 513 2
147 522 74
148 139 3
148 146 5
148 464 5
148 515 4
148 912 18
149 20 6
149 633 2
149 649 2
150 141 2
150 160 6
150 656 3
151 102 14
151 207 19
151 250 9
153 151 9
153 171 3
153 592 2
153 598 2
156 54 5
156 133 385
156 521 2
157 404 3
158 104 8
159 526 2
160 144 8
160 452 1896
160 644 2
160 801 3
161 40 4
161 326 2
161 376 59
161 524 10
161 717 8
161 898 28
162 160 57
162 290 2
162 306 2
163 361 229
163 601 8
164 34 2
164 38 6
164 264 2
164 280 9
164 329 3
164 636 2
164 646 2
165 141 8
165 397 12
167 104 2
167 289 2
167 384 753
167 712 2
168 8 2
168 52 5
168 67 40
168 68 4
169 25 4
169 514 2
171 144 4
172 8 2
172 569 14
172 664 8
173 261 3
174 493 2
174 582 2
175 863 30
176 32 14
176 137 2
176 270 94
176 273 8
176 916 7
176 932 4
177 128 285
177 280 8
177 560 2
177 611 16
178 100 453
178 144 2
178 580 15
179 429 2
180 19 128
180 152 9
180 600 7
181 97 2
181 331 2
181 964 233
182 672 2
182 728 4
184 141 9
184 161 2
184 664 2
185 5 264
185 42 2
186 272 3
186 582 5
187 800 3
188 4 2
192 43 4
192 52 12
192 177 61
192 388 7
192 392 3
192 524 25
192 536 2
192 713 25
192 898 2
192 904 22
192 999 2
193 8 2
193 28 2
193 120 2
193 162 4
193 422 7
193 718 35
193 775 2
196 81 7
196 286 162887
196 377 10
197 61 2
197 297 11
197 592 7
197 611 2
197 769 6
198 3 22
198 812 2
200 577 18
200 924 2
201 39 11
201 98 3
201 140 2
202 11 191
203 654 71
204 520 14
205 457 2
206 80 17
206 530 31
208 12 2
208 534 50401
209 55 8
210 882 2
211 4 4
212 69 2
212 112 31
212 262 2
212 285 61
212 673 5
213 64 16
214 369 4
214 585 2
216 138 3167
216 792 9
217 923 9
218 86 2
219 389 367
220 176 2
220 658 3
222 532 2
222 852 2
225 257 2
225 316 5
225 948 2
226 35 2
226 157 13
227 592 22
227 838 13
228 32 5
228 294 4
231 261 2
232 5 264
232 80 2
232 130 4
232 480 2
233 212 5
233 912 3
233 973 2
234 848 2
234 917 2
235 281 12
235 645 2
237 91 8
238 620 3674
238 642 3
240 18 21
240 66 7
240 799 2
240 914 3
241 206 7
241 245 4
242 156 424
244 356 15
244 932 2
245 705 170
246 64 20
247 626 4
248 290 2
248 557 8
248 902 18
253 636 3
256 4 15
256 5 9
256 68 7
256 69 36
256 97 64
256 160 2
256 212 2
256 243 7
256 312 3
256 344 2
256 512 176
256 522 2
256 616 546
256 705 9
256 764 23
256 772 2
256 804 8
256 904 16
256 963 3
256 992 7
257 0 2
257 156 5
257 268 453
257 272 7
257 680 4
257 806 2
257 912 6
257 920 2216
257 945 18
258 24 3
258 34 2
258 36 2
258 138 3
258 265 3
258 673 2
258 810 4
258 880 4
259 7 4
259 165 2
259 226 2
259 268 5
259 532 16
260 256 2
260 295 3
260 522 3
260 545 2
260 678 156
260 978 11
261 8 3
261 67 2
261 72 19
261 356 10
261 995 2
262 32 3
262 134 11
262 193 4
262 256 11
262 906 2
262 1013 2
264 1 13
264 4 2
264 296 3
264 320 5
264 568 6
265 264 5
265 339 13
265 632 2
266 56 37
266 242 39
266 272 10
266 326 31
266 336 136
266 504 2
267 523 16
267 581 88
268 12 17
268 34 3
268 192 2
268 512 164
268 524 6
268 577 2
269 444 4
269 640 3
270 73 2
270 532 4
272 41 8
272 162 2
272 225 3
272 234 280
272 259 10
272 280 6
272 378 3
272 520 2
272 554 3
272 640 228
272 684 53
272 899 3
273 581 19
273 693 6
273 809 3
273 903 2
274 98 187
274 334 3
275 4 2
275 16 15
275 116 4
275 133 6
275 485 400
275 512 6451
276 392 5
276 538 5
276 661 2
277 8 2
277 27 2
277 128 2
277 385 2
278 258 5
279 18 9
279 901 20
280 82 127
280 600 12
280 674 2
281 101 60
282 136 2
282 576 40
282 717 8
282 787 8
283 35 24
283 514 15
284 835 2
285 104 2
286 12 4
286 624 2
286 832 3
287 448 2
287 802 173
288 50 2
288 132 206
288 224 2
288 292 2
288 545 2
288 776 3
289 36 2
289 60 19
289 156 28
289 345 2
289 468 2
289 753 2
289 788 3
290 0 2
290 258 5
290 388 2
291 610 6
291 967 2
292 7 17
292 19 2
292 134 2
292 162 2
292 593 29
294 27 269287
294 864 3
296 57 4
296 84 13
296 131 2
296 231 2
296 260 2
296 288 2
296 336 21
296 516 3
297 167 2
297 389 41
297 742 2
298 75 2
298 800 15
299 78 6
299 291 2
300 29 2
300 140 7
301 274 6
301 777 42
303 292 131
304 8 2
304 42 4
304 63 2
304 106 86
304 212 14
304 258 17
304 292 2
305 11 19
305 34 2
305 163 3
306 550 2
306 918 2
307 514 2
308 21 2
308 583 10
308 640 2
308 692 2
308 832 5
308 848 2
309 77 77
309 774 2
310 44 2
310 936 5
314 109 2
314 376 2
314 518 23
316 452 6
318 532 7
318 914 2
320 29 72
320 315 11
320 407 14
320 468 2
320 641 16
320 720 13
321 4 2
321 262 17
321 768 3
321 834 3
321 1008 9
322 80 2
322 272 2
322 899 2
322 902 14
323 360 7
324 16 7
324 106 4
324 179 22
324 200 9
324 513 6
324 530 20
325 74 20
325 145 2
325 192 29
325 614 7
325 720 74
326 32 21
326 116 2
326 280 2
327 675 9
328 45 4
328 853 13
329 35 5
329 836 4
330 8 2
330 204 2
331 512 2
332 456 2
332 643 7
334 265 2
334 288 2
335 391 97
336 18 10
336 576 10
336 632 2
337 352 918
337 833 90
338 33 2
338 160 2
338 169 10
339 42 2
340 704 2
341 576 3
342 15 19
342 168 2
342 272 2
342 536 3
343 475 2
344 188 8
344 676 52
345 728 72
345 992 2
346 11 4
346 89 20
347 11 4
347 149 45
347 313 3
348 128 10
348 395 10665
349 12 5
352 409 134
352 419 14
352 514 2
352 680 2
352 860 12
353 138 2
353 389 2
353 684 3
354 25 4
354 30 3
354 288 6
354 836 10
354 969 2
355 134 3
355 634 2
356 800 2
357 433 2
358 168 2
358 197 3
360 555 19
360 732 2
360 810 3
361 266 634
361 316 10
362 34 2
363 162 17
363 424 3
364 740 21
366 657 2
368 49 2
368 738 2
371 112 3
371 705 85
371 772 6
372 352 9
376 193 2
379 333 2
380 339 19
382 562 728
384 6 2
384 156 2
384 168 2
384 312 8
384 332 2
384 423 2
384 457 7
384 531 21
384 597 2
384 692 2
384 841 7
384 962 12
385 2 2
385 213 2
385 513 2
385 563 4
386 64 136
386 73 3
386 160 14
386 275 2
386 846 23
386 849 2
386 912 2
387 147 4
387 297 3
387 545 2
387 1016 2
388 332 2
389 596 2
390 566 2
391 8 8
391 461 16
391 800 6
392 38 2
392 336 121
392 553 15
393 461 2
394 80 31
394 211 6
394 590 20
395 4 14
395 647 21
396 6 5
396 454 148
396 536 2
396 546 3
396 777 5
396 915 3
396 960 8
397 132 11
397 518 4
398 943 10
399 9 2
400 21 2
400 144 60
400 712 10
401 16 2
401 58 2
401 284 31
401 932 2
402 80 8
403 20 4
404 209 3
405 160 6
406 677 2
406 928 4
407 591 6
408 405 2
408 576 2
409 66 2
409 105 8
409 417 2
409 888 2
410 520 78
412 6 23
413 640 3
414 932 7
415 101 7
416 279 10
416 531 2
416 832 11
419 7 2
419 844 535
420 32 531
420 114 4
420 288 30
420 424 4
420 538 10
420 545 2
421 400 58
422 736 29
423 384 2
423 651 16
425 261 2
425 746 3
425 776 4
427 580 105
428 32 5
428 194 2
428 620 5
428 880 2
430 8 2
430 68 2
433 24 2
433 197 3
433 398 64
436 641 2
437 2 11442
441 21 5
442 146 23
442 691 67033
444 769 5
444 801 8
448 92 2
448 513 3
448 655 2
449 321 3
452 48 2
452 136 2
452 488 2
452 512 8
452 513 2
453 368 2
453 661 7
454 9 9
454 437 7
454 634 20
454 782 11
455 640 4
456 105 2
456 376 2
460 462 2
460 566 2
461 901 2
462 516 3
462 641 7
463 916 3
464 265 2
464 928 14
465 531 2
465 761 2
467 211 2
470 713 6
472 226 2
472 801 2
473 6 11
473 600 2
473 800 2
476 775 24
480 0 137
480 665 6
480 731 13
480 928 8
481 288 9
481 416 2
482 64 6
482 208 7
482 285 2
483 276 2
484 841 2
485 134 10
488 334 2
489 64 4
491 112 5
496 433 3
496 978 8
504 267 2
506 706 7
512 1 3
512 5 11
512 52 6
512 65 2
512 153 2
512 173 4
512 266 6
512 420 2
512 438 2
512 453 2
512 482 4
512 514 9
512 522 3
512 685 7
512 936 2
513 5 1032
513 42 2
513 47 9
513 65 3
513 112 2
513 304 16
513 548 18
513 640 14
513 644 2
514 11 3
514 36 3
514 160 3
514 401 13
514 452 4
514 522 5
514 780 5
515 273 2
515 598 8
516 33 2
516 69 3
516 72 7
516 169 4
516 357 2
516 385 4
516 555 2
516 582 13
516 605 2
516 779 4
517 0 2
517 3 3
517 8 2
517 34 4
517 177 2
517 233 2
517 281 12
517 525 3
517 534 5
517 676 2
517 768 2
518 66 14
518 517 2
519 517 11
519 944 19
519 967 168
520 9 85
520 94 2
520 164 2
520 296 1101
520 328 2
520 436 11
520 785 2
520 812 11
520 896 2
521 81 339
521 131 5
521 229 3
521 546 2
521 560 225
522 1 29
522 121 2
522 234 2
522 549 32
522 652 2
523 650 14
524 159 6
524 173 2
524 520 2
525 134 9
525 820 2
526 548 3
526 776 2
527 36 4
527 713 2
528 10 54
528 33 77
528 36 3
528 97 6
528 144 2
528 156 2
528 344 16
528 512 2
528 580 2
528 582 2
528 720 57
528 801 2
529 148 2
529 260 4
529 423 2
529 517 18
529 737 3
529 836 2
530 20 3
530 86 5
530 132 2
530 278 10
530 522 2
530 696 9
532 11 63
532 134 3
532 292 2
532 550 4
532 853 3
533 5 2
533 37 2
533 787 10
534 6 5
534 425 2
534 786 5
534 928 3
534 932 2
535 10 2
536 10 3
536 244 2
536 412 15
536 687 3
536 902 2
537 99 2
537 138 21
537 257 9
537 478 16
538 74 10
538 84 2
540 256 14
540 481 7
541 344 20
541 793 5
544 6 2
544 21 15
544 24 2
544 160 2
544 401 2
544 536 2
544 542 4
544 551 2
544 597 5
544 718 2
545 209 2
545 226 16
545 520 2
545 914 3
546 2 15
546 4 11
546 263 16
546 650 4
547 265 2
547 427 2
548 141 14
548 169 67
548 512 4
548 577 3
548 586 8
549 68 3
549 97 2
549 146 13
549 530 3
549 647 63
550 36 2
550 649 33
550 800 9
551 4 6
551 40 3
551 89 2
552 136 2
552 640 3
552 656 2
553 36 2
553 102 2
553 933 2
554 4 2
554 137 25
555 52 2
555 418 2
556 409 2
557 6 1406
557 15 3
557 370 12
557 400 2
557 512 2
557 557 7
557 770 3
557 938 2
559 557 2
560 18 2
560 32 2
560 96 49
560 104 5
560 168 2
560 354 34
561 10 2
561 444 2
561 521 6
561 786 5
562 162 2
562 977 2
562 992 2
563 20 103
563 410 40
564 28 2
564 656 315
564 659 17
565 105 13
566 4 10
566 44 2
566 132 29
567 793 34
569 385 2
569 522 2
571 100 3
571 457 2
572 36 13
572 64 3
572 257 7
572 370 2
572 777 500
573 797 3
573 886 6
574 18 305
574 533 77
574 696 2
576 4 2
576 5 3
576 76 5
576 133 10
576 172 18
576 193 6
576 228 2
576 371 2
576 525 6
576 547 2
576 607 2
577 72 2
577 222 76
577 236 2
577 292 2
577 401 2
577 577 2
577 661 3
578 26 3
578 120 2
578 136 2
578 554 5
578 575 3202
579 136 11
579 621 23
579 789 3
580 64 3
580 507 46
580 528 2
580 598 2
581 645 10
582 633 2
583 129 2
584 432 2
585 64 8
585 208 2
585 354 592
586 64 9
586 530 2
586 658 2
587 608 2
588 784 4
590 520 2
590 788 5
591 147 20
592 2 13
592 4 86
592 148 2
592 322 2
592 528 213279
592 566 5
592 585 6
592 856 4
593 429 13
595 58 2
595 557 5
596 11 10
596 33 2
596 91 7
596 154 4
596 385 5
599 92 5
600 68 12
600 115 3
600 562 2
600 575 2
601 335 2
602 480 6
604 913 159
605 80 2
606 281 4
606 807 4
607 288 2802
608 176 4
608 185 2
608 648 4
609 28 2
609 210 3
609 225 6
609 526 2
609 768 2
610 24 22
611 125 3
612 170 7
612 534 2
614 265 2
614 936 2
616 81 1655
616 450 2
617 374 2
617 908 3
618 70 50
618 1004 2745
619 76 2
619 140 6
619 231 6
621 293 16
623 1000 7
624 579 88
625 5 2
625 261 1779915
625 530 2
626 104 2
626 114 2
626 528 6
627 3 10
627 418 16
627 769 2
628 76 2
629 446 18
629 528 52
631 24 2
632 18 2
635 546 2
638 161 2934
640 4 2
640 6 14
640 16 9
640 160 5352
640 181 7
640 246 16
640 258 2
640 369 2
640 421 20
640 525 2
640 659 2
640 732 3
640 938 2
642 562 6
642 724 2
643 73 2
643 775 4
644 48 4
644 387 133
644 660 20
644 756 2
644 769 2
645 4 61
645 25 2
645 548 2
645 963 18
646 289 47
646 388 253
648 76 2
648 98 17
648 210 2
648 369 7
648 512 42
648 694 3
648 769 3
649 4 3
649 48 53
650 108 5
650 216 6
650 953 2
651 290 2
652 257 2
654 565 22
655 384 3
655 761 3
656 3 6
656 259 2
656 278 7
656 370 165
656 833 5
657 79 2
657 201 2
658 10 3
658 26 10
658 226 2
660 52 2
660 85 2
660 648 2
661 244 3
662 374 825
664 16 34
664 781 2
665 3 2
665 260 2
666 66 13
668 749 2
670 515 19
672 64 3
672 129 2
672 514 2
672 608 15
672 717 2
673 104 32271
674 259 11
674 288 2
674 401 2
674 672 10
675 257 8
676 52 3
677 121 87
677 641 19
678 237 2
679 556 17
680 20 4
680 105 2
680 450 2
680 540 7
681 6 3
681 33 10
682 14 5
682 156 2
686 593 2
688 385 23
689 80 10
690 110 4
691 12 2
692 260 2
693 397 2
693 522 8
694 6 28
694 768 2
694 931 2
695 517 7
695 585 18
696 885 3
697 710 3
700 18 2
700 229 302
700 864 5
701 34 14
701 941 37
704 34 5
704 292 11
704 370 2
704 514 2
705 596 2
705 854 2
706 17 5
706 161 46
706 460 7
709 325 4
709 354 5
709 644 2
709 843 22
710 2 7
711 19 4
712 35 26
712 141 124
712 283 3
713 593 6
713 837 2
716 98 2
716 339 2
716 649 9
716 842 5
719 512 8
720 7 208
720 144 8
720 803 37
721 0 21
721 104 2
721 170 12
721 323 13
721 584 153
722 100 7
722 104 5
722 258 4
722 393 2
722 398 4
722 464 4
723 142 14
724 596 5
725 65 2
728 227 19
728 350 2
728 712 10
729 578 14
730 332 9
736 24 4
737 25 2
737 64 4
737 288 2
737 610 2
738 970 2
740 235 12
740 778 2
740 801 2
741 45 2
742 97 2
743 787 2
744 280 377
744 762 2
746 536 6
752 261 10
752 494 2
752 786 2
754 32 51
759 130 2
760 40 2
760 220 1391
760 257 5
760 300 116
763 668 19
765 513 398
768 226 2
768 326 2
768 502 7
768 608 5
768 666 2
768 736 4
768 738 4
768 926 4
769 34 2
769 277 89
769 350 2
769 640 2
769 773 3
770 211 6
770 256 2
770 663 3
771 793 24
771 800 2
772 0 2
772 32 3
772 130 3
773 1 2
774 8 2
775 921 2
776 101 2
776 155 4
776 586 4
777 200 12
777 318 19
777 539 6
777 554 2
777 608 4
777 641 4
778 330 3
778 389 2
778 707 5
780 14 2
780 16 2
780 193 2
780 552 2
780 707 2
780 901 8
781 222 2
781 496 2
782 226 2
782 405 2
784 1 13
784 514 24
784 569 3
784 604 3
784 634 2
785 257 510
786 142 20
786 521 3
786 576 2
786 914 11
787 199 2
788 25 2
788 332 425
792 594 2
793 52 2
793 498 7
793 628 8
795 422 10
795 661 2
798 776 8
800 9 2
800 45 2
800 73 18
800 97 2
800 133 8
801 34 2
801 642 2
802 660 3
802 769 97
803 512 3
804 0 3
804 104 2
804 337 4
804 779 22
805 781 2
806 43 4
806 326 13
806 480 14
808 526 2
808 777 4
808 937 8
810 17 3
810 394 15
812 778 2
814 161 2
814 264 2
814 523 2
814 905 66
816 18 2
816 24 1105
817 784 2
818 253 18
819 69 107
821 236 2
822 211 2
824 392 51
824 609 3
824 978 5
828 592 52
830 356 2
832 16 2
832 21 3
832 281 5
832 304 9
832 328 2
832 427 2
833 147 9
833 999 6
834 0 2
834 32 4
834 104 9
834 148 26
835 392 4
835 583 28
836 86 14
836 388 5
836 485 2
838 785 2
839 21 3
840 96 8
840 545 2
841 370 10
842 132 3
842 200 1620
843 939 9
844 584 33
845 561 48
845 624 2
848 90 2
848 899 2
849 792 3
849 1018 2
850 308 3
850 776 4
852 2 2
852 72 2
852 824 2
856 866 2
857 42 2
862 130 3
863 516 2
864 23 2
864 786 2
866 260 2
867 998 5
868 332 2
870 6 105
870 68 12
872 32 3
873 9 2
874 360 2
878 258 3
882 42 8
882 778 12
884 802 2
885 601 2
895 603 18
896 330 2
896 868 2
897 523 4
897 1002 47
898 336 6
898 699 2
899 537 23
900 4 2
900 162 3
900 313 9
902 131 2
902 420 4
904 112 7
904 231 5
904 888 67
904 929 10
905 12 7
905 196 3
905 248 24
905 540 6
905 572 6
906 137 3
906 210 2
906 328 2
907 276 37
908 456 6
910 614 10
911 5 2
911 10 6
911 896 11
912 2 9
912 129 3779
914 216 2
914 669 2
916 742 20
916 777 9
917 912 15
920 200 2
921 320 83
922 8 2
922 784 2
924 33 2
927 190 2
928 64 9
928 384 2
928 518 2
929 10 61
929 257 3
929 316 5
930 547 2
930 720 2
931 230 8
931 657 2
932 274 6
932 783 2
933 657 2
934 94 5
938 261 2
938 316 692
940 512 2
941 771 2
944 165 11
944 756 47
945 456 2
946 205 8
947 568 3
948 9 6
952 37 2
953 905 11
956 846 2
961 131 2
961 291 6
961 333 2
961 472 2
961 481 6
963 130 4
966 29 2
966 192 119
966 197 2
966 555 2
968 51 29
968 360 4
969 769 12408
971 566 3
975 205 259
976 321 2
976 779 2
977 22 2
977 34 2
978 817 359
984 324 68
985 268 2
987 962 162
988 366 2
990 35 2
998 127 20
1000 260 3
1001 286 7
1002 652 2
1002 912 2
1003 684 2
1004 129 5
1013 316 2
1018 358 5
1020 371 61
1021 643 5
