0 4 17
0 8 2
0 9 3
0 17 2
0 18 2
0 29 2
0 47 2
0 112 14
0 135 22
0 150 2
0 156 2
0 256 3
0 265 10
0 274 12
0 321 4
0 352 9
0 415 8
0 552 26
0 618 2
0 646 2
0 674 2
0 843 5
0 917 2
0 936 58
1 15 2
1 30 18
1 37 3
1 135 2
1 357 6
1 481 724
1 535 13
1 644 22
1 768 2
1 825 5
1 920 2
2 0 7
2 8 2
2 48 302
2 132 11
2 167 2
2 260 4
2 267 2
2 328 228
2 523 2
2 826 2
3 24 3
3 277 3
3 530 2
3 652 2
3 817 3
4 0 3
4 4 7
4 15 33
4 24 33
4 50 2
4 60 2
4 64 24
4 248 2
4 284 5
4 293 4
4 517 17
4 683 14
4 803 4
4 808 2
5 18 2
5 216 20
5 584 4
5 887 25
6 3 3
6 148 5
6 212 4
6 259 16
6 267 4
6 268 7
6 512 46
6 798 5
6 1002 2
7 237 1752
7 715 2
8 1 14
8 2 2
8 19 2
8 32 15
8 42 6
8 58 2
8 202 7
8 273 10
8 386 2
8 486 14
8 552 18
8 642 5
8 656 2
8 735 20
8 850 4
8 902 2
9 39 2
9 43 30
9 416 145
9 572 8
9 823 103
9 907 2
10 13 86
10 40 2
10 75 2
10 84 6
10 160 6
10 176 6
10 208 6
10 523 30
10 599 2
10 680 27
10 778 2
11 204 11
11 586 258
11 752 7
12 0 2
12 24 640
12 116 2
12 128 4
12 269 4
12 366 6
12 634 2
12 781 5
13 66 2
13 192 10094
13 224 2
13 780 4
14 152 2
14 210 9
14 321 6592
14 376 2
14 616 32
15 352 2
15 485 142
16 9 10
16 24 4
16 64 5
16 132 14
16 148 22
16 198 2
16 516 11
16 643 7
16 806 2
17 129 2
17 258 4
18 51 2
18 215 23
18 290 158
18 641 42
18 645 17
19 7 3
19 24 19
19 657 2
19 709 26
20 10 13
20 28 3
20 36 12
20 176 3
20 323 11
20 786 33
21 308 2
22 24 2
22 97 37
22 133 65
22 281 11
22 331 126
22 565 2
23 328 308
23 770 11
23 886 12
24 9 2
24 533 14
24 781 996
24 786 7
24 848 4
24 944 2
25 523 2
25 592 8
26 20 5
26 109 48
26 801 29
27 130 2
27 549 2
28 42 2
28 72 4
28 203 2
28 647 22
29 1 7
29 327 2
29 532 5
30 52 9
30 129 2
31 77 9
31 561 2
32 16 3
32 33 2
32 42 6
32 72 2
32 196 10
32 204 19
32 211 13
32 219 4
32 276 15
32 414 4
32 514 3
32 612 92150
32 641 2
32 721 27
32 759 17
32 803 2
32 848 3
33 2 249
33 3 7
33 31 22
33 64 53
33 276 18
33 320 2
33 544 2
33 785 2
33 898 7
33 945 7
34 292 3
34 324 2
34 561 2
34 663 57
34 720 17
35 65 3
35 266 17
35 689 2
36 12 5
36 34 12
36 48 4
36 257 17
36 266 33
36 288 2
36 320 3
36 555 7
36 705 2
36 858 2
37 2 6
37 13 2
37 364 32
37 594 2
37 640 2
37 673 8
38 180 2
38 204 2
39 3 11
39 48 24
39 520 3
39 982 2
40 20 2
40 39 16
40 65 2
40 256 8
40 512 2
40 528 4
40 605 2
40 672 9
40 756 2
40 761 4
40 840 14406
40 980 29
41 96 4
41 263 134
41 276 9
41 321 3
42 42 4
42 140 2
42 329 2
42 411 2
42 778 5
43 1 13
43 546 16
44 10 79
44 12 2
44 430 2
44 524 2
44 794 12
45 23 2
45 50 3
45 266 4
45 615 38
45 808 108
47 80 2
48 168 17
48 176 42
48 193 2
48 198 2
48 226 17
48 646 2
48 708 2
48 789 2
48 932 5
49 17 2
49 313 15
49 516 6
50 9 2
50 113 5
51 70 5
51 377 3
52 46 2
52 188 4
52 256 3
52 390 2
53 146 7
54 718 4
56 89 3
56 267 5
56 472 8
56 544 5
56 560 2
57 5 2
57 33 11
57 128 3
58 113 4
58 470 2
59 58 2
59 292 19395
59 453 2
59 583 2
60 3 2
60 5 2
60 33 16
60 948 7
61 644 2
61 648 2
62 521 2
62 612 2
64 1 4
64 26 3
64 192 7
64 197 2
64 203 2
64 272 2
64 465 10
64 686 1019
64 756 2
64 771 119
64 780 2
64 790 3
65 25 2
65 61 38
65 96 2
65 104 2
65 118 2
65 241 2
65 274 2
65 515 2
65 571 3
65 614 11
66 140 2
66 545 12
67 2 16
67 16 7
67 20 4
67 37 4
67 73 200
67 453 121
67 482 2
67 840 2
68 153 2
68 192 7039
68 226 2
68 322 8
68 576 2
69 138 14
69 466 8
69 529 3
69 572 2
70 109 25
70 212 4
70 431 2
70 642 8
70 646 15
70 648 32
70 672 8
71 264 3
71 409 4
71 700 75
72 37 89
72 65 3
72 280 8
72 437 2
72 533 2
73 39 17
73 640 3
73 870 2
73 999 2
74 512 2
74 548 2
75 259 2
75 576 2
76 76 57
76 133 2
76 262 4
77 256 3375
77 267 2
77 450 2
77 456 8
78 288 2
78 517 349
78 784 2
78 919 2
79 165 3
80 0 2
80 51 9
80 82 12
80 132 2
80 528 5
80 677 4
80 920 2
81 807 27
81 852 8
82 280 6
82 283 4
83 115 4
83 124 2
83 304 2
83 617 2
83 784 2
84 64 5
84 74 21
84 216 4
84 490 17
85 31 2
86 234 394
86 524 2
87 353 3
87 462 39
87 512 2
87 515 30
88 330 16
88 782 2
89 2 26
89 4 2
90 20 35
90 274 5
90 843 12
90 977 17
90 988 5
91 154 4
91 652 2
91 951 2
92 38 3
92 91 5
93 134 7
93 669 20
94 869 4
94 954 2
95 20 2
96 32 3
96 148 2
96 208 2
96 220 5
96 276 2
96 304 4
96 321 5
96 356 9
97 48 4
97 144 6
97 167 3
97 195 118
97 286 2
97 473 8
98 14 13
98 352 26
98 401 4
98 671 2
98 928 180
99 117 2
99 134 2
99 249 5
100 128 15
100 294 2
100 752 68
100 768 2
101 70 3
101 124 2
101 161 12
101 169 4
101 392 6
101 599 7
102 6 110
102 78 9
102 166 2
102 264 2
103 704 2
104 26 11
104 28 13
104 48 11
104 64 14
104 132 2
104 313 2
104 512 2
104 673 4
105 3 16
105 296 4
105 779 2
106 516 4
106 652 33
107 3 4
107 129 89
108 514 2
108 825 7
109 707 2
111 12 28
112 0 11
112 1 9
112 3 2
112 28 2
112 84 2
112 107 9
112 165 5
112 776 2
114 68 7
114 416 14
114 452 2
114 497 2
114 872 2
116 33 2
117 106 15
119 446 118
119 836 8
120 0 2
120 76 2
122 185 7
122 294 61
123 600 533
124 304 12
124 348 2
125 268 4
128 1 2
128 10 2
128 58 2
128 134 2
128 208 4
128 320 5
128 362 9
128 375 5
128 453 20
128 628 6
128 770 10
128 806 16
129 0 14
129 10 76
129 37 2
129 88 2
129 163 388
129 584 2
129 707 12
130 78 9
130 272 7
130 273 3
130 368 2
130 520 4
130 528 15
130 532 22
130 540 3
130 675 13
130 772 3
130 980 5
131 581 5
132 6 2
132 94 2
132 137 4
132 372 2
132 516 2
132 713 15
132 916 18
132 957 3
133 23 2
133 138 2
133 614 2
134 67 5
134 224 17
134 377 3
134 390 4
134 516 3
134 768 81
135 544 2
136 21 15
136 39 5
136 160 12
136 482 12
136 610 2
136 684 3
136 831 5
137 148 4
137 256 2
137 259 18
137 325 75
137 678 2
137 778 3
138 266 12
138 415 2
138 590 6
138 902 2
139 426 5
139 865 6
140 72 21
140 135 4
140 464 18
140 776 11
141 2 2
141 521 10
141 954 30
143 116 2
143 187 8
143 286 2
143 642 181
144 18 5
144 68 6
144 248 85
144 257 5
144 418 8
144 800 2
145 1 2
145 2 4
145 94 7
145 184 11
145 216 51
145 273 2
145 392 3
145 513 3
145 576 6
146 69 5
146 146 2
146 396 117
146 910 91
147 513 8
147 522 3
148 24 2
148 130 122
148 139 2
148 146 2
148 464 2
148 515 2
148 912 6
149 20 4
150 141 19
150 160 4
151 132 5
151 207 3
151 250 2
153 26 2
153 151 2
153 171 16
153 592 2
153 598 1930
153 833 77
153 961 5
156 54 2
156 521 9
156 814 2
157 404 6
158 104 3
160 34 2
160 81 4
160 144 8
160 452 193
160 644 4
160 801 2
161 21 2
161 40 2
161 326 11
161 376 5
161 524 11
161 576 2
161 717 28
161 898 11
162 160 2
162 306 2
162 517 5
163 361 6
163 601 2
164 34 3
164 38 3
164 217 2
164 329 2
164 481 8
164 646 6
165 141 7
165 397 6
166 686 2
167 104 2
167 289 58
167 384 5
167 456 2
167 712 2
168 8 3
168 67 3
168 68 8
168 98 3
169 72 24
169 351 27
169 514 12
171 144 56
171 810 3
172 8 2
172 32 3
172 569 2
172 664 2
173 261 10
174 493 2
174 582 15
175 863 8
176 32 2
176 137 2
176 273 33
176 916 14
176 932 8
177 128 260
177 280 2
177 611 4
177 744 13
178 100 2
178 144 2
178 580 2
178 797 5
179 429 2
180 19 2
180 152 2
180 600 3
180 973 4
181 97 3
181 768 5
181 964 7
182 300 7
182 672 14
182 728 2
184 141 3
184 161 2
184 664 2
185 5 8
185 42 3
185 391 2
186 272 2
186 582 7
188 199 11
192 43 2
192 52 86
192 72 2
192 177 14
192 388 4
192 392 2
192 524 2
192 536 7
192 713 3
192 898 14
192 904 17
192 999 2
193 8 151
193 28 144
193 120 17
193 131 32
193 162 6
193 375 7
193 422 10
193 718 2
193 775 18
194 321 3
194 592 3
194 677 2
196 81 2
196 286 4
196 377 5
197 61 4
197 100 5
197 297 5
197 611 3
197 769 2
198 3 31
198 196 363
198 812 7
200 146 3
200 924 13
201 140 4
202 11 24
203 654 26
204 6 11
204 520 8
206 80 3
208 14 9
208 534 5
209 55 4
209 513 2
209 564 5
210 1 10
210 882 2
211 4 3
212 69 3
212 262 2
212 285 33
212 673 5
213 64 10
214 369 9
214 585 2
216 138 3
216 792 2
217 923 4
219 389 2
220 176 2
222 532 17
225 257 2
225 316 2
225 948 2
226 157 19
227 336 2
227 592 6
227 838 91
230 9 2
231 290 10
232 5 25
232 65 2
232 80 9
232 480 2
233 212 2
233 912 2
234 848 2
235 281 4
235 645 2
237 91 2
238 620 103
238 642 3
239 370 2
239 560 7
240 18 550
240 66 5
240 914 22
241 206 3
242 156 4
244 33 14
244 356 11
245 705 10
246 64 2
247 626 9
248 0 7
248 290 186
256 1 2
256 5 2
256 68 2
256 69 2
256 160 10
256 243 2
256 262 13
256 312 2
256 512 2
256 522 120
256 616 3
256 705 41
256 764 5
256 772 195
256 904 3
256 992 584
257 0 6
257 156 9
257 268 3
257 272 2
257 544 6
257 680 5
257 806 3
257 912 9
257 945 5
258 24 5
258 34 14
258 36 4488
258 138 2
258 673 3
258 810 15
258 880 3
259 226 80
259 327 20
259 532 8
260 256 3
260 295 6
260 522 3
260 545 11
260 678 2
261 72 2
261 356 10
261 672 2
261 995 2
262 32 9
262 134 2
262 193 40
262 256 29
262 906 31
262 1013 2
264 1 2
264 4 28
264 320 5
265 632 21
266 11 1106
266 56 2
266 272 2
266 336 2
268 12 3
268 177 5
268 524 2
268 577 7
269 444 2
269 640 2
270 532 40
270 642 2
272 162 2
272 208 6
272 225 2
272 234 12
272 259 17
272 378 633
272 520 81
272 640 2
272 684 5
272 899 5
273 693 11
273 809 2
273 903 2
274 98 3
274 334 2
275 4 2
275 16 2
275 116 2
275 485 33
275 512 2
276 288 10
276 392 1579
276 538 2
276 628 70
276 661 2
277 8 2
277 27 14
277 128 5
278 258 22
279 18 2
279 901 2
280 82 3
280 600 14
280 674 2
281 101 2
282 136 3
282 576 71
282 717 12
285 104 20
286 12 2
286 624 67017
286 832 13
287 448 22
287 802 2
288 47 2
288 50 5
288 132 2
288 224 3
288 292 699
288 341 2
288 545 2
289 36 7
289 60 2
289 156 7
289 468 4
289 472 636
289 753 2
289 788 2
290 0 2
290 258 107
290 328 7
290 388 25
291 32 10
291 610 2
291 768 8
291 967 2
292 7 2
292 19 3
292 134 3
292 162 6
292 524 2
293 256 2
293 960 2
294 742 2
294 864 2
296 57 46
296 131 3
296 231 130
296 260 635
296 288 32
296 336 163
296 409 2
296 516 6
297 167 14
297 325 8
297 389 5
297 742 12
298 75 16
298 800 4
299 78 6
299 291 2
300 140 2
301 274 24
303 292 5984
304 6 5
304 8 3
304 42 5
304 63 10
304 106 9
304 212 4
304 258 2
304 292 2
305 11 2
305 34 2
305 576 7
306 36 41
306 918 5
307 514 2
308 583 5
308 640 4
308 692 1256
308 832 2
308 848 4
309 77 5279
310 44 2
310 936 8
312 514 5
314 109 4433
314 156 13
314 376 3
314 518 3
315 739 879
316 452 6
318 532 7
318 914 2
320 29 2
320 407 54
320 428 4
320 468 3
320 641 19
320 720 13
321 4 2
321 262 3
321 337 2
321 768 2
321 1008 2
322 0 10
322 80 160
322 196 98
322 902 8
323 515 2
324 16 2
324 106 4
324 167 5
324 179 29
324 200 2
324 513 11
324 530 2
325 6 3
325 74 10
325 145 23
325 614 2
325 720 6
326 11 57
326 16 2
326 32 26
326 116 36
327 675 5
327 698 2
328 45 10
328 853 5
329 35 2
329 258 24
329 836 32
330 8 2
330 204 97
331 512 430
332 456 19
332 643 2
334 265 421866
334 288 2
335 83 2
335 391 16
336 18 4
336 100 2
336 576 4
336 632 4
337 352 2
337 833 4
338 33 3
338 160 8
338 169 2
339 42 2
340 0 2
340 106 2
340 704 49
340 763 46
341 576 2
342 15 4
342 272 2
342 536 3
343 475 2
344 188 9
344 676 9
345 32 1409
345 728 2
345 992 9
346 11 235
346 89 680
347 11 4
347 149 2
347 313 2
348 395 2
349 12 2
352 419 14
352 514 4
352 680 11
352 794 3
352 860 19
353 389 3
353 684 2
354 25 68
354 30 2
354 288 28
354 969 2
355 134 12
355 634 2
356 800 19
357 641 24
358 3 2
358 168 2
358 197 2
360 514 3
360 555 2
360 732 2
360 810 13
361 266 2
361 316 2
362 34 4
363 162 5
363 424 2
364 740 2
366 657 51
368 49 10820
368 738 3
368 925 23
371 112 18
371 705 2
371 772 2
372 352 6
375 77 2
376 193 3
379 333 2
380 339 3
381 531 2
384 5 2
384 6 2
384 156 36
384 168 2
384 332 2
384 457 137
384 481 2
384 531 2
384 571 2
384 597 14
384 692 25
384 841 6
385 2 2
385 213 5
385 214 58
385 513 3369
385 563 8
386 64 2
386 73 8
386 158 2
386 160 84
386 275 7
386 846 7
386 912 3
387 147 2
387 297 19988
387 545 2
387 1016 14
388 332 23
389 596 2
391 8 9
392 336 14
392 553 3
392 674 8
393 577 3
394 80 8
394 211 15
394 590 12
395 4 2
395 558 8
395 647 16
396 6 3
396 454 2
396 536 10
396 546 2
396 777 2
396 915 5380
396 960 3
397 132 13
397 305 3
397 518 2
398 943 2
399 9 2
400 10 2
400 21 10
400 144 2
400 712 310
401 16 7
401 58 41
401 277 2
401 673 5
401 932 5
402 80 2
402 769 14
403 20 15
404 209 3
405 160 10
406 677 33
406 928 23
407 591 6
408 66 2
408 405 2
408 576 45
409 66 2
409 417 63
409 888 3
410 520 22
411 20 66
412 6 19
413 640 9
416 52 12
416 279 2
416 292 277
416 531 2
416 832 2
417 577 12137
418 16 4
419 7 35
419 62 2
419 844 10
420 32 37
420 114 2
420 288 5
420 538 10
420 545 26
421 400 2
423 384 9321
423 651 10
425 161 2
425 261 2
425 776 4
426 644 3
427 580 47
428 32 3
428 194 2
428 620 4
428 880 4
430 68 3
430 203 2
433 24 2
433 197 2
434 734 14
436 597 213
437 2 28
442 146 5
442 691 2
444 769 28
444 801 2
448 92 17
448 513 3
448 655 2
452 48 2
452 136 21
452 205 17
452 488 15
452 512 2
452 513 2
453 368 2
453 661 3
454 9 5
454 437 2
454 634 4
455 640 5
456 105 3
456 376 3
456 774 2
457 906 5
458 101 44
458 743 6
460 197 5
460 566 3
462 516 4
462 641 2
463 916 6
464 265 2
464 928 25
465 531 173784
465 761 25
467 211 2
467 300 2
469 425 4
472 226 41
472 256 7
472 801 4
473 6 19
473 800 2
480 0 2
480 665 237
480 928 5
481 288 9
482 64 19
482 208 2
482 285 5
483 276 2
485 134 2
488 3 5
488 565 2
489 64 765
491 112 3
496 433 18188
496 978 59
501 519 2
504 267 13
505 332 6
506 706 12
512 1 3
512 5 11
512 65 3
512 96 5
512 153 19
512 173 5
512 266 2
512 420 2
512 438 5
512 453 41
512 482 33
512 514 5
512 522 2
512 685 7
512 936 2
513 5 11
513 47 2
513 65 3
513 112 31
513 304 13
513 315 2
513 340 2
513 548 2
513 640 3
514 11 21
514 36 2
514 160 2
514 401 36
514 452 12
514 522 2
514 572 12
514 780 86
515 93 3
515 157 38
515 273 2
516 33 4
516 72 2
516 169 2
516 357 5
516 385 2
516 442 2
516 555 6
516 582 2
516 605 14
516 779 2
516 785 4
517 0 5
517 8 2
517 34 5
517 177 7
517 281 4
517 525 5
517 672 3
517 676 2
517 768 2
518 0 171
518 41 2
518 66 2
519 517 3
519 944 13
519 967 2
520 9 42
520 94 24
520 164 20
520 296 3
520 328 4
520 436 3
520 785 18
520 812 209
520 896 3
521 81 18
521 229 8
521 546 2
521 554 2
521 560 2
521 609 2410
522 121 5
522 234 45
522 549 8
522 652 27
523 650 21
524 173 2
524 520 4
525 134 5
525 820 3
526 548 3
526 776 4
527 36 2
527 713 2
528 10 5
528 33 9
528 36 5
528 97 14
528 144 2
528 156 4
528 344 71
528 406 7
528 512 2
528 580 5242
528 582 5
528 720 2
528 801 3
529 16 1450
529 260 2
529 423 6
529 517 2
529 520 2
529 836 2
530 86 6
530 132 2
530 325 6
530 696 4
532 134 5
532 292 5
532 550 5
532 853 16
533 5 28
533 37 2
533 787 2
534 425 2
534 786 3
534 928 6
535 10 2
536 10 3
536 412 4
536 687 2
536 902 2
537 99 11
537 138 4
537 257 5
537 478 2
538 74 4
538 84 27
538 820 5
540 256 2
540 481 2
541 344 23
541 793 2
544 6 2
544 21 7
544 24 2
544 151 2
544 160 5
544 401 45
544 416 4
544 536 2
544 542 10
544 597 6
544 718 2
545 209 9
545 226 14
545 914 771295
546 2 2
546 4 8
546 263 2
546 612 6
546 650 2
546 758 2
546 900 5
547 265 21
547 427 17
547 577 3
548 141 14
548 169 9
548 577 2
548 586 2
549 68 3
549 97 10
549 288 5
549 530 14
549 647 2
550 649 18
550 800 2
551 40 2
551 89 2
552 136 17
552 656 16
552 932 2
553 102 615
553 933 2
555 52 5
556 409 917
557 6 720
557 370 3
557 400 13
557 557 2
557 770 10
557 938 2
559 557 5
560 18 7
560 32 19
560 168 2
560 354 31
561 10 11
561 444 6
561 521 2
561 786 2
562 977 2
562 992 2
563 20 9
563 410 7
564 659 2
565 105 2
566 4 13
566 132 6
567 793 36
569 385 10
569 522 8
571 100 5
571 457 2
572 36 15
572 64 16
572 257 2
572 370 2
572 777 2
573 797 2
573 886 3
574 18 2
576 4 2
576 5 3
576 19 10
576 48 1563
576 76 2
576 133 3
576 172 2
576 193 2
576 371 197
576 547 32
576 607 11
577 72 519
577 236 23
577 401 3
577 661 2
577 997 2
578 26 2
578 96 14
578 120 18
578 136 7
578 554 3
578 572 3
578 575 2
579 136 2
579 621 9
579 789 3
580 64 6
580 507 45
580 598 71
581 645 2
582 633 2
583 129 16
585 64 2
585 208 53
585 354 458
586 64 21
586 530 8
586 658 5
588 784 2
589 389 2
590 276 2
590 300 5
590 520 2
590 788 2
591 147 2
592 4 6
592 148 2
592 322 2
592 528 2
592 585 11
593 429 2
595 58 7
595 557 3
596 33 2
596 91 5
596 385 238
597 387 6
599 176 2
599 569 4
600 562 2
600 575 145
601 335 3
601 431 117
602 480 2
604 913 2
605 80 177
606 281 23
606 807 3
607 288 2
607 393 2
608 176 2
608 522 2
608 648 345
609 28 2
609 210 7
609 225 2
609 526 3
610 24 3
611 125 60
612 170 2
612 534 2
613 840 3
614 265 2
614 936 2
616 81 2
616 450 18
616 806 191
617 374 16
617 908 3
618 70 4
619 76 2
619 231 2
621 293 2
623 1000 3
624 579 11326
625 5 4
625 261 2
625 530 428
626 104 9
626 528 2
627 418 2
627 769 2
627 977 3
629 446 7
629 528 3
631 24 2
632 18 4
633 812 3
637 73 2
638 161 2
640 4 4
640 6 7
640 160 2
640 181 2
640 258 3
640 369 2
640 421 1479
640 467 4
640 525 17
640 584 5
640 659 4
640 732 2
640 952 2
641 192 3
642 512 2
642 562 3
642 724 5
643 775 2
644 660 2
644 756 20
644 769 11
645 4 4
645 25 106
645 548 8
645 963 1338
646 289 2
646 388 2
648 76 25
648 98 49
648 210 2
648 301 27
648 369 10
648 512 2
648 694 36
648 769 2
649 4 2
649 48 5
650 108 5
650 953 4
651 290 8
652 594 2
655 384 4
655 761 2
656 3 2
656 259 2
656 278 2
656 370 2
657 79 2
657 201 8
658 10 9
658 26 10
658 226 101
658 640 25
660 36 5
660 52 6
660 69 5
660 85 30
661 244 9
661 608 9
662 374 6
664 16 7
664 205 211
664 539 2
664 781 2
665 260 2
666 66 4
667 587 5
668 464 2
668 749 2
670 515 6
672 1 2
672 129 11
672 514 93
672 608 2
672 717 2
673 656 2
674 259 2
674 288 10
674 401 9
674 672 11
675 257 2
675 470 2
676 52 187
677 121 3
677 641 11
678 237 2
679 556 14
680 20 2
680 39 4
680 450 18
680 540 36
681 33 2
682 156 8
683 278 2
684 1008 5
686 426 2
686 593 4
688 385 2
689 80 2
690 110 2
691 12 2
692 260 2
692 914 2
693 397 213
693 522 194
694 6 5
694 768 3
694 976 8
695 517 15
695 585 45
696 885 90
697 710 582
700 18 5
700 229 8
700 864 10
701 34 8
701 941 7
704 34 35
704 135 2
704 292 2
704 370 5
704 514 10
704 673 3
705 596 81
705 854 2
706 17 4
706 161 2
708 108 3
709 325 2
709 354 18
709 644 6
709 843 6
710 2 2
711 19 18
712 35 3
712 141 9
712 283 11
712 862 2
713 837 2
716 98 10
716 339 98
716 649 3
719 512 13
720 7 8
720 144 2
720 803 19
721 0 2
721 170 4
721 323 2
721 584 2
722 82 4
722 100 9
722 104 10
722 146 8
722 258 68
722 393 5
722 398 2
722 464 7
723 142 54
724 20 2
725 44 8
725 65 2
726 322 207
727 200 5
728 227 81
728 350 15
728 712 1581
729 578 3
730 332 11
736 24 27
737 25 11
737 64 2
737 288 2
737 610 24
738 970 2
740 235 2
740 778 2761
741 45 6
741 260 2
742 97 2
743 787 3
744 124 3
745 63 2
746 536 433
752 261 8
752 494 2
752 786 6
754 32 2
759 130 8
760 40 3
760 220 5
760 257 13
760 300 201
763 668 2
768 68 3
768 226 2
768 502 2
768 608 2
768 666 4
768 736 2
768 738 2
769 34 2
769 350 8574
769 773 6
770 67 4
770 211 33
770 515 15
771 128 10
771 793 3
771 800 2
772 32 2
772 130 2
773 1 2
774 8 16
774 936 8
775 48 13
776 101 5
776 586 2
776 697 2
777 6 52
777 84 53
777 318 4
777 539 2
777 554 3
777 608 8
777 641 2
778 707 2
780 14 5
780 16 2
780 193 6
780 552 210
780 707 26
780 901 9
781 222 18
781 496 8
782 226 82514
782 405 22
784 1 4
784 514 166
784 549 164
784 569 2
784 604 3002
784 634 26
784 841 2
785 45 6
786 142 7
786 521 10
786 576 2
786 914 10
787 199 3
788 25 11
788 332 9
792 16 6
792 540 2
792 594 3
793 52 370
793 498 4
793 628 2
795 422 3
795 661 12
798 776 2
800 9 71
800 45 3
800 73 3
800 97 2
800 133 8
800 824 10
801 34 371
801 312 393
801 592 2
801 642 2
802 660 2
802 769 4
804 0 44
804 337 3
804 779 2
805 387 3
805 781 2
806 43 2
806 134 15
806 232 2
806 326 21
808 302 2
808 526 3
808 777 8
808 937 98
808 945 2
810 17 2
810 416 2
812 778 22207
814 264 2
814 523 8
814 905 562
816 18 142
816 24 2
817 784 8
818 253 2
819 69 4
819 538 16
821 236 92
824 609 11
824 978 22
828 592 3
830 356 3
832 30 2
832 43 4
832 281 8
832 304 14
832 328 2
832 427 2
832 518 8
833 999 5
834 32 109
834 148 2
834 912 8
836 86 2
836 388 3
836 485 2
838 785 2
839 21 4
840 96 3
840 545 2
840 800 2
841 32 3
841 370 2
842 132 17
842 200 273
844 584 2
845 624 3
848 90 2
848 188 2
848 313 2
848 899 20
849 792 4
849 1018 2
851 195 2
852 2 8
852 64 2
852 72 78
852 824 4
854 681 7
856 256 7
856 866 2
857 42 75
862 130 2
863 516 17
864 23 3
866 260 2
867 998 2
868 332 12
870 6 2
870 68 2
871 264 2
872 32 2
872 50 43
872 165 5
873 9 2
874 360 6
875 164 96
878 258 2
880 611 2
882 42 2
884 802 7
885 601 6
894 392 2
895 603 2
896 330 3
896 868 2
897 39 3
897 115 15
897 1002 38
898 699 34
899 537 2
899 736 6
900 4 5
900 162 22
900 313 167
902 131 4
902 420 12
904 112 2
904 231 2
904 552 18
904 888 6
904 929 18
905 12 110
905 196 12
905 248 6
905 540 2
905 572 2
906 137 2
906 194 5
906 210 4
907 276 2
908 456 16
910 614 5
911 5 11
911 896 3
912 2 2
912 85 13
912 129 4
912 388 16
914 216 13
914 669 19
914 968 19
915 431 3
916 742 2
916 777 9
917 560 2
917 912 11
918 0 2
920 200 2
921 272 9
921 320 133
922 784 13
924 33 6
927 190 3
928 64 12
928 384 2
928 516 3
928 518 2
929 10 2
929 257 5
929 316 2
930 547 2
930 720 3007
931 230 32
931 657 2
932 274 2
932 783 2
933 657 2
934 94 2
938 261 15
938 552 51
940 512 27
941 771 9
944 165 2
944 756 14
945 456 8
946 205 4
947 568 2
948 9 2
952 37 17
953 905 3
954 22 2
956 846 2
960 358 6
961 131 116
961 291 2
961 472 2
961 481 2
963 130 2
965 937 5
966 29 2
966 192 2
966 197 6
966 555 2
968 51 50
968 352 3
969 313 2
969 769 341
970 180 40
971 566 2
975 205 17012
976 779 2
977 22 458
977 549 10
984 324 2
984 483 24
986 772 4
987 962 2
988 366 5
990 35 3
996 836 23
998 179 4
1000 260 25
1001 286 42
1002 652 8
1002 912 2
1004 129 15
1011 36 3
1013 316 13
1018 358 2
1020 371 111
1021 643 2
