0 4 621
0 9 2
0 29 2
0 47 13
0 112 3
0 135 10
0 150 36
0 166 7
0 215 2
0 256 5
0 265 13
0 274 2
0 321 5
0 415 8
0 670 2
0 674 6
0 679 2
0 843 6
0 902 5
0 917 2
0 936 402
1 7 2
1 15 2
1 30 114
1 37 2
1 70 2
1 82 6
1 135 8
1 228 2
1 292 2
1 481 2
1 535 35
1 644 7
1 768 2
1 825 2
1 920 8
2 0 17
2 3 10
2 8 2
2 48 2
2 132 60
2 167 2
2 267 4
2 328 33
2 523 3
2 826 2
3 272 2
3 277 2
3 652 9
3 817 16
4 4 694
4 15 8
4 24 2
4 50 3
4 60 4
4 64 2
4 248 15
4 293 24
4 368 23
4 517 2
4 576 48
4 683 2
4 774 8
4 803 2
4 808 2
5 216 16
5 584 2
5 887 2
6 148 6
6 212 2
6 259 26
6 267 2
6 268 5
6 466 11
6 512 2
6 798 9
6 1002 2
7 81 42
7 110 28
7 237 12
8 1 40
8 2 10
8 19 40
8 32 418
8 42 16
8 58 3
8 202 2
8 272 7
8 273 15
8 386 4
8 486 2
8 552 2
8 642 25
8 656 2
8 735 2
8 850 3
8 902 2
9 39 2
9 43 6
9 274 2
9 416 2
9 572 5
9 823 9
9 907 10
10 40 2
10 84 143
10 160 6
10 176 3
10 208 3
10 518 5870
10 523 6
10 584 2
10 599 2
10 680 41
10 778 10
11 586 2
11 752 25
12 0 4
12 55 2
12 65 5380
12 116 201
12 128 4
12 269 7
12 366 5
12 634 27
13 66 2
13 192 8
13 224 2
13 320 13
13 780 6
14 152 5
14 210 8
14 321 2
14 376 2
14 584 13
15 352 54
15 485 11
15 659 4
15 854 6
16 9 112
16 24 2
16 64 114
16 96 3
16 148 2
16 198 17
16 516 4
16 643 4
16 806 2
17 48 2
17 129 4
17 258 6
18 51 37
18 290 4
18 641 3
18 645 14
19 7 13
19 24 2
19 657 2
19 709 7
20 1 14
20 28 3
20 36 2
20 69 115
20 176 64
20 194 9
20 323 129
20 786 13
21 116 3
21 258 13
21 308 9
22 24 61
22 68 93
22 133 5
22 281 2
22 320 3
22 565 8
23 328 34567
23 770 14
23 886 2
24 9 14
24 533 2
24 786 30
24 848 6
24 944 6160
25 523 58
25 592 150
26 20 2
26 22 2
26 109 2
26 801 51
27 210 28
27 547 6
27 549 2
28 72 3
28 624 57
28 647 3
29 5 4
29 327 7
29 532 4
30 21 3
30 52 12
30 129 2
30 588 16
31 77 2
31 561 2
32 16 2
32 42 2
32 72 27
32 196 2
32 204 6
32 211 2
32 219 3
32 276 9
32 388 2
32 414 3
32 514 2
32 612 781
32 641 5
32 721 8
32 803 10
32 848 2
32 960 2
33 2 11
33 3 2
33 31 2
33 64 5
33 276 2
33 277 2
33 320 19
33 898 2
34 144 8
34 324 2
34 663 2
34 720 2
34 800 2
35 266 3
35 551 2
35 689 10
36 12 5
36 34 9
36 48 2
36 257 69
36 266 4
36 288 293
36 448 2
36 555 18
36 705 33
36 858 3
37 2 4
37 13 2
37 364 34
37 520 2
37 594 2
37 640 22
38 180 7
38 204 2
38 544 2
39 48 2
39 982 2
40 9 3
40 20 2
40 65 1162
40 256 26
40 512 4
40 605 100
40 645 22
40 672 4
40 756 11
40 840 5
40 980 15
41 96 3
41 276 5
41 321 2
41 513 27
41 987 8
42 42 13
42 140 751
42 329 460
42 778 8
42 839 5
43 1 14
43 546 34
44 10 184
44 47 10
44 430 21
44 524 18
45 23 2
45 74 2
45 266 2
45 615 2
45 808 2
45 844 46
47 80 2
47 1022 7
48 67 29
48 176 2
48 193 2
48 198 3
48 226 2
48 646 2
48 708 2
48 843 2
48 932 3
49 4 9
49 310 9
49 313 8
49 516 3
50 9 12
50 113 2
51 70 2
51 377 14
51 516 903
52 46 11
52 188 2
52 285 2
53 146 4
53 245 19
54 718 3
55 278 2
56 89 9
56 267 2
56 472 2
56 544 7
56 560 2
57 5 3
57 33 74
58 113 173
59 58 7
59 292 2
59 453 22
60 3 2
60 5 28
60 33 4
60 112 3
60 948 19
61 648 38
62 521 4
62 612 6
64 26 10
64 41 2
64 192 67
64 194 2
64 197 2
64 203 2
64 272 2
64 370 2
64 481 2
64 514 6
64 686 2
64 756 4
64 771 13
64 780 2
64 790 5
65 96 2
65 118 2
65 218 4
65 241 2
65 274 3
65 421 4
65 515 11
65 571 8
65 614 1174
66 140 336
66 545 4
67 2 18
67 16 2
67 20 2
67 37 3
67 73 2
67 453 12
67 482 2
68 153 2
68 192 5
68 226 4
68 284 8
68 322 110
69 138 2
69 529 8
69 572 13
69 768 7
70 109 8
70 212 2
70 431 14
70 608 2
70 642 32
70 648 32
70 672 634
71 409 13
72 8 5
72 37 2
72 65 2
72 280 2
72 437 3
73 39 2
73 640 2
73 870 16
73 999 15
74 512 18
74 548 8
74 600 11
74 768 3
74 1012 2
75 259 2
75 576 17
76 76 8
76 133 2
76 586 14
76 855 18
77 256 18
77 267 8
77 450 3
77 456 11
78 288 1115
78 517 5
78 784 10
78 919 2
79 165 4
79 386 3
80 0 26
80 51 2
80 82 2
80 211 2
80 528 2
80 677 12
81 807 2
82 280 2
82 283 53
83 115 2
83 124 2
83 304 1696
83 784 2
84 64 8
84 216 10
84 490 18
85 31 2
86 234 16
87 353 8
87 462 33
87 512 2
87 515 2
88 330 168
88 782 2
89 4 2
89 76 6
90 20 3
90 274 2
90 843 34
90 977 2
90 988 9
91 652 3717
91 951 127
92 38 2
92 91 24
93 49 2
93 669 7
94 869 6
95 34 2
96 32 3
96 80 2
96 103 7
96 148 18
96 208 106
96 220 2
96 276 2
96 321 11
96 547 2
97 48 4
97 130 2
97 144 20
97 167 2
97 286 1392233
97 473 2
97 525 2
98 14 2
98 352 729
98 401 3
98 671 2
98 928 8
99 117 2
99 134 2
100 128 2
100 294 18
100 752 7
100 901 54
101 70 2
101 124 2
101 161 603
101 169 41
101 392 4
101 599 9
102 6 3
102 78 2
102 166 2
103 704 5
104 26 12
104 28 2
104 48 8
104 64 3
104 132 2
104 313 2
104 512 5
104 673 2
105 3 5
105 296 2
105 779 2
106 516 27
106 652 4
107 3 4
108 133 2
108 514 2
109 707 25
111 12 9
112 0 16
112 1 5
112 3 11
112 28 2
112 84 2
112 107 21
112 165 2
112 776 8
114 68 4
114 452 4
114 497 2
114 872 2
116 33 2
117 803 7
118 565 10
119 446 569
119 836 39
120 0 15
121 536 2
122 24 2
122 294 5
123 600 73
124 304 2
125 268 2
128 58 159
128 134 2
128 208 5
128 320 50
128 362 7
128 375 115
128 376 11
128 433 2
128 453 22
128 806 2
129 0 3
129 10 2
129 37 401
129 39 2
129 88 62
129 163 8
129 584 832
129 707 11
130 78 2
130 272 4
130 273 2
130 368 3
130 520 2
130 528 4
130 540 2
130 675 5
130 772 2
130 980 134
131 581 2
132 6 18
132 17 19
132 94 2
132 137 2
132 372 37
132 516 2
132 713 42
132 916 64
132 957 2
133 23 8
133 138 4
134 67 98
134 84 15
134 208 2
134 224 4
134 377 2
134 516 2
134 768 23
135 258 18
136 21 19
136 39 2
136 81 7
136 482 2
136 610 69
136 657 3
136 684 6
136 831 2
137 148 3
137 256 2
137 259 2
137 325 2
137 678 22
137 778 2
138 415 2
138 590 2
138 902 2
139 87 2
139 426 7
139 865 2
140 135 2
140 143 2
140 168 4
140 464 2
140 776 2
141 521 11
141 954 20
142 641 27
143 116 2
143 187 6
143 286 2
144 68 7
144 248 2
144 257 2
144 418 13848
144 520 56
144 800 7
145 1 2
145 2 2
145 67 22
145 94 4
145 216 2
145 273 97
145 513 92
145 576 493721
146 69 2
146 146 6
146 396 2
146 910 2
147 513 2
147 522 40
148 139 11
148 146 2
148 464 5
148 515 12
148 912 3
149 20 4
149 633 6
149 649 8
150 141 2
150 160 2
150 656 2
151 102 2
151 207 3
151 250 5
153 151 4
153 171 2
153 592 2
153 598 3
156 54 5
156 133 10
156 521 3
157 404 2
158 104 2
159 526 4
160 144 3
160 452 5
160 644 3
160 801 2
161 40 5
161 326 98
161 376 2
161 524 2
161 717 2
161 898 14
162 160 14
162 290 2
162 306 12
163 361 2
163 601 7
164 34 8
164 38 2
164 264 8
164 280 3
164 329 48
164 636 2
164 646 3
165 141 2
165 397 2
167 104 338
167 289 6
167 384 2
167 712 13
168 8 13
168 52 12
168 67 2
168 68 4
169 25 2
169 514 192
171 144 2
172 8 5
172 569 2
172 664 10
173 261 7
174 493 2
174 582 6
175 863 3
176 32 7
176 137 61
176 270 14
176 273 13
176 916 8
176 932 24
177 128 2
177 280 9
177 560 4
177 611 2
178 100 1731
178 144 32
178 580 3
179 429 2
180 19 2
180 152 8
180 600 2
181 97 2
181 331 267
181 964 2
182 672 2
182 728 20
184 141 5
184 161 873
184 664 2
185 5 16
185 42 10
186 272 9
186 582 22
187 800 2
188 4 9
192 43 13
192 52 30
192 177 6
192 388 2
192 392 2
192 524 3
192 536 2
192 713 3
192 898 30
192 904 18
192 999 2
193 8 2
193 28 3
193 120 9
193 162 5
193 422 26
193 718 53
193 775 14
196 81 3
196 286 2
196 377 13
197 61 2
197 297 15
197 592 92
197 611 2
197 769 31
198 3 12
198 812 21
200 577 2
200 924 2
201 39 9
201 98 5
201 140 2
202 11 4
203 654 3
204 520 2
205 457 2
206 80 4
206 530 66
208 12 2
208 534 52937
209 55 241
210 882 2
211 4 23
212 69 2
212 112 3
212 262 5640
212 285 2
212 673 2
213 64 2652
214 369 2
214 585 5
216 138 2
216 792 5
217 923 24
218 86 3
219 389 100
220 176 2
220 658 9
222 532 2
222 852 36
225 257 2
225 316 4
225 948 4
226 35 6
226 157 20
227 592 38
227 838 2
228 32 3
228 294 14
231 261 2
232 5 37
232 80 2
232 130 2
232 480 4195
233 212 4
233 912 9
233 973 20
234 848 2
234 917 443
235 281 2
235 645 12
237 91 5
238 620 10
238 642 5608
240 18 2
240 66 2
240 799 2
240 914 10
241 206 11
241 245 9
242 156 2
244 356 7
244 932 11
245 705 6
246 64 105
247 626 4
248 290 4
248 557 20
248 902 2
253 636 2
256 4 2
256 5 85
256 68 2
256 69 68
256 97 2
256 160 32348
256 212 2
256 243 4
256 312 2
256 344 73
256 512 2
256 522 5
256 616 2
256 705 4
256 764 6
256 772 2
256 804 10
256 904 8
256 963 8
256 992 2
257 0 12
257 156 2
257 268 185
257 272 48
257 680 19
257 806 2
257 912 2
257 920 2
257 945 17
258 24 2
258 34 2
258 36 2
258 138 2
258 265 2
258 673 2
258 810 2
258 880 9
259 7 15
259 165 4
259 226 2
259 268 2
259 532 683
260 256 32
260 295 2
260 522 11214
260 545 2
260 678 2
260 978 25
261 8 9
261 67 2
261 72 6
261 356 3
261 995 629
262 32 2
262 134 2
262 193 2
262 256 2
262 906 15
262 1013 63
264 1 18
264 4 2
264 296 3
264 320 9
264 568 10
265 264 8
265 339 2
265 632 2
266 56 2
266 242 9
266 272 18
266 326 2
266 336 6
266 504 9
267 523 5
267 581 15
268 12 8
268 34 45
268 192 49
268 512 17
268 524 10
268 577 12
269 444 2
269 640 2
270 73 37
270 532 2
272 41 3
272 162 3
272 225 15
272 234 2
272 259 20
272 280 10
272 378 2
272 520 2
272 554 2
272 640 2
272 684 4
272 899 6
273 581 4
273 693 2
273 809 21
273 903 601
274 98 17
274 334 2540
275 4 2
275 16 18
275 116 12
275 133 3
275 485 2
275 512 2
276 392 5
276 538 8
276 661 7
277 8 244
277 27 10
277 128 2
277 385 32
278 258 6
279 18 6
279 901 6
280 82 3937
280 600 2
280 674 2
281 101 2
282 136 2
282 576 14
282 717 2
282 787 4
283 35 3
283 514 28
284 835 2
285 104 2
286 12 11
286 624 2
286 832 14
287 448 1472
287 802 3
288 50 2
288 132 2
288 224 2
288 292 3
288 545 2
288 776 7
289 36 2
289 60 3
289 156 17
289 345 6
289 468 601
289 753 5
289 788 7
290 0 2
290 258 4
290 388 5
291 610 4
291 967 24
292 7 2
292 19 2
292 134 99
292 162 8
292 593 4
294 27 2
294 864 52
296 57 6
296 84 4
296 131 2
296 231 8
296 260 2
296 288 2
296 336 2
296 516 2
297 167 2
297 389 4
297 742 3
298 75 2
298 800 14
299 78 19
299 291 2
300 29 8
300 140 2
301 274 3
301 777 7
303 292 2
304 8 5
304 42 2
304 63 19
304 106 4
304 212 2
304 258 6
304 292 19
305 11 2
305 34 13
305 163 2
306 550 9
306 918 24
307 514 3
308 21 284
308 583 2
308 640 5
308 692 10
308 832 2
308 848 16
309 77 16
309 774 327
310 44 2
310 936 4
314 109 2
314 376 17
314 518 7
316 452 3
318 532 3
318 914 70
320 29 22
320 315 4
320 407 10
320 468 2
320 641 9
320 720 2
321 4 2
321 262 16
321 768 8
321 834 2
321 1008 18
322 80 5
322 272 18
322 899 2
322 902 2
323 360 112
324 16 3
324 106 19
324 179 2
324 200 2
324 513 9
324 530 7
325 74 4
325 145 2
325 192 3
325 614 9
325 720 3
326 32 13
326 116 2
326 280 8
327 675 26
328 45 13
328 853 7
329 35 15
329 836 16
330 8 2
330 204 2
331 512 2
332 456 4
332 643 3
334 265 10
334 288 10
335 391 17
336 18 16
336 576 2
336 632 32
337 352 2
337 833 3
338 33 2
338 160 11
338 169 7
339 42 5
340 704 7
341 576 24
342 15 6
342 168 2
342 272 4
342 536 5
343 475 2
344 188 3
344 676 492
345 728 2
345 992 60
346 11 2
346 89 19
347 11 2
347 149 2
347 313 22
348 128 3
348 395 31
349 12 2
352 409 16719
352 419 4
352 514 7
352 680 2
352 860 15
353 138 2
353 389 150
353 684 7
354 25 2
354 30 3
354 288 2
354 836 3
354 969 5
355 134 5
355 634 6
356 800 2
357 433 21
358 168 13
358 197 6
360 555 15
360 732 39
360 810 2
361 266 2
361 316 2
362 34 2
363 162 2
363 424 2
364 740 14
366 657 9
368 49 2
368 738 591
371 112 14
371 705 2
371 772 2
372 352 9
376 193 2
379 333 2
380 339 4
382 562 2
384 6 2
384 156 24
384 168 7
384 312 2
384 332 2
384 423 2
384 457 10
384 531 1419
384 597 2
384 692 2
384 841 10
384 962 15
385 2 142
385 213 2
385 513 2
385 563 2
386 64 2
386 73 3
386 160 2
386 275 2
386 846 10
386 849 20
386 912 3
387 147 87
387 297 1973
387 545 2
387 1016 8
388 332 15
389 596 2
390 566 94
391 8 2
391 461 2
391 800 2
392 38 5
392 336 8
392 553 7
393 461 271
394 80 20
394 211 2
394 590 52
395 4 32
395 647 11
396 6 725
396 454 2
396 536 2
396 546 3
396 777 2
396 915 4
396 960 4
397 132 7
397 518 8
398 943 88
399 9 2
400 21 2
400 144 2
400 712 2
401 16 70
401 58 2
401 284 9
401 932 4084
402 80 38
403 20 23
404 209 2
405 160 5
406 677 11
406 928 6
407 591 2
408 405 9
408 576 4
409 66 2
409 105 15
409 417 2
409 888 4
410 520 94
412 6 2
413 640 5
414 932 52
415 101 8
416 279 3
416 531 21
416 832 14
419 7 2
419 844 2
420 32 2
420 114 12
420 288 4
420 424 2
420 538 2
420 545 2
421 400 69
422 736 2
423 384 2
423 651 4
425 261 13
425 746 2
425 776 2
427 580 20
428 32 2
428 194 16
428 620 3
428 880 22
430 8 2
430 68 2
433 24 10
433 197 2
433 398 3
436 641 12
437 2 2
441 21 10
442 146 210
442 691 2
444 769 24
444 801 2
448 92 19
448 513 12
448 655 2
449 321 3
452 48 2
452 136 2
452 488 8
452 512 6
452 513 2
453 368 3
453 661 30
454 9 3
454 437 2
454 634 11
454 782 4
455 640 239
456 105 2
456 376 2
460 462 2
460 566 7
461 901 5
462 516 10
462 641 5
463 916 12
464 265 67
464 928 2
465 531 6
465 761 14
467 211 6
470 713 53
472 226 9
472 801 21
473 6 11
473 600 76
473 800 322
476 775 17
480 0 4
480 665 2
480 731 19
480 928 8
481 288 4
481 416 5294
482 64 3
482 208 3
482 285 3
483 276 2
484 841 31649
485 134 2
488 334 2
489 64 3
491 112 3
496 433 4
496 978 5
504 267 3
506 706 32
512 1 5
512 5 4
512 52 3
512 65 2
512 153 127
512 173 30
512 266 28
512 420 8
512 438 13
512 453 32
512 482 13
512 514 2
512 522 13
512 685 8
512 936 236
513 5 18
513 42 93
513 47 3
513 65 7
513 112 3
513 304 26
513 548 2
513 640 4
513 644 2
514 11 7
514 36 4
514 160 3
514 401 15
514 452 2
514 522 3
514 780 6
515 273 2
515 598 2
516 33 40
516 69 3
516 72 1092
516 169 11
516 357 5
516 385 2
516 555 2
516 582 2
516 605 532
516 779 9
517 0 17
517 3 15
517 8 983
517 34 2
517 177 2
517 233 2
517 281 4
517 525 2
517 534 5
517 676 9
517 768 5
518 66 18
518 517 39
519 517 5
519 944 17
519 967 2
520 9 2
520 94 2
520 164 3
520 296 7
520 328 18
520 436 2
520 785 2
520 812 5
520 896 6
521 81 2
521 131 3
521 229 14
521 546 22661
521 560 2
522 1 17
522 121 2
522 234 2
522 549 9
522 652 2
523 650 13
524 159 1880
524 173 2
524 520 6
525 134 3
525 820 2
526 548 2
526 776 2
527 36 4
527 713 2
528 10 3
528 33 57
528 36 2
528 97 23
528 144 3
528 156 2
528 344 5
528 512 22
528 580 11
528 582 2
528 720 2
528 801 9
529 148 3
529 260 2
529 423 2
529 517 2
529 737 6
529 836 7
530 20 2
530 86 3
530 132 2
530 278 4
530 522 2
530 696 2
532 11 2
532 134 2
532 292 2
532 550 19
532 853 17
533 5 3
533 37 2
533 787 21
534 6 10
534 425 172432
534 786 4
534 928 4
534 932 14
535 10 33
536 10 2
536 244 18
536 412 2
536 687 2
536 902 224
537 99 2
537 138 3
537 257 7
537 478 4
538 74 515
538 84 2
540 256 3
540 481 15
541 344 2
541 793 9
544 6 2
544 21 45
544 24 3
544 160 2
544 401 8
544 536 6
544 542 5
544 551 89
544 597 3
544 718 243
545 209 2
545 226 16
545 520 2
545 914 1390
546 2 12
546 4 5
546 263 32
546 650 2
547 265 269
547 427 6
548 141 15
548 169 80
548 512 10
548 577 3
548 586 17
549 68 5
549 97 6
549 146 2
549 530 3
549 647 40
550 36 2
550 649 23
550 800 4
551 4 27
551 40 7
551 89 7
552 136 2
552 640 23
552 656 2
553 36 2
553 102 2
553 933 82
554 4 15
554 137 5
555 52 4
555 418 15
556 409 18
557 6 4
557 15 2
557 370 5
557 400 2
557 512 3
557 557 6
557 770 2
557 938 12
559 557 3
560 18 64
560 32 18
560 96 46
560 104 2
560 168 3
560 354 2
561 10 51
561 444 2
561 521 8
561 786 2
562 162 3
562 977 2
562 992 2
563 20 8
563 410 2
564 28 80
564 656 3
564 659 30
565 105 22
566 4 18
566 44 8
566 132 12
567 793 2
569 385 2
569 522 2
571 100 25
571 457 11
572 36 29
572 64 25
572 257 6
572 370 2
572 777 3
573 797 3
573 886 2
574 18 2
574 533 2
574 696 2
576 4 14
576 5 2
576 76 6
576 133 9
576 172 5
576 193 3
576 228 102
576 371 2
576 525 4
576 547 13
576 607 28
577 72 2
577 222 3
577 236 2
577 292 1008
577 401 2
577 577 2
577 661 12
578 26 15
578 120 3
578 136 5
578 554 2
578 575 2
579 136 4
579 621 46
579 789 9
580 64 7
580 507 9
580 528 125
580 598 2
581 645 15
582 633 25
583 129 28
584 432 165
585 64 5
585 208 2
585 354 2
586 64 4
586 530 93
586 658 2
587 608 8
588 784 3
590 520 7
590 788 14
591 147 2
592 2 14
592 4 2
592 148 2
592 322 2
592 528 13
592 566 2
592 585 780
592 856 4
593 429 2
595 58 32
595 557 5
596 11 8
596 33 2
596 91 2
596 154 2
596 385 8
599 92 4
600 68 6
600 115 2
600 562 9
600 575 27
601 335 2
602 480 3
604 913 4
605 80 2
606 281 15
606 807 2
607 288 2
608 176 2
608 185 3
608 648 3
609 28 3
609 210 12
609 225 2347
609 526 4
609 768 2
610 24 19
611 125 2
612 170 2
612 534 2
614 265 2
614 936 2
616 81 2
616 450 10
617 374 2
617 908 2
618 70 2
618 1004 75
619 76 3
619 140 5
619 231 5
621 293 5
623 1000 46
624 579 2
625 5 2
625 261 2
625 530 13
626 104 28
626 114 2
626 528 2
627 3 10
627 418 2
627 769 192319
628 76 2
629 446 8
629 528 153
631 24 2
632 18 5
635 546 1375
638 161 9
640 4 9
640 6 9
640 16 10
640 160 2536
640 181 2
640 246 9
640 258 2
640 369 2
640 421 2
640 525 3
640 659 2
640 732 2
640 938 2
642 562 2
642 724 57
643 73 2
643 775 7
644 48 18
644 387 112
644 660 5
644 756 2
644 769 5
645 4 2
645 25 13
645 548 2
645 963 2
646 289 2
646 388 2
648 76 4
648 98 3
648 210 2
648 369 2
648 512 2
648 694 6
648 769 15
649 4 3
649 48 3
650 108 2
650 216 2
650 953 4
651 290 4
652 257 2
654 565 10
655 384 12
655 761 2
656 3 7
656 259 10
656 278 2
656 370 2
656 833 8
657 79 106
657 201 59
658 10 2
658 26 9
658 226 1494
660 52 2
660 85 4
660 648 3
661 244 2
662 374 35
664 16 13
664 781 193
665 3 6
665 260 2
666 66 354
668 749 2
670 515 3
672 64 9
672 129 2
672 514 16702
672 608 7
672 717 3
673 104 2
674 259 3
674 288 2
674 401 2
674 672 2
675 257 2
676 52 5
677 121 2
677 641 34
678 237 28
679 556 32
680 20 19
680 105 2
680 450 4
680 540 3
681 6 2
681 33 2
682 14 9
682 156 2
686 593 4
688 385 11
689 80 13
690 110 43
691 12 5
692 260 7
693 397 2
693 522 4
694 6 3
694 768 2
694 931 32
695 517 2
695 585 3
696 885 13
697 710 2
700 18 4
700 229 2
700 864 2
701 34 5
701 941 9
704 34 11
704 292 12
704 370 2
704 514 4
705 596 17991
705 854 2
706 17 11
706 161 9
706 460 2
709 325 2
709 354 3
709 644 2
709 843 3
710 2 2
711 19 7
712 35 3
712 141 2
712 283 9
713 593 5
713 837 497
716 98 2
716 339 270
716 649 2
716 842 3
719 512 2
720 7 2
720 144 3
720 803 5
721 0 2
721 104 2
721 170 13
721 323 2
721 584 2
722 100 2
722 104 113
722 258 2
722 393 341
722 398 2
722 464 3
723 142 18
724 596 19
725 65 2
728 227 3
728 350 3
728 712 7
729 578 3
730 332 2
736 24 2
737 25 2
737 64 2
737 288 2
737 610 2
738 970 5
740 235 5
740 778 16
740 801 2
741 45 2
742 97 20
743 787 13
744 280 4
744 762 18
746 536 16
752 261 7
752 494 2
752 786 167
754 32 4
759 130 2
760 40 2
760 220 6
760 257 2
760 300 5
763 668 2
765 513 2
768 226 2
768 326 16
768 502 6
768 608 2
768 666 2
768 736 11
768 738 2
768 926 2
769 34 27
769 277 3
769 350 2
769 640 2
769 773 3
770 211 14
770 256 2
770 663 214
771 793 6
771 800 2
772 0 2
772 32 7
772 130 2
773 1 3
774 8 7
775 921 4
776 101 4
776 155 6
776 586 2
777 200 724
777 318 2
777 539 2
777 554 2
777 608 2
777 641 8
778 330 4
778 389 2
778 707 6
780 14 152
780 16 2
780 193 876
780 552 2
780 707 2
780 901 58
781 222 2
781 496 2
782 226 11
782 405 4
784 1 4030
784 514 535
784 569 2
784 604 16
784 634 2
785 257 2
786 142 2
786 521 9
786 576 9
786 914 9
787 199 6
788 25 2
788 332 2
792 594 3
793 52 2
793 498 5
793 628 2
795 422 62
795 661 17
798 776 9
800 9 51
800 45 2
800 73 2
800 97 129
800 133 3
801 34 2
801 642 3006
802 660 3
802 769 343
803 512 5
804 0 7
804 104 7
804 337 2
804 779 20
805 781 66
806 43 3
806 326 2
806 480 2
808 526 11
808 777 2
808 937 24
810 17 2
810 394 13
812 778 2
814 161 6
814 264 2
814 523 3
814 905 39
816 18 2
816 24 3
817 784 2
818 253 2
819 69 2
821 236 3
822 211 393
824 392 3
824 609 13
824 978 6
828 592 2
830 356 2
832 16 3
832 21 14
832 281 6
832 304 1161
832 328 2
832 427 110
833 147 74
833 999 12
834 0 8
834 32 9
834 104 10
834 148 2
835 392 6
835 583 12
836 86 13
836 388 5
836 485 2
838 785 2
839 21 26
840 96 8
840 545 3
841 370 2
842 132 5
842 200 201
843 939 6
844 584 35
845 561 9
845 624 2
848 90 2
848 899 2
849 792 10
849 1018 7
850 308 2
850 776 10
852 2 27
852 72 10
852 824 2
856 866 2
857 42 4
862 130 25
863 516 18
864 23 33
864 786 15
866 260 10
867 998 2
868 332 20
870 6 2
870 68 3
872 32 6
873 9 26
874 360 3
878 258 9
882 42 4
882 778 2
884 802 2
885 601 2
895 603 2
896 330 2
896 868 2
897 523 2
897 1002 4
898 336 3
898 699 5
899 537 10
900 4 32
900 162 2
900 313 29
902 131 3
902 420 11
904 112 2
904 231 19
904 888 2
904 929 3
905 12 11118
905 196 29
905 248 30
905 540 2
905 572 13
906 137 15
906 210 16
906 328 9
907 276 43
908 456 13
910 614 32
911 5 2
911 10 3
911 896 9
912 2 2
912 129 96
914 216 2
914 669 23
916 742 10
916 777 2
917 912 16
920 200 6
921 320 27
922 8 2
922 784 152
924 33 16412
927 190 2
928 64 4
928 384 8
928 518 1406
929 10 12
929 257 7
929 316 5
930 547 8
930 720 2
931 230 2
931 657 13
932 274 10815
932 783 34
933 657 15
934 94 15
938 261 17570
938 316 10
940 512 2
941 771 2
944 165 6
944 756 19
945 456 2
946 205 3
947 568 36
948 9 22
952 37 2
953 905 7
956 846 2
961 131 2
961 291 2
961 333 2
961 472 10
961 481 2
963 130 5
966 29 2
966 192 24
966 197 2
966 555 845
968 51 25
968 360 198
969 769 2
971 566 3
975 205 4
976 321 3
976 779 20
977 22 527
977 34 216
978 817 30
984 324 6
985 268 2
987 962 13
988 366 3
990 35 5
998 127 10
1000 260 2
1001 286 11
1002 652 202
1002 912 51
1003 684 5
1004 129 6
1013 316 2
1018 358 12
1020 371 2
1021 643 4
