0 4 2
0 9 2
0 29 6
0 47 3
0 112 3
0 135 7
0 150 38
0 166 2
0 215 7
0 256 3
0 265 19
0 274 3
0 321 7
0 415 2
0 670 2
0 674 7
0 679 2
0 843 3
0 902 2
0 917 2
0 936 2
1 7 2
1 15 2
1 30 25
1 37 2
1 70 2
1 82 2
1 135 4
1 228 2
1 292 2
1 481 220
1 535 2
1 644 3
1 768 112
1 825 2
1 920 11
2 0 9
2 3 7
2 8 2
2 48 15
2 132 4
2 167 63
2 267 6
2 328 2
2 523 2
2 826 2
3 272 2
3 277 85
3 652 7
3 817 4
4 4 1069
4 15 9
4 24 2
4 50 29
4 60 2
4 64 12
4 248 9
4 293 2
4 368 2
4 517 1351
4 576 2
4 683 2
4 774 14
4 803 2
4 808 9
5 216 2
5 584 3
5 887 33
6 148 6
6 212 20
6 259 2
6 267 6
6 268 21
6 466 21
6 512 31
6 798 2
6 1002 2
7 81 12
7 110 216
7 237 4
8 1 2
8 2 2
8 19 2
8 32 10
8 42 2
8 58 6
8 202 2
8 272 7
8 273 14
8 386 660
8 486 2
8 552 230
8 642 13
8 656 2
8 735 2
8 850 91
8 902 26
9 39 187
9 43 2
9 274 2
9 416 404
9 572 3
9 823 5
9 907 7
10 40 2
10 84 2
10 160 36
10 176 2
10 208 2
10 518 2
10 523 2
10 584 2
10 599 492
10 680 31
10 778 10
11 586 100
11 752 18
12 0 9
12 55 3
12 65 2
12 116 5
12 128 3
12 269 14
12 366 25
12 634 1114
13 66 6325
13 192 5
13 224 8627
13 320 14
13 780 5
14 152 5
14 210 5
14 321 2
14 376 2
14 584 3
15 352 2
15 485 2
15 659 39
15 854 5
16 9 2
16 24 36
16 64 21
16 96 8
16 148 2
16 198 382
16 516 4
16 643 2
16 806 12
17 48 2
17 129 3
17 258 2
18 51 2
18 290 6
18 641 13
18 645 3
19 7 6
19 24 21
19 657 2
19 709 30
20 1 8
20 28 2
20 36 3
20 69 2
20 176 20
20 194 3
20 323 110
20 786 7
21 116 2
21 258 6
21 308 4
22 24 2
22 68 2
22 133 2
22 281 2
22 320 2
22 565 3
23 328 2
23 770 16
23 886 2
24 9 4
24 533 2
24 786 2
24 848 15
24 944 2
25 523 4
25 592 2
26 20 5
26 22 2
26 109 2
26 801 7
27 210 2
27 547 11
27 549 7
28 72 6
28 624 2
28 647 5
29 5 2
29 327 5
29 532 11
30 21 5
30 52 14
30 129 1507708
30 588 6
31 77 27
31 561 8291
32 16 319
32 42 3
32 72 10
32 196 7
32 204 12
32 211 3
32 219 8
32 276 17
32 388 23
32 414 5
32 514 2
32 612 158
32 641 18
32 721 63
32 803 2
32 848 2
32 960 2
33 2 32
33 3 6
33 31 17
33 64 457
33 276 5
33 277 21
33 320 15
33 898 22
34 144 6
34 324 14
34 663 3
34 720 2
34 800 3
35 266 2
35 551 2
35 689 23
36 12 2
36 34 11
36 48 146
36 257 2
36 266 2
36 288 2
36 448 2
36 555 66
36 705 15
36 858 2
37 2 8
37 13 2
37 364 9
37 520 2
37 594 12
37 640 35
38 180 2
38 204 8
38 544 2
39 48 55
39 982 2
40 9 5
40 20 3
40 65 2
40 256 2
40 512 2
40 605 2
40 645 6
40 672 13
40 756 26
40 840 31
40 980 2
41 96 2
41 276 46
41 321 2
41 513 2
41 987 3
42 42 10
42 140 36
42 329 2
42 778 3
42 839 2
43 1 21
43 546 2
44 10 528
44 47 2
44 430 12
44 524 11
45 23 2
45 74 41
45 266 20
45 615 8
45 808 2
45 844 5
47 80 2
47 1022 3
48 67 157
48 176 2
48 193 2
48 198 216
48 226 2
48 646 2
48 708 2
48 843 12
48 932 29
49 4 14
49 310 3
49 313 12
49 516 294
50 9 16
50 113 17
51 70 2
51 377 5
51 516 25
52 46 35
52 188 2
52 285 2
53 146 15
53 245 11
54 718 2
55 278 11
56 89 2
56 267 385
56 472 2
56 544 6
56 560 25
57 5 5
57 33 3
58 113 3
59 58 2
59 292 2
59 453 13
60 3 2
60 5 2
60 33 3
60 112 7
60 948 15
61 648 99
62 521 7
62 612 6
64 26 3
64 41 4
64 192 2
64 194 2
64 197 2
64 203 26
64 272 2
64 370 2
64 481 2
64 514 8
64 686 2
64 756 6
64 771 5
64 780 2
64 790 2
65 96 2
65 118 2
65 218 43
65 241 2
65 274 275
65 421 2
65 515 2
65 571 15
65 614 2
66 140 2
66 545 12
67 2 15
67 16 2159
67 20 4
67 37 45
67 73 4
67 453 3
67 482 34
68 153 40
68 192 3
68 226 2
68 284 4
68 322 2
69 138 4
69 529 4
69 572 2
69 768 38
70 109 2
70 212 3
70 431 2
70 608 3
70 642 3
70 648 2
70 672 2
71 409 5
72 8 2
72 37 4
72 65 6
72 280 5
72 437 7
73 39 3
73 640 5
73 870 3
73 999 12
74 512 15
74 548 3
74 600 9
74 768 16
74 1012 6
75 259 2
75 576 3
76 76 2
76 133 285
76 586 2
76 855 8
77 256 4
77 267 2
77 450 2
77 456 8
78 288 222
78 517 11
78 784 14
78 919 2
79 165 11
79 386 10
80 0 3
80 51 7
80 82 3
80 211 80
80 528 5
80 677 10
81 807 2
82 280 2
82 283 11
83 115 30
83 124 2
83 304 7
83 784 3
84 64 5
84 216 7
84 490 4
85 31 2
86 234 25
87 353 9
87 462 2
87 512 2
87 515 2
88 330 1010
88 782 31789
89 4 3
89 76 6
90 20 5
90 274 2
90 843 13
90 977 23
90 988 4
91 652 2
91 951 2
92 38 2
92 91 2
93 49 111
93 669 11
94 869 2
95 34 9
96 32 20
96 80 2
96 103 3
96 148 4
96 208 2
96 220 10
96 276 2
96 321 11
96 547 5
97 48 2
97 130 2
97 144 2
97 167 2
97 286 20
97 473 2
97 525 240
98 14 2
98 352 242
98 401 2
98 671 2
98 928 6
99 117 2
99 134 2
100 128 3
100 294 6
100 752 212
100 901 2
101 70 3
101 124 24
101 161 2
101 169 77
101 392 17
101 599 2
102 6 6
102 78 2
102 166 2
103 704 4
104 26 5
104 28 2
104 48 5
104 64 42
104 132 2
104 313 5
104 512 4
104 673 2
105 3 16
105 296 2
105 779 3
106 516 48
106 652 3
107 3 2
108 133 4
108 514 215
109 707 3
111 12 3
112 0 66
112 1 6
112 3 11
112 28 2
112 84 2
112 107 75
112 165 13
112 776 5
114 68 30952
114 452 3
114 497 10
114 872 1430
116 33 2
117 803 12
118 565 7
119 446 610
119 836 2
120 0 9
121 536 3
122 24 2
122 294 16
123 600 997
124 304 2
125 268 30
128 58 61
128 134 5
128 208 5
128 320 5
128 362 164
128 375 2
128 376 4
128 433 27
128 453 2
128 806 2
129 0 29
129 10 2
129 37 165725
129 39 126
129 88 2
129 163 4
129 584 3
129 707 2
130 78 2
130 272 17
130 273 2
130 368 2
130 520 109
130 528 44
130 540 2
130 675 11
130 772 2
130 980 2
131 581 9
132 6 6
132 17 2
132 94 2
132 137 28
132 372 36
132 516 11
132 713 2
132 916 2
132 957 2
133 23 3
133 138 6
134 67 3
134 84 2
134 208 2
134 224 3
134 377 35
134 516 2
134 768 2
135 258 6
136 21 11
136 39 2
136 81 7
136 482 4
136 610 2
136 657 3
136 684 7
136 831 2
137 148 6
137 256 2
137 259 272
137 325 12
137 678 2
137 778 3
138 415 8
138 590 21378
138 902 51
139 87 2
139 426 16
139 865 17
140 135 2916
140 143 2
140 168 5
140 464 2
140 776 2
141 521 2
141 954 3
142 641 3
143 116 2
143 187 2
143 286 2
144 68 2
144 248 2
144 257 2
144 418 2
144 520 20
144 800 2
145 1 31
145 2 7
145 67 8
145 94 2
145 216 3
145 273 2
145 513 33
145 576 2
146 69 2
146 146 11
146 396 5
146 910 2
147 513 84
147 522 7
148 139 7
148 146 2
148 464 5
148 515 7
148 912 6
149 20 2
149 633 2
149 649 4
150 141 591
150 160 2
150 656 2
151 102 2
151 207 14
151 250 4
153 151 4
153 171 5
153 592 3
153 598 5
156 54 2
156 133 6
156 521 2
157 404 47
158 104 7
159 526 2
160 144 6
160 452 2
160 644 2
160 801 6
161 40 4
161 326 5
161 376 17
161 524 2
161 717 2
161 898 18
162 160 29
162 290 2
162 306 2
163 361 6814
163 601 8
164 34 16
164 38 2
164 264 2
164 280 23
164 329 2
164 636 2
164 646 2
165 141 105
165 397 2
167 104 2
167 289 9
167 384 2
167 712 2
168 8 8
168 52 70
168 67 2
168 68 117
169 25 2
169 514 21
171 144 5
172 8 2
172 569 13
172 664 20
173 261 11
174 493 2
174 582 2
175 863 2
176 32 17
176 137 2
176 270 4
176 273 16
176 916 7
176 932 1663
177 128 2
177 280 2
177 560 13
177 611 19
178 100 2
178 144 2
178 580 16
179 429 345
180 19 10
180 152 4
180 600 2
181 97 4
181 331 2
181 964 2
182 672 2
182 728 7
184 141 8
184 161 29
184 664 2
185 5 14
185 42 2
186 272 6
186 582 3
187 800 10
188 4 17
192 43 12
192 52 56
192 177 2
192 388 2
192 392 2
192 524 5
192 536 2
192 713 3
192 898 4733
192 904 4
192 999 2
193 8 85
193 28 2
193 120 6
193 162 2
193 422 5
193 718 20
193 775 3099
196 81 8
196 286 2
196 377 9
197 61 163
197 297 4
197 592 4
197 611 4
197 769 2
198 3 35
198 812 52
200 577 2
200 924 42
201 39 7
201 98 3
201 140 16
202 11 2
203 654 2
204 520 2
205 457 745
206 80 37
206 530 3
208 12 2
208 534 2
209 55 123
210 882 2
211 4 40
212 69 2
212 112 5
212 262 2
212 285 2
212 673 2
213 64 5
214 369 20
214 585 6
216 138 2
216 792 4
217 923 2
218 86 2
219 389 11
220 176 8
220 658 2
222 532 7
222 852 92
225 257 2
225 316 2
225 948 2
226 35 2
226 157 4
227 592 50
227 838 10
228 32 40
228 294 6
231 261 16
232 5 4
232 80 6
232 130 5
232 480 3
233 212 16
233 912 4
233 973 2
234 848 2
234 917 2
235 281 3
235 645 18
237 91 58
238 620 2
238 642 2
240 18 4
240 66 4
240 799 2
240 914 8
241 206 2
241 245 3
242 156 2
244 356 13
244 932 2
245 705 2
246 64 1375
247 626 19
248 290 28
248 557 2
248 902 2
253 636 17
256 4 323
256 5 103
256 68 3362
256 69 4
256 97 14
256 160 3189
256 212 2
256 243 2
256 312 4
256 344 2
256 512 3
256 522 2
256 616 54
256 705 5
256 764 9
256 772 2
256 804 7
256 904 14
256 963 2
256 992 3
257 0 7
257 156 12
257 268 2
257 272 6
257 680 53
257 806 2
257 912 6
257 920 2
257 945 11
258 24 8
258 34 9
258 36 6
258 138 2
258 265 12
258 673 50
258 810 24
258 880 2
259 7 10
259 165 2
259 226 2
259 268 14
259 532 2
260 256 2
260 295 2
260 522 2
260 545 3
260 678 3
260 978 9
261 8 9
261 67 2
261 72 23
261 356 12
261 995 2
262 32 1632
262 134 11
262 193 2
262 256 12
262 906 3
262 1013 9
264 1 12
264 4 2
264 296 3
264 320 8
264 568 28
265 264 3
265 339 65
265 632 2
266 56 2
266 242 2
266 272 3
266 326 62
266 336 2
266 504 2
267 523 7
267 581 53
268 12 2
268 34 16
268 192 2
268 512 839
268 524 27
268 577 5
269 444 2
269 640 16
270 73 55
270 532 2
272 41 14
272 162 2
272 225 4
272 234 385
272 259 2
272 280 12
272 378 2
272 520 5
272 554 4
272 640 2
272 684 8
272 899 6
273 581 2
273 693 8
273 809 43
273 903 2
274 98 2
274 334 15
275 4 6
275 16 5
275 116 2
275 133 2
275 485 2
275 512 7
276 392 3
276 538 12
276 661 153
277 8 2
277 27 7
277 128 13
277 385 177
278 258 11
279 18 4
279 901 4
280 82 2
280 600 112
280 674 2
281 101 2
282 136 2
282 576 8
282 717 7
282 787 13
283 35 2
283 514 2
284 835 2
285 104 8
286 12 2
286 624 2
286 832 47
287 448 10
287 802 42
288 50 55
288 132 4
288 224 2
288 292 6
288 545 7
288 776 2
289 36 8
289 60 4
289 156 2
289 345 2
289 468 6
289 753 79
289 788 7
290 0 493
290 258 3
290 388 89
291 610 9
291 967 4
292 7 5
292 19 2
292 134 2
292 162 2
292 593 2
294 27 2
294 864 196
296 57 14
296 84 3
296 131 112
296 231 2
296 260 2
296 288 2
296 336 3
296 516 2
297 167 2
297 389 131
297 742 2
298 75 2
298 800 15
299 78 5
299 291 2
300 29 23
300 140 10
301 274 67
301 777 2
303 292 25
304 8 19
304 42 2
304 63 26
304 106 192
304 212 2
304 258 62
304 292 5
305 11 2
305 34 2
305 163 2
306 550 2
306 918 4
307 514 5
308 21 58
308 583 13
308 640 2
308 692 34
308 832 2
308 848 25
309 77 13
309 774 11
310 44 2
310 936 17
314 109 10
314 376 2
314 518 2
316 452 6
318 532 2
318 914 2
320 29 76
320 315 13
320 407 6
320 468 2
320 641 2
320 720 14
321 4 2
321 262 4
321 768 15
321 834 2
321 1008 5
322 80 2
322 272 76
322 899 2
322 902 3
323 360 5
324 16 5
324 106 13
324 179 2
324 200 36
324 513 26
324 530 18
325 74 8
325 145 2
325 192 21
325 614 4
325 720 31
326 32 5
326 116 2
326 280 19
327 675 4
328 45 3
328 853 9
329 35 10
329 836 4
330 8 2
330 204 2
331 512 19
332 456 14
332 643 2
334 265 2
334 288 2
335 391 2
336 18 20
336 576 8
336 632 7
337 352 28
337 833 2
338 33 2
338 160 3
338 169 13
339 42 8
340 704 124
341 576 8
342 15 2
342 168 36
342 272 10
342 536 2
343 475 2
344 188 2
344 676 2
345 728 31
345 992 2
346 11 17
346 89 16
347 11 7
347 149 2
347 313 18
348 128 3
348 395 3
349 12 168
352 409 190
352 419 5
352 514 8
352 680 2
352 860 9
353 138 2
353 389 2
353 684 16
354 25 4
354 30 3
354 288 2
354 836 2
354 969 2
355 134 3
355 634 5
356 800 173
357 433 21
358 168 2
358 197 14
360 555 3
360 732 2
360 810 2
361 266 12
361 316 15
362 34 116
363 162 6
363 424 2
364 740 2
366 657 2
368 49 204
368 738 26
371 112 13
371 705 12
371 772 18
372 352 7
376 193 2
379 333 5
380 339 5
382 562 14
384 6 15
384 156 2
384 168 2
384 312 2
384 332 2
384 423 3332
384 457 2
384 531 2
384 597 2
384 692 3
384 841 4
384 962 4
385 2 499
385 213 2
385 513 2
385 563 10
386 64 2
386 73 2
386 160 4
386 275 2
386 846 9
386 849 18
386 912 5
387 147 34
387 297 3
387 545 3
387 1016 330
388 332 44
389 596 1320
390 566 2
391 8 2
391 461 2
391 800 168
392 38 4
392 336 2
392 553 5
393 461 5
394 80 2
394 211 2
394 590 2
395 4 2
395 647 3
396 6 4
396 454 3
396 536 2
396 546 5
396 777 2
396 915 3
396 960 8
397 132 71
397 518 15
398 943 2
399 9 3
400 21 2
400 144 10
400 712 4
401 16 49
401 58 2
401 284 2
401 932 4
402 80 15
403 20 5
404 209 2
405 160 28
406 677 45126
406 928 3
407 591 172
408 405 3
408 576 5
409 66 6
409 105 2
409 417 20
409 888 3
410 520 2
412 6 59
413 640 13
414 932 2
415 101 2
416 279 15
416 531 2
416 832 10
419 7 2
419 844 5
420 32 3
420 114 3
420 288 7
420 424 3
420 538 4
420 545 7
421 400 2
422 736 2
423 384 152
423 651 7
425 261 68
425 746 2
425 776 2
427 580 110
428 32 2
428 194 2
428 620 9
428 880 209
430 8 1096
430 68 2
433 24 2
433 197 2
433 398 2
436 641 2
437 2 2
441 21 4
442 146 2
442 691 8
444 769 10
444 801 2
448 92 11
448 513 2
448 655 3
449 321 3
452 48 10
452 136 12
452 488 16
452 512 2
452 513 2
453 368 2
453 661 34
454 9 6
454 437 12
454 634 6
454 782 16
455 640 117
456 105 14
456 376 4
460 462 5
460 566 2
461 901 2
462 516 2
462 641 14
463 916 12
464 265 7
464 928 3
465 531 9
465 761 32
467 211 20720
470 713 13
472 226 3
472 801 2
473 6 11
473 600 35
473 800 2
476 775 17
480 0 8
480 665 15
480 731 29
480 928 54
481 288 12
481 416 2
482 64 4
482 208 9
482 285 4
483 276 169
484 841 3
485 134 665
488 334 4
489 64 3
491 112 2
496 433 2
496 978 2
504 267 3
506 706 15
512 1 2
512 5 8
512 52 2
512 65 19
512 153 2
512 173 3
512 266 2
512 420 2
512 438 2
512 453 45
512 482 15
512 514 3
512 522 39
512 685 4
512 936 306481
513 5 5
513 42 2
513 47 2
513 65 11
513 112 2
513 304 158
513 548 11
513 640 5
513 644 44
514 11 13
514 36 4
514 160 10
514 401 2
514 452 6
514 522 11
514 780 10
515 273 9
515 598 13
516 33 2
516 69 3
516 72 2
516 169 2
516 357 3
516 385 8
516 555 7
516 582 3
516 605 2
516 779 15
517 0 7
517 3 4
517 8 2
517 34 2
517 177 2
517 233 2
517 281 7
517 525 2
517 534 3
517 676 171
517 768 2
518 66 9
518 517 6
519 517 3
519 944 85
519 967 2
520 9 21
520 94 2
520 164 12
520 296 6
520 328 3
520 436 19
520 785 3
520 812 2
520 896 6
521 81 433
521 131 2
521 229 19
521 546 10
521 560 254
522 1 10
522 121 2
522 234 2
522 549 9
522 652 3
523 650 11
524 159 2
524 173 3
524 520 7
525 134 22
525 820 32
526 548 2
526 776 3
527 36 15
527 713 4
528 10 2
528 33 3
528 36 54
528 97 35
528 144 2
528 156 880
528 344 7
528 512 8
528 580 2
528 582 2
528 720 2
528 801 2
529 148 11
529 260 5
529 423 2
529 517 2
529 737 5
529 836 21
530 20 2
530 86 15
530 132 4
530 278 4
530 522 2
530 696 6
532 11 2
532 134 4
532 292 34
532 550 47
532 853 2
533 5 2
533 37 2
533 787 7
534 6 2
534 425 41
534 786 2
534 928 2
534 932 5
535 10 532
536 10 2
536 244 6
536 412 46
536 687 2
536 902 41
537 99 3
537 138 3
537 257 3
537 478 2
538 74 2
538 84 2
540 256 14
540 481 5
541 344 6
541 793 2
544 6 2
544 21 20
544 24 2
544 160 13
544 401 6
544 536 2
544 542 7
544 551 72
544 597 2
544 718 3
545 209 24
545 226 7
545 520 2
545 914 13
546 2 2
546 4 5
546 263 8
546 650 2
547 265 2
547 427 3
548 141 2
548 169 19
548 512 38
548 577 19
548 586 2
549 68 20
549 97 142
549 146 147
549 530 3
549 647 2
550 36 2
550 649 20
550 800 8
551 4 5
551 40 9
551 89 8
552 136 5
552 640 4
552 656 2
553 36 2
553 102 2
553 933 8
554 4 2
554 137 6
555 52 7
555 418 238
556 409 9
557 6 55392
557 15 2
557 370 2
557 400 34
557 512 2
557 557 4
557 770 25
557 938 2
559 557 4
560 18 2
560 32 7
560 96 2
560 104 1491
560 168 8
560 354 431346
561 10 2
561 444 29
561 521 2
561 786 47891
562 162 2
562 977 11
562 992 2
563 20 8
563 410 3
564 28 5
564 656 2
564 659 24
565 105 5
566 4 5
566 44 2
566 132 3
567 793 2
569 385 48
569 522 4768
571 100 9
571 457 2
572 36 2
572 64 45
572 257 5
572 370 2
572 777 2
573 797 2
573 886 109
574 18 2
574 533 40
574 696 64
576 4 3
576 5 2
576 76 3
576 133 14
576 172 8
576 193 5
576 228 2
576 371 28
576 525 3
576 547 4
576 607 2
577 72 27
577 222 2
577 236 2
577 292 10
577 401 2
577 577 3
577 661 2
578 26 11
578 120 81
578 136 2
578 554 2
578 575 29
579 136 6
579 621 14
579 789 14
580 64 2
580 507 3
580 528 891
580 598 2
581 645 90
582 633 2
583 129 6
584 432 89
585 64 3
585 208 2
585 354 2
586 64 2
586 530 16
586 658 2
587 608 37
588 784 8
590 520 2
590 788 15
591 147 4
592 2 5
592 4 2
592 148 2
592 322 5
592 528 5008
592 566 8
592 585 115
592 856 26
593 429 2
595 58 38
595 557 2
596 11 2
596 33 2
596 91 4
596 154 2
596 385 13
599 92 4
600 68 9
600 115 2
600 562 55
600 575 2
601 335 3
602 480 3
604 913 2
605 80 8
606 281 31
606 807 196
607 288 2
608 176 4
608 185 7
608 648 3
609 28 213
609 210 2
609 225 2
609 526 2
609 768 2
610 24 12
611 125 2
612 170 11
612 534 33
614 265 19
614 936 2
616 81 25
616 450 3
617 374 2
617 908 4
618 70 2
618 1004 75
619 76 5
619 140 8
619 231 5
621 293 9
623 1000 23
624 579 2
625 5 2
625 261 2
625 530 2
626 104 2
626 114 2
626 528 2
627 3 13
627 418 3
627 769 66399
628 76 2
629 446 12
629 528 1510
631 24 5
632 18 2
635 546 2
638 161 28
640 4 7
640 6 19
640 16 6
640 160 140
640 181 11
640 246 17
640 258 2
640 369 2
640 421 2
640 525 5
640 659 2
640 732 2
640 938 2
642 562 3
642 724 303
643 73 2
643 775 2
644 48 2
644 387 24
644 660 39
644 756 35
644 769 28
645 4 102
645 25 56
645 548 493
645 963 19
646 289 2
646 388 2
648 76 9
648 98 11
648 210 2
648 369 2
648 512 5
648 694 3
648 769 48
649 4 2
649 48 2
650 108 84
650 216 2
650 953 2
651 290 34
652 257 3
654 565 45
655 384 3
655 761 2
656 3 12
656 259 3
656 278 2
656 370 2
656 833 7
657 79 14
657 201 2
658 10 2
658 26 2
658 226 2
660 52 6066
660 85 2
660 648 2
661 244 2
662 374 22
664 16 16
664 781 2
665 3 2
665 260 72
666 66 2
668 749 2
670 515 10
672 64 25
672 129 72
672 514 8801
672 608 10
672 717 2
673 104 2
674 259 4
674 288 2
674 401 80
674 672 5
675 257 2
676 52 2
677 121 2
677 641 3
678 237 160
679 556 8
680 20 2
680 105 2
680 450 2
680 540 3
681 6 5
681 33 6
682 14 11
682 156 2
686 593 12
688 385 14
689 80 11
690 110 535
691 12 6
692 260 2
693 397 2
693 522 15
694 6 5
694 768 8
694 931 2
695 517 5
695 585 10
696 885 3
697 710 3
700 18 5
700 229 39
700 864 65
701 34 3
701 941 7
704 34 3
704 292 6
704 370 450
704 514 7
705 596 2
705 854 46
706 17 8
706 161 11
706 460 2
709 325 2
709 354 7
709 644 2
709 843 16
710 2 4
711 19 7
712 35 8
712 141 7
712 283 3
713 593 6
713 837 21
716 98 300
716 339 7
716 649 10
716 842 2
719 512 2
720 7 2
720 144 2
720 803 127
721 0 3
721 104 490
721 170 3
721 323 4
721 584 2
722 100 2
722 104 2
722 258 2
722 393 2
722 398 2
722 464 2
723 142 19
724 596 3
725 65 2
728 227 5
728 350 2
728 712 12
729 578 9
730 332 2
736 24 2
737 25 2
737 64 55
737 288 2
737 610 27
738 970 2
740 235 2
740 778 128
740 801 62
741 45 2
742 97 22
743 787 8
744 280 2
744 762 4
746 536 8
752 261 11
752 494 2
752 786 2
754 32 7
759 130 12
760 40 2
760 220 2
760 257 2
760 300 123
763 668 10
765 513 2
768 226 2
768 326 13
768 502 24
768 608 9
768 666 2
768 736 2
768 738 4
768 926 23
769 34 3
769 277 5
769 350 2
769 640 2
769 773 2
770 211 22
770 256 3
770 663 2
771 793 14
771 800 2
772 0 15
772 32 20
772 130 7
773 1 37
774 8 2
775 921 6
776 101 11
776 155 2
776 586 16
777 200 11
777 318 2
777 539 2
777 554 2
777 608 6
777 641 6
778 330 4
778 389 2
778 707 13
780 14 259
780 16 2
780 193 59
780 552 2
780 707 15
780 901 5
781 222 2
781 496 2
782 226 36
782 405 19
784 1 2
784 514 512
784 569 2
784 604 2
784 634 15
785 257 2
786 142 12
786 521 3
786 576 2
786 914 6
787 199 12
788 25 2
788 332 2
792 594 19
793 52 2
793 498 3
793 628 2
795 422 2
795 661 2
798 776 23
800 9 3
800 45 2
800 73 2
800 97 2
800 133 5
801 34 2
801 642 7
802 660 5
802 769 2
803 512 3
804 0 15
804 104 35
804 337 2
804 779 3
805 781 2
806 43 5
806 326 9
806 480 46
808 526 2
808 777 4
808 937 6
810 17 4
810 394 18
812 778 2
814 161 2
814 264 2
814 523 2
814 905 5
816 18 7
816 24 6
817 784 50285
818 253 11
819 69 3
821 236 2
822 211 107013
824 392 5
824 609 11
824 978 8
828 592 2
830 356 2
832 16 5
832 21 2
832 281 6
832 304 494
832 328 2
832 427 3
833 147 6
833 999 14025
834 0 9
834 32 5
834 104 13
834 148 2
835 392 10
835 583 2
836 86 2
836 388 2
836 485 2
838 785 9
839 21 2
840 96 13
840 545 2
841 370 15
842 132 4
842 200 30635
843 939 7
844 584 12
845 561 2
845 624 2
848 90 5
848 899 258
849 792 31
849 1018 3
850 308 5
850 776 2
852 2 128
852 72 2
852 824 184
856 866 9
857 42 2
862 130 684
863 516 3
864 23 517
864 786 2
866 260 5
867 998 2
868 332 6
870 6 2
870 68 4
872 32 13
873 9 7
874 360 2
878 258 2
882 42 57
882 778 8
884 802 1622567
885 601 2
895 603 2
896 330 2
896 868 172
897 523 239
897 1002 2
898 336 3
898 699 2
899 537 11
900 4 13
900 162 738
900 313 3
902 131 2
902 420 157
904 112 7
904 231 6
904 888 67
904 929 35
905 12 2
905 196 2
905 248 23
905 540 5
905 572 5
906 137 5
906 210 15
906 328 74
907 276 2
908 456 4
910 614 10
911 5 7
911 10 2
911 896 11
912 2 4
912 129 3
914 216 54
914 669 5
916 742 4
916 777 2
917 912 5
920 200 4
921 320 2
922 8 53
922 784 2
924 33 18
927 190 2
928 64 5
928 384 2
928 518 5
929 10 2
929 257 6
929 316 2
930 547 50
930 720 32
931 230 2
931 657 11
932 274 2
932 783 2
933 657 7
934 94 6
938 261 31
938 316 2
940 512 2
941 771 4
944 165 6
944 756 3
945 456 2
946 205 7
947 568 16
948 9 25
952 37 106
953 905 6
956 846 12
961 131 2
961 291 51
961 333 16
961 472 2
961 481 2
963 130 22
966 29 2
966 192 2
966 197 2
966 555 21
968 51 4
968 360 39
969 769 13917
971 566 27
975 205 2
976 321 2
976 779 27
977 22 10
977 34 16
978 817 74
984 324 12
985 268 2
987 962 2
988 366 2
990 35 4
998 127 2
1000 260 9
1001 286 13
1002 652 2
1002 912 2
1003 684 3
1004 129 3
1013 316 2
1018 358 2
1020 371 2
1021 643 3
