0 4 3
0 8 2
0 9 2
0 17 2
0 18 15
0 47 4
0 112 344
0 135 6
0 150 2
0 166 6
0 215 2
0 256 5
0 259 2
0 265 57
0 274 8
0 321 3
0 352 2
0 415 7
0 552 7
0 646 2
0 670 4
0 674 14
0 679 7
0 843 2
0 917 5
1 15 24
1 82 2
1 135 2
1 292 2
1 481 7
1 565 2
1 644 2
1 705 20
1 768 7
1 825 3
1 920 2
2 0 3
2 3 4
2 8 6
2 132 24
2 167 9
2 523 2
2 826 2
3 24 2
3 131 2
3 272 2
3 277 2
3 530 3
3 592 2
4 0 7
4 4 23
4 15 2
4 24 16
4 50 48
4 60 2
4 64 5
4 293 2
4 368 2
4 576 6
4 683 3
4 774 8
5 18 2
5 216 3
5 584 2
5 887 2
6 3 2
6 148 3
6 259 3
6 267 2
6 268 3
6 466 18
6 512 12
6 798 6
6 1002 2
7 81 6
7 110 2
7 237 9
7 715 2
8 1 11
8 2 2
8 19 2
8 42 2
8 202 2
8 272 16
8 273 2
8 386 2
8 393 4
8 486 2
8 552 2
8 642 5
8 735 2
8 902 2
9 39 52
9 43 18
9 416 11
9 526 2
9 572 8
9 823 2
9 907 2
10 75 3
10 84 2
10 176 2
10 208 23
10 518 2
10 523 5
10 599 2
10 680 2
10 778 1105
11 204 66
11 586 120
11 752 12
12 0 2
12 55 2
12 65 6441
12 116 2
12 128 2
12 269 2
12 366 2
12 781 2
13 66 36
13 192 76
13 224 2
13 320 24
13 780 3
14 127 24
14 152 2
14 210 2
14 321 2
14 376 2
14 616 62
15 352 2
15 485 5
15 659 28
15 854 2
16 9 2
16 24 2
16 64 23
16 198 2
16 643 9
16 806 7
17 129 3
17 258 40
18 51 6
18 203 245
18 215 3
18 290 4
18 641 28
18 645 12
19 7 2
19 24 2
19 657 3
19 709 2
20 1 2
20 10 3
20 28 113
20 36 19
20 69 2
20 176 6
20 194 26
20 323 20
21 116 2
21 258 2
21 308 2
22 68 2
22 107 2
22 133 22
22 320 14
22 565 4
23 770 51
23 886 4
24 9 64
24 533 2
24 781 2
24 786 10
24 848 2
24 944 3320
26 20 3
26 22 2
26 109 2
26 801 35
27 130 23
27 547 2
28 42 2
28 72 6
28 146 65
28 647 2
29 1 18
29 327 2
29 532 7
29 809 6
30 21 2
30 52 7
30 129 2
30 588 2
31 77 2
31 561 6
32 72 2
32 204 64
32 211 4
32 219 2
32 276 3
32 388 8
32 514 2
32 612 2
32 641 2
32 803 2
32 848 29
33 2 11
33 3 15
33 26 77
33 31 2
33 277 40
33 320 2
33 544 2
33 785 2
33 898 3
33 945 6553
34 144 3
34 292 2
34 324 5
34 561 2
34 663 4
34 720 12
35 65 3
35 266 16
35 689 2
36 12 2
36 34 2
36 48 4
36 266 3
36 288 21
36 448 61
36 555 4
36 858 2
37 2 3
37 13 2
37 364 36
37 520 3
37 594 2
37 640 2
37 673 31
38 1 2
38 180 28
38 544 2541
39 3 22
39 520 13
40 39 16
40 65 16
40 256 2
40 512 2
40 528 3
40 605 2
40 645 3
40 756 827
40 761 3
40 840 3037
40 980 2
41 96 22
41 321 4
41 513 3
41 987 4
42 42 558
42 140 4
42 411 11
42 778 3
42 839 2
43 1 2
44 47 2
44 430 2
44 524 2
44 794 2
45 23 5
45 50 24
45 266 20
45 615 2
45 808 8
45 844 7
46 57 2
47 80 69
47 1022 21
48 67 2
48 176 2
48 193 24
48 198 8
48 226 5
48 646 2
48 708 5
48 789 194
48 932 9
49 17 92
49 313 4
50 113 2
51 70 2
51 377 16
51 516 21
52 46 56
52 188 7
52 256 589
52 285 12
52 390 6
53 146 118
54 112 7
54 718 5
55 278 2
56 89 4
56 472 2
56 544 2
57 5 3
57 33 45
57 128 2
57 448 13
58 113 2
59 58 2
59 292 2
59 453 3
59 583 3
60 5 73
60 33 2
60 948 5
61 644 5
61 648 2
62 521 5
62 612 129
64 1 7
64 26 2
64 41 11
64 194 42
64 203 3
64 370 6
64 481 2
64 514 11
64 780 2
65 25 2
65 61 3
65 96 12
65 104 86086
65 118 3
65 218 5
65 241 2
65 515 4
65 571 2
66 140 2
66 545 2
67 16 2
67 20 3
67 73 8
67 453 6
67 482 11
68 153 11
68 284 2
68 576 3
69 138 2
69 572 7
69 768 2
70 109 1733
70 212 10
70 431 2
70 608 33
70 646 12
70 648 2
70 672 2
71 1 2
71 264 2
71 409 9
71 700 2
72 8 8
72 37 5
72 65 18
72 280 6
72 437 2
72 961 16
73 640 13
73 999 6
74 512 2
74 548 38
74 600 2
74 768 23
74 1012 9
75 259 4
75 576 18
76 84 5
76 262 2
76 586 2
76 855 2
77 256 2
77 267 3
77 450 4
77 456 7
78 288 14
78 517 2
78 784 10
78 919 5
79 165 22
79 386 3
80 0 98
80 51 16
80 132 2
80 211 2
80 528 2
80 677 2
80 920 947
81 807 12
81 852 2
82 283 3
83 115 67
83 124 2
83 304 115
83 617 3
83 784 27
84 64 2
84 74 2
84 216 2
85 65 2
87 353 2
87 462 2
88 782 2
89 2 10
89 76 4
90 274 45
90 843 8
90 977 2
90 988 20
91 652 81
91 951 29
92 38 2
92 91 2
93 49 2
93 134 2
93 669 2
94 869 4
94 954 2
95 20 2
95 34 13
96 80 2
96 103 2
96 208 2
96 220 2
96 276 2
96 321 2
96 356 9
96 547 7
96 820 135
97 48 2
97 130 8
97 144 2
97 195 130
97 286 1157
97 473 8
97 525 2
98 14 9
98 352 2
98 401 16
98 671 2
98 928 21
99 117 7
99 134 8
99 249 2
100 294 163
100 768 8
100 901 8
101 70 2
101 124 3
101 161 7
101 169 2
101 392 2
101 599 4
102 6 7
102 78 7
102 166 2
102 264 2
103 704 3
104 26 32
104 28 2
104 64 2
104 132 6
104 313 5
104 512 5
104 673 2
105 3 2
105 779 2
106 516 2
106 652 5
107 3 2
107 129 2
108 133 2
108 514 7
108 825 2
111 12 2
112 0 2
112 28 279
112 84 2
112 107 2
112 165 6
112 776 24
114 68 3
114 416 2
114 452 218
114 497 6
114 872 14
116 33 5
117 106 32
117 803 4
118 565 14
119 446 2
119 836 51
120 0 2
120 76 21
121 536 2
122 24 36
122 294 6
123 600 2
124 304 3
124 348 56
125 268 2
128 1 2
128 10 2
128 58 2
128 200 4
128 208 2
128 320 2
128 362 2
128 376 4
128 433 2
128 628 2
128 770 4
128 806 2
129 0 2
129 10 2
129 37 7
129 39 6064
129 88 3
129 584 2
129 707 2
130 78 38
130 272 11
130 273 2
130 368 9
130 520 27
130 528 6
130 532 23
130 540 2
130 675 2
130 772 5
132 6 2
132 17 2
132 94 2
132 372 2057
132 516 3
132 713 349
132 916 5
132 957 2
133 23 4
133 138 13
133 614 4
134 67 2
134 208 3
134 224 26372
134 377 10
134 390 1309
134 516 34
135 258 2
136 21 6
136 39 2
136 81 28
136 160 2
136 482 7
136 610 7
136 657 2
136 684 13
136 831 2
137 148 88
137 256 28
137 259 4336
137 325 11
137 678 2
137 778 6
138 415 4
138 590 14
138 902 2
139 865 2
140 72 2
140 135 2
140 143 2
140 464 4
140 724 13
140 776 3
141 2 2
141 521 10
142 641 2
143 116 2
143 187 2
143 286 2
143 642 7
144 18 25
144 68 12
144 248 2
144 257 20
144 433 2
144 520 46
144 800 6
145 1 2
145 2 7
145 67 5
145 94 6
145 184 4
145 216 21
145 273 2
145 513 2
145 576 3
146 69 8
146 146 104
146 396 65
147 522 2
148 1 39
148 130 5
148 139 2
148 146 4
148 278 2
148 464 8
148 912 2
149 633 2
150 141 67
150 160 2
150 656 8
151 102 17
151 132 29
151 207 2
151 250 5
153 26 8
153 151 2
153 171 8
153 592 2
153 961 2
156 54 2
156 814 2
159 526 22
160 34 3
160 144 2
160 801 3292
161 21 10
161 40 2
161 326 14
161 376 2
161 524 4
161 576 2
161 717 2
161 898 143
162 160 4
163 227 2
163 361 2
163 601 4
164 34 2
164 38 2
164 87 7445
164 217 37
164 264 2
164 280 4
164 329 13
164 481 13
164 646 11
165 141 6
167 104 4
167 456 15
167 712 2
168 8 2
168 67 9
168 68 2
168 98 4
168 480 2
169 25 2
169 351 98858
171 144 19
171 810 2
172 8 9
172 32 15
172 569 131
172 664 2
173 261 6
174 493 2
174 582 3
175 863 7
176 32 2
176 137 4
176 270 4
176 824 2
176 864 6
176 916 4
176 932 6
177 128 2
177 280 2
177 560 10
177 611 3
177 744 2
178 100 9
178 580 6
178 797 8
179 429 2
180 152 254
180 600 4
181 97 3
181 331 15
181 964 209136
182 300 21451
182 672 2
182 728 109
184 141 2
184 161 17
184 664 182
185 42 4
186 272 7
186 582 5
187 800 6
188 199 7
192 43 2
192 52 11
192 72 2
192 388 4
192 392 2
192 536 24
192 713 6972
192 898 4
192 904 12
192 999 2
193 120 2
193 131 3
193 162 2
193 375 8
193 422 18
193 718 41
193 775 151
194 321 3
194 592 2
194 677 5
196 286 2
196 377 2
197 61 2
197 100 2
197 297 3
197 611 9
197 769 2
198 3 10
200 146 2
200 445 32
200 577 2
200 924 2
201 98 2
201 140 9
202 11 2
203 654 26
204 6 2
204 520 5
205 457 3
206 80 4
208 12 2
208 88 2
208 534 2
209 513 6
209 564 3
210 1 6
210 882 7
211 4 2
212 34 62
212 262 4
212 285 4
212 673 2
213 64 15
214 369 22
214 585 2
216 66 2
216 138 2
219 389 2
220 176 2
220 658 19
222 532 3
222 852 2
225 257 26
225 316 2
225 948 10
226 35 2
226 157 7
227 336 11
227 592 2
228 32 4
228 294 16
230 9 2
231 261 16
231 290 2
232 5 2
232 80 2
232 130 2
232 480 2
233 212 4
233 912 8
233 973 3
234 917 8
235 645 17
238 620 6
238 642 5
239 370 2
239 560 2
240 66 92
240 799 2
240 914 2
241 245 15
244 33 3
244 356 2
244 932 26
245 705 2
246 64 2
247 626 2
248 0 3
248 557 19
248 902 2
250 46 1105
253 636 14
256 1 66
256 4 2
256 5 53
256 68 6
256 69 1112
256 97 2
256 160 2
256 212 4
256 243 2
256 262 3
256 312 2
256 344 3
256 416 4
256 512 52
256 522 59
256 616 17
256 705 2
256 804 2
256 904 6
256 963 2
256 992 9
257 156 2
257 268 4
257 272 3
257 806 22
257 912 2
257 920 12
257 945 6
258 24 24
258 34 8
258 36 2
258 138 11
258 265 89
258 810 2
258 880 3
259 7 2
259 100 2
259 165 5
259 226 4
259 268 34148
259 327 16
259 532 2
260 131 6
260 256 9
260 522 4
260 545 2
260 678 25
260 978 10
261 8 2
261 67 8
261 72 959
261 356 9
261 672 3
261 995 18
262 32 2
262 134 165
262 193 4
262 256 3
262 906 8
262 1013 101
264 1 15
264 296 13
264 320 3
264 568 2
265 264 7
265 339 64
265 632 5
266 11 2
266 56 2
266 242 136
266 326 99
266 504 14
267 523 2
267 581 6
268 12 3
268 34 2
268 177 45
268 192 13
268 512 17
268 524 80
268 577 2
269 640 3
270 73 20
270 532 24
272 41 7
272 162 37
272 208 20
272 225 14
272 280 84
272 378 2
272 520 2
272 554 2
272 640 4
272 684 13
272 899 2
273 47 13
273 581 14
273 693 258
273 809 8
273 903 3
274 98 190
274 334 2
275 4 2
275 16 2
275 116 2
275 133 3
275 401 32
275 485 2
276 288 10
276 392 6
276 394 2
276 538 8
276 628 2
276 661 6
277 8 2
277 27 2
277 128 2
278 258 2
279 18 7
279 901 2
280 36 16
280 82 319
280 600 3
280 674 2
282 136 2
282 576 3
282 717 2
282 787 2
284 835 4
285 104 2
286 624 2
286 832 2
287 448 2
287 802 2
288 50 75
288 132 2
288 224 2242
288 292 2
288 341 11
288 545 6
289 156 31
289 468 2
289 648 2
289 753 3
289 788 19
290 0 61
290 258 20
290 328 146
290 388 2
291 32 15
291 768 4
291 967 4
292 7 8
292 19 2
292 134 11
292 162 65
292 524 2
292 593 28
293 256 27
293 960 47
294 864 2
296 57 3
296 84 14
296 231 2
296 260 124
296 288 6
296 409 3
296 516 2
297 389 6
297 544 2
297 742 2
298 75 2
298 800 5
299 78 7
299 291 4
300 140 9
301 274 2
301 777 13
303 292 9
304 6 68
304 8 9
304 42 3
304 63 12
304 106 2
304 212 2
304 258 6
304 292 21
305 11 45
305 34 6
305 576 2
306 918 3
308 21 7
308 583 2
308 692 17
308 832 13
308 848 5
309 774 2
310 44 2
310 936 2
314 109 21
314 376 10
315 739 2
316 452 2
318 914 6
320 29 24
320 315 2
320 428 2
320 468 10
320 641 36
320 720 2
321 4 2
321 337 3
321 768 7
321 834 4
322 0 2
322 80 23
322 196 7
322 272 2
322 416 8
322 899 2
322 902 4
323 360 8
323 515 8
324 16 2
324 106 89
324 167 2
324 179 1269
324 200 2
324 513 2
324 530 2
325 74 14
325 145 2
325 614 2
325 720 2
326 11 3
326 116 52
326 280 2
326 443 2
327 675 8
327 698 2
328 853 16
329 258 13
329 836 4
330 204 2
332 456 9
332 643 2
334 265 4
334 288 7
335 83 17
335 391 5
336 18 2
336 632 10
337 352 2
337 768 20
337 833 4
338 33 2
338 160 7
338 169 2
339 42 2
340 0 2
340 106 4
340 704 1254
340 763 2
341 576 2
342 15 2
342 272 5
342 536 11
343 475 2
344 188 2
344 676 4
345 32 2
345 728 2
346 11 10
347 11 17
347 149 15
347 313 2
348 128 2
349 12 2
352 409 3
352 419 16
352 514 42
352 680 11
352 860 2
353 389 45
353 684 8
354 25 2
354 30 2
354 288 8
354 836 2
354 969 7
355 134 191979
355 634 57
356 800 2
357 433 2
357 641 33
358 168 3
358 197 7
360 514 2
360 555 2
360 732 2
360 784 12
361 316 1489
362 34 104
363 162 2
363 424 103
364 740 3
366 657 4
368 49 6
368 738 4
368 925 4
371 112 3
371 705 2514100
372 352 75
375 77 2
376 193 4
379 333 8
380 339 15
384 156 32
384 168 2
384 312 39
384 332 8
384 423 2
384 481 7
384 571 9
384 597 209
384 692 2
384 841 5
384 962 8
385 75 5
385 213 10
385 513 2
385 563 2
386 64 2
386 73 2
386 158 677
386 206 2
386 275 7
386 681 2
386 846 2
386 849 8
386 912 6
387 297 1255
387 545 2
387 1016 24
388 332 2
389 596 8
391 8 2
391 461 3
391 800 7
392 38 2
392 336 3416
393 461 2
394 80 7016
394 211 3
394 590 5
395 4 2
395 558 2
396 6 280
396 454 11
396 536 2
396 546 2
396 777 40
396 960 3
397 132 2
397 305 6
398 943 4
400 10 5
400 21 2
400 144 2
400 712 2
401 16 2
401 58 2
401 277 13
401 284 3
401 673 10
401 932 2
402 68 7
402 80 2
403 20 2
403 98 2
404 209 10
404 298 2
405 160 2
406 677 196
406 928 2
407 591 4
408 66 2
408 576 2
409 105 4
409 417 220
409 888 36
411 20 7
412 6 2
413 640 2
414 932 2
415 101 3
416 52 3
416 279 2
416 292 6
416 531 7
416 832 3
417 577 24
418 16 17
419 7 2
419 62 3
419 844 7
420 288 10
420 424 42
420 538 2
420 545 2
421 400 2
422 736 10
423 651 2
424 481 54
425 161 6
425 261 5
425 776 3
426 644 2589
427 580 8
428 32 2
428 194 2
428 620 32
428 880 2
430 8 3
430 68 2
430 203 6
433 24 15
433 197 2
434 734 2
436 597 2
436 641 2
437 2 75
441 21 5
442 146 10
444 769 18
444 801 4
448 92 2
448 513 2
448 655 2
452 48 2
452 136 2
452 205 8
452 488 2
452 512 27794
452 513 2
453 368 2
454 437 2
454 634 1790
454 782 2
456 105 2
456 376 18
456 774 2
458 101 9
458 743 22
460 462 2
460 566 2
461 625 5
461 901 20
462 516 11
462 641 59
463 916 17
464 265 4
464 928 31
465 531 2
466 58 2
467 211 2
467 300 106
469 425 3
472 226 3
472 256 4
472 801 2
473 6 3
473 600 16
476 775 3
480 0 4
480 731 27
480 928 12
481 288 2
481 416 9
482 64 9
482 208 7
482 285 2
483 276 2
483 555 6
484 841 5
485 134 8
488 3 3
488 269 5
488 334 2
488 565 5
489 64 2
491 112 9
501 519 2
505 332 3
506 706 5
512 1 2
512 5 21
512 36 3
512 52 30
512 65 11
512 96 2
512 153 2
512 266 9
512 420 4
512 438 20
512 514 2
512 522 10
512 685 2
512 936 15
513 5 2
513 42 23
513 47 3
513 65 6
513 100 5
513 315 9
513 340 4
513 548 12
513 640 2
514 11 51
514 36 3
514 160 16
514 401 2
514 452 4
514 522 2
514 572 9
514 780 11
515 93 12
515 157 2
515 273 122
515 598 61
516 33 4
516 69 13
516 72 5449
516 169 25
516 357 2
516 442 4
516 582 2
516 605 4
516 779 7
516 785 6
517 3 2
517 8 6
517 132 2
517 177 2
517 233 7
517 281 20
517 525 2
517 672 2
517 676 2
517 768 21
518 0 5
518 41 2
518 66 1014
519 517 8
519 944 2
520 164 17
520 296 2
520 328 2
520 436 46
520 812 2
520 896 3
521 81 3
521 131 6
521 229 361
521 450 3
521 554 2
521 560 2
522 1 5
522 121 3
522 234 23
522 549 2
522 652 12
523 650 3
524 159 2
524 173 2
524 520 2
525 134 2
525 820 26
526 776 2
527 36 6
527 713 2
528 10 44
528 33 7
528 97 3
528 171 2
528 344 2
528 406 15
528 512 5
528 580 9
528 582 2
528 611 2
528 720 30
528 801 56
529 16 25
529 148 3
529 260 2
529 423 2
529 517 2
529 520 2
529 737 2
529 836 5
530 86 7
530 132 50
530 278 3
530 325 2
530 522 3
530 696 5
532 11 2
532 134 2
532 292 20
532 853 2
533 37 15
533 787 2
534 6 2
534 928 2
534 932 2
535 10 1700
536 10 3
536 244 2
536 412 2
536 687 2
536 902 4
537 99 36
537 138 19
537 257 2
538 74 4
538 84 2
538 820 6
540 256 8
540 481 2
541 344 4437
541 793 5
544 6 49
544 21 6
544 24 2
544 151 3
544 160 14
544 401 10
544 416 6
544 429 5
544 536 3
544 542 2
544 551 3
544 718 5
545 209 10
545 226 9
545 743 4
545 914 2
546 2 2
546 4 2
546 612 2
546 650 2
546 758 5
546 900 2
547 265 2
547 427 2
548 141 2
548 169 2
548 577 2
548 586 4
549 68 4
549 97 2
549 146 2
549 530 3
549 647 5
550 36 1570
550 649 45
550 800 24
551 4 16
551 40 5
551 89 2
552 640 4
552 932 5
553 36 2
553 933 2
554 4 5
554 296 5
556 409 2
557 6 2
557 15 8
557 370 20
557 400 5
557 512 1907
557 557 2
557 770 12
559 557 3
560 96 31
560 104 17
560 168 6
560 354 2
561 10 771
561 444 25
561 521 329
561 786 1528
562 162 4
562 977 124
562 992 2
563 20 17
563 410 2
564 28 3
564 659 42
566 44 10
569 385 6
569 522 3
571 100 4
571 457 2
572 36 12
572 64 1097
572 257 2
572 370 2
573 797 2
573 886 46
574 18 4
574 533 13
574 696 703
576 5 48
576 48 63
576 76 3
576 133 11
576 172 104
576 193 3
576 325 2
576 371 2
576 525 21
577 72 4
577 292 4
577 577 3
577 661 5
577 997 3
578 26 65
578 96 2
578 120 304
578 136 2
578 572 8992
579 80 2
579 136 601
579 621 8
579 789 6
580 64 2
580 507 2
580 528 2
582 633 102
583 129 2
584 833 2
585 208 2
585 217 2
585 354 8
585 389 2
586 64 26
586 530 10
586 658 3
587 608 2
588 784 2
590 276 20
590 300 7
590 520 4
590 788 2
591 147 2
592 4 17
592 148 2
592 322 7
592 528 7
592 566 2
592 585 11
592 856 14
593 429 2
595 58 11
595 557 2
596 11 20
596 33 2
596 154 2
596 385 2
599 92 6
599 176 2
600 562 27
600 573 28
600 575 24
601 335 3
601 431 2
602 480 2
604 913 2
605 80 892
606 281 2
607 288 3
607 393 2
608 176 5
608 185 247049
608 522 2
608 576 25
609 28 31
609 210 185
609 225 21
609 526 68
609 768 3
610 24 2
611 125 5
612 170 7
612 534 2
613 840 5
614 265 10
614 936 153
616 81 2
616 450 3
616 806 2
617 374 3
618 70 8
618 1004 18
619 76 10
619 231 4
621 293 32
623 1000 2
625 5 27
625 261 3
625 530 2
626 8 9
626 104 2
626 114 303
626 528 2
627 3 2
627 418 2
627 769 63
627 977 2
628 76 4
629 446 6
629 528 3
631 24 3
632 18 2
633 812 2
637 73 2
638 161 8
640 4 545
640 6 6
640 16 2
640 181 2
640 246 7
640 258 5
640 369 2
640 421 4
640 467 2
640 525 2
640 584 2
640 659 2
640 732 4
640 938 4
640 952 2
642 512 2
642 562 24
642 724 2
643 73 2
643 775 2
644 48 17
644 387 4
644 660 2
644 756 11
644 769 941
645 4 2
645 25 19
645 548 24
645 963 6
646 289 2
646 388 4
648 76 2
648 98 2
648 369 6
648 512 2
648 769 2
649 4 2
650 953 2
651 290 3
652 594 2
654 565 930
655 384 14
656 3 2
656 259 41
656 278 2
656 370 2
656 833 24
657 79 3
657 201 7
658 26 6
658 226 30
658 640 13
660 36 5
660 52 3
660 85 2
660 648 2
661 244 6
661 608 46
664 205 2
664 781 3
665 260 2
666 66 2
668 163 2
668 464 3
668 749 4
670 515 5
672 1 35
672 64 5
672 129 2
672 514 2323
672 608 10
672 717 7
673 104 9
674 259 2
674 401 26
674 672 2
675 257 2
677 121 2
677 641 2
678 237 5
679 556 77
680 20 5
680 39 23
680 105 10
680 450 4
680 540 241
681 6 2
681 33 84
682 14 2
682 156 19
684 1008 6
686 426 6
686 593 2
688 385 5
689 80 6
690 110 7
691 12 2
692 260 3
692 914 35
693 397 2
693 522 3
694 6 2
694 768 55
694 931 6
694 976 34
695 517 16
695 585 8
696 885 10
697 710 6
700 18 29
700 864 2
701 34 6
701 941 7
704 34 4
704 76 15
704 135 3
704 292 9
704 370 2
704 514 11
705 596 12
705 854 2
706 17 2
706 161 5
706 460 6
706 732 5
708 108 55
709 325 3
709 354 2
709 843 16
710 2 146
712 35 2
712 141 3
712 294 2
712 862 50
713 593 2
713 837 3
716 98 4
716 339 2
716 649 2
716 842 1860861
720 7 3
720 144 2
720 803 2
721 0 2
721 170 14
721 323 3
721 584 9
722 82 38
722 100 15
722 104 3
722 146 2
722 393 1113
722 398 11
722 464 88
723 142 195
724 20 2
724 596 8
725 65 2
728 227 2
728 350 3
728 712 2
729 578 3
730 332 14
732 834 6
737 25 18
737 64 8
737 288 3
737 610 2
738 970 2
740 778 6
740 801 2
741 45 2
741 260 11
742 97 6
743 787 2
744 124 461
744 280 2
744 762 2
745 63 4
746 386 17
746 536 2
752 261 2
752 494 11
752 786 20
754 32 500
759 130 117
760 40 2
760 300 6
761 435 3
763 668 2
765 513 11
768 68 7
768 226 5
768 326 2
768 502 14
768 608 26
768 666 2
768 736 3
768 738 2
768 926 2
769 34 4
769 277 2
769 350 2
769 640 5
769 773 10
770 67 2
770 211 14
770 256 12
770 515 2
770 663 4
771 793 2
771 800 2
772 0 6
772 32 9
772 130 2
774 8 2
774 936 2
775 48 2
776 101 5
776 155 2
776 586 5
776 697 4
777 6 2
777 200 2
777 554 5
777 641 6
778 330 2
778 707 26
780 14 2
780 16 2
780 193 2
780 552 9
780 707 2
780 901 10
781 222 10
782 226 2
782 405 3
784 1 2
784 514 2
784 549 2
784 569 6
784 604 15
784 841 134
785 45 9
785 257 14
786 142 3
786 521 9
786 576 2
786 914 329
787 199 7
788 25 46
788 332 2
792 540 39
792 594 2
793 52 3
793 498 27
793 628 552
795 422 2
798 776 2
799 433 4
800 9 3
800 45 7
800 73 2
800 97 5
800 133 2
800 824 3
801 34 3
801 312 2
801 642 3
802 660 12
802 769 3
803 512 7
804 337 2
804 433 2
805 387 220
805 781 18
806 43 25
806 134 2057
806 326 3
806 480 10
808 302 3
808 526 2
808 777 6
808 945 9
810 17 2
810 394 4
810 416 3
812 778 2
814 161 2
814 523 5
814 905 3
816 18 2
816 24 2
817 784 7
818 253 2
819 69 12
819 538 23
821 236 6
822 211 14
824 392 3
824 609 2
824 978 3
828 592 2
830 356 3
832 21 2
832 30 4
832 43 7
832 281 2
832 427 10
832 518 5
832 548 8
833 147 32
833 999 2
834 0 3
834 32 7
834 104 2
834 148 6
834 912 5
835 264 15
835 392 4
836 86 2
836 388 6
836 485 5
838 785 2
839 21 11
840 96 22
840 545 2
840 800 3
841 32 27
841 370 2
842 132 2
842 200 24
844 584 2
845 624 2
848 188 4
848 313 6
848 391 2
848 899 3
849 792 3
850 308 8
850 776 19
852 2 2
852 72 32
852 824 2
856 256 159
856 866 3
857 42 3
862 130 2
864 786 11
866 260 5
867 998 2
868 332 7
870 6 5
870 68 26
871 264 8
872 32 2
872 50 2
872 165 2
873 9 2
874 360 33
875 164 2
882 42 3
882 591 29
882 778 2
884 802 5
885 601 12
894 392 2
896 330 3
896 868 3
897 39 3
897 115 27
897 523 7
897 1002 2
898 336 1039
898 699 2
899 537 4
900 4 10
900 162 18
900 313 7
902 131 2
902 420 21
903 339 14
904 112 2
904 231 4
904 552 6
904 888 2
904 929 2
905 12 3
905 248 12
905 540 4
905 572 4
906 137 3
906 194 2
906 210 2
907 276 89
910 614 3
911 5 8
911 10 2
911 896 2
912 85 149
912 129 3
914 216 2
914 968 4
916 777 22
917 560 3
917 912 2
918 0 4
920 200 4
921 272 15
921 320 20
922 8 2
922 784 2
924 33 105
924 196 29
927 190 10
928 384 16
928 516 28
928 518 2
929 10 9
929 316 5
930 547 5
930 720 2
931 230 2
931 657 3
932 274 10
932 783 48
933 657 2
938 261 4
938 316 2
938 552 2
940 512 18738
941 771 28
944 165 2998666
944 756 14
947 568 2
948 9 21
951 818 9
952 37 2
953 905 2
954 22 2
956 846 3
958 844 8
961 131 2
961 291 4
961 472 5654
961 481 6
963 130 15
965 937 103
966 29 268
966 192 2
966 197 2
966 555 2
968 51 2
968 352 2
968 360 15
969 313 1360
969 769 4
970 180 2
971 566 6
975 205 9
976 321 2
976 779 5
977 34 2
977 549 1283
984 324 98
984 483 9
986 772 2
988 366 5
990 35 2
996 36 7
996 836 4
998 127 37
998 179 2
1000 260 8
1001 286 21
1002 652 10
1002 912 7
1003 684 21
1004 129 2
1011 36 3
1013 316 2
1020 371 4
1020 385 427
1021 643 4
