0 4 4
0 8 2
0 9 3
0 17 23
0 18 28
0 47 2
0 112 2
0 135 3
0 150 3
0 166 4
0 215 147
0 256 18
0 259 2
0 265 45
0 274 5
0 321 11
0 352 2
0 415 8
0 552 16
0 646 3
0 670 14
0 674 2
0 679 4
0 843 4
0 917 2
1 15 2
1 82 11
1 135 15
1 292 1357
1 481 6
1 565 2
1 644 2
1 705 2
1 768 2
1 825 4
1 920 2
2 0 14
2 3 6
2 8 19
2 132 3
2 167 4
2 523 4
2 826 6
3 24 7
3 131 2
3 272 30
3 277 4
3 530 36
3 592 81
4 0 18
4 4 9
4 15 7
4 24 2
4 50 2
4 60 10
4 64 2
4 293 127
4 368 2
4 576 2
4 683 2
4 774 5
5 18 4
5 216 4
5 584 3
5 887 2
6 3 2
6 148 2
6 259 5
6 267 2
6 268 3
6 466 2
6 512 7
6 798 70
6 1002 128
7 81 7
7 110 7
7 237 32
7 715 14
8 1 16
8 2 3
8 19 2
8 42 2
8 202 2
8 272 4
8 273 5
8 386 2
8 393 2
8 486 4
8 552 21
8 642 2
8 735 146
8 902 3
9 39 7
9 43 3
9 416 5
9 526 10
9 572 2
9 823 10
9 907 2
10 75 2
10 84 5
10 176 3
10 208 19
10 518 2
10 523 2
10 599 2
10 680 7
10 778 2
11 204 4
11 586 5
11 752 2
12 0 2
12 55 225785
12 65 59
12 116 2
12 128 2
12 269 2
12 366 9
12 781 2
13 66 11
13 192 2
13 224 3
13 320 21
13 780 2
14 127 2
14 152 2
14 210 5
14 321 95
14 376 2
14 616 325
15 352 3
15 485 20
15 659 9
15 854 2
16 9 2
16 24 2
16 64 21
16 198 2
16 643 54
16 806 3
17 129 28
17 258 8
18 51 2
18 203 2
18 215 2
18 290 2
18 641 17
18 645 10
19 7 17
19 24 1429
19 657 14
19 709 2
20 1 2
20 10 316
20 28 2
20 36 5
20 69 13
20 176 2
20 194 16
20 323 2
21 116 64
21 258 5
21 308 3
22 68 31
22 107 6
22 133 2
22 320 2
22 565 23
23 770 2
23 886 4
24 9 3
24 533 2
24 781 2
24 786 9
24 848 16
24 944 40
26 20 11
26 22 4
26 109 2
26 801 6
27 130 7
27 547 2
28 42 2
28 72 28
28 146 2
28 647 2
29 1 420
29 327 2
29 532 3
29 809 13
30 21 4
30 52 65
30 129 16
30 588 2
31 77 4
31 561 29
32 72 2
32 204 4
32 211 4
32 219 2
32 276 5
32 388 31
32 514 24
32 612 2
32 641 7
32 803 2
32 848 156
33 2 2
33 3 8
33 26 2
33 31 2
33 277 5
33 320 3
33 544 237519
33 785 2
33 898 47
33 945 2
34 144 2
34 292 6
34 324 2
34 561 2
34 663 2
34 720 8
35 65 8
35 266 2
35 689 8
36 12 310
36 34 5
36 48 20
36 266 2
36 288 4
36 448 4
36 555 10
36 858 4
37 2 4
37 13 30
37 364 30
37 520 5
37 594 23
37 640 18
37 673 2
38 1 2
38 180 8
38 544 2
39 3 4
39 520 78
40 39 3
40 65 14
40 256 7
40 512 2
40 528 9
40 605 2
40 645 3
40 756 3
40 761 5
40 840 143
40 980 36
41 96 5
41 321 2
41 513 2
41 987 9
42 42 58
42 140 2
42 411 5
42 778 15
42 839 24
43 1 2746
44 47 5
44 430 2
44 524 934
44 794 11
45 23 2
45 50 2
45 266 2
45 615 3
45 808 44
45 844 5
46 57 2
47 80 2
47 1022 8
48 67 2
48 176 2
48 193 18
48 198 6
48 226 5
48 646 2
48 708 4
48 789 340
48 932 13
49 17 6
49 313 2
50 113 2
51 70 75
51 377 6
51 516 10
52 46 19
52 188 2
52 256 2
52 285 2
52 390 5
53 146 2
54 112 3
54 718 3
55 278 6
56 89 22
56 472 2
56 544 2
57 5 2
57 33 2
57 128 6
57 448 86
58 113 2
59 58 6
59 292 7
59 453 2
59 583 2
60 5 2
60 33 13
60 948 7
61 644 20
61 648 3
62 521 751
62 612 90
64 1 27
64 26 3
64 41 3
64 194 8
64 203 3
64 370 2
64 481 9
64 514 2
64 780 2
65 25 2
65 61 2
65 96 7
65 104 2
65 118 16
65 218 13
65 241 2
65 515 3
65 571 3
66 140 2
66 545 7
67 16 4
67 20 56
67 73 4
67 453 2
67 482 3
68 153 9
68 284 2
68 576 8
69 138 2
69 572 4
69 768 3
70 109 2
70 212 12
70 431 24
70 608 10
70 646 22
70 648 2
70 672 2
71 1 3
71 264 16
71 409 9
71 700 6
72 8 2
72 37 52
72 65 8
72 280 4
72 437 4
72 961 9
73 640 2
73 999 2
74 512 2
74 548 51
74 600 23
74 768 8
74 1012 2
75 259 2
75 576 6
76 84 511
76 262 373275
76 586 2
76 855 2
77 256 8
77 267 18
77 450 2
77 456 4
78 288 2
78 517 6
78 784 5
78 919 532
79 165 2
79 386 146
80 0 5
80 51 15
80 132 2
80 211 2
80 528 8
80 677 2
80 920 24
81 807 4
81 852 816
82 283 6
83 115 2
83 124 124
83 304 12
83 617 3
83 784 2
84 64 3
84 74 3
84 216 3
85 65 23556
87 353 2
87 462 2
88 782 2
89 2 2
89 76 7
90 274 2
90 843 7
90 977 2
90 988 2
91 652 2
91 951 2
92 38 2
92 91 2
93 49 2
93 134 2
93 669 868
94 869 2
94 954 2
95 20 4
95 34 2
96 80 2
96 103 2
96 208 6
96 220 34
96 276 5
96 321 9
96 356 2
96 547 5
96 820 79
97 48 2
97 130 2
97 144 2
97 195 6
97 286 3
97 473 2
97 525 2
98 14 4
98 352 2
98 401 9
98 671 231
98 928 4
99 117 2
99 134 2
99 249 2
100 294 10
100 768 2
100 901 3
101 70 2
101 124 24
101 161 751
101 169 182
101 392 10
101 599 4
102 6 16
102 78 13
102 166 3
102 264 5
103 704 5
104 26 2
104 28 875
104 64 2
104 132 8
104 313 4
104 512 285
104 673 2
105 3 2
105 779 3
106 516 101
106 652 3
107 3 45
107 129 2
108 133 3
108 514 6
108 825 2
111 12 2
112 0 2
112 28 200
112 84 2
112 107 2
112 165 2
112 776 177
114 68 8
114 416 2
114 452 2
114 497 5
114 872 7
116 33 6
117 106 280
117 803 2
118 565 113
119 446 18578
119 836 3
120 0 3
120 76 2
121 536 3
122 24 21
122 294 12
123 600 398
124 304 2
124 348 23
125 268 2
128 1 6
128 10 6
128 58 2
128 200 3
128 208 14
128 320 1368
128 362 18
128 376 2
128 433 2
128 628 103
128 770 8
128 806 2
129 0 3
129 10 10
129 37 16
129 39 2
129 88 2
129 584 185
129 707 3
130 78 2
130 272 5
130 273 92
130 368 2
130 520 4
130 528 2
130 532 219
130 540 2
130 675 6
130 772 2
132 6 2
132 17 2
132 94 83
132 372 2
132 516 2
132 713 2
132 916 7
132 957 7
133 23 6
133 138 2
133 614 2
134 67 2
134 208 2
134 224 2633
134 377 2
134 390 2
134 516 2
135 258 2
136 21 10
136 39 122
136 81 2533
136 160 24
136 482 32
136 610 3
136 657 2
136 684 2
136 831 2
137 148 2
137 256 20
137 259 48
137 325 2
137 678 4
137 778 2
138 415 2
138 590 18
138 902 24996
139 865 2
140 72 223
140 135 3
140 143 2
140 464 6
140 724 2
140 776 5
141 2 2
141 521 2
142 641 2
143 116 2
143 187 3
143 286 3
143 642 7
144 18 321
144 68 4
144 248 2
144 257 84
144 433 2
144 520 9
144 800 7
145 1 4
145 2 4
145 67 7
145 94 14
145 184 2
145 216 19
145 273 86
145 513 2
145 576 8
146 69 3
146 146 5
146 396 14
147 522 3
148 1 3
148 130 16
148 139 2
148 146 3
148 278 2
148 464 8
148 912 5
149 633 12164
150 141 479
150 160 2
150 656 3
151 102 3
151 132 9
151 207 7
151 250 6
153 26 10
153 151 2
153 171 6
153 592 3
153 961 24
156 54 2
156 814 30
159 526 2
160 34 2
160 144 2
160 801 4
161 21 12
161 40 2
161 326 8
161 376 16
161 524 3
161 576 13
161 717 4
161 898 26
162 160 2
163 227 2
163 361 2
163 601 3
164 34 2
164 38 2
164 87 4
164 217 2
164 264 180
164 280 2
164 329 2
164 481 4
164 646 7
165 141 9
167 104 2
167 456 5
167 712 2
168 8 6
168 67 5
168 68 3
168 98 3
168 480 2
169 25 2
169 351 2
171 144 5
171 810 2
172 8 60643
172 32 2
172 569 8
172 664 2
173 261 2
174 493 2
174 582 2
175 863 50
176 32 2
176 137 2
176 270 208
176 824 2
176 864 4
176 916 4
176 932 2
177 128 4
177 280 16
177 560 14
177 611 6
177 744 2
178 100 11
178 580 7
178 797 3
179 429 2
180 152 4
180 600 2
181 97 2
181 331 6
181 964 2
182 300 7
182 672 2
182 728 4
184 141 2
184 161 12
184 664 2
185 42 13
186 272 219
186 582 3
187 800 3
188 199 10
192 43 3
192 52 2
192 72 41
192 388 2
192 392 2
192 536 290
192 713 1402
192 898 3
192 904 7
192 999 2
193 120 2
193 131 3
193 162 2
193 375 36
193 422 7
193 718 2
193 775 19
194 321 7
194 592 23
194 677 2
196 286 2
196 377 2
197 61 2
197 100 4
197 297 4
197 611 3
197 769 9
198 3 2
200 146 2
200 445 21
200 577 6
200 924 3
201 98 2
201 140 4
202 11 8
203 654 2
204 6 4
204 520 3
205 457 2
206 80 293
208 12 2
208 88 2
208 534 2
209 513 5
209 564 2
210 1 25
210 882 12
211 4 55
212 34 4
212 262 2
212 285 2
212 673 2
213 64 5
214 369 5
214 585 16
216 66 2
216 138 2
219 389 2
220 176 2
220 658 2
222 532 4
222 852 2
225 257 2
225 316 2
225 948 3
226 35 2
226 157 4
227 336 6
227 592 7
228 32 16
228 294 7
230 9 4
231 261 13
231 290 2
232 5 2
232 80 1708
232 130 314
232 480 16
233 212 8
233 912 3
233 973 2
234 917 2
235 645 2
238 620 19
238 642 5
239 370 4
239 560 2
240 66 2
240 799 6
240 914 2
241 245 9
244 33 2
244 356 4
244 932 593
245 705 2
246 64 2
247 626 38
248 0 3
248 557 8
248 902 14
250 46 2
253 636 13
256 1 8
256 4 2
256 5 2
256 68 9
256 69 2
256 97 43
256 160 2
256 212 9
256 243 2
256 262 9
256 312 2
256 344 18
256 416 10
256 512 2
256 522 892
256 616 2
256 705 7
256 804 54
256 904 11
256 963 18
256 992 3
257 156 2
257 268 7
257 272 6
257 806 6
257 912 3
257 920 3
257 945 34
258 24 2
258 34 15
258 36 2
258 138 21
258 265 4
258 810 112
258 880 3
259 7 5
259 100 941
259 165 8
259 226 25
259 268 2
259 327 12
259 532 8
260 131 13
260 256 2
260 522 4
260 545 2
260 678 2
260 978 2
261 8 9340
261 67 11
261 72 2
261 356 2
261 672 23
261 995 31
262 32 16
262 134 170
262 193 8
262 256 2
262 906 7
262 1013 2
264 1 5
264 296 2
264 320 5
264 568 2
265 264 2
265 339 2
265 632 2
266 11 2
266 56 2
266 242 69
266 326 2
266 504 4
267 523 5
267 581 3
268 12 4
268 34 2
268 177 3
268 192 169
268 512 5
268 524 2
268 577 5
269 640 12
270 73 7
270 532 2
272 41 7
272 162 5
272 208 8
272 225 4
272 280 2
272 378 2
272 520 2
272 554 14
272 640 18
272 684 2
272 899 34
273 47 4
273 581 2
273 693 4
273 809 21
273 903 7
274 98 2
274 334 1048
275 4 11
275 16 164
275 116 2
275 133 53
275 401 8
275 485 36
276 288 2
276 392 9
276 394 3
276 538 2
276 628 309
276 661 5
277 8 2
277 27 3
277 128 3
278 258 16
279 18 17
279 901 2
280 36 10
280 82 2
280 600 22
280 674 2
282 136 2
282 576 13
282 717 3
282 787 2
284 835 2
285 104 12
286 624 2
286 832 2
287 448 2467
287 802 2
288 50 2
288 132 12
288 224 8
288 292 2
288 341 7
288 545 2
289 156 3
289 468 4
289 648 2
289 753 4
289 788 23
290 0 2
290 258 2
290 328 2326
290 388 2
291 32 18
291 768 2
291 967 8
292 7 2
292 19 103
292 134 26
292 162 681
292 524 7
292 593 77
293 256 45
293 960 2
294 864 2
296 57 2
296 84 2
296 231 8
296 260 2
296 288 12
296 409 2
296 516 228
297 389 2
297 544 2
297 742 3
298 75 2
298 800 3
299 78 2
299 291 10
300 140 12
301 274 2
301 777 2
303 292 5
304 6 2937
304 8 8
304 42 6
304 63 2
304 106 2
304 212 170
304 258 6
304 292 9
305 11 2
305 34 3
305 576 2
306 918 4
308 21 3
308 583 3
308 692 25
308 832 3
308 848 16
309 774 2
310 44 17
310 936 2
314 109 2
314 376 7
315 739 45
316 452 2
318 914 5
320 29 5
320 315 19
320 428 45
320 468 5
320 641 40
320 720 2
321 4 948
321 337 2
321 768 5
321 834 3
322 0 3
322 80 4
322 196 3
322 272 2
322 416 8
322 899 9
322 902 305
323 360 3
323 515 11
324 16 7
324 106 2
324 167 3
324 179 2
324 200 9
324 513 2
324 530 472
325 74 2
325 145 3
325 614 19
325 720 4
326 11 7
326 116 326
326 280 2
326 443 5
327 675 14
327 698 17
328 853 18
329 258 2
329 836 19
330 204 2
332 456 21
332 643 3
334 265 2
334 288 3
335 83 5
335 391 3
336 18 14265
336 632 3
337 352 15
337 768 1273
337 833 3
338 33 2
338 160 3
338 169 2
339 42 8
340 0 3
340 106 2
340 704 2
340 763 80
341 576 3
342 15 2
342 272 2
342 536 6
343 475 3
344 188 5505
344 676 4
345 32 2
345 728 5
346 11 6
347 11 3
347 149 6
347 313 3
348 128 2
349 12 3
352 409 4
352 419 2
352 514 2
352 680 2
352 860 271
353 389 239
353 684 2
354 25 3
354 30 2
354 288 3
354 836 4
354 969 2
355 134 324339
355 634 9
356 800 9
357 433 3
357 641 3
358 168 8
358 197 9
360 514 2
360 555 258
360 732 1305
360 784 4
361 316 10
362 34 39
363 162 13
363 424 3
364 740 2
366 657 1279
368 49 8
368 738 12
368 925 8
371 112 2
371 705 2
372 352 26
375 77 2
376 193 4
379 333 3
380 339 6
384 156 2
384 168 2
384 312 14
384 332 6
384 423 44
384 481 5
384 571 4
384 597 207
384 692 2
384 841 2
384 962 18
385 75 9
385 213 12
385 513 151
385 563 4
386 64 1101
386 73 19
386 158 534
386 206 14
386 275 3
386 681 5
386 846 9
386 849 2
386 912 5
387 297 2
387 545 2
387 1016 3
388 332 344
389 596 2
391 8 38
391 461 2
391 800 7
392 38 2
392 336 2
393 461 2
394 80 2
394 211 7
394 590 19
395 4 6
395 558 809
396 6 2
396 454 2
396 536 5
396 546 9
396 777 2
396 960 5
397 132 7
397 305 211
398 943 2
400 10 11
400 21 26
400 144 4
400 712 2
401 16 26
401 58 3
401 277 12
401 284 19
401 673 2282
401 932 5
402 68 2
402 80 2
403 20 2
403 98 2
404 209 8
404 298 2
405 160 2
406 677 22
406 928 2
407 591 5
408 66 102
408 576 3
409 105 3
409 417 7
409 888 2
411 20 2
412 6 2
413 640 2
414 932 4
415 101 3
416 52 2
416 279 4
416 292 4
416 531 17
416 832 2
417 577 5
418 16 5
419 7 2
419 62 13
419 844 6
420 288 2
420 424 2
420 538 2
420 545 21
421 400 2
422 736 4
423 651 2
424 481 2
425 161 5
425 261 6
425 776 2
426 644 3950
427 580 18
428 32 5
428 194 55
428 620 3
428 880 3
430 8 3
430 68 49
430 203 2
433 24 2
433 197 8
434 734 2
436 597 3150
436 641 2
437 2 2
441 21 14
442 146 8
444 769 24
444 801 29
448 92 27
448 513 16
448 655 3302
452 48 3
452 136 2
452 205 17
452 488 2
452 512 2
452 513 2
453 368 2
454 437 39
454 634 2
454 782 3
456 105 2
456 376 2
456 774 2
458 101 15
458 743 20
460 462 8
460 566 11
461 625 2
461 901 19
462 516 15
462 641 20
463 916 83
464 265 16
464 928 4
465 531 20
466 58 2
467 211 955
467 300 5
469 425 3
472 226 22
472 256 2
472 801 2
473 6 949
473 600 10
476 775 6
480 0 2
480 731 9
480 928 434395
481 288 2
481 416 9
482 64 3
482 208 7
482 285 2
483 276 5
483 555 4
484 841 3
485 134 3
488 3 5
488 269 13
488 334 4
488 565 8
489 64 2
491 112 3
501 519 2
505 332 7
506 706 31
512 1 3
512 5 17
512 36 3
512 52 14
512 65 26
512 96 13
512 153 2
512 266 8
512 420 27
512 438 2
512 514 2
512 522 10
512 685 2
512 936 2
513 5 9
513 42 2
513 47 20
513 65 2
513 100 37
513 315 48
513 340 4
513 548 9
513 640 4
514 11 3
514 36 4
514 160 3
514 401 31
514 452 2
514 522 2
514 572 19159
514 780 5
515 93 62
515 157 9
515 273 13
515 598 115
516 33 2
516 69 14
516 72 2
516 169 23
516 357 2
516 442 2
516 582 33
516 605 5
516 779 2
516 785 21
517 3 23
517 8 2
517 132 2
517 177 30
517 233 6
517 281 7
517 525 2
517 672 2
517 676 23
517 768 20
518 0 13
518 41 2
518 66 2
519 517 9
519 944 5
520 164 3
520 296 13
520 328 2
520 436 2
520 812 755
520 896 3
521 81 6
521 131 4
521 229 2
521 450 7
521 554 3
521 560 621
522 1 9
522 121 5
522 234 3
522 549 2
522 652 2
523 650 134
524 159 2
524 173 9
524 520 2
525 134 2
525 820 11
526 776 3
527 36 2
527 713 39
528 10 5
528 33 29018
528 97 5
528 171 6
528 344 9
528 406 140
528 512 55
528 580 2
528 582 2
528 611 2
528 720 24
528 801 196351
529 16 9
529 148 31
529 260 11
529 423 2
529 517 2
529 520 9
529 737 2
529 836 5
530 86 3
530 132 2
530 278 5
530 325 26
530 522 9
530 696 4
532 11 2
532 134 2
532 292 12
532 853 2
533 37 36
533 787 682170
534 6 20
534 928 3
534 932 8
535 10 61
536 10 4
536 244 389
536 412 2
536 687 2
536 902 3
537 99 14
537 138 5
537 257 2
538 74 2
538 84 7
538 820 5
540 256 4
540 481 2
541 344 47
541 793 2
544 6 342
544 21 8
544 24 2
544 151 5
544 160 2
544 401 2
544 416 21
544 429 7
544 536 2
544 542 2
544 551 8
544 718 27
545 209 3
545 226 14
545 743 10
545 914 2
546 2 588
546 4 46
546 612 2
546 650 2
546 758 10
546 900 2
547 265 2
547 427 34
548 141 2
548 169 10
548 577 2
548 586 5
549 68 350
549 97 2
549 146 86
549 530 3
549 647 7
550 36 2
550 649 2
550 800 5
551 4 2
551 40 12
551 89 2
552 640 3
552 932 2
553 36 20
553 933 2
554 4 18
554 296 33
556 409 44
557 6 9
557 15 5
557 370 24
557 400 2
557 512 2
557 557 2
557 770 11
559 557 2
560 96 2
560 104 5
560 168 11
560 354 1959
561 10 4
561 444 2
561 521 2
561 786 2
562 162 13
562 977 2
562 992 20
563 20 18
563 410 2
564 28 13
564 659 2
566 44 15
569 385 12
569 522 3
571 100 4
571 457 2
572 36 5
572 64 182
572 257 2
572 370 131
573 797 2
573 886 9
574 18 2
574 533 5
574 696 2
576 5 136
576 48 2
576 76 4
576 133 4
576 172 2
576 193 60
576 325 2
576 371 2
576 525 19
577 72 9
577 292 5
577 577 6
577 661 2
577 997 11
578 26 20
578 96 2
578 120 2
578 136 145
578 572 2
579 80 19
579 136 2
579 621 4
579 789 6
580 64 2
580 507 195
580 528 3
582 633 2
583 129 72
584 833 102
585 208 2
585 217 13
585 354 28
585 389 3
586 64 3
586 530 2
586 658 2
587 608 4
588 784 3
590 276 15
590 300 9
590 520 3
590 788 2
591 147 2
592 4 6
592 148 2
592 322 4
592 528 4
592 566 3
592 585 33
592 856 2
593 429 2
595 58 2
595 557 2
596 11 2
596 33 2
596 154 109
596 385 3
599 92 16
599 176 2
600 562 2
600 573 2
600 575 51
601 335 6
601 431 37
602 480 2
604 913 2
605 80 22
606 281 3
607 288 15
607 393 3
608 176 2
608 185 60
608 522 3
608 576 15
609 28 5
609 210 2
609 225 2
609 526 4
609 768 2
610 24 2
611 125 3
612 170 6
612 534 2
613 840 13
614 265 2
614 936 2
616 81 4
616 450 2
616 806 6
617 374 7
618 70 4
618 1004 30
619 76 2
619 231 18
621 293 11
623 1000 2
625 5 2
625 261 22
625 530 2
626 8 2
626 104 11
626 114 2
626 528 20595
627 3 2
627 418 2
627 769 2
627 977 2
628 76 3
629 446 4
629 528 6
631 24 145
632 18 2
633 812 6
637 73 2
638 161 5
640 4 2
640 6 3
640 16 2
640 181 20
640 246 6
640 258 8
640 369 2
640 421 14
640 467 15
640 525 2
640 584 2
640 659 8
640 732 2
640 938 4
640 952 2
642 512 3
642 562 17
642 724 8
643 73 4
643 775 2
644 48 2
644 387 11
644 660 32
644 756 11
644 769 28305
645 4 22
645 25 23
645 548 5
645 963 29
646 289 10
646 388 5
648 76 32
648 98 2
648 369 3
648 512 2
648 769 3
649 4 2
650 953 21
651 290 9
652 594 2
654 565 2
655 384 7
656 3 3
656 259 5
656 278 2
656 370 2
656 833 73
657 79 33
657 201 155
658 26 30
658 226 2
658 640 14
660 36 13
660 52 2
660 85 8
660 648 4
661 244 11
661 608 2
664 205 7
664 781 4
665 260 2
666 66 6
668 163 3
668 464 3
668 749 3
670 515 5
672 1 7
672 64 2
672 129 2
672 514 2
672 608 8
672 717 4
673 104 2
674 259 2
674 401 2
674 672 60
675 257 5
677 121 4
677 641 11
678 237 13
679 556 251
680 20 2
680 39 27
680 105 5
680 450 18
680 540 699
681 6 237
681 33 8
682 14 8
682 156 178
684 1008 12
686 426 5
686 593 7
688 385 2
689 80 11
690 110 4
691 12 2
692 260 13
692 914 11
693 397 12
693 522 3
694 6 3
694 768 3
694 931 5
694 976 4
695 517 5
695 585 5
696 885 13
697 710 9
700 18 15
700 864 2
701 34 10
701 941 8
704 34 4
704 76 11
704 135 2
704 292 9
704 370 2
704 514 12
705 596 2
705 854 9
706 17 3
706 161 4
706 460 5
706 732 2
708 108 2
709 325 2
709 354 2
709 843 15
710 2 3
712 35 2
712 141 2
712 294 8
712 862 3
713 593 8
713 837 3
716 98 4
716 339 2
716 649 2
716 842 2
720 7 4
720 144 2
720 803 6
721 0 6
721 170 7
721 323 2
721 584 2
722 82 12
722 100 10
722 104 11
722 146 3
722 393 2
722 398 13
722 464 560
723 142 14
724 20 2
724 596 2
725 65 2
728 227 69
728 350 43
728 712 3
729 578 11
730 332 5
732 834 4
737 25 4
737 64 2
737 288 2
737 610 2
738 970 19
740 778 3
740 801 2
741 45 346
741 260 11
742 97 2
743 787 2
744 124 2
744 280 125
744 762 2
745 63 4
746 386 3
746 536 976
752 261 4
752 494 109
752 786 7
754 32 2
759 130 383
760 40 2
760 300 9
761 435 19
763 668 2159
765 513 15
768 68 2
768 226 2
768 326 3
768 502 5
768 608 12
768 666 12
768 736 5702
768 738 3
768 926 2
769 34 2
769 277 3
769 350 2
769 640 2
769 773 2
770 67 2
770 211 9
770 256 5
770 515 7
770 663 2
771 793 6
771 800 414
772 0 2
772 32 9
772 130 2
774 8 17
774 936 4
775 48 2
776 101 9
776 155 2
776 586 11
776 697 5
777 6 2
777 200 298
777 554 47
777 641 2
778 330 2
778 707 3
780 14 4
780 16 12
780 193 2
780 552 376
780 707 2
780 901 3
781 222 3
782 226 648
782 405 4
784 1 2
784 514 84
784 549 2
784 569 338
784 604 5
784 841 90
785 45 2
785 257 4
786 142 5
786 521 29
786 576 2
786 914 28
787 199 2
788 25 57
788 332 13
792 540 13
792 594 2
793 52 3
793 498 3
793 628 2
795 422 2
798 776 2
799 433 4
800 9 62
800 45 4
800 73 2
800 97 4
800 133 18
800 824 5
801 34 2
801 312 7
801 642 3
802 660 2
802 769 9
803 512 5
804 337 2
804 433 2
805 387 2
805 781 26
806 43 9
806 134 2
806 326 31
806 480 12
808 302 5
808 526 2
808 777 4
808 945 2
810 17 3
810 394 7
810 416 3
812 778 2
814 161 24
814 523 5
814 905 2
816 18 10
816 24 4
817 784 10
818 253 3
819 69 9
819 538 4
821 236 18
822 211 7
824 392 2
824 609 2
824 978 5
828 592 2
830 356 2
832 21 44
832 30 5
832 43 5
832 281 2
832 427 4
832 518 2
832 548 19
833 147 2
833 999 5
834 0 4
834 32 2
834 104 2
834 148 2
834 912 4
835 264 14
835 392 2
836 86 3
836 388 35
836 485 9
838 785 5
839 21 24
840 96 2
840 545 10
840 800 2
841 32 5
841 370 3
842 132 2
842 200 2
844 584 2
845 624 155
848 188 15
848 313 2
848 391 5
848 899 5
849 792 2
850 308 2
850 776 3
852 2 1981
852 72 2
852 824 2
856 256 2
856 866 350
857 42 10
862 130 2
864 786 4
866 260 19
867 998 2
868 332 205
870 6 22
870 68 18
871 264 2
872 32 2
872 50 3
872 165 19
873 9 522
874 360 2604
875 164 100
882 42 2
882 591 2
882 778 5
884 802 5
885 601 10
894 392 16
896 330 4
896 868 2
897 39 21
897 115 5
897 523 17
897 1002 2
898 336 2
898 699 13
899 537 5
900 4 2
900 162 11
900 313 7
902 131 15
902 420 15
903 339 2
904 112 12
904 231 9
904 552 10
904 888 53
904 929 4
905 12 2
905 248 2
905 540 6
905 572 4
906 137 8
906 194 14
906 210 2
907 276 2
910 614 3
911 5 11
911 10 2
911 896 8
912 85 2
912 129 6
914 216 3
914 968 2
916 777 7
917 560 3
917 912 26
918 0 6
920 200 2
921 272 4
921 320 12
922 8 2
922 784 197
924 33 2
924 196 38
927 190 5
928 384 4
928 516 2
928 518 2
929 10 22
929 316 11
930 547 19
930 720 2
931 230 4085
931 657 2
932 274 8
932 783 2
933 657 2
938 261 7
938 316 6
938 552 9
940 512 2
941 771 4
944 165 2
944 756 3
947 568 2
948 9 7
951 818 2
952 37 2
953 905 2
954 22 2
956 846 10
958 844 15
961 131 3
961 291 3
961 472 2
961 481 99
963 130 2
965 937 2
966 29 869
966 192 6
966 197 2
966 555 2
968 51 22
968 352 68
968 360 5
969 313 2
969 769 7
970 180 123
971 566 3
975 205 3
976 321 2
976 779 2
977 34 2
977 549 2
984 324 4
984 483 5
986 772 7
988 366 4
990 35 2
996 36 3
996 836 2
998 127 165
998 179 2
1000 260 3
1001 286 2
1002 652 3
1002 912 17
1003 684 2
1004 129 2
1011 36 6
1013 316 2
1020 371 2
1020 385 3
1021 643 8
