0 4 6
0 8 34
0 9 14
0 17 10
0 18 4
0 47 2
0 112 2502
0 135 13
0 150 2
0 166 3
0 215 54322
0 256 23
0 259 2
0 265 6
0 274 3
0 321 3
0 352 2
0 415 2
0 552 26
0 646 2
0 670 2
0 674 35
0 679 25
0 843 2
0 917 12
1 15 33708
1 82 6
1 135 5
1 292 2
1 481 4
1 565 2
1 644 433
1 705 4
1 768 2
1 825 3
1 920 2
2 0 2
2 3 2
2 8 3
2 132 8
2 167 7
2 523 34
2 826 2
3 24 7
3 131 7
3 272 64
3 277 15
3 530 49
3 592 2
4 0 2
4 4 11
4 15 2
4 24 9
4 50 776
4 60 11
4 64 54
4 293 2
4 368 2
4 576 2
4 683 6
4 774 21
5 18 2
5 216 5
5 584 7
5 887 2
6 3 38
6 148 39
6 259 13
6 267 4
6 268 2
6 466 2
6 512 7
6 798 2
6 1002 16
7 81 12
7 110 2
7 237 10
7 715 8
8 1 7
8 2 2
8 19 2
8 42 16
8 202 25
8 272 5
8 273 16
8 386 3
8 393 2
8 486 10
8 552 44445
8 642 2
8 735 8
8 902 7
9 39 12
9 43 28
9 416 2
9 526 3
9 572 38
9 823 5
9 907 7
10 75 2
10 84 4
10 176 2
10 208 5
10 518 158
10 523 2
10 599 2
10 680 2
10 778 2
11 204 3
11 586 2
11 752 5
12 0 3
12 55 2
12 65 2
12 116 2
12 128 2
12 269 2
12 366 2
12 781 8
13 66 9
13 192 82
13 224 2684
13 320 2
13 780 11
14 127 2
14 152 38
14 210 12
14 321 2
14 376 20
14 616 2
15 352 2
15 485 11
15 659 2
15 854 2
16 9 4
16 24 2
16 64 22
16 198 10
16 643 11
16 806 5
17 129 21
17 258 94
18 51 7
18 203 2
18 215 2
18 290 3
18 641 2
18 645 2
19 7 21
19 24 2
19 657 5
19 709 5
20 1 2
20 10 2
20 28 2
20 36 4
20 69 17
20 176 6
20 194 9
20 323 10
21 116 1444
21 258 471
21 308 2
22 68 7
22 107 6
22 133 2
22 320 13
22 565 24
23 770 3
23 886 2
24 9 8
24 533 2
24 781 2
24 786 7
24 848 2
24 944 930
26 20 2
26 22 8
26 109 2
26 801 2406
27 130 5
27 547 2
28 42 369869
28 72 2
28 146 2
28 647 2
29 1 36
29 327 2
29 532 69
29 809 3
30 21 29
30 52 2
30 129 4
30 588 3
31 77 2
31 561 6
32 72 4
32 204 7
32 211 16
32 219 2
32 276 2
32 388 8
32 514 2
32 612 2
32 641 2
32 803 16
32 848 2
33 2 91
33 3 18
33 26 2
33 31 260
33 277 3
33 320 5
33 544 2
33 785 71
33 898 7
33 945 2
34 144 2
34 292 7
34 324 15
34 561 1198
34 663 3
34 720 3
35 65 2
35 266 57
35 689 38
36 12 2
36 34 2
36 48 75
36 266 3
36 288 2
36 448 4
36 555 3
36 858 2
37 2 2
37 13 2
37 364 7
37 520 3
37 594 2
37 640 5
37 673 33
38 1 2
38 180 25
38 544 2
39 3 10
39 520 2
40 39 8
40 65 15
40 256 51
40 512 15
40 528 14
40 605 4
40 645 2
40 756 338
40 761 3
40 840 216
40 980 12
41 96 5
41 321 3
41 513 2
41 987 2
42 42 3
42 140 7
42 411 2
42 778 1582
42 839 2
43 1 2
44 47 11
44 430 2
44 524 2
44 794 695
45 23 2
45 50 2
45 266 2
45 615 2
45 808 2
45 844 16
46 57 2
47 80 25
47 1022 6
48 67 2
48 176 12
48 193 3
48 198 10
48 226 8
48 646 2
48 708 7
48 789 2
48 932 4
49 17 9
49 313 3
50 113 2
51 70 4
51 377 5
51 516 8
52 46 2
52 188 2
52 256 1071
52 285 655
52 390 5
53 146 2
54 112 7
54 718 2
55 278 16004
56 89 38
56 472 9
56 544 7
57 5 261
57 33 50
57 128 2
57 448 6
58 113 4
59 58 9
59 292 3
59 453 2
59 583 15
60 5 2
60 33 24
60 948 9
61 644 9
61 648 2
62 521 2
62 612 89
64 1 37
64 26 2
64 41 3
64 194 10
64 203 21
64 370 2
64 481 6
64 514 2
64 780 2
65 25 196
65 61 7
65 96 3
65 104 55
65 118 9
65 218 35
65 241 2
65 515 2
65 571 2
66 140 2
66 545 2
67 16 43
67 20 2
67 73 76
67 453 3463
67 482 4
68 153 4
68 284 2
68 576 7
69 138 3
69 572 2
69 768 5
70 109 87
70 212 9
70 431 3
70 608 9
70 646 6
70 648 2
70 672 2
71 1 2
71 264 3
71 409 3
71 700 3
72 8 7
72 37 2
72 65 8
72 280 4
72 437 2
72 961 308
73 640 3
73 999 2
74 512 2
74 548 2
74 600 10
74 768 3
74 1012 12
75 259 2
75 576 3
76 84 2
76 262 29
76 586 2
76 855 3
77 256 2
77 267 16
77 450 7
77 456 8
78 288 2
78 517 5
78 784 3
78 919 18306
79 165 6
79 386 34
80 0 5
80 51 4
80 132 4
80 211 2
80 528 26
80 677 2
80 920 6
81 807 10
81 852 6
82 283 13
83 115 189
83 124 18
83 304 2
83 617 2
83 784 1639
84 64 670
84 74 4
84 216 11
85 65 2
87 353 2
87 462 3
88 782 23
89 2 2
89 76 17
90 274 118
90 843 6
90 977 2
90 988 2
91 652 6
91 951 2
92 38 3
92 91 2
93 49 448
93 134 2
93 669 3
94 869 3
94 954 41
95 20 2
95 34 2
96 80 2
96 103 2
96 208 2
96 220 9
96 276 18
96 321 10
96 356 3
96 547 5
96 820 10
97 48 9
97 130 2
97 144 2
97 195 3
97 286 1766
97 473 6
97 525 2
98 14 3
98 352 44
98 401 6
98 671 22
98 928 31
99 117 69
99 134 5
99 249 2
100 294 2
100 768 6
100 901 4
101 70 721
101 124 4
101 161 5166
101 169 416
101 392 2
101 599 23
102 6 16
102 78 2
102 166 2
102 264 18
103 704 11
104 26 3
104 28 21
104 64 8
104 132 2
104 313 2
104 512 2
104 673 2
105 3 5
105 779 2
106 516 2
106 652 10
107 3 2
107 129 2
108 133 2
108 514 2
108 825 11
111 12 2
112 0 2
112 28 1125
112 84 2
112 107 2
112 165 5
112 776 91
114 68 12
114 416 2
114 452 22673
114 497 4
114 872 728
116 33 8
117 106 264
117 803 2
118 565 2
119 446 31
119 836 26
120 0 6
120 76 12
121 536 2
122 24 21
122 294 4
123 600 75
124 304 11
124 348 2
125 268 17
128 1 2
128 10 3
128 58 10
128 200 2
128 208 8
128 320 3
128 362 7
128 376 2
128 433 85
128 628 2
128 770 9
128 806 2
129 0 3
129 10 9
129 37 3
129 39 2
129 88 3
129 584 2
129 707 2
130 78 4
130 272 184
130 273 2
130 368 3
130 520 2
130 528 2
130 532 2
130 540 64
130 675 5
130 772 4
132 6 2
132 17 56
132 94 2
132 372 2
132 516 4
132 713 2
132 916 5
132 957 6
133 23 11
133 138 821
133 614 2
134 67 5
134 208 14
134 224 2
134 377 12
134 390 290
134 516 345
135 258 17
136 21 2
136 39 74
136 81 11714
136 160 22
136 482 2
136 610 2
136 657 69927
136 684 2
136 831 2
137 148 14
137 256 4
137 259 2
137 325 21
137 678 11
137 778 3
138 415 4
138 590 3
138 902 1295
139 865 33
140 72 4
140 135 3
140 143 10
140 464 8
140 724 3
140 776 14
141 2 2
141 521 11
142 641 2
143 116 16
143 187 2
143 286 2
143 642 3
144 18 2
144 68 7
144 248 2
144 257 303
144 433 2
144 520 21
144 800 3583
145 1 2
145 2 3
145 67 3
145 94 4
145 184 2
145 216 2
145 273 2
145 513 3
145 576 12
146 69 2
146 146 2
146 396 40
147 522 2
148 1 24
148 130 2
148 139 6
148 146 5
148 278 153
148 464 3
148 912 30
149 633 2
150 141 3
150 160 15
150 656 3
151 102 4
151 132 18
151 207 2
151 250 4
153 26 15
153 151 4
153 171 3
153 592 3
153 961 2
156 54 69
156 814 2
159 526 5
160 34 26
160 144 2
160 801 3564
161 21 10
161 40 2
161 326 6
161 376 16
161 524 8
161 576 3
161 717 10
161 898 2
162 160 7
163 227 2
163 361 2
163 601 7
164 34 2
164 38 2
164 87 2
164 217 2
164 264 5
164 280 5
164 329 2
164 481 2
164 646 2
165 141 144
167 104 2
167 456 30
167 712 2
168 8 7
168 67 20
168 68 19
168 98 4
168 480 14
169 25 2
169 351 2
171 144 5
171 810 10
172 8 2
172 32 15
172 569 2
172 664 3
173 261 2
174 493 2
174 582 2
175 863 25
176 32 2
176 137 6
176 270 2779
176 824 2
176 864 2
176 916 2
176 932 12
177 128 6
177 280 5
177 560 2
177 611 7
177 744 2
178 100 11
178 580 8
178 797 4
179 429 2
180 152 6
180 600 3
181 97 2
181 331 2
181 964 2
182 300 2
182 672 163
182 728 2
184 141 2
184 161 7
184 664 17
185 42 2
186 272 14
186 582 5
187 800 3
188 199 6
192 43 22
192 52 3
192 72 47
192 388 2
192 392 2
192 536 2
192 713 2
192 898 25
192 904 6
192 999 2
193 120 2
193 131 4
193 162 2
193 375 17
193 422 2
193 718 3
193 775 7
194 321 2
194 592 76
194 677 2
196 286 18
196 377 2
197 61 2
197 100 5
197 297 3
197 611 3
197 769 2
198 3 2
200 146 3
200 445 17
200 577 8
200 924 4
201 98 2
201 140 14
202 11 10
203 654 2
204 6 2
204 520 11
205 457 6
206 80 2
208 12 2
208 88 3
208 534 2
209 513 7
209 564 108
210 1 8
210 882 9
211 4 56
212 34 3
212 262 5
212 285 7
212 673 2
213 64 2
214 369 28
214 585 2
216 66 2
216 138 2
219 389 20
220 176 5
220 658 2
222 532 2
222 852 363
225 257 2
225 316 305
225 948 6
226 35 2
226 157 2
227 336 2
227 592 2
228 32 3
228 294 10
230 9 11
231 261 34
231 290 7
232 5 2
232 80 9
232 130 213
232 480 2
233 212 23
233 912 6
233 973 211
234 917 2
235 645 2
238 620 3
238 642 10
239 370 2
239 560 2
240 66 26
240 799 7
240 914 2
241 245 5
244 33 2
244 356 7
244 932 44
245 705 3
246 64 2
247 626 699
248 0 5
248 557 6
248 902 2
250 46 2
253 636 6
256 1 2
256 4 2
256 5 2
256 68 9
256 69 2
256 97 2
256 160 69
256 212 15
256 243 2
256 262 9
256 312 3
256 344 13
256 416 3
256 512 6
256 522 2
256 616 6
256 705 2
256 804 3073
256 904 5
256 963 10
256 992 3
257 156 229
257 268 2
257 272 10
257 806 3
257 912 343
257 920 2
257 945 4
258 24 2
258 34 2
258 36 2
258 138 5
258 265 1033
258 810 372
258 880 5
259 7 4
259 100 2
259 165 7
259 226 10
259 268 2
259 327 8
259 532 4
260 131 2
260 256 2
260 522 2
260 545 29
260 678 7
260 978 2
261 8 2
261 67 11
261 72 13
261 356 25
261 672 2
261 995 302
262 32 2
262 134 13
262 193 23
262 256 21
262 906 2
262 1013 2
264 1 3
264 296 22
264 320 3
264 568 8
265 264 2
265 339 6
265 632 6417
266 11 2
266 56 2
266 242 127
266 326 2
266 504 10
267 523 2
267 581 88
268 12 2
268 34 2
268 177 8
268 192 2
268 512 5
268 524 2
268 577 2
269 640 203
270 73 7
270 532 2
272 41 15
272 162 6
272 208 94
272 225 9
272 280 53
272 378 2
272 520 2
272 554 7
272 640 2
272 684 18
272 899 8
273 47 3
273 581 3
273 693 2
273 809 2
273 903 3
274 98 2
274 334 2
275 4 2
275 16 15
275 116 2
275 133 33
275 401 4
275 485 34
276 288 20
276 392 4
276 394 2
276 538 4
276 628 28917
276 661 4
277 8 2
277 27 2
277 128 8
278 258 4
279 18 6
279 901 2
280 36 8
280 82 29
280 600 3
280 674 2
282 136 20
282 576 7
282 717 2
282 787 2
284 835 5
285 104 12
286 624 2
286 832 2
287 448 373
287 802 46
288 50 9
288 132 14
288 224 86
288 292 2
288 341 3
288 545 2
289 156 26
289 468 18
289 648 2
289 753 9
289 788 12
290 0 2
290 258 49
290 328 5
290 388 2
291 32 13
291 768 2
291 967 2
292 7 11
292 19 2
292 134 4
292 162 2
292 524 8
292 593 2
293 256 15
293 960 252
294 864 2
296 57 26
296 84 15
296 231 191
296 260 2
296 288 28
296 409 13
296 516 10
297 389 2
297 544 2
297 742 10
298 75 2
298 800 19
299 78 2
299 291 21
300 140 5
301 274 129
301 777 3
303 292 13
304 6 8295
304 8 12
304 42 2
304 63 2
304 106 7
304 212 16
304 258 4
304 292 9
305 11 31
305 34 33
305 576 2
306 918 2
308 21 2
308 583 6
308 692 12
308 832 5
308 848 5
309 774 2
310 44 2
310 936 6
314 109 16
314 376 7
315 739 2
316 452 102
318 914 3
320 29 7
320 315 2
320 428 2
320 468 9
320 641 10
320 720 10
321 4 2
321 337 410
321 768 17
321 834 7
322 0 2
322 80 51
322 196 2
322 272 2
322 416 8
322 899 36
322 902 63
323 360 2
323 515 5
324 16 1451
324 106 4878
324 167 11
324 179 2
324 200 5
324 513 27
324 530 2
325 74 6
325 145 23
325 614 190
325 720 9
326 11 2
326 116 4
326 280 2
326 443 22
327 675 14
327 698 3
328 853 2
329 258 2
329 836 2
330 204 2
332 456 4
332 643 2
334 265 6
334 288 2
335 83 19
335 391 2
336 18 2
336 632 2
337 352 3
337 768 4
337 833 3
338 33 2
338 160 315
338 169 2
339 42 3
340 0 500
340 106 15
340 704 297
340 763 2
341 576 2
342 15 2
342 272 5
342 536 16
343 475 2
344 188 1085
344 676 3
345 32 509
345 728 3
346 11 5
347 11 2
347 149 2
347 313 4
348 128 2
349 12 9
352 409 2
352 419 2
352 514 12
352 680 61
352 860 2
353 389 151
353 684 2
354 25 2
354 30 39
354 288 8
354 836 2
354 969 10
355 134 2
355 634 19
356 800 9
357 433 4
357 641 7
358 168 6
358 197 2
360 514 2
360 555 28
360 732 2
360 784 2
361 316 2
362 34 2
363 162 3
363 424 2
364 740 4
366 657 2
368 49 2
368 738 16
368 925 17
371 112 3
371 705 2
372 352 115
375 77 4
376 193 5
379 333 2
380 339 352
384 156 164
384 168 7794
384 312 964
384 332 4
384 423 10
384 481 2
384 571 4
384 597 2
384 692 2
384 841 33
384 962 9
385 75 2
385 213 5
385 513 13
385 563 2
386 64 2
386 73 2
386 158 2
386 206 2
386 275 2
386 681 2
386 846 17
386 849 33
386 912 4
387 297 21
387 545 2
387 1016 3
388 332 2
389 596 2
391 8 3
391 461 17
391 800 4
392 38 6
392 336 14
393 461 2
394 80 15
394 211 4
394 590 3
395 4 2
395 558 2
396 6 5
396 454 16
396 536 4
396 546 2
396 777 2
396 960 2
397 132 39
397 305 1064
398 943 2
400 10 4
400 21 5
400 144 2
400 712 9
401 16 2
401 58 2
401 277 4
401 284 278
401 673 2
401 932 16
402 68 2
402 80 44
403 20 44
403 98 54
404 209 3
404 298 1489
405 160 34
406 677 188
406 928 2
407 591 2
408 66 186
408 576 288
409 105 2
409 417 2
409 888 14
411 20 11
412 6 61
413 640 2
414 932 9
415 101 2
416 52 41
416 279 9
416 292 7
416 531 15
416 832 2
417 577 2
418 16 6
419 7 19
419 62 2
419 844 8
420 288 7
420 424 142
420 538 2
420 545 6
421 400 2
422 736 2
423 651 12
424 481 75
425 161 5
425 261 3
425 776 2
426 644 2
427 580 9
428 32 15
428 194 2
428 620 140
428 880 3
430 8 11
430 68 2
430 203 4
433 24 6
433 197 4
434 734 2
436 597 2
436 641 37
437 2 244
441 21 2
442 146 6
444 769 2
444 801 20
448 92 2
448 513 35
448 655 2
452 48 68
452 136 2
452 205 3
452 488 4
452 512 2639
452 513 2
453 368 9
454 437 2
454 634 12014
454 782 2
456 105 2
456 376 18
456 774 2
458 101 11
458 743 20
460 462 10
460 566 509
461 625 33
461 901 6
462 516 10
462 641 61
463 916 28
464 265 5
464 928 3
465 531 2
466 58 2
467 211 72
467 300 2
469 425 2
472 226 2
472 256 2
472 801 2
473 6 2
473 600 10
476 775 5
480 0 7
480 731 5
480 928 4775651
481 288 8
481 416 23
482 64 17
482 208 6
482 285 2
483 276 19
483 555 2
484 841 2
485 134 5
488 3 2
488 269 11
488 334 4
488 565 4
489 64 61
491 112 12
501 519 2
505 332 3
506 706 2
512 1 2
512 5 4
512 36 32
512 52 10
512 65 3
512 96 30
512 153 2
512 266 14
512 420 2
512 438 4
512 514 2
512 522 25
512 685 83
512 936 7
513 5 2
513 42 5
513 47 2
513 65 4
513 100 4
513 315 40
513 340 5
513 548 10
513 640 2
514 11 5
514 36 8
514 160 5
514 401 19
514 452 9
514 522 21545
514 572 2
514 780 2
515 93 2
515 157 5
515 273 3
515 598 2
516 33 7
516 69 5
516 72 2
516 169 2
516 357 2
516 442 2
516 582 2
516 605 2
516 779 2
516 785 2
517 3 24
517 8 31
517 132 4
517 177 18
517 233 2
517 281 4
517 525 2
517 672 2
517 676 20
517 768 10
518 0 2
518 41 2
518 66 19
519 517 2
519 944 2
520 164 4
520 296 32
520 328 2
520 436 3
520 812 6
520 896 2
521 81 4
521 131 9
521 229 2
521 450 18
521 554 4
521 560 10
522 1 14
522 121 2
522 234 34
522 549 509
522 652 5
523 650 5
524 159 5
524 173 2
524 520 3
525 134 2
525 820 7
526 776 2
527 36 6
527 713 2
528 10 4
528 33 4
528 97 11
528 171 2
528 344 3
528 406 12
528 512 2
528 580 22
528 582 3
528 611 11
528 720 2
528 801 2
529 16 18
529 148 2
529 260 37
529 423 12
529 517 2
529 520 76
529 737 3
529 836 2
530 86 4
530 132 2
530 278 15
530 325 2
530 522 2
530 696 6
532 11 2
532 134 2
532 292 2
532 853 2
533 37 4
533 787 2
534 6 299
534 928 4
534 932 2
535 10 57
536 10 5
536 244 3
536 412 2
536 687 2
536 902 6
537 99 6
537 138 2
537 257 2
538 74 7
538 84 2
538 820 2
540 256 3
540 481 2
541 344 2
541 793 5
544 6 2
544 21 6
544 24 5
544 151 4
544 160 3
544 401 2
544 416 8
544 429 9
544 536 1323
544 542 4
544 551 11
544 718 4
545 209 5
545 226 18
545 743 4
545 914 2
546 2 40
546 4 213
546 612 171
546 650 2
546 758 3
546 900 21
547 265 2
547 427 3
548 141 3
548 169 5
548 577 2
548 586 3
549 68 4
549 97 2
549 146 3
549 530 6
549 647 12
550 36 60
550 649 11
550 800 2
551 4 42
551 40 9
551 89 33
552 640 5
552 932 14
553 36 19
553 933 222
554 4 3
554 296 15
556 409 2
557 6 2
557 15 2
557 370 24
557 400 3
557 512 23
557 557 2
557 770 5
559 557 2
560 96 9
560 104 2
560 168 9
560 354 979
561 10 183
561 444 2
561 521 2
561 786 2
562 162 2
562 977 2
562 992 2
563 20 21
563 410 2
564 28 7
564 659 2
566 44 4
569 385 7
569 522 11
571 100 13
571 457 145
572 36 2
572 64 2
572 257 2
572 370 3
573 797 2
573 886 38
574 18 2
574 533 2
574 696 2
576 5 4
576 48 2
576 76 3
576 133 3
576 172 3000
576 193 14
576 325 2
576 371 3
576 525 2
577 72 30
577 292 9
577 577 4
577 661 2
577 997 3
578 26 2
578 96 3
578 120 181
578 136 2
578 572 4
579 80 6
579 136 6
579 621 2
579 789 24
580 64 41
580 507 10
580 528 3
582 633 7
583 129 6
584 833 2
585 208 2
585 217 15
585 354 465
585 389 2
586 64 2
586 530 10
586 658 2
587 608 2
588 784 23
590 276 3
590 300 6
590 520 2
590 788 2
591 147 2
592 4 26
592 148 578
592 322 10
592 528 2
592 566 32
592 585 3
592 856 4
593 429 2
595 58 11
595 557 4
596 11 11
596 33 2
596 154 2
596 385 2
599 92 7
599 176 2
600 562 2
600 573 35
600 575 3
601 335 2
601 431 2
602 480 34
604 913 102
605 80 2
606 281 43
607 288 4
607 393 2
608 176 8
608 185 2
608 522 3
608 576 2
609 28 2
609 210 5
609 225 39
609 526 11
609 768 2
610 24 3897
611 125 2
612 170 12
612 534 301
613 840 2
614 265 26
614 936 2
616 81 3
616 450 12
616 806 4
617 374 2
618 70 7
618 1004 4
619 76 4
619 231 4
621 293 19
623 1000 12
625 5 2
625 261 29
625 530 6
626 8 8
626 104 2
626 114 9
626 528 2
627 3 2
627 418 10
627 769 9
627 977 5
628 76 8
629 446 2
629 528 89
631 24 2
632 18 2
633 812 3
637 73 5
638 161 12
640 4 1211
640 6 3
640 16 2
640 181 3
640 246 5
640 258 14
640 369 2
640 421 2
640 467 7
640 525 3
640 584 2
640 659 3
640 732 10
640 938 2
640 952 4
642 512 5
642 562 3
642 724 2
643 73 2
643 775 2
644 48 10
644 387 2
644 660 39
644 756 14
644 769 4
645 4 6
645 25 7
645 548 4
645 963 2
646 289 3
646 388 4
648 76 2
648 98 11
648 369 2
648 512 2
648 769 12
649 4 2
650 953 9
651 290 2
652 594 2
654 565 256
655 384 2
656 3 126
656 259 2
656 278 2
656 370 2
656 833 5
657 79 3
657 201 2
658 26 14
658 226 27
658 640 10
660 36 12
660 52 2
660 85 2
660 648 2
661 244 2
661 608 19
664 205 2
664 781 2
665 260 2
666 66 3
668 163 2
668 464 10
668 749 2
670 515 3
672 1 11
672 64 6
672 129 12770
672 514 2
672 608 27
672 717 2
673 104 57
674 259 7
674 401 2
674 672 2
675 257 2
677 121 2
677 641 2
678 237 2
679 556 2
680 20 2
680 39 2
680 105 8
680 450 36
680 540 43
681 6 146
681 33 3
682 14 10
682 156 2
684 1008 4
686 426 26
686 593 2
688 385 2
689 80 10
690 110 2
691 12 2
692 260 2
692 914 27
693 397 3
693 522 4
694 6 5
694 768 16
694 931 16
694 976 3
695 517 2
695 585 3
696 885 8
697 710 8
700 18 11
700 864 2
701 34 2
701 941 15
704 34 8
704 76 9
704 135 8
704 292 8
704 370 2
704 514 64
705 596 5
705 854 2
706 17 1607
706 161 2
706 460 4
706 732 5
708 108 2
709 325 25
709 354 3
709 843 9
710 2 39
712 35 2
712 141 4
712 294 2
712 862 2
713 593 3
713 837 3
716 98 10
716 339 2
716 649 7
716 842 2
720 7 11
720 144 2
720 803 2
721 0 10
721 170 10
721 323 7
721 584 2
722 82 2
722 100 8
722 104 2
722 146 13
722 393 2
722 398 5
722 464 3
723 142 2
724 20 2
724 596 367
725 65 7
728 227 1136
728 350 28
728 712 2
729 578 4
730 332 2
732 834 62
737 25 3
737 64 12
737 288 2
737 610 10564
738 970 440
740 778 15
740 801 2
741 45 584
741 260 18
742 97 2
743 787 2
744 124 2
744 280 2
744 762 14
745 63 4
746 386 7
746 536 3
752 261 91
752 494 19
752 786 22
754 32 2
759 130 2
760 40 39573
760 300 2
761 435 10
763 668 2
765 513 9
768 68 2
768 226 3
768 326 4
768 502 18
768 608 15
768 666 2
768 736 110
768 738 5
768 926 2
769 34 2
769 277 2
769 350 2
769 640 2
769 773 2
770 67 2
770 211 2
770 256 5
770 515 2
770 663 126
771 793 2
771 800 40591
772 0 64
772 32 5
772 130 2
774 8 4
774 936 4
775 48 4
776 101 3
776 155 2
776 586 6
776 697 77
777 6 2
777 200 4
777 554 11
777 641 2
778 330 3
778 707 18
780 14 4
780 16 2
780 193 3
780 552 2
780 707 4
780 901 3
781 222 8
782 226 2
782 405 8
784 1 7
784 514 2
784 549 2
784 569 7
784 604 3
784 841 25
785 45 82
785 257 6
786 142 3
786 521 2
786 576 2
786 914 18276
787 199 3
788 25 3
788 332 5
792 540 3
792 594 2
793 52 4
793 498 3
793 628 18
795 422 2
798 776 2
799 433 2
800 9 2
800 45 3
800 73 2
800 97 2
800 133 3
800 824 2
801 34 2
801 312 347
801 642 8
802 660 2
802 769 2
803 512 42
804 337 6675
804 433 2
805 387 39
805 781 5
806 43 44
806 134 2
806 326 21
806 480 2
808 302 2
808 526 4
808 777 5
808 945 4
810 17 12
810 394 8
810 416 3
812 778 2
814 161 2
814 523 16
814 905 2
816 18 2
816 24 2
817 784 2
818 253 2
819 69 2
819 538 2
821 236 8
822 211 3
824 392 3
824 609 2
824 978 2
828 592 2
830 356 2
832 21 10
832 30 17
832 43 2
832 281 2
832 427 2
832 518 4
832 548 5
833 147 11
833 999 2
834 0 5
834 32 4
834 104 50
834 148 2
834 912 8
835 264 7
835 392 12
836 86 2
836 388 4
836 485 3
838 785 32
839 21 4
840 96 2
840 545 130
840 800 3
841 32 25
841 370 603
842 132 2
842 200 2
844 584 3
845 624 2
848 188 5
848 313 8
848 391 2
848 899 12
849 792 2
850 308 2
850 776 7
852 2 7
852 72 2
852 824 226
856 256 2
856 866 2
857 42 19
862 130 3
864 786 8
866 260 9
867 998 2
868 332 2
870 6 39
870 68 2
871 264 2
872 32 2
872 50 191
872 165 2
873 9 12
874 360 434
875 164 2
882 42 2
882 591 9
882 778 2
884 802 12
885 601 3
894 392 10
896 330 2
896 868 5
897 39 18
897 115 15
897 523 6
897 1002 2
898 336 5
898 699 12
899 537 5
900 4 44
900 162 4
900 313 4
902 131 37
902 420 3
903 339 5
904 112 8
904 231 2
904 552 3
904 888 2
904 929 69
905 12 2
905 248 2
905 540 15
905 572 12
906 137 2
906 194 10
906 210 2
907 276 117
910 614 4
911 5 4
911 10 17
911 896 2
912 85 2
912 129 358
914 216 2
914 968 2
916 777 3
917 560 5
917 912 8
918 0 2
920 200 58
921 272 23
921 320 5
922 8 2
922 784 2
924 33 1224
924 196 2
927 190 8
928 384 16
928 516 2
928 518 5
929 10 2
929 316 10
930 547 2
930 720 43
931 230 4
931 657 7
932 274 8
932 783 3
933 657 2
938 261 4
938 316 14
938 552 2
940 512 5
941 771 2
944 165 7
944 756 3
947 568 2
948 9 3
951 818 2
952 37 2
953 905 3
954 22 2
956 846 4
958 844 2
961 131 12
961 291 11
961 472 26
961 481 3
963 130 18
965 937 92
966 29 68
966 192 8
966 197 58
966 555 5
968 51 2
968 352 210811
968 360 3
969 313 4
969 769 4
970 180 2
971 566 5
975 205 3
976 321 596
976 779 3
977 34 3
977 549 2
984 324 2
984 483 4
986 772 2
988 366 11
990 35 2
996 36 2
996 836 6
998 127 2
998 179 39
1000 260 2
1001 286 208
1002 652 11
1002 912 8
1003 684 6
1004 129 623
1011 36 4
1013 316 2
1020 371 2
1020 385 2
1021 643 2
