0 4 10
0 8 72
0 9 10
0 17 2
0 18 70
0 29 2
0 47 6
0 112 2
0 135 2
0 150 33
0 156 17
0 256 3
0 265 13
0 274 6
0 321 15
0 352 7
0 415 30
0 552 2
0 618 2
0 646 21
0 674 5
0 843 2
0 917 109
0 936 36
1 15 2
1 30 4
1 37 2
1 135 2
1 357 5
1 481 3
1 535 2
1 644 2
1 768 5
1 825 2
1 920 2
2 0 20
2 8 3
2 48 2
2 132 18
2 167 2
2 260 10
2 267 2
2 328 2
2 523 2
2 826 326
3 24 22
3 277 3
3 530 2
3 652 7
3 817 6
4 0 20
4 4 3
4 15 8
4 24 14
4 50 13
4 60 4
4 64 4
4 248 2
4 284 2
4 293 3
4 517 9
4 683 4
4 803 5
4 808 2
5 18 5
5 216 2
5 584 55
5 887 1678
6 3 2
6 148 5
6 212 2
6 259 2
6 267 24
6 268 4
6 512 9
6 798 2
6 1002 4
7 237 26
7 715 2
8 1 2
8 2 2
8 19 2
8 32 15
8 42 3
8 58 2
8 202 18
8 273 3
8 386 6
8 486 8
8 552 29
8 642 2
8 656 28
8 735 28
8 850 5
8 902 2
9 39 4
9 43 10
9 416 258
9 572 3
9 823 4
9 907 2
10 13 2
10 40 11
10 75 3
10 84 9
10 160 2
10 176 2
10 208 2
10 523 8
10 599 64
10 680 42
10 778 23
11 204 26
11 586 5
11 752 4
12 0 2
12 24 2
12 116 50
12 128 6
12 269 26
12 366 17
12 634 2
12 781 2
13 66 8
13 192 1019
13 224 2
13 780 2
14 152 25
14 210 8
14 321 97
14 376 2
14 616 20
15 352 2
15 485 297
16 9 9
16 24 2
16 64 2
16 132 8
16 148 2
16 198 3
16 516 8
16 643 4
16 806 2
17 129 9
17 258 20
18 51 26
18 215 5
18 290 3
18 641 5
18 645 6
19 7 18
19 24 5
19 657 2
19 709 2
20 10 4
20 28 2
20 36 23
20 176 2
20 323 24
20 786 20
21 308 14
22 24 2
22 97 7
22 133 2
22 281 23
22 331 19
22 565 20
23 328 2
23 770 7
23 886 3
24 9 3729
24 533 4
24 781 8
24 786 44
24 848 3
24 944 2
25 523 2
25 592 3
26 20 3
26 109 4
26 801 15
27 130 9
27 549 2
28 42 2
28 72 2
28 203 2
28 647 12
29 1 2
29 327 9
29 532 2
30 52 2
30 129 4
31 77 3
31 561 2
32 16 15
32 33 22
32 42 6
32 72 14
32 196 2
32 204 105
32 211 2
32 219 10
32 276 9
32 414 319546
32 514 7
32 612 2
32 641 2
32 721 2
32 759 10
32 803 4
32 848 11
33 2 2
33 3 3
33 31 135
33 64 5
33 276 30
33 320 5
33 544 16
33 785 2
33 898 3
33 945 3
34 292 921
34 324 57
34 561 14
34 663 15
34 720 2
35 65 2
35 266 14
35 689 2082
36 12 9
36 34 4
36 48 83
36 257 2
36 266 70
36 288 18
36 320 367
36 555 3
36 705 10
36 858 23
37 2 22
37 13 2
37 364 20
37 594 2
37 640 59
37 673 4
38 180 2
38 204 36
39 3 24
39 48 11
39 520 11
39 982 3
40 20 39
40 39 5
40 65 2
40 256 2
40 512 10399
40 528 3
40 605 12
40 672 2
40 756 3
40 761 3
40 840 115
40 980 13
41 96 2
41 263 2
41 276 3
41 321 2
42 42 16
42 140 2
42 329 99
42 411 3
42 778 4
43 1 6
43 546 27
44 10 2
44 12 3
44 430 6948
44 524 2
44 794 7
45 23 2
45 50 34
45 266 3
45 615 12
45 808 7877
47 80 2
48 168 4
48 176 5
48 193 2
48 198 4
48 226 3
48 646 2
48 708 2
48 789 2
48 932 9
49 17 2
49 313 3
49 516 5342
50 9 2
50 113 2
51 70 3
51 377 3
52 46 103
52 188 2
52 256 4
52 390 8
53 146 2
54 718 7
56 89 61
56 267 4148
56 472 2
56 544 2
56 560 3
57 5 2
57 33 18
57 128 2
58 113 8
58 470 5
59 58 9
59 292 2
59 453 2
59 583 2
60 3 2
60 5 2
60 33 2
60 948 10
61 644 2
61 648 2
62 521 32
62 612 2
64 1 9
64 26 263
64 192 5
64 197 3315
64 203 2
64 272 249
64 465 3
64 686 2
64 756 3
64 771 4
64 780 2
64 790 21
65 25 178
65 61 40
65 96 14
65 104 2
65 118 3
65 241 2
65 274 24
65 515 6
65 571 4
65 614 25
66 140 2
66 545 7
67 2 5
67 16 20
67 20 3
67 37 5
67 73 3
67 453 81
67 482 5
67 840 2
68 153 2384
68 192 4
68 226 8
68 322 2
68 576 5
69 138 2
69 466 2
69 529 3
69 572 14
70 109 13
70 212 2
70 431 2
70 642 11
70 646 3
70 648 2
70 672 2
71 264 7
71 409 5
71 700 2
72 37 6
72 65 6
72 280 7
72 437 2
72 533 19
73 39 6
73 640 2
73 870 3
73 999 20
74 512 2
74 548 2
75 259 5
75 576 2
76 76 13442
76 133 2
76 262 15
77 256 2
77 267 20
77 450 2
77 456 10
78 288 2942
78 517 2
78 784 8
78 919 2
79 165 9
80 0 21
80 51 3
80 82 14
80 132 15
80 528 2
80 677 17
80 920 5
81 807 4
81 852 4
82 280 2
82 283 11
83 115 16
83 124 116
83 304 2
83 617 490
83 784 2
84 64 2
84 74 5
84 216 7
84 490 3
85 31 5
86 234 2
86 524 7
87 353 4
87 462 3
87 512 31
87 515 452
88 330 2
88 782 2
89 2 2
89 4 2
90 20 2
90 274 9
90 843 2
90 977 2
90 988 2
91 154 17
91 652 8
91 951 48
92 38 2
92 91 2
93 134 8
93 669 7
94 869 3
94 954 4
95 20 18
96 32 8
96 148 6
96 208 2
96 220 2
96 276 2
96 304 7
96 321 10
96 356 12
97 48 4
97 144 11
97 167 123
97 195 24
97 286 12
97 473 9
98 14 4
98 352 5
98 401 15
98 671 33
98 928 3
99 117 2
99 134 6
99 249 11
100 128 6
100 294 2
100 752 18
100 768 351
101 70 6
101 124 50
101 161 16
101 169 15
101 392 2
101 599 6
102 6 18
102 78 7
102 166 51
102 264 2
103 704 5
104 26 24
104 28 16
104 48 7
104 64 3
104 132 2
104 313 7
104 512 2
104 673 3
105 3 23
105 296 6
105 779 2
106 516 3
106 652 69
107 3 2
107 129 2
108 514 2
108 825 9
109 707 6
111 12 7
112 0 14
112 1 14
112 3 19
112 28 2
112 84 4
112 107 10
112 165 2
112 776 2
114 68 7
114 416 3
114 452 2
114 497 50
114 872 2
116 33 3
117 106 2
119 446 2
119 836 2
120 0 2
120 76 2
122 185 32
122 294 2
123 600 6
124 304 4
124 348 2
125 268 12
128 1 2
128 10 2
128 58 2
128 134 5
128 208 7
128 320 1222
128 362 19
128 375 3
128 453 2
128 628 2
128 770 2
128 806 11
129 0 19
129 10 2
129 37 2
129 88 4
129 163 2
129 584 3
129 707 2
130 78 2
130 272 7
130 273 8
130 368 2
130 520 4
130 528 2
130 532 4
130 540 14
130 675 2
130 772 2
130 980 24
131 581 11
132 6 2
132 94 93
132 137 17
132 372 27
132 516 2
132 713 2
132 916 7
132 957 3
133 23 2
133 138 2
133 614 8
134 67 2
134 224 3
134 377 2
134 390 2
134 516 6
134 768 3
135 544 2
136 21 47
136 39 437
136 160 5
136 482 4
136 610 2
136 684 10
136 831 8
137 148 8
137 256 3
137 259 8
137 325 8
137 678 39
137 778 7
138 266 9
138 415 19
138 590 2
138 902 2
139 426 27
139 865 40
140 72 16
140 135 2
140 464 3
140 776 4
141 2 283
141 521 2
141 954 22
143 116 6331
143 187 240
143 286 2
143 642 2
144 18 6
144 68 4
144 248 63
144 257 2
144 418 21
144 800 3
145 1 6
145 2 29
145 94 2
145 184 7
145 216 533
145 273 2
145 392 3
145 513 4
145 576 2
146 69 3
146 146 852
146 396 50
146 910 24
147 513 24
147 522 8
148 24 45
148 130 2
148 139 2
148 146 2
148 464 7
148 515 2
148 912 14
149 20 8
150 141 9
150 160 24
151 132 6
151 207 11
151 250 3
153 26 2
153 151 2
153 171 14
153 592 7
153 598 2
153 833 6645
153 961 2
156 54 3
156 521 10
156 814 14
157 404 20
158 104 71
160 34 2
160 81 2
160 144 7
160 452 2
160 644 4
160 801 2
161 21 16
161 40 3
161 326 9
161 376 3
161 524 12
161 576 13
161 717 4
161 898 6
162 160 2
162 306 22
162 517 2
163 361 3
163 601 7
164 34 4
164 38 5
164 217 3
164 329 54
164 481 9
164 646 2
165 141 11
165 397 2
166 686 2
167 104 4
167 289 34
167 384 6
167 456 3
167 712 16
168 8 2
168 67 104
168 68 12
168 98 5
169 72 3
169 351 17
169 514 5
171 144 2
171 810 2
172 8 2
172 32 4
172 569 11
172 664 5
173 261 10
174 493 2
174 582 5
175 863 2
176 32 7
176 137 2
176 273 2
176 916 12
176 932 11
177 128 2
177 280 2
177 611 8
177 744 5
178 100 3
178 144 2
178 580 2
178 797 17
179 429 2
180 19 2
180 152 14
180 600 2
180 973 4
181 97 17
181 768 7
181 964 108
182 300 3
182 672 10
182 728 2
184 141 206
184 161 20366
184 664 8
185 5 4
185 42 3
185 391 2
186 272 2
186 582 3
188 199 12
192 43 2
192 52 131
192 72 43251
192 177 46
192 388 6
192 392 18
192 524 2
192 536 12
192 713 5
192 898 4
192 904 9
192 999 9
193 8 3
193 28 30
193 120 122
193 131 4
193 162 9
193 375 2
193 422 5
193 718 49
193 775 4
194 321 5
194 592 2
194 677 5
196 81 2
196 286 198
196 377 2
197 61 8
197 100 3
197 297 62
197 611 3
197 769 3
198 3 2
198 196 2
198 812 2
200 146 3
200 924 2
201 140 11
202 11 1071
203 654 2
204 6 4
204 520 2
206 80 4
208 14 24
208 534 2
209 55 31
209 513 9207
209 564 4
210 1 9
210 882 2
211 4 2
212 69 11
212 262 5
212 285 6
212 673 2
213 64 2
214 369 40
214 585 2
216 138 8
216 792 3
217 923 4
219 389 68
220 176 2
222 532 5
225 257 2
225 316 2037
225 948 2
226 157 2
227 336 2
227 592 39
227 838 203
230 9 2
231 290 1816
232 5 2
232 65 2
232 80 4
232 480 24
233 212 2
233 912 15
234 848 10921345
235 281 2
235 645 2
237 91 2
238 620 5
238 642 2
239 370 12
239 560 11
240 18 2
240 66 2
240 914 2
241 206 10
242 156 6
244 33 2
244 356 3
245 705 166
246 64 25
247 626 2
248 0 18
248 290 27
256 1 3
256 5 2
256 68 4
256 69 2
256 160 4
256 243 12
256 262 3
256 312 8
256 512 172
256 522 45
256 616 9
256 705 43
256 764 7
256 772 39
256 904 2
256 992 2
257 0 3
257 156 4
257 268 2
257 272 11
257 544 28
257 680 2
257 806 2
257 912 2
257 945 2
258 24 52
258 34 14
258 36 2
258 138 5
258 673 2
258 810 3
258 880 3
259 226 2
259 327 3
259 532 9
260 256 21
260 295 2
260 522 11
260 545 2
260 678 2
261 72 4
261 356 48
261 672 2
261 995 2
262 32 13
262 134 2
262 193 2
262 256 2
262 906 2
262 1013 3
264 1 2
264 4 17
264 320 3
265 632 2
266 11 2
266 56 2
266 272 312
266 336 2
268 12 6
268 177 5
268 524 261
268 577 4
269 444 2
269 640 2
270 532 60
270 642 4
272 162 2
272 208 7
272 225 2
272 234 2
272 259 15
272 378 2
272 520 2
272 640 27
272 684 7
272 899 51
273 693 8
273 809 2
273 903 2
274 98 2
274 334 4028
275 4 4
275 16 4
275 116 2
275 485 2
275 512 2
276 288 5
276 392 2
276 538 2
276 628 16
276 661 3
277 8 329
277 27 2
277 128 2
278 258 15
279 18 2
279 901 2
280 82 5
280 600 2
280 674 10
281 101 145
282 136 487
282 576 559
282 717 3
285 104 9
286 12 8
286 624 2
286 832 2
287 448 158
287 802 2
288 47 2
288 50 2
288 132 2
288 224 136
288 292 389
288 341 2
288 545 12
289 36 10
289 60 16
289 156 2
289 468 2
289 472 2
289 753 17
289 788 2
290 0 2
290 258 36
290 328 11
290 388 4
291 32 4
291 610 8
291 768 9
291 967 8
292 7 4
292 19 5
292 134 4
292 162 4
292 524 8
293 256 2
293 960 3
294 742 2
294 864 19
296 57 260
296 131 6
296 231 2
296 260 573
296 288 4
296 336 10
296 409 23
296 516 2
297 167 118
297 325 50
297 389 12
297 742 2
298 75 20
298 800 4
299 78 2
299 291 16
300 140 2
301 274 4
303 292 2
304 6 6
304 8 22
304 42 8
304 63 85
304 106 9
304 212 11
304 258 2
304 292 2
305 11 2
305 34 12
305 576 5
306 36 2
306 918 3
307 514 18
308 583 6
308 640 21
308 692 2
308 832 2
308 848 2
309 77 2
310 44 3
310 936 6
312 514 8
314 109 2
314 156 2
314 376 24
314 518 23
315 739 4
316 452 10
318 532 6
318 914 8
320 29 6
320 407 2
320 428 13
320 468 2
320 641 2
320 720 6
321 4 38
321 262 4
321 337 2
321 768 2
321 1008 6
322 0 11
322 80 2
322 196 2
322 902 3
323 515 2
324 16 2
324 106 4
324 167 2
324 179 5
324 200 24
324 513 16
324 530 10
325 6 9
325 74 206
325 145 7
325 614 16
325 720 2
326 11 4
326 16 9
326 32 2
326 116 2
327 675 8
327 698 2
328 45 2
328 853 10
329 35 23
329 258 2
329 836 3
330 8 11
330 204 2
331 512 8516
332 456 13
332 643 3150
334 265 2
334 288 7
335 83 3
335 391 19
336 18 7
336 100 2
336 576 5
336 632 8
337 352 8
337 833 2
338 33 2
338 160 5
338 169 21
339 42 448
340 0 2
340 106 2
340 704 3
340 763 19
341 576 13
342 15 7
342 272 2
342 536 2
343 475 2
344 188 15
344 676 2
345 32 2
345 728 14
345 992 16
346 11 2
346 89 64
347 11 15
347 149 2
347 313 4
348 395 2
349 12 2
352 419 6
352 514 2
352 680 4
352 794 2
352 860 13
353 389 3
353 684 2
354 25 11
354 30 15
354 288 5
354 969 124
355 134 3516
355 634 30
356 800 8
357 641 7
358 3 13
358 168 2
358 197 2
360 514 5
360 555 239
360 732 12
360 810 2
361 266 7
361 316 2
362 34 16
363 162 20
363 424 6
364 740 23
366 657 14
368 49 2
368 738 151
368 925 2
371 112 2
371 705 2
371 772 2
372 352 2
375 77 2
376 193 2
379 333 56
380 339 2
381 531 17
384 5 4
384 6 311
384 156 20
384 168 3
384 332 2
384 457 8
384 481 115
384 531 22
384 571 12
384 597 718
384 692 4
384 841 2734
385 2 13
385 213 13
385 214 2
385 513 2
385 563 48
386 64 2
386 73 2
386 158 2
386 160 2
386 275 16
386 846 5
386 912 7
387 147 2
387 297 144
387 545 8
387 1016 7
388 332 2
389 596 2
391 8 14
392 336 33
392 553 9
392 674 13
393 577 2
394 80 8
394 211 7
394 590 16
395 4 2
395 558 17
395 647 111
396 6 680
396 454 9
396 536 13
396 546 2
396 777 17
396 915 2
396 960 11
397 132 14
397 305 4
397 518 2
398 943 2
399 9 8
400 10 2
400 21 5
400 144 2
400 712 4
401 16 43
401 58 11
401 277 3
401 673 4
401 932 8
402 80 2
402 769 2
403 20 6
404 209 2
405 160 5
406 677 14
406 928 2
407 591 2
408 66 2
408 405 2
408 576 8
409 66 30
409 417 2
409 888 14
410 520 2
411 20 2
412 6 18
413 640 3
416 52 11
416 279 2
416 292 2
416 531 2
416 832 95
417 577 26855
418 16 2
419 7 2
419 62 4
419 844 2
420 32 27
420 114 21
420 288 2
420 538 26
420 545 3
421 400 2
423 384 29473
423 651 9
425 161 509
425 261 16
425 776 2
426 644 6
427 580 8
428 32 14
428 194 4
428 620 28
428 880 13
430 68 10
430 203 2
433 24 10
433 197 2
434 734 2
436 597 2
437 2 2
442 146 2
442 691 66
444 769 2
444 801 2
448 92 2
448 513 2
448 655 2
452 48 25
452 136 23
452 205 15
452 488 5
452 512 2
452 513 3
453 368 3
453 661 3
454 9 132
454 437 10
454 634 150
455 640 3
456 105 6
456 376 7
456 774 14
457 906 9
458 101 8184
458 743 3
460 197 2
460 566 9
462 516 5
462 641 3
463 916 7
464 265 88
464 928 2
465 531 44
465 761 2
467 211 4
467 300 27
469 425 13
472 226 2
472 256 2
472 801 3
473 6 2
473 800 8
480 0 4
480 665 9
480 928 12
481 288 4
482 64 24
482 208 2
482 285 4
483 276 28
485 134 2
488 3 10
488 565 2
489 64 12
491 112 16
496 433 2
496 978 2
501 519 80
504 267 2
505 332 4
506 706 17
512 1 2
512 5 23
512 65 14
512 96 2
512 153 2
512 173 2
512 266 3
512 420 2
512 438 3
512 453 2
512 482 2
512 514 3
512 522 2
512 685 7
512 936 11
513 5 4
513 47 11
513 65 3
513 112 10
513 304 4
513 315 3
513 340 2
513 548 2
513 640 3
514 11 2
514 36 11
514 160 2
514 401 26
514 452 9
514 522 3
514 572 6
514 780 2
515 93 2
515 157 18
515 273 2
516 33 15
516 72 3
516 169 2
516 357 207
516 385 2
516 442 2
516 555 6
516 582 2
516 605 16
516 779 20
516 785 7
517 0 761
517 8 7
517 34 2
517 177 14
517 281 2
517 525 5
517 672 2
517 676 2
517 768 2
518 0 2
518 41 18
518 66 4
519 517 4
519 944 21
519 967 12
520 9 180
520 94 8
520 164 2
520 296 2
520 328 2
520 436 2
520 785 15
520 812 2
520 896 2
521 81 2
521 229 20
521 546 5824
521 554 15
521 560 2
521 609 2
522 121 8
522 234 3
522 549 19
522 652 2
523 650 2
524 173 1740
524 520 2
525 134 2
525 820 2
526 548 20
526 776 6
527 36 3
527 713 2
528 10 3
528 33 2
528 36 11
528 97 2
528 144 2
528 156 5
528 344 3
528 406 4
528 512 8
528 580 2
528 582 2
528 720 2
528 801 12
529 16 27
529 260 2
529 423 7
529 517 2
529 520 2
529 836 19
530 86 73
530 132 5
530 325 4
530 696 33
532 134 92
532 292 2
532 550 2
532 853 34
533 5 3
533 37 5
533 787 45
534 425 69
534 786 9
534 928 2
535 10 31
536 10 21
536 412 21
536 687 2
536 902 2
537 99 2
537 138 4
537 257 2
537 478 22
538 74 2
538 84 13
538 820 2
540 256 12
540 481 2
541 344 3
541 793 2
544 6 61
544 21 19
544 24 2
544 151 31372
544 160 9
544 401 2
544 416 7
544 536 3
544 542 2
544 597 21
544 718 12
545 209 5
545 226 5
545 914 196
546 2 2
546 4 2
546 263 11
546 612 6
546 650 2
546 758 2
546 900 10
547 265 5
547 427 8
547 577 8
548 141 14
548 169 5
548 577 5
548 586 2
549 68 8
549 97 3
549 288 14
549 530 4
549 647 2
550 649 5
550 800 2
551 40 2
551 89 225
552 136 104
552 656 3
552 932 2
553 102 27
553 933 2
555 52 13
556 409 2
557 6 2
557 370 13
557 400 13
557 557 25
557 770 25
557 938 315
559 557 10
560 18 2
560 32 20
560 168 2
560 354 3
561 10 15
561 444 47
561 521 127
561 786 2
562 977 9
562 992 11
563 20 2
563 410 16
564 659 28
565 105 29
566 4 7
566 132 2
567 793 9644
569 385 8
569 522 9
571 100 12
571 457 4
572 36 2
572 64 19
572 257 5
572 370 2
572 777 12
573 797 2
573 886 2
574 18 2
576 4 2
576 5 6
576 19 2
576 48 2
576 76 2
576 133 7
576 172 2
576 193 2
576 371 30
576 547 3
576 607 5
577 72 2
577 236 6
577 401 2
577 661 3
577 997 2
578 26 11
578 96 8
578 120 2
578 136 3
578 554 20
578 572 5
578 575 138
579 136 21
579 621 13
579 789 2
580 64 7
580 507 18
580 598 2
581 645 26
582 633 2
583 129 3
585 64 81
585 208 149
585 354 2
586 64 2
586 530 21
586 658 2
588 784 3
589 389 2
590 276 15
590 300 4
590 520 412
590 788 38
591 147 10
592 4 8
592 148 44
592 322 2
592 528 2
592 585 9
593 429 10
595 58 2
595 557 2
596 33 5
596 91 2
596 385 2
597 387 2
599 176 2
599 569 2
600 562 167
600 575 2
601 335 3
601 431 25
602 480 12
604 913 12
605 80 198
606 281 19
606 807 8
607 288 56
607 393 2
608 176 2
608 522 13
608 648 2
609 28 2
609 210 9
609 225 3
609 526 8
610 24 25
611 125 2
612 170 6
612 534 2
613 840 18
614 265 2
614 936 4
616 81 6
616 450 5
616 806 2
617 374 18
617 908 7
618 70 20
619 76 11
619 231 6
621 293 2
623 1000 4
624 579 7014
625 5 7
625 261 2
625 530 9
626 104 21
626 528 4
627 418 2
627 769 10
627 977 2
629 446 13
629 528 2
631 24 2
632 18 10
633 812 2
637 73 2
638 161 2
640 4 5
640 6 18
640 160 489
640 181 2
640 258 9
640 369 5
640 421 2
640 467 2
640 525 29
640 584 4
640 659 63
640 732 3
640 952 18
641 192 13
642 512 7
642 562 2
642 724 10
643 775 2
644 660 14
644 756 2
644 769 3
645 4 3
645 25 2
645 548 3
645 963 2
646 289 2
646 388 2
648 76 2
648 98 7
648 210 2
648 301 11
648 369 2
648 512 6
648 694 2
648 769 8
649 4 2
649 48 37
650 108 2
650 953 2
651 290 2
652 594 2
655 384 10
655 761 2
656 3 2
656 259 3
656 278 2
656 370 25
657 79 2
657 201 2
658 10 53
658 26 12
658 226 2
658 640 34
660 36 5
660 52 2
660 69 3
660 85 24
661 244 7
661 608 2
662 374 4
664 16 7
664 205 8
664 539 32
664 781 2
665 260 15
666 66 2
667 587 31
668 464 23
668 749 22
670 515 7
672 1 113
672 129 2
672 514 2
672 608 6
672 717 2
673 656 8
674 259 9
674 288 13
674 401 19
674 672 51
675 257 2
675 470 7
676 52 2
677 121 27
677 641 2
678 237 3
679 556 14
680 20 11
680 39 22
680 450 127
680 540 2
681 33 3
682 156 2
683 278 3
684 1008 2
686 426 12
686 593 24
688 385 9
689 80 2
690 110 2
691 12 2
692 260 2
692 914 2
693 397 416
693 522 2
694 6 13
694 768 3
694 976 2
695 517 23
695 585 7
696 885 2
697 710 2
700 18 2
700 229 4
700 864 18
701 34 3
701 941 2
704 34 2
704 135 2
704 292 11
704 370 4
704 514 2
704 673 27
705 596 2
705 854 100
706 17 2
706 161 2
708 108 10
709 325 5
709 354 2
709 644 5
709 843 4
710 2 2
711 19 5
712 35 2
712 141 13
712 283 5
712 862 2
713 837 2
716 98 2
716 339 4594
716 649 5
719 512 15
720 7 64
720 144 251
720 803 69
721 0 91
721 170 2
721 323 22
721 584 11
722 82 51
722 100 56
722 104 3
722 146 26
722 258 2
722 393 9
722 398 2
722 464 53
723 142 42
724 20 3
725 44 8
725 65 2
726 322 2
727 200 2
728 227 71
728 350 5
728 712 2
729 578 14
730 332 27
736 24 2
737 25 6
737 64 2
737 288 2
737 610 2
738 970 8053
740 235 551
740 778 2
741 45 2
741 260 5
742 97 241
743 787 7
744 124 19
745 63 2
746 536 2
752 261 3
752 494 498
752 786 10
754 32 2
759 130 3
760 40 2
760 220 12
760 257 6
760 300 2
763 668 2
768 68 20
768 226 199
768 502 9
768 608 15
768 666 2
768 736 2
768 738 54
769 34 2
769 350 4
769 773 13
770 67 10
770 211 15
770 515 16
771 128 13
771 793 2
771 800 22
772 32 2
772 130 9
773 1 3
774 8 2
774 936 286
775 48 21
776 101 30
776 586 7
776 697 2
777 6 2
777 84 2
777 318 8
777 539 2
777 554 3
777 608 2
777 641 2
778 707 5
780 14 8
780 16 2
780 193 7
780 552 3
780 707 2
780 901 21
781 222 2
781 496 19
782 226 3
782 405 3
784 1 2
784 514 16
784 549 2
784 569 2
784 604 28
784 634 2
784 841 5
785 45 3
786 142 18
786 521 7
786 576 2
786 914 7
787 199 2
788 25 3
788 332 2
792 16 3
792 540 3
792 594 5
793 52 2
793 498 2
793 628 88
795 422 6
795 661 3
798 776 61
800 9 5
800 45 8
800 73 10
800 97 671
800 133 15
800 824 2
801 34 39
801 312 3714
801 592 15
801 642 6
802 660 6
802 769 13
804 0 20
804 337 2
804 779 2
805 387 256
805 781 2871
806 43 3
806 134 6218
806 232 2
806 326 4
808 302 4
808 526 2
808 777 4
808 937 117
808 945 14
810 17 3
810 416 2
812 778 125
814 264 12
814 523 2
814 905 2
816 18 2
816 24 2
817 784 3
818 253 2
819 69 2
819 538 2
821 236 16
824 609 5
824 978 17
828 592 2
830 356 38
832 30 2
832 43 4
832 281 8
832 304 99
832 328 4
832 427 2
832 518 4
833 999 19
834 32 98
834 148 9
834 912 3
836 86 4
836 388 2
836 485 2
838 785 10
839 21 3
840 96 2
840 545 2
840 800 2
841 32 1180
841 370 49
842 132 11
842 200 2
844 584 2
845 624 17
848 90 180
848 188 2
848 313 34
848 899 22
849 792 41
849 1018 3
851 195 5
852 2 4
852 64 2
852 72 17
852 824 21
854 681 2
856 256 21
856 866 2
857 42 52
862 130 2
863 516 2
864 23 3
866 260 2
867 998 2
868 332 37
870 6 4
870 68 2
871 264 469
872 32 2
872 50 777
872 165 31
873 9 149
874 360 17
875 164 12
878 258 2
880 611 4
882 42 2
884 802 3
885 601 672
894 392 273
895 603 8
896 330 2
896 868 22
897 39 3
897 115 43
897 1002 21
898 699 4
899 537 2
899 736 3
900 4 2
900 162 15
900 313 2
902 131 2
902 420 4
904 112 2
904 231 2
904 552 10
904 888 11
904 929 14
905 12 3
905 196 18
905 248 4
905 540 4
905 572 48
906 137 431
906 194 6
906 210 5
907 276 2
908 456 15
910 614 10
911 5 26
911 896 2
912 2 2
912 85 10
912 129 2
912 388 16
914 216 2
914 669 2
914 968 14
915 431 8
916 742 2
916 777 2
917 560 34
917 912 2
918 0 3944
920 200 271
921 272 2
921 320 23
922 784 2
924 33 2
927 190 2
928 64 7
928 384 2
928 516 3
928 518 2
929 10 42
929 257 10
929 316 28
930 547 11
930 720 2
931 230 8
931 657 2
932 274 2
932 783 4
933 657 2
934 94 2
938 261 2
938 552 2
940 512 11
941 771 184
944 165 33
944 756 15
945 456 2
946 205 2
947 568 2
948 9 27
952 37 13
953 905 2
954 22 2
956 846 2
960 358 3
961 131 31
961 291 55
961 472 3
961 481 3
963 130 2
965 937 4
966 29 8
966 192 2
966 197 2
966 555 98
968 51 59
968 352 8
969 313 2
969 769 51
970 180 26
971 566 13
975 205 2
976 779 2
977 22 2
977 549 2
984 324 2
984 483 4
986 772 6
987 962 452
988 366 12
990 35 2
996 836 3
998 179 2
1000 260 2
1001 286 2
1002 652 504
1002 912 9
1004 129 2
1011 36 5
1013 316 2
1018 358 2
1020 371 2
1021 643 2
