0 4 10
0 8 2068
0 9 2
0 17 3
0 18 82
0 47 11
0 112 2
0 135 4
0 150 2
0 166 3
0 215 3
0 256 5
0 259 3
0 265 2
0 274 29
0 321 2
0 352 2
0 415 12
0 552 2
0 646 350
0 670 2
0 674 2
0 679 5
0 843 2
0 917 6
1 15 2
1 82 2
1 135 4
1 292 6
1 481 17
1 565 2
1 644 41
1 705 43
1 768 204
1 825 4
1 920 5
2 0 15
2 3 2
2 8 2
2 132 10
2 167 4
2 523 2
2 826 2
3 24 2
3 131 6
3 272 2
3 277 22
3 530 12
3 592 17
4 0 3
4 4 3
4 15 16
4 24 39
4 50 3
4 60 2
4 64 2
4 293 37
4 368 2
4 576 7
4 683 11
4 774 2
5 18 7
5 216 2
5 584 2
5 887 12
6 3 4
6 148 2
6 259 6
6 267 2
6 268 20
6 466 5
6 512 15
6 798 2
6 1002 9
7 81 13
7 110 7
7 237 9
7 715 2
8 1 4
8 2 2
8 19 958
8 42 2
8 202 2
8 272 6
8 273 4
8 386 24
8 393 69
8 486 2
8 552 12061
8 642 2
8 735 1024584
8 902 24
9 39 2
9 43 30
9 416 19
9 526 11
9 572 2
9 823 13
9 907 8
10 75 2
10 84 3
10 176 23
10 208 10
10 518 2
10 523 46
10 599 2
10 680 4
10 778 2
11 204 22
11 586 3
11 752 11
12 0 2
12 55 2
12 65 31
12 116 2
12 128 2
12 269 272
12 366 10
12 781 2
13 66 3
13 192 47
13 224 3
13 320 3
13 780 5
14 127 2
14 152 2
14 210 9
14 321 2
14 376 2
14 616 2
15 352 406
15 485 12
15 659 2
15 854 2
16 9 3
16 24 2
16 64 7
16 198 384278
16 643 2
16 806 27
17 129 54
17 258 2
18 51 2
18 203 90
18 215 11
18 290 16
18 641 2
18 645 15
19 7 8
19 24 346
19 657 3
19 709 2
20 1 2
20 10 2
20 28 2
20 36 3
20 69 13
20 176 3
20 194 30
20 323 5
21 116 2
21 258 5
21 308 2
22 68 41
22 107 10
22 133 2
22 320 7
22 565 2
23 770 2
23 886 3
24 9 11
24 533 2
24 781 2
24 786 2
24 848 11
24 944 2
26 20 2
26 22 8
26 109 2
26 801 5
27 130 4
27 547 2
28 42 2
28 72 17
28 146 3
28 647 2
29 1 2
29 327 2
29 532 7
29 809 2
30 21 8
30 52 2
30 129 2
30 588 2
31 77 2
31 561 4
32 72 2
32 204 2
32 211 5
32 219 2
32 276 14
32 388 8
32 514 2
32 612 4
32 641 2
32 803 2
32 848 2
33 2 15
33 3 3
33 26 5
33 31 10
33 277 8
33 320 2
33 544 1068
33 785 3
33 898 2
33 945 7151
34 144 2
34 292 2
34 324 2240
34 561 12
34 663 2
34 720 2
35 65 5
35 266 2
35 689 13
36 12 56
36 34 2
36 48 4
36 266 4
36 288 2
36 448 2
36 555 5
36 858 2
37 2 15
37 13 2
37 364 2
37 520 4
37 594 2
37 640 13
37 673 3
38 1 2
38 180 11
38 544 3
39 3 3
39 520 305
40 39 16
40 65 12
40 256 8
40 512 2
40 528 15
40 605 2
40 645 15
40 756 2
40 761 5
40 840 8
40 980 10
41 96 2
41 321 4
41 513 5
41 987 2
42 42 2
42 140 4
42 411 4
42 778 2
42 839 2
43 1 12
44 47 2
44 430 2
44 524 3
44 794 2
45 23 3
45 50 9
45 266 7
45 615 2
45 808 2
45 844 3
46 57 2
47 80 2
47 1022 7
48 67 21
48 176 35
48 193 31
48 198 5
48 226 3
48 646 5
48 708 5
48 789 51
48 932 2
49 17 52
49 313 2
50 113 10
51 70 6
51 377 3
51 516 2
52 46 2
52 188 2
52 256 2
52 285 6
52 390 10
53 146 2
54 112 2
54 718 13
55 278 2
56 89 2
56 472 2
56 544 5
57 5 3
57 33 2
57 128 2
57 448 106
58 113 2
59 58 4
59 292 2
59 453 3
59 583 2
60 5 2
60 33 18
60 948 2
61 644 6
61 648 6
62 521 3
62 612 706
64 1 5
64 26 2
64 41 16
64 194 5
64 203 2
64 370 4
64 481 4
64 514 2
64 780 83
65 25 6
65 61 9
65 96 5
65 104 2
65 118 10
65 218 2
65 241 2
65 515 12
65 571 2
66 140 2
66 545 6
67 16 2
67 20 26
67 73 581
67 453 2
67 482 12
68 153 9
68 284 3
68 576 9
69 138 3
69 572 2
69 768 13
70 109 2
70 212 26
70 431 10
70 608 2
70 646 14
70 648 2
70 672 84
71 1 2
71 264 22
71 409 8
71 700 5
72 8 34
72 37 3
72 65 15
72 280 2
72 437 52
72 961 4
73 640 5
73 999 2
74 512 120
74 548 2
74 600 3
74 768 24
74 1012 2
75 259 2
75 576 3
76 84 2
76 262 148
76 586 5
76 855 13
77 256 2817
77 267 4
77 450 2
77 456 3
78 288 6
78 517 2
78 784 5
78 919 2
79 165 2
79 386 2
80 0 3
80 51 2
80 132 5
80 211 2
80 528 2
80 677 2
80 920 10
81 807 4
81 852 34
82 283 2
83 115 2
83 124 2
83 304 2
83 617 2
83 784 2
84 64 35
84 74 2
84 216 2
85 65 2
87 353 2
87 462 2
88 782 2
89 2 2
89 76 5
90 274 8
90 843 3
90 977 2
90 988 2
91 652 2
91 951 194
92 38 2
92 91 2
93 49 39
93 134 2
93 669 8
94 869 25
94 954 2
95 20 93
95 34 2
96 80 118
96 103 2
96 208 9
96 220 3
96 276 4
96 321 14
96 356 114
96 547 20
96 820 217
97 48 2
97 130 6
97 144 2
97 195 2
97 286 172
97 473 10
97 525 180
98 14 4
98 352 20
98 401 9
98 671 11
98 928 15
99 117 2
99 134 10
99 249 5
100 294 2
100 768 5
100 901 3
101 70 90
101 124 14
101 161 469
101 169 17
101 392 2
101 599 9
102 6 7
102 78 3
102 166 2
102 264 31
103 704 4
104 26 2
104 28 2
104 64 28
104 132 5
104 313 8
104 512 168
104 673 2
105 3 7
105 779 33
106 516 2
106 652 2
107 3 16
107 129 2
108 133 51
108 514 4
108 825 2
111 12 3
112 0 3
112 28 9
112 84 2
112 107 4
112 165 17
112 776 39
114 68 3
114 416 12
114 452 2
114 497 11
114 872 2
116 33 6
117 106 2
117 803 30
118 565 151
119 446 10
119 836 2
120 0 3
120 76 9
121 536 30
122 24 13
122 294 4
123 600 2
124 304 10
124 348 7
125 268 13
128 1 4
128 10 8
128 58 6
128 200 65
128 208 3
128 320 2
128 362 78
128 376 2
128 433 22
128 628 2
128 770 4
128 806 2
129 0 2
129 10 16
129 37 6
129 39 2
129 88 157
129 584 2
129 707 2
130 78 5
130 272 2
130 273 3023
130 368 17
130 520 2
130 528 8419
130 532 2
130 540 2
130 675 6
130 772 8
132 6 58
132 17 3
132 94 2
132 372 14
132 516 3
132 713 2
132 916 11
132 957 6
133 23 2
133 138 23
133 614 5
134 67 4
134 208 3
134 224 2
134 377 12
134 390 2
134 516 3
135 258 2
136 21 2
136 39 2
136 81 1181
136 160 2
136 482 13
136 610 4
136 657 2
136 684 33
136 831 2
137 148 2
137 256 3
137 259 5
137 325 13
137 678 42
137 778 2
138 415 2
138 590 16
138 902 2
139 865 2
140 72 2
140 135 13
140 143 123
140 464 2
140 724 2
140 776 9
141 2 2
141 521 6
142 641 14
143 116 22
143 187 6
143 286 2
143 642 3
144 18 2
144 68 2
144 248 130
144 257 2
144 433 2
144 520 5
144 800 14
145 1 2386
145 2 3
145 67 9
145 94 10
145 184 2
145 216 3
145 273 8
145 513 2
145 576 21
146 69 5
146 146 2
146 396 2
147 522 40
148 1 2
148 130 2
148 139 5
148 146 2
148 278 12
148 464 2
148 912 29
149 633 3
150 141 2
150 160 32
150 656 9
151 102 18
151 132 8
151 207 14
151 250 2
153 26 32
153 151 2
153 171 2
153 592 2
153 961 3
156 54 2
156 814 2
159 526 5
160 34 7
160 144 2
160 801 2
161 21 4
161 40 2
161 326 2
161 376 3
161 524 15
161 576 3
161 717 5
161 898 89
162 160 2
163 227 3
163 361 2
163 601 17
164 34 2
164 38 2
164 87 202
164 217 28
164 264 12
164 280 2
164 329 19
164 481 24
164 646 143
165 141 3
167 104 9
167 456 5
167 712 2
168 8 5
168 67 11
168 68 3
168 98 2
168 480 6
169 25 19
169 351 21
171 144 10
171 810 6
172 8 2
172 32 2
172 569 2
172 664 2
173 261 3
174 493 2
174 582 3
175 863 192
176 32 2
176 137 8
176 270 4358
176 824 2
176 864 2
176 916 3
176 932 14
177 128 2
177 280 6
177 560 3
177 611 9
177 744 2
178 100 6
178 580 8
178 797 5
179 429 2
180 152 5
180 600 14
181 97 29
181 331 2
181 964 2
182 300 192
182 672 2
182 728 2
184 141 4266
184 161 18
184 664 3
185 42 14
186 272 2
186 582 3
187 800 5
188 199 2
192 43 17
192 52 2
192 72 3
192 388 2
192 392 57
192 536 2
192 713 6
192 898 6
192 904 3
192 999 2
193 120 6
193 131 4
193 162 3
193 375 16
193 422 4
193 718 5
193 775 7
194 321 7
194 592 166
194 677 169
196 286 3
196 377 2
197 61 2489
197 100 2
197 297 5
197 611 3
197 769 2
198 3 4
200 146 2
200 445 12
200 577 8
200 924 190
201 98 1171
201 140 8
202 11 2
203 654 8
204 6 2
204 520 2
205 457 11
206 80 2
208 12 2
208 88 2
208 534 2
209 513 13
209 564 3
210 1 2
210 882 9
211 4 2
212 34 57
212 262 6
212 285 2
212 673 2
213 64 2
214 369 2
214 585 2
216 66 14
216 138 2
219 389 2
220 176 2
220 658 2
222 532 3
222 852 2
225 257 31861
225 316 1235
225 948 19
226 35 2
226 157 3
227 336 3
227 592 2
228 32 10
228 294 7
230 9 5
231 261 8
231 290 2
232 5 12
232 80 2
232 130 2
232 480 3
233 212 2
233 912 5
233 973 9
234 917 2
235 645 3
238 620 6
238 642 3
239 370 65
239 560 36
240 66 2
240 799 2
240 914 2
241 245 8
244 33 2
244 356 3
244 932 2
245 705 2
246 64 6
247 626 3
248 0 15
248 557 6
248 902 3
250 46 40
253 636 17
256 1 112
256 4 2
256 5 3
256 68 6
256 69 2
256 97 2
256 160 2
256 212 9
256 243 2
256 262 5
256 312 2
256 344 6
256 416 2
256 512 2
256 522 2
256 616 6
256 705 17
256 804 6
256 904 8
256 963 2
256 992 2
257 156 2
257 268 5
257 272 6
257 806 2
257 912 2
257 920 20
257 945 5
258 24 3
258 34 29
258 36 2
258 138 3
258 265 4
258 810 2
258 880 2
259 7 2
259 100 13
259 165 4
259 226 3
259 268 11
259 327 12
259 532 8
260 131 4
260 256 2
260 522 17
260 545 4
260 678 3
260 978 23
261 8 973
261 67 2
261 72 227
261 356 5
261 672 9
261 995 1779
262 32 3352
262 134 2
262 193 9
262 256 6
262 906 5
262 1013 47
264 1 5
264 296 4
264 320 6
264 568 2
265 264 2
265 339 2
265 632 3
266 11 2
266 56 2
266 242 16
266 326 2
266 504 4
267 523 1767
267 581 2
268 12 3
268 34 6
268 177 2
268 192 2
268 512 5
268 524 2
268 577 2
269 640 3
270 73 34
270 532 35
272 41 6
272 162 9
272 208 65
272 225 2
272 280 2
272 378 2
272 520 2
272 554 2
272 640 2
272 684 2
272 899 2
273 47 11
273 581 2
273 693 268
273 809 5
273 903 5
274 98 2
274 334 2
275 4 3
275 16 2
275 116 27
275 133 8
275 401 7
275 485 2
276 288 2
276 392 7
276 394 2
276 538 9
276 628 29
276 661 2
277 8 209
277 27 214
277 128 8
278 258 4
279 18 11
279 901 2
280 36 7
280 82 2
280 600 7
280 674 20
282 136 20
282 576 5
282 717 2
282 787 8
284 835 4
285 104 51
286 624 2
286 832 2
287 448 2
287 802 87
288 50 2
288 132 11
288 224 59
288 292 2
288 341 12
288 545 2
289 156 2
289 468 4
289 648 4
289 753 3
289 788 11
290 0 486
290 258 9
290 328 2
290 388 80
291 32 9
291 768 5
291 967 5
292 7 4
292 19 3
292 134 8
292 162 421
292 524 9
292 593 2
293 256 4
293 960 2
294 864 6
296 57 23
296 84 2
296 231 2
296 260 3
296 288 25
296 409 5
296 516 2
297 389 2
297 544 2
297 742 18
298 75 2
298 800 132
299 78 2
299 291 10
300 140 6
301 274 2
301 777 3
303 292 5
304 6 7
304 8 25
304 42 2
304 63 5
304 106 792
304 212 2
304 258 14
304 292 39
305 11 2
305 34 7
305 576 6
306 918 13
308 21 33
308 583 54
308 692 4
308 832 2
308 848 20
309 774 2
310 44 3
310 936 2
314 109 3
314 376 7
315 739 250
316 452 20
318 914 2
320 29 3
320 315 1330
320 428 2
320 468 2
320 641 40
320 720 2
321 4 2
321 337 2
321 768 3
321 834 3
322 0 8
322 80 43
322 196 302
322 272 4151
322 416 3
322 899 2
322 902 33
323 360 6
323 515 2
324 16 758
324 106 2
324 167 3
324 179 2
324 200 16
324 513 2
324 530 2
325 74 2
325 145 39
325 614 2
325 720 10
326 11 2
326 116 3
326 280 2
326 443 52
327 675 9
327 698 34
328 853 8
329 258 5
329 836 8
330 204 6
332 456 5
332 643 2
334 265 2
334 288 7
335 83 6
335 391 6
336 18 29
336 632 43
337 352 2
337 768 2
337 833 4
338 33 2
338 160 2
338 169 8
339 42 4
340 0 2
340 106 7
340 704 2
340 763 2
341 576 2
342 15 2
342 272 3
342 536 4
343 475 5
344 188 6
344 676 7
345 32 2
345 728 2
346 11 31
347 11 162
347 149 2
347 313 21
348 128 2
349 12 21
352 409 2
352 419 12
352 514 10
352 680 12
352 860 2
353 389 2
353 684 2
354 25 2
354 30 3
354 288 11
354 836 2
354 969 5
355 134 664
355 634 10
356 800 21
357 433 2
357 641 7
358 168 30
358 197 2
360 514 2
360 555 15
360 732 2
360 784 10
361 316 162
362 34 2
363 162 6
363 424 2
364 740 2
366 657 609
368 49 3
368 738 2
368 925 3
371 112 4
371 705 394
372 352 16
375 77 2
376 193 5
379 333 6
380 339 29
384 156 166
384 168 6
384 312 73
384 332 14
384 423 99
384 481 3
384 571 2
384 597 2
384 692 11
384 841 3
384 962 35
385 75 41
385 213 40
385 513 2
385 563 23
386 64 2
386 73 2
386 158 15
386 206 3
386 275 7
386 681 4845
386 846 24
386 849 2
386 912 209
387 297 2
387 545 4
387 1016 4
388 332 91
389 596 2
391 8 3
391 461 4
391 800 38
392 38 2
392 336 4
393 461 2
394 80 2
394 211 2
394 590 2
395 4 2
395 558 138
396 6 4
396 454 2
396 536 25
396 546 3740
396 777 2
396 960 6
397 132 2
397 305 2
398 943 2
400 10 6
400 21 2
400 144 87
400 712 2
401 16 2
401 58 3
401 277 12
401 284 19
401 673 2
401 932 5
402 68 2
402 80 2
403 20 4
403 98 2
404 209 7
404 298 6
405 160 2
406 677 3
406 928 2302
407 591 2
408 66 4
408 576 2
409 105 6
409 417 176
409 888 17
411 20 4
412 6 74
413 640 2
414 932 2
415 101 25
416 52 2
416 279 12
416 292 5
416 531 7
416 832 3
417 577 20
418 16 6
419 7 3
419 62 3
419 844 6
420 288 14
420 424 4
420 538 23
420 545 8
421 400 3
422 736 48
423 651 6
424 481 2
425 161 5
425 261 2
425 776 2
426 644 11
427 580 8
428 32 5
428 194 2
428 620 2
428 880 2
430 8 4
430 68 2
430 203 2
433 24 2
433 197 9
434 734 2
436 597 89
436 641 2
437 2 4
441 21 3
442 146 8
444 769 5
444 801 14
448 92 2
448 513 2
448 655 2
452 48 8838
452 136 11
452 205 3
452 488 3
452 512 7
452 513 2
453 368 2
454 437 12
454 634 2585
454 782 2
456 105 11071
456 376 2
456 774 3
458 101 23
458 743 6
460 462 2
460 566 17396
461 625 6
461 901 22
462 516 2
462 641 2
463 916 60
464 265 9
464 928 6
465 531 2
466 58 2
467 211 2336
467 300 85
469 425 5
472 226 2
472 256 2
472 801 10
473 6 14
473 600 6
476 775 13
480 0 26
480 731 15
480 928 2
481 288 44
481 416 20
482 64 11
482 208 2
482 285 14
483 276 15
483 555 11
484 841 4
485 134 2
488 3 3
488 269 4
488 334 5
488 565 2
489 64 2
491 112 5
501 519 2
505 332 3
506 706 15
512 1 2
512 5 8
512 36 37
512 52 9
512 65 20
512 96 26
512 153 2
512 266 4
512 420 2
512 438 2
512 514 94
512 522 9
512 685 2
512 936 6
513 5 8
513 42 7
513 47 90
513 65 2
513 100 3
513 315 521
513 340 11
513 548 7
513 640 5
514 11 6
514 36 2
514 160 3
514 401 2
514 452 2
514 522 2
514 572 2
514 780 4
515 93 2
515 157 6
515 273 72
515 598 2
516 33 2
516 69 6
516 72 2
516 169 2
516 357 2
516 442 7
516 582 2
516 605 56
516 779 10
516 785 6
517 3 11
517 8 2
517 132 10
517 177 5
517 233 4
517 281 6
517 525 2
517 672 2
517 676 2
517 768 12
518 0 12
518 41 52
518 66 132
519 517 5
519 944 2
520 164 7
520 296 18
520 328 2
520 436 8
520 812 30285
520 896 2
521 81 14
521 131 9
521 229 192
521 450 2
521 554 5
521 560 2
522 1 5
522 121 44
522 234 6
522 549 2
522 652 3
523 650 4
524 159 4
524 173 13
524 520 3
525 134 10
525 820 15
526 776 9
527 36 2
527 713 2
528 10 2
528 33 56
528 97 33
528 171 7
528 344 13
528 406 61
528 512 161
528 580 3
528 582 12
528 611 3
528 720 2
528 801 404
529 16 21
529 148 6
529 260 2
529 423 4
529 517 34
529 520 2
529 737 2
529 836 6
530 86 2
530 132 3
530 278 6
530 325 19
530 522 3
530 696 18
532 11 2
532 134 10
532 292 27
532 853 125
533 37 11
533 787 2
534 6 2
534 928 2
534 932 2
535 10 2
536 10 6
536 244 13
536 412 247
536 687 2
536 902 4
537 99 5
537 138 2
537 257 29
538 74 11
538 84 2
538 820 2
540 256 2
540 481 2
541 344 2302
541 793 2
544 6 817
544 21 2
544 24 2
544 151 4
544 160 4
544 401 2
544 416 27
544 429 7
544 536 20
544 542 2
544 551 20
544 718 14
545 209 10
545 226 2
545 743 3
545 914 3
546 2 31263
546 4 2
546 612 205
546 650 2
546 758 6
546 900 3
547 265 19
547 427 25
548 141 3
548 169 2
548 577 2
548 586 5
549 68 2
549 97 2
549 146 3
549 530 8
549 647 2
550 36 16
550 649 3
550 800 13
551 4 9
551 40 13
551 89 2
552 640 4
552 932 3
553 36 6
553 933 2
554 4 2
554 296 22
556 409 8
557 6 65
557 15 2
557 370 9
557 400 2
557 512 2
557 557 107
557 770 243
559 557 7
560 96 2
560 104 3
560 168 6
560 354 2
561 10 2
561 444 2
561 521 2
561 786 5
562 162 2
562 977 2
562 992 2
563 20 17
563 410 24
564 28 5
564 659 3
566 44 18
569 385 4
569 522 3
571 100 11
571 457 7
572 36 48
572 64 14
572 257 3372
572 370 2
573 797 57
573 886 2
574 18 65
574 533 15
574 696 5171
576 5 2
576 48 2
576 76 2
576 133 3
576 172 2
576 193 2
576 325 2
576 371 2
576 525 3
577 72 413
577 292 2
577 577 7
577 661 2
577 997 8
578 26 2
578 96 5
578 120 2
578 136 9
578 572 5
579 80 8
579 136 75
579 621 2
579 789 15
580 64 2
580 507 783076
580 528 26
582 633 17
583 129 3
584 833 277
585 208 91
585 217 37
585 354 2
585 389 2
586 64 2
586 530 12
586 658 3
587 608 2
588 784 12
590 276 2
590 300 7
590 520 4
590 788 2
591 147 2
592 4 23
592 148 47
592 322 74
592 528 8
592 566 56
592 585 151
592 856 6
593 429 2
595 58 11
595 557 2
596 11 37
596 33 2
596 154 11
596 385 3
599 92 2
599 176 2
600 562 4
600 573 6
600 575 2
601 335 12
601 431 4
602 480 2
604 913 68
605 80 5
606 281 14
607 288 2
607 393 2
608 176 2
608 185 388
608 522 2
608 576 10
609 28 14
609 210 2
609 225 2
609 526 2
609 768 2
610 24 21
611 125 4
612 170 2
612 534 2
613 840 2
614 265 30
614 936 26
616 81 3
616 450 2
616 806 9
617 374 3
618 70 35
618 1004 3
619 76 331
619 231 12
621 293 2
623 1000 46
625 5 4
625 261 24
625 530 16
626 8 13
626 104 4
626 114 7
626 528 2
627 3 4
627 418 5
627 769 9
627 977 14
628 76 3
629 446 5
629 528 2
631 24 14
632 18 2
633 812 2
637 73 4
638 161 8
640 4 25
640 6 8
640 16 3
640 181 11
640 246 12
640 258 5
640 369 2
640 421 9
640 467 6
640 525 2
640 584 4
640 659 16
640 732 18
640 938 2
640 952 2
642 512 48
642 562 14
642 724 28
643 73 36
643 775 2
644 48 11
644 387 5
644 660 3
644 756 9
644 769 2
645 4 35
645 25 3
645 548 16
645 963 7
646 289 2
646 388 38
648 76 5
648 98 2
648 369 37
648 512 3
648 769 14
649 4 6
650 953 2
651 290 2
652 594 3
654 565 1153
655 384 6
656 3 2
656 259 33
656 278 10
656 370 2
656 833 364
657 79 4
657 201 91
658 26 4
658 226 2
658 640 10
660 36 7
660 52 2
660 85 8
660 648 2
661 244 7
661 608 53
664 205 2
664 781 2
665 260 2
666 66 2
668 163 2
668 464 3
668 749 24
670 515 7
672 1 2
672 64 15
672 129 2
672 514 5
672 608 2
672 717 5
673 104 9
674 259 2
674 401 300
674 672 3
675 257 5
677 121 2
677 641 3
678 237 79
679 556 17
680 20 3
680 39 4
680 105 3
680 450 52
680 540 4
681 6 2
681 33 2
682 14 3
682 156 2
684 1008 4
686 426 26
686 593 4
688 385 7
689 80 3
690 110 2
691 12 2
692 260 9
692 914 3
693 397 4
693 522 2
694 6 17
694 768 44
694 931 9
694 976 14
695 517 37
695 585 12
696 885 8
697 710 15
700 18 4
700 864 136
701 34 2
701 941 10
704 34 2
704 76 15
704 135 6
704 292 10
704 370 2
704 514 14
705 596 6
705 854 2
706 17 2
706 161 4
706 460 7
706 732 2
708 108 2
709 325 3
709 354 7
709 843 13
710 2 24
712 35 2
712 141 2
712 294 2
712 862 9
713 593 61
713 837 2
716 98 2
716 339 2
716 649 2
716 842 2
720 7 17
720 144 2
720 803 2
721 0 16
721 170 2
721 323 9
721 584 2
722 82 15
722 100 5
722 104 24
722 146 13
722 393 16
722 398 17
722 464 2
723 142 131
724 20 2
724 596 2
725 65 4
728 227 2
728 350 2
728 712 5
729 578 6
730 332 13
732 834 2
737 25 16
737 64 10
737 288 3374
737 610 4019
738 970 2
740 778 2
740 801 23
741 45 2
741 260 58
742 97 2
743 787 4
744 124 2
744 280 3
744 762 2
745 63 7
746 386 6
746 536 17
752 261 2
752 494 7541
752 786 6
754 32 11
759 130 21
760 40 2
760 300 2
761 435 2
763 668 3
765 513 2
768 68 6
768 226 4
768 326 6
768 502 14
768 608 18
768 666 1359
768 736 2
768 738 4
768 926 2
769 34 2
769 277 3
769 350 2
769 640 4
769 773 7
770 67 309667
770 211 8
770 256 13
770 515 17
770 663 2
771 793 2
771 800 4622
772 0 336
772 32 2
772 130 2
774 8 7
774 936 3
775 48 6
776 101 4
776 155 5
776 586 12
776 697 18
777 6 2
777 200 6
777 554 2
777 641 22
778 330 2
778 707 2
780 14 2
780 16 2
780 193 2
780 552 2
780 707 2
780 901 2
781 222 6
782 226 2
782 405 2
784 1 10
784 514 2
784 549 2
784 569 80
784 604 3
784 841 3
785 45 20
785 257 7
786 142 2
786 521 10
786 576 25
786 914 2969
787 199 2
788 25 31
788 332 34
792 540 8
792 594 2
793 52 17
793 498 6
793 628 51
795 422 3
798 776 2
799 433 2
800 9 2
800 45 8
800 73 2
800 97 12
800 133 3
800 824 4
801 34 2
801 312 10
801 642 7
802 660 2
802 769 4
803 512 5
804 337 2
804 433 2
805 387 2
805 781 6
806 43 14
806 134 2
806 326 7
806 480 2
808 302 8
808 526 2
808 777 6
808 945 11
810 17 2
810 394 2
810 416 6
812 778 7659
814 161 2
814 523 8
814 905 2
816 18 17
816 24 4
817 784 9
818 253 2
819 69 7
819 538 12
821 236 4
822 211 5
824 392 74
824 609 2
824 978 16
828 592 3
830 356 2
832 21 11
832 30 6
832 43 2
832 281 23
832 427 2
832 518 22
832 548 6
833 147 7
833 999 2
834 0 5
834 32 4
834 104 2
834 148 2
834 912 10
835 264 3
835 392 99
836 86 48
836 388 14
836 485 4
838 785 9
839 21 4
840 96 100
840 545 6
840 800 76
841 32 18
841 370 1280
842 132 9
842 200 20
844 584 2
845 624 74
848 188 5
848 313 2
848 391 9
848 899 11
849 792 2
850 308 224
850 776 20
852 2 2
852 72 2
852 824 2
856 256 2
856 866 97
857 42 3
862 130 259
864 786 2
866 260 8
867 998 4
868 332 2
870 6 30
870 68 2
871 264 21
872 32 2
872 50 2
872 165 14
873 9 2
874 360 2
875 164 2
882 42 2
882 591 3
882 778 2
884 802 6
885 601 16
894 392 14
896 330 2
896 868 16
897 39 2
897 115 15
897 523 8
897 1002 29
898 336 2
898 699 3
899 537 3
900 4 2
900 162 5
900 313 6
902 131 2
902 420 16
903 339 2
904 112 2
904 231 2
904 552 10
904 888 2
904 929 21
905 12 2
905 248 162
905 540 83
905 572 17
906 137 3
906 194 2
906 210 2
907 276 257
910 614 2
911 5 11
911 10 15
911 896 6
912 85 2
912 129 2
914 216 2
914 968 28
916 777 6
917 560 13
917 912 2
918 0 2
920 200 2
921 272 17
921 320 22
922 8 2
922 784 2
924 33 2
924 196 60
927 190 6
928 384 11
928 516 2
928 518 20
929 10 1293
929 316 3
930 547 2
930 720 10
931 230 1136
931 657 2
932 274 2
932 783 203
933 657 2
938 261 20
938 316 23
938 552 9
940 512 2
941 771 3
944 165 2
944 756 40
947 568 14
948 9 4
951 818 35
952 37 2
953 905 18
954 22 13
956 846 2
958 844 3
961 131 2
961 291 9
961 472 2
961 481 4
963 130 4
965 937 3
966 29 2
966 192 3
966 197 6
966 555 3
968 51 2
968 352 344
968 360 22
969 313 2
969 769 10
970 180 2
971 566 2
975 205 4
976 321 13601
976 779 5
977 34 4
977 549 3
984 324 12
984 483 7
986 772 2
988 366 5
990 35 2
996 36 3
996 836 2
998 127 2
998 179 42
1000 260 10
1001 286 3
1002 652 2
1002 912 5
1003 684 2
1004 129 2
1011 36 16
1013 316 2
1020 371 2
1020 385 105
1021 643 5
