0 4 17
0 8 3
0 9 2
0 17 2
0 18 6
0 47 2
0 112 2
0 135 3
0 150 2
0 166 7
0 215 2031
0 256 21
0 259 4
0 265 2
0 274 3
0 321 2
0 352 2
0 415 6
0 552 2
0 646 3
0 670 5
0 674 2
0 679 5
0 843 2
0 917 4
1 15 25
1 82 2
1 135 2
1 292 2
1 481 4
1 565 2
1 644 61
1 705 22
1 768 2
1 825 4
1 920 2
2 0 11
2 3 2
2 8 3
2 132 4
2 167 25
2 523 2
2 826 82
3 24 2
3 131 4
3 272 8
3 277 3
3 530 70
3 592 3
4 0 3
4 4 2
4 15 17
4 24 14
4 50 4
4 60 16
4 64 2
4 293 44
4 368 2
4 576 6
4 683 30
4 774 4
5 18 71
5 216 3
5 584 5
5 887 11
6 3 2
6 148 394
6 259 3
6 267 2
6 268 2
6 466 4
6 512 15
6 798 2
6 1002 2
7 81 9
7 110 9
7 237 8
7 715 3
8 1 4
8 2 17
8 19 2
8 42 2
8 202 2
8 272 14
8 273 3
8 386 2
8 393 2
8 486 2
8 552 2
8 642 5
8 735 6196
8 902 2
9 39 32
9 43 8
9 416 114
9 526 10
9 572 11
9 823 2
9 907 4
10 75 6
10 84 2
10 176 2
10 208 19
10 518 2
10 523 2
10 599 2
10 680 12
10 778 5
11 204 27
11 586 5
11 752 15
12 0 242
12 55 2
12 65 322
12 116 2
12 128 69
12 269 2227
12 366 2
12 781 7
13 66 2
13 192 2
13 224 41
13 320 3
13 780 2
14 127 2
14 152 2
14 210 18
14 321 2
14 376 342
14 616 2
15 352 2
15 485 17
15 659 2
15 854 2
16 9 2
16 24 2
16 64 8
16 198 2
16 643 53
16 806 11
17 129 13
17 258 2
18 51 5
18 203 3
18 215 2
18 290 3
18 641 8
18 645 3
19 7 6
19 24 39
19 657 2
19 709 5
20 1 2
20 10 30
20 28 2
20 36 4
20 69 3
20 176 41
20 194 146
20 323 25
21 116 2
21 258 3
21 308 2
22 68 2
22 107 3
22 133 2
22 320 5
22 565 11
23 770 3
23 886 33
24 9 21
24 533 426071
24 781 2
24 786 6
24 848 2
24 944 2
26 20 7
26 22 13
26 109 2
26 801 3
27 130 3
27 547 6
28 42 2
28 72 4
28 146 2
28 647 17733
29 1 2
29 327 4132
29 532 2
29 809 85
30 21 15
30 52 2
30 129 186
30 588 42
31 77 39
31 561 16
32 72 3
32 204 2
32 211 4
32 219 2
32 276 3
32 388 9
32 514 5
32 612 2
32 641 2
32 803 2
32 848 9
33 2 10
33 3 6
33 26 2
33 31 6712
33 277 20
33 320 2
33 544 2
33 785 2
33 898 6
33 945 14
34 144 26
34 292 11
34 324 3
34 561 124
34 663 4
34 720 8
35 65 3
35 266 2
35 689 2
36 12 2
36 34 4
36 48 7
36 266 2
36 288 4
36 448 42
36 555 3
36 858 4
37 2 2
37 13 14
37 364 2
37 520 2
37 594 2
37 640 45
37 673 2
38 1 18
38 180 4
38 544 2
39 3 6
39 520 2
40 39 16
40 65 8
40 256 445
40 512 17
40 528 8
40 605 2
40 645 3
40 756 5
40 761 12
40 840 9
40 980 7
41 96 12
41 321 2
41 513 11
41 987 3
42 42 2
42 140 7
42 411 2
42 778 2
42 839 2
43 1 2
44 47 2
44 430 2
44 524 15
44 794 4
45 23 5
45 50 23
45 266 2
45 615 27
45 808 8
45 844 11
46 57 2
47 80 2
47 1022 8
48 67 4
48 176 9
48 193 3
48 198 9
48 226 3
48 646 3
48 708 5
48 789 170
48 932 24
49 17 18
49 313 2
50 113 2
51 70 11
51 377 3
51 516 2
52 46 54
52 188 2
52 256 24
52 285 3
52 390 4
53 146 2
54 112 6
54 718 16
55 278 3
56 89 7
56 472 9
56 544 2
57 5 2
57 33 2
57 128 3
57 448 43
58 113 2
59 58 24
59 292 43
59 453 2
59 583 2
60 5 50
60 33 2
60 948 4
61 644 8
61 648 2
62 521 10
62 612 2
64 1 15
64 26 2
64 41 2
64 194 24
64 203 6
64 370 3
64 481 4
64 514 2
64 780 11
65 25 2
65 61 2
65 96 10
65 104 2
65 118 15
65 218 2
65 241 4
65 515 2
65 571 3
66 140 2
66 545 2
67 16 13
67 20 2
67 73 2
67 453 2
67 482 19
68 153 7
68 284 2
68 576 4
69 138 2
69 572 2
69 768 5
70 109 2
70 212 3
70 431 14
70 608 12
70 646 14
70 648 2
70 672 2
71 1 2
71 264 10
71 409 3
71 700 3
72 8 2
72 37 2
72 65 3
72 280 2
72 437 3611
72 961 2
73 640 12
73 999 2
74 512 2
74 548 2
74 600 2
74 768 18
74 1012 8
75 259 44
75 576 3
76 84 2
76 262 2
76 586 10
76 855 5
77 256 6
77 267 2
77 450 2
77 456 4
78 288 5
78 517 2
78 784 8
78 919 2
79 165 2
79 386 2
80 0 16
80 51 2
80 132 2
80 211 3
80 528 4
80 677 29
80 920 210
81 807 10
81 852 3
82 283 33
83 115 2
83 124 2
83 304 3
83 617 2
83 784 2
84 64 18
84 74 2
84 216 4
85 65 2
87 353 2
87 462 2
88 782 2
89 2 2
89 76 19
90 274 2
90 843 17
90 977 2
90 988 2
91 652 9
91 951 2
92 38 2
92 91 38
93 49 2
93 134 5
93 669 3
94 869 2
94 954 234
95 20 93
95 34 4
96 80 2
96 103 15
96 208 41
96 220 2
96 276 5
96 321 4
96 356 6
96 547 30
96 820 6
97 48 14
97 130 5
97 144 7
97 195 2
97 286 2
97 473 10
97 525 2
98 14 38
98 352 2
98 401 11
98 671 139
98 928 22
99 117 2
99 134 5
99 249 5
100 294 2
100 768 3
100 901 6
101 70 2968
101 124 5
101 161 2
101 169 2
101 392 3
101 599 5
102 6 9
102 78 4
102 166 2
102 264 569
103 704 33
104 26 124
104 28 2
104 64 2
104 132 12
104 313 3
104 512 7
104 673 2
105 3 2
105 779 2
106 516 2
106 652 6
107 3 230
107 129 13
108 133 2
108 514 16
108 825 2
111 12 4
112 0 9
112 28 74
112 84 2
112 107 2
112 165 2
112 776 2
114 68 7
114 416 2
114 452 954
114 497 3
114 872 7
116 33 9
117 106 3
117 803 2
118 565 2
119 446 3
119 836 63
120 0 3
120 76 28
121 536 248
122 24 3
122 294 24
123 600 443
124 304 3
124 348 2
125 268 5
128 1 2
128 10 16
128 58 3
128 200 187
128 208 3
128 320 2
128 362 2
128 376 3
128 433 19
128 628 2
128 770 2
128 806 2
129 0 29
129 10 5
129 37 4
129 39 10
129 88 2
129 584 2
129 707 2
130 78 7
130 272 48
130 273 2
130 368 35
130 520 2
130 528 3
130 532 2
130 540 2
130 675 2
130 772 2
132 6 21
132 17 7
132 94 2
132 372 2
132 516 2
132 713 26
132 916 3
132 957 25
133 23 19
133 138 5
133 614 2
134 67 2
134 208 2
134 224 187
134 377 39
134 390 2
134 516 2
135 258 2
136 21 2
136 39 5
136 81 156
136 160 2
136 482 3
136 610 2
136 657 2997
136 684 2
136 831 17
137 148 2
137 256 9
137 259 17
137 325 3
137 678 19
137 778 4
138 415 15
138 590 12
138 902 2
139 865 32
140 72 2
140 135 2
140 143 27
140 464 4
140 724 3
140 776 2
141 2 3291
141 521 11
142 641 26
143 116 2
143 187 15
143 286 12
143 642 5
144 18 2
144 68 6
144 248 53
144 257 2
144 433 2
144 520 4
144 800 18
145 1 2
145 2 6
145 67 2
145 94 4
145 184 2
145 216 9
145 273 2
145 513 2
145 576 11
146 69 3
146 146 131
146 396 10
147 522 2
148 1 18
148 130 15
148 139 178
148 146 9
148 278 2
148 464 2
148 912 24
149 633 2
150 141 2
150 160 2
150 656 19
151 102 53
151 132 2
151 207 30
151 250 2
153 26 23
153 151 2
153 171 2
153 592 7
153 961 2
156 54 2
156 814 2
159 526 72
160 34 61
160 144 2
160 801 2
161 21 16
161 40 91
161 326 2
161 376 2
161 524 25
161 576 2
161 717 3
161 898 2
162 160 2
163 227 110
163 361 2
163 601 11
164 34 2
164 38 2
164 87 2
164 217 2
164 264 2
164 280 18
164 329 2
164 481 18
164 646 7
165 141 2
167 104 19
167 456 7
167 712 2
168 8 3
168 67 31
168 68 23
168 98 2
168 480 2
169 25 4
169 351 86
171 144 2
171 810 140
172 8 2
172 32 22
172 569 2
172 664 2
173 261 16
174 493 2
174 582 6
175 863 5
176 32 2
176 137 11
176 270 2
176 824 326
176 864 10
176 916 2
176 932 5
177 128 90
177 280 2
177 560 9
177 611 3
177 744 13
178 100 36
178 580 8
178 797 2
179 429 55
180 152 2
180 600 31
181 97 2
181 331 7
181 964 2
182 300 2
182 672 147
182 728 252499
184 141 10
184 161 3
184 664 2
185 42 9
186 272 17
186 582 3
187 800 2
188 199 15
192 43 3
192 52 4
192 72 2
192 388 2
192 392 2
192 536 7733
192 713 36
192 898 3
192 904 26
192 999 2
193 120 2
193 131 3
193 162 3
193 375 6
193 422 2
193 718 24
193 775 33
194 321 3
194 592 6
194 677 735
196 286 2
196 377 2
197 61 2
197 100 2
197 297 8
197 611 12
197 769 3
198 3 5
200 146 2
200 445 4
200 577 6
200 924 3
201 98 2
201 140 2
202 11 2
203 654 6
204 6 3
204 520 19
205 457 4
206 80 2
208 12 7
208 88 7
208 534 990
209 513 14
209 564 2
210 1 6
210 882 12
211 4 2
212 34 2
212 262 3
212 285 2
212 673 6
213 64 2
214 369 4
214 585 2
216 66 2
216 138 5
219 389 2
220 176 7
220 658 2
222 532 20
222 852 2
225 257 2
225 316 2
225 948 2
226 35 63183
226 157 2
227 336 2
227 592 8
228 32 12
228 294 3
230 9 6
231 261 29
231 290 10
232 5 13
232 80 856
232 130 2
232 480 11
233 212 3
233 912 6
233 973 62
234 917 2
235 645 3
238 620 6
238 642 20
239 370 6
239 560 2
240 66 10
240 799 2
240 914 2
241 245 11
244 33 2
244 356 4
244 932 33
245 705 2
246 64 17
247 626 431
248 0 4
248 557 13
248 902 2
250 46 2
253 636 3
256 1 2
256 4 3
256 5 2
256 68 6
256 69 2
256 97 2
256 160 2
256 212 8
256 243 2
256 262 2
256 312 2
256 344 2
256 416 4
256 512 8
256 522 2
256 616 4
256 705 2
256 804 8
256 904 4
256 963 5
256 992 2
257 156 2
257 268 12
257 272 2
257 806 307
257 912 34
257 920 20
257 945 5
258 24 387
258 34 2
258 36 2
258 138 8
258 265 2
258 810 2
258 880 4
259 7 3
259 100 2
259 165 10
259 226 37
259 268 2
259 327 14
259 532 3
260 131 22
260 256 36
260 522 11
260 545 2
260 678 2
260 978 2
261 8 3
261 67 12
261 72 2
261 356 13
261 672 3
261 995 7
262 32 15
262 134 2
262 193 2
262 256 3
262 906 9
262 1013 67
264 1 13
264 296 4
264 320 2
264 568 2
265 264 129
265 339 2
265 632 2
266 11 2
266 56 2
266 242 5
266 326 1189
266 504 3
267 523 307
267 581 2
268 12 18
268 34 2
268 177 4
268 192 357
268 512 7
268 524 2
268 577 12
269 640 2
270 73 4
270 532 2
272 41 21
272 162 12
272 208 123
272 225 8
272 280 2
272 378 3
272 520 2
272 554 17
272 640 2
272 684 1000
272 899 10849
273 47 10
273 581 2
273 693 2
273 809 3
273 903 10
274 98 77
274 334 1166
275 4 147
275 16 2
275 116 122
275 133 17
275 401 2
275 485 28
276 288 2
276 392 3
276 394 2
276 538 5
276 628 2
276 661 2
277 8 2
277 27 119
277 128 18
278 258 2
279 18 7
279 901 2638
280 36 3
280 82 2
280 600 4
280 674 2
282 136 15
282 576 4
282 717 374
282 787 2
284 835 59
285 104 4
286 624 2
286 832 2
287 448 2
287 802 2
288 50 206
288 132 5
288 224 1332
288 292 2
288 341 12
288 545 2
289 156 5
289 468 8
289 648 2
289 753 3
289 788 9
290 0 2
290 258 6
290 328 2
290 388 2
291 32 2
291 768 2
291 967 4
292 7 2
292 19 2
292 134 30
292 162 12
292 524 2
292 593 4
293 256 2
293 960 2
294 864 1301
296 57 27
296 84 4
296 231 2
296 260 2
296 288 8
296 409 2
296 516 5
297 389 31
297 544 15
297 742 8
298 75 2
298 800 7
299 78 3
299 291 4
300 140 6
301 274 2
301 777 17
303 292 10
304 6 3907
304 8 6
304 42 2
304 63 30
304 106 2
304 212 4
304 258 3
304 292 2
305 11 3
305 34 4
305 576 2
306 918 5
308 21 25
308 583 15
308 692 14
308 832 2
308 848 16
309 774 2
310 44 2
310 936 2
314 109 5460
314 376 42
315 739 2
316 452 3
318 914 2
320 29 2
320 315 2
320 428 5
320 468 9
320 641 12
320 720 4
321 4 7
321 337 107
321 768 7
321 834 8
322 0 43
322 80 16
322 196 2
322 272 2
322 416 9
322 899 13
322 902 2
323 360 2
323 515 15
324 16 2
324 106 2
324 167 2
324 179 8767
324 200 9
324 513 2
324 530 2
325 74 13
325 145 2
325 614 2
325 720 2
326 11 4
326 116 763
326 280 3
326 443 520
327 675 20
327 698 709
328 853 30
329 258 3
329 836 150
330 204 2
332 456 2
332 643 2
334 265 7
334 288 6
335 83 6
335 391 2
336 18 7
336 632 2
337 352 5
337 768 3
337 833 5
338 33 2
338 160 2
338 169 2
339 42 2
340 0 2
340 106 3
340 704 6
340 763 2
341 576 44
342 15 8
342 272 11
342 536 13
343 475 2
344 188 2
344 676 2
345 32 2
345 728 3
346 11 27
347 11 2
347 149 36
347 313 3
348 128 2
349 12 4
352 409 13
352 419 7
352 514 3
352 680 7
352 860 2
353 389 7
353 684 2
354 25 2
354 30 2
354 288 6
354 836 2
354 969 9
355 134 2
355 634 2
356 800 44
357 433 2
357 641 8
358 168 2
358 197 2
360 514 2
360 555 2
360 732 2
360 784 8
361 316 3
362 34 2
363 162 453
363 424 2
364 740 5
366 657 2
368 49 12
368 738 2
368 925 2
371 112 5
371 705 14434
372 352 2
375 77 27
376 193 5
379 333 2
380 339 3
384 156 430
384 168 2
384 312 142
384 332 8
384 423 4
384 481 6
384 571 6
384 597 2
384 692 22
384 841 2
384 962 15
385 75 42
385 213 15
385 513 2
385 563 14
386 64 2
386 73 2
386 158 2
386 206 5
386 275 10
386 681 2006
386 846 54
386 849 2
386 912 3
387 297 2
387 545 2
387 1016 7
388 332 29
389 596 74
391 8 3
391 461 5
391 800 3
392 38 2
392 336 1998
393 461 2
394 80 45113
394 211 7
394 590 4
395 4 2
395 558 2
396 6 2
396 454 48
396 536 19
396 546 2
396 777 2
396 960 2
397 132 2
397 305 5
398 943 2
400 10 9
400 21 2
400 144 5
400 712 2
401 16 3
401 58 3
401 277 18
401 284 2
401 673 2
401 932 3
402 68 2
402 80 2
403 20 2
403 98 19
404 209 9
404 298 2
405 160 2
406 677 4190
406 928 2
407 591 2
408 66 90
408 576 2
409 105 2
409 417 4
409 888 4
411 20 2
412 6 8
413 640 2
414 932 4
415 101 12
416 52 2
416 279 2
416 292 11
416 531 13
416 832 2
417 577 2
418 16 4
419 7 3
419 62 2
419 844 10
420 288 2
420 424 3
420 538 2
420 545 10
421 400 2
422 736 2
423 651 2
424 481 2
425 161 2
425 261 9
425 776 2
426 644 2
427 580 14
428 32 6
428 194 10753
428 620 2
428 880 87
430 8 2
430 68 972
430 203 2
433 24 2
433 197 2
434 734 2
436 597 13
436 641 2
437 2 2
441 21 14
442 146 9
444 769 2
444 801 7
448 92 2
448 513 2
448 655 24
452 48 3
452 136 4
452 205 3
452 488 2
452 512 22
452 513 2
453 368 2
454 437 142
454 634 401
454 782 2
456 105 2
456 376 2
456 774 4
458 101 31
458 743 6
460 462 2
460 566 2
461 625 4
461 901 15
462 516 7
462 641 4
463 916 2
464 265 2
464 928 2
465 531 2
466 58 2
467 211 2
467 300 4
469 425 6
472 226 10
472 256 4
472 801 2
473 6 3
473 600 5
476 775 2
480 0 3
480 731 2
480 928 2
481 288 13
481 416 4
482 64 21
482 208 8
482 285 2
483 276 3
483 555 4
484 841 2
485 134 2
488 3 2
488 269 3
488 334 5
488 565 2
489 64 4
491 112 4
501 519 33
505 332 3
506 706 22
512 1 3
512 5 2
512 36 2
512 52 17
512 65 3
512 96 10
512 153 2
512 266 12
512 420 3
512 438 2
512 514 2
512 522 7
512 685 9
512 936 2
513 5 3
513 42 33
513 47 2
513 65 2
513 100 2
513 315 4
513 340 7
513 548 6
513 640 7
514 11 25
514 36 6
514 160 7
514 401 6
514 452 23
514 522 2
514 572 29
514 780 8
515 93 5
515 157 7
515 273 67
515 598 2
516 33 74
516 69 3
516 72 2
516 169 72
516 357 2
516 442 2
516 582 33
516 605 7
516 779 57
516 785 2
517 3 9
517 8 31
517 132 8
517 177 2
517 233 3
517 281 2
517 525 2
517 672 63
517 676 2
517 768 39
518 0 8
518 41 2
518 66 3
519 517 13
519 944 3
520 164 10
520 296 2
520 328 2
520 436 2
520 812 2
520 896 4
521 81 5
521 131 3
521 229 18
521 450 14
521 554 3
521 560 67
522 1 9
522 121 17
522 234 2
522 549 389
522 652 7
523 650 2
524 159 2
524 173 34
524 520 3
525 134 4
525 820 28
526 776 39
527 36 3
527 713 3
528 10 29
528 33 2
528 97 6
528 171 2
528 344 31
528 406 52
528 512 12
528 580 18
528 582 5
528 611 2
528 720 2
528 801 28
529 16 18
529 148 11
529 260 2
529 423 10
529 517 2
529 520 2
529 737 2
529 836 2
530 86 2
530 132 6
530 278 11
530 325 3
530 522 3
530 696 5
532 11 2
532 134 4
532 292 17
532 853 165598
533 37 15
533 787 5258
534 6 33
534 928 2
534 932 2
535 10 2
536 10 8
536 244 2
536 412 3
536 687 219
536 902 5
537 99 13
537 138 2
537 257 2
538 74 27
538 84 2
538 820 6
540 256 3
540 481 51
541 344 5
541 793 4
544 6 2
544 21 2
544 24 8
544 151 2
544 160 10
544 401 19802
544 416 13
544 429 16
544 536 116
544 542 5
544 551 14
544 718 2
545 209 2
545 226 10
545 743 8
545 914 3
546 2 3
546 4 68
546 612 2
546 650 2
546 758 2
546 900 2
547 265 136
547 427 4
548 141 2
548 169 6
548 577 10
548 586 2
549 68 12
549 97 2
549 146 16
549 530 21
549 647 2
550 36 2
550 649 2
550 800 2
551 4 2
551 40 5
551 89 109
552 640 2
552 932 10
553 36 22
553 933 2
554 4 4
554 296 2
556 409 2
557 6 2
557 15 3
557 370 2
557 400 2
557 512 2
557 557 1379
557 770 2
559 557 9
560 96 592
560 104 49
560 168 10
560 354 2
561 10 19
561 444 3
561 521 2
561 786 71
562 162 10
562 977 3
562 992 2
563 20 24
563 410 32
564 28 8
564 659 2
566 44 38
569 385 30
569 522 40
571 100 5
571 457 7
572 36 2
572 64 395
572 257 3
572 370 18
573 797 2
573 886 31
574 18 12
574 533 5
574 696 2
576 5 373
576 48 2
576 76 4
576 133 20
576 172 2
576 193 2
576 325 9544
576 371 10
576 525 6
577 72 8
577 292 3
577 577 28
577 661 2
577 997 5
578 26 31
578 96 2
578 120 2
578 136 2
578 572 3
579 80 4
579 136 2
579 621 2
579 789 4
580 64 6
580 507 2
580 528 2
582 633 2
583 129 8
584 833 7
585 208 3
585 217 8
585 354 2
585 389 2
586 64 2
586 530 24
586 658 221
587 608 2
588 784 3
590 276 30
590 300 8
590 520 4
590 788 2
591 147 2
592 4 5
592 148 2
592 322 6
592 528 2
592 566 2
592 585 2
592 856 4
593 429 718
595 58 4
595 557 2
596 11 49
596 33 2
596 154 2
596 385 2
599 92 2
599 176 161
600 562 42
600 573 4
600 575 5
601 335 6
601 431 2
602 480 6
604 913 6
605 80 2
606 281 2
607 288 17
607 393 40
608 176 16
608 185 30
608 522 2
608 576 7
609 28 3
609 210 4
609 225 2
609 526 79
609 768 2
610 24 2
611 125 11
612 170 6
612 534 2
613 840 7
614 265 14
614 936 19
616 81 5
616 450 3
616 806 7
617 374 4
618 70 5
618 1004 2
619 76 2
619 231 2
621 293 2
623 1000 595
625 5 16
625 261 13
625 530 2
626 8 2
626 104 2
626 114 2
626 528 123
627 3 2
627 418 3
627 769 7
627 977 4
628 76 6
629 446 10
629 528 2
631 24 2
632 18 2
633 812 4
637 73 18
638 161 2
640 4 2
640 6 17
640 16 2
640 181 4
640 246 2
640 258 4
640 369 2
640 421 10
640 467 51
640 525 6
640 584 2
640 659 3
640 732 7
640 938 15
640 952 2
642 512 24
642 562 9
642 724 4
643 73 2
643 775 2
644 48 3
644 387 21
644 660 8
644 756 2
644 769 38519
645 4 7
645 25 6
645 548 11
645 963 2
646 289 8
646 388 5
648 76 2
648 98 2
648 369 2
648 512 8
648 769 2
649 4 3
650 953 97
651 290 6
652 594 2
654 565 2
655 384 15
656 3 6
656 259 12
656 278 2
656 370 2
656 833 2
657 79 2
657 201 5
658 26 3
658 226 2
658 640 17
660 36 6
660 52 6
660 85 28
660 648 2
661 244 6
661 608 15
664 205 2
664 781 2
665 260 9
666 66 2
668 163 8
668 464 3
668 749 2
670 515 4
672 1 2
672 64 2
672 129 2
672 514 2
672 608 6
672 717 2
673 104 2
674 259 2
674 401 3
674 672 2
675 257 3
677 121 29
677 641 2
678 237 2
679 556 2
680 20 6
680 39 2
680 105 4
680 450 4
680 540 33
681 6 2
681 33 81
682 14 5
682 156 2
684 1008 5
686 426 20
686 593 6
688 385 2
689 80 21
690 110 4
691 12 2
692 260 4
692 914 2
693 397 2
693 522 8
694 6 4
694 768 2
694 931 2
694 976 5
695 517 7
695 585 4
696 885 11
697 710 9
700 18 2
700 864 3
701 34 6
701 941 7
704 34 2
704 76 5
704 135 2
704 292 11
704 370 6
704 514 9
705 596 7
705 854 79
706 17 3
706 161 8
706 460 6
706 732 3
708 108 3
709 325 2
709 354 2
709 843 14
710 2 2
712 35 10
712 141 2
712 294 2
712 862 2
713 593 2
713 837 4
716 98 2
716 339 2
716 649 2
716 842 2
720 7 3
720 144 2
720 803 2
721 0 11
721 170 2
721 323 9
721 584 2
722 82 2
722 100 5
722 104 5
722 146 23
722 393 42
722 398 9
722 464 2
723 142 5
724 20 2
724 596 3882
725 65 5
728 227 2
728 350 19
728 712 2
729 578 3
730 332 22
732 834 6
737 25 8
737 64 2
737 288 5
737 610 160
738 970 6
740 778 7
740 801 11
741 45 3
741 260 30
742 97 2
743 787 3
744 124 2
744 280 2
744 762 3
745 63 4
746 386 5
746 536 4
752 261 2
752 494 84
752 786 2
754 32 2
759 130 2
760 40 2
760 300 8
761 435 2
763 668 2
765 513 2
768 68 2
768 226 2
768 326 19
768 502 18
768 608 6
768 666 105
768 736 2
768 738 2
768 926 2
769 34 2
769 277 9
769 350 124
769 640 5
769 773 13
770 67 2108
770 211 2
770 256 2
770 515 5
770 663 445
771 793 2
771 800 12
772 0 71
772 32 6
772 130 2
774 8 5
774 936 2
775 48 3
776 101 16
776 155 45
776 586 4
776 697 222
777 6 46
777 200 10
777 554 2
777 641 2
778 330 4
778 707 38
780 14 2
780 16 5
780 193 6
780 552 153
780 707 47
780 901 2
781 222 7
782 226 2
782 405 311
784 1 3
784 514 2
784 549 2
784 569 17
784 604 2
784 841 827
785 45 2
785 257 14
786 142 2
786 521 14
786 576 5
786 914 3
787 199 5
788 25 2
788 332 6
792 540 15
792 594 354
793 52 5
793 498 20
793 628 2
795 422 31
798 776 27
799 433 3
800 9 16
800 45 4
800 73 94
800 97 2
800 133 7
800 824 9
801 34 2
801 312 11
801 642 22
802 660 2
802 769 2
803 512 35
804 337 3
804 433 2
805 387 3
805 781 7
806 43 4
806 134 2
806 326 8
806 480 2
808 302 24
808 526 4
808 777 2
808 945 5
810 17 2
810 394 4
810 416 2
812 778 3
814 161 8
814 523 34
814 905 2
816 18 2
816 24 2
817 784 13
818 253 2
819 69 15
819 538 2
821 236 4
822 211 9
824 392 2
824 609 256
824 978 2
828 592 5
830 356 36
832 21 2
832 30 2
832 43 2
832 281 2
832 427 2
832 518 39
832 548 5
833 147 2
833 999 2
834 0 20
834 32 2
834 104 16
834 148 3
834 912 12
835 264 2
835 392 2
836 86 2
836 388 39
836 485 7
838 785 301
839 21 14
840 96 2
840 545 2
840 800 2
841 32 32
841 370 2
842 132 2
842 200 2
844 584 2
845 624 2
848 188 14
848 313 2
848 391 2
848 899 13
849 792 3
850 308 2
850 776 11
852 2 2
852 72 5
852 824 17
856 256 2
856 866 3
857 42 8
862 130 2
864 786 3
866 260 8
867 998 2
868 332 3
870 6 15
870 68 2
871 264 2
872 32 24
872 50 9
872 165 2
873 9 2
874 360 21873
875 164 2
882 42 8
882 591 6
882 778 6
884 802 10
885 601 2
894 392 15
896 330 4
896 868 11
897 39 4
897 115 9
897 523 10
897 1002 2
898 336 2
898 699 11
899 537 6
900 4 2
900 162 2
900 313 3
902 131 11
902 420 3
903 339 2
904 112 11
904 231 2
904 552 7
904 888 33
904 929 180
905 12 2
905 248 2
905 540 2
905 572 7
906 137 390
906 194 2
906 210 1409
907 276 2
910 614 5
911 5 3
911 10 3
911 896 13
912 85 1370
912 129 2
914 216 7
914 968 2
916 777 3
917 560 4
917 912 7
918 0 3
920 200 2
921 272 7
921 320 10
922 8 1103
922 784 60
924 33 2
924 196 3
927 190 14
928 384 9
928 516 3
928 518 2
929 10 2
929 316 2
930 547 2
930 720 2248
931 230 5
931 657 2
932 274 4
932 783 2
933 657 2
938 261 6
938 316 195
938 552 2684
940 512 12
941 771 2
944 165 2
944 756 17
947 568 2
948 9 3
951 818 2
952 37 2
953 905 2
954 22 2
956 846 3
958 844 5
961 131 15
961 291 9
961 472 456
961 481 2
963 130 2
965 937 2
966 29 77
966 192 6
966 197 11
966 555 3
968 51 2
968 352 2
968 360 5
969 313 294
969 769 21
970 180 2
971 566 31
975 205 3
976 321 2
976 779 2
977 34 12
977 549 247
984 324 33
984 483 19
986 772 2
988 366 15
990 35 2
996 36 5
996 836 4
998 127 5
998 179 4
1000 260 25
1001 286 139
1002 652 2
1002 912 9
1003 684 2
1004 129 2
1011 36 2
1013 316 2
1020 371 12
1020 385 7
1021 643 12
