0 4 2
0 8 296
0 9 154
0 17 3
0 18 6
0 47 30
0 112 2
0 135 3
0 150 3
0 166 2
0 215 2
0 256 5
0 259 2
0 265 2
0 274 20
0 321 699
0 352 3
0 415 2
0 552 8
0 646 2
0 670 6
0 674 29
0 679 11
0 843 7609
0 917 10
1 15 2
1 82 5
1 135 5
1 292 2
1 481 2
1 565 2
1 644 12
1 705 11
1 768 2
1 825 5
1 920 2
2 0 17
2 3 4
2 8 4
2 132 20
2 167 2
2 523 13
2 826 2
3 24 4
3 131 13
3 272 8
3 277 2
3 530 31
3 592 16
4 0 2
4 4 5
4 15 13
4 24 7
4 50 35
4 60 2
4 64 2
4 293 2
4 368 3
4 576 12
4 683 15
4 774 9
5 18 4
5 216 9
5 584 2
5 887 3
6 3 5
6 148 5
6 259 2
6 267 2
6 268 2
6 466 13
6 512 12
6 798 2
6 1002 2
7 81 12
7 110 6
7 237 8
7 715 9
8 1 2
8 2 2
8 19 440
8 42 2
8 202 2
8 272 6
8 273 11
8 386 3
8 393 55
8 486 2
8 552 29
8 642 6
8 735 2
8 902 3
9 39 2
9 43 5
9 416 8
9 526 9
9 572 6
9 823 2
9 907 11
10 75 15
10 84 5
10 176 2
10 208 5
10 518 2
10 523 14
10 599 3
10 680 2
10 778 2
11 204 6
11 586 14
11 752 3
12 0 93
12 55 2
12 65 2
12 116 29
12 128 169
12 269 2
12 366 2
12 781 3
13 66 2
13 192 88
13 224 71
13 320 49
13 780 7
14 127 2
14 152 5
14 210 7
14 321 22
14 376 7
14 616 2
15 352 3
15 485 6
15 659 2
15 854 6
16 9 18
16 24 2
16 64 39
16 198 84144
16 643 6
16 806 24
17 129 9
17 258 52
18 51 2
18 203 2
18 215 2
18 290 2
18 641 5
18 645 3
19 7 4
19 24 2
19 657 4
19 709 18
20 1 2
20 10 47
20 28 2
20 36 2
20 69 5
20 176 2
20 194 38
20 323 7
21 116 2
21 258 2
21 308 2
22 68 2
22 107 6
22 133 5
22 320 17
22 565 6
23 770 13
23 886 3
24 9 2
24 533 594
24 781 5
24 786 5
24 848 11
24 944 96
26 20 9
26 22 4
26 109 2
26 801 2
27 130 2
27 547 15
28 42 47
28 72 6
28 146 2
28 647 380
29 1 2
29 327 2
29 532 15
29 809 5
30 21 2
30 52 2
30 129 87
30 588 2
31 77 4
31 561 8
32 72 2
32 204 2
32 211 16
32 219 869
32 276 3
32 388 12
32 514 3
32 612 3
32 641 2
32 803 38
32 848 2
33 2 3
33 3 19
33 26 2
33 31 2
33 277 6
33 320 2
33 544 1211
33 785 2
33 898 2
33 945 5
34 144 2
34 292 8
34 324 2
34 561 21
34 663 3
34 720 38
35 65 2
35 266 11
35 689 2
36 12 2
36 34 2
36 48 134
36 266 12
36 288 2
36 448 84
36 555 3
36 858 4
37 2 9
37 13 2
37 364 2
37 520 3
37 594 2
37 640 28
37 673 2
38 1 161
38 180 4
38 544 75263
39 3 10
39 520 2
40 39 5
40 65 5
40 256 16
40 512 7
40 528 4
40 605 2
40 645 2
40 756 57
40 761 28
40 840 2
40 980 3
41 96 9
41 321 2
41 513 2
41 987 2
42 42 2
42 140 4
42 411 85
42 778 1097
42 839 15
43 1 2
44 47 2
44 430 2
44 524 2
44 794 2
45 23 2
45 50 3
45 266 5
45 615 5
45 808 7
45 844 4
46 57 2
47 80 5
47 1022 21
48 67 31
48 176 2
48 193 26
48 198 8
48 226 7
48 646 2
48 708 9
48 789 40
48 932 6
49 17 6
49 313 2
50 113 4
51 70 2
51 377 9
51 516 2
52 46 2
52 188 2
52 256 2
52 285 2
52 390 2
53 146 2
54 112 2
54 718 20
55 278 732
56 89 21
56 472 376
56 544 2
57 5 2
57 33 249
57 128 2
57 448 2
58 113 2
59 58 3
59 292 5
59 453 9
59 583 2
60 5 2
60 33 8
60 948 23
61 644 2
61 648 2
62 521 2
62 612 2
64 1 17
64 26 3
64 41 31
64 194 6
64 203 7
64 370 4
64 481 4
64 514 3740
64 780 10
65 25 2
65 61 2
65 96 2
65 104 2
65 118 12
65 218 4
65 241 15
65 515 3
65 571 4
66 140 2
66 545 2
67 16 2
67 20 2
67 73 28
67 453 2
67 482 5
68 153 8
68 284 2
68 576 10
69 138 2
69 572 2
69 768 12
70 109 2
70 212 27
70 431 3
70 608 26
70 646 2
70 648 2
70 672 2
71 1 22
71 264 30
71 409 12
71 700 3
72 8 89
72 37 2
72 65 19
72 280 4
72 437 2
72 961 2
73 640 22
73 999 2
74 512 2
74 548 2
74 600 14
74 768 9
74 1012 4
75 259 2
75 576 15
76 84 2
76 262 584
76 586 2
76 855 5
77 256 2
77 267 6
77 450 12
77 456 7
78 288 71
78 517 2
78 784 7
78 919 2
79 165 2
79 386 210
80 0 2
80 51 20
80 132 2
80 211 402
80 528 2
80 677 4
80 920 2
81 807 24
81 852 2
82 283 4
83 115 2
83 124 62
83 304 55
83 617 2
83 784 2
84 64 2
84 74 2
84 216 3
85 65 393
87 353 2
87 462 34
88 782 293
89 2 9
89 76 3
90 274 46
90 843 9
90 977 254
90 988 418
91 652 2
91 951 2
92 38 3
92 91 8
93 49 5
93 134 8
93 669 100
94 869 2
94 954 2
95 20 2
95 34 6
96 80 3
96 103 2
96 208 8
96 220 3
96 276 2
96 321 5
96 356 2
96 547 8
96 820 57
97 48 2
97 130 4
97 144 2
97 195 2
97 286 9
97 473 3
97 525 43
98 14 10
98 352 2
98 401 10
98 671 258
98 928 23
99 117 5577
99 134 7
99 249 13
100 294 2
100 768 36
100 901 15
101 70 2
101 124 9
101 161 2
101 169 2
101 392 2
101 599 2
102 6 14
102 78 7
102 166 29
102 264 4
103 704 4
104 26 2
104 28 2
104 64 2
104 132 34
104 313 5
104 512 2
104 673 2
105 3 28
105 779 2
106 516 3
106 652 3
107 3 7
107 129 2
108 133 21
108 514 15
108 825 2
111 12 290
112 0 2
112 28 2
112 84 2
112 107 10
112 165 28
112 776 2
114 68 3
114 416 2
114 452 2
114 497 3
114 872 3408
116 33 20
117 106 5
117 803 2
118 565 2
119 446 101
119 836 51
120 0 2
120 76 23
121 536 2
122 24 25
122 294 4
123 600 6858
124 304 3
124 348 2
125 268 2
128 1 3
128 10 18
128 58 10
128 200 473
128 208 2
128 320 572
128 362 3
128 376 11
128 433 12
128 628 308
128 770 10
128 806 27
129 0 2
129 10 14
129 37 7
129 39 2
129 88 310
129 584 2
129 707 3
130 78 2
130 272 56
130 273 2
130 368 5
130 520 54
130 528 2
130 532 20
130 540 2
130 675 2
130 772 4
132 6 2
132 17 2
132 94 2
132 372 2
132 516 3
132 713 2
132 916 5
132 957 7
133 23 6
133 138 2
133 614 2
134 67 34
134 208 2
134 224 11627
134 377 3
134 390 2
134 516 2
135 258 5
136 21 45
136 39 2
136 81 2
136 160 2
136 482 2
136 610 4
136 657 2
136 684 2
136 831 124
137 148 17
137 256 25
137 259 138
137 325 2
137 678 75
137 778 8
138 415 42
138 590 11
138 902 2
139 865 3
140 72 12
140 135 3
140 143 24
140 464 12
140 724 3
140 776 39
141 2 64
141 521 6
142 641 2
143 116 3
143 187 5
143 286 16
143 642 2
144 18 2
144 68 8
144 248 7
144 257 2
144 433 2
144 520 6
144 800 12
145 1 23
145 2 4
145 67 2
145 94 9
145 184 2
145 216 28
145 273 2
145 513 2
145 576 5
146 69 6
146 146 2
146 396 2
147 522 5
148 1 3680
148 130 4
148 139 217
148 146 3
148 278 2
148 464 2
148 912 24
149 633 2
150 141 3
150 160 27
150 656 6
151 102 11
151 132 4
151 207 7
151 250 5
153 26 8
153 151 2
153 171 7
153 592 14
153 961 2
156 54 5
156 814 10
159 526 4
160 34 11
160 144 2
160 801 3
161 21 10
161 40 2
161 326 15
161 376 18
161 524 6
161 576 29
161 717 2
161 898 3
162 160 2
163 227 2
163 361 2
163 601 8
164 34 8
164 38 2
164 87 2
164 217 2
164 264 91
164 280 2
164 329 2
164 481 54
164 646 14
165 141 2
167 104 2
167 456 4
167 712 2
168 8 2
168 67 19
168 68 2
168 98 3
168 480 2
169 25 2
169 351 2
171 144 7
171 810 5
172 8 4
172 32 8
172 569 9
172 664 128
173 261 2
174 493 2
174 582 13
175 863 2
176 32 2
176 137 3
176 270 2
176 824 2
176 864 7
176 916 2
176 932 74
177 128 2
177 280 5
177 560 2
177 611 15
177 744 2
178 100 25
178 580 4
178 797 8
179 429 1527
180 152 18
180 600 2
181 97 5
181 331 5
181 964 30365
182 300 4
182 672 2
182 728 2
184 141 2
184 161 11
184 664 2
185 42 2
186 272 7
186 582 16
187 800 11
188 199 11
192 43 9
192 52 23
192 72 32
192 388 2
192 392 9
192 536 18
192 713 2
192 898 2
192 904 19
192 999 2
193 120 2
193 131 9
193 162 6
193 375 14
193 422 2
193 718 2
193 775 5
194 321 2
194 592 2
194 677 3
196 286 2
196 377 2
197 61 2
197 100 3
197 297 2
197 611 5
197 769 2
198 3 7
200 146 2
200 445 15
200 577 7
200 924 9
201 98 2
201 140 18
202 11 2
203 654 3
204 6 2
204 520 5
205 457 4
206 80 16
208 12 4
208 88 2
208 534 2
209 513 2
209 564 24
210 1 10
210 882 2
211 4 2
212 34 16
212 262 8
212 285 22
212 673 2
213 64 3
214 369 3
214 585 2
216 66 8
216 138 5
219 389 3
220 176 3
220 658 2
222 532 6
222 852 41
225 257 118
225 316 2
225 948 16
226 35 2
226 157 8
227 336 6
227 592 50
228 32 5
228 294 4
230 9 3
231 261 9
231 290 11
232 5 2
232 80 2
232 130 2
232 480 20
233 212 2
233 912 5
233 973 41
234 917 2
235 645 29
238 620 7
238 642 7
239 370 42
239 560 2
240 66 2
240 799 2
240 914 8
241 245 33
244 33 2
244 356 15
244 932 6
245 705 2
246 64 4
247 626 57
248 0 10
248 557 16
248 902 2
250 46 2
253 636 3
256 1 2
256 4 2
256 5 9
256 68 18
256 69 2
256 97 9
256 160 2
256 212 6
256 243 2
256 262 13
256 312 83
256 344 19
256 416 12
256 512 2
256 522 2
256 616 3
256 705 2
256 804 2
256 904 2
256 963 15
256 992 5
257 156 8
257 268 3
257 272 6
257 806 14
257 912 2
257 920 10
257 945 2
258 24 2
258 34 5299
258 36 8
258 138 22
258 265 55
258 810 8575
258 880 8
259 7 2
259 100 2
259 165 4
259 226 2
259 268 1698
259 327 2
259 532 11
260 131 3
260 256 2
260 522 3
260 545 2
260 678 3
260 978 2
261 8 7
261 67 3
261 72 3
261 356 7
261 672 4
261 995 14186
262 32 622
262 134 4
262 193 2
262 256 6
262 906 12
262 1013 5
264 1 11
264 296 7
264 320 2
264 568 2
265 264 118
265 339 2
265 632 2
266 11 2
266 56 2
266 242 8
266 326 226
266 504 3
267 523 13
267 581 10
268 12 9
268 34 2
268 177 14
268 192 2
268 512 4
268 524 2
268 577 9
269 640 6
270 73 3
270 532 2
272 41 15
272 162 3
272 208 25
272 225 2
272 280 6
272 378 12
272 520 2
272 554 3
272 640 7
272 684 2
272 899 97
273 47 3
273 581 8
273 693 2
273 809 26
273 903 17
274 98 2522
274 334 2
275 4 3
275 16 131
275 116 4
275 133 5
275 401 9
275 485 2
276 288 2
276 392 4
276 394 10
276 538 6
276 628 2
276 661 4
277 8 25
277 27 2
277 128 14
278 258 4
279 18 11
279 901 3
280 36 5
280 82 4
280 600 5
280 674 125
282 136 7
282 576 10
282 717 2
282 787 3
284 835 2
285 104 47
286 624 246
286 832 2
287 448 1684
287 802 2
288 50 2
288 132 16
288 224 13
288 292 2
288 341 3
288 545 2
289 156 11
289 468 2
289 648 7
289 753 6
289 788 33
290 0 3403
290 258 3
290 328 2
290 388 2
291 32 2
291 768 2
291 967 2
292 7 11
292 19 3
292 134 4
292 162 2
292 524 3
292 593 7
293 256 5
293 960 3
294 864 2
296 57 162
296 84 102
296 231 138
296 260 2
296 288 7
296 409 15
296 516 2
297 389 2
297 544 26
297 742 2
298 75 13
298 800 2
299 78 17
299 291 42
300 140 46
301 274 489
301 777 44
303 292 17
304 6 2
304 8 13
304 42 7
304 63 5
304 106 2
304 212 9
304 258 2
304 292 6
305 11 2
305 34 14
305 576 2
306 918 8
308 21 38
308 583 2
308 692 3
308 832 48
308 848 11
309 774 2
310 44 2
310 936 2
314 109 3
314 376 4
315 739 2
316 452 2
318 914 8
320 29 3
320 315 2
320 428 11
320 468 11
320 641 15
320 720 6
321 4 2
321 337 54
321 768 5
321 834 4
322 0 22
322 80 6
322 196 2
322 272 4
322 416 2
322 899 2
322 902 4
323 360 8
323 515 24
324 16 3
324 106 4
324 167 35
324 179 2
324 200 3
324 513 122
324 530 4
325 74 4
325 145 2
325 614 2
325 720 63
326 11 2
326 116 4
326 280 4721
326 443 2
327 675 6
327 698 119
328 853 3
329 258 4
329 836 2
330 204 2
332 456 4
332 643 2
334 265 2
334 288 4
335 83 18
335 391 2
336 18 10447
336 632 42
337 352 2
337 768 807
337 833 5
338 33 2
338 160 2
338 169 8
339 42 3
340 0 38
340 106 8
340 704 21
340 763 2
341 576 2
342 15 2
342 272 13
342 536 60
343 475 2
344 188 2
344 676 2
345 32 2
345 728 2
346 11 4
347 11 173
347 149 2
347 313 5
348 128 2
349 12 8
352 409 2
352 419 3386
352 514 27
352 680 12
352 860 7
353 389 2
353 684 8
354 25 2
354 30 2
354 288 3
354 836 2
354 969 10
355 134 2
355 634 2
356 800 11
357 433 17
357 641 11
358 168 17
358 197 2
360 514 2
360 555 2
360 732 2
360 784 10
361 316 7
362 34 365
363 162 2
363 424 104
364 740 2
366 657 2
368 49 2
368 738 2
368 925 9
371 112 7
371 705 2
372 352 10
375 77 3
376 193 9
379 333 217
380 339 5
384 156 30
384 168 10
384 312 2
384 332 5
384 423 3
384 481 8
384 571 4
384 597 79
384 692 2
384 841 28
384 962 8
385 75 5
385 213 3
385 513 2
385 563 21
386 64 2
386 73 3
386 158 8
386 206 2
386 275 2
386 681 2
386 846 2
386 849 2
386 912 97
387 297 2
387 545 2
387 1016 5
388 332 11
389 596 69
391 8 2
391 461 10
391 800 6
392 38 13
392 336 2
393 461 3
394 80 176
394 211 10
394 590 28
395 4 2
395 558 2
396 6 31
396 454 5
396 536 73
396 546 2
396 777 2
396 960 117
397 132 2
397 305 10
398 943 2
400 10 4
400 21 2
400 144 4
400 712 5
401 16 4
401 58 5
401 277 9
401 284 992
401 673 1799
401 932 12
402 68 81
402 80 2
403 20 2
403 98 20
404 209 12
404 298 66
405 160 20
406 677 67
406 928 2
407 591 5
408 66 16
408 576 2
409 105 4
409 417 2
409 888 147
411 20 4947
412 6 3
413 640 2
414 932 4
415 101 8
416 52 2
416 279 7
416 292 2
416 531 20
416 832 2
417 577 14
418 16 2
419 7 2
419 62 2
419 844 2
420 288 23
420 424 393
420 538 2
420 545 2
421 400 2
422 736 2
423 651 2
424 481 15
425 161 2
425 261 2
425 776 2
426 644 2
427 580 8
428 32 18
428 194 2
428 620 2
428 880 4
430 8 2
430 68 4722
430 203 2
433 24 2
433 197 4
434 734 53
436 597 227
436 641 581
437 2 2
441 21 8
442 146 7
444 769 11
444 801 2
448 92 2
448 513 3
448 655 5
452 48 15
452 136 2
452 205 21
452 488 5
452 512 2
452 513 41
453 368 104
454 437 4
454 634 2
454 782 215
456 105 2
456 376 20
456 774 15
458 101 13
458 743 18
460 462 2
460 566 2
461 625 43
461 901 10
462 516 35
462 641 2
463 916 2
464 265 7
464 928 3
465 531 2
466 58 3
467 211 7
467 300 2
469 425 2
472 226 25
472 256 8
472 801 2
473 6 24
473 600 22
476 775 3
480 0 3
480 731 14
480 928 187
481 288 36
481 416 11
482 64 3
482 208 16
482 285 5
483 276 2
483 555 11
484 841 6
485 134 2
488 3 2
488 269 2
488 334 2
488 565 2
489 64 9
491 112 3
501 519 2
505 332 3
506 706 24
512 1 4
512 5 2
512 36 11
512 52 12
512 65 27
512 96 24
512 153 4
512 266 6
512 420 2
512 438 2
512 514 2
512 522 14
512 685 27
512 936 2
513 5 2
513 42 2
513 47 131
513 65 2
513 100 135
513 315 2
513 340 6
513 548 19
513 640 5
514 11 2
514 36 2
514 160 5
514 401 7
514 452 2
514 522 2
514 572 25
514 780 4
515 93 5
515 157 5
515 273 3
515 598 2
516 33 2
516 69 5
516 72 2
516 169 2
516 357 47
516 442 2
516 582 3
516 605 8
516 779 2
516 785 27
517 3 13
517 8 12
517 132 4
517 177 5
517 233 4
517 281 76
517 525 2
517 672 35
517 676 2
517 768 9
518 0 26
518 41 2
518 66 2
519 517 7
519 944 2
520 164 10
520 296 3
520 328 2
520 436 2
520 812 2
520 896 2
521 81 5
521 131 9
521 229 2
521 450 18
521 554 5
521 560 11
522 1 6
522 121 31
522 234 5
522 549 2
522 652 5
523 650 3
524 159 2
524 173 2
524 520 2
525 134 77
525 820 16
526 776 5
527 36 3
527 713 2
528 10 18
528 33 29
528 97 3
528 171 13
528 344 2
528 406 3
528 512 68
528 580 7
528 582 4
528 611 3
528 720 2
528 801 68
529 16 7
529 148 2
529 260 6
529 423 2
529 517 7
529 520 2
529 737 2
529 836 14
530 86 2
530 132 44
530 278 2
530 325 2
530 522 2
530 696 7
532 11 2
532 134 2
532 292 4
532 853 2
533 37 2
533 787 5033
534 6 2
534 928 2
534 932 2
535 10 127
536 10 2
536 244 2
536 412 4951
536 687 2
536 902 4
537 99 6
537 138 5
537 257 2
538 74 2
538 84 3
538 820 2
540 256 2
540 481 4
541 344 7314
541 793 2
544 6 2
544 21 5
544 24 17
544 151 4
544 160 10
544 401 7268
544 416 2
544 429 2
544 536 9
544 542 9
544 551 9
544 718 2
545 209 7
545 226 21
545 743 8
545 914 2
546 2 106
546 4 2
546 612 2
546 650 3
546 758 4
546 900 2
547 265 2
547 427 2
548 141 28
548 169 4
548 577 4
548 586 2
549 68 2
549 97 4
549 146 2
549 530 3
549 647 5
550 36 11214
550 649 2
550 800 2
551 4 2
551 40 29
551 89 3
552 640 7
552 932 13
553 36 7
553 933 112
554 4 6
554 296 2
556 409 7
557 6 2
557 15 5
557 370 13
557 400 49
557 512 2
557 557 18722
557 770 18
559 557 31
560 96 98
560 104 18
560 168 3
560 354 2
561 10 90
561 444 2
561 521 1260
561 786 2
562 162 2060
562 977 20
562 992 2
563 20 14
563 410 2
564 28 13
564 659 11
566 44 2
569 385 33
569 522 2
571 100 23
571 457 3
572 36 2
572 64 4
572 257 2
572 370 2
573 797 3
573 886 2
574 18 84
574 533 3
574 696 5334
576 5 2
576 48 2
576 76 3
576 133 10
576 172 2
576 193 270
576 325 117359
576 371 4
576 525 9
577 72 4
577 292 2
577 577 8
577 661 11
577 997 6
578 26 3
578 96 2
578 120 69
578 136 7
578 572 36
579 80 3
579 136 11
579 621 4
579 789 8
580 64 2
580 507 2
580 528 2
582 633 9
583 129 237
584 833 3
585 208 2
585 217 3
585 354 70
585 389 2
586 64 8
586 530 6
586 658 11
587 608 3
588 784 3
590 276 22
590 300 4
590 520 3
590 788 23
591 147 2
592 4 2
592 148 2363
592 322 22
592 528 5
592 566 2
592 585 2
592 856 3
593 429 2
595 58 6
595 557 2
596 11 35
596 33 2
596 154 93
596 385 2
599 92 2
599 176 2
600 562 7
600 573 35
600 575 1080
601 335 2
601 431 2
602 480 2
604 913 2
605 80 2
606 281 2
607 288 27
607 393 2
608 176 16
608 185 2
608 522 2
608 576 5
609 28 3
609 210 2
609 225 2
609 526 11
609 768 2
610 24 12
611 125 2
612 170 7
612 534 342
613 840 2
614 265 4
614 936 5
616 81 3
616 450 3
616 806 3
617 374 25
618 70 8
618 1004 17
619 76 48
619 231 8
621 293 5
623 1000 2
625 5 2
625 261 10
625 530 2
626 8 16
626 104 2
626 114 6
626 528 2
627 3 2
627 418 7
627 769 2
627 977 102
628 76 3
629 446 4
629 528 58
631 24 3
632 18 4
633 812 15
637 73 3
638 161 2
640 4 208
640 6 18
640 16 2
640 181 2
640 246 23
640 258 2
640 369 2
640 421 13
640 467 30
640 525 5
640 584 9
640 659 2
640 732 4
640 938 7
640 952 2
642 512 2
642 562 12
642 724 3
643 73 2
643 775 2
644 48 2
644 387 17
644 660 14
644 756 12
644 769 13
645 4 20
645 25 3
645 548 4
645 963 15
646 289 2
646 388 5
648 76 5
648 98 2
648 369 2
648 512 9
648 769 5
649 4 49
650 953 2
651 290 2
652 594 1957
654 565 43
655 384 35
656 3 5
656 259 2
656 278 2
656 370 36
656 833 2
657 79 2
657 201 2
658 26 8
658 226 2
658 640 9
660 36 6
660 52 15
660 85 13
660 648 5
661 244 13
661 608 129
664 205 8
664 781 2
665 260 26
666 66 2
668 163 2
668 464 4
668 749 2
670 515 2
672 1 2
672 64 11
672 129 426
672 514 2
672 608 4
672 717 3
673 104 2
674 259 7
674 401 2
674 672 2
675 257 9
677 121 15
677 641 5
678 237 2
679 556 2
680 20 6
680 39 25
680 105 18
680 450 7
680 540 4
681 6 2
681 33 2
682 14 10
682 156 2
684 1008 10
686 426 150
686 593 9
688 385 4
689 80 2
690 110 11
691 12 2903
692 260 3
692 914 2
693 397 7
693 522 3
694 6 3
694 768 7
694 931 194
694 976 4
695 517 30
695 585 5
696 885 11
697 710 24
700 18 2
700 864 3
701 34 24
701 941 13
704 34 12
704 76 12
704 135 54
704 292 2
704 370 22
704 514 14
705 596 7
705 854 2
706 17 2
706 161 16
706 460 11
706 732 3
708 108 14
709 325 26
709 354 61
709 843 2
710 2 2
712 35 4
712 141 2
712 294 2
712 862 2
713 593 17
713 837 8
716 98 4
716 339 12
716 649 2
716 842 4862
720 7 3
720 144 2
720 803 2
721 0 13
721 170 3
721 323 2
721 584 2
722 82 6
722 100 21
722 104 2
722 146 66
722 393 2
722 398 3
722 464 2
723 142 417
724 20 2
724 596 2
725 65 4
728 227 2
728 350 55
728 712 6
729 578 2
730 332 3
732 834 6
737 25 7
737 64 6
737 288 5
737 610 2
738 970 174
740 778 6
740 801 8
741 45 5
741 260 29
742 97 3
743 787 23
744 124 3
744 280 2
744 762 2
745 63 6
746 386 16
746 536 6
752 261 4
752 494 2
752 786 9
754 32 6
759 130 2
760 40 389
760 300 2
761 435 2
763 668 2
765 513 5
768 68 2
768 226 2
768 326 2
768 502 5
768 608 3
768 666 2
768 736 2
768 738 2
768 926 540
769 34 2
769 277 2
769 350 2
769 640 10
769 773 2
770 67 6
770 211 3
770 256 8
770 515 18
770 663 158
771 793 2
771 800 21
772 0 2
772 32 7
772 130 2
774 8 7
774 936 4
775 48 6
776 101 2
776 155 2
776 586 24
776 697 100
777 6 2
777 200 2
777 554 2
777 641 4
778 330 2
778 707 2
780 14 4
780 16 311
780 193 2
780 552 6
780 707 2
780 901 5
781 222 6
782 226 3
782 405 2
784 1 10
784 514 4
784 549 3
784 569 10
784 604 2
784 841 2
785 45 88
785 257 3
786 142 2
786 521 2
786 576 2
786 914 2
787 199 6
788 25 29
788 332 10
792 540 13
792 594 3
793 52 13
793 498 5
793 628 58
795 422 2
798 776 2
799 433 3
800 9 2
800 45 7
800 73 2
800 97 2
800 133 37
800 824 3
801 34 128
801 312 2
801 642 6
802 660 2
802 769 15
803 512 2
804 337 3
804 433 2
805 387 2
805 781 23
806 43 4
806 134 4
806 326 4
806 480 2
808 302 28
808 526 4
808 777 14
808 945 13
810 17 2
810 394 2
810 416 2
812 778 48
814 161 2
814 523 4
814 905 2
816 18 2
816 24 2
817 784 10
818 253 23
819 69 5
819 538 2
821 236 8
822 211 2
824 392 56
824 609 2
824 978 2
828 592 11
830 356 4
832 21 20
832 30 14
832 43 11
832 281 2
832 427 2
832 518 20
832 548 8
833 147 13
833 999 2
834 0 2
834 32 7
834 104 8
834 148 3
834 912 2
835 264 5
835 392 3
836 86 6
836 388 5
836 485 4
838 785 2
839 21 6
840 96 2
840 545 2
840 800 2
841 32 5
841 370 2
842 132 9
842 200 4
844 584 14
845 624 2
848 188 9
848 313 2
848 391 2
848 899 2
849 792 7
850 308 2
850 776 21
852 2 799
852 72 78
852 824 40
856 256 2
856 866 2
857 42 19
862 130 2
864 786 4
866 260 9
867 998 2
868 332 493
870 6 27
870 68 2
871 264 2
872 32 2
872 50 1321
872 165 2
873 9 6
874 360 2
875 164 147
882 42 5
882 591 5
882 778 2
884 802 11
885 601 2
894 392 13
896 330 52
896 868 6
897 39 38
897 115 8
897 523 9
897 1002 2
898 336 3
898 699 2
899 537 13
900 4 2
900 162 19
900 313 5
902 131 5
902 420 19
903 339 11
904 112 2
904 231 2
904 552 3
904 888 69
904 929 2
905 12 879
905 248 309
905 540 2
905 572 7
906 137 2
906 194 2
906 210 2
907 276 294
910 614 3
911 5 4
911 10 11
911 896 3
912 85 4426
912 129 2
914 216 3
914 968 2
916 777 16
917 560 4
917 912 11
918 0 5
920 200 232
921 272 16
921 320 2
922 8 2
922 784 2
924 33 6
924 196 164
927 190 12
928 384 8
928 516 2
928 518 2
929 10 15
929 316 2
930 547 4
930 720 2
931 230 2
931 657 3
932 274 12
932 783 2
933 657 2
938 261 15
938 316 179
938 552 2
940 512 2
941 771 16
944 165 2
944 756 7
947 568 17
948 9 2
951 818 7
952 37 2
953 905 3
954 22 2
956 846 5
958 844 5
961 131 2
961 291 58
961 472 2
961 481 17
963 130 2
965 937 2
966 29 12
966 192 5
966 197 2
966 555 2
968 51 34
968 352 2
968 360 5
969 313 2
969 769 4
970 180 2
971 566 4
975 205 6
976 321 2
976 779 3
977 34 6
977 549 4
984 324 2
984 483 3
986 772 106
988 366 5
990 35 2
996 36 2
996 836 29
998 127 4
998 179 2
1000 260 8
1001 286 2
1002 652 69
1002 912 4
1003 684 88
1004 129 149
1011 36 4
1013 316 2
1020 371 2
1020 385 4
1021 643 5
