0 4 4
0 8 2
0 9 20
0 17 2
0 18 3
0 47 101
0 112 21
0 135 9
0 150 84
0 166 2
0 215 4482
0 256 2
0 259 2
0 265 7
0 274 5
0 321 5
0 352 2
0 415 2
0 552 5
0 646 2
0 670 2
0 674 2
0 679 8
0 843 34
0 917 7
1 15 2
1 82 2
1 135 2
1 292 2
1 481 2
1 565 2
1 644 23
1 705 2
1 768 2
1 825 11
1 920 2
2 0 6
2 3 3
2 8 2
2 132 4
2 167 3
2 523 3
2 826 2
3 24 31
3 131 10
3 272 28
3 277 4
3 530 27
3 592 2
4 0 2
4 4 8
4 15 2
4 24 12
4 50 2
4 60 2
4 64 2
4 293 4
4 368 2
4 576 2
4 683 12
4 774 5
5 18 10
5 216 3
5 584 6
5 887 2
6 3 2
6 148 2
6 259 2
6 267 2
6 268 4
6 466 3
6 512 23
6 798 3
6 1002 18
7 81 8
7 110 9
7 237 11
7 715 4
8 1 3
8 2 2
8 19 10
8 42 2
8 202 2
8 272 17
8 273 2
8 386 4
8 393 24
8 486 2
8 552 2
8 642 2
8 735 20986
8 902 3
9 39 2
9 43 20
9 416 23
9 526 2
9 572 2
9 823 2
9 907 6
10 75 10
10 84 4
10 176 2
10 208 6
10 518 196811
10 523 2
10 599 4
10 680 4
10 778 55
11 204 18
11 586 66
11 752 3
12 0 21
12 55 2
12 65 2
12 116 20
12 128 2
12 269 2
12 366 7
12 781 2
13 66 2
13 192 35
13 224 2
13 320 5
13 780 14
14 127 3
14 152 2
14 210 30
14 321 2
14 376 621
14 616 721
15 352 2
15 485 8
15 659 2
15 854 5
16 9 59
16 24 66
16 64 7
16 198 2
16 643 4
16 806 4
17 129 38
17 258 2
18 51 63
18 203 466
18 215 2
18 290 2
18 641 3
18 645 2
19 7 4
19 24 2
19 657 5
19 709 6
20 1 2
20 10 66
20 28 28
20 36 2
20 69 14
20 176 4
20 194 23
20 323 60
21 116 8
21 258 4
21 308 2
22 68 8
22 107 2
22 133 2
22 320 6
22 565 2
23 770 11
23 886 14
24 9 2
24 533 2
24 781 12
24 786 8
24 848 2
24 944 2
26 20 7
26 22 11
26 109 250
26 801 2
27 130 2
27 547 9
28 42 36311
28 72 8
28 146 7
28 647 9
29 1 6
29 327 2
29 532 5
29 809 3
30 21 6
30 52 22
30 129 2
30 588 2
31 77 2
31 561 11
32 72 9
32 204 2
32 211 6
32 219 3
32 276 4
32 388 2
32 514 3
32 612 6
32 641 14
32 803 33
32 848 11
33 2 5
33 3 8
33 26 13
33 31 109
33 277 3
33 320 2
33 544 3932
33 785 2
33 898 2
33 945 2
34 144 12
34 292 2
34 324 2
34 561 5
34 663 2
34 720 5
35 65 2
35 266 2
35 689 11
36 12 2
36 34 2
36 48 16
36 266 2
36 288 2
36 448 7
36 555 3
36 858 31
37 2 2
37 13 2
37 364 2
37 520 5
37 594 10
37 640 3
37 673 2
38 1 2
38 180 5
38 544 13779
39 3 13
39 520 10
40 39 6
40 65 11
40 256 2
40 512 2
40 528 14
40 605 13
40 645 4
40 756 541
40 761 17
40 840 207
40 980 15
41 96 2
41 321 2
41 513 2
41 987 2
42 42 2
42 140 3
42 411 13
42 778 9
42 839 2
43 1 2
44 47 6
44 430 2
44 524 468
44 794 5123
45 23 2
45 50 3
45 266 2
45 615 2
45 808 10
45 844 16
46 57 2
47 80 73
47 1022 2
48 67 2
48 176 5
48 193 8
48 198 19
48 226 8
48 646 2
48 708 6
48 789 12
48 932 11
49 17 6
49 313 1569
50 113 2
51 70 27
51 377 23
51 516 217
52 46 2
52 188 8
52 256 3
52 285 2
52 390 11
53 146 2
54 112 2
54 718 6
55 278 32
56 89 4
56 472 4
56 544 2
57 5 2
57 33 2
57 128 41
57 448 2
58 113 2
59 58 4
59 292 4
59 453 4
59 583 28
60 5 116
60 33 5
60 948 3
61 644 2
61 648 6
62 521 11
62 612 2
64 1 17
64 26 6
64 41 6
64 194 10
64 203 7
64 370 3
64 481 7
64 514 4
64 780 2
65 25 2
65 61 2
65 96 4
65 104 31
65 118 19
65 218 6
65 241 3
65 515 3
65 571 6
66 140 14
66 545 1129
67 16 32
67 20 13
67 73 718
67 453 2
67 482 3
68 153 11
68 284 4
68 576 12
69 138 2
69 572 14
69 768 9
70 109 6
70 212 44
70 431 89
70 608 10
70 646 7
70 648 2
70 672 20
71 1 2
71 264 5
71 409 13
71 700 3
72 8 2
72 37 5
72 65 6
72 280 5
72 437 2
72 961 2
73 640 3
73 999 18
74 512 2
74 548 2
74 600 9
74 768 10
74 1012 3
75 259 2
75 576 7
76 84 4
76 262 173
76 586 2
76 855 9
77 256 26
77 267 3
77 450 6
77 456 3
78 288 6
78 517 2
78 784 4
78 919 2
79 165 11
79 386 2
80 0 4
80 51 8
80 132 11
80 211 2
80 528 15
80 677 2
80 920 56
81 807 5
81 852 2
82 283 18
83 115 228
83 124 3
83 304 2
83 617 2
83 784 2
84 64 3
84 74 6
84 216 86
85 65 2
87 353 2
87 462 2
88 782 534
89 2 15
89 76 12
90 274 2
90 843 2
90 977 27
90 988 2
91 652 2
91 951 361
92 38 2
92 91 34
93 49 19
93 134 2
93 669 436
94 869 10
94 954 76
95 20 2
95 34 2
96 80 2
96 103 40
96 208 2
96 220 2
96 276 2
96 321 7
96 356 10
96 547 10
96 820 8
97 48 2
97 130 3
97 144 2
97 195 2
97 286 2
97 473 2
97 525 35
98 14 2
98 352 11
98 401 7
98 671 4
98 928 2
99 117 3
99 134 7
99 249 52
100 294 2
100 768 7
100 901 11
101 70 2
101 124 6
101 161 2
101 169 2
101 392 2
101 599 16
102 6 21
102 78 2
102 166 3
102 264 2
103 704 9
104 26 379
104 28 2
104 64 31
104 132 15
104 313 5
104 512 2
104 673 2
105 3 23
105 779 2
106 516 2
106 652 5
107 3 3
107 129 24
108 133 2
108 514 5
108 825 46
111 12 2
112 0 2
112 28 2
112 84 2
112 107 11559
112 165 5
112 776 2
114 68 5
114 416 2
114 452 58
114 497 5
114 872 2
116 33 2
117 106 2
117 803 19
118 565 626
119 446 34
119 836 4
120 0 2
120 76 3
121 536 2
122 24 17
122 294 2
123 600 2
124 304 6
124 348 3
125 268 17
128 1 2
128 10 2
128 58 2
128 200 19
128 208 23
128 320 2
128 362 46
128 376 5
128 433 2
128 628 2
128 770 8
128 806 2
129 0 2
129 10 2
129 37 5
129 39 7
129 88 8
129 584 781
129 707 4
130 78 2
130 272 6
130 273 27510
130 368 8
130 520 6
130 528 39
130 532 42
130 540 2
130 675 2
130 772 2
132 6 7
132 17 89
132 94 2
132 372 21
132 516 34
132 713 612
132 916 13
132 957 17
133 23 3
133 138 3
133 614 2
134 67 112
134 208 2
134 224 2
134 377 13
134 390 52
134 516 2
135 258 10
136 21 21
136 39 2
136 81 2
136 160 9
136 482 14
136 610 5
136 657 203
136 684 3
136 831 2
137 148 2
137 256 12
137 259 19
137 325 2
137 678 24
137 778 2
138 415 2
138 590 31
138 902 2
139 865 21
140 72 2
140 135 2
140 143 20
140 464 11
140 724 2
140 776 20
141 2 4
141 521 3
142 641 11
143 116 2
143 187 2
143 286 2
143 642 5
144 18 2
144 68 8
144 248 2
144 257 2
144 433 3
144 520 12
144 800 3079
145 1 14242
145 2 7
145 67 6
145 94 17
145 184 2
145 216 2
145 273 2
145 513 17
145 576 4
146 69 5
146 146 2
146 396 38
147 522 14
148 1 73
148 130 3
148 139 2
148 146 7
148 278 24
148 464 2
148 912 7
149 633 2
150 141 3
150 160 35
150 656 2
151 102 7
151 132 9
151 207 25
151 250 4
153 26 10
153 151 3
153 171 2
153 592 3
153 961 2
156 54 14
156 814 97
159 526 2
160 34 50
160 144 3
160 801 2
161 21 2
161 40 2
161 326 5
161 376 15
161 524 8
161 576 2
161 717 2
161 898 9
162 160 5
163 227 2
163 361 2
163 601 14
164 34 2
164 38 2
164 87 2
164 217 4
164 264 119
164 280 40
164 329 7
164 481 4
164 646 10
165 141 2
167 104 4
167 456 7
167 712 16
168 8 3
168 67 5
168 68 2
168 98 7
168 480 2
169 25 2
169 351 2
171 144 14
171 810 2
172 8 169
172 32 5
172 569 15
172 664 7
173 261 2
174 493 2
174 582 8
175 863 90
176 32 2
176 137 11
176 270 51
176 824 3493
176 864 3
176 916 23
176 932 2
177 128 26
177 280 22
177 560 4
177 611 5
177 744 2
178 100 4
178 580 4
178 797 2
179 429 2
180 152 8
180 600 15
181 97 2
181 331 2
181 964 3
182 300 2
182 672 2
182 728 50
184 141 4
184 161 28
184 664 81
185 42 5
186 272 43
186 582 5
187 800 4
188 199 3
192 43 2
192 52 51
192 72 2
192 388 28
192 392 26
192 536 2
192 713 2
192 898 2
192 904 35
192 999 3
193 120 4
193 131 6
193 162 27
193 375 5
193 422 3
193 718 2
193 775 2
194 321 2
194 592 47
194 677 2
196 286 2
196 377 2
197 61 155
197 100 46
197 297 4
197 611 14
197 769 3
198 3 23
200 146 471
200 445 19
200 577 4
200 924 9
201 98 2
201 140 3
202 11 2
203 654 5
204 6 2
204 520 22
205 457 8
206 80 1835
208 12 20
208 88 6
208 534 83
209 513 12
209 564 47
210 1 3
210 882 2
211 4 2
212 34 8
212 262 6
212 285 18
212 673 2
213 64 3
214 369 2
214 585 27
216 66 2
216 138 5
219 389 83
220 176 2
220 658 2
222 532 2
222 852 2
225 257 2
225 316 539
225 948 10
226 35 2
226 157 2
227 336 13
227 592 10
228 32 2
228 294 5
230 9 6
231 261 2
231 290 2
232 5 4
232 80 179618
232 130 2
232 480 6
233 212 3
233 912 12
233 973 15
234 917 2
235 645 2
238 620 9
238 642 11
239 370 2
239 560 2
240 66 2
240 799 2
240 914 2
241 245 9
244 33 3
244 356 12
244 932 35
245 705 2
246 64 378
247 626 22
248 0 4
248 557 2
248 902 2
250 46 4
253 636 6
256 1 2
256 4 29
256 5 2
256 68 13
256 69 23
256 97 1481
256 160 3
256 212 11
256 243 2
256 262 3
256 312 3
256 344 14
256 416 2
256 512 3
256 522 2
256 616 16
256 705 7
256 804 4783
256 904 2
256 963 3
256 992 4
257 156 2
257 268 5
257 272 4
257 806 2
257 912 2
257 920 3
257 945 3
258 24 190
258 34 2
258 36 2
258 138 11
258 265 9
258 810 2
258 880 2
259 7 7
259 100 2
259 165 4
259 226 16
259 268 128
259 327 8
259 532 4
260 131 8
260 256 2
260 522 12
260 545 2
260 678 2
260 978 3
261 8 900
261 67 2
261 72 2
261 356 3
261 672 5
261 995 100
262 32 2
262 134 2
262 193 35
262 256 26
262 906 5
262 1013 13
264 1 13
264 296 6
264 320 43
264 568 5
265 264 2
265 339 201
265 632 2
266 11 2
266 56 2
266 242 53
266 326 15
266 504 2
267 523 2
267 581 5
268 12 8
268 34 2
268 177 2
268 192 54
268 512 10
268 524 2
268 577 2
269 640 30
270 73 8
270 532 208910
272 41 12
272 162 6
272 208 12
272 225 9
272 280 2
272 378 2
272 520 2
272 554 2
272 640 2
272 684 935
272 899 2
273 47 8
273 581 2
273 693 2
273 809 2
273 903 2
274 98 3
274 334 2
275 4 7
275 16 339
275 116 2
275 133 2
275 401 17
275 485 2
276 288 4
276 392 3
276 394 2
276 538 5
276 628 2
276 661 2
277 8 27
277 27 2
277 128 22
278 258 10
279 18 3
279 901 1624
280 36 5
280 82 2
280 600 5
280 674 2
282 136 10
282 576 4
282 717 3
282 787 2
284 835 2
285 104 25
286 624 2
286 832 74
287 448 2
287 802 471
288 50 139897
288 132 4
288 224 2
288 292 13588
288 341 5
288 545 2
289 156 14
289 468 4
289 648 12
289 753 3
289 788 7
290 0 38
290 258 2
290 328 28
290 388 2
291 32 2
291 768 3
291 967 6
292 7 14
292 19 15
292 134 14
292 162 3
292 524 3
292 593 40
293 256 2
293 960 2
294 864 2
296 57 9
296 84 2
296 231 11
296 260 2
296 288 5
296 409 3
296 516 4270
297 389 2
297 544 7
297 742 4
298 75 2
298 800 2
299 78 5
299 291 4
300 140 14
301 274 2
301 777 3
303 292 2
304 6 2
304 8 10
304 42 2
304 63 2
304 106 20
304 212 2
304 258 13
304 292 21
305 11 8
305 34 4
305 576 2
306 918 3
308 21 30
308 583 7
308 692 3
308 832 2
308 848 2
309 774 21
310 44 11
310 936 2
314 109 40
314 376 5
315 739 3
316 452 2
318 914 6
320 29 2
320 315 1414
320 428 2
320 468 5
320 641 3
320 720 2
321 4 3
321 337 6
321 768 14
321 834 3
322 0 21
322 80 12
322 196 33
322 272 2
322 416 3
322 899 14
322 902 2
323 360 10
323 515 12
324 16 24
324 106 220
324 167 2
324 179 2
324 200 9
324 513 2
324 530 2
325 74 16
325 145 6
325 614 2
325 720 2
326 11 2
326 116 4
326 280 2
326 443 2
327 675 12
327 698 6
328 853 9
329 258 14
329 836 8
330 204 4
332 456 6
332 643 3
334 265 2
334 288 5
335 83 11
335 391 2
336 18 44
336 632 4
337 352 2
337 768 2
337 833 5
338 33 6
338 160 2
338 169 214
339 42 2
340 0 135
340 106 3
340 704 1586
340 763 59
341 576 3
342 15 2
342 272 140
342 536 11
343 475 2
344 188 26
344 676 37
345 32 3
345 728 44
346 11 3
347 11 2
347 149 7
347 313 7
348 128 2
349 12 5
352 409 7
352 419 2
352 514 149
352 680 29
352 860 7
353 389 2
353 684 59
354 25 4
354 30 13
354 288 4
354 836 2
354 969 9
355 134 5
355 634 8
356 800 24
357 433 2
357 641 9
358 168 15
358 197 25
360 514 6
360 555 3
360 732 2
360 784 33
361 316 18
362 34 49
363 162 4
363 424 897
364 740 2
366 657 1249689
368 49 2
368 738 2
368 925 8
371 112 4
371 705 2
372 352 4
375 77 15
376 193 12
379 333 2
380 339 13
384 156 15
384 168 2
384 312 2
384 332 4
384 423 26
384 481 2
384 571 5
384 597 2
384 692 2
384 841 36
384 962 4
385 75 12
385 213 9
385 513 2
385 563 2
386 64 2
386 73 15
386 158 9
386 206 2
386 275 7
386 681 2
386 846 11
386 849 2
386 912 61
387 297 12
387 545 3
387 1016 2
388 332 237
389 596 11069
391 8 3
391 461 9
391 800 19
392 38 4
392 336 2
393 461 7
394 80 34
394 211 5
394 590 40
395 4 2
395 558 2
396 6 177
396 454 28
396 536 2
396 546 2
396 777 2
396 960 2
397 132 101
397 305 19
398 943 2
400 10 5
400 21 3
400 144 2
400 712 7
401 16 4
401 58 31
401 277 15
401 284 2
401 673 57
401 932 4
402 68 104
402 80 1877
403 20 3
403 98 2
404 209 25
404 298 33
405 160 2
406 677 2
406 928 2
407 591 2
408 66 2
408 576 17
409 105 7
409 417 24
409 888 149
411 20 6
412 6 15
413 640 8
414 932 19
415 101 3
416 52 5
416 279 2
416 292 6
416 531 2
416 832 8
417 577 4
418 16 3
419 7 4
419 62 2
419 844 2
420 288 10
420 424 2
420 538 2
420 545 8
421 400 2
422 736 5
423 651 25
424 481 2
425 161 12
425 261 2
425 776 2
426 644 4
427 580 14
428 32 3
428 194 2
428 620 28901
428 880 44
430 8 4
430 68 20
430 203 2
433 24 2
433 197 2
434 734 157
436 597 2
436 641 2
437 2 5
441 21 14
442 146 9
444 769 3
444 801 15
448 92 7
448 513 5
448 655 2
452 48 2
452 136 2
452 205 2
452 488 2
452 512 2
452 513 2
453 368 2
454 437 2
454 634 6
454 782 6
456 105 94
456 376 8
456 774 2
458 101 8
458 743 16
460 462 2
460 566 2
461 625 7
461 901 14
462 516 3
462 641 19
463 916 2
464 265 5
464 928 2
465 531 2
466 58 3
467 211 2
467 300 2
469 425 7
472 226 3
472 256 5
472 801 2
473 6 2
473 600 8
476 775 4
480 0 2
480 731 3
480 928 2
481 288 7
481 416 2
482 64 10
482 208 11
482 285 14
483 276 8
483 555 11
484 841 9
485 134 2
488 3 2
488 269 4
488 334 3
488 565 72
489 64 2
491 112 15
501 519 17
505 332 3
506 706 3
512 1 2
512 5 2
512 36 4
512 52 15
512 65 7
512 96 48
512 153 7
512 266 2
512 420 2
512 438 2
512 514 2
512 522 4
512 685 35
512 936 2
513 5 2
513 42 2
513 47 2
513 65 2
513 100 38
513 315 3770
513 340 3
513 548 5
513 640 8
514 11 5
514 36 2
514 160 6
514 401 21
514 452 2
514 522 2
514 572 2
514 780 21
515 93 2
515 157 2
515 273 2
515 598 2
516 33 6
516 69 17
516 72 2
516 169 2
516 357 2
516 442 2
516 582 2
516 605 66
516 779 37
516 785 10
517 3 9
517 8 14
517 132 2
517 177 2
517 233 4
517 281 51
517 525 2
517 672 58
517 676 6
517 768 2
518 0 3
518 41 40
518 66 205
519 517 4
519 944 2
520 164 5
520 296 3
520 328 2
520 436 2
520 812 2
520 896 4
521 81 19
521 131 9
521 229 2
521 450 5
521 554 9
521 560 4
522 1 4
522 121 10
522 234 8
522 549 5
522 652 5
523 650 2
524 159 2
524 173 14
524 520 2
525 134 2
525 820 10
526 776 2
527 36 3
527 713 5
528 10 4
528 33 2
528 97 4
528 171 2
528 344 2
528 406 11
528 512 2
528 580 3
528 582 20
528 611 2
528 720 18
528 801 2
529 16 11
529 148 12
529 260 25
529 423 14
529 517 21
529 520 2
529 737 3
529 836 5
530 86 2
530 132 10
530 278 6
530 325 2
530 522 19
530 696 6
532 11 66
532 134 2
532 292 4
532 853 2
533 37 9
533 787 2
534 6 2
534 928 3
534 932 6
535 10 177
536 10 2
536 244 2
536 412 4
536 687 2
536 902 6
537 99 6
537 138 2
537 257 2
538 74 50
538 84 5
538 820 2
540 256 3
540 481 3
541 344 7045
541 793 2
544 6 2
544 21 7
544 24 2
544 151 2
544 160 22
544 401 2
544 416 15
544 429 6
544 536 2
544 542 2
544 551 2
544 718 3
545 209 11
545 226 6
545 743 2
545 914 2
546 2 2
546 4 17
546 612 2
546 650 2
546 758 22
546 900 2
547 265 5
547 427 2
548 141 2
548 169 3
548 577 2
548 586 9
549 68 2
549 97 4
549 146 2
549 530 9
549 647 9
550 36 3
550 649 3
550 800 6
551 4 2
551 40 9
551 89 3
552 640 7
552 932 2
553 36 7
553 933 2
554 4 6
554 296 7
556 409 3
557 6 2
557 15 5
557 370 26
557 400 2
557 512 2
557 557 2
557 770 2
559 557 2
560 96 2
560 104 2
560 168 5
560 354 56
561 10 2
561 444 2
561 521 36
561 786 3
562 162 2
562 977 2
562 992 38
563 20 9
563 410 2
564 28 8
564 659 30
566 44 15
569 385 32
569 522 15
571 100 11
571 457 2
572 36 2
572 64 2
572 257 2
572 370 3
573 797 20
573 886 2
574 18 2
574 533 8
574 696 2
576 5 2
576 48 2
576 76 5
576 133 20
576 172 2
576 193 2
576 325 2
576 371 2
576 525 9
577 72 16
577 292 3
577 577 11
577 661 4
577 997 6
578 26 7
578 96 26
578 120 3
578 136 2
578 572 7
579 80 2
579 136 2
579 621 3
579 789 15
580 64 5
580 507 106
580 528 2
582 633 112
583 129 2
584 833 2
585 208 2
585 217 6
585 354 10
585 389 4
586 64 7
586 530 6
586 658 2
587 608 2
588 784 17
590 276 3
590 300 10
590 520 2
590 788 2
591 147 19
592 4 14
592 148 2
592 322 18
592 528 23
592 566 2
592 585 8
592 856 2
593 429 2
595 58 7
595 557 3
596 11 2
596 33 3
596 154 569421
596 385 3
599 92 12
599 176 3
600 562 2
600 573 3
600 575 2
601 335 4
601 431 2
602 480 2
604 913 4
605 80 2
606 281 26
607 288 2
607 393 4
608 176 7
608 185 2
608 522 2
608 576 6
609 28 3
609 210 21
609 225 3
609 526 12
609 768 2
610 24 2
611 125 9
612 170 14
612 534 2
613 840 2
614 265 48
614 936 2
616 81 3
616 450 288
616 806 2
617 374 3
618 70 8
618 1004 2
619 76 2
619 231 17
621 293 7
623 1000 10
625 5 167
625 261 4
625 530 2
626 8 2
626 104 4
626 114 2
626 528 62
627 3 6
627 418 8
627 769 3
627 977 8
628 76 11
629 446 10
629 528 327
631 24 22
632 18 2
633 812 3
637 73 13
638 161 7
640 4 2
640 6 3
640 16 6
640 181 2
640 246 2
640 258 7
640 369 6
640 421 2
640 467 19
640 525 3
640 584 6
640 659 21
640 732 4
640 938 6
640 952 2
642 512 4
642 562 18
642 724 4
643 73 3
643 775 2
644 48 2
644 387 2
644 660 3
644 756 8
644 769 3516
645 4 4
645 25 4
645 548 12
645 963 2
646 289 13
646 388 2
648 76 30
648 98 5
648 369 2
648 512 8
648 769 6
649 4 4
650 953 33
651 290 2
652 594 254
654 565 492
655 384 2
656 3 2
656 259 118
656 278 2
656 370 5
656 833 17
657 79 4
657 201 2
658 26 3
658 226 3
658 640 12
660 36 7
660 52 2
660 85 12
660 648 562
661 244 4
661 608 2
664 205 2
664 781 3
665 260 2
666 66 4
668 163 2
668 464 5
668 749 2
670 515 2
672 1 2
672 64 10
672 129 2
672 514 5
672 608 3
672 717 2
673 104 2
674 259 2
674 401 35
674 672 2
675 257 4
677 121 2
677 641 62
678 237 31
679 556 2
680 20 8
680 39 2
680 105 3
680 450 52
680 540 2
681 6 2
681 33 14
682 14 2
682 156 2
684 1008 2
686 426 3
686 593 2
688 385 2
689 80 6
690 110 2
691 12 5
692 260 2
692 914 3
693 397 2
693 522 4
694 6 6
694 768 23
694 931 2
694 976 3
695 517 13
695 585 3
696 885 25
697 710 2
700 18 9
700 864 9
701 34 6
701 941 9
704 34 26
704 76 11
704 135 2
704 292 11
704 370 18
704 514 10
705 596 19
705 854 2
706 17 79416
706 161 26
706 460 5
706 732 2
708 108 2
709 325 11
709 354 9
709 843 18
710 2 2
712 35 13
712 141 2
712 294 19
712 862 2
713 593 12
713 837 4
716 98 4
716 339 2
716 649 4
716 842 2
720 7 9
720 144 1174
720 803 17
721 0 2
721 170 2
721 323 6
721 584 2
722 82 15
722 100 9
722 104 34
722 146 33
722 393 2
722 398 2
722 464 2
723 142 146
724 20 3
724 596 2
725 65 9
728 227 48
728 350 65
728 712 10
729 578 8
730 332 42
732 834 23
737 25 18
737 64 14
737 288 2
737 610 2
738 970 310
740 778 3
740 801 2
741 45 58397
741 260 7
742 97 3
743 787 2
744 124 496
744 280 5
744 762 2
745 63 2
746 386 2
746 536 1587
752 261 17
752 494 2
752 786 6
754 32 5
759 130 5
760 40 18580
760 300 2
761 435 44
763 668 11
765 513 9
768 68 2
768 226 2
768 326 3
768 502 2
768 608 2
768 666 2
768 736 2
768 738 3
768 926 3
769 34 2
769 277 2
769 350 2
769 640 9
769 773 2
770 67 294
770 211 5
770 256 11
770 515 7
770 663 12
771 793 10
771 800 11
772 0 111
772 32 9
772 130 2
774 8 13
774 936 3
775 48 5
776 101 5
776 155 2
776 586 27
776 697 2
777 6 2
777 200 15
777 554 27
777 641 2
778 330 2
778 707 4953
780 14 2
780 16 1397
780 193 3
780 552 54
780 707 5
780 901 5
781 222 4
782 226 2
782 405 2
784 1 38
784 514 2
784 549 2
784 569 2
784 604 23
784 841 2
785 45 2
785 257 8
786 142 7
786 521 3
786 576 2
786 914 438
787 199 2
788 25 2
788 332 7
792 540 8
792 594 32
793 52 2
793 498 11
793 628 2
795 422 5
798 776 4
799 433 5
800 9 4
800 45 9
800 73 3
800 97 2
800 133 4
800 824 3
801 34 3
801 312 8
801 642 4
802 660 2
802 769 7
803 512 15
804 337 2
804 433 3
805 387 4
805 781 8
806 43 38
806 134 8757
806 326 3
806 480 52
808 302 24
808 526 253
808 777 14
808 945 7
810 17 12
810 394 3
810 416 5
812 778 10
814 161 4
814 523 10
814 905 2
816 18 5
816 24 2
817 784 3
818 253 19
819 69 5
819 538 2
821 236 4
822 211 2
824 392 2
824 609 65
824 978 2
828 592 2
830 356 23
832 21 17
832 30 12
832 43 2
832 281 2
832 427 14
832 518 9
832 548 13
833 147 41
833 999 2
834 0 2
834 32 2
834 104 13
834 148 2
834 912 6
835 264 11
835 392 2
836 86 12
836 388 2
836 485 13
838 785 3
839 21 3
840 96 34
840 545 183
840 800 9
841 32 3
841 370 2
842 132 2
842 200 2
844 584 2
845 624 2
848 188 3
848 313 2
848 391 3
848 899 2
849 792 6
850 308 3
850 776 21
852 2 7
852 72 38
852 824 2
856 256 2
856 866 904
857 42 10
862 130 2
864 786 9
866 260 12
867 998 43
868 332 241
870 6 2
870 68 5
871 264 2
872 32 16
872 50 42
872 165 8
873 9 2
874 360 2
875 164 368
882 42 2
882 591 9
882 778 2
884 802 24
885 601 2
894 392 20
896 330 5
896 868 14
897 39 3
897 115 11
897 523 2
897 1002 2
898 336 2
898 699 2
899 537 8
900 4 5
900 162 11
900 313 11
902 131 2
902 420 2
903 339 20
904 112 12
904 231 2
904 552 6
904 888 114
904 929 2
905 12 2
905 248 12
905 540 5
905 572 3
906 137 2
906 194 2
906 210 2
907 276 2
910 614 2
911 5 3
911 10 2
911 896 11
912 85 2
912 129 2
914 216 2
914 968 2
916 777 3
917 560 3
917 912 3
918 0 5
920 200 2
921 272 12
921 320 4
922 8 2
922 784 2
924 33 2151
924 196 3
927 190 5
928 384 13
928 516 2
928 518 2
929 10 10
929 316 9
930 547 2
930 720 58
931 230 2
931 657 5
932 274 6
932 783 2
933 657 2
938 261 3
938 316 2
938 552 9
940 512 3
941 771 5
944 165 2
944 756 46
947 568 978
948 9 3
951 818 5
952 37 2
953 905 2
954 22 2
956 846 6
958 844 17
961 131 2
961 291 2
961 472 2
961 481 3
963 130 7
965 937 2
966 29 5
966 192 2
966 197 2
966 555 2
968 51 3
968 352 2
968 360 8
969 313 2
969 769 15
970 180 2
971 566 6
975 205 2
976 321 3
976 779 4
977 34 9
977 549 2
984 324 2
984 483 3
986 772 8
988 366 5
990 35 56
996 36 2
996 836 2
998 127 66
998 179 2
1000 260 18
1001 286 2
1002 652 2
1002 912 15
1003 684 2
1004 129 2
1011 36 4
1013 316 2
1020 371 9
1020 385 2
1021 643 8
