0 4 3
0 8 1147
0 9 2
0 17 20
0 18 13
0 47 2
0 112 2
0 135 2
0 150 361
0 166 6
0 215 136
0 256 21
0 259 2
0 265 3
0 274 5
0 321 3
0 352 50
0 415 4
0 552 2
0 646 11
0 670 9
0 674 2
0 679 14
0 843 15
0 917 5
1 15 2
1 82 3
1 135 10
1 292 2
1 481 19
1 565 4
1 644 4
1 705 17
1 768 2
1 825 5
1 920 1254
2 0 2
2 3 2
2 8 2
2 132 3
2 167 16
2 523 11
2 826 4
3 24 2
3 131 3
3 272 15
3 277 24
3 530 69
3 592 9
4 0 9
4 4 13
4 15 5
4 24 6
4 50 2
4 60 2
4 64 2
4 293 2
4 368 3
4 576 3
4 683 12
4 774 2
5 18 26
5 216 6
5 584 2
5 887 2
6 3 98
6 148 3
6 259 2
6 267 2
6 268 2
6 466 3
6 512 6
6 798 2
6 1002 2
7 81 5
7 110 4
7 237 16
7 715 11
8 1 2
8 2 2
8 19 2
8 42 7
8 202 58
8 272 2
8 273 2
8 386 20
8 393 2
8 486 2
8 552 15005
8 642 2
8 735 2
8 902 2
9 39 2
9 43 12
9 416 2
9 526 2
9 572 3
9 823 16
9 907 4
10 75 9
10 84 5
10 176 2
10 208 26
10 518 7232
10 523 26
10 599 4
10 680 2
10 778 2
11 204 2
11 586 2
11 752 7
12 0 10
12 55 32
12 65 2173
12 116 3
12 128 2
12 269 2
12 366 2
12 781 11
13 66 3
13 192 2
13 224 3
13 320 2
13 780 7
14 127 3
14 152 2
14 210 2
14 321 3
14 376 2
14 616 2
15 352 5
15 485 3
15 659 9
15 854 5
16 9 4
16 24 2
16 64 3
16 198 2
16 643 4
16 806 14
17 129 2
17 258 9
18 51 2
18 203 11122
18 215 5
18 290 4
18 641 18
18 645 4
19 7 2
19 24 2
19 657 6
19 709 16
20 1 2
20 10 16
20 28 97
20 36 2
20 69 9
20 176 8
20 194 4
20 323 3
21 116 5
21 258 2
21 308 2
22 68 2
22 107 2
22 133 2
22 320 3
22 565 12
23 770 8
23 886 29
24 9 15
24 533 9
24 781 4
24 786 11
24 848 2
24 944 545
26 20 3
26 22 2
26 109 2
26 801 13
27 130 2
27 547 2
28 42 2
28 72 3
28 146 96
28 647 2
29 1 2
29 327 2
29 532 22
29 809 2
30 21 9
30 52 2
30 129 12
30 588 2
31 77 2
31 561 15
32 72 2
32 204 2
32 211 4
32 219 2
32 276 4
32 388 3
32 514 68
32 612 113
32 641 2
32 803 76
32 848 196
33 2 12
33 3 4
33 26 8
33 31 169
33 277 12
33 320 2
33 544 8847
33 785 4
33 898 2
33 945 154
34 144 2
34 292 8
34 324 2
34 561 2
34 663 9
34 720 237
35 65 3
35 266 4
35 689 33
36 12 2
36 34 2
36 48 13
36 266 7
36 288 14
36 448 92
36 555 8
36 858 12
37 2 5
37 13 17
37 364 4
37 520 3
37 594 2
37 640 6
37 673 2
38 1 188
38 180 9
38 544 48
39 3 15
39 520 2
40 39 4
40 65 6
40 256 2
40 512 80
40 528 8
40 605 2
40 645 7
40 756 884
40 761 7
40 840 26
40 980 19
41 96 5
41 321 2
41 513 2
41 987 2
42 42 2
42 140 4
42 411 2
42 778 1246
42 839 10
43 1 2
44 47 2
44 430 2
44 524 2
44 794 2
45 23 7
45 50 14
45 266 2
45 615 48
45 808 2
45 844 35
46 57 963
47 80 2
47 1022 22
48 67 7
48 176 21
48 193 6
48 198 16
48 226 14
48 646 6
48 708 12
48 789 4
48 932 8
49 17 11
49 313 31
50 113 12
51 70 2
51 377 4
51 516 2
52 46 2
52 188 2
52 256 3
52 285 25
52 390 2
53 146 3
54 112 14
54 718 26
55 278 294
56 89 3
56 472 2
56 544 2
57 5 2
57 33 2
57 128 3
57 448 2
58 113 2
59 58 15
59 292 14
59 453 4
59 583 11
60 5 19
60 33 11
60 948 14
61 644 14
61 648 6
62 521 2
62 612 2
64 1 3
64 26 4
64 41 2
64 194 4
64 203 2
64 370 5
64 481 4
64 514 189079
64 780 2
65 25 11
65 61 36
65 96 3
65 104 3
65 118 11
65 218 3
65 241 2
65 515 3
65 571 6
66 140 2
66 545 57
67 16 4
67 20 2
67 73 2
67 453 2
67 482 16
68 153 5
68 284 40
68 576 6
69 138 3
69 572 3
69 768 5
70 109 2
70 212 18
70 431 28
70 608 2
70 646 28
70 648 15
70 672 29
71 1 9
71 264 4
71 409 8
71 700 2
72 8 2
72 37 2
72 65 5
72 280 4
72 437 9
72 961 5
73 640 26
73 999 25
74 512 2
74 548 8
74 600 8
74 768 13
74 1012 3
75 259 2
75 576 40
76 84 2
76 262 2
76 586 19
76 855 17
77 256 2
77 267 11
77 450 2
77 456 5
78 288 2
78 517 15
78 784 16
78 919 595
79 165 2
79 386 2
80 0 2
80 51 32
80 132 9
80 211 3
80 528 31
80 677 16
80 920 2
81 807 11
81 852 4
82 283 3
83 115 8
83 124 2
83 304 31
83 617 7
83 784 2
84 64 6
84 74 955
84 216 2
85 65 2
87 353 2
87 462 2
88 782 2
89 2 24
89 76 7
90 274 203
90 843 6
90 977 2
90 988 2
91 652 3
91 951 2
92 38 2
92 91 2
93 49 2
93 134 41
93 669 2
94 869 2
94 954 4
95 20 2
95 34 15
96 80 808
96 103 2
96 208 2
96 220 2
96 276 2
96 321 15
96 356 11
96 547 4
96 820 2
97 48 12
97 130 4
97 144 55
97 195 5
97 286 5
97 473 4
97 525 248
98 14 5
98 352 15164
98 401 11
98 671 22
98 928 3549
99 117 2
99 134 4
99 249 2
100 294 18
100 768 17
100 901 11
101 70 66
101 124 4
101 161 41
101 169 2
101 392 2
101 599 6
102 6 4
102 78 4
102 166 3
102 264 22
103 704 4
104 26 2
104 28 440
104 64 43
104 132 19
104 313 6
104 512 74
104 673 384
105 3 44
105 779 2
106 516 7
106 652 3
107 3 4
107 129 10
108 133 2
108 514 13
108 825 48
111 12 2
112 0 2
112 28 33
112 84 34
112 107 3
112 165 16
112 776 2
114 68 4
114 416 2
114 452 60369
114 497 6
114 872 5
116 33 13
117 106 7
117 803 2
118 565 174
119 446 28
119 836 2
120 0 65
120 76 13
121 536 271
122 24 12
122 294 25
123 600 1258
124 304 2
124 348 19
125 268 2
128 1 3
128 10 2
128 58 8
128 200 22
128 208 12
128 320 145
128 362 94
128 376 3
128 433 25
128 628 2
128 770 4
128 806 2
129 0 2
129 10 20
129 37 9
129 39 2
129 88 3
129 584 3
129 707 2
130 78 4
130 272 70
130 273 2
130 368 2
130 520 73
130 528 2
130 532 2
130 540 2
130 675 2
130 772 6
132 6 2
132 17 5
132 94 13
132 372 6
132 516 3
132 713 2
132 916 2
132 957 11
133 23 8
133 138 2
133 614 8
134 67 2
134 208 2
134 224 2
134 377 5
134 390 2
134 516 2
135 258 3
136 21 2
136 39 2
136 81 42567241
136 160 2
136 482 7
136 610 4
136 657 411
136 684 10
136 831 2
137 148 4
137 256 5
137 259 6
137 325 2
137 678 68
137 778 2
138 415 8
138 590 2
138 902 2865
139 865 2
140 72 2
140 135 3
140 143 2
140 464 3
140 724 2
140 776 4
141 2 2
141 521 16
142 641 3
143 116 4
143 187 4
143 286 2
143 642 22
144 18 25
144 68 2
144 248 49
144 257 2
144 433 5
144 520 13
144 800 119
145 1 2
145 2 16
145 67 11
145 94 9
145 184 5
145 216 2
145 273 154
145 513 2
145 576 5
146 69 12
146 146 5
146 396 3
147 522 2
148 1 9
148 130 4
148 139 33
148 146 4
148 278 2
148 464 491
148 912 3
149 633 2
150 141 2
150 160 5
150 656 5
151 102 19
151 132 11
151 207 5
151 250 134
153 26 4
153 151 2
153 171 2
153 592 20
153 961 2
156 54 46
156 814 2
159 526 16
160 34 26
160 144 11
160 801 2
161 21 6
161 40 2
161 326 12
161 376 2
161 524 4
161 576 9
161 717 3
161 898 18
162 160 2
163 227 2
163 361 3
163 601 10
164 34 10
164 38 20
164 87 2
164 217 26
164 264 8
164 280 147
164 329 84
164 481 2
164 646 2
165 141 2
167 104 16
167 456 5
167 712 2
168 8 2
168 67 4
168 68 2
168 98 2
168 480 3
169 25 4
169 351 6
171 144 2
171 810 15
172 8 2
172 32 2
172 569 2
172 664 2
173 261 2
174 493 2
174 582 4
175 863 4
176 32 26
176 137 7
176 270 6
176 824 7
176 864 4
176 916 2
176 932 24
177 128 2
177 280 2
177 560 73
177 611 2
177 744 10
178 100 36
178 580 4
178 797 18
179 429 13
180 152 8
180 600 2
181 97 2
181 331 2
181 964 6
182 300 9
182 672 2
182 728 2
184 141 17
184 161 12
184 664 35
185 42 8
186 272 20
186 582 12
187 800 12
188 199 8
192 43 9
192 52 3
192 72 19
192 388 34
192 392 2
192 536 2
192 713 2
192 898 8
192 904 3
192 999 2
193 120 2
193 131 4
193 162 46
193 375 34
193 422 2
193 718 7
193 775 144
194 321 12
194 592 6
194 677 2
196 286 23
196 377 4
197 61 3756
197 100 93
197 297 13
197 611 7
197 769 10
198 3 43
200 146 2
200 445 6
200 577 5
200 924 2
201 98 2
201 140 6
202 11 2
203 654 2
204 6 2
204 520 20
205 457 11
206 80 2
208 12 9
208 88 3
208 534 9
209 513 9
209 564 2
210 1 5
210 882 3
211 4 2
212 34 41
212 262 3
212 285 21
212 673 2
213 64 120
214 369 32
214 585 4
216 66 11
216 138 7
219 389 327
220 176 26
220 658 11
222 532 7
222 852 2
225 257 2
225 316 2
225 948 8
226 35 3
226 157 5
227 336 22
227 592 2
228 32 2
228 294 8
230 9 3
231 261 7
231 290 2
232 5 3
232 80 867
232 130 2
232 480 12
233 212 2
233 912 2
233 973 2
234 917 2
235 645 4
238 620 14
238 642 3
239 370 30
239 560 2
240 66 9
240 799 2
240 914 2
241 245 3
244 33 2
244 356 4
244 932 9
245 705 3
246 64 2
247 626 2
248 0 14
248 557 2
248 902 12
250 46 84
253 636 3
256 1 26
256 4 2
256 5 2
256 68 5
256 69 2
256 97 55
256 160 2
256 212 4
256 243 4
256 262 10
256 312 2
256 344 10
256 416 2
256 512 13
256 522 116
256 616 2
256 705 4
256 804 775
256 904 7
256 963 6
256 992 3
257 156 2
257 268 6
257 272 5
257 806 2
257 912 72
257 920 7
257 945 4
258 24 222
258 34 9
258 36 2
258 138 9
258 265 12
258 810 2
258 880 4
259 7 9
259 100 2
259 165 6
259 226 8
259 268 28
259 327 4
259 532 7
260 131 8
260 256 30
260 522 23
260 545 3
260 678 2
260 978 3
261 8 1055
261 67 2
261 72 105
261 356 2
261 672 4
261 995 530
262 32 2
262 134 2
262 193 68
262 256 16
262 906 4
262 1013 11
264 1 13
264 296 7
264 320 5
264 568 2564
265 264 2
265 339 2
265 632 138
266 11 2
266 56 2
266 242 3
266 326 2
266 504 9
267 523 25
267 581 3
268 12 3
268 34 15
268 177 11
268 192 46
268 512 15
268 524 46002
268 577 87
269 640 74
270 73 2
270 532 2
272 41 8
272 162 2
272 208 3
272 225 26
272 280 2
272 378 2
272 520 2
272 554 13
272 640 2
272 684 2
272 899 8
273 47 8
273 581 2
273 693 2
273 809 3
273 903 33
274 98 169
274 334 2
275 4 2
275 16 3
275 116 3
275 133 15
275 401 2
275 485 8
276 288 2
276 392 20
276 394 2
276 538 5
276 628 2
276 661 350
277 8 15
277 27 195
277 128 2
278 258 24
279 18 32
279 901 12
280 36 2
280 82 4
280 600 5
280 674 2
282 136 12
282 576 2
282 717 17
282 787 2
284 835 2
285 104 2
286 624 2
286 832 3
287 448 12
287 802 2
288 50 2
288 132 15
288 224 3
288 292 2
288 341 25
288 545 2
289 156 40
289 468 2
289 648 3
289 753 5
289 788 25
290 0 5
290 258 47
290 328 2
290 388 3
291 32 9
291 768 2
291 967 3
292 7 3
292 19 30
292 134 3
292 162 2
292 524 3
292 593 2
293 256 111
293 960 4
294 864 2
296 57 2
296 84 2
296 231 146326
296 260 4
296 288 15
296 409 2
296 516 2
297 389 4
297 544 2
297 742 2
298 75 2
298 800 2
299 78 2
299 291 10
300 140 3
301 274 2
301 777 2
303 292 23
304 6 1172
304 8 6
304 42 6
304 63 2
304 106 263117
304 212 2
304 258 5
304 292 2
305 11 22
305 34 2
305 576 3
306 918 2
308 21 13
308 583 13
308 692 3
308 832 2
308 848 6
309 774 2
310 44 2
310 936 55
314 109 12
314 376 6
315 739 6
316 452 2
318 914 2
320 29 6
320 315 2
320 428 3
320 468 17
320 641 14
320 720 2
321 4 79
321 337 191
321 768 2
321 834 2
322 0 5
322 80 3
322 196 2
322 272 2
322 416 2
322 899 2
322 902 6
323 360 5
323 515 2
324 16 2
324 106 2
324 167 2
324 179 809
324 200 2
324 513 2
324 530 70
325 74 2
325 145 2
325 614 169
325 720 2
326 11 2
326 116 2
326 280 4
326 443 2
327 675 31
327 698 969
328 853 2
329 258 6
329 836 9
330 204 3
332 456 6
332 643 2
334 265 3
334 288 2
335 83 3
335 391 2
336 18 22
336 632 838
337 352 6
337 768 2
337 833 2
338 33 3
338 160 2
338 169 4
339 42 4
340 0 2
340 106 2
340 704 2
340 763 18
341 576 2
342 15 2
342 272 2
342 536 4
343 475 2
344 188 4
344 676 2
345 32 7174
345 728 2
346 11 12
347 11 2
347 149 2
347 313 15
348 128 2
349 12 17
352 409 6
352 419 2
352 514 18
352 680 32
352 860 2
353 389 8
353 684 2
354 25 2
354 30 2
354 288 25
354 836 5
354 969 10
355 134 2
355 634 66
356 800 20
357 433 3
357 641 7
358 168 16
358 197 17
360 514 5
360 555 2
360 732 221
360 784 19
361 316 2
362 34 104
363 162 3
363 424 6
364 740 5
366 657 2485
368 49 2
368 738 3
368 925 7
371 112 3
371 705 2
372 352 4
375 77 4
376 193 8
379 333 2
380 339 2
384 156 3
384 168 93
384 312 2
384 332 4
384 423 5
384 481 22
384 571 7
384 597 2
384 692 3
384 841 31
384 962 6
385 75 11
385 213 22
385 513 2
385 563 12
386 64 2
386 73 8
386 158 2
386 206 2
386 275 2
386 681 4450
386 846 5
386 849 2
386 912 40
387 297 125
387 545 2
387 1016 13
388 332 3
389 596 71
391 8 25
391 461 4
391 800 12
392 38 10
392 336 12
393 461 2
394 80 2
394 211 2
394 590 2
395 4 9
395 558 3
396 6 236
396 454 6
396 536 17
396 546 349
396 777 2
396 960 19
397 132 38
397 305 32
398 943 4
400 10 5
400 21 2
400 144 2
400 712 2
401 16 2
401 58 25
401 277 6
401 284 36
401 673 2
401 932 3
402 68 5
402 80 2
403 20 3
403 98 252
404 209 32
404 298 2
405 160 2
406 677 121
406 928 13007
407 591 2
408 66 4
408 576 184
409 105 15
409 417 2
409 888 2
411 20 2
412 6 2
413 640 2
414 932 23
415 101 2
416 52 2
416 279 17
416 292 2
416 531 4
416 832 2
417 577 9
418 16 4
419 7 152
419 62 8
419 844 4
420 288 533
420 424 9
420 538 22
420 545 11
421 400 308
422 736 7
423 651 8
424 481 2
425 161 21
425 261 2
425 776 11
426 644 274
427 580 7
428 32 2
428 194 2
428 620 2
428 880 127
430 8 2
430 68 2
430 203 15
433 24 11
433 197 5
434 734 3
436 597 2
436 641 2
437 2 2
441 21 8
442 146 11
444 769 2
444 801 18
448 92 2
448 513 4
448 655 2
452 48 413
452 136 85
452 205 2
452 488 7
452 512 2
452 513 2
453 368 3
454 437 2
454 634 2540
454 782 2
456 105 25
456 376 35
456 774 2
458 101 10
458 743 29
460 462 7
460 566 42
461 625 2
461 901 6
462 516 11
462 641 2
463 916 2
464 265 3
464 928 2
465 531 598
466 58 8
467 211 28
467 300 15
469 425 18
472 226 14
472 256 3
472 801 2
473 6 2
473 600 4
476 775 3
480 0 2
480 731 2
480 928 2
481 288 2
481 416 22
482 64 12
482 208 3
482 285 6
483 276 21
483 555 5
484 841 4
485 134 2
488 3 2
488 269 2
488 334 2
488 565 5
489 64 101
491 112 4
501 519 4
505 332 13
506 706 3
512 1 19
512 5 27
512 36 3
512 52 11
512 65 5
512 96 3
512 153 2
512 266 21
512 420 7
512 438 5
512 514 2
512 522 6
512 685 2
512 936 2
513 5 2
513 42 2
513 47 25
513 65 4
513 100 2
513 315 2
513 340 20
513 548 12
513 640 10
514 11 35
514 36 2
514 160 32
514 401 9
514 452 5436
514 522 2
514 572 2
514 780 8
515 93 2
515 157 10
515 273 6
515 598 2
516 33 8
516 69 14
516 72 2
516 169 8
516 357 2
516 442 2
516 582 2
516 605 2
516 779 38
516 785 7
517 3 2
517 8 2
517 132 9
517 177 11
517 233 10
517 281 12
517 525 8
517 672 2
517 676 5
517 768 7
518 0 5
518 41 2
518 66 1947
519 517 3
519 944 18
520 164 3
520 296 4
520 328 2
520 436 2
520 812 12
520 896 12
521 81 2
521 131 22
521 229 2
521 450 4
521 554 2
521 560 2
522 1 7
522 121 15
522 234 8
522 549 11
522 652 10
523 650 2
524 159 2
524 173 2
524 520 4
525 134 2
525 820 8
526 776 7
527 36 3
527 713 2
528 10 13
528 33 2
528 97 21
528 171 54
528 344 2
528 406 4
528 512 12
528 580 3
528 582 15
528 611 15
528 720 36
528 801 18480
529 16 10
529 148 13
529 260 256
529 423 3
529 517 6
529 520 2
529 737 40
529 836 5
530 86 2
530 132 5
530 278 6
530 325 2
530 522 4
530 696 5
532 11 2
532 134 2
532 292 16
532 853 1842
533 37 8
533 787 2
534 6 2
534 928 2
534 932 2
535 10 2
536 10 3
536 244 88
536 412 3
536 687 2
536 902 3
537 99 7
537 138 43
537 257 2
538 74 11
538 84 12
538 820 3
540 256 4
540 481 2
541 344 49
541 793 2
544 6 5
544 21 6
544 24 2
544 151 6
544 160 7
544 401 2
544 416 12
544 429 2
544 536 2
544 542 8
544 551 10
544 718 2
545 209 5
545 226 18
545 743 29
545 914 2
546 2 2
546 4 2
546 612 7
546 650 56
546 758 13
546 900 6
547 265 2
547 427 4
548 141 4
548 169 3
548 577 2
548 586 4
549 68 2
549 97 8
549 146 2
549 530 6
549 647 2
550 36 6
550 649 3
550 800 2
551 4 2
551 40 2
551 89 19
552 640 2
552 932 8
553 36 4
553 933 2
554 4 15
554 296 17
556 409 2
557 6 7
557 15 6
557 370 14
557 400 9
557 512 2
557 557 2
557 770 17
559 557 21
560 96 16
560 104 216
560 168 2
560 354 2
561 10 2
561 444 2
561 521 218
561 786 2
562 162 20
562 977 2
562 992 123
563 20 8
563 410 2
564 28 8
564 659 4
566 44 4
569 385 31
569 522 5
571 100 6
571 457 29
572 36 2
572 64 37
572 257 2
572 370 2
573 797 2
573 886 8
574 18 2
574 533 8
574 696 2
576 5 4
576 48 276
576 76 3
576 133 5
576 172 2
576 193 11
576 325 2
576 371 2
576 525 16
577 72 14
577 292 5
577 577 6
577 661 5
577 997 8
578 26 66
578 96 23
578 120 15
578 136 31
578 572 25
579 80 2
579 136 93
579 621 3
579 789 16
580 64 2
580 507 10874
580 528 2
582 633 4
583 129 4
584 833 40
585 208 2
585 217 2
585 354 13137
585 389 2
586 64 22
586 530 4
586 658 12
587 608 73
588 784 7
590 276 6
590 300 23
590 520 2
590 788 544
591 147 4
592 4 2
592 148 2
592 322 12
592 528 2
592 566 7
592 585 3
592 856 2
593 429 2
595 58 31
595 557 2
596 11 2
596 33 2
596 154 7
596 385 7
599 92 2
599 176 14
600 562 3
600 573 20
600 575 2
601 335 3
601 431 2
602 480 3402
604 913 2
605 80 20
606 281 2
607 288 4
607 393 2
608 176 51
608 185 433
608 522 3
608 576 5
609 28 2
609 210 2
609 225 4
609 526 25
609 768 12
610 24 2
611 125 2
612 170 3
612 534 161
613 840 7
614 265 2
614 936 2
616 81 3
616 450 2
616 806 18
617 374 5
618 70 8
618 1004 5
619 76 2
619 231 6
621 293 10
623 1000 37
625 5 2
625 261 7
625 530 3
626 8 30
626 104 2
626 114 2
626 528 7
627 3 2
627 418 25
627 769 2
627 977 2
628 76 12
629 446 3
629 528 21
631 24 2
632 18 2
633 812 7
637 73 2
638 161 2
640 4 3
640 6 8
640 16 2
640 181 6
640 246 3
640 258 8
640 369 2
640 421 28
640 467 2
640 525 2
640 584 2
640 659 4
640 732 16
640 938 2
640 952 1449
642 512 2
642 562 9
642 724 2
643 73 2
643 775 2
644 48 6
644 387 9
644 660 16
644 756 16
644 769 2
645 4 2
645 25 5
645 548 4
645 963 4
646 289 5
646 388 5
648 76 49
648 98 4
648 369 2
648 512 7
648 769 3
649 4 31
650 953 112
651 290 2
652 594 2
654 565 2
655 384 2
656 3 2
656 259 11
656 278 2
656 370 2
656 833 19
657 79 35
657 201 10
658 26 16
658 226 37
658 640 5
660 36 5
660 52 2
660 85 46
660 648 13
661 244 5
661 608 8
664 205 2
664 781 7
665 260 2
666 66 2
668 163 2
668 464 2
668 749 2
670 515 2
672 1 34
672 64 4
672 129 2
672 514 3625
672 608 2
672 717 5
673 104 2
674 259 5
674 401 229
674 672 2
675 257 5
677 121 2
677 641 184
678 237 2
679 556 37
680 20 5
680 39 4
680 105 7
680 450 31
680 540 543
681 6 2
681 33 2
682 14 6
682 156 280
684 1008 7
686 426 4
686 593 4
688 385 235
689 80 6
690 110 2
691 12 2
692 260 2
692 914 4
693 397 2
693 522 2
694 6 5
694 768 11
694 931 11
694 976 2
695 517 2
695 585 3
696 885 10
697 710 7
700 18 2
700 864 2
701 34 2
701 941 8
704 34 3
704 76 6
704 135 2
704 292 8
704 370 4
704 514 8
705 596 5
705 854 2
706 17 2
706 161 13
706 460 8
706 732 3
708 108 24
709 325 8
709 354 6
709 843 4
710 2 4
712 35 8
712 141 16
712 294 2183
712 862 7
713 593 2
713 837 8
716 98 3
716 339 12
716 649 2
716 842 150
720 7 2
720 144 2
720 803 2
721 0 4
721 170 8
721 323 7
721 584 2
722 82 22
722 100 3
722 104 36
722 146 2
722 393 67
722 398 3
722 464 20
723 142 4
724 20 13
724 596 146
725 65 2
728 227 3451
728 350 2
728 712 2
729 578 2
730 332 24
732 834 3
737 25 11
737 64 5
737 288 2
737 610 2
738 970 2
740 778 12
740 801 2
741 45 2
741 260 17
742 97 2
743 787 9
744 124 14
744 280 2
744 762 9
745 63 4
746 386 2
746 536 1340
752 261 6
752 494 824
752 786 2
754 32 274
759 130 10
760 40 35
760 300 17
761 435 2
763 668 2
765 513 10
768 68 2
768 226 2
768 326 10
768 502 17
768 608 20
768 666 604
768 736 2
768 738 22
768 926 20885
769 34 2
769 277 2
769 350 11829
769 640 5
769 773 2
770 67 2
770 211 5
770 256 4
770 515 2
770 663 9
771 793 2
771 800 779
772 0 20
772 32 7
772 130 2
774 8 8
774 936 8
775 48 16
776 101 2
776 155 3
776 586 7
776 697 4
777 6 2
777 200 2
777 554 4
777 641 2
778 330 3
778 707 2
780 14 3
780 16 2
780 193 3
780 552 2
780 707 2
780 901 2
781 222 10
782 226 114
782 405 22
784 1 3
784 514 2
784 549 42
784 569 2
784 604 5
784 841 2
785 45 6
785 257 2
786 142 11
786 521 5
786 576 2
786 914 546
787 199 2
788 25 13
788 332 6
792 540 13
792 594 2
793 52 4
793 498 9
793 628 3
795 422 2
798 776 6
799 433 7
800 9 2
800 45 8
800 73 3
800 97 3
800 133 22
800 824 2
801 34 2
801 312 7
801 642 2
802 660 2
802 769 6
803 512 2
804 337 2
804 433 98
805 387 3
805 781 24
806 43 9
806 134 2
806 326 48
806 480 3
808 302 5
808 526 7
808 777 22
808 945 15
810 17 2
810 394 14
810 416 4
812 778 2
814 161 8
814 523 13
814 905 5
816 18 2
816 24 2
817 784 6
818 253 2
819 69 14
819 538 2
821 236 9
822 211 2
824 392 28
824 609 2
824 978 6
828 592 2
830 356 11
832 21 6
832 30 2
832 43 12
832 281 2
832 427 4
832 518 13
832 548 6
833 147 2
833 999 8
834 0 2
834 32 4
834 104 3
834 148 2
834 912 6
835 264 21
835 392 3
836 86 2
836 388 4
836 485 7
838 785 2
839 21 4
840 96 2
840 545 2
840 800 2
841 32 8
841 370 2
842 132 3
842 200 22
844 584 2
845 624 24
848 188 3
848 313 751
848 391 2
848 899 20
849 792 8
850 308 94
850 776 11
852 2 2
852 72 2
852 824 352
856 256 2
856 866 2
857 42 10
862 130 6
864 786 10
866 260 39
867 998 2
868 332 74
870 6 6
870 68 2
871 264 12
872 32 44
872 50 2
872 165 2
873 9 2
874 360 2
875 164 2
882 42 27
882 591 10
882 778 2
884 802 21
885 601 2
894 392 3
896 330 2
896 868 4
897 39 19
897 115 8
897 523 2
897 1002 2
898 336 3
898 699 16
899 537 3
900 4 2
900 162 14
900 313 8
902 131 21
902 420 17
903 339 5
904 112 21
904 231 10
904 552 9
904 888 18
904 929 2
905 12 1388
905 248 7
905 540 45
905 572 30
906 137 2
906 194 40
906 210 2
907 276 2
910 614 2
911 5 2
911 10 3
911 896 14
912 85 3
912 129 7
914 216 2
914 968 40
916 777 3
917 560 17
917 912 4
918 0 3
920 200 12
921 272 25
921 320 10
922 8 2
922 784 69
924 33 2
924 196 63
927 190 5
928 384 12
928 516 2
928 518 2
929 10 3
929 316 9
930 547 3
930 720 285
931 230 4
931 657 5
932 274 3
932 783 2
933 657 2
938 261 2
938 316 7
938 552 20
940 512 2
941 771 14
944 165 2
944 756 2
947 568 57
948 9 5
951 818 2
952 37 31
953 905 3
954 22 2
956 846 6
958 844 3
961 131 2
961 291 3
961 472 4
961 481 2
963 130 3
965 937 2
966 29 5
966 192 9
966 197 71
966 555 2
968 51 2
968 352 3
968 360 5
969 313 3
969 769 30
970 180 9
971 566 14
975 205 5
976 321 257
976 779 6
977 34 5
977 549 2
984 324 3
984 483 20
986 772 3
988 366 3
990 35 2
996 36 5
996 836 278
998 127 21
998 179 4
1000 260 3
1001 286 2
1002 652 20
1002 912 8
1003 684 2
1004 129 167
1011 36 26
1013 316 2
1020 371 14
1020 385 2
1021 643 8
