0 4 3
0 9 2
0 17 2
0 18 3
0 47 2
0 112 4
0 166 28263
0 215 5
0 256 3
0 259 23
0 265 2
0 274 4
0 321 12
0 415 3
0 552 12
0 646 2
0 670 6
0 674 2
0 679 2
0 843 6
0 917 2
0 936 8
1 7 2
1 15 2
1 30 2
1 70 7
1 82 2
1 135 15
1 292 2
1 481 4
1 535 16
1 565 130
1 644 3
1 705 2
1 768 2
1 825 13
1 920 19950
2 0 3
2 8 4
2 48 344
2 132 2
2 167 10
2 260 18
2 267 2
2 328 2
2 523 2
2 826 7
3 24 7
3 131 5
3 272 2
3 277 8
3 530 4
3 592 2
3 652 2
3 817 2
4 0 1578
4 4 19
4 15 2
4 50 15
4 60 5
4 248 2
4 293 22
4 368 15458
4 576 2
4 683 44
4 803 2
4 808 160
5 216 2
5 584 2
5 887 21
6 3 34
6 148 2
6 212 2
6 259 2
6 267 4
6 268 2
6 512 68
6 798 3
6 1002 15
7 110 6
7 715 4505
8 1 18
8 2 4
8 19 2
8 32 2
8 42 2
8 58 8
8 202 2
8 272 8
8 386 14
8 393 2
8 486 616
8 642 4
8 656 4
8 735 2
8 850 3
8 902 2
9 39 32
9 43 2
9 416 7
9 526 2
9 572 2
9 823 18
9 907 2
10 13 2
10 40 4
10 75 2
10 160 2
10 176 2
10 208 4
10 523 6
10 584 2
10 680 2
10 778 13
11 204 95
11 586 5
11 779 2
12 0 6
12 24 2
12 55 28440
12 65 2
12 116 4
12 128 43
12 269 2
12 366 5
12 634 16
12 781 3
13 66 2
13 192 14
13 224 2
13 320 10
13 780 3
14 127 2
14 210 24
14 321 2
14 376 2
14 616 12
15 352 14
15 485 7
15 659 4
15 854 11
16 9 2
16 24 2
16 64 2
16 132 26
16 148 11
16 198 2
16 516 6
16 643 4
16 806 10
17 48 2
17 258 71
18 51 16
18 203 11
18 215 2
18 290 6
18 641 2
18 645 3
19 7 2
19 24 2
19 709 2
20 1 547
20 10 18
20 28 5
20 69 2
20 194 15
20 786 13
21 116 2
21 258 255
21 308 2
22 24 5
22 68 15
22 97 5
22 133 2
22 320 2
22 331 1971
23 328 2
23 770 3
23 886 17
24 9 22
24 781 3
24 786 2
24 848 7
24 944 4
26 20 2
26 109 30
26 801 5454
27 210 2
27 547 4
28 42 2
28 72 7
28 192 2
28 624 2
28 647 1365
29 5 3
29 327 3
29 532 14
29 809 49
30 52 3
30 129 2
30 588 10
31 77 2
31 561 8
32 16 2
32 33 6
32 42 5
32 196 2
32 204 17
32 211 2
32 276 11
32 514 247
32 612 1216
32 641 3
32 721 84
32 759 9
32 803 2
33 3 2
33 26 2
33 64 9
33 277 9
33 320 4
33 544 8
33 898 27
33 945 2
34 144 4
34 292 7
34 324 2
34 561 31
34 663 2
34 720 6
34 800 3
35 65 2
35 266 4
35 551 2
35 689 11
36 12 77
36 34 3
36 48 2
36 257 2
36 266 13
36 288 799
36 320 2
36 448 3
36 555 2
36 705 465654
36 858 12
37 13 2
37 364 4
37 520 2
37 594 2
37 640 3
38 180 2
38 204 3
38 544 2
39 3 26
39 48 4
39 982 5
40 9 9
40 20 2
40 39 2
40 65 9
40 256 2
40 512 2
40 528 20
40 605 13
40 672 7
40 756 56
40 761 58
40 840 6
40 980 7
41 96 2
41 276 8
41 513 5
41 987 22
42 42 11
42 140 2
42 329 25
42 411 7
42 778 36
42 839 9
43 1 7
43 546 11
44 10 2
44 12 3
44 47 257
44 430 19
44 524 2
44 794 4
45 23 2
45 50 2
45 74 2
45 808 2
45 844 3
46 57 2
47 80 11
48 67 2
48 168 3
48 176 3
48 193 4
48 226 2
48 646 9
48 789 2
48 843 2
49 17 3
49 310 10
49 516 2
50 9 2
50 113 2
50 528 3
51 70 2
51 377 2
51 516 7
52 46 58
52 188 2
52 256 2
52 285 2
53 245 2
54 718 3
55 278 3
56 89 2
56 267 2
56 560 2
57 5 18830
57 128 2
57 448 2
59 292 6
59 453 11
59 583 3
60 3 3
60 5 9
60 33 20
60 112 6
60 948 2
61 644 181
62 521 10
64 1 2
64 26 6
64 41 19
64 192 9
64 194 27
64 203 2
64 272 6
64 370 2
64 465 2
64 481 17
64 514 2116
64 686 12
64 756 12
64 771 3
64 780 5
64 790 6
65 25 3
65 104 9858
65 118 2
65 218 24
65 241 8
65 421 2
65 515 3
65 614 19
66 140 2
66 545 4
67 2 6
67 73 2
67 453 2
67 840 14
68 153 2
68 226 2
68 284 2
68 322 2
69 138 2
69 276 9
69 466 2
70 212 8
70 431 13
70 646 23
70 648 2
70 672 5
71 1 379
71 409 12
71 700 2
72 37 2
72 65 3
72 280 24
72 437 3
72 533 32
72 961 8
73 39 2
73 640 3
74 512 6
74 600 2
74 768 2
74 1012 3
75 259 151
76 84 12
76 133 7
76 586 10
76 855 2
77 256 4
77 267 16
77 450 2
77 456 122
78 288 8
78 517 9
78 784 9
78 919 2
79 386 12
80 0 4
80 51 5
80 82 130
80 132 37085
80 211 2
80 528 83
80 677 10
81 852 4
82 280 6
83 115 8
83 124 2
83 617 2
83 784 5
84 74 2
85 31 32
85 65 2
86 234 4
86 524 2
87 353 6
87 462 13
87 512 2
87 515 1394
88 330 22
88 782 2
89 2 2
89 4 17
89 76 14
90 20 45
90 274 2
90 988 9
91 154 4
91 652 6
91 951 4040
92 38 4
92 91 6
93 134 2
93 669 3
94 869 24
94 954 13
96 32 2
96 80 994
96 103 149
96 148 119
96 208 2
96 220 2
96 276 4
96 304 40
96 321 2
96 356 2
96 776 48
96 820 2
97 18 5
97 48 13
97 130 5
97 167 5
97 195 6
97 286 8
97 473 2
97 525 20
98 14 146
98 352 12
98 401 27
98 671 14
98 928 2
99 117 11
99 134 2
100 128 2
100 752 23
100 768 68
100 901 2
101 70 5
101 124 2
101 161 16
101 392 187
101 599 2
102 6 21
102 78 9
102 166 4
102 264 9
103 704 10
104 26 2
104 48 3
104 64 2
104 313 2
104 512 2
104 673 2
105 3 164
105 296 2
105 779 2
106 516 25
106 652 14
107 3 30
108 133 9
108 514 2
109 707 5
112 0 18
112 1 22
112 3 6
112 28 2
112 84 8
112 107 3
112 165 2
114 68 2
114 416 4
114 452 8
114 872 2
116 33 2
117 106 2
117 803 2
118 565 2
119 446 9
119 836 13
120 0 2
120 76 4
121 536 4
122 24 2
123 600 3
124 304 3
124 348 2
125 268 2
128 10 8
128 58 47
128 208 3
128 320 3
128 362 23
128 375 2
128 376 4
128 453 5
128 628 2
128 770 142
128 806 3
129 0 2
129 39 4630
129 88 15
129 163 2
129 584 31
129 707 2
130 78 8
130 273 1500
130 368 2
130 520 2
130 528 11
130 532 2
130 540 2
130 675 5
130 772 2
131 581 2
132 17 2
132 94 2
132 137 2
132 516 2034
132 713 33
132 916 3
132 957 2
133 23 11
133 138 2
134 67 31
134 224 4
134 377 50
134 390 4
134 516 2
134 768 5
135 544 25
136 21 3
136 39 2
136 160 6
136 482 3
136 610 2
136 657 10
136 684 2
137 148 2
137 325 5
137 678 20
137 778 9
138 266 9
138 415 20
138 590 2
138 902 2
139 426 6
139 865 2
140 72 2
140 135 2
140 143 2
140 464 8
140 724 23
140 776 3
141 2 36
141 521 182
141 954 3
143 116 2
143 286 248
143 642 2
144 18 2
144 68 2
144 248 4
144 257 10
144 418 3
144 433 2
144 520 2
144 800 3
145 1 2
145 67 2
145 94 2
145 184 2
145 216 2
145 273 2
145 576 2
146 69 17
146 910 2
147 513 28
147 522 328
148 1 2
148 24 46
148 130 2
148 139 3
148 146 5
148 278 6
148 464 2
148 515 2
148 912 20
149 20 2
149 633 2
149 649 18
150 141 2
150 160 31
150 656 19
151 102 4
151 250 14
153 26 831
153 151 5
153 171 2
153 592 3
153 598 3
153 833 4
153 961 5
156 54 10
156 133 7
156 521 8
156 814 5
157 404 4
160 34 2
160 81 2
160 144 4
160 644 7
160 801 10
161 21 5
161 40 3
161 326 2961
161 376 3
161 524 459
161 576 8
161 898 28
162 160 3
162 290 2
162 306 4
163 227 2
163 601 2
164 34 34
164 38 122
164 87 2
164 217 2
164 264 2
164 280 2
164 481 22
164 636 2
164 646 2
165 141 5
165 397 8
166 686 2
167 104 2
167 384 2
167 712 27
168 52 3
168 67 15
168 68 2
168 98 8
168 480 19
169 25 72
169 72 9
169 351 8
169 514 6
171 144 2
172 8 2
172 32 2
172 569 3
172 664 2
173 261 11
174 493 2
174 582 2
175 863 3
176 32 28
176 137 4
176 270 2
176 864 7
177 560 9
177 611 42
178 100 4
178 144 3
178 580 2
178 797 2
179 429 2
180 19 7
180 600 4
180 973 2
181 331 3
181 768 405
181 964 2
182 300 8
182 728 2
184 141 1900
184 161 2
184 664 5
185 5 2
185 42 2
185 391 2
186 582 7
187 800 2259
188 4 27
188 199 10
192 43 3
192 52 144
192 72 13
192 388 2
192 392 181
192 524 18
192 536 10
192 713 2
192 898 3
192 904 12
192 999 7
193 8 3
193 131 3
193 162 3
193 375 5738
193 422 13
193 775 21
194 592 2
196 377 29
197 61 10
197 100 23
197 297 9
197 592 19
197 611 19
197 769 5
200 445 2
200 577 4
200 924 3
201 39 2
201 98 2
201 140 2
202 11 5
203 654 13
204 6 2
204 520 2
205 457 2
206 80 702
206 530 14
208 14 3
208 88 32
209 513 17
209 564 5
210 1 2
210 882 45
211 4 15
212 34 226
212 69 2
212 112 4
212 262 5
212 285 4
214 369 20
214 585 61
216 66 3
216 138 3
216 792 2
217 923 3
219 389 53
220 658 15
222 532 13
222 852 2
225 257 2
225 316 6
225 948 2
226 157 2
227 336 2
227 592 2
227 838 2
228 32 16
228 294 2
230 9 2
231 261 4
231 290 2
232 5 2
232 65 2
232 80 25
232 130 5
232 480 4
233 212 304
233 912 2
234 917 2
235 281 13
235 645 5
238 642 2
239 370 2
239 560 10
240 18 4
240 799 99
240 914 3
241 206 34
241 245 2
244 356 3
244 932 7
245 705 2
246 64 2
248 0 8
248 290 3
248 557 2
248 902 3
250 46 2
253 636 14
256 1 54
256 4 11
256 68 12
256 69 20
256 97 2
256 160 2
256 262 25
256 312 3
256 344 28
256 416 17
256 512 2
256 522 6
256 616 8
256 705 2
256 764 53
256 772 2
256 904 30
256 963 158
256 992 4
257 0 4
257 156 3
257 268 6
257 272 2
257 544 2
257 806 2
257 912 5
257 920 146
257 945 2
258 36 4
258 138 13
258 265 10
258 673 12
258 810 30
258 880 30
259 100 28
259 165 14
259 226 744
259 268 2
259 327 52
260 295 2
260 522 2
260 545 9
260 678 306
260 978 1028
261 67 14
261 356 2
261 672 366
261 995 11
262 32 2
262 134 13
262 193 20
262 256 3
262 906 11
262 1013 2
264 1 3
264 4 5
264 296 2
264 320 8
264 568 6
265 264 14
265 339 2
265 632 231
266 11 2
266 56 16
266 242 2
266 272 7
266 326 15
266 336 2
266 504 4
268 34 2
268 177 3
268 192 2
268 512 2
268 524 17
268 577 36
269 444 2
269 640 16
270 73 6
270 532 2
270 642 2
272 41 1114
272 162 4
272 208 3
272 225 4
272 234 2
272 259 2
272 280 2
272 378 5
272 520 2
272 554 3
272 640 2
272 684 3
272 899 5
273 581 2
273 809 10
274 98 2
274 334 3
275 4 2
275 16 2
275 116 2
275 133 6
275 485 2
275 512 2
276 288 4
276 394 5
276 538 25
276 628 3
276 661 2
277 8 32
277 27 4
277 128 2
277 385 10
278 258 3
279 18 7
279 901 11
280 600 9
281 101 115
282 136 7
282 576 18
282 717 5
282 787 623
283 514 2
284 835 6
285 104 10
286 12 2
286 624 2
286 832 5
287 448 2
288 47 3
288 50 15
288 132 21
288 224 2
288 292 3
288 341 2
288 545 8
288 776 5
289 36 6
289 156 2
289 345 2
289 468 4
289 472 2
289 648 3
289 753 11
289 788 2
290 0 3
290 258 2
290 328 2
290 388 2
291 32 3
291 610 7
291 768 2
292 7 6
292 19 14
292 134 111
292 162 2
292 524 4
292 593 6
293 256 2
293 960 5
294 27 11
294 742 10
294 864 2
296 57 2
296 84 15
296 131 47
296 231 2
296 260 6
296 288 6601
296 336 2
296 409 4
296 516 2
297 167 4
297 325 142
297 544 19
297 742 2
298 75 60
298 800 14
299 291 26
300 29 5
300 140 2
301 777 2
303 292 2
304 8 9
304 42 25
304 63 2
304 212 14821
304 258 2
305 11 487
305 34 2
305 163 37
305 576 23
306 36 43
306 918 2
307 514 2
308 21 202
308 583 5
308 640 7
308 692 2
308 832 4
308 848 5
309 77 11
309 774 1129
310 936 15
314 109 8
314 156 3
314 376 2
314 518 3
315 739 2
316 452 74
318 532 2
318 914 2
320 29 2
320 315 5
320 407 81
320 428 7
320 468 33
320 641 7
320 720 5
321 4 2
321 262 31
321 768 20
321 834 2
321 1008 3
322 0 2
322 272 2
322 416 2
322 899 2
323 360 2
323 515 2
324 16 2
324 106 2
324 179 8
324 200 2
324 513 2
324 530 2
325 74 123
325 145 4
325 192 4
325 720 2
326 11 9
326 32 14
326 116 13
326 280 2
327 675 3
327 698 2
328 45 7
329 35 2
329 258 49
329 836 2
330 8 5
330 204 2
331 512 9
332 456 4
332 643 7
334 265 3
334 288 5
335 83 11
335 391 2
336 18 2
336 100 6
336 576 4
336 632 2
337 352 4
337 768 2
337 833 223
338 33 5
338 160 753
338 169 727
340 0 2
340 106 19
340 704 2
341 576 2
342 15 2
342 168 2
342 272 14
342 536 2
343 475 2
344 188 2
344 676 51
346 11 12
346 89 2
347 11 3
347 149 5
347 313 671
348 128 5
348 395 87
349 12 9
352 409 2
352 419 6
352 514 12
352 680 2
352 794 3
352 860 331
353 138 3
353 389 2
353 684 45
354 25 2
354 30 6
354 836 2
354 969 2
355 134 3
355 634 83
356 800 2
357 433 18
357 641 5
358 3 4
358 168 23
358 197 2
360 514 10
360 555 2
360 732 27
360 784 7
360 810 3
361 316 2
362 34 2
363 162 2
366 657 5
368 49 12
368 925 2
371 112 12
371 705 6
372 352 11
375 77 2
379 333 9
380 339 2
381 531 10
382 562 9
384 6 3
384 156 3
384 168 4
384 312 2
384 332 162
384 423 13
384 457 3
384 481 2
384 531 2
384 597 3
384 692 19
384 841 2
384 962 4
385 2 27
385 75 5
385 213 3
385 214 2
385 563 32
386 64 3
386 73 22
386 158 6
386 160 29
386 206 45
386 275 7
386 681 100
386 849 31
386 912 2
387 297 80
387 1016 142
388 332 4
389 596 17
390 566 3
391 8 37
391 461 4
392 38 9
392 336 21
392 674 2
393 577 2
394 80 14
394 590 32
395 4 10
395 558 2
395 647 4
396 6 28
396 546 4
396 777 2
396 915 2
396 960 26
397 132 2
397 305 19
397 518 2
398 943 2
399 9 2
400 10 2
400 21 13
400 144 5
400 712 4
401 58 10
401 277 96
401 284 2
401 673 2
401 932 3
402 68 9
402 80 20
402 769 14
403 98 2
404 209 9
404 298 9
406 677 3
408 66 2
408 405 4042
408 576 5
409 66 32
409 105 7
409 417 19
409 888 2
410 520 2
411 20 2
412 6 60
413 640 6
414 932 2
416 52 2
416 279 2
416 292 2
416 531 5
416 832 7
417 577 8
418 16 2
419 7 4
419 62 2
419 844 9
420 32 13
420 288 25
420 424 4
420 538 2
420 545 2
421 400 8
422 736 6
423 384 5
423 651 762
424 481 2
425 161 3
425 261 2
425 746 2
425 776 204
426 644 11
427 580 11
428 32 2
428 194 2
428 620 9
428 880 7
430 8 4
430 68 2
430 203 3
433 197 93
433 398 2
434 734 34
436 641 33
437 2 7
441 21 2
442 146 40
442 691 36
444 769 2
444 801 15
448 92 2
448 513 4
448 655 2
449 321 38
450 450 10
452 48 2
452 136 2
452 512 2
452 513 9
453 368 9
453 661 2
454 437 12
454 634 6
455 640 140
456 367 4
456 376 2
456 774 2
457 906 2
458 101 2
458 743 22
460 197 2
460 462 3
460 566 21
461 901 2
462 516 18
462 641 2
463 916 5
464 928 8
465 531 9
465 902 11
467 211 4
467 300 6
470 713 23
472 256 2
473 6 4
473 600 6
473 800 29
476 775 21
480 0 6
480 665 3
480 731 18
480 928 3
481 288 2
481 416 27
482 64 10
482 208 12
482 285 2
483 276 3
483 555 11
484 841 2
485 134 2
488 3 4
488 269 14
488 334 2
488 565 52417
489 64 2
491 112 24
496 433 2
496 978 2
501 519 2
505 332 80
506 706 2
512 1 2
512 5 3
512 52 2
512 65 691
512 96 2
512 153 26
512 173 2
512 266 42
512 420 823
512 438 5
512 453 2
512 482 3
512 514 2
512 522 2
512 685 11
512 936 1639
513 5 24
513 42 2
513 47 2
513 65 3
513 100 5
513 112 3
513 304 10
513 340 2
513 548 65
513 644 7
514 4 2
514 11 8
514 160 12
514 401 7
514 522 2
514 572 8
514 780 2
515 93 2
515 157 5
515 273 13
516 33 2
516 69 2
516 72 3
516 169 2
516 357 64
516 582 2
516 605 2
516 785 5
517 0 13757
517 3 2
517 8 2
517 34 3
517 132 89
517 177 14
517 233 9
517 281 1834
517 525 4
517 672 9
517 676 2
517 768 2
518 0 2
518 41 60
518 66 44
519 944 8
519 967 4
520 9 15
520 94 2
520 164 5
520 296 23
520 328 92
520 436 2
520 785 10
520 812 12
520 896 2
521 81 13
521 131 2651
521 229 12
521 450 4
521 554 8
521 560 4
522 1 186
522 121 2
522 549 5
524 159 1607
524 173 21
524 520 5
525 820 7
526 548 32
526 776 28
527 36 2
527 713 5816
528 10 62
528 33 2
528 36 2
528 97 7
528 344 45
528 406 16
528 580 57
528 582 5
528 611 6
528 720 17
528 801 5
529 16 11
529 148 4
529 260 17
529 517 11
529 737 3
529 836 2
530 20 4
530 86 43
530 278 2
530 325 3
530 522 203
530 696 10
532 134 13
532 292 2
532 550 2
532 853 3
533 5 3
533 787 2
534 6 4
534 425 7
534 786 5
534 928 4
535 10 3
536 10 2
536 244 2
536 412 9
536 687 3
536 902 2
537 99 4
537 138 15
537 257 181
538 74 17
538 84 2
538 820 18
540 256 15
540 481 5
541 344 2
541 793 8
544 6 2
544 21 2
544 24 3
544 401 2
544 429 15
544 542 2
544 551 7
544 597 12
544 718 97
545 209 4
545 226 5
545 520 15
545 743 6
546 4 13
546 263 2
546 612 7
546 650 8
546 758 6
546 900 1669110
547 265 5
547 427 5635
547 577 6
548 141 19
548 169 3
548 577 2
548 586 4
549 146 16
549 647 3
550 36 2
550 800 2
551 40 8
552 136 28
552 640 47
552 656 3
552 932 11
553 36 3
553 102 20
553 933 8
554 4 13
554 137 168
554 296 73
555 52 6
555 418 5
556 409 2
557 6 2
557 400 53
557 512 14
557 557 5
557 770 15
559 557 7
560 18 2
560 96 2
560 104 2
561 10 2
561 521 5
561 786 2
561 993 2
562 977 10765
562 992 8
564 28 2
564 656 3
564 659 7
566 4 17
566 44 2
566 132 6
567 793 2
569 385 4
569 522 2
571 100 2
571 457 6
572 36 2
572 64 3
572 257 43
572 370 56
573 797 5
573 886 6
574 18 2
574 533 2
574 696 2
576 4 2
576 5 8
576 19 2
576 48 2
576 76 12
576 133 2
576 172 5
576 193 50
576 228 3
576 325 14
576 371 6
576 525 23
576 607 6
577 72 5
577 222 2
577 236 2
577 292 4
577 401 26
577 577 2
577 661 4
578 96 2
578 120 2
578 136 2
578 554 28
578 572 9
578 575 2
579 80 32
579 136 30
579 621 2
579 789 5
580 64 3
580 507 2
580 528 2
580 598 3
581 645 6876
582 633 2
584 833 2
585 64 4
585 208 7
585 217 4
585 354 2
585 389 8
586 64 10
586 530 2
587 608 2
588 784 2
589 389 6
590 276 25
590 300 3
590 520 3
590 788 2
591 147 2
592 2 133
592 322 8
592 528 2
592 585 4
592 856 2
593 429 6
595 58 3
595 557 12
596 33 7
596 91 5
596 385 20
597 387 27
599 569 25
600 115 21
600 562 7
600 573 2
600 575 10
601 335 17
601 431 2
602 480 3
604 913 11
605 80 18
606 807 4
607 288 2
607 393 3
608 176 2
608 185 5
608 522 3
608 576 3
608 648 2
609 28 9
609 210 6
609 768 7
611 125 6
612 534 73
613 840 2
614 265 2
614 936 2
616 450 9
617 908 3
618 70 2
618 1004 3
619 76 2
619 140 3
621 293 2
623 1000 2
624 579 2
625 5 34
625 261 2
625 530 3
626 8 7
626 104 3
626 114 4
626 528 11
626 608 2
627 3 5
627 418 6
627 977 2
628 76 2
629 446 18
629 528 4
631 24 6
632 18 609
633 812 301
635 546 2
638 161 6
640 4 24
640 6 2
640 16 37
640 181 2
640 246 5
640 258 2
640 369 2
640 421 8344719
640 467 5
640 525 10
640 584 17
640 659 15
640 938 43
640 952 416
642 512 5
642 562 15
642 724 2
643 775 4
644 387 2
644 660 5
644 756 2
644 769 2
645 4 3
645 25 4
645 963 4
646 289 2
646 388 2
648 76 8
648 98 2
648 210 3
648 369 31
648 512 6
648 769 2
649 4 4
649 48 2
650 108 26
650 216 11
650 953 5
651 290 105
652 257 2
652 594 3
654 565 14
655 384 8
655 761 7
656 3 2
656 259 2
656 278 3
656 370 9
657 79 2
657 201 2
658 10 4
658 26 2
658 640 2
660 36 2
660 52 25
660 69 7
660 85 2
660 648 26
661 244 4
661 608 12
662 374 3
664 16 7
664 205 2
664 539 8891
664 781 6
665 3 46
665 260 2
666 66 6
667 587 2
668 163 2
668 464 2
668 749 3
670 515 5
672 1 8
672 64 3
672 608 4
672 717 3
673 104 345
673 656 475
674 259 114
674 401 17
674 672 3
675 257 4
675 470 6
676 52 10
677 121 2
677 641 5
678 237 2
679 556 5683
680 20 2064
680 39 6
680 105 2089
680 450 2
680 540 3
681 33 2
684 1008 17
686 426 2
686 593 7
689 80 3
690 110 13
691 12 5
692 260 31
692 914 4
693 397 2
693 522 2
694 6 4
694 768 2
694 931 5
694 976 182
695 517 2
695 585 2
696 885 91
697 710 4
700 18 2
700 229 3
700 864 34
701 34 2
701 941 2
704 34 3
704 76 116
704 135 95
704 292 207
704 514 3
705 596 2
705 854 1258
706 17 2
706 460 12
706 732 2
708 108 4
709 325 290
709 354 3
709 644 5
709 843 6
710 2 11
711 19 8
712 35 233
712 141 12
712 294 2
712 862 2
713 593 21
713 837 8
716 98 10
716 339 2
716 842 4
719 512 23
721 104 10
721 170 7
721 323 2
721 584 2
722 82 2
722 100 2
722 104 2
722 258 2
722 393 17
722 398 3
723 142 28
724 20 37
724 596 6
725 44 5
725 65 2
726 322 2
727 200 14
728 227 5
728 350 9
728 712 3
729 578 11
730 332 2
736 24 10
737 64 60
737 288 4
737 610 29
738 970 25520
740 235 20
740 778 5
740 801 8
741 45 22
741 260 2
742 97 42
743 787 11
744 124 2
744 280 2
744 762 4
745 63 2
746 386 10
751 506 2
752 261 13
752 494 2
752 786 2
754 32 35
759 130 2
760 220 4
760 257 13
760 300 5
761 435 345868
763 668 2
765 513 2
768 68 42
768 226 9
768 326 9
768 502 2
768 608 2
768 666 6
768 736 3
768 738 7
768 926 2
769 34 253
769 277 6
769 350 2
769 640 9
769 773 2
770 67 16623
770 211 22
770 515 3
770 663 33
771 128 4
771 793 2
771 800 4
772 0 521
772 32 2
772 130 2
773 1 16
774 8 9
774 936 5
775 48 17
775 921 2
776 101 6
776 155 3
776 586 2
777 84 2
777 200 31
777 318 2
777 539 2
777 554 3
777 608 2
777 641 2
778 330 41
778 389 2
778 707 4
780 14 7
780 16 22
780 193 4
780 552 5651
780 707 2
781 222 2
781 496 32
782 226 2
782 405 3
784 1 8
784 514 2
784 549 2
784 634 19
784 841 4
785 45 3
785 257 3
786 521 2
786 576 4
786 914 5
788 25 2
788 324 7
788 332 4
792 16 2
792 274 74
792 540 9
792 594 7
793 52 11
793 628 28
795 422 80
795 661 2
798 776 10
800 9 11
800 45 14
800 73 15
800 97 2
800 133 2
800 824 10
801 34 20
801 592 257
801 642 7
802 660 32
804 0 3
804 104 9
804 337 12
804 433 5
804 779 10
805 387 4
805 781 2
806 43 11
806 134 2
806 232 2
806 480 2
808 302 2
808 526 2
808 945 5
810 17 4
810 416 2
812 778 2
814 161 3
814 264 3
814 523 2
816 18 2
817 784 5
818 253 2
819 538 302
821 236 34
822 211 2
824 392 18
824 609 2
824 978 8
832 21 10
832 30 2
832 43 14
832 281 2
832 304 2
832 328 4
832 427 206
832 518 3
832 548 2
833 147 4
833 999 2
834 0 14
834 32 118
834 104 5
834 148 2
834 912 19
835 264 28
835 392 356
835 583 99
836 388 11
836 485 2
838 785 17
839 21 11
840 96 2
840 545 2
840 800 2
841 32 29
841 370 2
842 200 2
843 939 13
845 561 2
845 624 10
848 90 2
848 313 2
848 391 7
848 899 2
849 792 2
849 1018 2
850 308 2
850 776 2
851 195 4
852 2 176
852 64 4
852 72 2
852 824 2
854 681 8
856 256 2
856 866 13
857 42 2
862 130 2
863 516 41
864 23 2
864 786 4
866 260 7
867 998 9
868 332 2
870 6 10
870 68 3
871 264 2
872 32 7
872 50 25
872 165 2
873 9 2
874 360 15
875 164 2
878 258 12
880 611 2
882 42 2
885 601 2
895 603 2
896 330 2
896 868 2
897 39 6
897 115 17
897 523 3
897 1002 3
898 336 6
898 699 5
899 537 2
899 736 14
900 4 2
900 162 25
902 420 4
903 339 10
904 231 2
904 888 7
904 929 69
905 12 2
905 196 8
905 248 6
905 540 2
906 137 21
906 194 8
906 210 6
906 328 2
907 276 8
908 456 8
910 614 3
911 5 2
912 2 36
912 85 6
912 129 27
912 388 2
914 216 6
914 669 4
914 968 9
916 742 4
916 777 4
917 560 2
918 0 591
920 200 4
921 272 2
921 320 3
922 8 2
922 784 2
924 33 3
928 64 18
928 384 5
928 518 2
929 257 2
929 316 133
930 547 7
930 720 5
931 230 18
931 657 5
932 783 3
933 657 19
934 94 2
938 261 5
938 316 7
938 552 407
940 512 4
941 771 2
945 456 6
947 568 2
948 9 3
953 905 2
954 22 2
956 846 3
958 844 13
960 358 2
961 131 2
961 333 2
961 472 11
961 481 42
965 937 2
966 29 3
966 192 7
966 555 12
968 51 40
968 360 547
969 313 17
969 769 9
970 180 2
975 205 5
976 321 96
976 779 7
977 22 86
977 34 2
977 549 2
986 772 35
987 962 2
988 366 5
996 36 7
996 836 2
998 127 4
998 179 5
1000 260 2
1001 286 3
1002 652 6
1003 684 7
1011 36 257
1013 316 26
1020 385 8
1021 643 23
