0 4 17
0 9 256
0 17 2887
0 18 2
0 47 22
0 112 2
0 166 2
0 215 3
0 256 7
0 259 1325
0 265 2
0 274 2
0 321 2
0 415 40
0 552 2
0 646 4
0 670 5
0 674 2
0 679 2
0 843 2
0 917 2
0 936 5
1 7 2
1 15 2
1 30 6
1 70 7
1 82 2
1 135 3
1 292 7
1 481 3
1 535 4
1 565 2
1 644 2
1 705 3
1 768 2
1 825 10
1 920 12
2 0 5
2 8 2
2 48 79
2 132 2
2 167 57
2 260 19
2 267 17
2 328 7
2 523 8
2 826 3
3 24 4
3 131 2
3 272 2
3 277 2
3 530 4
3 592 2
3 652 2
3 817 5
4 0 2
4 4 29
4 15 2
4 50 14
4 60 5
4 248 11
4 293 63
4 368 3
4 576 9
4 683 2
4 803 83
4 808 54
5 216 2
5 584 2
5 887 2
6 3 2
6 148 28
6 212 20
6 259 6
6 267 30
6 268 2
6 512 5
6 798 6
6 1002 13
7 110 8
7 715 876
8 1 136
8 2 5
8 19 2
8 32 2
8 42 20
8 58 3
8 202 49
8 272 9
8 386 2
8 393 5
8 486 2
8 642 25
8 656 17
8 735 2
8 850 2
8 902 4
9 39 13
9 43 2
9 416 3
9 526 2
9 572 9
9 823 2
9 907 46
10 13 2
10 40 20
10 75 2603
10 160 5
10 176 65
10 208 17
10 523 6
10 584 5
10 680 2
10 778 2
11 204 2
11 586 2
11 779 9
12 0 3
12 24 3
12 55 1548
12 65 2
12 116 38
12 128 3
12 269 4
12 366 2
12 634 3
12 781 12
13 66 2
13 192 20
13 224 10
13 320 2
13 780 3
14 127 2
14 210 2
14 321 4
14 376 2
14 616 7
15 352 41
15 485 5
15 659 13
15 854 15
16 9 3
16 24 2
16 64 2
16 132 2
16 148 2
16 198 2
16 516 2
16 643 2
16 806 8
17 48 2
17 258 12
18 51 2
18 203 2
18 215 2
18 290 5
18 641 2
18 645 3
19 7 2
19 24 8
19 709 14
20 1 2
20 10 2
20 28 21
20 69 100
20 194 7
20 786 25
21 116 79
21 258 2
21 308 4
22 24 10
22 68 6
22 97 13
22 133 3
22 320 12
22 331 2
23 328 2
23 770 4
23 886 6
24 9 2
24 781 2
24 786 3
24 848 156
24 944 2
26 20 3
26 109 22
26 801 2
27 210 11155
27 547 2
28 42 20
28 72 8
28 192 2
28 624 3701
28 647 7
29 5 7
29 327 9
29 532 3
29 809 15
30 52 2
30 129 355
30 588 2
31 77 2
31 561 14
32 16 9
32 33 8
32 42 4
32 196 12
32 204 2
32 211 2
32 276 6
32 514 2
32 612 25
32 641 44
32 721 7
32 759 5
32 803 11
33 3 3
33 26 6
33 64 3
33 277 2
33 320 2
33 544 65
33 898 3
33 945 2
34 144 2
34 292 2
34 324 3
34 561 2
34 663 2
34 720 5
34 800 75
35 65 2
35 266 2
35 551 3
35 689 2
36 12 2
36 34 2
36 48 2
36 257 2
36 266 3
36 288 2
36 320 32
36 448 5
36 555 22
36 705 2
36 858 27
37 13 70
37 364 2
37 520 7
37 594 2
37 640 2
38 180 8
38 204 5
38 544 2
39 3 9
39 48 4
39 982 2
40 9 2
40 20 2
40 39 2
40 65 23
40 256 6
40 512 2
40 528 10
40 605 5
40 672 2
40 756 24
40 761 25
40 840 5
40 980 2
41 96 3
41 276 60
41 513 7
41 987 86
42 42 2
42 140 12
42 329 2
42 411 2
42 778 4
42 839 8
43 1 2
43 546 6
44 10 12
44 12 4
44 47 2
44 430 6
44 524 2
44 794 4
45 23 19
45 50 12
45 74 2
45 808 125
45 844 6
46 57 6
47 80 4
48 67 268501
48 168 2
48 176 20
48 193 2
48 226 2
48 646 4
48 789 21
48 843 7
49 17 22
49 310 2
49 516 300
50 9 116
50 113 2
50 528 6080
51 70 6
51 377 4
51 516 2
52 46 37
52 188 2
52 256 2
52 285 3
53 245 2
54 718 2
55 278 3
56 89 2
56 267 2
56 560 2
57 5 2
57 128 12
57 448 2
59 292 41734
59 453 13
59 583 5
60 3 13
60 5 14
60 33 12
60 112 2
60 948 8
61 644 4
62 521 3
64 1 27
64 26 4
64 41 4
64 192 7
64 194 9
64 203 6
64 272 19
64 370 3
64 465 2
64 481 9
64 514 7
64 686 2
64 756 5
64 771 2
64 780 5
64 790 11
65 25 6
65 104 2
65 118 2
65 218 2
65 241 5
65 421 2
65 515 11
65 614 2
66 140 2
66 545 4
67 2 5
67 73 39
67 453 39
67 840 4
68 153 8
68 226 6
68 284 13
68 322 2
69 138 2
69 276 15
69 466 3
70 212 2
70 431 3
70 646 7
70 648 40
70 672 5
71 1 2
71 409 887
71 700 4
72 37 30
72 65 22
72 280 3
72 437 24
72 533 2
72 961 11
73 39 3
73 640 2
74 512 3
74 600 3
74 768 14
74 1012 6
75 259 135
76 84 15
76 133 3
76 586 15
76 855 2
77 256 2
77 267 2
77 450 3
77 456 2
78 288 2
78 517 3
78 784 15
78 919 6
79 386 27
80 0 12
80 51 132
80 82 24
80 132 2
80 211 122
80 528 18
80 677 17
81 852 2
82 280 2
83 115 6
83 124 12
83 617 3
83 784 4
84 74 9
85 31 15
85 65 2
86 234 2
86 524 31
87 353 2
87 462 5
87 512 2
87 515 2
88 330 4
88 782 3
89 2 16
89 4 4
89 76 3
90 20 2
90 274 9
90 988 13
91 154 9
91 652 5
91 951 2
92 38 5
92 91 2
93 134 32
93 669 8
94 869 12
94 954 8
96 32 3
96 80 2
96 103 4
96 148 331
96 208 11
96 220 3
96 276 2
96 304 1065
96 321 2
96 356 2
96 776 6
96 820 7
97 18 21
97 48 22
97 130 5
97 167 5
97 195 8
97 286 2
97 473 54
97 525 2
98 14 2
98 352 5
98 401 2
98 671 221
98 928 2
99 117 5
99 134 2
100 128 2
100 752 2
100 768 2
100 901 2
101 70 5
101 124 4
101 161 12
101 392 2
101 599 2
102 6 2
102 78 2
102 166 2
102 264 8
103 704 80
104 26 76
104 48 3
104 64 4
104 313 3
104 512 2
104 673 3
105 3 40
105 296 2
105 779 2
106 516 6
106 652 28
107 3 137
108 133 2
108 514 387
109 707 2
112 0 4
112 1 2
112 3 17
112 28 2
112 84 8
112 107 8
112 165 2
114 68 2
114 416 2
114 452 4
114 872 1974
116 33 2
117 106 3556
117 803 23
118 565 2
119 446 457
119 836 54
120 0 2
120 76 11
121 536 2
122 24 2
123 600 4
124 304 2
124 348 172
125 268 2
128 10 5
128 58 37
128 208 2
128 320 4
128 362 2
128 375 2
128 376 14
128 453 2
128 628 3
128 770 2
128 806 14
129 0 366
129 39 37
129 88 2
129 163 6
129 584 110
129 707 2
130 78 12
130 273 11
130 368 39
130 520 2
130 528 13
130 532 13
130 540 2
130 675 2
130 772 2
131 581 2
132 17 2
132 94 91
132 137 2
132 516 5
132 713 73
132 916 2
132 957 13
133 23 2
133 138 2
134 67 2
134 224 8
134 377 5
134 390 3
134 516 21
134 768 17
135 544 726
136 21 2
136 39 2
136 160 29
136 482 3
136 610 5
136 657 3
136 684 46
137 148 19
137 325 102
137 678 6
137 778 186
138 266 11
138 415 2
138 590 2
138 902 2
139 426 2
139 865 4
140 72 2
140 135 2
140 143 2
140 464 5
140 724 4
140 776 3
141 2 2
141 521 2
141 954 3
143 116 5
143 286 2
143 642 36
144 18 2
144 68 6
144 248 10
144 257 138
144 418 20
144 433 2
144 520 68
144 800 9
145 1 19
145 67 17
145 94 2
145 184 2
145 216 2
145 273 2
145 576 8311
146 69 2
146 910 3
147 513 10
147 522 2
148 1 2
148 24 23
148 130 2
148 139 2
148 146 20
148 278 9
148 464 450
148 515 2
148 912 2
149 20 11
149 633 2
149 649 4
150 141 2
150 160 2
150 656 2
151 102 14
151 250 10
153 26 2
153 151 2
153 171 2
153 592 2
153 598 12
153 833 3
153 961 13
156 54 18
156 133 3
156 521 8
156 814 5
157 404 2
160 34 11
160 81 3
160 144 4
160 644 2
160 801 2
161 21 3
161 40 538
161 326 2
161 376 20
161 524 2
161 576 2
161 898 2
162 160 20
162 290 3
162 306 38
163 227 2
163 601 6
164 34 2
164 38 215
164 87 5
164 217 2
164 264 2
164 280 294
164 481 6
164 636 793
164 646 12
165 141 2
165 397 5
166 686 2
167 104 2
167 384 2
167 712 14
168 52 2
168 67 2
168 68 2
168 98 2
168 480 88
169 25 58
169 72 5
169 351 4
169 514 2
171 144 38
172 8 5
172 32 2
172 569 2
172 664 2
173 261 3
174 493 2
174 582 2
175 863 19
176 32 6
176 137 2
176 270 3
176 864 3
177 560 8
177 611 2
178 100 13
178 144 3
178 580 2
178 797 3
179 429 2
180 19 8
180 600 3
180 973 2
181 331 4
181 768 10
181 964 2
182 300 10
182 728 21
184 141 12
184 161 2
184 664 51
185 5 110
185 42 52
185 391 9
186 582 2
187 800 3
188 4 4
188 199 4
192 43 2
192 52 12
192 72 9
192 388 2
192 392 2
192 524 2
192 536 3
192 713 2
192 898 2
192 904 6
192 999 2
193 8 18
193 131 4
193 162 8
193 375 2
193 422 5
193 775 2
194 592 13
196 377 2
197 61 20
197 100 4
197 297 3
197 592 3
197 611 6
197 769 8
200 445 2
200 577 2
200 924 1300
201 39 28
201 98 2
201 140 4
202 11 4
203 654 78
204 6 3
204 520 12
205 457 35
206 80 335
206 530 2
208 14 4
208 88 9
209 513 2
209 564 3
210 1 2
210 882 10
211 4 11
212 34 4
212 69 2
212 112 5
212 262 2
212 285 43
214 369 45
214 585 10
216 66 2
216 138 2
216 792 2
217 923 3
219 389 2
220 658 2
222 532 19
222 852 219
225 257 2
225 316 2
225 948 2
226 157 384
227 336 2
227 592 2
227 838 65
228 32 2
228 294 2
230 9 11
231 261 12
231 290 2
232 5 4
232 65 7
232 80 4
232 130 2
232 480 7
233 212 2
233 912 2
234 917 2
235 281 24
235 645 8
238 642 2
239 370 11
239 560 2
240 18 2
240 799 3
240 914 2
241 206 1485
241 245 2
244 356 4
244 932 15
245 705 2
246 64 5
248 0 2
248 290 5
248 557 3
248 902 2
250 46 18
253 636 16
256 1 2
256 4 383
256 68 6
256 69 2
256 97 2
256 160 7
256 262 8
256 312 9
256 344 2
256 416 10
256 512 7
256 522 5
256 616 2
256 705 41
256 764 3
256 772 2
256 904 4
256 963 4
256 992 12
257 0 2
257 156 16
257 268 30
257 272 2
257 544 17
257 806 2
257 912 13
257 920 2
257 945 2
258 36 8
258 138 3
258 265 4
258 673 2
258 810 56
258 880 6
259 100 6
259 165 4
259 226 58
259 268 8
259 327 2
260 295 5
260 522 2
260 545 5
260 678 2
260 978 150
261 67 8
261 356 2
261 672 2
261 995 9
262 32 4
262 134 8
262 193 2
262 256 9
262 906 7
262 1013 2
264 1 46
264 4 2
264 296 7
264 320 5
264 568 19
265 264 2
265 339 37
265 632 5
266 11 2
266 56 9
266 242 7
266 272 5
266 326 12
266 336 748
266 504 3
268 34 2
268 177 25
268 192 2
268 512 18
268 524 6
268 577 234
269 444 2
269 640 7
270 73 4
270 532 298
270 642 3
272 41 428
272 162 9
272 208 70
272 225 8
272 234 2
272 259 1021
272 280 2
272 378 4
272 520 410
272 554 3
272 640 109
272 684 3
272 899 5
273 581 2
273 809 39
274 98 57
274 334 7
275 4 2
275 16 52
275 116 2
275 133 2
275 485 30
275 512 11
276 288 34
276 394 10
276 538 3
276 628 2
276 661 2
277 8 2
277 27 12
277 128 2
277 385 3
278 258 6
279 18 52
279 901 8
280 600 3
281 101 2
282 136 3
282 576 16
282 717 6
282 787 2
283 514 5
284 835 2
285 104 32
286 12 11
286 624 2
286 832 25
287 448 2
288 47 9
288 50 2
288 132 8
288 224 2
288 292 19
288 341 2
288 545 9
288 776 4
289 36 2
289 156 9
289 345 3
289 468 15
289 472 2
289 648 6
289 753 8
289 788 2
290 0 5
290 258 3
290 328 3
290 388 2
291 32 3
291 610 11
291 768 2
292 7 2
292 19 5
292 134 4
292 162 2
292 524 2
292 593 511
293 256 122
293 960 6
294 27 2
294 742 2
294 864 5
296 57 8
296 84 7
296 131 3
296 231 4
296 260 2
296 288 48107
296 336 3
296 409 3
296 516 3
297 167 2
297 325 5
297 544 5
297 742 13
298 75 2
298 800 16
299 291 2
300 29 2
300 140 5
301 777 442
303 292 57
304 8 16
304 42 5
304 63 2
304 212 2
304 258 23
305 11 2
305 34 3
305 163 2
305 576 3
306 36 2
306 918 2
307 514 5
308 21 4
308 583 3
308 640 9
308 692 2
308 832 2
308 848 6
309 77 2
309 774 3
310 936 5
314 109 2
314 156 4
314 376 4912
314 518 2
315 739 2
316 452 3
318 532 2
318 914 2
320 29 20
320 315 4
320 407 2
320 428 10
320 468 2
320 641 3
320 720 12
321 4 2
321 262 22
321 768 2
321 834 165
321 1008 10
322 0 38
322 272 2
322 416 14
322 899 2
323 360 50
323 515 26
324 16 127
324 106 3
324 179 2
324 200 3
324 513 2
324 530 98
325 74 2
325 145 3
325 192 2
325 720 2
326 11 42
326 32 2
326 116 2
326 280 6
327 675 17
327 698 20
328 45 3
329 35 72
329 258 4
329 836 72
330 8 3
330 204 3
331 512 3
332 456 12
332 643 5
334 265 10
334 288 9
335 83 2
335 391 10
336 18 5
336 100 12
336 576 3
336 632 1198
337 352 3
337 768 2
337 833 18
338 33 3
338 160 467
338 169 273
340 0 4
340 106 8
340 704 4
341 576 4
342 15 2
342 168 5
342 272 2
342 536 175
343 475 2
344 188 2
344 676 5
346 11 9
346 89 7
347 11 6
347 149 3
347 313 2
348 128 51
348 395 6
349 12 2
352 409 9
352 419 14439
352 514 15
352 680 21
352 794 3
352 860 2
353 138 3
353 389 2
353 684 2
354 25 5
354 30 9
354 836 2
354 969 186
355 134 6
355 634 2
356 800 3
357 433 8
357 641 13
358 3 2
358 168 2
358 197 2
360 514 8
360 555 3
360 732 2
360 784 3
360 810 80
361 316 41
362 34 2
363 162 2
366 657 50
368 49 2
368 925 2
371 112 4
371 705 8
372 352 2
375 77 11
379 333 4
380 339 4
381 531 2
382 562 3
384 6 2
384 156 2
384 168 16
384 312 8964
384 332 7
384 423 2
384 457 2
384 481 5
384 531 2
384 597 3
384 692 8
384 841 2
384 962 3
385 2 2
385 75 7
385 213 25
385 214 2
385 563 2
386 64 2
386 73 6
386 158 2
386 160 2
386 206 20
386 275 10
386 681 112
386 849 13
386 912 2
387 297 4
387 1016 4
388 332 3
389 596 4
390 566 5
391 8 33
391 461 10
392 38 6
392 336 4
392 674 2
393 577 2
394 80 2
394 590 1249
395 4 2
395 558 522
395 647 3
396 6 5
396 546 3
396 777 2
396 915 2
396 960 10
397 132 2
397 305 2
397 518 2
398 943 8
399 9 2
400 10 120
400 21 3
400 144 2
400 712 2
401 58 8
401 277 3
401 284 12
401 673 16
401 932 8
402 68 17
402 80 2
402 769 9
403 98 153
404 209 4
404 298 6
406 677 1409
408 66 2
408 405 2
408 576 2
409 66 2
409 105 2
409 417 9
409 888 5
410 520 2
411 20 3
412 6 2
413 640 16
414 932 107
416 52 2
416 279 72
416 292 2
416 531 3
416 832 6
417 577 2
418 16 2
419 7 5
419 62 2
419 844 5
420 32 22
420 288 3
420 424 9
420 538 3
420 545 5
421 400 6
422 736 2
423 384 2
423 651 2
424 481 2
425 161 3
425 261 2
425 746 8
425 776 19
426 644 21
427 580 21
428 32 2
428 194 2
428 620 7
428 880 4
430 8 2
430 68 2
430 203 2
433 197 2
433 398 2
434 734 15
436 641 13
437 2 13
441 21 7
442 146 21
442 691 11
444 769 2
444 801 28
448 92 11
448 513 10
448 655 2
449 321 2
450 450 15
452 48 3
452 136 6
452 512 115
452 513 3
453 368 1796
453 661 25
454 437 59
454 634 2
455 640 13
456 367 6
456 376 2
456 774 6
457 906 2
458 101 13
458 743 5
460 197 2
460 462 15
460 566 2
461 901 13
462 516 9
462 641 8
463 916 3
464 928 7
465 531 3
465 902 21
467 211 7
467 300 67
470 713 13
472 256 7
473 6 482
473 600 2
473 800 2
476 775 24
480 0 14
480 665 2
480 731 3
480 928 2
481 288 7
481 416 7
482 64 16
482 208 2
482 285 3
483 276 5
483 555 6
484 841 16
485 134 2
488 3 47
488 269 2
488 334 3
488 565 2
489 64 6
491 112 2
496 433 18
496 978 13
501 519 2
505 332 8
506 706 3
512 1 2
512 5 29
512 52 4
512 65 2
512 96 2
512 153 109
512 173 2
512 266 9
512 420 2
512 438 21
512 453 16
512 482 12
512 514 7
512 522 2
512 685 18
512 936 30
513 5 2
513 42 2
513 47 2
513 65 22
513 100 5
513 112 125
513 304 6
513 340 2
513 548 199
513 644 4
514 4 38022
514 11 6
514 160 3
514 401 2
514 522 92
514 572 93
514 780 2
515 93 23
515 157 17
515 273 14
516 33 4
516 69 8
516 72 5
516 169 2
516 357 2
516 582 366
516 605 2
516 785 8
517 0 4
517 3 51
517 8 2
517 34 348
517 132 12
517 177 94
517 233 3
517 281 89
517 525 2
517 672 4
517 676 2
517 768 3
518 0 2
518 41 13
518 66 2
519 944 4
519 967 23
520 9 2
520 94 2
520 164 2
520 296 10
520 328 2
520 436 2
520 785 38
520 812 8
520 896 12
521 81 5
521 131 2
521 229 2
521 450 9
521 554 16
521 560 13
522 1 2
522 121 2
522 549 8
524 159 21
524 173 20
524 520 20
525 820 2
526 548 9
526 776 3
527 36 4
527 713 2
528 10 2
528 33 108
528 36 2
528 97 40
528 344 2
528 406 8
528 580 2
528 582 7
528 611 4
528 720 160
528 801 2
529 16 25
529 148 3
529 260 6
529 517 5
529 737 2
529 836 2
530 20 7
530 86 9
530 278 2
530 325 3
530 522 2
530 696 14
532 134 8
532 292 2
532 550 2
532 853 7
533 5 3
533 787 2
534 6 44
534 425 9
534 786 2
534 928 15
535 10 2
536 10 2
536 244 4
536 412 7
536 687 14
536 902 2
537 99 4
537 138 13
537 257 3
538 74 8
538 84 5
538 820 3
540 256 2
540 481 3
541 344 56632
541 793 3
544 6 94
544 21 2
544 24 19
544 401 83
544 429 3
544 542 2
544 551 5
544 597 11
544 718 2
545 209 10
545 226 4
545 520 25
545 743 4
546 4 2
546 263 2
546 612 6
546 650 2
546 758 16
546 900 2
547 265 17
547 427 2
547 577 34
548 141 4
548 169 2
548 577 4
548 586 19
549 146 2
549 647 2
550 36 3
550 800 7
551 40 6
552 136 4
552 640 4
552 656 2
552 932 5
553 36 2
553 102 10
553 933 19
554 4 12
554 137 239
554 296 130
555 52 4
555 418 2
556 409 4
557 6 3
557 400 9
557 512 11
557 557 10
557 770 9
559 557 26
560 18 14
560 96 3
560 104 18
561 10 2
561 521 2
561 786 2
561 993 4
562 977 77
562 992 3
564 28 2
564 656 3
564 659 2
566 4 10
566 44 3
566 132 8
567 793 4
569 385 6
569 522 8
571 100 3
571 457 11
572 36 2
572 64 3
572 257 22
572 370 4
573 797 2
573 886 5
574 18 5
574 533 2
574 696 2
576 4 19
576 5 2
576 19 2
576 48 6
576 76 2
576 133 45
576 172 15
576 193 2
576 228 3
576 325 2
576 371 3
576 525 4
576 607 2
577 72 2
577 222 3
577 236 3
577 292 2
577 401 14
577 577 3
577 661 2
578 96 2
578 120 2
578 136 5
578 554 38
578 572 4
578 575 2
579 80 2
579 136 2
579 621 83
579 789 3
580 64 8
580 507 9
580 528 2
580 598 17
581 645 2
582 633 2
584 833 3
585 64 3
585 208 4
585 217 2
585 354 89
585 389 6
586 64 10
586 530 10
587 608 2
588 784 8
589 389 17
590 276 2
590 300 4
590 520 2
590 788 11
591 147 1468
592 2 5
592 322 6
592 528 3
592 585 41
592 856 2
593 429 2
595 58 35
595 557 16
596 33 11
596 91 12
596 385 9
597 387 12
599 569 11
600 115 2
600 562 12
600 573 363
600 575 3
601 335 5
601 431 3
602 480 2
604 913 17
605 80 5
606 807 2
607 288 5
607 393 795
608 176 4
608 185 3
608 522 8
608 576 11
608 648 8
609 28 4
609 210 19
609 768 2
611 125 2
612 534 5
613 840 2
614 265 2
614 936 201
616 450 15
617 908 2
618 70 16
618 1004 4
619 76 2
619 140 3
621 293 4
623 1000 7
624 579 97
625 5 15
625 261 2
625 530 2
626 8 2
626 104 5
626 114 14
626 528 2
626 608 2
627 3 16
627 418 2
627 977 3
628 76 2
629 446 7
629 528 2
631 24 7
632 18 2
633 812 5
635 546 2
638 161 6
640 4 6
640 6 2
640 16 3
640 181 100
640 246 11
640 258 8
640 369 11
640 421 3
640 467 5
640 525 2
640 584 5
640 659 23
640 938 2
640 952 3
642 512 15
642 562 3
642 724 2
643 775 4
644 387 2
644 660 29
644 756 5
644 769 15
645 4 2
645 25 3
645 963 6
646 289 4
646 388 4
648 76 10
648 98 561
648 210 5
648 369 7
648 512 16
648 769 9
649 4 12
649 48 41524
650 108 4
650 216 6
650 953 16
651 290 2
652 257 3
652 594 3
654 565 2
655 384 302
655 761 10
656 3 15
656 259 4
656 278 13
656 370 2
657 79 2
657 201 2
658 10 3
658 26 7
658 640 3
660 36 2
660 52 2
660 69 7
660 85 2
660 648 3
661 244 6
661 608 4
662 374 32
664 16 15
664 205 2
664 539 2
664 781 2
665 3 2
665 260 2
666 66 4
667 587 7
668 163 3
668 464 3
668 749 2
670 515 2
672 1 3
672 64 18
672 608 4
672 717 2
673 104 2
673 656 10
674 259 155979
674 401 2
674 672 2
675 257 2
675 470 13
676 52 3
677 121 2
677 641 2
678 237 21
679 556 782
680 20 3
680 39 9
680 105 65
680 450 5
680 540 10
681 33 2
684 1008 21
686 426 14
686 593 6
689 80 4
690 110 3
691 12 11
692 260 15
692 914 2
693 397 3
693 522 2
694 6 5
694 768 2
694 931 5
694 976 12
695 517 54
695 585 37
696 885 2
697 710 8
700 18 3
700 229 2
700 864 15
701 34 9
701 941 49
704 34 5
704 76 2
704 135 2
704 292 30
704 514 2
705 596 3
705 854 108
706 17 484
706 460 4
706 732 2
708 108 3
709 325 5
709 354 30
709 644 2
709 843 6
710 2 9
711 19 7
712 35 4
712 141 2
712 294 2
712 862 19
713 593 7
713 837 8
716 98 9
716 339 5
716 842 15
719 512 2
721 104 75
721 170 59
721 323 2
721 584 10
722 82 89
722 100 2
722 104 2
722 258 9
722 393 18
722 398 2
723 142 4
724 20 16
724 596 9
725 44 14
725 65 3
726 322 2
727 200 26
728 227 1583
728 350 3
728 712 10
729 578 31
730 332 3
736 24 16
737 64 128
737 288 3
737 610 21993
738 970 526
740 235 2
740 778 19
740 801 30
741 45 2
741 260 7
742 97 6
743 787 4
744 124 29
744 280 2
744 762 17
745 63 29
746 386 10
751 506 2
752 261 59
752 494 3
752 786 2
754 32 2
759 130 3
760 220 6
760 257 160
760 300 5
761 435 11772
763 668 2
765 513 3
768 68 9
768 226 8
768 326 6
768 502 6
768 608 2
768 666 6
768 736 19
768 738 6
768 926 3
769 34 6
769 277 25
769 350 6
769 640 4
769 773 5
770 67 2
770 211 4
770 515 5
770 663 9
771 128 2
771 793 3
771 800 6
772 0 2
772 32 8
772 130 11
773 1 2
774 8 7
774 936 2
775 48 88
775 921 3
776 101 4
776 155 2
776 586 3
777 84 15
777 200 3
777 318 22
777 539 34
777 554 2
777 608 8
777 641 466
778 330 2
778 389 3
778 707 9
780 14 8
780 16 19
780 193 10
780 552 2
780 707 2
781 222 2
781 496 3
782 226 2
782 405 3
784 1 2
784 514 4
784 549 2
784 634 3
784 841 4
785 45 7
785 257 2
786 521 3
786 576 2
786 914 4
788 25 96
788 324 2262
788 332 2
792 16 3
792 274 2
792 540 8
792 594 2
793 52 9
793 628 3
795 422 4
795 661 9
798 776 3
800 9 2
800 45 10
800 73 13
800 97 2
800 133 19
800 824 2
801 34 40
801 592 2
801 642 578
802 660 19
804 0 4
804 104 3
804 337 7
804 433 21
804 779 2
805 387 3
805 781 6
806 43 3
806 134 3
806 232 798
806 480 3
808 302 5
808 526 1113
808 945 2
810 17 14
810 416 2
812 778 2
814 161 2
814 264 16
814 523 1953
816 18 40
817 784 9
818 253 3
819 538 74743
821 236 2
822 211 517
824 392 7
824 609 2
824 978 6
832 21 2
832 30 5
832 43 2
832 281 8
832 304 57
832 328 3
832 427 2
832 518 4
832 548 2
833 147 6
833 999 196
834 0 6
834 32 2
834 104 3
834 148 2
834 912 2
835 264 16
835 392 2
835 583 424
836 388 20
836 485 7
838 785 17
839 21 57
840 96 2
840 545 3
840 800 15
841 32 66
841 370 2
842 200 4
843 939 3
845 561 2
845 624 3
848 90 2
848 313 4
848 391 9
848 899 9
849 792 2
849 1018 6
850 308 3
850 776 3
851 195 6
852 2 2
852 64 5
852 72 4
852 824 2
854 681 11
856 256 6
856 866 2
857 42 3
862 130 4
863 516 2
864 23 2
864 786 9
866 260 2
867 998 5
868 332 26
870 6 11
870 68 2
871 264 7
872 32 2
872 50 2
872 165 39395
873 9 4
874 360 7
875 164 2
878 258 9
880 611 93
882 42 5
885 601 2
895 603 7
896 330 2
896 868 2
897 39 17
897 115 6
897 523 159
897 1002 2
898 336 12
898 699 2
899 537 3
899 736 4
900 4 3
900 162 4
902 420 12
903 339 3
904 231 3
904 888 2
904 929 2
905 12 2
905 196 2
905 248 43
905 540 17
906 137 17
906 194 16
906 210 2
906 328 150
907 276 20
908 456 10
910 614 2
911 5 2
912 2 2
912 85 2
912 129 7
912 388 4
914 216 6
914 669 22
914 968 6
916 742 12
916 777 2
917 560 2
918 0 77
920 200 7
921 272 2
921 320 2
922 8 2
922 784 2
924 33 2
928 64 12
928 384 2
928 518 2
929 257 2
929 316 2
930 547 43
930 720 3
931 230 8
931 657 9
932 783 92
933 657 2
934 94 2
938 261 4
938 316 2
938 552 2
940 512 2
941 771 2
945 456 17
947 568 2
948 9 4
953 905 2
954 22 12
956 846 2
958 844 4
960 358 2
961 131 2
961 333 4
961 472 2
961 481 2
965 937 2
966 29 2
966 192 19
966 555 88
968 51 2
968 360 34
969 313 5
969 769 12
970 180 2
975 205 2
976 321 2
976 779 5
977 22 11
977 34 4
977 549 3
986 772 90
987 962 2
988 366 2
996 36 111
996 836 2
998 127 3
998 179 2
1000 260 8
1001 286 2
1002 652 3
1003 684 4
1011 36 6
1013 316 4
1020 385 2
1021 643 3
