0 4 16
0 9 15
0 17 7
0 18 2
0 47 2
0 112 8
0 166 2
0 215 5
0 256 2
0 259 2
0 265 4
0 274 2
0 321 2
0 415 3
0 552 2
0 646 50
0 670 17
0 674 7
0 679 6
0 843 2
0 917 2
0 936 7
1 7 2
1 15 3
1 30 5
1 70 4
1 82 25
1 135 13
1 292 5
1 481 13
1 535 11
1 565 599
1 644 2
1 705 2
1 768 2036
1 825 5
1 920 2
2 0 2
2 8 531
2 48 10
2 132 3
2 167 5
2 260 18
2 267 2
2 328 14
2 523 8
2 826 3
3 24 5
3 131 3
3 272 7
3 277 20
3 530 9
3 592 2
3 652 8
3 817 29
4 0 2
4 4 26
4 15 2
4 50 4
4 60 15
4 248 2
4 293 2
4 368 2
4 576 9
4 683 3
4 803 2
4 808 8
5 216 57
5 584 4
5 887 2
6 3 3
6 148 2
6 212 3
6 259 462
6 267 2
6 268 2
6 512 2
6 798 7
6 1002 8
7 110 7
7 715 2
8 1 2
8 2 18
8 19 20
8 32 12
8 42 12
8 58 3
8 202 2
8 272 2
8 386 2
8 393 2
8 486 1969
8 642 11
8 656 2
8 735 3
8 850 2
8 902 22
9 39 16
9 43 18
9 416 11
9 526 2
9 572 12
9 823 2
9 907 2
10 13 2
10 40 6
10 75 2
10 160 8
10 176 2
10 208 4
10 523 9
10 584 6
10 680 6
10 778 2
11 204 2
11 586 58
11 779 2
12 0 4
12 24 3
12 55 110
12 65 76
12 116 33
12 128 106
12 269 2
12 366 18
12 634 4
12 781 3
13 66 7
13 192 2
13 224 2
13 320 2
13 780 2
14 127 2
14 210 1200
14 321 2
14 376 2
14 616 3
15 352 16
15 485 50
15 659 26
15 854 21
16 9 3
16 24 2
16 64 7
16 132 3
16 148 2
16 198 2
16 516 2
16 643 15
16 806 2
17 48 2
17 258 2
18 51 97
18 203 3
18 215 2
18 290 2
18 641 2
18 645 7
19 7 2
19 24 2
19 709 17
20 1 95
20 10 39
20 28 9
20 69 2
20 194 7
20 786 16
21 116 7
21 258 2
21 308 4
22 24 2
22 68 9
22 97 13
22 133 7
22 320 3
22 331 2
23 328 2
23 770 2
23 886 4
24 9 14
24 781 26
24 786 2
24 848 13
24 944 9
26 20 2
26 109 6
26 801 2
27 210 10
27 547 23
28 42 2
28 72 7
28 192 2
28 624 2
28 647 27
29 5 2
29 327 7
29 532 13
29 809 14
30 52 302
30 129 23
30 588 7
31 77 104
31 561 25
32 16 8
32 33 5
32 42 4
32 196 4
32 204 4
32 211 291108
32 276 13
32 514 6
32 612 2
32 641 6291
32 721 2
32 759 4
32 803 9
33 3 11
33 26 3
33 64 20
33 277 9
33 320 3
33 544 2
33 898 18
33 945 6
34 144 2
34 292 2
34 324 3
34 561 3
34 663 2
34 720 4
34 800 2
35 65 2
35 266 6
35 551 2
35 689 11
36 12 3
36 34 2
36 48 3611
36 257 2
36 266 4
36 288 12
36 320 7
36 448 22
36 555 4
36 705 2
36 858 5
37 13 11
37 364 12
37 520 17
37 594 3
37 640 3
38 180 4
38 204 4
38 544 2
39 3 11
39 48 27
39 982 2
40 9 6
40 20 6
40 39 347
40 65 3
40 256 9
40 512 2
40 528 3
40 605 5
40 672 40
40 756 4
40 761 2
40 840 5
40 980 6
41 96 3
41 276 69
41 513 2
41 987 40
42 42 4
42 140 2
42 329 5
42 411 5
42 778 10
42 839 3
43 1 8
43 546 3
44 10 2
44 12 9
44 47 2
44 430 3
44 524 2
44 794 5
45 23 4
45 50 7
45 74 2
45 808 2
45 844 14
46 57 2
47 80 3
48 67 11
48 168 2
48 176 2
48 193 1108829
48 226 23
48 646 3
48 789 5
48 843 2
49 17 50
49 310 3
49 516 2
50 9 2
50 113 2
50 528 2
51 70 2
51 377 2
51 516 2
52 46 2
52 188 2
52 256 3
52 285 13
53 245 12
54 718 2
55 278 4
56 89 2
56 267 9
56 560 2
57 5 2
57 128 5
57 448 2
59 292 2
59 453 6
59 583 2
60 3 3
60 5 3
60 33 2
60 112 15
60 948 27
61 644 7
62 521 4
64 1 2
64 26 2
64 41 3
64 192 2
64 194 5
64 203 5
64 272 3
64 370 22
64 465 2
64 481 4
64 514 2
64 686 4
64 756 21
64 771 2
64 780 2
64 790 11
65 25 10
65 104 280
65 118 2
65 218 2
65 241 2
65 421 2
65 515 4
65 614 4
66 140 2
66 545 8
67 2 20
67 73 2
67 453 15
67 840 3
68 153 2
68 226 2
68 284 20
68 322 2
69 138 18
69 276 4
69 466 8
70 212 2
70 431 6
70 646 3
70 648 234
70 672 9
71 1 2
71 409 2
71 700 48
72 37 4
72 65 17
72 280 2
72 437 3
72 533 2
72 961 2
73 39 4
73 640 13
74 512 2
74 600 2
74 768 9
74 1012 3
75 259 2
76 84 3
76 133 2
76 586 5
76 855 2
77 256 2
77 267 2
77 450 2
77 456 4
78 288 6
78 517 4
78 784 2
78 919 2
79 386 2
80 0 9
80 51 2
80 82 2
80 132 2
80 211 4
80 528 28
80 677 13
81 852 8
82 280 5
83 115 2
83 124 5
83 617 2
83 784 6
84 74 3
85 31 2
85 65 2
86 234 4
86 524 44
87 353 2
87 462 3
87 512 7
87 515 4
88 330 10
88 782 5
89 2 2
89 4 5
89 76 2
90 20 2
90 274 2
90 988 3
91 154 9
91 652 6
91 951 2
92 38 15
92 91 7
93 134 2
93 669 5
94 869 2
94 954 4
96 32 2
96 80 13
96 103 2
96 148 2
96 208 6
96 220 2
96 276 2
96 304 172
96 321 93
96 356 104
96 776 4
96 820 15
97 18 5
97 48 8
97 130 6
97 167 13
97 195 2
97 286 6
97 473 2
97 525 16
98 14 2
98 352 2
98 401 14
98 671 5
98 928 2
99 117 30
99 134 9
100 128 2
100 752 2
100 768 11
100 901 2
101 70 5
101 124 2
101 161 40
101 392 4
101 599 2
102 6 2
102 78 5
102 166 4
102 264 2
103 704 2
104 26 68
104 48 2
104 64 3
104 313 2
104 512 20
104 673 44
105 3 2
105 296 2
105 779 8
106 516 9
106 652 2
107 3 9
108 133 2
108 514 12300
109 707 12
112 0 9
112 1 2
112 3 6
112 28 2
112 84 5
112 107 5
112 165 3
114 68 17
114 416 2
114 452 9
114 872 2
116 33 16
117 106 2
117 803 2
118 565 2
119 446 2
119 836 5
120 0 85
120 76 9
121 536 2
122 24 2
123 600 2
124 304 4
124 348 2
125 268 2
128 10 3
128 58 19
128 208 5
128 320 4
128 362 8
128 375 2
128 376 2
128 453 13
128 628 6
128 770 2
128 806 18
129 0 2
129 39 2
129 88 10
129 163 58
129 584 2
129 707 2
130 78 2
130 273 1075
130 368 48
130 520 135
130 528 7
130 532 7
130 540 2
130 675 2
130 772 2
131 581 3
132 17 4
132 94 2
132 137 37
132 516 139
132 713 2
132 916 2
132 957 2
133 23 2
133 138 6
134 67 97
134 224 10
134 377 2
134 390 2
134 516 6
134 768 11
135 544 2
136 21 36
136 39 2
136 160 2
136 482 2
136 610 2
136 657 5
136 684 6
137 148 7
137 325 8
137 678 26
137 778 5
138 266 5
138 415 30
138 590 204
138 902 2
139 426 2
139 865 138
140 72 2
140 135 2
140 143 6
140 464 2
140 724 4
140 776 2
141 2 2
141 521 5
141 954 2
143 116 3
143 286 3
143 642 2
144 18 2
144 68 112485
144 248 6
144 257 2
144 418 132
144 433 2
144 520 2
144 800 8
145 1 2
145 67 2
145 94 2
145 184 41
145 216 2
145 273 2
145 576 26
146 69 2
146 910 2
147 513 9
147 522 2
148 1 3
148 24 153
148 130 2
148 139 2
148 146 8
148 278 9
148 464 2
148 515 2
148 912 7
149 20 19
149 633 5
149 649 2
150 141 2
150 160 43
150 656 2
151 102 4
151 250 2
153 26 68
153 151 25
153 171 2
153 592 3
153 598 54
153 833 3
153 961 20
156 54 13
156 133 2
156 521 2
156 814 2
157 404 5
160 34 2
160 81 2
160 144 24
160 644 2
160 801 20
161 21 2
161 40 2
161 326 102
161 376 178
161 524 2
161 576 2
161 898 2
162 160 2
162 290 4
162 306 2
163 227 2
163 601 2
164 34 2
164 38 2
164 87 2
164 217 2
164 264 2
164 280 2
164 481 10
164 636 2
164 646 247
165 141 4
165 397 2
166 686 2
167 104 5
167 384 55
167 712 19
168 52 3
168 67 16
168 68 5
168 98 2
168 480 7
169 25 2
169 72 3
169 351 20
169 514 2008
171 144 2
172 8 5743
172 32 189
172 569 24
172 664 2
173 261 35
174 493 12
174 582 2
175 863 2
176 32 15
176 137 8
176 270 8
176 864 5
177 560 7
177 611 2
178 100 4
178 144 2
178 580 22
178 797 5
179 429 2
180 19 6
180 600 4
180 973 4
181 331 67
181 768 3
181 964 7
182 300 4
182 728 18
184 141 2
184 161 2
184 664 2
185 5 2
185 42 2
185 391 3
186 582 8
187 800 3
188 4 6
188 199 4
192 43 2
192 52 2
192 72 2
192 388 2
192 392 2
192 524 7
192 536 10
192 713 3
192 898 12
192 904 9
192 999 3
193 8 13
193 131 12
193 162 2
193 375 14
193 422 22
193 775 3
194 592 38
196 377 2
197 61 25
197 100 7
197 297 11
197 592 13
197 611 9
197 769 5
200 445 32287
200 577 2
200 924 7
201 39 2
201 98 2
201 140 2
202 11 4
203 654 47
204 6 4
204 520 2
205 457 65
206 80 2
206 530 2
208 14 58
208 88 3
209 513 7
209 564 11
210 1 2
210 882 4
211 4 8
212 34 120
212 69 3
212 112 5
212 262 42
212 285 9
214 369 419
214 585 2
216 66 2
216 138 4
216 792 3
217 923 2
219 389 2
220 658 22
222 532 4
222 852 3
225 257 407
225 316 24
225 948 23
226 157 2
227 336 2
227 592 45
227 838 2
228 32 2
228 294 2
230 9 2
231 261 2
231 290 3
232 5 68
232 65 2
232 80 9
232 130 2
232 480 7
233 212 3
233 912 2
234 917 2
235 281 3
235 645 34
238 642 2
239 370 10
239 560 11
240 18 3
240 799 22
240 914 29
241 206 2
241 245 2
244 356 2
244 932 14
245 705 70
246 64 42
248 0 3
248 290 2
248 557 2
248 902 27
250 46 45
253 636 9
256 1 4
256 4 5
256 68 4
256 69 4
256 97 8
256 160 6
256 262 4
256 312 10
256 344 2
256 416 5
256 512 21
256 522 11
256 616 4
256 705 6
256 764 23
256 772 2
256 904 24
256 963 524
256 992 2
257 0 2
257 156 4
257 268 4
257 272 2
257 544 8
257 806 2
257 912 6
257 920 16
257 945 9
258 36 6
258 138 4
258 265 22
258 673 2
258 810 47
258 880 2
259 100 5
259 165 9
259 226 2
259 268 78
259 327 2
260 295 3
260 522 13
260 545 2
260 678 4
260 978 1071
261 67 2
261 356 2
261 672 2
261 995 2
262 32 3
262 134 12
262 193 2
262 256 25
262 906 6
262 1013 2
264 1 2
264 4 11
264 296 3
264 320 2
264 568 28
265 264 2
265 339 68
265 632 2
266 11 6
266 56 2
266 242 3
266 272 3
266 326 8
266 336 2
266 504 9
268 34 11
268 177 7
268 192 117
268 512 2
268 524 4
268 577 18
269 444 9
269 640 14
270 73 6
270 532 2353
270 642 2
272 41 2
272 162 9
272 208 4
272 225 2
272 234 2
272 259 12
272 280 2
272 378 4
272 520 2
272 554 16
272 640 722
272 684 12
272 899 35
273 581 2
273 809 2
274 98 4
274 334 3
275 4 2
275 16 10
275 116 2
275 133 4
275 485 2
275 512 3
276 288 2
276 394 13
276 538 5
276 628 2
276 661 241
277 8 2
277 27 2
277 128 3
277 385 3
278 258 4
279 18 42
279 901 2
280 600 5
281 101 156
282 136 42
282 576 26
282 717 24
282 787 2
283 514 4
284 835 9
285 104 10
286 12 7
286 624 2
286 832 12
287 448 34
288 47 162
288 50 2
288 132 7
288 224 2
288 292 6
288 341 9
288 545 2
288 776 2
289 36 338
289 156 7
289 345 3
289 468 4
289 472 3
289 648 3
289 753 11
289 788 7
290 0 9
290 258 9
290 328 2
290 388 213
291 32 3
291 610 2
291 768 2
292 7 2
292 19 13
292 134 2
292 162 4
292 524 52
292 593 2
293 256 2
293 960 15
294 27 9813
294 742 24
294 864 2
296 57 2
296 84 9
296 131 31
296 231 2
296 260 3
296 288 8
296 336 5
296 409 5
296 516 8
297 167 2
297 325 10
297 544 12
297 742 2
298 75 2
298 800 13
299 291 2
300 29 2
300 140 2
301 777 4
303 292 2
304 8 21
304 42 14
304 63 2
304 212 3
304 258 22
305 11 6
305 34 19
305 163 203
305 576 21
306 36 2
306 918 1237
307 514 13
308 21 3
308 583 3
308 640 23
308 692 18753
308 832 3
308 848 4
309 77 6
309 774 2
310 936 2
314 109 2
314 156 8
314 376 2
314 518 7
315 739 2
316 452 2
318 532 216
318 914 5
320 29 81943
320 315 2
320 407 2
320 428 9
320 468 106
320 641 2
320 720 4
321 4 2
321 262 9
321 768 6
321 834 2
321 1008 8
322 0 2
322 272 47
322 416 2
322 899 13
323 360 129
323 515 2
324 16 2
324 106 2
324 179 1396
324 200 4
324 513 5623
324 530 4
325 74 2
325 145 2
325 192 25
325 720 5
326 11 188
326 32 2
326 116 5
326 280 1746
327 675 5
327 698 2
328 45 3
329 35 5366
329 258 7
329 836 2
330 8 2
330 204 2
331 512 4
332 456 43
332 643 2
334 265 2
334 288 10
335 83 2
335 391 6
336 18 2
336 100 7
336 576 4
336 632 2
337 352 2
337 768 3
337 833 2
338 33 12
338 160 2
338 169 153
340 0 12
340 106 2
340 704 2
341 576 2
342 15 2
342 168 7
342 272 9
342 536 2
343 475 2
344 188 6
344 676 2
346 11 3
346 89 21
347 11 3
347 149 27
347 313 8
348 128 2
348 395 4
349 12 6
352 409 2
352 419 2
352 514 9
352 680 5
352 794 2
352 860 99
353 138 16
353 389 2
353 684 2
354 25 2
354 30 2
354 836 33
354 969 5
355 134 4
355 634 20
356 800 2
357 433 6
357 641 18
358 3 6
358 168 2
358 197 2
360 514 7
360 555 2
360 732 5
360 784 26
360 810 2
361 316 96
362 34 3
363 162 20
366 657 7
368 49 6
368 925 2
371 112 5
371 705 7
372 352 2
375 77 10
379 333 3
380 339 2
381 531 5
382 562 7
384 6 2
384 156 43
384 168 2
384 312 6
384 332 21
384 423 3
384 457 7
384 481 6
384 531 2
384 597 3
384 692 6
384 841 2
384 962 10
385 2 2
385 75 13
385 213 7
385 214 2
385 563 7
386 64 66
386 73 2
386 158 19
386 160 8
386 206 11
386 275 4
386 681 2
386 849 2
386 912 2
387 297 79
387 1016 2
388 332 6
389 596 2
390 566 26
391 8 3
391 461 3
392 38 12
392 336 12
392 674 2
393 577 2
394 80 2
394 590 3
395 4 11
395 558 7
395 647 8
396 6 2
396 546 10
396 777 5
396 915 2
396 960 12
397 132 2
397 305 28
397 518 2
398 943 15
399 9 2
400 10 3
400 21 2
400 144 2
400 712 10
401 58 77
401 277 7
401 284 2
401 673 19
401 932 3
402 68 2
402 80 112
402 769 3
403 98 32
404 209 4
404 298 26
406 677 7
408 66 195
408 405 2
408 576 21
409 66 2
409 105 5
409 417 3
409 888 43
410 520 11
411 20 2
412 6 2
413 640 8
414 932 38
416 52 2
416 279 2
416 292 2
416 531 13
416 832 3
417 577 62
418 16 2
419 7 2
419 62 2
419 844 2
420 32 5
420 288 2
420 424 14
420 538 83
420 545 4
421 400 4
422 736 2
423 384 2
423 651 4
424 481 2
425 161 2
425 261 23
425 746 96
425 776 8
426 644 16
427 580 2
428 32 2
428 194 4
428 620 3
428 880 10
430 8 3
430 68 2
430 203 5
433 197 2
433 398 4
434 734 11
436 641 2
437 2 25
441 21 5
442 146 10
442 691 5
444 769 2
444 801 85
448 92 2
448 513 7
448 655 2
449 321 2
450 450 9
452 48 42
452 136 8
452 512 2
452 513 5
453 368 8
453 661 2
454 437 4
454 634 3
455 640 2
456 367 4
456 376 2
456 774 2
457 906 2
458 101 2
458 743 7
460 197 2
460 462 3
460 566 4
461 901 6
462 516 3
462 641 70
463 916 5
464 928 12
465 531 14
465 902 9
467 211 2
467 300 2
470 713 2
472 256 2
473 6 218
473 600 7
473 800 12
476 775 5
480 0 12
480 665 2
480 731 135
480 928 2
481 288 24
481 416 43
482 64 7
482 208 75
482 285 2
483 276 13
483 555 10
484 841 2
485 134 2
488 3 3
488 269 8
488 334 3
488 565 42029
489 64 2
491 112 7
496 433 2
496 978 2
501 519 2
505 332 2
506 706 9
512 1 2
512 5 5
512 52 13
512 65 2
512 96 2
512 153 2
512 173 2
512 266 3
512 420 2
512 438 10
512 453 5
512 482 4
512 514 4
512 522 20
512 685 2
512 936 2
513 5 2
513 42 2
513 47 3
513 65 11
513 100 2
513 112 2
513 304 2
513 340 2
513 548 14
513 644 9
514 4 2
514 11 4
514 160 2
514 401 3
514 522 5
514 572 2
514 780 2
515 93 2
515 157 2
515 273 20
516 33 2
516 69 4
516 72 4
516 169 2
516 357 204
516 582 2
516 605 7
516 785 3
517 0 4
517 3 30
517 8 2
517 34 3
517 132 4
517 177 38
517 233 3
517 281 2
517 525 2
517 672 5
517 676 4
517 768 2
518 0 2
518 41 2
518 66 2
519 944 2
519 967 4
520 9 8
520 94 2
520 164 4
520 296 22
520 328 2
520 436 569
520 785 8
520 812 11
520 896 9
521 81 2
521 131 136
521 229 6
521 450 2
521 554 2
521 560 9
522 1 14
522 121 102
522 549 27
524 159 2
524 173 3
524 520 4
525 820 2
526 548 3
526 776 3
527 36 2
527 713 2
528 10 2
528 33 7
528 36 2
528 97 3
528 344 3
528 406 49
528 580 4
528 582 9
528 611 13
528 720 61
528 801 13
529 16 8
529 148 6
529 260 2
529 517 2
529 737 3
529 836 2
530 20 2
530 86 2
530 278 6
530 325 2
530 522 2
530 696 21
532 134 5
532 292 5
532 550 2
532 853 2
533 5 11
533 787 2
534 6 2
534 425 2
534 786 4
534 928 3
535 10 9
536 10 7
536 244 2
536 412 32
536 687 2
536 902 2
537 99 19
537 138 22
537 257 55
538 74 5
538 84 4
538 820 2
540 256 258338
540 481 2
541 344 274
541 793 12
544 6 2
544 21 2
544 24 7
544 401 2
544 429 17
544 542 2
544 551 7
544 597 10
544 718 2
545 209 14
545 226 2
545 520 18
545 743 284
546 4 9
546 263 2
546 612 2
546 650 2
546 758 2
546 900 2
547 265 7
547 427 7
547 577 4
548 141 7
548 169 2
548 577 2
548 586 3
549 146 3
549 647 7
550 36 6
550 800 2
551 40 7
552 136 2
552 640 2
552 656 101
552 932 4
553 36 2
553 102 14
553 933 17
554 4 20
554 137 2
554 296 5
555 52 17
555 418 2
556 409 2
557 6 2
557 400 2
557 512 16
557 557 2
557 770 3
559 557 13
560 18 2
560 96 2
560 104 45
561 10 2
561 521 3
561 786 2
561 993 5
562 977 1631
562 992 2
564 28 2
564 656 2
564 659 8
566 4 2
566 44 2
566 132 3
567 793 2
569 385 4
569 522 11
571 100 21
571 457 5
572 36 7
572 64 7
572 257 25
572 370 164
573 797 3
573 886 3
574 18 2
574 533 8
574 696 2
576 4 2
576 5 2
576 19 2
576 48 5
576 76 2
576 133 2
576 172 2
576 193 90
576 228 194
576 325 2
576 371 8
576 525 2
576 607 10
577 72 2
577 222 2
577 236 2
577 292 11
577 401 93
577 577 2
577 661 2
578 96 2
578 120 2
578 136 3
578 554 611
578 572 7
578 575 5
579 80 2
579 136 2
579 621 2
579 789 2
580 64 21
580 507 10
580 528 10
580 598 24
581 645 2
582 633 2
584 833 2
585 64 55
585 208 7
585 217 187
585 354 25
585 389 2
586 64 3
586 530 4
587 608 7
588 784 2
589 389 4
590 276 7
590 300 2
590 520 4
590 788 15
591 147 4
592 2 12
592 322 9
592 528 18
592 585 3
592 856 2
593 429 83
595 58 7
595 557 11
596 33 69
596 91 7
596 385 2
597 387 8
599 569 2
600 115 2
600 562 2
600 573 2
600 575 11
601 335 4
601 431 2
602 480 2
604 913 2
605 80 2
606 807 8
607 288 308
607 393 4
608 176 66
608 185 3
608 522 5
608 576 22
608 648 2
609 28 2
609 210 2
609 768 23
611 125 2
612 534 2
613 840 6
614 265 2
614 936 1571
616 450 5
617 908 7
618 70 2
618 1004 4
619 76 3
619 140 5
621 293 2
623 1000 2
624 579 102
625 5 11
625 261 2
625 530 3
626 8 6
626 104 2
626 114 3
626 528 8
626 608 2
627 3 14
627 418 2
627 977 3
628 76 2
629 446 29
629 528 2
631 24 5
632 18 5
633 812 2
635 546 2
638 161 2
640 4 25
640 6 2
640 16 9
640 181 7
640 246 2
640 258 2
640 369 23
640 421 2
640 467 4
640 525 8
640 584 16
640 659 25
640 938 2
640 952 2
642 512 3
642 562 2
642 724 2
643 775 8
644 387 2
644 660 8
644 756 6
644 769 2
645 4 2
645 25 9
645 963 8
646 289 5
646 388 3
648 76 9
648 98 9704
648 210 21
648 369 2
648 512 8
648 769 6
649 4 2
649 48 7
650 108 49
650 216 3
650 953 2
651 290 22
652 257 2
652 594 5
654 565 18
655 384 2
655 761 16
656 3 2
656 259 2
656 278 14
656 370 2
657 79 2
657 201 28
658 10 3
658 26 2
658 640 23
660 36 2
660 52 2
660 69 4
660 85 2
660 648 5
661 244 2
661 608 2
662 374 2
664 16 26
664 205 2
664 539 5987
664 781 7
665 3 35
665 260 2
666 66 62
667 587 5
668 163 8
668 464 38
668 749 2
670 515 2
672 1 3
672 64 6
672 608 3
672 717 18
673 104 2
673 656 2
674 259 26325
674 401 2
674 672 31
675 257 10
675 470 3
676 52 4
677 121 184
677 641 2
678 237 5
679 556 86
680 20 33614
680 39 9
680 105 28
680 450 6
680 540 3
681 33 7
684 1008 25
686 426 18
686 593 4
689 80 2
690 110 2
691 12 18
692 260 23
692 914 82
693 397 2
693 522 64
694 6 16
694 768 2
694 931 10
694 976 2
695 517 8
695 585 2
696 885 2
697 710 8
700 18 3
700 229 2
700 864 6
701 34 8
701 941 14
704 34 11
704 76 62
704 135 2
704 292 4
704 514 2
705 596 14
705 854 2
706 17 29
706 460 5
706 732 2
708 108 3
709 325 2
709 354 2
709 644 6
709 843 12
710 2 23
711 19 5
712 35 2
712 141 53
712 294 2
712 862 2
713 593 4
713 837 64
716 98 20
716 339 3
716 842 2
719 512 2
721 104 2
721 170 36
721 323 1719
721 584 3
722 82 2
722 100 5
722 104 2
722 258 5
722 393 3
722 398 2
723 142 3
724 20 21
724 596 85
725 44 2
725 65 3
726 322 2
727 200 3
728 227 829
728 350 4
728 712 4
729 578 15
730 332 2
736 24 14
737 64 2
737 288 14
737 610 41032
738 970 2
740 235 2
740 778 6
740 801 32
741 45 2
741 260 5
742 97 36
743 787 11
744 124 2
744 280 2
744 762 10
745 63 3
746 386 50
751 506 18
752 261 4
752 494 40
752 786 2
754 32 6
759 130 2
760 220 15
760 257 3
760 300 3
761 435 2
763 668 8
765 513 2
768 68 2
768 226 8
768 326 4
768 502 2
768 608 4
768 666 3
768 736 10
768 738 4
768 926 2
769 34 31051
769 277 21
769 350 2
769 640 15
769 773 3
770 67 2
770 211 29
770 515 13
770 663 12
771 128 2
771 793 2
771 800 3
772 0 1181
772 32 2
772 130 25
773 1 2
774 8 9
774 936 54
775 48 3
775 921 42
776 101 2
776 155 2
776 586 2
777 84 2
777 200 27
777 318 4
777 539 2
777 554 31
777 608 6
777 641 124
778 330 2
778 389 2
778 707 13
780 14 7
780 16 4
780 193 6
780 552 2
780 707 8
781 222 6478
781 496 2
782 226 2
782 405 4
784 1 2
784 514 75
784 549 10
784 634 5
784 841 8
785 45 3
785 257 2
786 521 2
786 576 3
786 914 2
788 25 2
788 324 2
788 332 5
792 16 18
792 274 12
792 540 8
792 594 2
793 52 37
793 628 2
795 422 2
795 661 12
798 776 9
800 9 2
800 45 2
800 73 8
800 97 3
800 133 10
800 824 4
801 34 51
801 592 4
801 642 2
802 660 5
804 0 2
804 104 12
804 337 11
804 433 24
804 779 2
805 387 2
805 781 2
806 43 2
806 134 617
806 232 26
806 480 4
808 302 3
808 526 2
808 945 2
810 17 10
810 416 2
812 778 1869
814 161 4
814 264 2
814 523 77
816 18 47
817 784 5
818 253 6
819 538 2
821 236 2
822 211 2
824 392 11
824 609 2
824 978 3
832 21 3
832 30 2
832 43 5
832 281 5
832 304 2
832 328 2
832 427 2
832 518 4
832 548 2
833 147 2
833 999 2
834 0 5
834 32 4
834 104 17
834 148 2
834 912 2
835 264 13
835 392 10
835 583 6
836 388 4
836 485 3
838 785 4
839 21 5
840 96 22
840 545 4
840 800 149
841 32 13
841 370 2
842 200 2
843 939 5
845 561 2
845 624 2
848 90 2
848 313 2
848 391 7
848 899 82
849 792 2
849 1018 2
850 308 2
850 776 7
851 195 4
852 2 1925
852 64 14
852 72 7
852 824 8867
854 681 18
856 256 9
856 866 15
857 42 18
862 130 2
863 516 15
864 23 9
864 786 2
866 260 4
867 998 4
868 332 55
870 6 5
870 68 343
871 264 2
872 32 2
872 50 11
872 165 968
873 9 2
874 360 17
875 164 9
878 258 5
880 611 2
882 42 15
885 601 3
895 603 2
896 330 4
896 868 2
897 39 2
897 115 3
897 523 2
897 1002 2
898 336 20
898 699 13211
899 537 20
899 736 6
900 4 3
900 162 18
902 420 26
903 339 6
904 231 4
904 888 2
904 929 2
905 12 9
905 196 6
905 248 6
905 540 9
906 137 2
906 194 11
906 210 2
906 328 6
907 276 3
908 456 2
910 614 12
911 5 3
912 2 3
912 85 33
912 129 9
912 388 4
914 216 2
914 669 2
914 968 4
916 742 2
916 777 2
917 560 2
918 0 2
920 200 2
921 272 6
921 320 7
922 8 8
922 784 4
924 33 2
928 64 3
928 384 2
928 518 3
929 257 3
929 316 2
930 547 43
930 720 3
931 230 2
931 657 12
932 783 6
933 657 2
934 94 2514
938 261 6
938 316 2
938 552 3
940 512 6
941 771 4
945 456 8
947 568 3
948 9 4
953 905 2
954 22 2
956 846 2
958 844 11
960 358 2
961 131 2
961 333 2
961 472 2
961 481 4
965 937 19
966 29 207
966 192 28
966 555 2
968 51 2
968 360 2
969 313 4
969 769 13
970 180 16
975 205 2
976 321 8
976 779 31
977 22 2
977 34 2
977 549 5
986 772 887
987 962 3
988 366 5
996 36 4
996 836 15
998 127 2
998 179 4
1000 260 160
1001 286 3
1002 652 3
1003 684 7
1011 36 23
1013 316 6
1020 385 17
1021 643 4
