0 4 20
0 8 7
0 9 2
0 17 2
0 18 2
0 29 2
0 47 3
0 112 2
0 135 5
0 150 2
0 156 2
0 256 8
0 265 2
0 274 4
0 321 3
0 352 11
0 415 4
0 552 111
0 618 2
0 646 2
0 674 5
0 843 5
0 917 6
0 936 464
1 15 2
1 30 12
1 37 2
1 135 12
1 357 5
1 481 86
1 535 2
1 644 67
1 768 2
1 825 35
1 920 3
2 0 4
2 8 3
2 48 2
2 132 7
2 167 4
2 260 10
2 267 2
2 328 7
2 523 2
2 826 331
3 24 25
3 277 2
3 530 2942
3 652 2
3 817 3
4 0 23
4 4 3
4 15 2
4 24 8
4 50 335
4 60 10
4 64 10
4 248 2
4 284 4
4 293 2
4 517 4
4 683 8
4 803 7
4 808 28
5 18 22
5 216 6
5 584 4
5 887 68
6 3 2
6 148 8
6 212 156
6 259 108
6 267 2
6 268 17
6 512 2
6 798 5
6 1002 2
7 237 448
7 715 50
8 1 3
8 2 2
8 19 2
8 32 2
8 42 6
8 58 2
8 202 2
8 273 9
8 386 12
8 486 2
8 552 21
8 642 2
8 656 179
8 735 6
8 850 5
8 902 427
9 39 4
9 43 2
9 416 1732
9 572 16
9 823 34
9 907 30
10 13 32
10 40 2
10 75 2
10 84 2
10 160 2
10 176 12
10 208 2
10 523 8
10 599 19
10 680 4
10 778 15
11 204 2
11 586 58
11 752 3
12 0 2
12 24 2
12 116 284
12 128 153
12 269 8
12 366 13
12 634 5
12 781 2
13 66 2
13 192 270
13 224 81
13 780 4
14 152 317
14 210 8
14 321 2
14 376 5
14 616 13
15 352 5
15 485 2
16 9 2
16 24 6
16 64 4
16 132 29
16 148 6
16 198 2
16 516 23
16 643 5
16 806 2
17 129 2
17 258 2
18 51 4
18 215 2
18 290 2
18 641 2
18 645 2
19 7 2
19 24 2
19 657 6
19 709 2
20 10 2
20 28 2
20 36 62
20 176 4
20 323 2
20 786 13
21 308 14
22 24 2
22 97 2
22 133 12
22 281 10
22 331 2
22 565 9
23 328 2
23 770 16
23 886 5
24 9 2
24 533 4
24 781 42
24 786 2
24 848 2
24 944 2
25 523 3
25 592 5
26 20 2
26 109 2
26 801 4
27 130 18
27 549 2
28 42 2
28 72 2
28 203 2
28 647 28
29 1 2
29 327 3
29 532 3
30 52 14
30 129 17
31 77 2
31 561 2
32 16 2
32 33 10
32 42 3
32 72 4
32 196 2
32 204 52
32 211 3
32 219 2
32 276 15
32 414 2
32 514 5
32 612 2
32 641 11
32 721 2
32 759 10
32 803 3
32 848 76
33 2 13
33 3 10
33 31 3
33 64 20
33 276 55
33 320 2
33 544 2
33 785 2
33 898 3
33 945 13
34 292 2
34 324 6
34 561 7
34 663 3
34 720 2
35 65 4
35 266 10
35 689 2
36 12 4
36 34 5
36 48 13
36 257 30
36 266 2
36 288 5
36 320 2
36 555 2
36 705 567
36 858 5
37 2 16
37 13 2
37 364 5
37 594 2
37 640 22
37 673 4
38 180 2
38 204 3
39 3 16
39 48 3
39 520 58
39 982 89
40 20 2
40 39 2
40 65 43
40 256 2
40 512 2
40 528 21
40 605 4
40 672 2
40 756 320
40 761 6
40 840 2
40 980 5
41 96 4
41 263 474
41 276 3
41 321 34
42 42 2
42 140 2
42 329 5
42 411 2
42 778 7
43 1 8
43 546 2
44 10 416
44 12 2
44 430 3
44 524 2
44 794 2
45 23 276
45 50 16
45 266 2
45 615 9
45 808 2
47 80 2
48 168 3
48 176 212
48 193 4
48 198 2
48 226 6
48 646 2
48 708 81
48 789 2
48 932 13
49 17 99
49 313 8
49 516 211
50 9 3
50 113 79
51 70 6
51 377 2
52 46 9
52 188 9
52 256 2
52 390 5
53 146 2
54 718 9
56 89 480
56 267 6
56 472 2
56 544 3
56 560 2
57 5 3
57 33 6
57 128 2
58 113 7
58 470 2
59 58 2
59 292 16
59 453 5
59 583 2
60 3 14
60 5 7
60 33 4
60 948 6
61 644 2
61 648 2
62 521 290
62 612 2
64 1 5
64 26 2
64 192 20
64 197 2
64 203 2
64 272 377
64 465 14
64 686 2
64 756 207
64 771 22
64 780 65
64 790 3
65 25 2
65 61 3
65 96 2
65 104 2
65 118 2
65 241 7
65 274 28
65 515 5
65 571 2
65 614 2
66 140 10
66 545 2
67 2 13
67 16 2
67 20 15
67 37 2
67 73 2
67 453 667
67 482 9
67 840 348
68 153 6
68 192 350
68 226 95
68 322 17
68 576 12
69 138 17
69 466 7
69 529 2
69 572 2
70 109 16
70 212 4
70 431 2
70 642 4
70 646 2
70 648 2
70 672 2
71 264 2
71 409 6
71 700 2
72 37 38
72 65 9
72 280 6
72 437 4232
72 533 4
73 39 9
73 640 1471
73 870 2
73 999 4
74 512 49
74 548 2
75 259 2
75 576 2
76 76 2
76 133 2
76 262 6
77 256 11
77 267 2
77 450 5
77 456 35
78 288 2
78 517 6
78 784 37
78 919 7
79 165 2
80 0 244
80 51 14
80 82 11
80 132 2
80 528 11
80 677 25
80 920 2
81 807 3
81 852 5
82 280 2
82 283 2
83 115 5
83 124 1029
83 304 2
83 617 4338409
83 784 2
84 64 4
84 74 290
84 216 5
84 490 2
85 31 12
86 234 2
86 524 6
87 353 2
87 462 13
87 512 22
87 515 27
88 330 4
88 782 2
89 2 99
89 4 2
90 20 58
90 274 8
90 843 5
90 977 3
90 988 2
91 154 32
91 652 29
91 951 2
92 38 9
92 91 2
93 134 18
93 669 2
94 869 8
94 954 39
95 20 2
96 32 5
96 148 25260
96 208 3
96 220 2
96 276 2
96 304 7
96 321 9
96 356 11
97 48 33
97 144 3
97 167 2
97 195 2
97 286 8
97 473 3
98 14 5
98 352 38
98 401 2
98 671 2
98 928 10
99 117 2
99 134 37
99 249 7
100 128 2
100 294 4
100 752 4
100 768 2
101 70 5
101 124 2
101 161 7
101 169 31
101 392 11
101 599 3
102 6 2
102 78 2
102 166 2
102 264 7
103 704 2
104 26 7
104 28 11
104 48 11
104 64 15
104 132 6
104 313 2
104 512 28
104 673 2
105 3 10
105 296 2
105 779 2
106 516 3
106 652 2
107 3 4
107 129 84
108 514 2
108 825 6
109 707 2
111 12 2
112 0 10
112 1 4
112 3 6
112 28 2186
112 84 2
112 107 12
112 165 3
112 776 2
114 68 6
114 416 36
114 452 2
114 497 3
114 872 7030
116 33 3
117 106 5
119 446 2
119 836 2
120 0 2
120 76 8
122 185 6
122 294 33
123 600 2
124 304 11
124 348 7
125 268 2
128 1 2
128 10 20
128 58 3
128 134 2
128 208 11
128 320 2
128 362 6
128 375 2
128 453 2
128 628 14
128 770 4
128 806 6
129 0 5
129 10 386
129 37 97
129 88 3
129 163 2
129 584 2
129 707 5
130 78 18
130 272 10
130 273 2
130 368 2
130 520 8
130 528 10
130 532 13
130 540 12
130 675 2
130 772 2
130 980 2
131 581 5
132 6 2
132 94 181
132 137 14
132 372 2
132 516 2
132 713 12
132 916 26
132 957 3
133 23 34
133 138 2
133 614 2
134 67 3
134 224 4
134 377 2
134 390 6
134 516 4
134 768 2
135 544 2
136 21 29
136 39 13
136 160 8
136 482 24
136 610 5
136 684 15
136 831 10
137 148 2
137 256 2
137 259 2
137 325 42
137 678 28
137 778 8
138 266 3
138 415 2
138 590 2
138 902 2
139 426 3
139 865 6
140 72 3
140 135 2
140 464 2
140 776 2
141 2 2
141 521 12
141 954 13
143 116 2
143 187 2
143 286 4
143 642 2
144 18 8
144 68 2
144 248 2
144 257 3
144 418 14
144 800 2
145 1 2
145 2 3
145 94 2
145 184 11
145 216 105
145 273 2
145 392 6
145 513 2
145 576 31
146 69 4
146 146 62
146 396 2
146 910 2
147 513 18
147 522 5
148 24 2
148 130 91
148 139 2
148 146 2
148 464 9
148 515 2
148 912 11
149 20 13
150 141 8
150 160 19
151 132 8
151 207 3
151 250 22
153 26 3
153 151 3
153 171 2
153 592 2
153 598 2
153 833 23
153 961 3
156 54 2
156 521 2
156 814 2
157 404 13
158 104 3
160 34 2
160 81 5
160 144 5
160 452 2
160 644 5
160 801 2
161 21 2
161 40 63
161 326 2
161 376 3
161 524 9
161 576 2
161 717 3
161 898 4
162 160 23
162 306 2
162 517 2
163 361 5
163 601 2
164 34 2
164 38 4
164 217 2
164 329 25
164 481 2
164 646 3
165 141 13
165 397 2
166 686 2
167 104 2
167 289 7
167 384 3
167 456 13
167 712 846
168 8 2
168 67 2
168 68 40
168 98 4
169 72 7
169 351 28
169 514 31
171 144 2
171 810 6
172 8 11
172 32 2
172 569 3
172 664 5
173 261 5
174 493 3
174 582 6
175 863 2
176 32 7
176 137 4
176 273 109
176 916 4
176 932 6
177 128 2
177 280 2
177 611 2
177 744 30
178 100 1563
178 144 2
178 580 2
178 797 6
179 429 2
180 19 11
180 152 2
180 600 2
180 973 14
181 97 2
181 768 2
181 964 17767
182 300 5
182 672 20
182 728 2
184 141 2
184 161 8
184 664 198
185 5 7
185 42 5
185 391 12
186 272 40
186 582 3
188 199 9
192 43 3
192 52 2
192 72 1371
192 177 15
192 388 7
192 392 2
192 524 146
192 536 2
192 713 7
192 898 5
192 904 2
192 999 3
193 8 2
193 28 12
193 120 2
193 131 2
193 162 7
193 375 2
193 422 2
193 718 5
193 775 17
194 321 14
194 592 2
194 677 23
196 81 2
196 286 2
196 377 2
197 61 3
197 100 2
197 297 2
197 611 2
197 769 3
198 3 2
198 196 2
198 812 3
200 146 2
200 924 2
201 140 3
202 11 4
203 654 3
204 6 2
204 520 6
206 80 6
208 14 11
208 534 2
209 55 7
209 513 5
209 564 2
210 1 2
210 882 2
211 4 3
212 69 4
212 262 3
212 285 7
212 673 2
213 64 3
214 369 6
214 585 2
216 138 8
216 792 2
217 923 5
219 389 3
220 176 2
222 532 2
225 257 3
225 316 9
225 948 4
226 157 19
227 336 6
227 592 8
227 838 241
230 9 9
231 290 378
232 5 81
232 65 858
232 80 5
232 480 2
233 212 42
233 912 95
234 848 193
235 281 17
235 645 2
237 91 2
238 620 7
238 642 16
239 370 2
239 560 3
240 18 2
240 66 22
240 914 7
241 206 9
242 156 3
244 33 4
244 356 2
245 705 10
246 64 2
247 626 14
248 0 6
248 290 25
256 1 6
256 5 2
256 68 2
256 69 7
256 160 2
256 243 7
256 262 3
256 312 2
256 512 12
256 522 2
256 616 20
256 705 6
256 764 3
256 772 3
256 904 6
256 992 3
257 0 2
257 156 23
257 268 2
257 272 6
257 544 2
257 680 100
257 806 2
257 912 549
257 945 3
258 24 2
258 34 22
258 36 407
258 138 2
258 673 2
258 810 1631
258 880 8
259 226 2
259 327 2
259 532 3
260 256 7
260 295 1526
260 522 8
260 545 5
260 678 2
261 72 2
261 356 2
261 672 3
261 995 2
262 32 15
262 134 2
262 193 4
262 256 4
262 906 2
262 1013 14
264 1 5
264 4 10
264 320 9
265 632 12
266 11 2
266 56 2
266 272 11
266 336 2
268 12 2
268 177 3
268 524 2
268 577 12
269 444 2
269 640 14
270 532 3
270 642 2
272 162 2
272 208 15
272 225 2078062
272 234 485
272 259 19
272 378 2
272 520 16
272 640 12
272 684 9
272 899 7
273 693 13
273 809 3
273 903 3
274 98 2
274 334 64
275 4 4
275 16 2
275 116 2
275 485 2
275 512 4
276 288 3
276 392 217
276 538 2
276 628 2
276 661 2
277 8 2
277 27 154
277 128 2
278 258 2
279 18 2
279 901 2
280 82 4
280 600 2
280 674 2
281 101 2
282 136 539
282 576 3
282 717 2
285 104 18
286 12 2
286 624 2
286 832 64
287 448 2
287 802 2
288 47 20
288 50 2
288 132 2
288 224 2
288 292 2
288 341 3
288 545 2
289 36 155
289 60 6
289 156 9
289 468 2
289 472 17
289 753 2
289 788 8
290 0 2
290 258 2
290 328 6
290 388 2
291 32 8
291 610 149
291 768 7
291 967 6
292 7 20
292 19 2
292 134 5
292 162 2
292 524 2
293 256 2
293 960 2
294 742 2
294 864 23
296 57 159
296 131 5
296 231 2
296 260 25
296 288 4
296 336 48
296 409 2
296 516 141
297 167 255
297 325 82
297 389 6
297 742 2
298 75 15
298 800 2
299 78 2
299 291 20
300 140 2
301 274 2
303 292 2
304 6 7
304 8 4
304 42 3
304 63 19
304 106 13
304 212 5
304 258 3
304 292 2
305 11 3
305 34 45
305 576 2
306 36 588
306 918 117
307 514 2
308 583 2
308 640 16
308 692 60
308 832 2
308 848 2
309 77 2
310 44 6
310 936 11
312 514 2
314 109 2
314 156 6
314 376 2
314 518 4
315 739 293
316 452 14
318 532 6
318 914 2
320 29 155
320 407 3
320 428 2
320 468 13
320 641 2
320 720 3
321 4 11
321 262 3
321 337 1468
321 768 26
321 1008 2
322 0 8
322 80 2
322 196 4
322 902 2
323 515 2
324 16 2
324 106 12
324 167 9
324 179 206
324 200 13
324 513 20
324 530 12
325 6 3
325 74 3
325 145 9
325 614 26
325 720 2
326 11 2
326 16 25
326 32 102
326 116 2
327 675 26
327 698 2
328 45 7
328 853 2
329 35 2
329 258 2
329 836 11
330 8 7
330 204 363
331 512 379
332 456 13
332 643 10
334 265 2
334 288 15
335 83 2
335 391 3
336 18 280
336 100 2
336 576 9
336 632 16
337 352 2
337 833 2
338 33 2
338 160 9
338 169 2
339 42 5
340 0 2
340 106 25
340 704 2
340 763 3
341 576 2
342 15 2
342 272 2
342 536 25
343 475 2
344 188 2
344 676 25
345 32 2
345 728 8
345 992 3
346 11 2
346 89 2
347 11 3
347 149 2
347 313 2
348 395 10
349 12 16
352 419 5
352 514 8
352 680 8
352 794 2
352 860 33
353 389 373
353 684 3
354 25 2
354 30 5
354 288 3
354 969 3
355 134 2
355 634 40
356 800 2
357 641 3
358 3 2
358 168 2
358 197 2
360 514 2
360 555 2
360 732 10
360 810 2
361 266 11896
361 316 2
362 34 9
363 162 7
363 424 5
364 740 2
366 657 2
368 49 36
368 738 2
368 925 3
371 112 16
371 705 77
371 772 3
372 352 247
375 77 2
376 193 3
379 333 20
380 339 2
381 531 2
384 5 42
384 6 47
384 156 2
384 168 2
384 332 5
384 457 2
384 481 2
384 531 13
384 571 2
384 597 2
384 692 2
384 841 2
385 2 3
385 213 11
385 214 2827
385 513 2
385 563 2
386 64 2
386 73 8
386 158 2
386 160 49
386 275 2
386 846 7
386 912 5
387 147 2
387 297 2
387 545 2
387 1016 6
388 332 2
389 596 997
391 8 27
392 336 14
392 553 3
392 674 30
393 577 3
394 80 7
394 211 2
394 590 31
395 4 88
395 558 3
395 647 2
396 6 2
396 454 29
396 536 3
396 546 2
396 777 43
396 915 2
396 960 6
397 132 9
397 305 4
397 518 2
398 943 47
399 9 3
400 10 2
400 21 7
400 144 43
400 712 2
401 16 4
401 58 744
401 277 2
401 673 5
401 932 4
402 80 2
402 769 2
403 20 2
404 209 24777
405 160 6
406 677 20
406 928 2
407 591 2
408 66 2
408 405 2
408 576 8
409 66 29
409 417 2
409 888 30
410 520 8
411 20 2
412 6 3
413 640 19
416 52 2
416 279 2
416 292 449
416 531 2
416 832 2
417 577 2
418 16 2
419 7 2
419 62 2
419 844 14
420 32 2
420 114 2
420 288 2
420 538 2
420 545 7
421 400 23
423 384 2
423 651 2
425 161 982
425 261 3
425 776 7
426 644 3
427 580 253
428 32 5
428 194 2
428 620 10
428 880 5
430 68 8
430 203 235
433 24 60
433 197 3
434 734 9
436 597 2
437 2 2
442 146 302
442 691 2
444 769 41
444 801 34
448 92 2
448 513 2
448 655 2
452 48 52
452 136 2
452 205 9
452 488 8
452 512 2
452 513 42
453 368 2
453 661 5
454 9 2
454 437 5
454 634 3
455 640 6
456 105 2
456 376 2
456 774 8
457 906 2
458 101 2
458 743 14
460 197 10
460 566 9
462 516 2
462 641 32
463 916 6
464 265 2
464 928 4
465 531 2
465 761 2
467 211 2
467 300 10
469 425 2
472 226 8
472 256 2
472 801 9
473 6 13
473 800 2
480 0 2
480 665 5
480 928 7
481 288 3
482 64 21
482 208 6
482 285 12
483 276 2
485 134 2
488 3 4
488 565 38
489 64 2
491 112 18
496 433 5
496 978 2
501 519 63
504 267 2
505 332 2
506 706 7
512 1 17
512 5 19
512 65 6
512 96 4
512 153 10
512 173 6
512 266 5
512 420 3
512 438 14
512 453 2
512 482 8
512 514 10
512 522 5
512 685 10
512 936 5
513 5 64
513 47 2
513 65 23
513 112 2
513 304 11
513 315 3
513 340 2
513 548 2
513 640 3
514 11 7
514 36 17
514 160 254
514 401 7
514 452 6
514 522 2
514 572 11
514 780 2
515 93 4
515 157 2
515 273 2
516 33 7
516 72 2
516 169 2
516 357 2
516 385 2
516 442 2
516 555 2
516 582 2
516 605 8
516 779 5
516 785 9
517 0 17
517 8 3
517 34 12
517 177 6
517 281 3
517 525 4
517 672 4
517 676 31
517 768 23
518 0 2
518 41 7
518 66 7
519 517 6
519 944 10
519 967 9
520 9 3
520 94 23
520 164 22
520 296 81
520 328 2
520 436 8
520 785 169
520 812 2
520 896 29
521 81 2
521 229 10
521 546 2
521 554 18
521 560 2
521 609 5002
522 121 10
522 234 2
522 549 3
522 652 29
523 650 1412
524 173 2
524 520 3
525 134 5
525 820 2
526 548 2
526 776 2
527 36 4
527 713 2
528 10 7
528 33 2
528 36 3
528 97 6
528 144 2
528 156 2
528 344 8
528 406 12
528 512 2
528 580 2
528 582 2
528 720 2
528 801 5
529 16 2
529 260 2
529 423 7
529 517 2
529 520 5
529 836 7
530 86 2
530 132 2
530 325 13
530 696 2
532 134 2
532 292 5
532 550 3
532 853 82
533 5 4
533 37 7
533 787 2
534 425 2
534 786 4
534 928 11
535 10 2
536 10 8
536 412 9
536 687 4
536 902 2
537 99 51
537 138 3
537 257 61
537 478 6
538 74 2
538 84 7
538 820 5
540 256 3
540 481 3
541 344 13
541 793 579
544 6 84
544 21 2
544 24 2
544 151 2
544 160 13
544 401 3
544 416 7
544 536 2
544 542 5
544 597 15
544 718 2
545 209 23
545 226 3
545 914 45599
546 2 9
546 4 4
546 263 8
546 612 7
546 650 11
546 758 5
546 900 15
547 265 17
547 427 2
547 577 13
548 141 8
548 169 5
548 577 7
548 586 2
549 68 2
549 97 2
549 288 6
549 530 14
549 647 4
550 649 6
550 800 2
551 40 2
551 89 2
552 136 235
552 656 9
552 932 4
553 102 17
553 933 2
555 52 3
556 409 6229
557 6 2
557 370 24
557 400 38
557 557 3
557 770 2
557 938 177
559 557 8
560 18 9
560 32 11
560 168 10
560 354 2
561 10 1430
561 444 7
561 521 8
561 786 2
562 977 6
562 992 2
563 20 5
563 410 2
564 659 26
565 105 15
566 4 7
566 132 5
567 793 3
569 385 2
569 522 8
571 100 18
571 457 10
572 36 36
572 64 2
572 257 2
572 370 4
572 777 17
573 797 3
573 886 2
574 18 2
576 4 2
576 5 4
576 19 8
576 48 64
576 76 27
576 133 5
576 172 16
576 193 2
576 371 2
576 547 31
576 607 2
577 72 4
577 236 12
577 401 2
577 661 2
577 997 2
578 26 32
578 96 28
578 120 2
578 136 2
578 554 3
578 572 2
578 575 2
579 136 6
579 621 2
579 789 73
580 64 14
580 507 2
580 598 6
581 645 27
582 633 2
583 129 2
585 64 66
585 208 348
585 354 4
586 64 2
586 530 2
586 658 54
588 784 2
589 389 2
590 276 3
590 300 3
590 520 2
590 788 2
591 147 2
592 4 6
592 148 54
592 322 22
592 528 2
592 585 2
593 429 15
595 58 5
595 557 2
596 33 277
596 91 3
596 385 3
597 387 6
599 176 2
599 569 2
600 562 4
600 575 2
601 335 10
601 431 2
602 480 2
604 913 2
605 80 2
606 281 100
606 807 7
607 288 2
607 393 6
608 176 3
608 522 6
608 648 4
609 28 18
609 210 2
609 225 2
609 526 6
610 24 22
611 125 3
612 170 4
612 534 61
613 840 24
614 265 27
614 936 14
616 81 2
616 450 5
616 806 19
617 374 8
617 908 5
618 70 2
619 76 14
619 231 20
621 293 3
623 1000 2
624 579 14
625 5 2
625 261 3
625 530 2
626 104 5
626 528 2
627 418 197
627 769 8
627 977 6
629 446 15
629 528 9
631 24 7
632 18 7
633 812 3
637 73 28
638 161 5
640 4 19
640 6 12
640 160 2
640 181 29
640 258 2
640 369 2
640 421 2
640 467 2
640 525 4
640 584 3
640 659 32
640 732 4
640 952 2
641 192 13
642 512 2
642 562 3
642 724 122
643 775 14
644 660 18
644 756 3
644 769 4
645 4 2
645 25 9
645 548 3
645 963 2
646 289 2
646 388 4
648 76 2
648 98 2
648 210 2
648 301 17
648 369 3
648 512 2
648 694 29
648 769 9
649 4 40
649 48 7
650 108 5217
650 953 11
651 290 2
652 594 2
655 384 6
655 761 2
656 3 2
656 259 2
656 278 2
656 370 4
657 79 26
657 201 2
658 10 13
658 26 2
658 226 2
658 640 23
660 36 4
660 52 11
660 69 7
660 85 2
661 244 3
661 608 2
662 374 6
664 16 5
664 205 106
664 539 2
664 781 122
665 260 2
666 66 4
667 587 13
668 464 9
668 749 2
670 515 7
672 1 2
672 129 2
672 514 2
672 608 13
672 717 2
673 656 3
674 259 2
674 288 4
674 401 9
674 672 6
675 257 2
675 470 2
676 52 3
677 121 207
677 641 2
678 237 7
679 556 16
680 20 15
680 39 8
680 450 2
680 540 2
681 33 18
682 156 15
683 278 9
684 1008 12
686 426 188
686 593 2
688 385 4
689 80 2
690 110 2
691 12 2
692 260 16
692 914 2
693 397 2
693 522 2
694 6 2
694 768 10
694 976 3
695 517 18
695 585 19
696 885 2
697 710 4
700 18 2
700 229 2
700 864 10
701 34 19
701 941 2
704 34 2
704 135 2
704 292 2
704 370 4
704 514 5
704 673 8
705 596 71
705 854 2
706 17 4
706 161 2
708 108 5
709 325 2
709 354 9
709 644 3
709 843 18
710 2 24
711 19 7
712 35 3
712 141 8
712 283 3
712 862 2
713 837 2
716 98 2
716 339 4
716 649 17
719 512 4
720 7 3
720 144 7
720 803 8
721 0 2
721 170 2
721 323 10
721 584 50
722 82 2
722 100 11
722 104 3
722 146 6
722 258 116
722 393 3
722 398 6
722 464 24
723 142 3
724 20 2
725 44 4
725 65 2
726 322 2
727 200 7
728 227 55
728 350 3
728 712 2
729 578 17
730 332 7
736 24 8
737 25 4
737 64 31
737 288 2
737 610 2
738 970 128
740 235 2
740 778 3
741 45 196
741 260 2
742 97 2
743 787 3
744 124 4
745 63 5
746 536 2
752 261 6
752 494 2
752 786 17
754 32 2
759 130 13
760 40 2
760 220 6
760 257 193
760 300 128
763 668 704
768 68 6
768 226 2
768 502 4
768 608 16
768 666 8
768 736 3
768 738 2
769 34 2
769 350 2
769 773 21
770 67 27
770 211 2
770 515 11
771 128 11
771 793 17
771 800 6
772 32 2
772 130 2
773 1 2
774 8 2
774 936 3
775 48 10
776 101 8
776 586 3
776 697 3
777 6 8
777 84 2
777 318 8
777 539 2
777 554 12
777 608 2
777 641 240
778 707 4
780 14 2
780 16 1834
780 193 16
780 552 2
780 707 2
780 901 3
781 222 3
781 496 8
782 226 3
782 405 12
784 1 12
784 514 2
784 549 2
784 569 2
784 604 8
784 634 5
784 841 5
785 45 4
786 142 3
786 521 6
786 576 2
786 914 8
787 199 2
788 25 3
788 332 18
792 16 2
792 540 4
792 594 224
793 52 2
793 498 2
793 628 9
795 422 2
795 661 6
798 776 10
800 9 2
800 45 5
800 73 3
800 97 2
800 133 17
800 824 2
801 34 2
801 312 46
801 592 2
801 642 3
802 660 2
802 769 24
804 0 5
804 337 4
804 779 2
805 387 2
805 781 186022
806 43 3
806 134 2
806 232 2
806 326 3
808 302 3
808 526 88
808 777 9
808 937 6
808 945 2
810 17 2
810 416 3
812 778 2
814 264 23
814 523 31
814 905 2
816 18 291
816 24 157
817 784 3
818 253 2
819 69 2
819 538 2
821 236 3
824 609 4
824 978 7
828 592 21
830 356 51
832 30 2
832 43 7
832 281 27
832 304 36
832 328 3
832 427 2
832 518 4
833 999 8
834 32 23
834 148 10
834 912 9
836 86 2
836 388 2
836 485 2
838 785 34
839 21 2
840 96 5
840 545 4
840 800 10
841 32 8
841 370 11
842 132 14
842 200 9
844 584 6
845 624 7
848 90 300
848 188 6
848 313 2
848 899 5
849 792 7
849 1018 2
851 195 4
852 2 14
852 64 9
852 72 44
852 824 143
854 681 2
856 256 9
856 866 2
857 42 2
862 130 2
863 516 22
864 23 69
866 260 7
867 998 2
868 332 71
870 6 2
870 68 2
871 264 181
872 32 2
872 50 2
872 165 2
873 9 2
874 360 2
875 164 2
878 258 8
880 611 3
882 42 257
884 802 2
885 601 4
894 392 168
895 603 3
896 330 52
896 868 2
897 39 5
897 115 5
897 1002 9
898 699 50
899 537 2
899 736 3
900 4 2
900 162 2
900 313 2
902 131 4
902 420 3
904 112 62
904 231 15
904 552 27
904 888 4
904 929 5
905 12 5
905 196 9
905 248 8
905 540 34
905 572 2
906 137 2
906 194 17
906 210 10
907 276 4
908 456 12
910 614 15
911 5 15
911 896 2
912 2 2
912 85 2
912 129 2
912 388 2
914 216 2
914 669 2
914 968 4
915 431 10
916 742 2
916 777 5
917 560 115
917 912 2
918 0 2
920 200 3
921 272 2
921 320 4
922 784 4
924 33 2
927 190 2
928 64 4
928 384 11
928 516 2
928 518 71
929 10 2
929 257 2
929 316 2
930 547 100
930 720 10
931 230 2
931 657 2
932 274 75
932 783 2
933 657 4
934 94 53
938 261 66
938 552 2
940 512 2
941 771 4
944 165 2
944 756 4
945 456 2
946 205 15
947 568 2
948 9 2
952 37 20
953 905 11
954 22 2
956 846 2
960 358 10
961 131 2
961 291 2
961 472 2
961 481 2
963 130 8
965 937 2
966 29 2
966 192 15
966 197 2
966 555 2
968 51 6
968 352 4
969 313 2
969 769 2
970 180 80
971 566 2
975 205 2
976 779 2
977 22 6
977 549 11
984 324 2
984 483 6
986 772 9
987 962 2
988 366 18
990 35 5
996 836 2
998 179 9
1000 260 214
1001 286 11
1002 652 9
1002 912 3
1004 129 5
1011 36 3
1013 316 5
1018 358 2
1020 371 24
1021 643 7
