0 4 3
0 9 33
0 17 6
0 18 35
0 47 8
0 112 3
0 166 2
0 215 14
0 256 34
0 259 245
0 265 9863
0 274 2
0 321 2
0 415 32
0 552 143
0 646 2
0 670 6
0 674 2
0 679 3
0 843 2
0 917 2
0 936 19
1 7 2
1 15 76
1 30 3
1 70 22
1 82 2
1 135 4
1 292 2
1 481 7
1 535 8
1 565 6
1 644 2
1 705 2
1 768 105372
1 825 8
1 920 17203
2 0 3
2 8 2
2 48 2
2 132 2
2 167 2
2 260 21
2 267 2
2 328 14
2 523 2
2 826 22
3 24 15
3 131 4
3 272 2
3 277 6
3 530 6
3 592 3
3 652 11
3 817 2
4 0 2
4 4 3
4 15 2
4 50 2
4 60 6
4 248 6
4 293 2
4 368 21
4 576 4
4 683 2
4 803 2
4 808 2
5 216 20
5 584 2
5 887 2
6 3 67
6 148 7
6 212 2
6 259 15
6 267 2
6 268 2
6 512 12
6 798 8
6 1002 3
7 110 3
7 715 191
8 1 2
8 2 4
8 19 2
8 32 33
8 42 16
8 58 2
8 202 5
8 272 6
8 386 16
8 393 2
8 486 84
8 642 6
8 656 13
8 735 2
8 850 4
8 902 2
9 39 20
9 43 2
9 416 3
9 526 2
9 572 7
9 823 3
9 907 3
10 13 22
10 40 11
10 75 623
10 160 5
10 176 23
10 208 2
10 523 10
10 584 9
10 680 253
10 778 25
11 204 2
11 586 7
11 779 5
12 0 11
12 24 4
12 55 2
12 65 2
12 116 3
12 128 2
12 269 24
12 366 16
12 634 2
12 781 6
13 66 2
13 192 21
13 224 132
13 320 2
13 780 4
14 127 2
14 210 4
14 321 2
14 376 5
14 616 32
15 352 9
15 485 2
15 659 2
15 854 22
16 9 2
16 24 895
16 64 2
16 132 12
16 148 7
16 198 745
16 516 5
16 643 10
16 806 3
17 48 2
17 258 70
18 51 21
18 203 28
18 215 9
18 290 80684
18 641 31
18 645 3
19 7 2
19 24 6
19 709 4
20 1 2
20 10 2
20 28 4
20 69 2
20 194 3
20 786 2
21 116 2
21 258 19
21 308 6
22 24 2
22 68 9
22 97 2
22 133 2
22 320 2
22 331 2
23 328 11989
23 770 7
23 886 8
24 9 10
24 781 2
24 786 4
24 848 2
24 944 4
26 20 15
26 109 4
26 801 115
27 210 2
27 547 5
28 42 2
28 72 25
28 192 2
28 624 3
28 647 3644
29 5 4
29 327 3
29 532 12
29 809 83
30 52 2
30 129 2
30 588 2
31 77 2
31 561 6
32 16 4
32 33 2
32 42 6
32 196 7
32 204 94
32 211 2422
32 276 11
32 514 2
32 612 128
32 641 2
32 721 4
32 759 10
32 803 2
33 3 2
33 26 3
33 64 5
33 277 2
33 320 4
33 544 2
33 898 2
33 945 13
34 144 2
34 292 2
34 324 2
34 561 8
34 663 2
34 720 2
34 800 2
35 65 2
35 266 16
35 551 2
35 689 17
36 12 2
36 34 2
36 48 2
36 257 2
36 266 3
36 288 2
36 320 2
36 448 2
36 555 1872
36 705 2
36 858 7
37 13 31
37 364 11
37 520 4
37 594 2
37 640 7
38 180 7
38 204 2
38 544 2
39 3 2
39 48 4
39 982 2
40 9 4
40 20 77
40 39 2
40 65 20
40 256 2
40 512 3
40 528 11
40 605 30
40 672 15
40 756 2
40 761 2
40 840 13
40 980 3
41 96 2
41 276 5
41 513 10
41 987 2
42 42 7
42 140 2
42 329 51
42 411 2
42 778 4
42 839 18
43 1 11
43 546 9
44 10 2
44 12 7
44 47 2
44 430 2
44 524 2
44 794 12
45 23 2
45 50 2
45 74 2
45 808 2
45 844 7
46 57 2
47 80 5
48 67 1328
48 168 2
48 176 8
48 193 2
48 226 2
48 646 18
48 789 10
48 843 248
49 17 2
49 310 2
49 516 38
50 9 521
50 113 2
50 528 2
51 70 18
51 377 2
51 516 5201
52 46 2
52 188 5
52 256 2
52 285 5
53 245 2
54 718 3
55 278 2
56 89 5
56 267 4
56 560 2
57 5 305
57 128 7
57 448 2
59 292 2783
59 453 12
59 583 6
60 3 3
60 5 5
60 33 7
60 112 2
60 948 9
61 644 2
62 521 3
64 1 11
64 26 2
64 41 7
64 192 20
64 194 8
64 203 2
64 272 3
64 370 6
64 465 20
64 481 119
64 514 2
64 686 11
64 756 9
64 771 175
64 780 26
64 790 10
65 25 15
65 104 2
65 118 85
65 218 7
65 241 2
65 421 2
65 515 13
65 614 3
66 140 3
66 545 8
67 2 21
67 73 2
67 453 2
67 840 3
68 153 2
68 226 2
68 284 9
68 322 2
69 138 2
69 276 32
69 466 14
70 212 3
70 431 2
70 646 17
70 648 947
70 672 4
71 1 2
71 409 19
71 700 2
72 37 2
72 65 2
72 280 5
72 437 2
72 533 2
72 961 28
73 39 2
73 640 2
74 512 2
74 600 2130
74 768 3
74 1012 10
75 259 2
76 84 18
76 133 2
76 586 6
76 855 2
77 256 2
77 267 2
77 450 2
77 456 2
78 288 3
78 517 6
78 784 5
78 919 16
79 386 2
80 0 10
80 51 2
80 82 2
80 132 420
80 211 4
80 528 4725
80 677 5
81 852 9
82 280 5
83 115 4
83 124 3
83 617 9
83 784 5
84 74 9
85 31 2
85 65 1256
86 234 2
86 524 20
87 353 4
87 462 2
87 512 2
87 515 17
88 330 2
88 782 2
89 2 161
89 4 15
89 76 13
90 20 2
90 274 6
90 988 6
91 154 8
91 652 30
91 951 2
92 38 11
92 91 7
93 134 10
93 669 2
94 869 2
94 954 3
96 32 2
96 80 2014
96 103 19
96 148 2
96 208 7
96 220 2
96 276 2
96 304 2
96 321 2
96 356 16
96 776 2
96 820 9
97 18 36
97 48 22
97 130 7
97 167 5
97 195 2
97 286 11
97 473 2
97 525 10
98 14 2
98 352 5
98 401 5
98 671 43
98 928 2
99 117 11
99 134 6
100 128 2
100 752 2
100 768 2
100 901 2
101 70 11
101 124 2
101 161 2
101 392 91
101 599 2
102 6 265
102 78 2
102 166 5
102 264 16
103 704 3
104 26 357
104 48 3
104 64 2
104 313 2
104 512 2
104 673 2
105 3 2
105 296 42
105 779 3
106 516 9
106 652 4
107 3 2
108 133 6
108 514 66
109 707 6
112 0 2
112 1 5
112 3 16
112 28 255
112 84 2
112 107 7
112 165 2
114 68 2
114 416 2
114 452 3
114 872 19
116 33 2
117 106 2
117 803 2
118 565 330
119 446 2
119 836 12
120 0 2
120 76 18
121 536 12
122 24 150
123 600 2
124 304 4
124 348 2
125 268 15
128 10 5
128 58 39
128 208 4
128 320 2
128 362 4
128 375 56
128 376 3
128 453 2
128 628 2
128 770 2
128 806 3
129 0 1934
129 39 2
129 88 5
129 163 2
129 584 5
129 707 2
130 78 2
130 273 7
130 368 3
130 520 6
130 528 59
130 532 11
130 540 2
130 675 2
130 772 2
131 581 2
132 17 2
132 94 15312
132 137 2
132 516 11
132 713 5
132 916 4
132 957 5
133 23 10
133 138 3
134 67 36
134 224 8
134 377 37
134 390 4
134 516 2
134 768 6
135 544 3
136 21 2
136 39 3
136 160 2
136 482 5
136 610 18
136 657 16
136 684 2
137 148 4
137 325 80
137 678 5
137 778 2
138 266 3
138 415 2
138 590 2
138 902 6
139 426 2
139 865 2
140 72 7
140 135 183
140 143 2
140 464 39
140 724 9
140 776 7
141 2 2
141 521 2
141 954 11
143 116 4
143 286 48
143 642 2906
144 18 10
144 68 2
144 248 4
144 257 2
144 418 312
144 433 6
144 520 8
144 800 8
145 1 37
145 67 2
145 94 5
145 184 2
145 216 2
145 273 11
145 576 43
146 69 4
146 910 3
147 513 20
147 522 3
148 1 18
148 24 2
148 130 2
148 139 2
148 146 3
148 278 19
148 464 2
148 515 8
148 912 2
149 20 2
149 633 152
149 649 19
150 141 3
150 160 4
150 656 2
151 102 2
151 250 5
153 26 2
153 151 2
153 171 15
153 592 2
153 598 5
153 833 16
153 961 3
156 54 5
156 133 2
156 521 2
156 814 2
157 404 3
160 34 283
160 81 2
160 144 2
160 644 2
160 801 7
161 21 4
161 40 2
161 326 2
161 376 51
161 524 2
161 576 115
161 898 2
162 160 1187
162 290 16
162 306 9
163 227 2
163 601 20
164 34 2
164 38 2
164 87 31
164 217 14
164 264 2
164 280 24
164 481 9
164 636 45
164 646 4387
165 141 49
165 397 10
166 686 2
167 104 19365
167 384 4
167 712 13
168 52 2
168 67 220
168 68 6
168 98 2
168 480 2
169 25 2
169 72 9
169 351 2
169 514 115
171 144 49
172 8 1612
172 32 7
172 569 2
172 664 2
173 261 3
174 493 2
174 582 2
175 863 3
176 32 5
176 137 23
176 270 4
176 864 4
177 560 8
177 611 2
178 100 15
178 144 2
178 580 117
178 797 7
179 429 5076
180 19 12
180 600 2
180 973 2
181 331 11
181 768 2
181 964 1276040
182 300 2
182 728 2
184 141 2
184 161 7
184 664 43
185 5 9
185 42 2
185 391 4
186 582 14
187 800 2
188 4 14
188 199 3
192 43 2
192 52 14
192 72 2
192 388 3
192 392 2
192 524 7
192 536 5
192 713 5
192 898 26
192 904 3
192 999 3
193 8 5
193 131 18
193 162 6
193 375 2
193 422 2
193 775 2
194 592 4
196 377 2
197 61 18
197 100 3
197 297 2
197 592 3
197 611 2
197 769 4
200 445 22965
200 577 27
200 924 2
201 39 2
201 98 11
201 140 41
202 11 6
203 654 2
204 6 27
204 520 8
205 457 323
206 80 252
206 530 907
208 14 2
208 88 2
209 513 4
209 564 2
210 1 1310
210 882 19
211 4 3
212 34 60
212 69 4
212 112 2
212 262 2
212 285 6
214 369 5
214 585 2
216 66 3
216 138 18
216 792 2
217 923 42
219 389 46
220 658 6
222 532 3
222 852 4
225 257 8
225 316 4
225 948 2
226 157 2
227 336 2
227 592 2
227 838 17
228 32 2
228 294 17
230 9 2
231 261 3
231 290 2
232 5 18
232 65 5
232 80 2
232 130 12
232 480 3
233 212 2
233 912 2
234 917 2
235 281 6
235 645 18
238 642 95
239 370 2
239 560 39
240 18 6
240 799 2
240 914 19
241 206 2
241 245 141
244 356 2
244 932 8
245 705 2
246 64 2
248 0 2
248 290 2
248 557 2
248 902 2
250 46 2
253 636 35
256 1 2
256 4 3
256 68 5
256 69 8
256 97 2
256 160 15
256 262 17
256 312 2
256 344 2
256 416 5
256 512 64
256 522 2
256 616 5
256 705 8
256 764 2
256 772 2
256 904 2
256 963 2
256 992 2
257 0 2
257 156 7
257 268 4
257 272 56
257 544 5
257 806 2
257 912 2
257 920 38
257 945 4
258 36 2
258 138 28
258 265 16
258 673 2
258 810 2
258 880 2
259 100 4
259 165 3
259 226 2
259 268 107
259 327 2555901
260 295 4
260 522 5
260 545 159
260 678 2
260 978 2
261 67 2
261 356 2
261 672 2
261 995 4
262 32 10
262 134 8
262 193 13
262 256 4
262 906 15
262 1013 5
264 1 3
264 4 5
264 296 10
264 320 9
264 568 5
265 264 4
265 339 2
265 632 12
266 11 2
266 56 3
266 242 4
266 272 4
266 326 8
266 336 2
266 504 7
268 34 4
268 177 51
268 192 2
268 512 16
268 524 5
268 577 2
269 444 2
269 640 8
270 73 3
270 532 18
270 642 10
272 41 2
272 162 3
272 208 2
272 225 3
272 234 2
272 259 178
272 280 24
272 378 16
272 520 2
272 554 2
272 640 2
272 684 5
272 899 4
273 581 16
273 809 7
274 98 4
274 334 2
275 4 17
275 16 2
275 116 17535
275 133 5
275 485 2
275 512 2
276 288 50
276 394 4
276 538 13
276 628 6
276 661 2
277 8 3
277 27 2
277 128 2
277 385 4
278 258 10
279 18 2
279 901 5
280 600 3
281 101 2
282 136 11
282 576 7
282 717 2
282 787 9
283 514 2
284 835 6
285 104 2
286 12 4
286 624 2
286 832 7
287 448 14
288 47 34
288 50 2
288 132 2
288 224 10
288 292 2
288 341 10
288 545 2
288 776 2
289 36 12
289 156 23
289 345 12
289 468 8
289 472 9
289 648 2
289 753 7
289 788 2
290 0 3
290 258 2
290 328 2
290 388 2
291 32 2
291 610 13
291 768 3
292 7 2
292 19 18
292 134 11
292 162 92
292 524 48
292 593 139
293 256 2
293 960 16
294 27 23
294 742 13
294 864 2
296 57 3
296 84 5
296 131 5
296 231 7
296 260 30
296 288 2
296 336 2
296 409 14
296 516 6
297 167 7
297 325 2
297 544 5
297 742 108
298 75 49
298 800 19
299 291 2
300 29 2
300 140 2
301 777 2
303 292 11
304 8 5
304 42 15
304 63 2
304 212 163
304 258 9
305 11 3683
305 34 358
305 163 6
305 576 5
306 36 3
306 918 2
307 514 3
308 21 119
308 583 4
308 640 13
308 692 2
308 832 2
308 848 3
309 77 6
309 774 40
310 936 10
314 109 23
314 156 2
314 376 6
314 518 8
315 739 4
316 452 4
318 532 2
318 914 4
320 29 3
320 315 8
320 407 11
320 428 25
320 468 2
320 641 11
320 720 6
321 4 9
321 262 19
321 768 36
321 834 4
321 1008 4
322 0 74
322 272 2
322 416 4
322 899 5
323 360 70
323 515 2
324 16 2
324 106 21
324 179 2
324 200 10
324 513 84
324 530 7
325 74 2
325 145 2
325 192 24
325 720 5
326 11 58
326 32 2
326 116 9
326 280 2
327 675 2
327 698 2
328 45 6
329 35 2
329 258 2
329 836 2
330 8 4
330 204 12
331 512 4
332 456 2
332 643 2
334 265 9
334 288 8
335 83 2
335 391 2
336 18 2
336 100 11
336 576 6
336 632 2
337 352 3
337 768 1268
337 833 2
338 33 2
338 160 2
338 169 65
340 0 3
340 106 4
340 704 5
341 576 13
342 15 2
342 168 6
342 272 2
342 536 2
343 475 88737
344 188 2
344 676 2
346 11 9
346 89 24
347 11 2
347 149 4
347 313 10
348 128 14
348 395 2
349 12 2
352 409 2
352 419 10
352 514 3
352 680 2
352 794 2
352 860 3
353 138 7
353 389 6
353 684 11
354 25 41
354 30 2
354 836 2
354 969 34
355 134 2
355 634 2
356 800 2
357 433 12
357 641 3
358 3 7
358 168 2
358 197 2
360 514 14
360 555 8
360 732 2
360 784 3
360 810 27
361 316 2
362 34 2
363 162 9
366 657 7
368 49 2
368 925 2
371 112 5
371 705 3
372 352 5
375 77 2
379 333 16
380 339 37
381 531 3
382 562 4
384 6 2
384 156 2
384 168 7
384 312 2
384 332 2
384 423 11
384 457 3
384 481 7
384 531 2
384 597 2
384 692 7
384 841 2
384 962 4
385 2 2
385 75 2
385 213 11
385 214 2
385 563 9
386 64 2
386 73 2
386 158 35
386 160 13
386 206 2
386 275 3
386 681 2
386 849 10
386 912 14
387 297 10
387 1016 3
388 332 3
389 596 3
390 566 25
391 8 5
391 461 4
392 38 9
392 336 2
392 674 27
393 577 5
394 80 2
394 590 2
395 4 3
395 558 3
395 647 12
396 6 17
396 546 2
396 777 2
396 915 2
396 960 17
397 132 3
397 305 4
397 518 2
398 943 9
399 9 6
400 10 15
400 21 6
400 144 2
400 712 2
401 58 13
401 277 5
401 284 3
401 673 10
401 932 2
402 68 12
402 80 2
402 769 6
403 98 19
404 209 4
404 298 58
406 677 12
408 66 114
408 405 45
408 576 188
409 66 3
409 105 4
409 417 14
409 888 8189
410 520 2
411 20 19
412 6 2
413 640 2
414 932 90
416 52 10
416 279 2
416 292 19
416 531 6
416 832 4
417 577 11
418 16 11
419 7 3
419 62 2
419 844 7
420 32 2
420 288 2
420 424 3
420 538 2
420 545 2
421 400 5
422 736 2
423 384 2
423 651 2
424 481 2
425 161 29
425 261 2
425 746 2711
425 776 3
426 644 2
427 580 14
428 32 2
428 194 2
428 620 4
428 880 2
430 8 85
430 68 91
430 203 400
433 197 2526
433 398 3
434 734 7
436 641 21
437 2 2
441 21 6
442 146 5
442 691 6
444 769 2
444 801 6
448 92 4
448 513 2
448 655 2
449 321 86320
450 450 3
452 48 2
452 136 30
452 512 4
452 513 2
453 368 2
453 661 2
454 437 2
454 634 16
455 640 10
456 367 8
456 376 2
456 774 4
457 906 2
458 101 22
458 743 15
460 197 19
460 462 4
460 566 2
461 901 2
462 516 10
462 641 25
463 916 4
464 928 2
465 531 39
465 902 2
467 211 2
467 300 4
470 713 4
472 256 9
473 6 6
473 600 2
473 800 2
476 775 6
480 0 10
480 665 462
480 731 238
480 928 2
481 288 18
481 416 13
482 64 4
482 208 2
482 285 4
483 276 33
483 555 3
484 841 3
485 134 4
488 3 5
488 269 2
488 334 104
488 565 5
489 64 4
491 112 2
496 433 2
496 978 2
501 519 2
505 332 61
506 706 2
512 1 2
512 5 20
512 52 4
512 65 2
512 96 2
512 153 24
512 173 8
512 266 4
512 420 420
512 438 69
512 453 2
512 482 3
512 514 2
512 522 2
512 685 2
512 936 4
513 5 2
513 42 2
513 47 2
513 65 9
513 100 7
513 112 20
513 304 4
513 340 2
513 548 2
513 644 3
514 4 86
514 11 2
514 160 3
514 401 6
514 522 2
514 572 2
514 780 16
515 93 2
515 157 4
515 273 6
516 33 2
516 69 15
516 72 5
516 169 2
516 357 2
516 582 210
516 605 2
516 785 14
517 0 2
517 3 2
517 8 6
517 34 28
517 132 32
517 177 2
517 233 13
517 281 6
517 525 13
517 672 9
517 676 2
517 768 4
518 0 2
518 41 2
518 66 2
519 944 13
519 967 4
520 9 2
520 94 2
520 164 2
520 296 2
520 328 2
520 436 2
520 785 7
520 812 2
520 896 4
521 81 3
521 131 2979
521 229 3
521 450 202
521 554 16
521 560 4
522 1 29
522 121 2
522 549 2
524 159 19
524 173 252
524 520 5
525 820 10
526 548 2
526 776 2
527 36 72
527 713 2
528 10 2
528 33 1922
528 36 7
528 97 2
528 344 3
528 406 5
528 580 2
528 582 5
528 611 10
528 720 2
528 801 2
529 16 16
529 148 7
529 260 77
529 517 17
529 737 3
529 836 2
530 20 4
530 86 5
530 278 2
530 325 546
530 522 192
530 696 11
532 134 8
532 292 2
532 550 11
532 853 5
533 5 5
533 787 3
534 6 2
534 425 4
534 786 5
534 928 8
535 10 160
536 10 3
536 244 3
536 412 6
536 687 2
536 902 5
537 99 2
537 138 12
537 257 2
538 74 4
538 84 2
538 820 3
540 256 2
540 481 3
541 344 2
541 793 2
544 6 2
544 21 2
544 24 82
544 401 2
544 429 12
544 542 2
544 551 6
544 597 3
544 718 2
545 209 13
545 226 6
545 520 20
545 743 3
546 4 2
546 263 2
546 612 2
546 650 5
546 758 2
546 900 11573
547 265 22
547 427 2
547 577 3
548 141 4
548 169 2
548 577 12
548 586 15
549 146 5
549 647 30
550 36 3
550 800 13
551 40 22
552 136 2
552 640 2
552 656 2
552 932 3
553 36 2
553 102 4
553 933 7
554 4 5
554 137 361
554 296 18
555 52 2
555 418 2
556 409 2
557 6 2
557 400 2
557 512 4
557 557 2
557 770 17
559 557 2
560 18 2
560 96 232
560 104 2
561 10 2
561 521 10
561 786 2
561 993 4
562 977 7
562 992 24
564 28 18
564 656 3
564 659 10
566 4 19
566 44 2
566 132 8
567 793 10
569 385 2
569 522 2
571 100 3
571 457 4
572 36 18
572 64 11
572 257 2
572 370 2
573 797 7
573 886 2
574 18 14
574 533 4
574 696 17
576 4 4
576 5 4
576 19 2
576 48 14
576 76 2
576 133 2
576 172 10
576 193 2
576 228 2
576 325 6
576 371 2
576 525 2
576 607 8
577 72 2
577 222 2
577 236 22
577 292 15
577 401 42
577 577 7
577 661 52
578 96 2
578 120 11
578 136 2
578 554 2
578 572 5
578 575 2
579 80 71507
579 136 48
579 621 2
579 789 785
580 64 3
580 507 7
580 528 2
580 598 7
581 645 359
582 633 2
584 833 684
585 64 2
585 208 2
585 217 9
585 354 17
585 389 2
586 64 12
586 530 8
587 608 2
588 784 6
589 389 2
590 276 4
590 300 11
590 520 2
590 788 11
591 147 4
592 2 4
592 322 14
592 528 2
592 585 32
592 856 3
593 429 8
595 58 34
595 557 9
596 33 44
596 91 17
596 385 2
597 387 7
599 569 3
600 115 275
600 562 2
600 573 3096
600 575 3
601 335 5
601 431 6
602 480 13
604 913 2
605 80 2
606 807 4
607 288 632
607 393 2
608 176 2
608 185 3
608 522 3
608 576 7
608 648 7
609 28 4
609 210 2
609 768 2
611 125 2
612 534 3
613 840 4
614 265 2
614 936 2
616 450 5
617 908 2
618 70 578
618 1004 6
619 76 2
619 140 5
621 293 3
623 1000 2
624 579 6
625 5 49
625 261 2
625 530 2
626 8 7
626 104 2
626 114 27
626 528 6
626 608 2
627 3 3
627 418 2
627 977 7
628 76 9
629 446 11
629 528 2
631 24 23
632 18 2
633 812 2
635 546 3
638 161 650
640 4 3
640 6 8
640 16 26
640 181 2
640 246 5
640 258 3
640 369 2
640 421 2
640 467 3
640 525 2
640 584 6
640 659 9
640 938 3
640 952 2
642 512 5
642 562 5
642 724 2
643 775 20
644 387 2
644 660 6
644 756 2
644 769 2
645 4 5
645 25 5
645 963 4
646 289 3
646 388 11
648 76 2
648 98 2945
648 210 2
648 369 441
648 512 23
648 769 5
649 4 3
649 48 17
650 108 25
650 216 7
650 953 11
651 290 2
652 257 2
652 594 2
654 565 8
655 384 16
655 761 9
656 3 2
656 259 2
656 278 13
656 370 5
657 79 2
657 201 2
658 10 3
658 26 2
658 640 2
660 36 50
660 52 2
660 69 4
660 85 6
660 648 3
661 244 4
661 608 2
662 374 14
664 16 3
664 205 687
664 539 2
664 781 15
665 3 4
665 260 24
666 66 35
667 587 6
668 163 18
668 464 11
668 749 2
670 515 2
672 1 3
672 64 31
672 608 2
672 717 2
673 104 2342
673 656 366
674 259 5
674 401 2
674 672 21
675 257 3
675 470 10
676 52 10
677 121 41
677 641 2
678 237 4
679 556 44
680 20 2538
680 39 13
680 105 2
680 450 6
680 540 12
681 33 73
684 1008 15
686 426 7
686 593 9
689 80 2
690 110 2
691 12 44
692 260 2
692 914 378
693 397 3
693 522 15
694 6 2
694 768 2
694 931 2
694 976 133
695 517 9
695 585 5
696 885 2
697 710 2
700 18 2
700 229 2
700 864 2
701 34 9
701 941 2
704 34 7
704 76 4
704 135 2
704 292 6
704 514 2
705 596 4
705 854 2
706 17 44
706 460 2
706 732 2
708 108 9
709 325 2
709 354 2
709 644 2
709 843 2
710 2 2
711 19 6
712 35 2
712 141 2685
712 294 2
712 862 56
713 593 2
713 837 4
716 98 6
716 339 9
716 842 11
719 512 3
721 104 2
721 170 5
721 323 2
721 584 13
722 82 2
722 100 5
722 104 2
722 258 8
722 393 41
722 398 17
723 142 7
724 20 2
724 596 7
725 44 13
725 65 3
726 322 3
727 200 5
728 227 2
728 350 9
728 712 5
729 578 19
730 332 31
736 24 4
737 64 5
737 288 13
737 610 3
738 970 131
740 235 15
740 778 46
740 801 5
741 45 562
741 260 2
742 97 2
743 787 3
744 124 29
744 280 2
744 762 4
745 63 3
746 386 27
751 506 9
752 261 372
752 494 2
752 786 2
754 32 20
759 130 15
760 220 10
760 257 2
760 300 6
761 435 7798
763 668 2
765 513 11
768 68 4
768 226 21
768 326 3
768 502 2
768 608 2
768 666 7
768 736 2
768 738 2
768 926 2
769 34 2
769 277 7
769 350 2
769 640 4
769 773 7
770 67 2
770 211 8
770 515 4
770 663 8
771 128 116
771 793 2
771 800 3
772 0 2
772 32 2
772 130 2
773 1 1668
774 8 11
774 936 2
775 48 2327
775 921 2
776 101 4
776 155 10
776 586 3
777 84 2
777 200 66
777 318 2
777 539 32
777 554 14
777 608 2
777 641 2
778 330 2
778 389 17
778 707 7
780 14 2
780 16 18
780 193 13
780 552 2
780 707 8
781 222 3
781 496 5
782 226 2
782 405 23
784 1 3
784 514 9
784 549 2
784 634 3
784 841 8
785 45 2
785 257 2
786 521 7
786 576 2
786 914 3
788 25 2
788 324 2
788 332 12
792 16 8
792 274 2
792 540 8
792 594 2
793 52 45
793 628 2
795 422 261
795 661 13
798 776 3
800 9 2
800 45 10
800 73 5
800 97 5
800 133 10
800 824 15
801 34 2
801 592 17229
801 642 58
802 660 6
804 0 2
804 104 6
804 337 2
804 433 2
804 779 3
805 387 2
805 781 12
806 43 303
806 134 2
806 232 2
806 480 2
808 302 2
808 526 3
808 945 2
810 17 5
810 416 5
812 778 11
814 161 6
814 264 2
814 523 471
816 18 2
817 784 4
818 253 378
819 538 2
821 236 10
822 211 2
824 392 3
824 609 2
824 978 3
832 21 2
832 30 2
832 43 2
832 281 21
832 304 2
832 328 13
832 427 2
832 518 6
832 548 3
833 147 2
833 999 2
834 0 3
834 32 24
834 104 19
834 148 26572
834 912 82405
835 264 14
835 392 4
835 583 2
836 388 9
836 485 17
838 785 29
839 21 4
840 96 4
840 545 2
840 800 2
841 32 68
841 370 2
842 200 2
843 939 2
845 561 2
845 624 2
848 90 2
848 313 3
848 391 2
848 899 6
849 792 2
849 1018 10
850 308 2
850 776 2
851 195 3
852 2 7
852 64 8
852 72 4
852 824 4
854 681 9
856 256 2
856 866 8
857 42 4
862 130 2
863 516 200
864 23 2
864 786 9
866 260 5
867 998 6
868 332 1511
870 6 4
870 68 2
871 264 2
872 32 28
872 50 2
872 165 36
873 9 2
874 360 5
875 164 5
878 258 11
880 611 42
882 42 50
885 601 2
895 603 2
896 330 4
896 868 2
897 39 3
897 115 9
897 523 1086
897 1002 2
898 336 7
898 699 2435
899 537 12
899 736 3
900 4 6
900 162 11
902 420 5
903 339 3
904 231 37
904 888 4
904 929 2
905 12 2
905 196 42
905 248 2
905 540 2
906 137 9
906 194 3
906 210 2
906 328 3
907 276 11
908 456 2
910 614 2
911 5 23
912 2 7
912 85 8
912 129 2
912 388 2
914 216 11
914 669 9
914 968 26
916 742 2
916 777 2
917 560 3
918 0 2
920 200 6
921 272 2
921 320 2
922 8 12
922 784 2
924 33 216
928 64 6
928 384 4
928 518 13
929 257 3
929 316 2
930 547 331
930 720 2
931 230 42
931 657 2
932 783 3
933 657 1511
934 94 2
938 261 2
938 316 2
938 552 6
940 512 10
941 771 6
945 456 4
947 568 10
948 9 6
953 905 2
954 22 2
956 846 6
958 844 4
960 358 2
961 131 111
961 333 2
961 472 3
961 481 15
965 937 14
966 29 5
966 192 14
966 555 8
968 51 50
968 360 2
969 313 75
969 769 11
970 180 35
975 205 2
976 321 2
976 779 7
977 22 9
977 34 2
977 549 3
986 772 2
987 962 14
988 366 13
996 36 15
996 836 2
998 127 2
998 179 11
1000 260 2
1001 286 2
1002 652 3
1003 684 12
1011 36 2
1013 316 5
1020 385 9
1021 643 3
