0 4 15
0 9 14
0 17 2
0 18 8
0 47 2
0 112 4
0 166 33
0 215 4
0 256 5
0 259 24
0 265 2
0 274 2
0 321 2
0 415 94
0 552 2
0 646 2
0 670 2
0 674 5
0 679 37
0 843 5
0 917 10
0 936 3
1 7 2
1 15 52
1 30 2
1 70 39
1 82 15
1 135 2
1 292 5
1 481 5
1 535 4
1 565 81
1 644 4
1 705 2
1 768 2
1 825 18
1 920 2
2 0 2
2 8 1970
2 48 2
2 132 2
2 167 2
2 260 10
2 267 2
2 328 12
2 523 9
2 826 3
3 24 10
3 131 4
3 272 2
3 277 3
3 530 9
3 592 10
3 652 2
3 817 2
4 0 2
4 4 2
4 15 45
4 50 7
4 60 21
4 248 61
4 293 202
4 368 2
4 576 2
4 683 2
4 803 3
4 808 3
5 216 2
5 584 7
5 887 2
6 3 16
6 148 6
6 212 2
6 259 3
6 267 2
6 268 2
6 512 7
6 798 4
6 1002 3
7 110 20
7 715 2
8 1 2
8 2 2
8 19 2
8 32 2
8 42 13
8 58 7
8 202 2
8 272 3
8 386 2
8 393 3
8 486 2
8 642 131
8 656 14
8 735 19298
8 850 2
8 902 12
9 39 3
9 43 2
9 416 2
9 526 2
9 572 2
9 823 2
9 907 2
10 13 3
10 40 2
10 75 2
10 160 8
10 176 2
10 208 2
10 523 7
10 584 9
10 680 18
10 778 2
11 204 78
11 586 2
11 779 5
12 0 2
12 24 2
12 55 14
12 65 2
12 116 2
12 128 3
12 269 2
12 366 15
12 634 2
12 781 4
13 66 4
13 192 21
13 224 2
13 320 2
13 780 2
14 127 2
14 210 2
14 321 217
14 376 3
14 616 8
15 352 3
15 485 3
15 659 34
15 854 3
16 9 3
16 24 2
16 64 35
16 132 3
16 148 3
16 198 4
16 516 2
16 643 2
16 806 2
17 48 2
17 258 8
18 51 2
18 203 18
18 215 2
18 290 12
18 641 2
18 645 16
19 7 2
19 24 17
19 709 3
20 1 2
20 10 6
20 28 10
20 69 5
20 194 10
20 786 2
21 116 2
21 258 6
21 308 3
22 24 10
22 68 3
22 97 4
22 133 7
22 320 2
22 331 2
23 328 2
23 770 2
23 886 17
24 9 3
24 781 4
24 786 2
24 848 10292
24 944 2
26 20 3
26 109 9
26 801 2
27 210 22
27 547 62
28 42 2
28 72 4
28 192 2
28 624 2
28 647 2
29 5 4
29 327 3
29 532 5
29 809 3
30 52 2
30 129 2
30 588 10
31 77 2
31 561 7
32 16 2
32 33 2
32 42 4
32 196 4
32 204 2
32 211 2
32 276 24
32 514 535
32 612 3925111
32 641 2
32 721 6
32 759 14
32 803 2
33 3 22
33 26 3
33 64 5
33 277 3
33 320 2
33 544 2
33 898 24
33 945 66
34 144 3
34 292 2
34 324 3
34 561 3
34 663 4
34 720 4
34 800 2
35 65 2
35 266 11
35 551 2
35 689 8
36 12 2
36 34 5
36 48 24
36 257 2
36 266 7
36 288 2
36 320 2
36 448 3
36 555 4410
36 705 2
36 858 2
37 13 31
37 364 23
37 520 3
37 594 4
37 640 13
38 180 2
38 204 3
38 544 2
39 3 10
39 48 3
39 982 2
40 9 3
40 20 2
40 39 2
40 65 3
40 256 2
40 512 2
40 528 15
40 605 49
40 672 2
40 756 3
40 761 2
40 840 23
40 980 2
41 96 2
41 276 5
41 513 3
41 987 110
42 42 8
42 140 2
42 329 2
42 411 8
42 778 15
42 839 31
43 1 7
43 546 16
44 10 18
44 12 4
44 47 2
44 430 56
44 524 2
44 794 46
45 23 2
45 50 5
45 74 4429
45 808 2
45 844 5
46 57 2
47 80 4
48 67 2
48 168 2
48 176 3
48 193 3
48 226 3
48 646 4
48 789 11
48 843 2
49 17 10
49 310 2
49 516 7
50 9 2
50 113 5
50 528 2
51 70 332
51 377 3
51 516 238
52 46 2
52 188 573
52 256 2
52 285 18
53 245 2
54 718 7
55 278 2
56 89 8
56 267 7
56 560 3
57 5 2
57 128 2
57 448 8
59 292 2
59 453 9
59 583 2
60 3 12
60 5 15
60 33 3
60 112 2
60 948 60
61 644 56
62 521 2
64 1 13
64 26 6
64 41 5
64 192 2
64 194 6
64 203 85
64 272 16
64 370 10
64 465 2
64 481 10
64 514 2
64 686 2
64 756 5
64 771 2
64 780 2
64 790 3
65 25 5
65 104 2
65 118 58
65 218 6
65 241 826
65 421 27
65 515 2
65 614 458
66 140 6166
66 545 2
67 2 26
67 73 2
67 453 7
67 840 2
68 153 2
68 226 2
68 284 11
68 322 2
69 138 6
69 276 17
69 466 2
70 212 2
70 431 9
70 646 7
70 648 57
70 672 2
71 1 7320
71 409 57
71 700 2
72 37 3
72 65 19
72 280 4
72 437 3
72 533 27
72 961 2
73 39 114
73 640 2
74 512 12
74 600 776
74 768 3
74 1012 15
75 259 88
76 84 16
76 133 2
76 586 3
76 855 28
77 256 19
77 267 3
77 450 2
77 456 37
78 288 5
78 517 16
78 784 7
78 919 13
79 386 804
80 0 14
80 51 2
80 82 2
80 132 6
80 211 2
80 528 77327
80 677 3
81 852 2
82 280 5
83 115 16
83 124 6
83 617 3
83 784 3
84 74 2
85 31 2
85 65 14
86 234 4
86 524 2
87 353 5
87 462 2
87 512 2
87 515 2
88 330 3
88 782 54
89 2 2
89 4 13
89 76 3
90 20 2
90 274 2
90 988 2
91 154 22
91 652 3
91 951 2
92 38 17
92 91 6
93 134 14
93 669 2
94 869 9
94 954 2
96 32 2
96 80 71
96 103 2
96 148 4
96 208 7
96 220 58
96 276 7
96 304 2
96 321 8
96 356 3
96 776 5
96 820 2
97 18 2
97 48 11
97 130 3
97 167 4
97 195 5
97 286 7
97 473 23
97 525 24
98 14 2
98 352 2
98 401 11
98 671 118
98 928 8
99 117 7
99 134 4
100 128 2
100 752 48
100 768 2
100 901 2
101 70 6
101 124 10
101 161 2
101 392 2
101 599 2
102 6 2
102 78 4
102 166 2
102 264 20
103 704 24
104 26 2
104 48 6
104 64 7
104 313 2
104 512 7
104 673 2
105 3 15
105 296 6
105 779 6
106 516 2
106 652 20
107 3 2
108 133 12
108 514 2
109 707 5
112 0 14
112 1 4
112 3 2
112 28 165
112 84 2
112 107 4
112 165 22
114 68 1386
114 416 2
114 452 2
114 872 12
116 33 5
117 106 2
117 803 2
118 565 25
119 446 2
119 836 3
120 0 5
120 76 6
121 536 2
122 24 4
123 600 4
124 304 4
124 348 2
125 268 62
128 10 12
128 58 10
128 208 5
128 320 2
128 362 4
128 375 5
128 376 319
128 453 194
128 628 2
128 770 27
128 806 28
129 0 12232
129 39 7
129 88 2
129 163 2
129 584 16
129 707 2
130 78 5
130 273 2
130 368 2
130 520 3
130 528 26
130 532 5
130 540 2
130 675 2
130 772 437
131 581 2
132 17 13
132 94 2
132 137 2
132 516 6
132 713 60
132 916 3
132 957 8
133 23 3
133 138 2
134 67 92
134 224 15
134 377 2
134 390 3
134 516 38
134 768 8
135 544 2
136 21 14
136 39 4
136 160 42
136 482 6
136 610 3
136 657 2
136 684 3
137 148 7
137 325 2
137 678 6
137 778 2
138 266 2
138 415 30
138 590 206260
138 902 2
139 426 3
139 865 139
140 72 3
140 135 2
140 143 3
140 464 8
140 724 12
140 776 93
141 2 2
141 521 2
141 954 2
143 116 2
143 286 2
143 642 4
144 18 62
144 68 173
144 248 3
144 257 2
144 418 17
144 433 2
144 520 2
144 800 17
145 1 406
145 67 6
145 94 2
145 184 2
145 216 2
145 273 3
145 576 2
146 69 6
146 910 19
147 513 16
147 522 2
148 1 4
148 24 2
148 130 2
148 139 2
148 146 3
148 278 2
148 464 2545
148 515 2
148 912 33
149 20 2
149 633 2
149 649 12
150 141 2
150 160 3
150 656 1234906
151 102 3
151 250 22
153 26 29
153 151 2
153 171 4
153 592 3
153 598 13
153 833 2
153 961 15
156 54 8
156 133 4
156 521 2
156 814 7
157 404 7
160 34 6
160 81 2
160 144 316
160 644 5
160 801 18
161 21 6
161 40 2
161 326 2
161 376 7
161 524 2
161 576 8
161 898 2
162 160 7
162 290 33
162 306 2
163 227 3
163 601 3
164 34 2
164 38 5
164 87 3
164 217 2
164 264 78
164 280 16
164 481 2
164 636 2
164 646 2
165 141 6
165 397 7
166 686 2
167 104 2
167 384 13
167 712 26
168 52 2
168 67 17
168 68 2
168 98 2
168 480 3
169 25 171
169 72 24
169 351 3
169 514 2
171 144 2
172 8 2
172 32 2
172 569 2
172 664 2
173 261 9
174 493 9
174 582 2
175 863 2
176 32 9
176 137 8266
176 270 5
176 864 7
177 560 6
177 611 2
178 100 5
178 144 3
178 580 2
178 797 4
179 429 2
180 19 4
180 600 7
180 973 2
181 331 10
181 768 2
181 964 2
182 300 2
182 728 299
184 141 2
184 161 3
184 664 17
185 5 3
185 42 2
185 391 6
186 582 3
187 800 2
188 4 127
188 199 7
192 43 2
192 52 9
192 72 11
192 388 2
192 392 2
192 524 5
192 536 10
192 713 2
192 898 2
192 904 7
192 999 20
193 8 5
193 131 6
193 162 6
193 375 2
193 422 4
193 775 2
194 592 26
196 377 2
197 61 14
197 100 6
197 297 6
197 592 5
197 611 5
197 769 24
200 445 3
200 577 2
200 924 2
201 39 2
201 98 2
201 140 2
202 11 3
203 654 4
204 6 2
204 520 43
205 457 25
206 80 6
206 530 29
208 14 8
208 88 403
209 513 8
209 564 2
210 1 47
210 882 125
211 4 6
212 34 34
212 69 2
212 112 2
212 262 5
212 285 19
214 369 2
214 585 85
216 66 2
216 138 3
216 792 2
217 923 2
219 389 2
220 658 8
222 532 11
222 852 20
225 257 2
225 316 22
225 948 2
226 157 1021
227 336 2
227 592 75794
227 838 2
228 32 2
228 294 2
230 9 29
231 261 2
231 290 4
232 5 2
232 65 8
232 80 6
232 130 3
232 480 16
233 212 1034
233 912 42
234 917 2
235 281 21
235 645 7
238 642 19
239 370 2
239 560 4
240 18 5
240 799 2
240 914 2
241 206 53
241 245 20
244 356 9
244 932 3
245 705 2
246 64 2
248 0 12
248 290 2
248 557 2
248 902 78
250 46 2
253 636 2
256 1 439
256 4 109
256 68 4
256 69 2
256 97 11
256 160 38
256 262 23
256 312 32
256 344 40
256 416 7
256 512 2
256 522 8
256 616 2
256 705 32
256 764 2
256 772 2
256 904 35
256 963 86
256 992 3
257 0 3
257 156 5
257 268 7
257 272 96
257 544 4
257 806 15
257 912 4
257 920 11
257 945 2
258 36 4
258 138 15
258 265 2
258 673 2
258 810 13
258 880 2
259 100 19
259 165 5
259 226 2
259 268 6
259 327 2
260 295 2
260 522 2
260 545 2
260 678 2
260 978 38
261 67 2
261 356 2
261 672 2
261 995 25
262 32 5
262 134 11
262 193 5
262 256 11
262 906 3
262 1013 2
264 1 2
264 4 4
264 296 5
264 320 13
264 568 2
265 264 10
265 339 190
265 632 448
266 11 3
266 56 7
266 242 18
266 272 7
266 326 4
266 336 16
266 504 19
268 34 2
268 177 2
268 192 25
268 512 10
268 524 15
268 577 5
269 444 2
269 640 14
270 73 2
270 532 2
270 642 8
272 41 2
272 162 16
272 208 43
272 225 3
272 234 4
272 259 2
272 280 2
272 378 2
272 520 2
272 554 11
272 640 2
272 684 5
272 899 5
273 581 2
273 809 8
274 98 5
274 334 2
275 4 7
275 16 2
275 116 2
275 133 3
275 485 2
275 512 8
276 288 6
276 394 2
276 538 3
276 628 2
276 661 2
277 8 2
277 27 2
277 128 9
277 385 9
278 258 6
279 18 3
279 901 13
280 600 6
281 101 5
282 136 22
282 576 18
282 717 2
282 787 2
283 514 4
284 835 7
285 104 3
286 12 24
286 624 11
286 832 3
287 448 6
288 47 44
288 50 157
288 132 22
288 224 17
288 292 10
288 341 3
288 545 2
288 776 2
289 36 2
289 156 30
289 345 7
289 468 2
289 472 3946
289 648 9
289 753 23
289 788 24
290 0 5
290 258 26
290 328 2
290 388 2
291 32 2
291 610 13
291 768 4
292 7 10
292 19 7
292 134 2
292 162 2
292 524 20
292 593 2
293 256 2596
293 960 21
294 27 2
294 742 23
294 864 2
296 57 5
296 84 2
296 131 10
296 231 18477
296 260 4
296 288 2
296 336 2
296 409 3
296 516 7
297 167 4
297 325 4
297 544 8
297 742 2
298 75 5
298 800 3
299 291 2
300 29 3
300 140 20
301 777 219
303 292 2
304 8 22
304 42 16
304 63 2
304 212 2
304 258 12
305 11 2
305 34 844
305 163 187
305 576 2
306 36 2
306 918 17404
307 514 6
308 21 4
308 583 14
308 640 3
308 692 5
308 832 2
308 848 30
309 77 5
309 774 7
310 936 38
314 109 2
314 156 5
314 376 2
314 518 7
315 739 2
316 452 2
318 532 2
318 914 4
320 29 67
320 315 10
320 407 26
320 428 2
320 468 2
320 641 2
320 720 2
321 4 84
321 262 13
321 768 2
321 834 663
321 1008 5
322 0 200
322 272 97
322 416 24
322 899 15
323 360 2
323 515 2
324 16 92
324 106 2
324 179 2
324 200 2
324 513 120
324 530 2
325 74 2
325 145 2
325 192 8
325 720 2
326 11 17
326 32 24
326 116 2
326 280 2556
327 675 14
327 698 2
328 45 2
329 35 2
329 258 3
329 836 2
330 8 4
330 204 15
331 512 2
332 456 2
332 643 2
334 265 2
334 288 2
335 83 2
335 391 29
336 18 24
336 100 7
336 576 75
336 632 9726
337 352 20
337 768 5
337 833 168
338 33 4
338 160 4
338 169 4
340 0 2
340 106 5
340 704 3
341 576 10
342 15 2
342 168 2
342 272 12
342 536 2
343 475 2
344 188 4
344 676 72
346 11 12
346 89 2
347 11 15
347 149 6
347 313 2
348 128 2
348 395 2
349 12 2
352 409 2
352 419 421
352 514 8
352 680 4
352 794 3
352 860 73232
353 138 2
353 389 2
353 684 11
354 25 2
354 30 2
354 836 1003
354 969 8
355 134 183
355 634 113
356 800 16
357 433 4
357 641 3
358 3 2
358 168 532
358 197 2
360 514 11
360 555 14
360 732 2
360 784 13
360 810 17
361 316 2
362 34 2
363 162 8
366 657 2
368 49 8
368 925 2
371 112 2
371 705 2
372 352 33
375 77 190
379 333 10
380 339 2
381 531 12
382 562 7
384 6 2
384 156 4
384 168 4
384 312 2
384 332 2
384 423 4
384 457 2
384 481 15
384 531 2
384 597 2
384 692 2
384 841 183
384 962 18
385 2 2
385 75 4
385 213 4
385 214 2
385 563 30
386 64 16
386 73 4
386 158 1130
386 160 97
386 206 7
386 275 2
386 681 1357
386 849 9
386 912 265
387 297 5
387 1016 10
388 332 6
389 596 48
390 566 14
391 8 4
391 461 2
392 38 3
392 336 2
392 674 2
393 577 28
394 80 3
394 590 2
395 4 5
395 558 2
395 647 2
396 6 2
396 546 5
396 777 61
396 915 2
396 960 12
397 132 153
397 305 2
397 518 2
398 943 2
399 9 31
400 10 2
400 21 4
400 144 2
400 712 3
401 58 15
401 277 2
401 284 2
401 673 16
401 932 2
402 68 7
402 80 2
402 769 5
403 98 15
404 209 4
404 298 3
406 677 27
408 66 2
408 405 1171
408 576 13
409 66 5
409 105 2
409 417 10
409 888 2
410 520 2
411 20 2
412 6 3
413 640 6
414 932 3
416 52 2
416 279 2
416 292 2
416 531 2
416 832 15
417 577 6
418 16 2
419 7 9
419 62 2
419 844 114
420 32 2
420 288 3
420 424 8
420 538 6
420 545 22
421 400 32
422 736 2
423 384 32
423 651 2
424 481 19
425 161 2
425 261 6
425 746 261
425 776 95
426 644 2
427 580 17
428 32 95
428 194 13
428 620 2
428 880 4
430 8 40
430 68 408
430 203 2
433 197 24
433 398 2
434 734 3
436 641 18
437 2 3
441 21 3
442 146 3
442 691 2
444 769 2
444 801 3
448 92 8
448 513 43
448 655 2
449 321 3384
450 450 5
452 48 62
452 136 61
452 512 2
452 513 13
453 368 22
453 661 2
454 437 3
454 634 45
455 640 3
456 367 6
456 376 19
456 774 2
457 906 623
458 101 162
458 743 25
460 197 2
460 462 12
460 566 4
461 901 13
462 516 2
462 641 17
463 916 2
464 928 4
465 531 293
465 902 12
467 211 3
467 300 16
470 713 4
472 256 2
473 6 4
473 600 2
473 800 2
476 775 2
480 0 7
480 665 3
480 731 78
480 928 14
481 288 2
481 416 12
482 64 6
482 208 31
482 285 5
483 276 4
483 555 9
484 841 2
485 134 2
488 3 5
488 269 11
488 334 2
488 565 5906
489 64 15
491 112 8
496 433 2
496 978 2
501 519 5
505 332 13
506 706 2
512 1 2
512 5 15
512 52 2
512 65 82
512 96 2
512 153 4
512 173 2
512 266 2
512 420 2
512 438 11
512 453 2
512 482 6
512 514 2
512 522 6
512 685 16
512 936 2
513 5 2
513 42 2
513 47 2
513 65 6
513 100 10
513 112 37
513 304 2
513 340 6
513 548 2
513 644 2
514 4 2
514 11 7
514 160 2
514 401 2
514 522 2
514 572 3
514 780 2
515 93 248
515 157 3
515 273 7
516 33 114
516 69 18
516 72 49
516 169 4
516 357 3
516 582 2
516 605 1929
516 785 2
517 0 2
517 3 2
517 8 2
517 34 2
517 132 13
517 177 97
517 233 10
517 281 6
517 525 2
517 672 19
517 676 20
517 768 2
518 0 4
518 41 2
518 66 9742
519 944 3
519 967 2
520 9 2
520 94 2
520 164 3
520 296 2
520 328 65
520 436 2
520 785 4
520 812 2
520 896 5
521 81 3
521 131 79
521 229 5
521 450 3
521 554 35
521 560 8
522 1 2
522 121 12
522 549 7
524 159 4794
524 173 4
524 520 7
525 820 2
526 548 3
526 776 6
527 36 2
527 713 2
528 10 12
528 33 67
528 36 902
528 97 2
528 344 2
528 406 4
528 580 20
528 582 6
528 611 6
528 720 3
528 801 2
529 16 12
529 148 3
529 260 2
529 517 9
529 737 5
529 836 131
530 20 11
530 86 20
530 278 8
530 325 2
530 522 15
530 696 9
532 134 21
532 292 3
532 550 17
532 853 15
533 5 2
533 787 4676
534 6 12
534 425 6
534 786 17
534 928 3
535 10 2
536 10 2
536 244 4
536 412 8
536 687 2
536 902 2
537 99 6
537 138 24
537 257 32
538 74 7
538 84 3
538 820 9
540 256 2
540 481 10
541 344 2
541 793 2
544 6 2
544 21 2
544 24 40
544 401 3
544 429 2
544 542 2
544 551 8
544 597 7
544 718 2
545 209 10
545 226 5
545 520 28
545 743 2
546 4 2
546 263 60
546 612 18
546 650 2
546 758 3
546 900 2
547 265 17
547 427 3
547 577 6
548 141 14
548 169 2
548 577 4
548 586 15
549 146 127
549 647 11
550 36 9
550 800 6
551 40 18
552 136 2
552 640 23
552 656 2
552 932 2
553 36 2
553 102 11
553 933 2
554 4 5
554 137 2
554 296 16
555 52 12
555 418 2
556 409 2
557 6 6
557 400 2
557 512 6
557 557 2
557 770 12
559 557 3
560 18 2
560 96 214
560 104 2
561 10 6
561 521 3
561 786 2
561 993 4
562 977 892
562 992 6
564 28 3
564 656 3
564 659 13
566 4 9
566 44 2
566 132 6
567 793 2
569 385 5
569 522 14
571 100 11
571 457 2
572 36 3
572 64 3
572 257 2
572 370 2
573 797 14
573 886 10
574 18 11
574 533 2
574 696 23
576 4 4
576 5 4
576 19 36
576 48 4
576 76 2
576 133 2
576 172 10
576 193 2
576 228 2
576 325 6
576 371 12
576 525 8
576 607 3
577 72 113
577 222 3
577 236 2
577 292 4
577 401 182
577 577 2
577 661 2
578 96 2
578 120 33
578 136 2
578 554 7
578 572 3
578 575 7
579 80 28
579 136 3
579 621 2
579 789 2
580 64 2
580 507 13
580 528 5
580 598 12
581 645 2
582 633 19
584 833 5
585 64 41
585 208 5
585 217 46
585 354 2
585 389 2
586 64 12
586 530 15
587 608 2
588 784 7
589 389 2
590 276 2
590 300 2
590 520 13
590 788 39
591 147 4
592 2 2
592 322 2
592 528 2
592 585 2
592 856 3
593 429 2
595 58 13
595 557 39
596 33 2
596 91 8
596 385 279
597 387 7
599 569 7
600 115 3
600 562 2
600 573 2
600 575 7
601 335 5
601 431 2
602 480 2
604 913 3
605 80 244
606 807 2
607 288 2
607 393 2
608 176 2
608 185 4
608 522 7
608 576 12
608 648 2
609 28 7
609 210 24
609 768 2
611 125 3
612 534 2
613 840 2
614 265 19
614 936 2
616 450 5
617 908 2
618 70 2
618 1004 17
619 76 2
619 140 2
621 293 3
623 1000 2
624 579 9
625 5 56
625 261 2
625 530 2
626 8 3
626 104 4
626 114 23
626 528 2
626 608 2
627 3 190
627 418 2
627 977 3
628 76 5
629 446 3
629 528 2
631 24 3
632 18 2
633 812 8
635 546 2
638 161 5
640 4 28
640 6 85
640 16 2
640 181 28
640 246 2
640 258 11
640 369 5
640 421 2
640 467 5
640 525 10
640 584 2
640 659 2
640 938 27
640 952 2
642 512 9
642 562 4
642 724 2
643 775 3
644 387 2
644 660 10
644 756 6
644 769 2
645 4 6
645 25 13
645 963 3
646 289 3
646 388 2
648 76 4
648 98 2
648 210 16
648 369 4
648 512 16
648 769 6
649 4 2
649 48 2
650 108 28
650 216 3
650 953 7
651 290 1055
652 257 6
652 594 3
654 565 13
655 384 2
655 761 2
656 3 729
656 259 2
656 278 9
656 370 2
657 79 31
657 201 17
658 10 2
658 26 29
658 640 2
660 36 5
660 52 2
660 69 4
660 85 3
660 648 12
661 244 2
661 608 2
662 374 12
664 16 11
664 205 7
664 539 415
664 781 5
665 3 2
665 260 6
666 66 4
667 587 2
668 163 2
668 464 2
668 749 8
670 515 7
672 1 2
672 64 43
672 608 2
672 717 6
673 104 193
673 656 2
674 259 121
674 401 6
674 672 4
675 257 14
675 470 4
676 52 2
677 121 2
677 641 2
678 237 2
679 556 2
680 20 2
680 39 2
680 105 2
680 450 3
680 540 22
681 33 2
684 1008 2
686 426 4
686 593 4
689 80 52
690 110 65
691 12 97
692 260 2
692 914 2
693 397 2
693 522 16
694 6 2
694 768 333
694 931 17
694 976 97
695 517 2
695 585 46
696 885 2
697 710 13
700 18 2
700 229 5
700 864 2
701 34 6
701 941 5
704 34 2
704 76 2
704 135 15
704 292 52
704 514 2
705 596 2
705 854 3
706 17 64
706 460 3
706 732 7
708 108 10
709 325 2
709 354 1605
709 644 2
709 843 22
710 2 6
711 19 7
712 35 2
712 141 4
712 294 28
712 862 21
713 593 6
713 837 3
716 98 24
716 339 5
716 842 33
719 512 56
721 104 30
721 170 16
721 323 2
721 584 8
722 82 2
722 100 2
722 104 5
722 258 3
722 393 2
722 398 5
723 142 2
724 20 3
724 596 4
725 44 201
725 65 17
726 322 45404
727 200 6
728 227 2
728 350 6
728 712 2
729 578 31
730 332 2
736 24 3
737 64 5
737 288 10
737 610 84
738 970 138
740 235 5
740 778 2
740 801 86
741 45 2
741 260 2
742 97 2
743 787 3
744 124 2
744 280 3
744 762 7
745 63 92
746 386 2
751 506 2
752 261 29
752 494 2
752 786 3
754 32 3
759 130 2
760 220 12
760 257 2
760 300 2
761 435 2
763 668 33
765 513 7
768 68 61
768 226 4
768 326 15
768 502 2
768 608 2
768 666 6
768 736 2
768 738 3
768 926 202
769 34 2
769 277 6
769 350 24
769 640 3
769 773 2
770 67 2
770 211 19
770 515 3
770 663 5
771 128 2
771 793 2
771 800 2
772 0 2
772 32 11
772 130 5
773 1 3
774 8 2
774 936 2
775 48 1041
775 921 6
776 101 4
776 155 2
776 586 2
777 84 12
777 200 7
777 318 93
777 539 19
777 554 2
777 608 17
777 641 2
778 330 3
778 389 2
778 707 2
780 14 6
780 16 18
780 193 7
780 552 2
780 707 13
781 222 24392
781 496 12
782 226 2
782 405 14
784 1 2
784 514 2
784 549 2
784 634 14
784 841 3
785 45 6
785 257 5259
786 521 6
786 576 5
786 914 2
788 25 2
788 324 2
788 332 2
792 16 9
792 274 2
792 540 5
792 594 2
793 52 6
793 628 2
795 422 66
795 661 4
798 776 2
800 9 2
800 45 7
800 73 16
800 97 8
800 133 10
800 824 5
801 34 14
801 592 2
801 642 2
802 660 18
804 0 3
804 104 4
804 337 2
804 433 2
804 779 2
805 387 3
805 781 4244
806 43 2
806 134 2
806 232 2
806 480 2
808 302 6
808 526 16
808 945 2
810 17 8
810 416 14
812 778 7
814 161 2
814 264 3
814 523 2
816 18 2
817 784 2
818 253 3
819 538 2
821 236 8
822 211 1849
824 392 4
824 609 4574
824 978 2
832 21 2
832 30 2
832 43 6
832 281 2
832 304 2
832 328 17
832 427 2
832 518 2
832 548 2
833 147 2
833 999 2
834 0 2
834 32 2
834 104 3
834 148 86
834 912 496581
835 264 24
835 392 10
835 583 18
836 388 11
836 485 2
838 785 6
839 21 25
840 96 2
840 545 3
840 800 29
841 32 11
841 370 3
842 200 1567
843 939 264
845 561 9
845 624 2
848 90 6776
848 313 4
848 391 4
848 899 2
849 792 3
849 1018 9
850 308 15
850 776 2
851 195 3
852 2 2
852 64 21
852 72 72
852 824 2
854 681 26
856 256 2
856 866 3
857 42 12
862 130 15
863 516 45
864 23 68
864 786 2
866 260 16
867 998 2
868 332 6
870 6 6
870 68 31
871 264 2
872 32 3
872 50 2
872 165 4287
873 9 2
874 360 2
875 164 3
878 258 3
880 611 470
882 42 48
885 601 23
895 603 2
896 330 3
896 868 2
897 39 3
897 115 2
897 523 56
897 1002 2
898 336 11
898 699 2
899 537 10
899 736 20
900 4 8
900 162 14
902 420 2
903 339 4
904 231 2
904 888 9
904 929 2
905 12 2
905 196 8
905 248 2
905 540 2
906 137 45
906 194 5
906 210 7
906 328 7
907 276 7
908 456 9
910 614 41
911 5 2
912 2 2
912 85 14
912 129 9
912 388 3
914 216 3
914 669 8
914 968 5
916 742 2
916 777 9
917 560 73
918 0 2
920 200 16
921 272 2
921 320 2
922 8 3
922 784 2
924 33 3
928 64 4
928 384 2
928 518 8
929 257 2
929 316 13
930 547 8790
930 720 2
931 230 3
931 657 2
932 783 156
933 657 2
934 94 4130
938 261 3
938 316 3
938 552 2
940 512 2
941 771 4
945 456 5
947 568 2
948 9 3
953 905 2
954 22 2
956 846 2
958 844 3
960 358 2
961 131 2
961 333 2
961 472 2
961 481 21
965 937 2
966 29 17
966 192 7
966 555 3
968 51 15
968 360 2
969 313 6
969 769 16
970 180 2
975 205 7
976 321 2
976 779 2
977 22 4
977 34 54
977 549 2
986 772 2
987 962 2
988 366 2
996 36 224
996 836 2
998 127 2
998 179 4
1000 260 13
1001 286 7
1002 652 2
1003 684 19
1011 36 54
1013 316 3
1020 385 2
1021 643 16
