0 4 2
0 9 2
0 17 10672
0 18 2
0 47 2
0 112 11
0 166 2
0 215 8
0 256 2
0 259 2
0 265 6
0 274 4
0 321 4
0 415 3
0 552 2
0 646 7
0 670 13
0 674 1991
0 679 3
0 843 4
0 917 2
0 936 5
1 7 6
1 15 11
1 30 6
1 70 11
1 82 2
1 135 6
1 292 3
1 481 3
1 535 18
1 565 9
1 644 2
1 705 313
1 768 2
1 825 36
1 920 2
2 0 14
2 8 2
2 48 2
2 132 294
2 167 559
2 260 8
2 267 24
2 328 4
2 523 2
2 826 12
3 24 13
3 131 6
3 272 2
3 277 4
3 530 5
3 592 2
3 652 6
3 817 10
4 0 2
4 4 5
4 15 17
4 50 3
4 60 6
4 248 2
4 293 2
4 368 2
4 576 68
4 683 2
4 803 2
4 808 2
5 216 2
5 584 2
5 887 68
6 3 2
6 148 3
6 212 2
6 259 2
6 267 2
6 268 2
6 512 12
6 798 6
6 1002 2
7 110 9
7 715 2
8 1 47
8 2 4
8 19 2
8 32 233
8 42 8
8 58 6
8 202 13
8 272 7
8 386 4
8 393 4
8 486 5
8 642 6
8 656 3
8 735 2
8 850 13
8 902 24
9 39 17
9 43 6
9 416 12
9 526 2
9 572 3
9 823 2
9 907 8
10 13 30
10 40 3
10 75 2
10 160 4
10 176 3
10 208 7
10 523 3
10 584 8
10 680 3
10 778 11020
11 204 6
11 586 13
11 779 2
12 0 3
12 24 2
12 55 2
12 65 2
12 116 2
12 128 4
12 269 135
12 366 2
12 634 2
12 781 3
13 66 2
13 192 35
13 224 2
13 320 14
13 780 2
14 127 2
14 210 2
14 321 2
14 376 2
14 616 14
15 352 23
15 485 5
15 659 134
15 854 10
16 9 38
16 24 2
16 64 2
16 132 2
16 148 8
16 198 2
16 516 2
16 643 4
16 806 9
17 48 2
17 258 2
18 51 13
18 203 4
18 215 5
18 290 3951
18 641 3
18 645 6
19 7 7
19 24 19
19 709 2
20 1 361
20 10 2
20 28 3
20 69 87
20 194 2
20 786 14
21 116 220
21 258 2
21 308 17
22 24 2
22 68 27
22 97 4
22 133 8
22 320 3
22 331 873
23 328 41
23 770 73
23 886 9
24 9 6
24 781 2
24 786 3
24 848 3
24 944 2
26 20 2
26 109 23
26 801 2
27 210 453482
27 547 2
28 42 2
28 72 12
28 192 361086
28 624 48
28 647 2
29 5 2
29 327 13
29 532 18
29 809 672
30 52 6
30 129 2
30 588 135
31 77 2
31 561 6
32 16 3
32 33 2
32 42 4
32 196 2
32 204 2
32 211 2
32 276 2
32 514 4
32 612 64080
32 641 2
32 721 2
32 759 26
32 803 3
33 3 2
33 26 3
33 64 20
33 277 2
33 320 11
33 544 135
33 898 9
33 945 2
34 144 2
34 292 2
34 324 3
34 561 3
34 663 3
34 720 5
34 800 2
35 65 3
35 266 5
35 551 2
35 689 2
36 12 6
36 34 2
36 48 112
36 257 2
36 266 9
36 288 5
36 320 19
36 448 84
36 555 450
36 705 2
36 858 631
37 13 2
37 364 5
37 520 6
37 594 2
37 640 10
38 180 19
38 204 2
38 544 2
39 3 8
39 48 2
39 982 2
40 9 4
40 20 2
40 39 2
40 65 13
40 256 119
40 512 2
40 528 22
40 605 2
40 672 5
40 756 3
40 761 2
40 840 7
40 980 6
41 96 7
41 276 11
41 513 6
41 987 60
42 42 42
42 140 2
42 329 26
42 411 2
42 778 7
42 839 3
43 1 7
43 546 5
44 10 6
44 12 2
44 47 174
44 430 10
44 524 2
44 794 6
45 23 15
45 50 2
45 74 8
45 808 2
45 844 6
46 57 2
47 80 2
48 67 2
48 168 2
48 176 3
48 193 2
48 226 4744
48 646 9
48 789 4
48 843 5
49 17 3
49 310 2
49 516 3
50 9 2
50 113 2
50 528 5
51 70 2
51 377 2
51 516 37
52 46 2
52 188 2
52 256 2
52 285 9
53 245 17
54 718 2
55 278 2
56 89 7424
56 267 4
56 560 3
57 5 2
57 128 2
57 448 2
59 292 2
59 453 4
59 583 4
60 3 8
60 5 12
60 33 4
60 112 2
60 948 8
61 644 4
62 521 97
64 1 2
64 26 4
64 41 5
64 192 3
64 194 19
64 203 3
64 272 21
64 370 22
64 465 4
64 481 6
64 514 2
64 686 2
64 756 8
64 771 63
64 780 11
64 790 5
65 25 7
65 104 2
65 118 7
65 218 2
65 241 88
65 421 27
65 515 21
65 614 2
66 140 5
66 545 2
67 2 10
67 73 2
67 453 3
67 840 4
68 153 4
68 226 4
68 284 11
68 322 4
69 138 1106
69 276 2
69 466 5
70 212 2
70 431 2
70 646 26
70 648 261
70 672 7
71 1 2
71 409 43
71 700 3
72 37 4
72 65 10
72 280 2
72 437 6
72 533 2
72 961 57
73 39 4977
73 640 2
74 512 2
74 600 1231
74 768 56
74 1012 3
75 259 2
76 84 14
76 133 4
76 586 3
76 855 2
77 256 111
77 267 5
77 450 8
77 456 2
78 288 3
78 517 23
78 784 8
78 919 9
79 386 2
80 0 23
80 51 7071
80 82 2
80 132 14
80 211 10
80 528 2
80 677 8
81 852 3
82 280 5
83 115 6
83 124 7
83 617 6
83 784 4
84 74 3
85 31 5664
85 65 2
86 234 2
86 524 2
87 353 158
87 462 2
87 512 2
87 515 3
88 330 13
88 782 2
89 2 2
89 4 4
89 76 2
90 20 2
90 274 3
90 988 114
91 154 11
91 652 10
91 951 77
92 38 62
92 91 7
93 134 2
93 669 4
94 869 20
94 954 2
96 32 2
96 80 7
96 103 9
96 148 2
96 208 7
96 220 2
96 276 5
96 304 2
96 321 10
96 356 2
96 776 2
96 820 8
97 18 15
97 48 2
97 130 6
97 167 6
97 195 96
97 286 4
97 473 90
97 525 34
98 14 2
98 352 2
98 401 12
98 671 954
98 928 214
99 117 3
99 134 2
100 128 2
100 752 4
100 768 240
100 901 87
101 70 3
101 124 2
101 161 4
101 392 3
101 599 2
102 6 24
102 78 17
102 166 2
102 264 3
103 704 2
104 26 2
104 48 2
104 64 8
104 313 2
104 512 14
104 673 41
105 3 2
105 296 8
105 779 2
106 516 8
106 652 4
107 3 69
108 133 8
108 514 22784
109 707 6
112 0 2
112 1 17
112 3 2
112 28 2
112 84 2
112 107 3
112 165 2
114 68 2
114 416 5
114 452 2
114 872 2
116 33 8
117 106 2
117 803 2
118 565 2
119 446 14
119 836 2
120 0 5
120 76 2
121 536 2
122 24 2
123 600 5
124 304 4
124 348 5
125 268 3
128 10 13
128 58 12
128 208 8
128 320 2
128 362 79
128 375 12
128 376 7
128 453 2
128 628 2
128 770 2
128 806 10
129 0 5
129 39 2
129 88 2
129 163 2
129 584 4
129 707 2
130 78 18
130 273 2
130 368 20
130 520 2
130 528 8
130 532 22
130 540 63
130 675 41
130 772 920
131 581 386
132 17 2
132 94 2
132 137 6
132 516 44
132 713 2
132 916 2
132 957 2
133 23 2
133 138 2
134 67 2
134 224 8
134 377 145
134 390 8
134 516 10
134 768 2
135 544 3
136 21 18
136 39 48
136 160 2
136 482 4
136 610 2
136 657 2
136 684 19
137 148 3
137 325 7
137 678 9
137 778 4
138 266 18
138 415 69
138 590 2
138 902 2
139 426 2
139 865 32
140 72 118
140 135 2
140 143 35
140 464 12
140 724 4
140 776 2
141 2 2
141 521 2
141 954 2
143 116 5
143 286 52760
143 642 2
144 18 249
144 68 20
144 248 3
144 257 2
144 418 3
144 433 3
144 520 2
144 800 4
145 1 3
145 67 5
145 94 3
145 184 4
145 216 3513
145 273 2
145 576 2
146 69 7
146 910 12
147 513 10
147 522 2
148 1 5
148 24 2
148 130 70
148 139 2
148 146 3
148 278 3
148 464 2
148 515 2
148 912 10
149 20 2
149 633 7
149 649 6
150 141 10
150 160 6
150 656 25
151 102 11
151 250 3
153 26 12
153 151 18
153 171 3
153 592 4
153 598 2
153 833 2
153 961 3
156 54 26
156 133 5
156 521 7
156 814 2
157 404 2
160 34 353
160 81 2
160 144 62
160 644 2
160 801 9
161 21 5
161 40 2
161 326 3
161 376 4
161 524 2
161 576 5
161 898 9
162 160 29
162 290 2
162 306 6
163 227 2
163 601 5
164 34 2
164 38 3
164 87 746
164 217 34
164 264 2
164 280 5
164 481 5
164 636 391
164 646 170
165 141 2
165 397 6
166 686 2
167 104 4
167 384 10
167 712 25
168 52 19
168 67 2
168 68 4
168 98 16932
168 480 3
169 25 105
169 72 7
169 351 2
169 514 179
171 144 14
172 8 44
172 32 2
172 569 2
172 664 2
173 261 14
174 493 17
174 582 5
175 863 3
176 32 61
176 137 2
176 270 2
176 864 24
177 560 4
177 611 2
178 100 16
178 144 3
178 580 3
178 797 6
179 429 2
180 19 4
180 600 4
180 973 4
181 331 2512
181 768 2
181 964 2
182 300 9
182 728 28
184 141 12
184 161 2
184 664 4
185 5 16
185 42 56
185 391 17
186 582 3
187 800 4
188 4 2
188 199 10
192 43 94
192 52 2
192 72 4
192 388 2
192 392 5
192 524 3
192 536 3
192 713 2
192 898 4
192 904 12
192 999 33
193 8 2
193 131 8
193 162 8
193 375 2
193 422 11
193 775 30
194 592 90
196 377 76
197 61 11
197 100 5
197 297 2
197 592 7
197 611 4
197 769 10
200 445 771
200 577 2
200 924 2
201 39 2
201 98 71
201 140 2
202 11 3
203 654 2
204 6 2
204 520 2
205 457 3
206 80 39
206 530 14
208 14 2
208 88 5
209 513 16
209 564 9
210 1 3
210 882 4
211 4 5
212 34 2
212 69 2
212 112 2
212 262 14
212 285 2
214 369 2
214 585 129
216 66 5
216 138 3
216 792 2
217 923 3
219 389 2
220 658 4
222 532 8
222 852 27
225 257 2
225 316 12
225 948 3
226 157 11
227 336 2
227 592 2
227 838 11
228 32 14
228 294 3
230 9 2
231 261 6
231 290 10
232 5 2
232 65 2
232 80 6
232 130 39
232 480 14
233 212 4
233 912 2
234 917 2611
235 281 7
235 645 34
238 642 2
239 370 2
239 560 2
240 18 24
240 799 6
240 914 8
241 206 63
241 245 8
244 356 2
244 932 3
245 705 2
246 64 391
248 0 26
248 290 2
248 557 2
248 902 6
250 46 2
253 636 15
256 1 55
256 4 2
256 68 24
256 69 10
256 97 2
256 160 2
256 262 8
256 312 7
256 344 377
256 416 9
256 512 2
256 522 4
256 616 2
256 705 2
256 764 8
256 772 2
256 904 43
256 963 265
256 992 30
257 0 2
257 156 8
257 268 2
257 272 2
257 544 8
257 806 4
257 912 14
257 920 15
257 945 2
258 36 2
258 138 5
258 265 18
258 673 4
258 810 2
258 880 2
259 100 27
259 165 3
259 226 2
259 268 2
259 327 2
260 295 2
260 522 10
260 545 2
260 678 2
260 978 2
261 67 7
261 356 6
261 672 2
261 995 12
262 32 5
262 134 11
262 193 2
262 256 5
262 906 3
262 1013 2
264 1 3
264 4 10
264 296 5
264 320 2
264 568 14
265 264 2
265 339 2
265 632 30
266 11 2
266 56 3
266 242 7
266 272 3
266 326 4
266 336 2
266 504 5
268 34 21
268 177 2
268 192 35
268 512 10
268 524 36
268 577 6
269 444 2
269 640 8
270 73 20
270 532 51
270 642 8
272 41 2
272 162 6
272 208 18
272 225 5
272 234 2
272 259 27
272 280 2
272 378 7
272 520 2
272 554 2
272 640 230
272 684 14
272 899 2
273 581 2
273 809 36
274 98 3
274 334 4
275 4 73003
275 16 2
275 116 2
275 133 75
275 485 2
275 512 2
276 288 2
276 394 3
276 538 4
276 628 63
276 661 52
277 8 2
277 27 2
277 128 2
277 385 21
278 258 4
279 18 2
279 901 4
280 600 2
281 101 334
282 136 6
282 576 3
282 717 4
282 787 2
283 514 56
284 835 27
285 104 2
286 12 8
286 624 2
286 832 2
287 448 2
288 47 2
288 50 2
288 132 9
288 224 2
288 292 2
288 341 3
288 545 30
288 776 3
289 36 54
289 156 4
289 345 7
289 468 3
289 472 2
289 648 28
289 753 42
289 788 3
290 0 3
290 258 182
290 328 2
290 388 2
291 32 6
291 610 2
291 768 2
292 7 2
292 19 2
292 134 7
292 162 2
292 524 9
292 593 2
293 256 131
293 960 12
294 27 2
294 742 3
294 864 2
296 57 32
296 84 2
296 131 9
296 231 6
296 260 28
296 288 2
296 336 2
296 409 16
296 516 2
297 167 4
297 325 375
297 544 4
297 742 38
298 75 2
298 800 7
299 291 2
300 29 4
300 140 94
301 777 3734
303 292 2
304 8 14
304 42 4
304 63 2
304 212 2
304 258 9
305 11 6
305 34 10
305 163 2
305 576 3
306 36 4
306 918 172
307 514 13
308 21 2
308 583 2
308 640 12
308 692 2
308 832 8
308 848 4
309 77 6
309 774 2
310 936 17
314 109 2
314 156 16
314 376 45
314 518 7
315 739 2
316 452 2
318 532 2
318 914 4
320 29 362
320 315 22
320 407 4
320 428 50
320 468 412
320 641 37
320 720 6
321 4 3
321 262 4
321 768 6
321 834 2
321 1008 5
322 0 2
322 272 2
322 416 21
322 899 5
323 360 2
323 515 22
324 16 2
324 106 2
324 179 25
324 200 15
324 513 5
324 530 5
325 74 4
325 145 28
325 192 13
325 720 2
326 11 930
326 32 2
326 116 2
326 280 2
327 675 4
327 698 2
328 45 9
329 35 13
329 258 2
329 836 2
330 8 14
330 204 2
331 512 6
332 456 18
332 643 31
334 265 12
334 288 68
335 83 2
335 391 11
336 18 2
336 100 11
336 576 2
336 632 24290
337 352 37
337 768 153
337 833 11
338 33 4
338 160 110
338 169 2
340 0 10
340 106 2
340 704 63
341 576 4
342 15 3
342 168 9
342 272 58
342 536 22
343 475 2
344 188 2
344 676 2
346 11 13
346 89 2
347 11 8
347 149 2
347 313 16
348 128 2
348 395 3
349 12 2
352 409 10
352 419 2
352 514 6
352 680 2
352 794 6
352 860 2
353 138 2
353 389 2
353 684 2
354 25 2
354 30 8
354 836 4
354 969 2
355 134 2
355 634 2
356 800 2
357 433 8
357 641 35
358 3 9
358 168 21
358 197 2
360 514 2
360 555 6
360 732 18
360 784 16
360 810 44
361 316 53
362 34 2
363 162 14
366 657 7
368 49 2
368 925 2
371 112 6
371 705 5
372 352 2
375 77 13
379 333 6
380 339 2
381 531 12
382 562 2
384 6 2
384 156 2
384 168 5
384 312 551
384 332 2
384 423 2
384 457 13
384 481 4
384 531 108
384 597 2
384 692 6
384 841 2
384 962 3
385 2 147
385 75 9
385 213 19
385 214 4
385 563 8
386 64 2
386 73 4
386 158 2
386 160 29
386 206 2
386 275 6
386 681 4
386 849 2
386 912 209
387 297 12
387 1016 2
388 332 2
389 596 2
390 566 2
391 8 20
391 461 5
392 38 13
392 336 2
392 674 2
393 577 2
394 80 2
394 590 2
395 4 5
395 558 4
395 647 10
396 6 29
396 546 2
396 777 20
396 915 2
396 960 6
397 132 2
397 305 10
397 518 2
398 943 5
399 9 2
400 10 2
400 21 3
400 144 66
400 712 5
401 58 40
401 277 3
401 284 2
401 673 3
401 932 2
402 68 12
402 80 2
402 769 2
403 98 2
404 209 7
404 298 24
406 677 2
408 66 2
408 405 3
408 576 3
409 66 5
409 105 4
409 417 16
409 888 397
410 520 2
411 20 5
412 6 3
413 640 15
414 932 2
416 52 2
416 279 2
416 292 3
416 531 4
416 832 3
417 577 4
418 16 2
419 7 5
419 62 2
419 844 5
420 32 9
420 288 16
420 424 2
420 538 9
420 545 8
421 400 3
422 736 3
423 384 35
423 651 19
424 481 2
425 161 4
425 261 17
425 746 2
425 776 2
426 644 4
427 580 2
428 32 2
428 194 2
428 620 57
428 880 2
430 8 10
430 68 2
430 203 2
433 197 2
433 398 3
434 734 14
436 641 7
437 2 8
441 21 2
442 146 2
442 691 3
444 769 2
444 801 22
448 92 628
448 513 3
448 655 87
449 321 2
450 450 23
452 48 2
452 136 3
452 512 165
452 513 11
453 368 2
453 661 3
454 437 1780
454 634 6
455 640 2
456 367 6
456 376 13
456 774 2
457 906 41
458 101 2
458 743 6
460 197 2
460 462 3
460 566 2
461 901 5
462 516 21
462 641 100
463 916 9
464 928 13
465 531 40
465 902 15
467 211 5
467 300 2
470 713 16
472 256 2
473 6 5
473 600 2
473 800 2
476 775 2
480 0 14
480 665 10
480 731 552
480 928 2
481 288 19
481 416 56
482 64 6
482 208 6
482 285 4
483 276 3
483 555 5
484 841 3
485 134 4
488 3 17
488 269 8
488 334 4
488 565 2
489 64 2
491 112 2
496 433 139
496 978 2
501 519 2
505 332 14
506 706 2
512 1 2
512 5 2
512 52 27
512 65 14
512 96 2
512 153 1533
512 173 2
512 266 2
512 420 86
512 438 5
512 453 2
512 482 4
512 514 2
512 522 2
512 685 2
512 936 179
513 5 2
513 42 12
513 47 4
513 65 10
513 100 4
513 112 665
513 304 2
513 340 4
513 548 4
513 644 2
514 4 106
514 11 2
514 160 7
514 401 5
514 522 26
514 572 3
514 780 2
515 93 87
515 157 19
515 273 37
516 33 2
516 69 14
516 72 6
516 169 2
516 357 2
516 582 2
516 605 4
516 785 3
517 0 6
517 3 2
517 8 11
517 34 2
517 132 108
517 177 2
517 233 6
517 281 2
517 525 85
517 672 3
517 676 49
517 768 3
518 0 62
518 41 2
518 66 1271
519 944 8
519 967 2
520 9 9
520 94 4
520 164 5
520 296 22
520 328 2
520 436 41
520 785 20
520 812 3
520 896 15
521 81 7
521 131 2
521 229 2
521 450 4
521 554 19
521 560 30
522 1 2
522 121 12
522 549 7
524 159 2
524 173 2
524 520 6
525 820 7
526 548 17
526 776 2
527 36 4
527 713 2
528 10 4
528 33 3
528 36 16
528 97 2
528 344 2
528 406 7
528 580 2
528 582 7
528 611 7
528 720 2
528 801 3
529 16 2
529 148 3
529 260 20
529 517 3
529 737 3
529 836 5
530 20 2
530 86 2
530 278 2
530 325 5
530 522 710
530 696 3
532 134 5
532 292 2
532 550 2
532 853 4
533 5 9
533 787 5
534 6 21
534 425 7
534 786 2
534 928 2
535 10 5
536 10 8
536 244 8
536 412 10
536 687 2
536 902 2
537 99 2
537 138 23
537 257 3
538 74 11
538 84 4
538 820 2
540 256 2
540 481 2
541 344 2
541 793 6
544 6 461
544 21 2
544 24 2
544 401 21
544 429 6
544 542 2
544 551 3
544 597 10
544 718 44
545 209 3
545 226 5
545 520 8
545 743 2
546 4 2
546 263 4
546 612 2
546 650 2
546 758 17
546 900 30938
547 265 5
547 427 27
547 577 3
548 141 15
548 169 2
548 577 6
548 586 3
549 146 16
549 647 8
550 36 2
550 800 2
551 40 33
552 136 2
552 640 388
552 656 2
552 932 7
553 36 3
553 102 14
553 933 6
554 4 23
554 137 10
554 296 94
555 52 5
555 418 11
556 409 2
557 6 2
557 400 9
557 512 8
557 557 3
557 770 5
559 557 13
560 18 2
560 96 2
560 104 2
561 10 2
561 521 4
561 786 20
561 993 3
562 977 3
562 992 2
564 28 3
564 656 10
564 659 16
566 4 49
566 44 52
566 132 9
567 793 94
569 385 4
569 522 2
571 100 2
571 457 12
572 36 8
572 64 5
572 257 2
572 370 3
573 797 8
573 886 2
574 18 2
574 533 5
574 696 620
576 4 3
576 5 3
576 19 2
576 48 5
576 76 5
576 133 2
576 172 10
576 193 2
576 228 5
576 325 30
576 371 10
576 525 23
576 607 11
577 72 2
577 222 11
577 236 848
577 292 3
577 401 2
577 577 2
577 661 2
578 96 8
578 120 284
578 136 2
578 554 2
578 572 8
578 575 44
579 80 2
579 136 3
579 621 15
579 789 2
580 64 41
580 507 5
580 528 2
580 598 8
581 645 2
582 633 4
584 833 27
585 64 2
585 208 2
585 217 44
585 354 2
585 389 2
586 64 20
586 530 3
587 608 2
588 784 4
589 389 3
590 276 18
590 300 2
590 520 10
590 788 3
591 147 2
592 2 14
592 322 14
592 528 2
592 585 11
592 856 11
593 429 2
595 58 5
595 557 5
596 33 7
596 91 4
596 385 60
597 387 2
599 569 12
600 115 16
600 562 4
600 573 2
600 575 2
601 335 3
601 431 5
602 480 2
604 913 45
605 80 7
606 807 2
607 288 3743
607 393 2
608 176 2
608 185 4
608 522 13
608 576 6
608 648 3
609 28 3
609 210 3
609 768 5
611 125 27
612 534 19
613 840 3
614 265 4
614 936 2
616 450 2
617 908 2
618 70 3
618 1004 2
619 76 2
619 140 10
621 293 4
623 1000 5
624 579 5
625 5 2
625 261 4
625 530 7
626 8 6
626 104 3
626 114 20
626 528 13
626 608 2
627 3 158
627 418 2
627 977 4
628 76 842
629 446 18
629 528 3
631 24 5
632 18 23
633 812 2
635 546 2
638 161 2
640 4 6
640 6 4
640 16 87
640 181 2
640 246 2
640 258 12
640 369 9
640 421 2
640 467 18
640 525 4
640 584 2
640 659 2
640 938 69
640 952 2
642 512 3
642 562 18
642 724 2
643 775 12
644 387 2
644 660 2
644 756 13
644 769 2
645 4 4
645 25 4
645 963 13
646 289 19
646 388 2
648 76 34
648 98 630
648 210 2
648 369 2
648 512 9
648 769 7
649 4 2
649 48 2
650 108 12
650 216 7
650 953 22
651 290 2
652 257 2
652 594 7
654 565 7
655 384 7
655 761 4
656 3 3
656 259 2
656 278 14
656 370 2
657 79 18
657 201 4
658 10 4
658 26 2
658 640 3
660 36 2
660 52 25
660 69 9
660 85 2
660 648 3
661 244 7
661 608 4
662 374 2
664 16 22
664 205 68
664 539 783
664 781 5
665 3 2
665 260 45
666 66 16
667 587 2
668 163 2
668 464 11
668 749 7
670 515 2
672 1 18
672 64 3
672 608 5
672 717 2
673 104 2
673 656 2
674 259 3
674 401 2
674 672 4
675 257 2
675 470 3
676 52 2
677 121 2
677 641 2
678 237 2
679 556 2
680 20 2
680 39 10
680 105 1366
680 450 14
680 540 6
681 33 5
684 1008 19
686 426 2
686 593 5
689 80 2
690 110 385
691 12 2
692 260 2
692 914 2
693 397 4
693 522 2
694 6 2
694 768 9
694 931 6
694 976 2
695 517 2
695 585 2
696 885 4
697 710 2
700 18 15
700 229 2
700 864 2
701 34 4
701 941 9
704 34 3
704 76 18
704 135 2
704 292 2
704 514 2
705 596 25
705 854 2
706 17 2
706 460 2
706 732 2
708 108 21
709 325 2
709 354 2
709 644 2
709 843 12
710 2 4
711 19 5
712 35 2
712 141 2
712 294 26
712 862 2
713 593 11
713 837 2
716 98 2
716 339 19
716 842 10
719 512 132
721 104 3
721 170 16
721 323 221
721 584 2
722 82 34
722 100 16
722 104 5
722 258 1622
722 393 19
722 398 2
723 142 28
724 20 82
724 596 17
725 44 2
725 65 9
726 322 2
727 200 2
728 227 2
728 350 3
728 712 5
729 578 19
730 332 2
736 24 2
737 64 530
737 288 2
737 610 2
738 970 71
740 235 6
740 778 4
740 801 81
741 45 5
741 260 2
742 97 909
743 787 4
744 124 2
744 280 2
744 762 11
745 63 13
746 386 10
751 506 2
752 261 2
752 494 119
752 786 2
754 32 2
759 130 6
760 220 6
760 257 5
760 300 8
761 435 71
763 668 2
765 513 2
768 68 97
768 226 15
768 326 5
768 502 2
768 608 2
768 666 2
768 736 19
768 738 2
768 926 2
769 34 2
769 277 10
769 350 3
769 640 8
769 773 3
770 67 26
770 211 28
770 515 21
770 663 8
771 128 2
771 793 5
771 800 5
772 0 2
772 32 5
772 130 2
773 1 2
774 8 7
774 936 2
775 48 4663
775 921 7
776 101 3
776 155 2
776 586 6
777 84 2
777 200 3
777 318 70
777 539 25
777 554 2
777 608 3
777 641 2
778 330 4
778 389 2
778 707 4
780 14 2
780 16 9
780 193 5
780 552 2
780 707 4
781 222 2
781 496 2
782 226 2
782 405 5
784 1 2
784 514 122
784 549 2
784 634 3
784 841 10
785 45 7
785 257 2
786 521 2
786 576 2
786 914 5
788 25 14
788 324 2
788 332 2
792 16 2
792 274 2
792 540 6
792 594 2
793 52 11
793 628 22
795 422 2
795 661 12
798 776 5
800 9 136
800 45 2
800 73 3
800 97 2
800 133 9
800 824 2
801 34 10
801 592 4
801 642 2
802 660 2
804 0 9
804 104 9
804 337 93
804 433 2
804 779 4
805 387 5
805 781 1152
806 43 3
806 134 13
806 232 5
806 480 7
808 302 73
808 526 3014
808 945 2
810 17 18
810 416 4
812 778 2
814 161 11
814 264 3
814 523 7
816 18 3
817 784 2
818 253 4
819 538 138
821 236 2
822 211 2
824 392 4
824 609 2
824 978 3
832 21 2
832 30 2
832 43 5
832 281 8
832 304 38
832 328 2
832 427 2
832 518 7
832 548 3
833 147 17
833 999 2
834 0 4
834 32 2
834 104 6
834 148 2
834 912 3
835 264 9
835 392 2
835 583 2087
836 388 5
836 485 7
838 785 8
839 21 4
840 96 2
840 545 3
840 800 14
841 32 69
841 370 3
842 200 2
843 939 2
845 561 65
845 624 2
848 90 443
848 313 7
848 391 12
848 899 12
849 792 3
849 1018 16
850 308 2729
850 776 4
851 195 2
852 2 2
852 64 6
852 72 11
852 824 23343
854 681 5
856 256 5
856 866 7
857 42 3
862 130 3
863 516 2
864 23 4
864 786 2
866 260 12
867 998 3
868 332 16
870 6 3
870 68 9
871 264 2
872 32 9
872 50 2
872 165 15
873 9 2
874 360 8
875 164 157
878 258 5
880 611 2
882 42 86
885 601 2308
895 603 2
896 330 2
896 868 15
897 39 11
897 115 8
897 523 5
897 1002 2
898 336 30
898 699 39099
899 537 5
899 736 2
900 4 12
900 162 19
902 420 2
903 339 3
904 231 6
904 888 2
904 929 22
905 12 2
905 196 4
905 248 2
905 540 11
906 137 9
906 194 11
906 210 2
906 328 3
907 276 29
908 456 3
910 614 38
911 5 2
912 2 11
912 85 5
912 129 33
912 388 2
914 216 7
914 669 5
914 968 3
916 742 2
916 777 4
917 560 2
918 0 744
920 200 7
921 272 7
921 320 31
922 8 8
922 784 11
924 33 39
928 64 4
928 384 6
928 518 2
929 257 2
929 316 4
930 547 58
930 720 2
931 230 57
931 657 2
932 783 344
933 657 4
934 94 2
938 261 7
938 316 2
938 552 7
940 512 11
941 771 2
945 456 11
947 568 2
948 9 4
953 905 844
954 22 2
956 846 256
958 844 12
960 358 661
961 131 78
961 333 2
961 472 6
961 481 55
965 937 23
966 29 2
966 192 2
966 555 4
968 51 6
968 360 897
969 313 42
969 769 3
970 180 2
975 205 2
976 321 18
976 779 2
977 22 2
977 34 2
977 549 10
986 772 23
987 962 11
988 366 10
996 36 3
996 836 9
998 127 3
998 179 5
1000 260 699
1001 286 3
1002 652 2
1003 684 12
1011 36 2
1013 316 5
1020 385 3
1021 643 4
