0 4 17
0 9 30
0 17 82
0 18 3
0 47 3
0 112 3
0 166 2
0 215 7
0 256 11
0 259 2
0 265 2
0 274 2
0 321 2
0 415 10
0 552 2
0 646 342
0 670 8
0 674 38
0 679 2
0 843 2
0 917 2
0 936 20
1 7 2
1 15 12
1 30 2
1 70 6
1 82 2
1 135 4
1 292 12
1 481 21
1 535 10
1 565 48
1 644 4
1 705 2
1 768 2
1 825 17
1 920 2
2 0 4
2 8 2
2 48 4
2 132 1069
2 167 316
2 260 4
2 267 2
2 328 9
2 523 3
2 826 2
3 24 17
3 131 4
3 272 2
3 277 6
3 530 10
3 592 5
3 652 2
3 817 2
4 0 17
4 4 65
4 15 3
4 50 3
4 60 2
4 248 2
4 293 2
4 368 2
4 576 2
4 683 2
4 803 7
4 808 3
5 216 2
5 584 4
5 887 2
6 3 4
6 148 9
6 212 2
6 259 2
6 267 2
6 268 2
6 512 2
6 798 8
6 1002 3
7 110 8
7 715 613
8 1 239
8 2 4
8 19 2
8 32 3
8 42 4
8 58 2
8 202 35
8 272 2
8 386 2
8 393 2
8 486 2
8 642 3
8 656 4
8 735 2
8 850 3
8 902 2
9 39 3
9 43 3
9 416 27
9 526 2
9 572 6
9 823 17
9 907 53
10 13 6
10 40 2
10 75 2
10 160 7
10 176 11
10 208 5
10 523 6
10 584 5
10 680 211
10 778 2
11 204 24
11 586 55
11 779 6
12 0 4
12 24 145
12 55 2
12 65 409
12 116 19
12 128 6
12 269 150
12 366 2
12 634 2
12 781 2
13 66 2
13 192 4
13 224 5
13 320 2
13 780 2
14 127 3
14 210 22
14 321 2
14 376 5
14 616 10
15 352 4
15 485 29
15 659 3
15 854 16
16 9 7
16 24 2
16 64 414
16 132 2
16 148 6
16 198 2
16 516 2
16 643 5
16 806 4
17 48 2
17 258 2
18 51 2
18 203 25
18 215 2
18 290 2
18 641 2
18 645 5
19 7 2
19 24 13
19 709 7
20 1 2
20 10 3
20 28 2
20 69 2
20 194 5
20 786 21
21 116 178
21 258 2
21 308 16
22 24 5
22 68 2
22 97 7
22 133 5
22 320 2
22 331 214
23 328 615
23 770 45
23 886 7
24 9 21
24 781 13
24 786 2
24 848 2
24 944 2
26 20 7
26 109 24
26 801 2
27 210 12
27 547 10
28 42 2
28 72 10
28 192 2
28 624 97064
28 647 272
29 5 2
29 327 5
29 532 11
29 809 2
30 52 2
30 129 2
30 588 3
31 77 2
31 561 27
32 16 3
32 33 2
32 42 8
32 196 13
32 204 2
32 211 314
32 276 23
32 514 2
32 612 2
32 641 9
32 721 2
32 759 9
32 803 12
33 3 2
33 26 8
33 64 11
33 277 2
33 320 5
33 544 2
33 898 14
33 945 11
34 144 2
34 292 2
34 324 2
34 561 17
34 663 2
34 720 9
34 800 2
35 65 2
35 266 2
35 551 2
35 689 32
36 12 3
36 34 2
36 48 5
36 257 7
36 266 9
36 288 2
36 320 58
36 448 45
36 555 2
36 705 3
36 858 2
37 13 98
37 364 4
37 520 4
37 594 59
37 640 7
38 180 2
38 204 2
38 544 2
39 3 4
39 48 5
39 982 2
40 9 4
40 20 2
40 39 7
40 65 2
40 256 576
40 512 2
40 528 6
40 605 3
40 672 18
40 756 10
40 761 95437
40 840 9
40 980 17
41 96 2
41 276 2
41 513 13
41 987 2
42 42 2
42 140 3
42 329 4
42 411 2
42 778 14
42 839 2
43 1 9
43 546 4
44 10 3
44 12 3
44 47 6102
44 430 4
44 524 2
44 794 3
45 23 2
45 50 8
45 74 2
45 808 2
45 844 2
46 57 811
47 80 16
48 67 2
48 168 2
48 176 2
48 193 2
48 226 2
48 646 4
48 789 9
48 843 2
49 17 5
49 310 31
49 516 32
50 9 2
50 113 2
50 528 390
51 70 2
51 377 2
51 516 2
52 46 2
52 188 2
52 256 20
52 285 11
53 245 2
54 718 2
55 278 2
56 89 54
56 267 2
56 560 2
57 5 2
57 128 2
57 448 2
59 292 3
59 453 5
59 583 9
60 3 28
60 5 5
60 33 9
60 112 28
60 948 8
61 644 266
62 521 2
64 1 2
64 26 4
64 41 2
64 192 20
64 194 17
64 203 5
64 272 8
64 370 2
64 465 2
64 481 4
64 514 2
64 686 9
64 756 16
64 771 2
64 780 16
64 790 2
65 25 7
65 104 1976
65 118 6
65 218 2
65 241 8
65 421 2
65 515 8
65 614 5
66 140 2
66 545 2
67 2 2
67 73 4
67 453 13
67 840 2
68 153 3
68 226 6
68 284 19
68 322 2
69 138 2
69 276 2
69 466 2
70 212 2
70 431 2
70 646 16
70 648 2
70 672 3
71 1 2
71 409 3
71 700 110
72 37 40
72 65 11
72 280 4
72 437 7
72 533 96
72 961 2
73 39 2
73 640 9
74 512 2
74 600 2
74 768 2
74 1012 2
75 259 1113
76 84 5
76 133 7
76 586 4
76 855 77
77 256 34
77 267 2
77 450 2
77 456 2
78 288 3
78 517 7
78 784 6
78 919 8
79 386 11
80 0 5
80 51 2
80 82 50
80 132 97
80 211 36
80 528 2
80 677 44
81 852 4
82 280 3
83 115 2
83 124 2
83 617 2
83 784 23
84 74 2
85 31 176
85 65 2
86 234 3
86 524 3
87 353 2
87 462 76
87 512 2
87 515 2
88 330 45
88 782 2
89 2 38
89 4 2
89 76 47
90 20 147
90 274 2
90 988 5
91 154 6
91 652 13
91 951 2
92 38 2
92 91 9
93 134 2
93 669 2
94 869 5
94 954 4
96 32 2
96 80 2
96 103 2
96 148 2
96 208 2
96 220 3
96 276 5
96 304 2
96 321 2
96 356 2
96 776 2
96 820 2
97 18 4
97 48 20
97 130 6
97 167 2
97 195 2
97 286 2
97 473 16
97 525 455
98 14 20976
98 352 11
98 401 19
98 671 108
98 928 2
99 117 6
99 134 481
100 128 4
100 752 125
100 768 38
100 901 2
101 70 10
101 124 997
101 161 2
101 392 2
101 599 9
102 6 26
102 78 102
102 166 1846353
102 264 5
103 704 75
104 26 2
104 48 2
104 64 4
104 313 6
104 512 15
104 673 2
105 3 35
105 296 27
105 779 5
106 516 15
106 652 8
107 3 2
108 133 2
108 514 66
109 707 5
112 0 4
112 1 8
112 3 16
112 28 1790
112 84 2
112 107 2
112 165 3
114 68 2
114 416 2
114 452 7
114 872 17
116 33 2
117 106 2
117 803 2
118 565 4
119 446 101
119 836 11
120 0 2
120 76 11
121 536 2
122 24 2
123 600 7
124 304 10
124 348 286
125 268 2
128 10 6
128 58 2
128 208 8
128 320 4
128 362 4
128 375 22
128 376 2
128 453 248
128 628 2
128 770 2
128 806 2
129 0 2
129 39 2
129 88 2
129 163 3
129 584 2
129 707 2
130 78 7
130 273 6
130 368 27
130 520 2
130 528 2
130 532 5
130 540 2
130 675 2
130 772 32
131 581 2
132 17 2
132 94 2
132 137 76
132 516 4
132 713 13
132 916 2
132 957 3
133 23 9
133 138 2
134 67 4
134 224 7
134 377 2
134 390 2
134 516 2
134 768 5
135 544 2
136 21 2
136 39 7
136 160 2
136 482 4
136 610 2
136 657 15
136 684 4
137 148 6
137 325 23
137 678 3
137 778 93
138 266 2
138 415 29
138 590 2
138 902 2
139 426 2
139 865 1558
140 72 2
140 135 2
140 143 2
140 464 3
140 724 50
140 776 11
141 2 9
141 521 10
141 954 8
143 116 2
143 286 2
143 642 2
144 18 2
144 68 275
144 248 2
144 257 2
144 418 34
144 433 2
144 520 2
144 800 3
145 1 358
145 67 5
145 94 2
145 184 60
145 216 26
145 273 4
145 576 2
146 69 14
146 910 2
147 513 19
147 522 2
148 1 4
148 24 2
148 130 5
148 139 2
148 146 2
148 278 13
148 464 4475
148 515 2
148 912 2
149 20 7
149 633 6
149 649 9
150 141 2
150 160 6
150 656 2
151 102 4
151 250 11
153 26 3
153 151 5
153 171 7
153 592 3
153 598 31
153 833 2
153 961 2
156 54 14
156 133 19
156 521 3
156 814 2
157 404 3
160 34 2
160 81 2
160 144 26
160 644 2
160 801 2
161 21 2
161 40 46
161 326 2
161 376 5
161 524 79
161 576 31
161 898 4
162 160 329
162 290 13
162 306 3
163 227 8
163 601 28
164 34 36
164 38 2
164 87 2
164 217 125
164 264 24
164 280 2
164 481 5
164 636 2
164 646 2
165 141 2
165 397 4
166 686 1103
167 104 864
167 384 2
167 712 10
168 52 298
168 67 13
168 68 6
168 98 90167
168 480 2
169 25 2
169 72 4
169 351 2
169 514 2
171 144 11
172 8 3
172 32 2
172 569 3
172 664 2
173 261 7
174 493 2
174 582 2
175 863 11
176 32 14
176 137 2
176 270 5
176 864 13
177 560 9
177 611 30
178 100 15
178 144 2
178 580 2
178 797 17
179 429 2130
180 19 5
180 600 2
180 973 4
181 331 34
181 768 2
181 964 2
182 300 7
182 728 12
184 141 4
184 161 2
184 664 14
185 5 6
185 42 83
185 391 3
186 582 2
187 800 16
188 4 2
188 199 3
192 43 2
192 52 3
192 72 2
192 388 3
192 392 2
192 524 4
192 536 2
192 713 46
192 898 2
192 904 22
192 999 27
193 8 2
193 131 2
193 162 3
193 375 2
193 422 2
193 775 2
194 592 2
196 377 2
197 61 12
197 100 6
197 297 2
197 592 2
197 611 3
197 769 17
200 445 45820
200 577 2
200 924 145
201 39 9
201 98 3
201 140 6
202 11 4
203 654 10
204 6 3
204 520 2
205 457 51
206 80 2
206 530 4
208 14 46
208 88 6
209 513 3
209 564 9
210 1 2
210 882 11
211 4 23
212 34 2
212 69 2
212 112 2
212 262 91
212 285 3
214 369 60
214 585 5
216 66 10
216 138 7
216 792 316
217 923 2
219 389 230
220 658 87
222 532 23
222 852 2
225 257 4
225 316 16
225 948 2
226 157 82
227 336 2
227 592 2
227 838 2
228 32 18
228 294 173
230 9 2
231 261 13
231 290 2
232 5 2
232 65 2
232 80 9
232 130 2
232 480 30
233 212 2
233 912 2
234 917 124
235 281 16
235 645 2
238 642 2
239 370 2
239 560 11
240 18 37
240 799 2
240 914 14
241 206 2
241 245 179
244 356 3
244 932 2
245 705 9
246 64 2
248 0 12
248 290 2
248 557 2
248 902 7
250 46 2
253 636 17
256 1 5781
256 4 10
256 68 39
256 69 18
256 97 4
256 160 2
256 262 15
256 312 11
256 344 2
256 416 5
256 512 60
256 522 3
256 616 2
256 705 17
256 764 2
256 772 2
256 904 2
256 963 2
256 992 32
257 0 108
257 156 7
257 268 2
257 272 10
257 544 3
257 806 2
257 912 23
257 920 2
257 945 7
258 36 10
258 138 2
258 265 16
258 673 7
258 810 6
258 880 2
259 100 5
259 165 7
259 226 269
259 268 37
259 327 2
260 295 3
260 522 2
260 545 2
260 678 4
260 978 2
261 67 15
261 356 172
261 672 2
261 995 8
262 32 3
262 134 8
262 193 8
262 256 3
262 906 17
262 1013 66
264 1 379
264 4 2
264 296 8
264 320 2
264 568 2
265 264 2
265 339 8
265 632 61
266 11 2
266 56 12
266 242 18
266 272 3
266 326 27
266 336 15
266 504 8
268 34 4
268 177 2
268 192 4
268 512 17
268 524 3
268 577 9
269 444 2
269 640 5
270 73 11
270 532 19
270 642 24
272 41 255881
272 162 6
272 208 7
272 225 3
272 234 2
272 259 2
272 280 2
272 378 4
272 520 2
272 554 16
272 640 2
272 684 5
272 899 13
273 581 2
273 809 19
274 98 2
274 334 15
275 4 14
275 16 2
275 116 32
275 133 15
275 485 2
275 512 2
276 288 5
276 394 7
276 538 29
276 628 143
276 661 72
277 8 35
277 27 3
277 128 2
277 385 2
278 258 13
279 18 3
279 901 2
280 600 6
281 101 2
282 136 25
282 576 8
282 717 2
282 787 2
283 514 87
284 835 6
285 104 7
286 12 42
286 624 2
286 832 2
287 448 2
288 47 2
288 50 10
288 132 12
288 224 2
288 292 7
288 341 2
288 545 23
288 776 2
289 36 2
289 156 9
289 345 4
289 468 4
289 472 2
289 648 6
289 753 9
289 788 3
290 0 6
290 258 11
290 328 542
290 388 461
291 32 2
291 610 7
291 768 4
292 7 313
292 19 20
292 134 3
292 162 79
292 524 2
292 593 11
293 256 2
293 960 10
294 27 9722
294 742 7
294 864 2
296 57 2
296 84 8
296 131 2
296 231 2
296 260 2
296 288 6
296 336 2
296 409 76
296 516 3
297 167 21
297 325 2
297 544 4
297 742 5
298 75 2
298 800 3
299 291 4
300 29 2
300 140 81
301 777 2
303 292 2
304 8 3
304 42 8
304 63 5
304 212 32
304 258 14
305 11 99748
305 34 2
305 163 4
305 576 2
306 36 648
306 918 88
307 514 7
308 21 7
308 583 4
308 640 4
308 692 2
308 832 2
308 848 12
309 77 8
309 774 2
310 936 7
314 109 4
314 156 19
314 376 2
314 518 12
315 739 17
316 452 2924
318 532 2
318 914 2
320 29 2
320 315 5
320 407 111
320 428 6
320 468 311
320 641 2
320 720 3
321 4 2
321 262 7
321 768 7
321 834 2
321 1008 8
322 0 2
322 272 423
322 416 2
322 899 11
323 360 2
323 515 2
324 16 16
324 106 2
324 179 2
324 200 6
324 513 140
324 530 10
325 74 2
325 145 4
325 192 3
325 720 1174
326 11 3
326 32 3
326 116 2
326 280 2
327 675 3
327 698 2
328 45 2
329 35 2
329 258 11
329 836 2
330 8 7
330 204 2
331 512 9
332 456 2
332 643 6
334 265 7
334 288 2
335 83 2
335 391 2
336 18 747
336 100 24
336 576 2
336 632 2
337 352 2
337 768 2
337 833 3
338 33 6
338 160 3
338 169 7
340 0 5
340 106 130
340 704 11
341 576 4
342 15 2
342 168 2
342 272 3
342 536 2
343 475 40
344 188 3
344 676 9
346 11 12
346 89 9
347 11 2
347 149 8
347 313 2
348 128 2
348 395 3
349 12 3
352 409 128
352 419 2
352 514 4
352 680 2
352 794 2
352 860 6
353 138 2
353 389 2
353 684 2
354 25 7
354 30 5
354 836 2
354 969 2
355 134 57
355 634 328
356 800 2
357 433 9
357 641 4
358 3 29
358 168 194
358 197 70
360 514 2
360 555 2
360 732 2
360 784 34
360 810 3
361 316 2
362 34 2
363 162 33
366 657 7
368 49 2
368 925 2
371 112 6
371 705 2
372 352 43
375 77 2
379 333 2
380 339 2
381 531 2
382 562 8
384 6 5
384 156 3
384 168 4
384 312 2
384 332 2
384 423 7
384 457 133
384 481 2
384 531 480
384 597 2
384 692 8
384 841 2
384 962 14
385 2 3
385 75 5
385 213 11
385 214 2
385 563 2
386 64 7
386 73 3
386 158 3
386 160 2
386 206 3
386 275 3
386 681 2
386 849 12
386 912 364
387 297 2
387 1016 19
388 332 2
389 596 2
390 566 27
391 8 6
391 461 10
392 38 3
392 336 54
392 674 2
393 577 4
394 80 3
394 590 23
395 4 4
395 558 361
395 647 12
396 6 4
396 546 5
396 777 194683
396 915 14
396 960 3
397 132 14
397 305 2
397 518 3
398 943 1330
399 9 2
400 10 2
400 21 7
400 144 2
400 712 3
401 58 3
401 277 8
401 284 5
401 673 2
401 932 9
402 68 22
402 80 3
402 769 10
403 98 2
404 209 8
404 298 97
406 677 2
408 66 7
408 405 263
408 576 9
409 66 4
409 105 2
409 417 6
409 888 2
410 520 2
411 20 2
412 6 3
413 640 2
414 932 2
416 52 3
416 279 2
416 292 2
416 531 2
416 832 23
417 577 6
418 16 3
419 7 2
419 62 2
419 844 5
420 32 2
420 288 15
420 424 2
420 538 10
420 545 2
421 400 2
422 736 2
423 384 10
423 651 4
424 481 96
425 161 3
425 261 8
425 746 2
425 776 2
426 644 2
427 580 14
428 32 2
428 194 2
428 620 2
428 880 2
430 8 7
430 68 5
430 203 2
433 197 4
433 398 2
434 734 11
436 641 11
437 2 3
441 21 5
442 146 67
442 691 8
444 769 2
444 801 17
448 92 13
448 513 2
448 655 2
449 321 101
450 450 5
452 48 4
452 136 19
452 512 2
452 513 3
453 368 117
453 661 2
454 437 6
454 634 2
455 640 54
456 367 2
456 376 5
456 774 2
457 906 2
458 101 3
458 743 3
460 197 2
460 462 3
460 566 2
461 901 38
462 516 2
462 641 2
463 916 4
464 928 5
465 531 2
465 902 6
467 211 3
467 300 3
470 713 14
472 256 2
473 6 2
473 600 11
473 800 2
476 775 2
480 0 5
480 665 685
480 731 2
480 928 2
481 288 27
481 416 2
482 64 10
482 208 2
482 285 3
483 276 14
483 555 7
484 841 74
485 134 2
488 3 5
488 269 2
488 334 360
488 565 2
489 64 12
491 112 2
496 433 2
496 978 2
501 519 5
505 332 60
506 706 2
512 1 6
512 5 2
512 52 33
512 65 2
512 96 2
512 153 58
512 173 2
512 266 2
512 420 3
512 438 12
512 453 3
512 482 3
512 514 4
512 522 2
512 685 2
512 936 1493
513 5 2
513 42 2
513 47 2
513 65 3
513 100 11
513 112 2
513 304 2
513 340 5
513 548 6
513 644 2
514 4 2
514 11 4
514 160 10
514 401 24
514 522 2
514 572 42
514 780 2
515 93 169057
515 157 13
515 273 32
516 33 2
516 69 5
516 72 20
516 169 2
516 357 2
516 582 2
516 605 3596
516 785 8
517 0 13
517 3 2
517 8 11
517 34 2
517 132 3
517 177 6
517 233 3
517 281 2
517 525 2
517 672 6
517 676 14
517 768 2
518 0 2
518 41 2
518 66 2
519 944 6
519 967 2
520 9 5
520 94 13
520 164 5
520 296 77
520 328 2
520 436 2
520 785 11
520 812 7
520 896 2
521 81 6
521 131 7
521 229 2
521 450 2
521 554 2
521 560 6
522 1 2
522 121 2
522 549 6
524 159 1376
524 173 2
524 520 7
525 820 2
526 548 4
526 776 3
527 36 2
527 713 2
528 10 7
528 33 77
528 36 2
528 97 7
528 344 9
528 406 52
528 580 2
528 582 11
528 611 2
528 720 16
528 801 7
529 16 4
529 148 9
529 260 24
529 517 35
529 737 4
529 836 2
530 20 5
530 86 3
530 278 2
530 325 2
530 522 36
530 696 6
532 134 17
532 292 15
532 550 2
532 853 3
533 5 6
533 787 2
534 6 3
534 425 9
534 786 6
534 928 3
535 10 2
536 10 3
536 244 3
536 412 10
536 687 2
536 902 3
537 99 2
537 138 5
537 257 20
538 74 4
538 84 6
538 820 35
540 256 2
540 481 6
541 344 3
541 793 5
544 6 2523
544 21 2
544 24 13
544 401 6
544 429 14
544 542 18
544 551 3
544 597 8
544 718 2
545 209 2
545 226 4
545 520 4
545 743 2
546 4 2
546 263 2
546 612 4
546 650 4
546 758 197
546 900 3
547 265 3
547 427 3
547 577 2
548 141 2
548 169 7
548 577 22
548 586 5
549 146 2
549 647 5
550 36 14
550 800 2
551 40 3
552 136 3
552 640 2
552 656 2
552 932 5
553 36 6
553 102 3
553 933 6
554 4 12
554 137 66
554 296 35
555 52 17
555 418 2
556 409 60
557 6 3
557 400 173
557 512 7
557 557 12
557 770 5
559 557 8
560 18 2
560 96 138
560 104 2
561 10 5
561 521 9
561 786 19
561 993 9
562 977 2
562 992 26
564 28 4
564 656 4
564 659 30
566 4 2
566 44 21
566 132 3
567 793 8
569 385 22
569 522 4
571 100 4
571 457 3
572 36 2
572 64 15
572 257 3
572 370 37
573 797 7
573 886 4
574 18 2
574 533 12
574 696 2
576 4 2
576 5 5
576 19 100
576 48 9
576 76 101
576 133 2
576 172 6
576 193 2
576 228 11
576 325 9
576 371 94
576 525 10
576 607 18
577 72 2
577 222 379
577 236 2
577 292 3
577 401 27
577 577 6
577 661 2
578 96 2
578 120 2
578 136 3
578 554 86
578 572 3
578 575 2
579 80 25669
579 136 6
579 621 2
579 789 5
580 64 11
580 507 5
580 528 2
580 598 4
581 645 166
582 633 51
584 833 2
585 64 2
585 208 4
585 217 4
585 354 2
585 389 2
586 64 4
586 530 5
587 608 2
588 784 9
589 389 17
590 276 22
590 300 2
590 520 29
590 788 16
591 147 154
592 2 23
592 322 4
592 528 8
592 585 2
592 856 8
593 429 6
595 58 30
595 557 2
596 33 150
596 91 3
596 385 6
597 387 18
599 569 2
600 115 2
600 562 2
600 573 141
600 575 8
601 335 7
601 431 5
602 480 2
604 913 2
605 80 2
606 807 16
607 288 2
607 393 2
608 176 6
608 185 3
608 522 3
608 576 3
608 648 4
609 28 4
609 210 3
609 768 4
611 125 2
612 534 3
613 840 2
614 265 5
614 936 5386
616 450 21
617 908 2
618 70 6
618 1004 8
619 76 2
619 140 6
621 293 5
623 1000 3
624 579 2
625 5 15
625 261 5
625 530 2
626 8 3
626 104 38
626 114 7
626 528 2
626 608 2
627 3 9
627 418 2
627 977 5
628 76 20
629 446 3
629 528 11
631 24 13
632 18 35
633 812 2
635 546 2
638 161 9
640 4 4
640 6 7
640 16 4
640 181 2
640 246 5
640 258 2
640 369 2
640 421 2
640 467 2
640 525 11
640 584 45
640 659 2
640 938 4
640 952 2
642 512 11
642 562 8
642 724 3
643 775 3
644 387 2
644 660 8
644 756 6
644 769 2
645 4 12
645 25 4
645 963 2
646 289 4
646 388 13
648 76 2
648 98 2
648 210 39
648 369 2
648 512 2
648 769 10
649 4 2
649 48 2
650 108 13
650 216 3
650 953 4
651 290 2
652 257 19
652 594 2
654 565 2
655 384 2
655 761 2
656 3 2
656 259 2
656 278 3
656 370 10
657 79 2
657 201 2
658 10 4
658 26 2
658 640 2
660 36 5
660 52 2
660 69 4
660 85 6
660 648 3
661 244 6
661 608 2
662 374 23
664 16 7
664 205 4
664 539 6
664 781 5
665 3 2
665 260 4
666 66 7
667 587 5
668 163 19
668 464 2
668 749 2
670 515 4
672 1 2
672 64 14
672 608 2
672 717 4
673 104 2
673 656 9
674 259 2
674 401 15
674 672 29
675 257 4
675 470 2
676 52 4
677 121 2
677 641 2
678 237 2
679 556 2
680 20 2
680 39 5
680 105 11424088
680 450 2
680 540 5
681 33 2
684 1008 4
686 426 2
686 593 3
689 80 3
690 110 2
691 12 4
692 260 2
692 914 2
693 397 2
693 522 2
694 6 2
694 768 2
694 931 41
694 976 5
695 517 5
695 585 2
696 885 2
697 710 6
700 18 3
700 229 13
700 864 2
701 34 5
701 941 20
704 34 19
704 76 2
704 135 8
704 292 2
704 514 2
705 596 2
705 854 7
706 17 66
706 460 18
706 732 2
708 108 9
709 325 2
709 354 15
709 644 4
709 843 3
710 2 18
711 19 6
712 35 2
712 141 2
712 294 2
712 862 3
713 593 3
713 837 2
716 98 7
716 339 39
716 842 2
719 512 8
721 104 2
721 170 2
721 323 2
721 584 2
722 82 346
722 100 12
722 104 2
722 258 3
722 393 10
722 398 2
723 142 42
724 20 12
724 596 4
725 44 55
725 65 13
726 322 2
727 200 7
728 227 2
728 350 12
728 712 10
729 578 7
730 332 2
736 24 4
737 64 2
737 288 14
737 610 45
738 970 208
740 235 2
740 778 5
740 801 20
741 45 2
741 260 6
742 97 2
743 787 10
744 124 76
744 280 63
744 762 31
745 63 3
746 386 23
751 506 2
752 261 5
752 494 2
752 786 2
754 32 2
759 130 38
760 220 6
760 257 2
760 300 2
761 435 2
763 668 115
765 513 46
768 68 2
768 226 8
768 326 14
768 502 7
768 608 8
768 666 3
768 736 12
768 738 8
768 926 3
769 34 2
769 277 2
769 350 56
769 640 14
769 773 2
770 67 2
770 211 4
770 515 25
770 663 13
771 128 9
771 793 2
771 800 6
772 0 19
772 32 2
772 130 7
773 1 276
774 8 4
774 936 2
775 48 15
775 921 3
776 101 3
776 155 10
776 586 2
777 84 310
777 200 2
777 318 12
777 539 11
777 554 2
777 608 7
777 641 2
778 330 2
778 389 2
778 707 10
780 14 2
780 16 9
780 193 11
780 552 79
780 707 2
781 222 2
781 496 6
782 226 2
782 405 9
784 1 2
784 514 53
784 549 2
784 634 9
784 841 2
785 45 4
785 257 2
786 521 4
786 576 6
786 914 2
788 25 3
788 324 2
788 332 9
792 16 8
792 274 2
792 540 5
792 594 728
793 52 8
793 628 2
795 422 2
795 661 5
798 776 3
800 9 36
800 45 13
800 73 2
800 97 2
800 133 7
800 824 4
801 34 2
801 592 8
801 642 2
802 660 59
804 0 3
804 104 2
804 337 2
804 433 3
804 779 2
805 387 2
805 781 2
806 43 2
806 134 2
806 232 2
806 480 2
808 302 5
808 526 2
808 945 2
810 17 3
810 416 3
812 778 2
814 161 9
814 264 5
814 523 2
816 18 3
817 784 4
818 253 3
819 538 13
821 236 7
822 211 2
824 392 4
824 609 314
824 978 2
832 21 2
832 30 12
832 43 7
832 281 7
832 304 2
832 328 3
832 427 7
832 518 2
832 548 4
833 147 2
833 999 2
834 0 3
834 32 25
834 104 4
834 148 2
834 912 2
835 264 38
835 392 2
835 583 2
836 388 16
836 485 3
838 785 15
839 21 9
840 96 5
840 545 3
840 800 35
841 32 14
841 370 2
842 200 2
843 939 6
845 561 2
845 624 20
848 90 118167
848 313 115
848 391 7
848 899 11
849 792 2
849 1018 35
850 308 1338
850 776 2
851 195 4
852 2 2
852 64 6
852 72 2
852 824 2
854 681 12
856 256 8
856 866 11
857 42 4
862 130 852
863 516 6
864 23 2
864 786 2
866 260 4
867 998 10
868 332 47
870 6 4
870 68 20
871 264 45
872 32 67
872 50 2
872 165 2
873 9 2
874 360 3
875 164 2
878 258 5
880 611 3069
882 42 5
885 601 2
895 603 12
896 330 2
896 868 4
897 39 96
897 115 3
897 523 2
897 1002 2
898 336 11
898 699 2
899 537 2
899 736 2
900 4 2
900 162 6
902 420 7
903 339 2
904 231 38
904 888 3
904 929 619866
905 12 2
905 196 3
905 248 5
905 540 4
906 137 2
906 194 10
906 210 2
906 328 2
907 276 6
908 456 11
910 614 3
911 5 14
912 2 43
912 85 5
912 129 4
912 388 2
914 216 2
914 669 6
914 968 6
916 742 2
916 777 2
917 560 412
918 0 86
920 200 2
921 272 59
921 320 2
922 8 7
922 784 2
924 33 60
928 64 2
928 384 10
928 518 260
929 257 2
929 316 23
930 547 2
930 720 3
931 230 4
931 657 5
932 783 2
933 657 2
934 94 4
938 261 58
938 316 165
938 552 2
940 512 4
941 771 12
945 456 4
947 568 2
948 9 5
953 905 6
954 22 2
956 846 139
958 844 2
960 358 2
961 131 2
961 333 2
961 472 2
961 481 2
965 937 2
966 29 2
966 192 19
966 555 22
968 51 2
968 360 90
969 313 8
969 769 4
970 180 4
975 205 5
976 321 3
976 779 13
977 22 4
977 34 12
977 549 2
986 772 2
987 962 26
988 366 2
996 36 7
996 836 43
998 127 3
998 179 4
1000 260 231
1001 286 2
1002 652 4
1003 684 33
1011 36 5
1013 316 4
1020 385 2
1021 643 2
