0 4 14
0 8 2
0 9 8
0 17 175
0 18 2
0 29 2
0 47 2
0 112 6
0 135 3
0 150 15
0 156 2
0 256 3
0 265 2
0 274 27
0 321 2
0 352 3
0 415 15
0 552 6
0 618 4
0 646 2
0 674 8
0 843 3
0 917 4
0 936 2
1 15 2
1 30 2
1 37 7
1 135 2
1 357 9
1 481 5
1 535 5
1 644 186
1 768 3
1 825 74
1 920 2
2 0 6
2 8 2
2 48 19
2 132 8
2 167 7
2 260 10
2 267 2
2 328 5
2 523 39
2 826 2
3 24 2
3 277 2
3 530 2
3 652 9
3 817 12
4 0 580
4 4 2
4 15 13
4 24 9
4 50 2
4 60 10
4 64 14
4 248 10
4 284 3
4 293 5
4 517 5
4 683 7
4 803 9
4 808 34
5 18 68
5 216 15
5 584 2
5 887 2
6 3 2
6 148 10
6 212 2
6 259 6
6 267 2
6 268 2
6 512 5
6 798 8
6 1002 5
7 237 2
7 715 2
8 1 2
8 2 2
8 19 3
8 32 29
8 42 4
8 58 3
8 202 5
8 273 16
8 386 2
8 486 2
8 552 16
8 642 4
8 656 3
8 735 3
8 850 2
8 902 93
9 39 2
9 43 5
9 416 2
9 572 2
9 823 2
9 907 8
10 13 5
10 40 2
10 75 10
10 84 2
10 160 19
10 176 5
10 208 6
10 523 5
10 599 6
10 680 2
10 778 3
11 204 15
11 586 6
11 752 2
12 0 2
12 24 2
12 116 51
12 128 9
12 269 2
12 366 6
12 634 67
12 781 137
13 66 3
13 192 161
13 224 2
13 780 4
14 152 2
14 210 36
14 321 631
14 376 2
14 616 4
15 352 2
15 485 2
16 9 51
16 24 3
16 64 20
16 132 3
16 148 2
16 198 2
16 516 5
16 643 9
16 806 2
17 129 3
17 258 2
18 51 2
18 215 4
18 290 6
18 641 2
18 645 2
19 7 17
19 24 2
19 657 2
19 709 5
20 10 5
20 28 2
20 36 2
20 176 19
20 323 38
20 786 3
21 308 3
22 24 2
22 97 2
22 133 15
22 281 8
22 331 2
22 565 2
23 328 2
23 770 8
23 886 2
24 9 2
24 533 2
24 781 7
24 786 20
24 848 2
24 944 2
25 523 2
25 592 4
26 20 2
26 109 2
26 801 50
27 130 2
27 549 2
28 42 3
28 72 2
28 203 2
28 647 15
29 1 14
29 327 3
29 532 2
30 52 72
30 129 3
31 77 6
31 561 2
32 16 3
32 33 3
32 42 3
32 72 12
32 196 2
32 204 141
32 211 2
32 219 2
32 276 10
32 414 2
32 514 2
32 612 950
32 641 2
32 721 4
32 759 11
32 803 4
32 848 2
33 2 7
33 3 14
33 31 165
33 64 2
33 276 2
33 320 2
33 544 3
33 785 19
33 898 21
33 945 10
34 292 2
34 324 9
34 561 4
34 663 2
34 720 21
35 65 9
35 266 15
35 689 3
36 12 7
36 34 5
36 48 3
36 257 3
36 266 13
36 288 2
36 320 2
36 555 16
36 705 18
36 858 2
37 2 5
37 13 2
37 364 15
37 594 4
37 640 79
37 673 2
38 180 7
38 204 14
39 3 3
39 48 2
39 520 2
39 982 9
40 20 19
40 39 14
40 65 2
40 256 2
40 512 2
40 528 2
40 605 2
40 672 2
40 756 3
40 761 2
40 840 2
40 980 2
41 96 2
41 263 2
41 276 11
41 321 2
42 42 4
42 140 139
42 329 531
42 411 6
42 778 12
43 1 13
43 546 2
44 10 95
44 12 3
44 430 3
44 524 1059
44 794 2
45 23 2
45 50 7
45 266 9
45 615 16
45 808 2
47 80 3
48 168 6
48 176 5
48 193 4
48 198 287
48 226 24
48 646 2
48 708 80
48 789 419
48 932 3
49 17 2
49 313 12
49 516 2
50 9 3
50 113 54
51 70 20
51 377 2
52 46 3
52 188 2
52 256 6
52 390 3
53 146 2
54 718 8
56 89 2
56 267 2
56 472 2
56 544 2
56 560 8
57 5 2
57 33 3
57 128 2
58 113 8
58 470 2
59 58 12
59 292 8
59 453 2
59 583 6
60 3 2
60 5 2
60 33 5
60 948 2
61 644 4
61 648 2
62 521 31
62 612 2
64 1 10
64 26 13
64 192 4
64 197 741
64 203 31
64 272 42
64 465 6
64 686 4
64 756 2
64 771 6
64 780 2
64 790 2
65 25 688
65 61 2
65 96 7
65 104 2
65 118 5
65 241 4
65 274 6
65 515 8
65 571 50
65 614 2
66 140 3
66 545 2
67 2 2
67 16 3
67 20 2
67 37 4
67 73 2
67 453 3
67 482 5
67 840 3
68 153 2
68 192 2
68 226 2
68 322 5
68 576 3
69 138 4
69 466 4
69 529 12
69 572 2
70 109 2
70 212 3
70 431 2
70 642 14
70 646 71
70 648 73
70 672 2
71 264 2
71 409 2
71 700 2
72 37 26
72 65 5
72 280 13
72 437 2
72 533 8
73 39 2
73 640 2
73 870 50
73 999 32
74 512 2
74 548 287
75 259 2
75 576 2
76 76 247
76 133 2
76 262 24
77 256 2
77 267 7
77 450 3
77 456 5
78 288 2
78 517 23
78 784 2
78 919 2
79 165 2
80 0 5
80 51 7
80 82 9
80 132 9
80 528 2
80 677 2
80 920 2
81 807 25
81 852 2
82 280 2
82 283 5
83 115 3
83 124 2
83 304 2
83 617 2
83 784 2
84 64 2
84 74 2
84 216 4
84 490 8
85 31 2
86 234 2
86 524 4
87 353 4
87 462 13
87 512 2
87 515 71
88 330 2
88 782 2
89 2 2
89 4 2
90 20 2
90 274 12
90 843 12
90 977 11
90 988 24
91 154 2
91 652 2
91 951 2
92 38 5
92 91 2
93 134 3
93 669 3
94 869 7
94 954 29
95 20 4
96 32 2
96 148 5
96 208 4
96 220 2
96 276 2
96 304 2
96 321 6
96 356 3
97 48 18
97 144 24
97 167 2
97 195 2
97 286 3
97 473 2
98 14 4
98 352 2
98 401 2
98 671 8
98 928 328
99 117 106
99 134 2
99 249 10
100 128 5
100 294 2
100 752 16
100 768 297
101 70 4
101 124 2
101 161 4
101 169 2
101 392 12
101 599 147
102 6 15
102 78 526
102 166 3
102 264 6
103 704 6
104 26 5
104 28 10
104 48 8
104 64 25
104 132 6
104 313 2
104 512 2
104 673 5
105 3 28
105 296 8
105 779 8
106 516 4
106 652 16
107 3 27
107 129 2
108 514 17149
108 825 18
109 707 53
111 12 2
112 0 6
112 1 6
112 3 2
112 28 33
112 84 4
112 107 4
112 165 4
112 776 2
114 68 2
114 416 17
114 452 2
114 497 2
114 872 2
116 33 22
117 106 2
119 446 4
119 836 2
120 0 3
120 76 2
122 185 13
122 294 2
123 600 2
124 304 29
124 348 2
125 268 2
128 1 3
128 10 74
128 58 2
128 134 2
128 208 5
128 320 2
128 362 6
128 375 386
128 453 11
128 628 2
128 770 3
128 806 11
129 0 2
129 10 1058
129 37 96
129 88 4
129 163 30
129 584 51
129 707 2
130 78 4
130 272 3
130 273 2
130 368 2
130 520 19
130 528 4
130 532 2
130 540 8
130 675 4
130 772 43
130 980 6
131 581 25
132 6 2
132 94 3
132 137 5
132 372 24
132 516 2
132 713 3
132 916 8
132 957 14
133 23 9
133 138 2
133 614 2
134 67 40
134 224 2
134 377 4
134 390 58
134 516 14
134 768 38
135 544 8
136 21 14
136 39 45
136 160 2
136 482 3
136 610 2
136 684 6
136 831 3
137 148 25
137 256 2
137 259 3
137 325 36
137 678 19
137 778 2
138 266 3
138 415 3
138 590 67
138 902 3
139 426 8
139 865 2
140 72 4
140 135 6
140 464 12
140 776 3
141 2 2
141 521 2
141 954 10
143 116 2
143 187 2
143 286 2
143 642 2
144 18 5
144 68 8
144 248 9
144 257 3
144 418 7
144 800 4
145 1 2
145 2 3
145 94 2
145 184 7
145 216 2
145 273 2
145 392 7
145 513 2
145 576 134
146 69 28
146 146 2
146 396 2
146 910 2
147 513 6
147 522 6
148 24 2
148 130 6
148 139 13
148 146 16
148 464 14
148 515 2
148 912 10
149 20 2
150 141 9
150 160 2
151 132 5
151 207 5
151 250 2
153 26 6
153 151 2
153 171 13
153 592 2
153 598 4
153 833 223
153 961 4
156 54 2
156 521 6
156 814 5
157 404 7
158 104 3
160 34 4
160 81 2
160 144 6
160 452 760
160 644 2
160 801 2
161 21 2
161 40 2
161 326 10
161 376 3
161 524 5
161 576 3
161 717 3
161 898 22
162 160 2
162 306 2
162 517 3
163 361 2
163 601 2
164 34 2
164 38 26
164 217 2
164 329 2
164 481 2
164 646 3
165 141 10
165 397 4
166 686 76
167 104 39
167 289 2
167 384 7
167 456 7
167 712 2
168 8 3
168 67 3
168 68 43
168 98 5
169 72 15
169 351 4
169 514 7
171 144 2
171 810 2
172 8 2
172 32 2
172 569 2
172 664 3
173 261 6
174 493 2
174 582 19
175 863 3
176 32 4
176 137 2
176 273 15
176 916 16
176 932 7
177 128 7
177 280 12
177 611 2
177 744 9
178 100 2
178 144 2
178 580 2
178 797 11
179 429 2
180 19 2
180 152 3
180 600 148
180 973 9
181 97 2
181 768 2
181 964 11
182 300 3
182 672 13
182 728 2
184 141 99
184 161 2
184 664 4
185 5 10
185 42 2
185 391 2
186 272 12
186 582 2
188 199 14
192 43 2
192 52 32
192 72 2
192 177 27
192 388 2
192 392 7
192 524 2
192 536 39
192 713 3
192 898 7
192 904 2
192 999 1362
193 8 139
193 28 285
193 120 2
193 131 2
193 162 2
193 375 2
193 422 3
193 718 2
193 775 4
194 321 2
194 592 165
194 677 4
196 81 12
196 286 3
196 377 8
197 61 2
197 100 4
197 297 3
197 611 4
197 769 2
198 3 2
198 196 35
198 812 2
200 146 176
200 924 4
201 140 8
202 11 36
203 654 8
204 6 7
204 520 2
206 80 42
208 14 3
208 534 2
209 55 9
209 513 2
209 564 12
210 1 4
210 882 2
211 4 40
212 69 10
212 262 2
212 285 2
212 673 84
213 64 2
214 369 3
214 585 2
216 138 9
216 792 2
217 923 27
219 389 233
220 176 3
222 532 2
225 257 209
225 316 2
225 948 2
226 157 124
227 336 2
227 592 7
227 838 6
230 9 2
231 290 2
232 5 2
232 65 2
232 80 7
232 480 2
233 212 2
233 912 7
234 848 2
235 281 33
235 645 3111
237 91 2
238 620 66
238 642 20
239 370 3
239 560 17
240 18 273
240 66 35
240 914 3
241 206 20
242 156 11
244 33 14
244 356 2
245 705 8
246 64 5
247 626 2
248 0 10
248 290 2
256 1 2
256 5 4
256 68 4
256 69 3
256 160 2
256 243 18
256 262 2
256 312 2
256 512 22
256 522 521
256 616 2
256 705 2
256 764 2
256 772 141
256 904 2
256 992 2
257 0 2
257 156 4
257 268 14
257 272 3
257 544 2
257 680 6
257 806 7
257 912 2
257 945 4
258 24 249
258 34 2
258 36 8
258 138 4
258 673 3
258 810 20
258 880 2
259 226 24
259 327 2
259 532 9
260 256 15
260 295 2
260 522 11
260 545 2
260 678 34
261 72 13
261 356 2
261 672 14
261 995 2
262 32 2
262 134 3
262 193 11
262 256 2
262 906 15
262 1013 10
264 1 2
264 4 4
264 320 10
265 632 10
266 11 4
266 56 22
266 272 3
266 336 4
268 12 3
268 177 2
268 524 2
268 577 6
269 444 2
269 640 16
270 532 2
270 642 4
272 162 3
272 208 3
272 225 2
272 234 94
272 259 42
272 378 31
272 520 175
272 640 12
272 684 3
272 899 4
273 693 15
273 809 96
273 903 2
274 98 2
274 334 6245
275 4 2
275 16 2
275 116 2
275 485 3
275 512 2
276 288 4
276 392 2
276 538 2
276 628 77
276 661 2
277 8 154
277 27 5
277 128 2
278 258 2
279 18 4473
279 901 2
280 82 2
280 600 8
280 674 2
281 101 2
282 136 8
282 576 425
282 717 5
285 104 8
286 12 240
286 624 2
286 832 2
287 448 2
287 802 305
288 47 2
288 50 10219
288 132 5
288 224 2
288 292 2
288 341 2
288 545 2
289 36 4
289 60 2
289 156 10
289 468 28
289 472 38
289 753 3
289 788 39
290 0 2
290 258 2
290 328 3
290 388 3
291 32 7
291 610 2
291 768 6
291 967 2
292 7 2
292 19 11
292 134 4
292 162 11
292 524 7
293 256 2
293 960 2
294 742 2
294 864 2
296 57 189
296 131 18
296 231 3
296 260 2
296 288 5
296 336 20
296 409 2
296 516 43
297 167 2
297 325 2
297 389 8
297 742 2
298 75 5
298 800 13
299 78 3
299 291 6
300 140 11
301 274 11
303 292 586
304 6 8
304 8 6
304 42 6
304 63 28
304 106 2
304 212 3
304 258 2
304 292 13554
305 11 2
305 34 2
305 576 3
306 36 2
306 918 6
307 514 4
308 583 6
308 640 23
308 692 2
308 832 3
308 848 28
309 77 24
310 44 5
310 936 15
312 514 35
314 109 18
314 156 32
314 376 549
314 518 19
315 739 10
316 452 12
318 532 3
318 914 8
320 29 18
320 407 4
320 428 3
320 468 2
320 641 2
320 720 10
321 4 326
321 262 8
321 337 5
321 768 25
321 1008 2
322 0 3
322 80 18
322 196 322
322 902 29
323 515 2
324 16 2
324 106 2
324 167 5
324 179 24
324 200 13
324 513 13
324 530 40
325 6 3
325 74 3614
325 145 3
325 614 10
325 720 2
326 11 2
326 16 5
326 32 2
326 116 2
327 675 19
327 698 1377
328 45 7
328 853 12
329 35 4
329 258 2
329 836 43
330 8 6
330 204 4
331 512 4652
332 456 7
332 643 83
334 265 2
334 288 2
335 83 2
335 391 3
336 18 74
336 100 2
336 576 7
336 632 12
337 352 2
337 833 2
338 33 2
338 160 2
338 169 2
339 42 2
340 0 2
340 106 2
340 704 33
340 763 3
341 576 3
342 15 2
342 272 2
342 536 2
343 475 2
344 188 6
344 676 11
345 32 4
345 728 40
345 992 11
346 11 7
346 89 2
347 11 7
347 149 2
347 313 2
348 395 75
349 12 2
352 419 6
352 514 2
352 680 2
352 794 12
352 860 10
353 389 2
353 684 2
354 25 2
354 30 19
354 288 4
354 969 85
355 134 2
355 634 46
356 800 4
357 641 4
358 3 9
358 168 2
358 197 2
360 514 44
360 555 10
360 732 38
360 810 2
361 266 3
361 316 2
362 34 27
363 162 30
363 424 2
364 740 3
366 657 352
368 49 2
368 738 2
368 925 14
371 112 2
371 705 2
371 772 138
372 352 2
375 77 2
376 193 2
379 333 3
380 339 2
381 531 18
384 5 146
384 6 2
384 156 2
384 168 9
384 332 2
384 457 2
384 481 2
384 531 6
384 571 3
384 597 2
384 692 2
384 841 2
385 2 2
385 213 9
385 214 123
385 513 2
385 563 271
386 64 2
386 73 23
386 158 2
386 160 5
386 275 13
386 846 15
386 912 6
387 147 4
387 297 2
387 545 80
387 1016 7
388 332 2
389 596 2
391 8 6
392 336 42
392 553 4
392 674 5
393 577 2
394 80 19
394 211 2
394 590 14
395 4 2
395 558 15
395 647 3
396 6 2
396 454 53
396 536 5
396 546 2
396 777 2
396 915 71
396 960 7
397 132 23
397 305 10
397 518 2
398 943 2
399 9 7
400 10 2
400 21 6
400 144 2
400 712 415
401 16 15
401 58 4
401 277 7
401 673 38
401 932 2
402 80 2
402 769 153
403 20 2
404 209 54
405 160 21
406 677 23
406 928 50
407 591 2
408 66 2
408 405 2
408 576 842
409 66 17
409 417 2
409 888 18572
410 520 18
411 20 63
412 6 3
413 640 9
416 52 10
416 279 2
416 292 6
416 531 3
416 832 2
417 577 2
418 16 2
419 7 2
419 62 10
419 844 8
420 32 8
420 114 3
420 288 4
420 538 2
420 545 2
421 400 2
423 384 1216
423 651 2
425 161 30
425 261 4
425 776 3
426 644 3
427 580 10
428 32 2
428 194 2
428 620 4
428 880 2
430 68 2
430 203 6
433 24 3
433 197 3
434 734 7
436 597 2
437 2 2
442 146 2
442 691 2
444 769 16
444 801 2
448 92 4
448 513 5
448 655 11
452 48 2
452 136 25
452 205 7
452 488 4
452 512 2
452 513 2
453 368 5
453 661 3
454 9 2737
454 437 104
454 634 2
455 640 10
456 105 2
456 376 7
456 774 2
457 906 49
458 101 2
458 743 19
460 197 6
460 566 2
462 516 3
462 641 3
463 916 2
464 265 2
464 928 2
465 531 9
465 761 193
467 211 24
467 300 21
469 425 2
472 226 6
472 256 2
472 801 2
473 6 2
473 800 5
480 0 2
480 665 6
480 928 4
481 288 6
482 64 2
482 208 10
482 285 5
483 276 5
485 134 2
488 3 10
488 565 5
489 64 3
491 112 12
496 433 2
496 978 80159
501 519 22
504 267 2020
505 332 7
506 706 6
512 1 2
512 5 19
512 65 31
512 96 16
512 153 5
512 173 2
512 266 38
512 420 2
512 438 37
512 453 268
512 482 4
512 514 5
512 522 2
512 685 2
512 936 7
513 5 2
513 47 35
513 65 3
513 112 10
513 304 16
513 315 2
513 340 2
513 548 2
513 640 11
514 11 4
514 36 4
514 160 2
514 401 9
514 452 4
514 522 3
514 572 13
514 780 166
515 93 7
515 157 10
515 273 2
516 33 22
516 72 2
516 169 2
516 357 18
516 385 2
516 442 2
516 555 44
516 582 2
516 605 34
516 779 2
516 785 2
517 0 2
517 8 4
517 34 2
517 177 2
517 281 4
517 525 2
517 672 2
517 676 2
517 768 2
518 0 2
518 41 33
518 66 5
519 517 14
519 944 3
519 967 4
520 9 2
520 94 9
520 164 2
520 296 26
520 328 24
520 436 2
520 785 2
520 812 298
520 896 17
521 81 2
521 229 4
521 546 2
521 554 3
521 560 2
521 609 3
522 121 3
522 234 18
522 549 13
522 652 11
523 650 3
524 173 2
524 520 2
525 134 2
525 820 6
526 548 5
526 776 2
527 36 2
527 713 26
528 10 6
528 33 3
528 36 14
528 97 5
528 144 2
528 156 6
528 344 2
528 406 6
528 512 4
528 580 2
528 582 2
528 720 2
528 801 29
529 16 12
529 260 4
529 423 2
529 517 89
529 520 4
529 836 3
530 86 2
530 132 2
530 325 16
530 696 2
532 134 1597
532 292 7
532 550 105
532 853 38
533 5 5
533 37 2
533 787 863
534 425 14
534 786 7
534 928 2
535 10 2
536 10 8
536 412 14
536 687 7
536 902 3
537 99 14
537 138 5
537 257 2
537 478 2
538 74 3
538 84 65
538 820 5
540 256 26
540 481 14
541 344 5
541 793 2
544 6 10449
544 21 2
544 24 2
544 151 2
544 160 21
544 401 2
544 416 3
544 536 2
544 542 16
544 597 35
544 718 28
545 209 2
545 226 2
545 914 3
546 2 16
546 4 12
546 263 3
546 612 5
546 650 2
546 758 2
546 900 2
547 265 2
547 427 3
547 577 8
548 141 8
548 169 4
548 577 5
548 586 2
549 68 8
549 97 3
549 288 8
549 530 37
549 647 4
550 649 8
550 800 2
551 40 143
551 89 5
552 136 2
552 656 2
552 932 2
553 102 2
553 933 2
555 52 11
556 409 3036
557 6 7
557 370 3
557 400 8
557 557 34
557 770 56
557 938 9
559 557 5
560 18 26
560 32 2
560 168 2
560 354 5
561 10 36
561 444 760
561 521 2
561 786 7
562 977 2
562 992 27
563 20 4
563 410 2
564 659 2
565 105 21
566 4 3
566 132 17
567 793 2
569 385 6
569 522 10
571 100 2
571 457 4
572 36 2
572 64 37
572 257 2
572 370 2
572 777 8
573 797 5
573 886 2
574 18 2
576 4 2
576 5 3
576 19 12
576 48 4
576 76 2
576 133 18
576 172 3
576 193 4
576 371 12
576 547 6
576 607 2
577 72 247
577 236 9
577 401 24
577 661 2
577 997 16
578 26 2
578 96 6
578 120 2
578 136 6
578 554 2
578 572 2
578 575 2
579 136 8
579 621 9
579 789 120
580 64 17
580 507 96
580 598 2
581 645 9
582 633 2
583 129 9
585 64 2
585 208 1985
585 354 2
586 64 2
586 530 16
586 658 5
588 784 5
589 389 2
590 276 21798
590 300 7
590 520 2
590 788 2
591 147 2
592 4 5
592 148 22
592 322 3
592 528 2
592 585 2
593 429 7
595 58 2
595 557 4
596 33 216
596 91 2
596 385 2
597 387 46
599 176 2
599 569 3
600 562 2
600 575 15
601 335 207
601 431 2
602 480 11
604 913 3
605 80 2
606 281 2
606 807 2
607 288 2
607 393 2
608 176 2
608 522 9
608 648 13
609 28 43
609 210 4
609 225 9
609 526 6
610 24 15
611 125 2
612 170 8
612 534 23
613 840 16
614 265 2
614 936 3
616 81 2
616 450 130
616 806 2
617 374 2
617 908 4
618 70 7
619 76 2
619 231 3058
621 293 2
623 1000 2
624 579 4
625 5 2
625 261 2
625 530 11258
626 104 8
626 528 2
627 418 122
627 769 8
627 977 2
629 446 13
629 528 2
631 24 2
632 18 20
633 812 3
637 73 2
638 161 2
640 4 10
640 6 6
640 160 2
640 181 3
640 258 2
640 369 2
640 421 8563
640 467 5
640 525 2
640 584 2
640 659 13
640 732 2
640 952 2
641 192 8
642 512 2
642 562 2
642 724 2
643 775 2
644 660 2
644 756 7
644 769 11
645 4 2
645 25 6
645 548 18
645 963 719
646 289 2
646 388 2
648 76 2
648 98 36
648 210 2
648 301 3
648 369 5
648 512 8
648 694 2
648 769 2
649 4 22
649 48 19
650 108 2
650 953 2
651 290 2
652 594 2
655 384 14
655 761 234
656 3 3
656 259 5
656 278 5
656 370 2
657 79 2
657 201 2
658 10 12
658 26 3
658 226 900
658 640 33
660 36 12
660 52 7
660 69 7
660 85 2
661 244 2
661 608 11
662 374 16
664 16 2
664 205 2
664 539 3
664 781 6
665 260 55
666 66 12
667 587 2
668 464 4
668 749 2
670 515 3
672 1 2
672 129 2
672 514 165
672 608 2
672 717 2
673 656 2
674 259 4
674 288 32
674 401 10
674 672 2
675 257 2
675 470 2
676 52 2
677 121 29
677 641 4
678 237 57
679 556 15
680 20 3
680 39 4
680 450 9
680 540 2
681 33 2
682 156 24
683 278 5
684 1008 2
686 426 62
686 593 5
688 385 2
689 80 839081
690 110 2
691 12 5228
692 260 2
692 914 2
693 397 6
693 522 483
694 6 7
694 768 5
694 976 21
695 517 16
695 585 5
696 885 2
697 710 2
700 18 2
700 229 2
700 864 8
701 34 3
701 941 2
704 34 4
704 135 2
704 292 2
704 370 7
704 514 52
704 673 2
705 596 2
705 854 2
706 17 15
706 161 4
708 108 2
709 325 29
709 354 5
709 644 4
709 843 3
710 2 8
711 19 4
712 35 4
712 141 2
712 283 3
712 862 399
713 837 5
716 98 34
716 339 179
716 649 11
719 512 2
720 7 11
720 144 7
720 803 3
721 0 16
721 170 2
721 323 8
721 584 14
722 82 2
722 100 3
722 104 4
722 146 4
722 258 2
722 393 4
722 398 2
722 464 12
723 142 2
724 20 2
725 44 10
725 65 2
726 322 3
727 200 4
728 227 31
728 350 5
728 712 6
729 578 4
730 332 39
736 24 2
737 25 11
737 64 2
737 288 8
737 610 52
738 970 18
740 235 93
740 778 6
741 45 3
741 260 63
742 97 2
743 787 3879
744 124 2
745 63 17
746 536 4
752 261 2
752 494 374
752 786 6
754 32 16
759 130 2
760 40 6
760 220 21
760 257 24
760 300 2
763 668 20
768 68 20
768 226 2
768 502 51
768 608 3
768 666 19
768 736 12
768 738 3
769 34 2
769 350 2
769 773 90
770 67 11
770 211 3
770 515 9
771 128 15
771 793 3
771 800 6
772 32 681
772 130 2
773 1 2
774 8 2
774 936 3
775 48 3
776 101 2
776 586 15
776 697 3
777 6 4
777 84 61
777 318 22
777 539 2
777 554 2
777 608 2
777 641 2
778 707 2
780 14 222
780 16 2
780 193 7
780 552 3
780 707 14
780 901 6
781 222 3
781 496 8
782 226 4
782 405 21
784 1 2
784 514 41
784 549 2
784 569 2
784 604 2
784 634 2
784 841 2
785 45 5
786 142 19
786 521 9
786 576 2
786 914 31
787 199 3
788 25 2
788 332 23
792 16 2
792 540 6
792 594 6
793 52 56
793 498 7
793 628 2
795 422 3
795 661 2
798 776 25
800 9 29
800 45 11
800 73 3
800 97 182
800 133 2
800 824 4
801 34 2
801 312 2
801 592 7
801 642 2
802 660 4
802 769 4
804 0 4
804 337 12
804 779 35
805 387 58
805 781 2
806 43 6
806 134 2
806 232 2
806 326 3
808 302 24
808 526 2
808 777 10
808 937 2
808 945 2
810 17 2
810 416 10
812 778 2
814 264 2
814 523 18
814 905 2
816 18 2
816 24 2
817 784 17
818 253 4
819 69 26
819 538 2
821 236 2
824 609 3
824 978 35
828 592 2
830 356 4
832 30 9
832 43 27
832 281 8
832 304 86
832 328 2
832 427 8
832 518 2
833 999 6
834 32 12
834 148 4
834 912 24
836 86 2
836 388 3
836 485 2
838 785 13
839 21 11
840 96 2
840 545 2
840 800 5
841 32 2
841 370 2
842 132 55
842 200 186
844 584 6
845 624 16
848 90 5
848 188 2
848 313 2
848 899 2
849 792 8
849 1018 262
851 195 11
852 2 6
852 64 15
852 72 3
852 824 14
854 681 12197
856 256 17
856 866 11
857 42 2
862 130 2
863 516 2
864 23 2
866 260 3
867 998 2
868 332 2
870 6 2
870 68 2
871 264 9
872 32 23
872 50 25
872 165 15
873 9 2
874 360 6
875 164 2
878 258 61
880 611 2
882 42 2
884 802 3
885 601 2
894 392 24
895 603 2
896 330 2
896 868 2
897 39 7
897 115 13
897 1002 2
898 699 2
899 537 3
899 736 10
900 4 6
900 162 2
900 313 4
902 131 45
902 420 17
904 112 7
904 231 13
904 552 8
904 888 10
904 929 16
905 12 2
905 196 16
905 248 11
905 540 11
905 572 10
906 137 7
906 194 13
906 210 19
907 276 2
908 456 6
910 614 7
911 5 18
911 896 25
912 2 2
912 85 2
912 129 3
912 388 12
914 216 75
914 669 13
914 968 21
915 431 4
916 742 3
916 777 3
917 560 40
917 912 6
918 0 17
920 200 3
921 272 2
921 320 115
922 784 6
924 33 2
927 190 17
928 64 2
928 384 2
928 516 21
928 518 9
929 10 16
929 257 2
929 316 5
930 547 2
930 720 2
931 230 11
931 657 2
932 274 377
932 783 2
933 657 2
934 94 2
938 261 2
938 552 2
940 512 128
941 771 2
944 165 39
944 756 16
945 456 2
946 205 8
947 568 2
948 9 7
952 37 2
953 905 5
954 22 2
956 846 2
960 358 20
961 131 2
961 291 29
961 472 6
961 481 313
963 130 6
965 937 2
966 29 8
966 192 2
966 197 2
966 555 62
968 51 11
968 352 12
969 313 4
969 769 2
970 180 8
971 566 52
975 205 2
976 779 6
977 22 1489
977 549 2
984 324 8424
984 483 2
986 772 5
987 962 2
988 366 5
990 35 51
996 836 28
998 179 3
1000 260 2
1001 286 285
1002 652 4
1002 912 2
1004 129 2
1011 36 14
1013 316 3
1018 358 2
1020 371 4
1021 643 5
