0 4 43
0 8 4
0 9 2
0 17 3
0 29 17
0 112 20
0 135 2
0 150 2
0 156 23
0 166 2
0 215 2
0 256 3
0 265 3
0 274 2
0 321 2
0 352 2
0 415 2
0 618 123
0 670 10
0 674 2
0 679 2
0 704 4
0 843 24
0 902 4
0 917 235
1 7 17
1 15 5
1 30 14
1 37 6
1 135 14
1 228 17
1 292 2
1 357 5
1 481 8
1 565 2
1 644 49
1 768 6
1 825 2
1 920 11483
2 0 2
2 3 2
2 8 10551
2 48 2
2 132 4
2 167 4
2 260 2
2 328 55
2 523 29
2 826 8
3 24 2
3 131 2
3 272 26
3 277 2
3 530 2
3 592 32
3 652 2
3 817 11
4 0 4
4 4 8
4 15 3
4 24 15
4 50 2
4 60 9
4 64 2331
4 284 2
4 293 39
4 368 31
4 517 2
4 683 2
4 774 2
4 808 2
5 584 2
5 887 2
6 148 2
6 212 56
6 259 16
6 267 4
6 268 4
6 466 4
6 512 2
6 798 8
6 1002 3
7 110 4
7 237 4
7 715 5
8 1 40
8 2 2
8 19 2
8 58 2
8 272 2
8 273 44
8 386 7
8 486 4
8 552 12
8 642 2
8 656 144
8 850 20
8 902 32
9 39 22
9 43 36
9 274 2
9 416 2
9 526 4
9 572 2
9 823 2
9 907 2
10 75 7
10 84 4
10 160 9
10 208 3
10 518 41
10 523 34
10 584 4
10 599 2
10 680 7
11 204 12
11 752 14
12 24 3
12 55 8
12 116 1706
12 269 1424
12 366 10
12 634 2
12 781 3
13 66 4
13 192 4
13 320 2
13 780 2
14 127 4
14 152 40
14 210 2
14 376 4
14 616 10
15 352 2
15 659 7
15 854 3
16 9 8
16 24 12
16 132 2
16 148 3
16 643 31
16 806 2
17 48 11
17 129 3
17 258 2
18 51 6
18 203 2
18 215 29
18 290 2
18 641 3
18 645 5
19 24 2
19 709 3
20 10 2
20 28 2
20 36 266
20 176 5
20 194 2
20 323 2
20 786 9
21 116 5
21 258 7
21 308 54
22 24 8
22 68 2
22 107 4
22 133 2
22 281 4
22 320 2
22 331 6
22 565 6
23 328 6232
23 770 3
23 886 2
24 9 176
24 786 2
24 944 4
25 523 5
25 592 12
26 20 2
26 22 30
26 109 7
27 210 2
27 547 11
27 549 2
28 42 12
28 72 327
28 146 2
28 624 4
28 647 2
29 1 17
29 5 2
29 532 25
29 809 6
30 21 2
30 52 4
30 129 2
30 588 20
31 561 7
32 16 4
32 42 13
32 185 9
32 204 2
32 211 2
32 219 120
32 276 6
32 388 3
32 414 2
32 514 222
32 612 2
32 848 18
32 960 31
33 2 2
33 3 5
33 26 24
33 31 4
33 64 234
33 276 2
33 277 4
33 320 2
33 544 2
33 898 11
33 945 22
34 144 5
34 663 3
34 720 3
34 800 37
35 65 71
35 266 8
36 12 27
36 34 8
36 48 3
36 257 2
36 288 2
36 320 5
36 448 2
36 555 8
36 705 2
37 2 4
37 13 2
37 364 3
37 520 2
37 594 9
37 640 3
37 673 3
38 1 2
38 180 19
38 204 2
38 544 2
39 3 5
39 48 187
39 520 3
39 982 4
40 9 21
40 20 2
40 39 2
40 65 3
40 256 12
40 512 2
40 528 3
40 605 6
40 672 2
40 756 4
40 761 6
40 840 4
40 980 2
41 96 12
41 263 2
41 276 12
41 321 2
41 513 2
41 987 11
42 42 2
42 140 183805
42 329 6
42 411 3
42 839 4
43 1 5
44 10 33
44 12 5
44 47 172
44 430 2
44 524 2
44 794 2
45 23 25
45 50 4
45 74 2
45 266 2
45 615 4
45 808 2
45 844 2
46 57 10
47 80 2
47 1022 5
48 67 2
48 168 2
48 176 2
48 193 7
48 198 8
48 226 3
48 646 5
48 708 6
48 789 2
48 843 2
48 932 13
49 4 2
49 17 2
49 310 7
49 313 2
49 516 2
50 9 10
50 113 3
50 528 188
51 377 6
52 188 250
52 256 4
52 285 2
52 899 2
53 146 14
53 245 2
54 112 2
54 718 5
55 278 31
56 89 18
56 472 2
56 544 57
56 560 2
57 5 6
57 128 2
57 448 2
58 113 2
58 470 3
59 58 3
59 292 11
59 453 3
59 583 24
60 3 27
60 33 3
60 112 19
61 644 2
61 648 2
62 521 6
62 612 9
64 1 2
64 192 5
64 194 4
64 197 11
64 272 5
64 370 872
64 465 2
64 481 2
64 514 3181
64 686 22074
64 756 2
64 771 2
64 780 57
64 790 7
65 25 2
65 61 6
65 96 8
65 104 2
65 218 2
65 265 2
65 274 2
65 421 659
65 515 3
65 571 2
65 614 4
66 140 6
67 2 6
67 16 2
67 20 3
67 37 2
67 73 2
67 453 3
67 482 28
67 840 5
68 153 11
68 192 37
68 226 2
68 284 2
69 138 9
69 572 18
69 768 2
70 109 8
70 431 3
70 646 17
70 648 3
71 1 2
71 264 10
71 700 2
72 37 13
72 65 2
72 280 5
72 533 2
72 961 4
73 39 3
73 870 2
74 512 2
74 548 12
74 600 2
74 768 2
74 1012 2
75 259 15
75 576 4
76 76 2
76 84 7
76 133 8
76 262 2
76 586 5
76 855 4
77 256 271
77 267 4
78 288 3
78 517 3
78 784 4
78 919 2
79 165 31
79 386 19
80 82 7
80 132 2
80 211 367
80 528 2
80 677 362
80 920 9
81 807 2
81 852 9
82 280 2
82 283 11
83 115 11
83 124 2
83 304 174
83 617 2
83 784 15
84 64 2
84 74 2
84 216 6
85 65 2
87 353 8
87 462 43
87 512 2
88 330 6
88 782 3
89 2 2
89 76 2
90 20 2
90 274 9
90 843 5
90 977 2
91 154 2
91 652 4
91 951 2
92 91 2
93 49 25
93 134 18
93 669 2
94 954 14
95 20 16
95 34 15
96 32 2
96 103 7
96 148 2
96 208 2
96 220 3
96 276 20
96 304 1363
96 547 2
96 776 14
96 820 6
97 18 7
97 48 7
97 130 5
97 144 10
97 167 8
97 286 7
97 473 3
97 525 12
98 352 2
98 401 3
98 928 3
99 117 27
99 134 2
99 249 2
100 128 2
100 294 20
100 768 2
100 901 6
101 70 9
101 124 30
101 161 2
101 392 2
101 599 54
102 6 25
102 166 2
102 264 2
103 704 88
104 26 4
104 28 4
104 48 21
104 64 2
104 132 17
104 313 14
104 673 362
105 3 5
105 296 2
105 779 2
106 516 13
106 652 2
107 3 2
107 129 2
108 133 2
108 514 2
108 825 2
109 707 80
111 12 7
112 0 23
112 1 17
112 3 2
112 28 3
112 84 4
112 165 2
112 776 2
114 68 3
114 416 2
114 452 3
114 497 11
114 872 2
116 33 5
117 803 2
119 446 52
119 836 2
120 0 2
120 76 2
121 536 2
122 185 13
122 294 80
123 600 79
124 304 25
124 348 16
125 268 30
128 10 2
128 58 2
128 134 18
128 200 3
128 208 3
128 320 5
128 362 6
128 375 2
128 433 6
128 628 902
129 0 6
129 10 177
129 37 2
129 39 2
129 163 2
129 584 31
130 78 2
130 272 3
130 273 3
130 520 2
130 532 2
130 540 6
130 772 2
130 980 2
131 581 425
132 6 2
132 17 2
132 94 4
132 137 2
132 372 2
132 516 2
132 713 3
132 916 6
132 957 2
133 23 2
133 614 2
134 67 2
134 84 3
134 224 3
134 377 2
134 390 32
134 516 3
134 768 7
135 258 27
136 21 3
136 39 2
136 81 2
136 160 98
136 657 4
136 684 15
136 831 62
137 148 5
137 256 2
137 259 2
137 678 2
137 778 4
138 266 3
138 415 1009
138 590 5
138 902 7
139 87 6
139 426 20
139 865 60
140 72 8
140 135 2
140 143 2
140 168 13
140 464 11
140 724 7
140 776 2
141 2 2
141 521 7
141 954 5
142 641 3
143 116 2
143 187 3
143 286 78
144 68 1250
144 248 6
144 257 2
144 433 2
144 520 2
145 1 2
145 2 10
145 67 12
145 94 2
145 216 3
145 273 2
145 392 2
145 513 2
145 576 4
146 69 19
146 146 14
146 396 2
146 910 7
147 513 41
147 522 3
148 24 6
148 130 2
148 139 3
148 146 6
148 278 35
148 515 5
148 912 2
149 20 2
149 633 329
150 141 53
150 656 2
151 132 2
151 207 14
151 250 5
153 26 2
153 151 2
153 171 2
153 592 3
153 598 2
153 833 11
153 961 14
156 54 2
156 521 2
156 814 6
158 104 2
159 526 7
160 34 9
160 144 3
160 452 2
160 644 2
160 801 17
161 21 4
161 40 3
161 326 9
161 524 140
161 576 3
161 898 10
162 160 595
162 290 5
162 306 8
162 517 10
163 361 4
163 601 21
164 34 2
164 38 4
164 87 2
164 217 2
164 280 3
164 329 2
164 481 5
164 636 2
164 646 2
165 141 15
166 686 11
167 104 11
167 289 2
167 384 2
167 456 2
167 712 35
168 8 7
168 52 3
168 67 2
168 68 2
168 98 3
168 480 2
169 25 4
169 72 2
169 351 3
169 514 15
171 144 2
171 810 2
172 32 4
172 569 2
172 664 2
174 493 399
174 582 2
175 863 4
176 32 2
176 137 2
176 270 2
176 273 2190
176 824 2
176 932 11
177 128 3
177 560 170
177 611 2
177 744 6
178 100 2
178 144 2
178 580 32
178 797 2
179 429 228
180 152 2
180 600 9
180 973 2
181 97 2
181 331 22
181 768 2
181 964 5
182 728 2
184 141 1482
184 161 2
184 664 2
185 5 92
185 42 5
185 391 19
186 272 18
186 582 3
187 800 14
188 4 13
192 43 82
192 52 2
192 177 23
192 524 2
192 898 2217
192 904 2
192 999 2
193 28 7
193 120 9
193 131 15
193 422 7
193 718 4
193 775 8
194 592 8
196 81 8
196 286 20
196 377 6
197 61 2
197 100 2
197 592 2
197 611 7
197 769 2
198 3 2
198 196 3
198 812 2
200 924 2
201 98 2
201 140 6
202 11 2
203 654 186
204 6 18
204 520 10
206 80 22
206 530 2
208 12 4
208 14 281
208 88 3
209 513 6
209 564 3
210 1 6
210 882 18
212 34 2
212 69 6
212 262 2
212 285 2
212 673 4
213 64 10
214 369 2
214 585 2
216 138 4
216 792 2
218 86 16
219 389 5
220 176 11
220 658 9
222 852 2
225 257 2
225 316 1299
225 948 15
226 35 2
226 157 6
227 336 9
227 592 16
227 838 2
228 32 25
228 294 16
230 9 2
231 290 2
232 5 2
232 80 2
232 130 5
232 480 2
233 212 2
233 912 9
233 973 12
234 848 2
234 917 2
235 281 2
235 645 5
237 91 2
238 620 33
239 370 1068
240 18 6
240 66 9
240 799 5
240 914 5
241 206 3
241 245 3
242 156 8
244 33 4
244 932 320
245 705 67
246 64 2
248 0 2
248 290 5
248 557 2
248 902 3
250 46 20
256 1 6
256 5 224
256 68 2
256 69 2
256 97 79
256 243 161
256 262 3
256 312 2
256 344 13
256 416 8
256 512 6
256 522 2
256 764 10
256 772 5
256 804 93
256 992 2
257 0 6
257 156 2
257 272 18
257 544 28
257 680 4
257 806 10
257 912 3
257 920 2
257 945 10
258 24 8
258 34 2
258 36 5
258 138 4
258 265 2
258 673 2
258 810 11
258 880 9
259 7 2
259 100 3
259 268 2
259 532 7
260 131 3
260 256 10
260 295 375
260 522 5
260 545 2
260 678 8
260 978 17
261 8 28
261 72 46
261 672 2
261 995 2
262 32 11
262 134 2
262 193 2
262 256 2
262 906 2
262 1013 4
264 1 29
264 4 2
264 296 4
264 320 2
264 568 2
265 264 2
265 339 4
266 56 2
266 272 2
266 326 288
266 336 2
266 504 2
267 523 3
267 581 65
268 12 3
268 34 5
268 192 2
268 524 488
268 577 2
269 444 2
269 640 2
270 73 2
270 532 6
270 642 4
272 41 4
272 162 5
272 208 2
272 225 20
272 234 13
272 259 2
272 280 6
272 378 2
272 520 18
272 554 3
272 640 2
272 899 5
273 47 11
273 581 9
273 693 2
273 809 4
273 903 23
274 98 2
274 334 2
275 4 2
275 16 2
275 116 2
275 133 18
275 485 6
275 512 66
276 288 3
276 392 45
276 538 5
276 628 482
276 661 158
277 8 876
277 128 2
278 258 27
279 18 8
279 901 17
280 36 5
280 82 3
280 600 2
280 674 11832
281 101 48
282 136 58
282 576 5158
282 717 41
282 787 7
283 35 4
284 835 9
285 104 2
286 624 3
286 832 3
287 448 6
287 802 16
288 47 270
288 50 18
288 132 4
288 224 12
288 341 3
288 545 3
289 36 2
289 60 2
289 156 4
289 345 3
289 468 4
289 472 4
289 648 4
289 753 8
289 788 3
290 0 25
290 258 3
291 32 14
291 610 30
291 768 2
291 967 8
292 134 20
292 162 2
292 593 2
293 256 21
293 960 3
294 742 11
296 57 2
296 84 2
296 131 2
296 231 3
296 260 2
296 288 2
296 336 2
296 409 6
296 516 7
297 167 2
297 389 4
297 544 2
298 75 6
298 800 2
299 78 11
299 291 2
300 29 2
300 140 14
301 274 9
301 777 66
303 292 8
304 6 10
304 8 5
304 63 29
304 106 2
304 212 263
304 258 3
304 292 351
305 11 5
305 34 26
305 163 7
305 576 61
306 36 2
306 550 5
306 918 11
307 514 99608
308 21 24
308 640 8
308 692 5
308 832 2
308 848 8
309 77 49
309 774 2
310 44 2
310 936 2
312 514 4
314 376 2
314 518 4
315 739 2
318 532 3
318 914 2
320 315 2
320 407 2
320 428 2
320 468 6
320 720 2
321 4 9
321 262 2
321 768 4
321 834 2
321 1008 2
322 0 2
322 80 30
322 196 72
322 899 3
322 902 40
323 515 8
324 16 11
324 106 2
324 167 17
324 179 2
324 200 128
324 513 9
324 530 17
325 74 4
325 145 7
325 192 7
325 720 5
326 11 26
326 16 9
326 32 2
326 116 2
326 280 2
327 698 7
329 35 25
329 258 5
329 836 6
330 204 3
331 512 2
332 456 11
332 643 15
334 265 3
334 288 17
336 18 5
336 100 2
336 576 23
336 632 11
337 352 3
337 833 2
338 33 5
338 169 2
339 42 2
340 0 5
340 106 12
340 704 14
340 763 3
341 576 2
342 15 8
342 168 9
342 272 2
343 475 8
344 188 20
344 676 19
345 32 2
345 728 17
346 11 16
347 149 8
347 296 7
347 313 6
348 128 2
348 395 2
349 12 2
352 409 2
352 419 82
352 514 2
352 680 2
352 794 21
353 684 2
354 25 2
354 30 16
354 288 2
354 836 2
354 969 2
355 134 45
355 634 8
356 800 2
357 433 5
357 641 2
357 690 2
358 3 11
358 168 2
358 197 2
360 555 12
360 732 2
360 810 6
361 266 2
361 316 4
362 34 8
363 162 85
363 424 2
364 740 2
366 657 2
368 49 8
368 738 18
368 925 12
371 112 26
371 705 2
372 352 18
375 77 12242
376 193 10
379 333 2
380 339 2
381 531 2
384 5 4
384 168 55
384 312 3
384 332 3
384 457 7
384 481 13
384 531 2
384 571 6
384 841 2
384 962 5
385 2 2
385 75 2
385 213 7
385 214 2
385 513 25
385 563 7
386 64 6
386 73 4
386 158 2
386 160 2
386 206 2
386 275 4
386 681 2
386 846 18
386 912 2
387 147 296
387 545 7
388 332 15
391 8 2
391 461 2
391 800 2
392 336 5
392 553 2
393 461 2
393 577 3
394 80 2
394 590 2
395 4 3
395 558 15
395 647 497
396 6 2025577
396 536 8
396 546 4924
396 777 2
396 915 2
397 132 108
397 305 8
397 518 8
399 9 2
400 10 2
400 21 2
400 144 2
400 712 10
401 16 2
401 58 2
401 277 2
401 284 5
401 673 2
401 932 6
402 68 4
402 80 2
402 769 2
403 20 8
403 98 2
404 209 2
404 298 2
407 591 2
408 66 2
408 405 71
408 576 24
409 105 2
409 417 3
409 888 4
410 520 2
411 20 7
412 6 2
413 640 13
414 932 6
415 101 2
416 52 3
416 279 2
416 292 55
416 531 9
416 832 22
417 577 12
418 16 7
419 7 604
419 62 11
419 844 2
420 32 3
420 114 62
420 424 22
420 538 2
422 736 26
423 384 10
423 651 4
424 481 345
425 161 5
425 746 2
427 580 2
428 32 2
428 194 9
428 620 6
428 880 38
430 8 3
430 68 8
430 203 2
433 24 2
433 197 6
433 398 2
436 641 3
441 21 2
442 146 18
442 691 3
444 769 2
444 801 2
448 513 10
448 655 2
449 321 11
450 450 18
452 48 2
452 136 6
452 205 2
452 488 5
452 512 5
452 513 19
453 368 48
453 661 2
454 9 3
454 437 63
454 634 2
454 782 2
455 640 3
456 367 2
456 376 2
456 774 8
457 906 2
458 743 2
460 197 3
460 462 4
460 566 7
461 901 3
462 641 12
463 916 2
464 265 9
464 928 18626
465 761 2
467 300 2
472 226 2
472 256 3
472 801 11
473 6 2
473 600 2
476 775 2
480 0 2
480 665 2
480 731 2
480 928 73
481 288 3
481 416 4
482 64 66
482 285 2
483 555 19
484 841 11
485 134 2
488 3 2
488 269 2
488 334 11
488 565 3
489 64 12
491 112 273
496 978 2
501 519 66
504 267 2
505 332 2
506 706 32358
512 1 5
512 5 3
512 36 2
512 52 87
512 65 8
512 153 2
512 420 2
512 438 2
512 453 18
512 482 5
512 514 7
512 522 2
512 685 13
512 936 22
513 42 2
513 47 2
513 65 14
513 100 2
513 112 9
513 304 2
513 340 43
513 548 5
514 11 2
514 36 3
514 401 47
514 452 28
514 522 9
514 572 9
514 780 91
515 93 7
515 157 2
515 598 2
516 33 2
516 69 6
516 169 236
516 385 3
516 555 4
516 582 35
516 605 133
516 779 4468
516 785 35
517 0 2
517 3 12
517 8 2
517 34 8
517 132 14
517 177 19
517 233 3
517 281 3
517 525 13
517 672 16
517 676 2
517 768 8
518 41 2
518 66 3
518 517 2
519 517 13
519 944 2
519 967 8
520 9 7
520 94 158
520 164 2
520 296 2
520 328 2
520 436 9
520 785 4
520 812 2
520 896 5
521 131 2
521 229 7
521 450 7
521 546 17
521 554 2
521 560 2
521 609 49
522 1 74
522 121 10
522 234 5
522 549 5
523 650 22
524 159 2
524 520 26
525 134 2
525 820 2
526 776 10
527 36 2
527 713 4
528 10 2
528 33 15
528 36 2
528 97 4
528 144 154836
528 171 2
528 512 2
528 580 6
528 582 51
528 611 10
528 720 2
528 801 13
529 16 9
529 148 2
529 260 2
529 423 2
529 520 7
529 737 5
529 836 40
530 20 19
530 522 3
530 696 3
532 11 5
532 134 5
532 292 7
532 550 2
532 853 2
533 5 2
533 37 22
533 787 2
534 6 4
534 425 3
534 786 10
534 928 10
536 244 4
536 412 3
536 687 10
536 902 23
537 99 2
537 138 2
537 257 11
537 478 3
538 74 8
538 84 2
541 344 3
541 793 42
544 6 14
544 21 2
544 24 9
544 160 2
544 416 2
544 429 2
544 536 2
544 542 6
544 551 2
544 597 14
544 718 16
545 226 2
545 520 16
545 743 3
545 914 8
546 4 14
546 263 9
546 650 2
546 758 2
546 900 14
547 265 2
547 427 24
547 577 5
548 141 19
548 169 2
548 512 4
548 577 2
548 586 8
549 68 7
549 97 10
549 146 13
549 288 4
550 36 2
550 649 10
550 800 20
551 40 2
551 89 16
552 136 5
552 640 4
553 36 2
553 933 5
554 4 2
554 137 14
555 52 2
556 409 3
557 15 12
557 400 6
557 512 10
557 557 10
557 770 34
557 938 14
559 557 2
560 18 86
560 32 3
560 96 36
560 104 364
560 168 2
560 354 6
561 10 2
561 444 2
561 521 2
561 786 2
561 993 3
562 162 2
562 977 2
562 992 6
563 20 2
563 410 2
564 28 2
564 656 25
564 659 19
565 105 9
566 4 5
566 132 3
567 793 2
569 385 3
569 522 3
571 100 2
571 457 4
572 36 11
572 64 205
572 257 10
572 370 3
573 797 14
573 886 2
574 533 31
574 696 2
576 4 2
576 5 2
576 133 3
576 172 2
576 193 1605
576 228 4
576 371 11
576 525 3
576 547 128
576 607 2
577 72 2
577 222 33
577 292 4
577 401 8
577 577 3
577 661 4
577 997 20
578 26 5
578 96 4
578 136 2
578 554 3
578 572 8
578 575 2
579 80 3
579 136 610
579 621 9
579 789 282
580 64 15
581 645 34
582 633 3
583 129 3
585 64 2
585 208 3
585 217 31
585 354 90
585 389 2
586 64 5
586 530 56
586 658 2
588 784 45
589 389 4
590 300 31
590 520 2
590 788 4
591 147 57
592 2 17
592 148 2
592 566 57
592 585 6
593 429 2
595 58 3
595 557 5
596 11 496
596 33 11
596 91 2
596 154 4
596 385 4
597 387 9
599 176 2
599 569 8
600 115 5
600 562 2
600 573 258
600 575 2
601 431 2
602 480 2
604 1006 2
605 80 2
606 281 2
606 807 2
607 288 11
607 393 12
608 176 14
608 522 3
608 576 20
608 648 2
609 28 10
609 210 2
609 225 189
609 768 13
610 24 63
611 125 136
612 170 11
612 534 2
613 840 2
614 265 8
614 936 2
617 374 11
618 70 23
618 1004 5
619 76 2
621 293 3
623 1000 3
624 579 2
625 5 2
625 261 12
626 8 2
626 104 2
626 528 5
626 608 9359
627 418 10
627 769 2
627 977 11
629 528 2
635 546 15
638 161 2
640 4 2
640 6 23
640 16 3
640 160 31
640 181 6
640 246 2
640 258 2
640 369 7
640 421 2
640 467 6
640 584 2
640 659 19
640 952 4
642 512 3
642 562 2
642 724 9
643 73 3
643 775 2
644 387 9
644 660 2
644 756 2
644 769 10
645 25 3
645 963 4
646 289 2
646 388 3962
648 76 2
648 98 2
648 210 247
648 301 20
648 369 2
648 512 6
648 694 2
648 769 64
649 4 2
649 48 2
650 108 6
650 216 2
650 953 7
651 290 2
652 257 2
652 594 2
654 129 2
654 565 2
655 384 4
655 761 6
656 3 2
656 278 10
656 370 171
656 833 17
658 10 2
658 26 9
658 226 315
658 640 2
660 52 2
660 85 9
660 648 8
661 244 7
661 608 26
662 374 2
664 16 2
665 3 3
665 260 4
666 66 45
667 587 11
668 163 4
668 464 2
668 749 2
670 515 3
672 1 9
672 64 14
672 129 5
672 514 2
672 717 13
673 104 2
674 288 93
674 672 32
675 257 7
676 52 9
677 121 16
677 641 2
678 237 5
679 556 26
680 39 2
681 6 19
681 33 124
682 14 4
682 156 6
683 278 3
686 426 5
686 593 2
688 385 11
689 80 39
690 110 3
691 12 15
692 260 4
692 914 10
693 522 3
694 6 3
694 768 2
694 931 8
695 517 6
697 710 3
700 229 13
701 34 2
701 941 4
704 34 4
704 135 7
704 292 15
704 514 18
704 673 4
705 596 20
706 17 8
706 161 10
706 460 2
706 732 2
709 325 36
709 354 7
709 644 7
710 2 4
711 19 2
712 141 4
712 283 20
712 294 2
712 862 7
713 593 15
713 837 2
716 98 2
716 339 3
716 649 2
716 842 11
719 512 2
720 7 2
720 144 2
720 803 70
721 0 2
721 104 2
721 323 10
721 584 7
722 82 7
722 100 9
722 146 2
722 258 2
722 393 2
722 464 2
723 142 14
724 596 2
725 44 2
725 65 2
726 322 2
727 200 52
728 227 2
728 712 2
730 332 19
732 834 8
736 24 2
737 64 10
737 288 9
737 610 2
738 970 2
740 235 2
740 778 2
740 801 2
741 45 6
741 260 2
743 787 5
744 124 2
744 762 13
745 63 2
746 386 2
746 536 19
752 261 2
752 494 3
752 786 9
754 32 2
759 130 2
760 40 5
760 220 85
760 257 11
760 300 3
761 435 2
763 668 2
765 513 3
768 68 35
768 226 11
768 326 14
768 502 10
768 608 8
768 666 2
768 736 2
768 738 14
769 34 5
769 277 2
769 350 2
769 640 2
769 773 17
770 67 2
770 211 2
770 256 3
770 515 2
770 663 2
771 128 5
771 793 5
771 800 31
772 32 20
772 130 7
773 1 2
774 8 38
775 48 6799
775 921 3
776 101 2
776 155 2
776 586 2
776 697 18
777 6 3
777 84 2
777 318 2
778 330 1071
778 389 2
780 16 8
780 193 2
780 707 2
780 901 14
781 496 66
782 405 91
784 1 15
784 514 527
784 549 2
784 569 5
784 604 2
784 634 3
784 841 3
785 45 27
786 142 35
786 521 110
786 576 2
786 914 14
787 199 3
788 25 2
788 324 4
792 274 2
792 540 2
792 594 2
793 52 2
793 498 7
793 628 6
795 422 2
795 661 7
798 776 5
799 433 16
800 9 4
800 45 4
800 73 8
800 97 8
800 133 2
800 824 5
801 34 98
801 312 32
801 592 22
801 642 2
802 660 5
802 769 8
803 512 15
804 0 2
804 433 3
804 779 2
805 387 14
805 781 2
806 43 8
806 134 2
806 232 5
806 326 7
808 302 2
808 526 2
808 777 3
808 937 2
808 945 9
810 17 24
810 394 2
810 416 13
812 778 2
814 161 2
814 264 8
814 905 3
816 24 2
817 784 32
818 253 132
819 69 8
821 236 52
824 392 2
824 609 9
824 978 2
832 16 17
832 21 2
832 30 3
832 43 28
832 281 9
832 304 2
832 328 6
832 427 2
833 999 2
834 32 14
834 104 2
834 148 2
834 912 2
835 264 99
835 392 10716
835 583 24
836 388 2
836 485 82
838 785 11
840 106 23
840 545 10
840 800 100870
841 32 2
841 370 8
842 132 4
842 200 7
843 939 2
845 624 15
848 90 56
848 188 2
848 313 3
848 899 2
849 792 2
849 1018 411
850 776 2
851 195 11
852 2 17
852 72 2
852 824 2
854 681 5
856 256 7
856 866 6
857 42 2
862 130 2
863 516 2
864 23 2
864 786 2
867 998 3
868 332 3
870 68 7
871 264 1640
872 32 4
872 50 46
872 165 109
873 9 107
874 360 2
875 164 3
878 258 2
882 42 2
882 778 2
884 802 5
885 601 5
894 392 43
895 603 2
896 330 2
896 868 2
897 39 48
897 115 10
897 523 5
897 1002 2
898 699 53
899 537 5
899 736 2
900 4 63
900 162 2
900 313 8
902 131 6
902 420 2
903 339 2
904 112 6
904 231 2
904 552 2
904 888 2
904 929 1804
905 12 2
905 196 3
905 572 4
906 137 58
906 194 2
906 328 71
908 456 2
910 614 50
911 5 4
911 10 2
911 896 2
912 2 74
912 85 4
914 216 2
914 669 29
914 968 13
915 431 2
916 742 6
917 912 2
918 0 8
921 272 4
921 320 2
922 8 2
924 33 14
927 190 7
928 384 3
928 516 2
928 518 2
929 10 2
929 316 5
930 547 4
930 720 2
931 230 2
931 657 5
932 274 199
932 783 2
933 657 2
934 94 10
938 261 2
938 316 3
938 552 8
940 512 2
944 165 14
944 756 2
945 456 2
946 205 2265
947 568 21
948 9 105
951 818 19
952 37 27
953 905 2
954 22 2
956 846 6
958 844 302
960 358 5
961 131 2
961 291 2
961 333 2
961 472 2
961 481 4
965 937 4
966 29 183
966 192 6
966 197 15
966 555 2
968 51 10
968 352 8
968 360 2
969 769 2
970 180 3
975 205 124
976 321 2
976 779 2
977 22 10
977 34 2
977 549 6
978 817 3
984 324 2
984 483 4
985 268 430
986 772 2
987 962 2
988 366 8234
990 35 2
996 36 14
998 179 9
1000 260 8
1001 286 2
1002 652 2
1002 912 2
1003 684 7
1004 129 48
1011 36 2
1013 316 34
1018 358 2
1020 371 4
1020 385 2
1021 643 2
