0 4 14
0 8 2
0 9 1141
0 17 26
0 29 2
0 112 2
0 135 2
0 150 3
0 156 23
0 166 2
0 215 2
0 256 32
0 265 2
0 274 2
0 321 3
0 352 51
0 415 2
0 618 2
0 670 14
0 674 2
0 679 6
0 704 12
0 843 6
0 902 3
0 917 2
1 7 2
1 15 34
1 30 2
1 37 3
1 135 5
1 228 4
1 292 2
1 357 43
1 481 6
1 565 2
1 644 888
1 768 2
1 825 2
1 920 64
2 0 2
2 3 44
2 8 10
2 48 2
2 132 2
2 167 2
2 260 2
2 328 2
2 523 28
2 826 17
3 24 4
3 131 4
3 272 4
3 277 9
3 530 27
3 592 11
3 652 2
3 817 2
4 0 4
4 4 14
4 15 2
4 24 6
4 50 2
4 60 4
4 64 2
4 284 2
4 293 2
4 368 6
4 517 2
4 683 2
4 774 613
4 808 6
5 584 14
5 887 301
6 148 4
6 212 2
6 259 4
6 267 2
6 268 9
6 466 10
6 512 16
6 798 4
6 1002 7
7 110 4420
7 237 20
7 715 401
8 1 2
8 2 123
8 19 2
8 58 54
8 272 2
8 273 7
8 386 5
8 486 64
8 552 14
8 642 2
8 656 66
8 850 2
8 902 2
9 39 108
9 43 360
9 274 2
9 416 36
9 526 4
9 572 111
9 823 5
9 907 2
10 75 4
10 84 2
10 160 3
10 208 11
10 518 2
10 523 13
10 584 6
10 599 4
10 680 2
11 204 18
11 752 3
12 24 5
12 55 2
12 116 2
12 269 6
12 366 2
12 634 2
12 781 273
13 66 14
13 192 13
13 320 2
13 780 2
14 127 4
14 152 2
14 210 2
14 376 5
14 616 2
15 352 4
15 659 19
15 854 2
16 9 12
16 24 20
16 132 10
16 148 5
16 643 4
16 806 175
17 48 5
17 129 2
17 258 2
18 51 2
18 203 6
18 215 22
18 290 16
18 641 32
18 645 2
19 24 2
19 709 6
20 10 2
20 28 24
20 36 5
20 176 64
20 194 3
20 323 551
20 786 23
21 116 5
21 258 2
21 308 18
22 24 2
22 68 2
22 107 2
22 133 6
22 281 3
22 320 2
22 331 226
22 565 17
23 328 621
23 770 17
23 886 6
24 9 4
24 786 4
24 944 4
25 523 7
25 592 15
26 20 2
26 22 34
26 109 8
27 210 2
27 547 15
27 549 2
28 42 2
28 72 2
28 146 2
28 624 5
28 647 2
29 1 2
29 5 5
29 532 2
29 809 4
30 21 10
30 52 5
30 129 75
30 588 20
31 561 6
32 16 15
32 42 14
32 185 4
32 204 2
32 211 2
32 219 2
32 276 3
32 388 2
32 414 2
32 514 2
32 612 24
32 848 19
32 960 626
33 2 253
33 3 3
33 26 714
33 31 2
33 64 11
33 276 50
33 277 7
33 320 7133
33 544 5
33 898 2
33 945 3
34 144 7
34 663 13
34 720 25
34 800 63
35 65 29
35 266 2
36 12 19
36 34 26
36 48 2
36 257 239651
36 288 7
36 320 3
36 448 4
36 555 14
36 705 19979
37 2 14
37 13 2
37 364 8
37 520 4
37 594 4
37 640 6
37 673 2
38 1 27
38 180 2
38 204 221
38 544 2
39 3 7
39 48 2
39 520 34
39 982 7
40 9 8
40 20 880
40 39 46
40 65 2
40 256 3
40 512 2
40 528 171
40 605 12876
40 672 2
40 756 6
40 761 9
40 840 2
40 980 5
41 96 4
41 263 2
41 276 24
41 321 2
41 513 63
41 987 2
42 42 5
42 140 7418
42 329 2
42 411 2
42 839 5
43 1 11
44 10 58
44 12 2
44 47 7
44 430 19
44 524 2
44 794 2
45 23 2
45 50 6
45 74 4
45 266 15
45 615 3
45 808 2
45 844 3
46 57 3
47 80 3
47 1022 11
48 67 2
48 168 12
48 176 2
48 193 9
48 198 3
48 226 2
48 646 5
48 708 11
48 789 3
48 843 2
48 932 3
49 4 12
49 17 2
49 310 15
49 313 10
49 516 2
50 9 2
50 113 4
50 528 10
51 377 7
52 188 3
52 256 2
52 285 2
52 899 4
53 146 25
53 245 2
54 112 6
54 718 6
55 278 4
56 89 207
56 472 4
56 544 128
56 560 25
57 5 68
57 128 2
57 448 2
58 113 41
58 470 2
59 58 2
59 292 28
59 453 2
59 583 2
60 3 2
60 33 3
60 112 2
61 644 2
61 648 4
62 521 3
62 612 2
64 1 12
64 192 2
64 194 2
64 197 8
64 272 11
64 370 16
64 465 2
64 481 2
64 514 289
64 686 2
64 756 2
64 771 2
64 780 7
64 790 3
65 25 2
65 61 4
65 96 11
65 104 4
65 218 3
65 265 6
65 274 6
65 421 2
65 515 14
65 571 2
65 614 9
66 140 2
67 2 5
67 16 2
67 20 9
67 37 2
67 73 1902
67 453 93
67 482 46
67 840 4
68 153 2
68 192 2
68 226 12
68 284 2
69 138 5
69 572 11
69 768 2
70 109 2
70 431 7
70 646 9
70 648 2
71 1 38
71 264 13
71 700 439
72 37 12
72 65 5
72 280 212
72 533 5
72 961 6
73 39 9
73 870 162
74 512 2
74 548 15
74 600 2
74 768 9
74 1012 30
75 259 113
75 576 3
76 76 2
76 84 6
76 133 3
76 262 12
76 586 11
76 855 2
77 256 9
77 267 92
78 288 2
78 517 58
78 784 14
78 919 33
79 165 2
79 386 3
80 82 7
80 132 2
80 211 2
80 528 6
80 677 8
80 920 2
81 807 2
81 852 16
82 280 3
82 283 20
83 115 9
83 124 2
83 304 3
83 617 2
83 784 3
84 64 2
84 74 18
84 216 27
85 65 55
87 353 4
87 462 4
87 512 10
88 330 11
88 782 25
89 2 3
89 76 2
90 20 4
90 274 2
90 843 9
90 977 5
91 154 2
91 652 17
91 951 11
92 91 2
93 49 17
93 134 8
93 669 5
94 954 5
95 20 10
95 34 3
96 32 2
96 103 3
96 148 2
96 208 2
96 220 2
96 276 6
96 304 2
96 547 25
96 776 3
96 820 12
97 18 4
97 48 6
97 130 4
97 144 42
97 167 3
97 286 5
97 473 19
97 525 7
98 352 57
98 401 37
98 928 2
99 117 4
99 134 20
99 249 2
100 128 5
100 294 17
100 768 4
100 901 2
101 70 2
101 124 120
101 161 2
101 392 2
101 599 165
102 6 18
102 166 2
102 264 3
103 704 2
104 26 2
104 28 19
104 48 3
104 64 45
104 132 8
104 313 15
104 673 1168
105 3 4
105 296 3
105 779 306
106 516 2
106 652 21795
107 3 3
107 129 6
108 133 2
108 514 12
108 825 8
109 707 35
111 12 2
112 0 15
112 1 2
112 3 2
112 28 3
112 84 2
112 165 2
112 776 2
114 68 10
114 416 2
114 452 2
114 497 2
114 872 1248
116 33 44
117 803 190
119 446 10
119 836 2
120 0 2
120 76 2
121 536 2
122 185 2
122 294 2
123 600 2
124 304 2
124 348 2
125 268 7
128 10 4483
128 58 2
128 134 8
128 200 5
128 208 2
128 320 7
128 362 5
128 375 2
128 433 4
128 628 2
129 0 5
129 10 2
129 37 2
129 39 12
129 163 4
129 584 6
130 78 2
130 272 2
130 273 7125
130 520 8
130 532 2
130 540 15
130 772 2
130 980 2
131 581 2
132 6 8
132 17 10
132 94 42
132 137 11
132 372 5
132 516 76
132 713 3
132 916 2
132 957 2
133 23 2
133 614 13
134 67 2
134 84 5
134 224 3
134 377 2
134 390 21
134 516 2
134 768 2
135 258 7
136 21 13
136 39 3
136 81 2
136 160 2
136 657 3
136 684 9
136 831 19
137 148 3
137 256 2
137 259 5
137 678 5
137 778 8
138 266 16
138 415 46
138 590 2
138 902 2
139 87 7
139 426 5
139 865 7
140 72 7
140 135 2
140 143 23
140 168 5
140 464 4
140 724 9
140 776 2
141 2 2
141 521 2
141 954 37
142 641 4
143 116 2
143 187 5
143 286 2
144 68 3
144 248 8
144 257 3
144 433 2
144 520 2
145 1 2
145 2 13
145 67 4
145 94 2
145 216 2
145 273 2
145 392 4
145 513 3409806
145 576 7
146 69 2
146 146 6
146 396 2
146 910 2
147 513 9
147 522 7
148 24 3
148 130 7
148 139 6080
148 146 78
148 278 2
148 515 4
148 912 21
149 20 62
149 633 2
150 141 93
150 656 2
151 132 26
151 207 10
151 250 4
153 26 2
153 151 3
153 171 10
153 592 6
153 598 442
153 833 2
153 961 11
156 54 20
156 521 3
156 814 2
158 104 4
159 526 2
160 34 21
160 144 2
160 452 16
160 644 2
160 801 41
161 21 8
161 40 3
161 326 5
161 524 9
161 576 2
161 898 17
162 160 11
162 290 280
162 306 12
162 517 10
163 361 4
163 601 3
164 34 2
164 38 2
164 87 2
164 217 2
164 280 2
164 329 6
164 481 4
164 636 4
164 646 2
165 141 4
166 686 3
167 104 2
167 289 2
167 384 6745
167 456 81
167 712 2
168 8 2
168 52 2
168 67 2
168 68 2
168 98 2
168 480 2
169 25 9
169 72 2
169 351 9
169 514 2
171 144 2
171 810 2
172 32 7
172 569 60
172 664 16
174 493 29
174 582 3
175 863 3
176 32 2
176 137 8
176 270 2
176 273 951
176 824 15
176 932 51
177 128 9
177 560 2
177 611 2
177 744 13
178 100 2
178 144 2
178 580 13
178 797 2
179 429 2
180 152 2
180 600 2
180 973 5
181 97 7
181 331 2
181 768 144
181 964 4
182 728 2
184 141 24
184 161 7
184 664 62
185 5 3
185 42 8
185 391 4
186 272 17
186 582 11
187 800 122
188 4 2
192 43 35
192 52 2
192 177 7
192 524 2
192 898 2
192 904 5
192 999 2
193 28 36
193 120 3
193 131 6
193 422 10
193 718 19
193 775 7
194 592 70
196 81 2
196 286 2
196 377 10
197 61 2
197 100 2
197 592 36
197 611 2
197 769 83
198 3 10
198 196 9
198 812 7
200 924 25
201 98 14
201 140 3
202 11 2
203 654 3
204 6 26
204 520 9
206 80 4
206 530 4
208 12 3
208 14 2
208 88 2
209 513 21
209 564 9
210 1 26
210 882 2
212 34 2
212 69 7
212 262 2
212 285 23
212 673 15
213 64 2
214 369 4
214 585 4
216 138 2
216 792 2
218 86 4
219 389 15
220 176 3
220 658 2
222 852 2
225 257 16
225 316 2
225 948 7
226 35 3
226 157 7
227 336 8
227 592 45
227 838 2
228 32 3
228 294 369
230 9 18
231 290 2
232 5 2
232 80 2
232 130 20
232 480 2
233 212 3
233 912 13
233 973 16
234 848 2
234 917 5
235 281 4
235 645 2
237 91 4
238 620 2
239 370 21
240 18 4
240 66 9
240 799 4
240 914 2
241 206 2
241 245 14
242 156 13
244 33 2
244 932 4
245 705 2
246 64 2
248 0 15
248 290 2
248 557 82
248 902 2
250 46 28
256 1 2
256 5 5
256 68 2
256 69 2
256 97 2
256 243 2
256 262 5
256 312 43
256 344 3
256 416 2
256 512 9
256 522 2
256 764 2
256 772 9
256 804 2
256 992 2
257 0 4
257 156 2
257 272 2
257 544 2
257 680 8
257 806 2
257 912 3
257 920 2
257 945 2
258 24 6
258 34 2487
258 36 4
258 138 17
258 265 21
258 673 493
258 810 4
258 880 8
259 7 2
259 100 29
259 268 2
259 532 8
260 131 6
260 256 3
260 295 2
260 522 7
260 545 2
260 678 8
260 978 35
261 8 2
261 72 7
261 672 2
261 995 2
262 32 5
262 134 4
262 193 2
262 256 5
262 906 56
262 1013 9
264 1 11
264 4 2
264 296 2
264 320 2
264 568 2
265 264 2
265 339 6
266 56 2
266 272 2
266 326 2
266 336 9
266 504 24
267 523 2
267 581 3
268 12 41
268 34 5
268 192 2
268 524 2
268 577 2
269 444 3
269 640 2
270 73 2
270 532 4
270 642 4
272 41 3
272 162 22
272 208 5
272 225 13
272 234 4
272 259 2
272 280 10
272 378 2
272 520 26
272 554 2
272 640 2
272 899 2
273 47 2
273 581 8
273 693 235
273 809 2
273 903 46
274 98 9
274 334 2
275 4 2
275 16 5
275 116 2
275 133 2
275 485 11
275 512 6
276 288 5
276 392 54
276 538 3
276 628 1974
276 661 115
277 8 2
277 128 2
278 258 897
279 18 2
279 901 7
280 36 11
280 82 6
280 600 5
280 674 2
281 101 68
282 136 2
282 576 2
282 717 2
282 787 16
283 35 7
284 835 2
285 104 6
286 624 2
286 832 5
287 448 24
287 802 10410
288 47 2
288 50 24
288 132 11
288 224 2
288 341 55
288 545 5
289 36 5
289 60 2
289 156 2
289 345 7
289 468 3
289 472 9
289 648 14
289 753 15
289 788 2
290 0 2
290 258 73
291 32 11
291 610 3
291 768 17
291 967 3
292 134 7
292 162 2
292 593 48
293 256 9
293 960 6
294 742 7
296 57 3396
296 84 3
296 131 2
296 231 2
296 260 4
296 288 2
296 336 30
296 409 5
296 516 4
297 167 2
297 389 8
297 544 55
298 75 8
298 800 7
299 78 4
299 291 19
300 29 2
300 140 2
301 274 3
301 777 18
303 292 2
304 6 4
304 8 12
304 63 6
304 106 7
304 212 2
304 258 2
304 292 671
305 11 4
305 34 3
305 163 2
305 576 2
306 36 2
306 550 2
306 918 30
307 514 2
308 21 2
308 640 2
308 692 10
308 832 41
308 848 3
309 77 8
309 774 4
310 44 3
310 936 19
312 514 8
314 376 90
314 518 3
315 739 2
318 532 2
318 914 2
320 315 5
320 407 2
320 428 2
320 468 2
320 720 3
321 4 5
321 262 10
321 768 5
321 834 2
321 1008 6
322 0 2
322 80 2
322 196 2
322 899 5
322 902 1428
323 515 10
324 16 2
324 106 94
324 167 17
324 179 2
324 200 212
324 513 19
324 530 5
325 74 18
325 145 2
325 192 8
325 720 16
326 11 2
326 16 9
326 32 3
326 116 5
326 280 3
327 698 2
329 35 5
329 258 2
329 836 11
330 204 3
331 512 2
332 456 4
332 643 5
334 265 5
334 288 2
336 18 30
336 100 14
336 576 4
336 632 2
337 352 3
337 833 37
338 33 2
338 169 2
339 42 11
340 0 2
340 106 14
340 704 14
340 763 3
341 576 5
342 15 2
342 168 3
342 272 7
343 475 21
344 188 3
344 676 5
345 32 3
345 728 2
346 11 8
347 149 2
347 296 4
347 313 907
348 128 2
348 395 2
349 12 323
352 409 22
352 419 2
352 514 7
352 680 2
352 794 121
353 684 2
354 25 2
354 30 21
354 288 4
354 836 6
354 969 6
355 134 21
355 634 31
356 800 78
357 433 21
357 641 13
357 690 2
358 3 116
358 168 62
358 197 31
360 555 14
360 732 31
360 810 21
361 266 18
361 316 42
362 34 6
363 162 43
363 424 2
364 740 7
366 657 11
368 49 7
368 738 10
368 925 2
371 112 5
371 705 2
372 352 6
375 77 3
376 193 5
379 333 2
380 339 20
381 531 2
384 5 5
384 168 10
384 312 30
384 332 2
384 457 3
384 481 12
384 531 5
384 571 2
384 841 94984
384 962 5
385 2 2
385 75 2
385 213 10
385 214 2
385 513 6
385 563 2
386 64 9
386 73 2
386 158 15
386 160 2
386 206 3
386 275 4
386 681 39
386 846 2
386 912 2
387 147 2
387 545 376
388 332 2
391 8 2
391 461 2
391 800 4
392 336 7
392 553 3
393 461 28
393 577 4
394 80 7
394 590 124
395 4 7
395 558 3
395 647 232
396 6 215
396 536 9
396 546 2
396 777 4
396 915 31
397 132 6
397 305 5
397 518 2
399 9 2
400 10 40
400 21 2
400 144 3
400 712 4
401 16 7
401 58 3
401 277 13
401 284 145
401 673 21
401 932 4
402 68 9
402 80 2
402 769 2
403 20 27
403 98 228713
404 209 2
404 298 3
407 591 39
408 66 2
408 405 2
408 576 2
409 105 2
409 417 2
409 888 2
410 520 3
411 20 19
412 6 189
413 640 45
414 932 2
415 101 10
416 52 2
416 279 12
416 292 21
416 531 19
416 832 11
417 577 2
418 16 2
419 7 6
419 62 2
419 844 15
420 32 3
420 114 2
420 424 14
420 538 4
422 736 3
423 384 2
423 651 2
424 481 67
425 161 2
425 746 10
427 580 42
428 32 2
428 194 2
428 620 9
428 880 2
430 8 2
430 68 24
430 203 27
433 24 2
433 197 14
433 398 2
436 641 2
441 21 16
442 146 2
442 691 11
444 769 4
444 801 5
448 513 2
448 655 2
449 321 11
450 450 2
452 48 2
452 136 4
452 205 9
452 488 3
452 512 2
452 513 31
453 368 9
453 661 2
454 9 3
454 437 2
454 634 10
454 782 2
455 640 2
456 367 2
456 376 5
456 774 3
457 906 2
458 743 66
460 197 2
460 462 2
460 566 4
461 901 5
462 641 3
463 916 52
464 265 2
464 928 2
465 761 2
467 300 2
472 226 6
472 256 12
472 801 25
473 6 277
473 600 2
476 775 3
480 0 2
480 665 17
480 731 30
480 928 2
481 288 16
481 416 108
482 64 2
482 285 52
483 555 3
484 841 2
485 134 2
488 3 305
488 269 2
488 334 9
488 565 2
489 64 2
491 112 2
496 978 2
501 519 98
504 267 2
505 332 4
506 706 2
512 1 6
512 5 4
512 36 16
512 52 14
512 65 2
512 153 2
512 420 2
512 438 2
512 453 10
512 482 2
512 514 8
512 522 2
512 685 2
512 936 3
513 42 25
513 47 2
513 65 2
513 100 14
513 112 5
513 304 8
513 340 2
513 548 2
514 11 8
514 36 7
514 401 35
514 452 8
514 522 3
514 572 10
514 780 22
515 93 2
515 157 2
515 598 2
516 33 2
516 69 3
516 169 2
516 385 67
516 555 19
516 582 16
516 605 2
516 779 25
516 785 2
517 0 53
517 3 2
517 8 2
517 34 5
517 132 2
517 177 9
517 233 17
517 281 2
517 525 21
517 672 6
517 676 2
517 768 6
518 41 2
518 66 2
518 517 3
519 517 8
519 944 41
519 967 3
520 9 6
520 94 158962
520 164 2
520 296 4
520 328 2
520 436 4
520 785 2
520 812 2
520 896 2
521 131 2
521 229 5
521 450 9
521 546 18
521 554 6
521 560 5
521 609 2
522 1 2
522 121 326
522 234 23
522 549 11
523 650 8
524 159 2
524 520 6
525 134 2
525 820 2
526 776 15
527 36 3
527 713 5
528 10 2
528 33 2
528 36 14
528 97 28
528 144 2
528 171 6
528 512 2
528 580 8
528 582 5
528 611 35
528 720 2
528 801 14
529 16 11
529 148 2
529 260 23
529 423 2
529 520 4
529 737 2
529 836 2
530 20 8
530 522 2
530 696 4
532 11 2
532 134 4
532 292 7
532 550 15
532 853 2
533 5 2
533 37 2
533 787 17
534 6 4
534 425 2
534 786 5
534 928 3
536 244 2
536 412 5
536 687 6
536 902 2
537 99 11
537 138 7
537 257 3
537 478 3
538 74 2
538 84 2
541 344 5
541 793 6
544 6 17
544 21 2
544 24 362
544 160 3
544 416 2
544 429 2
544 536 8
544 542 4
544 551 2
544 597 7
544 718 3
545 226 6417
545 520 124
545 743 2
545 914 15
546 4 256
546 263 5
546 650 2
546 758 3
546 900 9
547 265 2
547 427 3
547 577 3
548 141 21
548 169 5
548 512 2
548 577 3
548 586 5
549 68 2
549 97 13
549 146 3
549 288 2
550 36 2
550 649 4
550 800 314
551 40 10541
551 89 12
552 136 4
552 640 7
553 36 2
553 933 2
554 4 3
554 137 12
555 52 2
556 409 2
557 15 9
557 400 13
557 512 17
557 557 4
557 770 14
557 938 6
559 557 2
560 18 4
560 32 10
560 96 461
560 104 3
560 168 7
560 354 19
561 10 3
561 444 6
561 521 220
561 786 2
561 993 2
562 162 3
562 977 2
562 992 404
563 20 5
563 410 2857
564 28 2
564 656 2
564 659 82
565 105 5
566 4 29
566 132 11
567 793 70
569 385 4
569 522 13
571 100 4
571 457 5
572 36 3
572 64 11
572 257 2
572 370 2
573 797 7
573 886 3
574 533 26
574 696 2
576 4 6
576 5 2
576 133 3
576 172 2
576 193 2
576 228 3
576 371 4
576 525 1439
576 547 8
576 607 2
577 72 2
577 222 18
577 292 2
577 401 2
577 577 6
577 661 2
577 997 3
578 26 2
578 96 15
578 136 2
578 554 17
578 572 3
578 575 6
579 80 12
579 136 9889
579 621 3
579 789 31
580 64 2
581 645 16
582 633 2
583 129 2
585 64 2
585 208 2
585 217 414
585 354 5
585 389 13
586 64 6
586 530 2
586 658 5
588 784 2
589 389 6
590 300 2
590 520 9
590 788 5
591 147 2
592 2 3
592 148 17
592 566 2
592 585 9
593 429 2
595 58 10
595 557 128
596 11 6
596 33 3
596 91 24
596 154 2
596 385 2
597 387 2
599 176 109
599 569 5
600 115 5
600 562 11
600 573 71
600 575 7
601 431 2
602 480 66
604 1006 4
605 80 122
606 281 2
606 807 2
607 288 2
607 393 14
608 176 18
608 522 3
608 576 2
608 648 2
609 28 3
609 210 2
609 225 2
609 768 3
610 24 2
611 125 4
612 170 11
612 534 334
613 840 2
614 265 6
614 936 4
617 374 2
618 70 3
618 1004 4
619 76 10
621 293 3
623 1000 3
624 579 2
625 5 19
625 261 39
626 8 25
626 104 2
626 528 2
626 608 2
627 418 2
627 769 2
627 977 9
629 528 3
635 546 3
638 161 16
640 4 10
640 6 9
640 16 3
640 160 3
640 181 3
640 246 2
640 258 26
640 369 2
640 421 2
640 467 3
640 584 3748
640 659 4
640 952 3
642 512 6
642 562 2
642 724 3
643 73 9
643 775 2
644 387 2
644 660 2
644 756 12
644 769 4
645 25 13
645 963 6
646 289 302
646 388 2
648 76 52
648 98 2
648 210 2
648 301 2
648 369 4
648 512 7
648 694 2
648 769 2
649 4 36
649 48 3
650 108 2
650 216 1200
650 953 7
651 290 12
652 257 2
652 594 2
654 129 2
654 565 8
655 384 2
655 761 11
656 3 3
656 278 2
656 370 2
656 833 2
658 10 2
658 26 4
658 226 7
658 640 16
660 52 6267
660 85 3
660 648 11
661 244 2
661 608 21
662 374 2
664 16 2
665 3 6
665 260 2
666 66 2
667 587 14
668 163 17
668 464 2
668 749 2
670 515 2
672 1 3
672 64 2
672 129 2
672 514 2
672 717 29
673 104 2
674 288 2
674 672 6
675 257 2
676 52 2
677 121 3
677 641 9
678 237 3
679 556 3
680 39 2
681 6 10
681 33 4
682 14 7
682 156 22
683 278 12
686 426 764
686 593 41
688 385 4
689 80 2
690 110 3
691 12 8
692 260 2
692 914 17
693 522 2
694 6 2
694 768 42
694 931 2
695 517 3
697 710 8
700 229 2
701 34 2
701 941 13
704 34 2
704 135 2
704 292 84
704 514 2
704 673 4
705 596 17
706 17 3
706 161 2
706 460 9
706 732 27
709 325 3
709 354 3
709 644 14
710 2 4
711 19 6
712 141 25
712 283 14
712 294 2
712 862 3
713 593 4
713 837 8543
716 98 2
716 339 4
716 649 2
716 842 2
719 512 26
720 7 89
720 144 3
720 803 19
721 0 2
721 104 2
721 323 14
721 584 2
722 82 15
722 100 11
722 146 2
722 258 2
722 393 585
722 464 12
723 142 6
724 596 2
725 44 426706
725 65 11
726 322 2
727 200 10
728 227 2
728 712 2
730 332 2
732 834 2
736 24 10
737 64 5
737 288 2
737 610 2
738 970 2
740 235 7
740 778 2
740 801 2
741 45 6
741 260 23
743 787 2
744 124 2
744 762 10
745 63 2
746 386 4
746 536 18
752 261 9
752 494 11
752 786 4
754 32 37
759 130 126
760 40 8
760 220 2
760 257 2
760 300 3
761 435 4
763 668 58
765 513 4
768 68 2
768 226 6
768 326 21839
768 502 7
768 608 3
768 666 6
768 736 845
768 738 4
769 34 15
769 277 2
769 350 2
769 640 32
769 773 7
770 67 2
770 211 10
770 256 2
770 515 5
770 663 2
771 128 9
771 793 35
771 800 2
772 32 18
772 130 5
773 1 2
774 8 4
775 48 2
775 921 2
776 101 5
776 155 5
776 586 2
776 697 2
777 6 2
777 84 3
777 318 2
778 330 2
778 389 179
780 16 9
780 193 4
780 707 2
780 901 11
781 496 8
782 405 2033
784 1 2
784 514 15
784 549 117
784 569 2
784 604 6
784 634 3
784 841 7
785 45 3
786 142 9
786 521 2
786 576 11441
786 914 4
787 199 2
788 25 5
788 324 7
792 274 2
792 540 2
792 594 3
793 52 7
793 498 2
793 628 2
795 422 405
795 661 2
798 776 11
799 433 7
800 9 55
800 45 2
800 73 2
800 97 9
800 133 32
800 824 15
801 34 2
801 312 2
801 592 4
801 642 3
802 660 10
802 769 290
803 512 9
804 0 14
804 433 5
804 779 41
805 387 5
805 781 2
806 43 3
806 134 5
806 232 6
806 326 2
808 302 16
808 526 12
808 777 2
808 937 3
808 945 11
810 17 2
810 394 2
810 416 2
812 778 252
814 161 2
814 264 5
814 905 6
816 24 2
817 784 2
818 253 188
819 69 2
821 236 2
824 392 2
824 609 16
824 978 2
832 16 3
832 21 7
832 30 2
832 43 4
832 281 8
832 304 2
832 328 2
832 427 2
833 999 7
834 32 4
834 104 4
834 148 2
834 912 3
835 264 8
835 392 2
835 583 3
836 388 2
836 485 45
838 785 9
840 106 2
840 545 13
840 800 2737
841 32 837
841 370 2
842 132 19
842 200 2
843 939 2
845 624 7
848 90 7
848 188 2
848 313 4
848 899 2
849 792 69
849 1018 2
850 776 3
851 195 2
852 2 8
852 72 2
852 824 2
854 681 7
856 256 9
856 866 6
857 42 153
862 130 7
863 516 20
864 23 41
864 786 151
867 998 40
868 332 4
870 68 13
871 264 2
872 32 2
872 50 35
872 165 68
873 9 11
874 360 1021
875 164 7
878 258 120
882 42 3
882 778 29
884 802 2
885 601 3
894 392 2
895 603 2
896 330 22
896 868 3
897 39 2
897 115 16
897 523 5
897 1002 3
898 699 2
899 537 28
899 736 2
900 4 206
900 162 1154
900 313 12
902 131 3
902 420 34
903 339 2
904 112 21
904 231 2
904 552 19
904 888 31
904 929 6
905 12 248
905 196 4
905 572 13
906 137 2
906 194 390
906 328 559
908 456 2
910 614 8
911 5 4
911 10 2
911 896 4
912 2 2
912 85 2
914 216 150
914 669 4
914 968 8
915 431 3
916 742 95
917 912 47
918 0 99
921 272 3
921 320 2
922 8 2
924 33 2
927 190 5
928 384 3
928 516 9
928 518 4
929 10 2
929 316 2
930 547 45
930 720 72
931 230 2
931 657 81
932 274 2
932 783 2
933 657 2
934 94 2
938 261 2
938 316 7
938 552 2
940 512 16
944 165 4
944 756 2
945 456 4795
946 205 2
947 568 2
948 9 13
951 818 5
952 37 4
953 905 2
954 22 2
956 846 4
958 844 3
960 358 2
961 131 2
961 291 2
961 333 3
961 472 2
961 481 2
965 937 14
966 29 67
966 192 8
966 197 6
966 555 2
968 51 7
968 352 4
968 360 2
969 769 2
970 180 2
975 205 2
976 321 2
976 779 8
977 22 14
977 34 2
977 549 2
978 817 4
984 324 2
984 483 3
985 268 2
986 772 2
987 962 2
988 366 118
990 35 2
996 36 11
998 179 9
1000 260 3
1001 286 6
1002 652 3
1002 912 3
1003 684 2
1004 129 3
1011 36 3
1013 316 59
1018 358 4
1020 371 2
1020 385 2
1021 643 2
