0 4 2
0 8 2
0 9 4
0 17 119
0 29 2
0 112 7
0 135 45
0 150 3
0 156 215
0 166 12
0 215 2
0 256 4
0 265 2
0 274 66
0 321 33
0 352 2
0 415 3
0 618 21285
0 670 2
0 674 2
0 679 8
0 704 89
0 843 16
0 902 8
0 917 2
1 7 2
1 15 2
1 30 45
1 37 13
1 135 17
1 228 2
1 292 2
1 357 2
1 481 5
1 565 12
1 644 2
1 768 2
1 825 2
1 920 2
2 0 648
2 3 484
2 8 2
2 48 2
2 132 3
2 167 3
2 260 5
2 328 2
2 523 98
2 826 15
3 24 2
3 131 2
3 272 4
3 277 7
3 530 11
3 592 7
3 652 4
3 817 8
4 0 13
4 4 2
4 15 2
4 24 4
4 50 2
4 60 2
4 64 2
4 284 2
4 293 6
4 368 2
4 517 211
4 683 11
4 774 14
4 808 196
5 584 13
5 887 19
6 148 12
6 212 8
6 259 6
6 267 3
6 268 4
6 466 2
6 512 314
6 798 4
6 1002 9
7 110 3
7 237 2
7 715 2
8 1 3
8 2 141
8 19 2
8 58 85
8 272 2
8 273 6
8 386 2
8 486 2
8 552 2
8 642 2
8 656 171
8 850 2
8 902 4
9 39 10
9 43 8
9 274 11
9 416 198
9 526 9
9 572 2
9 823 37249
9 907 2
10 75 10
10 84 51
10 160 3
10 208 2
10 518 2
10 523 7
10 584 4
10 599 2
10 680 4
11 204 4
11 752 4
12 24 5
12 55 2
12 116 3
12 269 2
12 366 2
12 634 2
12 781 2
13 66 7
13 192 3
13 320 2
13 780 2
14 127 4
14 152 6
14 210 6
14 376 10
14 616 7
15 352 2
15 659 7
15 854 4
16 9 12
16 24 10
16 132 2
16 148 2
16 643 61
16 806 2
17 48 7
17 129 461
17 258 17
18 51 2
18 203 2
18 215 19
18 290 2
18 641 7
18 645 3
19 24 2
19 709 28
20 10 3
20 28 2
20 36 2
20 176 3
20 194 2
20 323 2
20 786 16
21 116 25
21 258 2
21 308 9
22 24 4133
22 68 2
22 107 2
22 133 3
22 281 5
22 320 2
22 331 2
22 565 35
23 328 718
23 770 3
23 886 7
24 9 2
24 786 2
24 944 2
25 523 28
25 592 8
26 20 2
26 22 10
26 109 4
27 210 2
27 547 2
27 549 146
28 42 4
28 72 2
28 146 2
28 624 7
28 647 2
29 1 2
29 5 2
29 532 5
29 809 3
30 21 6
30 52 9
30 129 24
30 588 23
31 561 7
32 16 2
32 42 2
32 185 2
32 204 2
32 211 15
32 219 2
32 276 14
32 388 2
32 414 2
32 514 6
32 612 2
32 848 28
32 960 3
33 2 7
33 3 5
33 26 2
33 31 2
33 64 21
33 276 2
33 277 5
33 320 2
33 544 2
33 898 7
33 945 2
34 144 2
34 663 19
34 720 2
34 800 2
35 65 2
35 266 50
36 12 3
36 34 44
36 48 2
36 257 305
36 288 4789
36 320 5
36 448 6
36 555 6
36 705 18
37 2 6
37 13 10
37 364 12
37 520 35
37 594 9
37 640 2
37 673 13
38 1 16
38 180 4
38 204 2
38 544 3
39 3 19
39 48 2
39 520 9
39 982 58
40 9 6
40 20 21
40 39 2
40 65 9
40 256 2
40 512 2
40 528 2
40 605 2
40 672 4
40 756 35
40 761 4
40 840 7
40 980 2
41 96 2
41 263 2
41 276 5
41 321 2
41 513 3
41 987 2
42 42 8
42 140 2
42 329 2
42 411 2
42 839 11
43 1 2
44 10 4
44 12 431
44 47 3
44 430 28
44 524 22
44 794 2
45 23 2
45 50 14
45 74 2
45 266 2
45 615 2
45 808 2
45 844 15
46 57 7
47 80 2
47 1022 30
48 67 2
48 168 12
48 176 2
48 193 2
48 198 5
48 226 2
48 646 10
48 708 2
48 789 2
48 843 2
48 932 10
49 4 3
49 17 2
49 310 5
49 313 15
49 516 2
50 9 2
50 113 2
50 528 2
51 377 3
52 188 2
52 256 139
52 285 1406
52 899 2
53 146 7
53 245 2
54 112 22
54 718 2
55 278 4475
56 89 2
56 472 177
56 544 2
56 560 2
57 5 2
57 128 2
57 448 5
58 113 2
58 470 4
59 58 2
59 292 20
59 453 2
59 583 3
60 3 2
60 33 2
60 112 2
61 644 2
61 648 2
62 521 4
62 612 6
64 1 39
64 192 7
64 194 5
64 197 5
64 272 3
64 370 289341
64 465 2
64 481 97
64 514 2
64 686 467
64 756 2
64 771 2
64 780 2
64 790 4
65 25 4
65 61 10
65 96 6
65 104 2
65 218 144
65 265 16
65 274 39
65 421 105
65 515 10
65 571 3
65 614 4
66 140 15
67 2 4
67 16 8
67 20 2
67 37 39
67 73 1485
67 453 6
67 482 2
67 840 6
68 153 2
68 192 34
68 226 2
68 284 2
69 138 6
69 572 15
69 768 6
70 109 4
70 431 2
70 646 5
70 648 34
71 1 64
71 264 11
71 700 2
72 37 26
72 65 9
72 280 25
72 533 4
72 961 19
73 39 2
73 870 2
74 512 4
74 548 6
74 600 2
74 768 5
74 1012 49
75 259 3
75 576 2
76 76 896
76 84 7
76 133 9
76 262 3
76 586 17
76 855 2
77 256 47
77 267 8
78 288 7
78 517 2
78 784 5
78 919 17
79 165 4
79 386 2
80 82 3
80 132 2
80 211 9
80 528 3
80 677 13
80 920 5
81 807 11
81 852 5
82 280 2
82 283 10
83 115 3
83 124 2
83 304 2
83 617 2
83 784 3
84 64 2
84 74 2
84 216 125
85 65 2
87 353 5
87 462 95
87 512 11
88 330 2
88 782 3
89 2 4
89 76 2
90 20 5
90 274 2
90 843 11
90 977 2
91 154 32
91 652 6
91 951 6
92 91 2
93 49 18
93 134 2
93 669 2
94 954 11
95 20 7
95 34 3
96 32 2
96 103 2
96 148 45
96 208 2
96 220 3
96 276 2
96 304 42
96 547 2
96 776 3
96 820 10
97 18 28
97 48 4
97 130 5
97 144 76
97 167 7
97 286 3
97 473 3
97 525 12
98 352 7
98 401 3
98 928 2
99 117 3
99 134 2
99 249 2
100 128 2
100 294 25
100 768 11
100 901 3
101 70 2
101 124 2
101 161 12
101 392 2
101 599 19
102 6 6
102 166 3661
102 264 2
103 704 2
104 26 3
104 28 7
104 48 104938
104 64 2
104 132 12
104 313 14
104 673 2
105 3 3
105 296 2
105 779 4
106 516 3
106 652 2
107 3 6
107 129 5
108 133 2
108 514 14
108 825 30
109 707 14
111 12 11
112 0 10
112 1 14
112 3 2
112 28 42
112 84 5
112 165 2
112 776 2
114 68 8
114 416 533
114 452 13
114 497 2
114 872 2
116 33 4
117 803 3
119 446 2
119 836 2
120 0 2
120 76 2
121 536 2
122 185 27
122 294 62
123 600 4
124 304 2
124 348 2
125 268 5
128 10 969
128 58 2
128 134 33
128 200 2
128 208 18
128 320 17
128 362 8
128 375 2
128 433 3
128 628 62
129 0 7
129 10 2
129 37 2
129 39 34
129 163 8
129 584 6
130 78 2
130 272 2
130 273 2
130 520 5
130 532 5
130 540 3
130 772 2
130 980 2
131 581 45
132 6 7
132 17 2
132 94 2
132 137 30
132 372 2
132 516 2
132 713 2
132 916 286
132 957 8
133 23 2
133 614 6
134 67 2
134 84 10
134 224 2
134 377 8
134 390 14
134 516 5
134 768 6
135 258 15
136 21 4
136 39 16
136 81 2
136 160 12
136 657 3
136 684 11
136 831 2
137 148 2
137 256 2
137 259 10
137 678 3
137 778 6
138 266 8
138 415 68
138 590 3
138 902 4
139 87 2
139 426 2
139 865 2
140 72 4
140 135 2
140 143 4
140 168 8
140 464 2
140 724 3
140 776 2
141 2 2
141 521 3
141 954 2
142 641 16
143 116 2
143 187 12
143 286 2
144 68 27
144 248 13
144 257 3
144 433 2
144 520 2
145 1 6
145 2 16
145 67 7
145 94 4
145 216 50
145 273 2
145 392 7
145 513 2
145 576 2
146 69 12
146 146 4
146 396 5
146 910 2
147 513 435
147 522 27
148 24 2
148 130 5
148 139 2
148 146 2
148 278 3
148 515 3
148 912 3
149 20 3
149 633 186
150 141 3
150 656 2
151 132 494
151 207 16
151 250 3
153 26 2
153 151 23
153 171 2
153 592 40
153 598 116
153 833 3
153 961 2
156 54 3
156 521 3
156 814 50
158 104 9
159 526 2
160 34 6
160 144 2
160 452 17
160 644 2
160 801 5
161 21 6
161 40 6
161 326 6
161 524 50
161 576 2
161 898 13
162 160 2
162 290 2
162 306 4
162 517 2
163 361 2
163 601 8
164 34 2
164 38 3
164 87 2
164 217 44437
164 280 17
164 329 4
164 481 5
164 636 55
164 646 2
165 141 15
166 686 25
167 104 2
167 289 9
167 384 2322
167 456 2
167 712 2
168 8 56
168 52 2
168 67 3
168 68 6
168 98 2
168 480 5
169 25 2
169 72 2
169 351 2
169 514 187
171 144 70
171 810 2
172 32 25
172 569 2
172 664 2
174 493 2
174 582 2
175 863 3
176 32 4396
176 137 2
176 270 2
176 273 2
176 824 2
176 932 2
177 128 12
177 560 1366
177 611 16
177 744 2
178 100 6
178 144 6
178 580 14
178 797 2
179 429 2
180 152 2
180 600 2
180 973 2
181 97 8
181 331 2
181 768 27106
181 964 13
182 728 5
184 141 2
184 161 4
184 664 2
185 5 4
185 42 12
185 391 2
186 272 5
186 582 16
187 800 13
188 4 3
192 43 2
192 52 3
192 177 15
192 524 2
192 898 2
192 904 6
192 999 2
193 28 6
193 120 2
193 131 4
193 422 3
193 718 6
193 775 2
194 592 14
196 81 6
196 286 4
196 377 2
197 61 2
197 100 4
197 592 2
197 611 3
197 769 2
198 3 12
198 196 15
198 812 3
200 924 12
201 98 7
201 140 5
202 11 2
203 654 2
204 6 42
204 520 7
206 80 8
206 530 23
208 12 3
208 14 145
208 88 2
209 513 4
209 564 2
210 1 7
210 882 3
212 34 2
212 69 2
212 262 12
212 285 2
212 673 2
213 64 29
214 369 5
214 585 6
216 138 7
216 792 2
218 86 19
219 389 8
220 176 4
220 658 5
222 852 2
225 257 2
225 316 3
225 948 7
226 35 2
226 157 14
227 336 9
227 592 5
227 838 2
228 32 7
228 294 2
230 9 2
231 290 8
232 5 3
232 80 2
232 130 24
232 480 6
233 212 2
233 912 2
233 973 4
234 848 2
234 917 58
235 281 4
235 645 2
237 91 29
238 620 4427
239 370 14
240 18 11
240 66 5
240 799 14
240 914 4
241 206 10
241 245 15
242 156 2
244 33 2
244 932 2
245 705 43
246 64 61
248 0 2
248 290 15
248 557 2
248 902 8
250 46 6
256 1 2
256 5 24081
256 68 2
256 69 9
256 97 2
256 243 2
256 262 6
256 312 2
256 344 8
256 416 2
256 512 10
256 522 20
256 764 7
256 772 9
256 804 2
256 992 17
257 0 11
257 156 15
257 272 13
257 544 2
257 680 6
257 806 8
257 912 10
257 920 2
257 945 2
258 24 2
258 34 125
258 36 38
258 138 5
258 265 2
258 673 4
258 810 8
258 880 3
259 7 2
259 100 17
259 268 19
259 532 31
260 131 5
260 256 3
260 295 108
260 522 2
260 545 2
260 678 2
260 978 6
261 8 3
261 72 31
261 672 2
261 995 11
262 32 10
262 134 4
262 193 2
262 256 28
262 906 10
262 1013 31
264 1 17
264 4 17
264 296 35
264 320 2
264 568 5
265 264 2
265 339 2
266 56 2
266 272 6
266 326 8
266 336 1669
266 504 5
267 523 2
267 581 3
268 12 2
268 34 3
268 192 48
268 524 9
268 577 2
269 444 3
269 640 5
270 73 3
270 532 6
270 642 7
272 41 2
272 162 36
272 208 2
272 225 27
272 234 2
272 259 2
272 280 2
272 378 2
272 520 2
272 554 4
272 640 17
272 899 2
273 47 12
273 581 6
273 693 57
273 809 11
273 903 4
274 98 2
274 334 13
275 4 18
275 16 2
275 116 3
275 133 2
275 485 4
275 512 58
276 288 7
276 392 2
276 538 4
276 628 2
276 661 3
277 8 2
277 128 367
278 258 7
279 18 563
279 901 2
280 36 16
280 82 2
280 600 2
280 674 2
281 101 2
282 136 2
282 576 2
282 717 78
282 787 2
283 35 14
284 835 2
285 104 3
286 624 345
286 832 2
287 448 3
287 802 2
288 47 2
288 50 7
288 132 5
288 224 3
288 341 2
288 545 4
289 36 2
289 60 23
289 156 41
289 345 9
289 468 3
289 472 9
289 648 19
289 753 138
289 788 4
290 0 6
290 258 2
291 32 6
291 610 15
291 768 2
291 967 9
292 134 7
292 162 2
292 593 3
293 256 3
293 960 2
294 742 2
296 57 3
296 84 2
296 131 1489
296 231 9
296 260 2
296 288 13
296 336 1550
296 409 8
296 516 2
297 167 2
297 389 2
297 544 2
298 75 2
298 800 4
299 78 2
299 291 49
300 29 2
300 140 17
301 274 2
301 777 2
303 292 2
304 6 2
304 8 6
304 63 5
304 106 2
304 212 2
304 258 6
304 292 2
305 11 6
305 34 2
305 163 11
305 576 2
306 36 6
306 550 2
306 918 15
307 514 2
308 21 3
308 640 2
308 692 2
308 832 24
308 848 13
309 77 4
309 774 2
310 44 39
310 936 2
312 514 10
314 376 2
314 518 4
315 739 2
318 532 4
318 914 2
320 315 17
320 407 2
320 428 6
320 468 2
320 720 26
321 4 3
321 262 2
321 768 2
321 834 2
321 1008 6
322 0 3
322 80 4
322 196 2
322 899 3
322 902 9
323 515 3
324 16 2
324 106 599
324 167 11
324 179 485
324 200 25
324 513 5
324 530 2
325 74 2
325 145 4
325 192 12
325 720 11
326 11 2
326 16 3
326 32 7
326 116 2
326 280 2
327 698 3
329 35 2
329 258 3
329 836 13
330 204 2
331 512 38
332 456 4
332 643 2
334 265 4
334 288 2
336 18 11
336 100 822
336 576 3
336 632 4
337 352 2
337 833 3
338 33 3
338 169 6
339 42 2
340 0 2
340 106 7
340 704 9
340 763 3
341 576 2
342 15 42
342 168 9
342 272 9
343 475 2
344 188 2
344 676 14
345 32 9
345 728 2
346 11 5
347 149 11
347 296 7
347 313 5
348 128 638
348 395 2
349 12 4
352 409 2
352 419 2
352 514 10
352 680 28
352 794 226
353 684 2
354 25 2
354 30 2
354 288 2
354 836 2
354 969 11
355 134 2
355 634 18
356 800 51
357 433 2
357 641 23
357 690 2
358 3 3
358 168 2
358 197 2
360 555 25
360 732 2
360 810 2
361 266 2
361 316 2
362 34 2
363 162 10
363 424 2
364 740 19
366 657 31
368 49 4
368 738 35
368 925 142
371 112 3
371 705 20
372 352 5
375 77 2
376 193 2
379 333 2
380 339 1492
381 531 2
384 5 10
384 168 2
384 312 17
384 332 3
384 457 11
384 481 3
384 531 5
384 571 5
384 841 2
384 962 4
385 2 2
385 75 2
385 213 4
385 214 2
385 513 2
385 563 769
386 64 8
386 73 2
386 158 12
386 160 2
386 206 7
386 275 11
386 681 2
386 846 2
386 912 2
387 147 3
387 545 2
388 332 3
391 8 2
391 461 4
391 800 4
392 336 2
392 553 32
393 461 11
393 577 2
394 80 7
394 590 17
395 4 7
395 558 2
395 647 10
396 6 2
396 536 5
396 546 2
396 777 2
396 915 21
397 132 29
397 305 15
397 518 680
399 9 2
400 10 94
400 21 2
400 144 12
400 712 12
401 16 2
401 58 2
401 277 7
401 284 2
401 673 2
401 932 7
402 68 9
402 80 20
402 769 2
403 20 2
403 98 349392
404 209 4
404 298 2
407 591 2
408 66 2
408 405 2
408 576 4
409 105 2
409 417 2
409 888 2
410 520 9
411 20 10
412 6 3
413 640 9
414 932 2
415 101 2
416 52 2
416 279 10
416 292 16
416 531 12
416 832 10
417 577 119
418 16 6
419 7 10067
419 62 2
419 844 6
420 32 4
420 114 6
420 424 5
420 538 13
422 736 2
423 384 4
423 651 30
424 481 2
425 161 10
425 746 6
427 580 5
428 32 98
428 194 2
428 620 2
428 880 2
430 8 3
430 68 2
430 203 6
433 24 2
433 197 12
433 398 14
436 641 12
441 21 2
442 146 9
442 691 2
444 769 2
444 801 3
448 513 11
448 655 2
449 321 13
450 450 2
452 48 2
452 136 2
452 205 6
452 488 8
452 512 8
452 513 24
453 368 15
453 661 2
454 9 6132
454 437 2
454 634 4
454 782 13
455 640 92
456 367 2
456 376 4
456 774 2
457 906 3
458 743 2
460 197 2
460 462 2
460 566 389
461 901 5
462 641 2
463 916 2
464 265 3
464 928 2
465 761 15999
467 300 32
472 226 2
472 256 3
472 801 16
473 6 2
473 600 2
476 775 2
480 0 4536
480 665 2
480 731 53
480 928 3
481 288 47
481 416 4
482 64 56
482 285 2
483 555 7
484 841 3
485 134 2
488 3 2
488 269 2
488 334 8
488 565 11
489 64 26
491 112 6
496 978 2
501 519 1373
504 267 2
505 332 2
506 706 12
512 1 2
512 5 10
512 36 2
512 52 2
512 65 14
512 153 1718
512 420 2
512 438 2
512 453 4
512 482 4
512 514 3
512 522 2
512 685 2
512 936 12
513 42 1565
513 47 4
513 65 7
513 100 3
513 112 3
513 304 2
513 340 2
513 548 3
514 11 97
514 36 2
514 401 3
514 452 132
514 522 2
514 572 13
514 780 5
515 93 3
515 157 14
515 598 2
516 33 291
516 69 2
516 169 2
516 385 2
516 555 12
516 582 56
516 605 2
516 779 2
516 785 2
517 0 21
517 3 8
517 8 2
517 34 6
517 132 3
517 177 2
517 233 10
517 281 12556
517 525 8
517 672 5
517 676 37
517 768 15
518 41 8
518 66 50
518 517 2
519 517 2
519 944 2
519 967 11
520 9 30
520 94 5433
520 164 6
520 296 16
520 328 2
520 436 5
520 785 6
520 812 5
520 896 2
521 131 2
521 229 3
521 450 5
521 546 11
521 554 10
521 560 2
521 609 82
522 1 3
522 121 333
522 234 2
522 549 2
523 650 8
524 159 4
524 520 21
525 134 2
525 820 2
526 776 3
527 36 34940
527 713 19
528 10 151
528 33 29
528 36 2
528 97 33
528 144 2
528 171 2
528 512 2
528 580 2
528 582 2
528 611 2
528 720 101
528 801 37
529 16 14
529 148 2
529 260 2
529 423 4
529 520 2
529 737 3
529 836 2687
530 20 2
530 522 3
530 696 6
532 11 4
532 134 2
532 292 2
532 550 24
532 853 2
533 5 26
533 37 2
533 787 2
534 6 3
534 425 3
534 786 5
534 928 4
536 244 19
536 412 4
536 687 16
536 902 8
537 99 5
537 138 2
537 257 108
537 478 9
538 74 57
538 84 581
541 344 14
541 793 2
544 6 70
544 21 8
544 24 2
544 160 2
544 416 2
544 429 60
544 536 2
544 542 119
544 551 2
544 597 2
544 718 2
545 226 2
545 520 2
545 743 5
545 914 7
546 4 2
546 263 2
546 650 2
546 758 2
546 900 10
547 265 8
547 427 2
547 577 2
548 141 18
548 169 2
548 512 7
548 577 61
548 586 3
549 68 16
549 97 3
549 146 2
549 288 8
550 36 2
550 649 4
550 800 2
551 40 2
551 89 7
552 136 2
552 640 2
553 36 2
553 933 2
554 4 4
554 137 2
555 52 2
556 409 950
557 15 4
557 400 5
557 512 4
557 557 14
557 770 7
557 938 2
559 557 72
560 18 11
560 32 2
560 96 2
560 104 2
560 168 2
560 354 10
561 10 2
561 444 7
561 521 2
561 786 2
561 993 16
562 162 4
562 977 74
562 992 3
563 20 2
563 410 11
564 28 2
564 656 378
564 659 45
565 105 5
566 4 9
566 132 11
567 793 2
569 385 2
569 522 231214
571 100 2
571 457 2
572 36 16
572 64 7
572 257 3
572 370 3
573 797 5
573 886 5
574 533 3
574 696 263
576 4 2
576 5 26
576 133 7
576 172 356
576 193 3
576 228 7
576 371 17
576 525 2
576 547 2
576 607 109
577 72 36
577 222 3
577 292 2
577 401 9
577 577 6
577 661 2
577 997 7
578 26 2
578 96 2
578 136 2
578 554 2
578 572 3
578 575 94
579 80 7
579 136 2
579 621 3
579 789 4
580 64 3
581 645 8
582 633 26
583 129 2
585 64 2
585 208 2
585 217 11
585 354 2
585 389 13
586 64 2
586 530 2
586 658 2
588 784 3
589 389 5
590 300 2
590 520 4
590 788 24
591 147 202
592 2 2
592 148 2
592 566 112
592 585 789
593 429 2
595 58 5
595 557 75
596 11 2
596 33 25
596 91 31
596 154 2
596 385 82
597 387 10
599 176 1441
599 569 2
600 115 3
600 562 2
600 573 114
600 575 14
601 431 13
602 480 2
604 1006 7
605 80 67
606 281 2
606 807 4
607 288 6
607 393 628
608 176 3
608 522 4
608 576 2
608 648 2
609 28 2
609 210 10
609 225 2
609 768 2
610 24 5
611 125 2
612 170 12
612 534 366
613 840 2
614 265 2
614 936 63
617 374 37
618 70 5
618 1004 3
619 76 2
621 293 2
623 1000 13
624 579 2
625 5 18
625 261 1045
626 8 7
626 104 2
626 528 32
626 608 6
627 418 9
627 769 688
627 977 3
629 528 2
635 546 8
638 161 2
640 4 2
640 6 7
640 16 10
640 160 2
640 181 63
640 246 70
640 258 2
640 369 2
640 421 2
640 467 3
640 584 2
640 659 17
640 952 11
642 512 9
642 562 2
642 724 7
643 73 24
643 775 35
644 387 2
644 660 2125
644 756 2
644 769 2
645 25 7
645 963 3
646 289 236
646 388 2
648 76 2
648 98 2
648 210 3
648 301 269
648 369 2
648 512 5
648 694 2
648 769 2
649 4 101
649 48 2
650 108 59
650 216 12
650 953 2
651 290 2
652 257 2
652 594 24
654 129 2
654 565 5
655 384 2
655 761 10
656 3 4
656 278 2
656 370 2
656 833 43
658 10 2
658 26 3
658 226 1245
658 640 18
660 52 266
660 85 6
660 648 3
661 244 28
661 608 3
662 374 454
664 16 2
665 3 2
665 260 2
666 66 2
667 587 4
668 163 2
668 464 5
668 749 2
670 515 22
672 1 7
672 64 27
672 129 29
672 514 2
672 717 2
673 104 2677
674 288 11
674 672 2
675 257 2
676 52 16
677 121 2
677 641 6
678 237 2
679 556 5
680 39 6
681 6 8
681 33 2
682 14 4
682 156 25
683 278 10
686 426 9
686 593 2
688 385 4
689 80 2
690 110 82
691 12 3
692 260 3
692 914 42
693 522 11
694 6 2
694 768 23
694 931 5
695 517 4
697 710 17
700 229 2
701 34 6
701 941 2
704 34 4
704 135 2
704 292 4
704 514 2
704 673 6
705 596 26
706 17 2
706 161 2
706 460 3077
706 732 2
709 325 4
709 354 5
709 644 12
710 2 13
711 19 7
712 141 23
712 283 8
712 294 2
712 862 8
713 593 26
713 837 23
716 98 4
716 339 8
716 649 6
716 842 2
719 512 2
720 7 2
720 144 2
720 803 108
721 0 344121
721 104 9
721 323 32
721 584 4
722 82 4
722 100 3
722 146 10
722 258 128
722 393 2
722 464 3
723 142 11
724 596 3
725 44 2
725 65 23
726 322 667
727 200 2
728 227 2
728 712 319851
730 332 10
732 834 55
736 24 37
737 64 12
737 288 2
737 610 2
738 970 117
740 235 2
740 778 21
740 801 618
741 45 9
741 260 12
743 787 2
744 124 64
744 762 17
745 63 2306
746 386 21
746 536 47
752 261 26
752 494 13
752 786 3
754 32 25125
759 130 2
760 40 7
760 220 469
760 257 2
760 300 3
761 435 2
763 668 794
765 513 7
768 68 3
768 226 3
768 326 1537
768 502 6
768 608 2
768 666 4
768 736 25234
768 738 2
769 34 35
769 277 274
769 350 2
769 640 272
769 773 2
770 67 3
770 211 7
770 256 2
770 515 11
770 663 2
771 128 15
771 793 58
771 800 25
772 32 2
772 130 4
773 1 7
774 8 10
775 48 5
775 921 2
776 101 2
776 155 6
776 586 3
776 697 2
777 6 4
777 84 2
777 318 2
778 330 52
778 389 2
780 16 4
780 193 112
780 707 3
780 901 5
781 496 26
782 405 2067
784 1 518
784 514 2
784 549 6
784 569 3
784 604 4
784 634 4
784 841 2
785 45 3
786 142 2
786 521 2
786 576 7
786 914 4
787 199 2
788 25 8
788 324 10
792 274 2
792 540 4
792 594 4
793 52 3
793 498 16
793 628 19
795 422 3
795 661 2
798 776 2
799 433 4
800 9 2646
800 45 9
800 73 3
800 97 7
800 133 26
800 824 3
801 34 2
801 312 3
801 592 13
801 642 2
802 660 15
802 769 8
803 512 4
804 0 6
804 433 2
804 779 2
805 387 4
805 781 2
806 43 3
806 134 8
806 232 11
806 326 9
808 302 37
808 526 6
808 777 7
808 937 3
808 945 6
810 17 60
810 394 10
810 416 16
812 778 2
814 161 7
814 264 2
814 905 13
816 24 293
817 784 6
818 253 2
819 69 20
821 236 3
824 392 3
824 609 6
824 978 3
832 16 9
832 21 2
832 30 2
832 43 103
832 281 14
832 304 2
832 328 2
832 427 2
833 999 20
834 32 2
834 104 2
834 148 2
834 912 2
835 264 2
835 392 9784
835 583 31
836 388 5
836 485 2
838 785 16
840 106 4
840 545 2
840 800 2
841 32 2
841 370 689
842 132 9
842 200 451
843 939 12
845 624 5
848 90 7
848 188 2
848 313 2
848 899 5
849 792 4
849 1018 9
850 776 14
851 195 2
852 2 7
852 72 2
852 824 4
854 681 5
856 256 2
856 866 10
857 42 2
862 130 6
863 516 44
864 23 8
864 786 2
867 998 12
868 332 3
870 68 2
871 264 3
872 32 2
872 50 18
872 165 22264
873 9 2
874 360 2
875 164 2
878 258 2
882 42 232
882 778 2
884 802 55
885 601 37
894 392 3
895 603 2
896 330 16
896 868 4
897 39 2
897 115 6
897 523 33
897 1002 14
898 699 40
899 537 13
899 736 54
900 4 2
900 162 2
900 313 2
902 131 2
902 420 3
903 339 2
904 112 92
904 231 2
904 552 3
904 888 7
904 929 2
905 12 2
905 196 9
905 572 5
906 137 6013
906 194 4
906 328 1065
908 456 4
910 614 11
911 5 3
911 10 2
911 896 2
912 2 1126
912 85 10
914 216 2
914 669 22
914 968 12
915 431 10
916 742 3
917 912 2
918 0 2
921 272 2
921 320 2
922 8 9
924 33 19
927 190 15
928 384 5
928 516 2
928 518 69
929 10 2
929 316 2
930 547 6
930 720 2
931 230 27
931 657 4
932 274 2
932 783 4
933 657 2
934 94 8
938 261 2
938 316 5
938 552 12
940 512 5
944 165 2
944 756 4
945 456 11
946 205 9
947 568 11
948 9 95
951 818 17
952 37 2
953 905 1938
954 22 2
956 846 2
958 844 23
960 358 3
961 131 2
961 291 4
961 333 24
961 472 8
961 481 17
965 937 2
966 29 2
966 192 6
966 197 2
966 555 3
968 51 2
968 352 16
968 360 2
969 769 2
970 180 2
975 205 21
976 321 2
976 779 9
977 22 3
977 34 36
977 549 2
978 817 2
984 324 25
984 483 8
985 268 46
986 772 2
987 962 2
988 366 2
990 35 5
996 36 13
998 179 14
1000 260 16
1001 286 8
1002 652 2
1002 912 2
1003 684 2
1004 129 13
1011 36 12
1013 316 2
1018 358 2
1020 371 386
1020 385 2
1021 643 489
