0 4 2
0 8 2
0 9 5
0 17 4
0 29 69
0 112 127
0 135 9
0 150 2
0 156 2
0 166 2
0 215 91751
0 256 10
0 265 2
0 274 390
0 321 2
0 352 2
0 415 2
0 618 2
0 670 5
0 674 2
0 679 34
0 704 2
0 843 8
0 902 2
0 917 1074
1 7 44
1 15 29
1 30 7
1 37 2
1 135 10
1 228 36
1 292 5
1 357 6
1 481 5
1 565 2
1 644 4
1 768 9
1 825 2
1 920 2
2 0 2
2 3 1425
2 8 2
2 48 2
2 132 2
2 167 8
2 260 2
2 328 2
2 523 2
2 826 8
3 24 2
3 131 2
3 272 2
3 277 2
3 530 8
3 592 3
3 652 48
3 817 2
4 0 12
4 4 5
4 15 2
4 24 4
4 50 13
4 60 5
4 64 106
4 284 6
4 293 47
4 368 2
4 517 2
4 683 4
4 774 14
4 808 3
5 584 14
5 887 50
6 148 9
6 212 14
6 259 5
6 267 3
6 268 8
6 466 3
6 512 3
6 798 2
6 1002 2
7 110 2
7 237 3
7 715 246
8 1 2
8 2 10
8 19 2
8 58 5
8 272 5
8 273 22
8 386 5
8 486 16
8 552 10
8 642 9884
8 656 2
8 850 14
8 902 2
9 39 15
9 43 8
9 274 2
9 416 5
9 526 2
9 572 51
9 823 2751
9 907 4
10 75 10
10 84 32
10 160 2
10 208 26
10 518 2
10 523 2
10 584 6
10 599 20
10 680 5
11 204 10
11 752 5
12 24 2
12 55 4
12 116 273462
12 269 2
12 366 77
12 634 2
12 781 2
13 66 6
13 192 18
13 320 2
13 780 3
14 127 2
14 152 2
14 210 2
14 376 5
14 616 46
15 352 2
15 659 3
15 854 2
16 9 2
16 24 6
16 132 4
16 148 2
16 643 16
16 806 16
17 48 13
17 129 2
17 258 12
18 51 174
18 203 4
18 215 2
18 290 62
18 641 2
18 645 3
19 24 198
19 709 3
20 10 2
20 28 4
20 36 2
20 176 9
20 194 6
20 323 138
20 786 6
21 116 4
21 258 2
21 308 3
22 24 2
22 68 4
22 107 11464
22 133 18
22 281 4
22 320 4
22 331 13
22 565 2
23 328 7
23 770 5
23 886 6
24 9 2
24 786 6
24 944 54
25 523 3
25 592 3
26 20 11
26 22 10
26 109 5
27 210 2
27 547 2
27 549 2
28 42 2
28 72 33
28 146 150
28 624 2
28 647 7
29 1 3
29 5 7
29 532 4
29 809 14
30 21 8
30 52 6
30 129 110
30 588 24
31 561 4
32 16 2
32 42 7
32 185 11
32 204 2
32 211 2
32 219 2
32 276 2
32 388 3
32 414 2
32 514 25
32 612 92
32 848 3
32 960 1173
33 2 2
33 3 8
33 26 12
33 31 4
33 64 2
33 276 2
33 277 10
33 320 11
33 544 9
33 898 2
33 945 3
34 144 12
34 663 17
34 720 34
34 800 2
35 65 3
35 266 14
36 12 2
36 34 8
36 48 2
36 257 2
36 288 29
36 320 5
36 448 5
36 555 20
36 705 2
37 2 10
37 13 2
37 364 19
37 520 2
37 594 4
37 640 8
37 673 2
38 1 36
38 180 11
38 204 2
38 544 2
39 3 3
39 48 2
39 520 2
39 982 2
40 9 21
40 20 2
40 39 2
40 65 2
40 256 2
40 512 2
40 528 2
40 605 129
40 672 6
40 756 3
40 761 5
40 840 4
40 980 129
41 96 2
41 263 7
41 276 3
41 321 314
41 513 3
41 987 19
42 42 17
42 140 17
42 329 2
42 411 2
42 839 3
43 1 5
44 10 2
44 12 2
44 47 31
44 430 4
44 524 2
44 794 7
45 23 3
45 50 7
45 74 3
45 266 2
45 615 2
45 808 2
45 844 2
46 57 9
47 80 2
47 1022 6
48 67 2
48 168 3
48 176 7
48 193 6
48 198 15
48 226 2
48 646 54
48 708 3
48 789 2
48 843 2
48 932 3
49 4 46
49 17 4
49 310 2
49 313 97
49 516 33
50 9 2
50 113 15
50 528 23456
51 377 5
52 188 42
52 256 3
52 285 11
52 899 7222
53 146 60
53 245 4
54 112 2
54 718 3
55 278 2
56 89 57
56 472 444
56 544 2
56 560 2
57 5 13
57 128 3
57 448 2
58 113 2
58 470 4
59 58 58
59 292 4
59 453 2
59 583 5
60 3 2
60 33 6
60 112 2
61 644 2
61 648 2
62 521 2
62 612 3
64 1 5
64 192 7
64 194 5
64 197 5
64 272 45
64 370 627
64 465 2
64 481 4
64 514 17
64 686 2
64 756 2
64 771 12586
64 780 5
64 790 7
65 25 5
65 61 2
65 96 3
65 104 2
65 218 35
65 265 77
65 274 4
65 421 2
65 515 13
65 571 4
65 614 10
66 140 2
67 2 4
67 16 5
67 20 2
67 37 3
67 73 75
67 453 185
67 482 2
67 840 23
68 153 2
68 192 2
68 226 4
68 284 7
69 138 3
69 572 9
69 768 5
70 109 2
70 431 3
70 646 3
70 648 3
71 1 2
71 264 6
71 700 2
72 37 4
72 65 11
72 280 10
72 533 2
72 961 2
73 39 2
73 870 12
74 512 3
74 548 9
74 600 1642
74 768 7
74 1012 5
75 259 78
75 576 378
76 76 5
76 84 4
76 133 5
76 262 2
76 586 2
76 855 4
77 256 5
77 267 3
78 288 25
78 517 3
78 784 14
78 919 13
79 165 8
79 386 2
80 82 3
80 132 2
80 211 13
80 528 3
80 677 2
80 920 5
81 807 40
81 852 6
82 280 4
82 283 2
83 115 15
83 124 5
83 304 2
83 617 2
83 784 31
84 64 24
84 74 3
84 216 5
85 65 2
87 353 3
87 462 2
87 512 8
88 330 7
88 782 4
89 2 2
89 76 5
90 20 2
90 274 2
90 843 3
90 977 5
91 154 4
91 652 8
91 951 3
92 91 2
93 49 8
93 134 38
93 669 2
94 954 6
95 20 13
95 34 15
96 32 7
96 103 2
96 148 14
96 208 7
96 220 8
96 276 2
96 304 9
96 547 3
96 776 12
96 820 3
97 18 26
97 48 8
97 130 10
97 144 19
97 167 2
97 286 2
97 473 11
97 525 16
98 352 2
98 401 2
98 928 2
99 117 36
99 134 2
99 249 49
100 128 2
100 294 16
100 768 3
100 901 14
101 70 6
101 124 188
101 161 3
101 392 24
101 599 8
102 6 3
102 166 2
102 264 6
103 704 4
104 26 4
104 28 57
104 48 7919
104 64 30
104 132 6
104 313 7
104 673 2
105 3 2
105 296 84
105 779 2
106 516 16
106 652 301
107 3 2
107 129 9
108 133 2
108 514 2
108 825 3
109 707 21
111 12 5
112 0 87
112 1 3
112 3 79
112 28 5
112 84 6
112 165 13
112 776 15
114 68 4
114 416 7
114 452 6
114 497 4
114 872 28
116 33 11
117 803 2
119 446 44
119 836 1000
120 0 87
120 76 5
121 536 35
122 185 44
122 294 2
123 600 2
124 304 2
124 348 2
125 268 400
128 10 199
128 58 2
128 134 2
128 200 2
128 208 7
128 320 6
128 362 7
128 375 3
128 433 2
128 628 1492
129 0 2
129 10 2
129 37 2
129 39 14
129 163 2
129 584 7
130 78 2
130 272 7
130 273 2
130 520 9
130 532 2
130 540 4
130 772 9
130 980 2
131 581 11420
132 6 2
132 17 2
132 94 2
132 137 14
132 372 2
132 516 3
132 713 3
132 916 8
132 957 2
133 23 4
133 614 7
134 67 3
134 84 2
134 224 2
134 377 7
134 390 6
134 516 2
134 768 68
135 258 2
136 21 6
136 39 14
136 81 2
136 160 2
136 657 5
136 684 2
136 831 2
137 148 4
137 256 13
137 259 36
137 678 5
137 778 2
138 266 2
138 415 2
138 590 24
138 902 3
139 87 2
139 426 2
139 865 2
140 72 2
140 135 2
140 143 34
140 168 2
140 464 7
140 724 8
140 776 2
141 2 8
141 521 5
141 954 3
142 641 10
143 116 95786334
143 187 2
143 286 2
144 68 3
144 248 9
144 257 3
144 433 2
144 520 2
145 1 160
145 2 2
145 67 14
145 94 2
145 216 2
145 273 4
145 392 15
145 513 2
145 576 4
146 69 3
146 146 2
146 396 2
146 910 2
147 513 26
147 522 2
148 24 8
148 130 6
148 139 2
148 146 2
148 278 2
148 515 32
148 912 38
149 20 3
149 633 2
150 141 19
150 656 2
151 132 50
151 207 18
151 250 2
153 26 2
153 151 7
153 171 4
153 592 2
153 598 2
153 833 6
153 961 10
156 54 3
156 521 3
156 814 19
158 104 2
159 526 3
160 34 2
160 144 8
160 452 18
160 644 35
160 801 2
161 21 4
161 40 4
161 326 12
161 524 7
161 576 209
161 898 12
162 160 2
162 290 42
162 306 9
162 517 94
163 361 5
163 601 4
164 34 2
164 38 243
164 87 2
164 217 7
164 280 4
164 329 6
164 481 6
164 636 3
164 646 2
165 141 3
166 686 40
167 104 4
167 289 2
167 384 9
167 456 7
167 712 2
168 8 2
168 52 2
168 67 4
168 68 3
168 98 201
168 480 79
169 25 3
169 72 2
169 351 4
169 514 8
171 144 2
171 810 14
172 32 3
172 569 2
172 664 3
174 493 2
174 582 2
175 863 9
176 32 321
176 137 168
176 270 2
176 273 2
176 824 2
176 932 4
177 128 6
177 560 18
177 611 17
177 744 4
178 100 5
178 144 2
178 580 10
178 797 2
179 429 5
180 152 2
180 600 8
180 973 2
181 97 4
181 331 2
181 768 2
181 964 16
182 728 19
184 141 2
184 161 2
184 664 2
185 5 2
185 42 2
185 391 2
186 272 4
186 582 11
187 800 16
188 4 2
192 43 702
192 52 2
192 177 16
192 524 9
192 898 339
192 904 2
192 999 2
193 28 3
193 120 3
193 131 47
193 422 2
193 718 7
193 775 11
194 592 35
196 81 15
196 286 2
196 377 12
197 61 61
197 100 10
197 592 3
197 611 7
197 769 146
198 3 4
198 196 13
198 812 4
200 924 2
201 98 3
201 140 7
202 11 5
203 654 2
204 6 3
204 520 2
206 80 2
206 530 4
208 12 3
208 14 186
208 88 22
209 513 15
209 564 3
210 1 15
210 882 148
212 34 9
212 69 2
212 262 3
212 285 7
212 673 45
213 64 11
214 369 2
214 585 2
216 138 5
216 792 5
218 86 2
219 389 7
220 176 9
220 658 3
222 852 2
225 257 42
225 316 2
225 948 3
226 35 8
226 157 21
227 336 3
227 592 8
227 838 17
228 32 2
228 294 2
230 9 2
231 290 105
232 5 88
232 80 5
232 130 2
232 480 8
233 212 2
233 912 2
233 973 5
234 848 546
234 917 2
235 281 4
235 645 3
237 91 2
238 620 15
239 370 14
240 18 5
240 66 8
240 799 2
240 914 2
241 206 2
241 245 9
242 156 2
244 33 2
244 932 2
245 705 19
246 64 3
248 0 7
248 290 3
248 557 3
248 902 5
250 46 55
256 1 3
256 5 6
256 68 2
256 69 2
256 97 2
256 243 37874
256 262 2
256 312 2
256 344 7
256 416 2
256 512 2
256 522 795
256 764 2
256 772 2
256 804 2
256 992 2
257 0 6
257 156 70
257 272 2
257 544 10
257 680 4
257 806 2
257 912 20
257 920 3
257 945 2
258 24 2
258 34 12
258 36 13
258 138 11
258 265 2
258 673 2
258 810 4
258 880 4
259 7 2
259 100 5
259 268 2
259 532 2
260 131 4
260 256 16
260 295 549
260 522 2
260 545 2
260 678 7
260 978 13
261 8 2
261 72 2
261 672 2
261 995 12
262 32 7
262 134 5
262 193 3789
262 256 53
262 906 13
262 1013 4
264 1 3
264 4 2
264 296 2
264 320 2
264 568 2
265 264 2
265 339 2
266 56 1845
266 272 3
266 326 2
266 336 2
266 504 6
267 523 7
267 581 2
268 12 3
268 34 4
268 192 3
268 524 20
268 577 2
269 444 2
269 640 2
270 73 3
270 532 20
270 642 7
272 41 3
272 162 3
272 208 2
272 225 5
272 234 2
272 259 2
272 280 2
272 378 2
272 520 5
272 554 14
272 640 7
272 899 55
273 47 12
273 581 8
273 693 3
273 809 5
273 903 2
274 98 44
274 334 6
275 4 2
275 16 2
275 116 2
275 133 3
275 485 7
275 512 576
276 288 3
276 392 2
276 538 2
276 628 2
276 661 84
277 8 2
277 128 2
278 258 2
279 18 6
279 901 6
280 36 2
280 82 4
280 600 20
280 674 2
281 101 7
282 136 2
282 576 2
282 717 2
282 787 3
283 35 2
284 835 9
285 104 2
286 624 2
286 832 33
287 448 6
287 802 12
288 47 5
288 50 39
288 132 13
288 224 4
288 341 2
288 545 9
289 36 2
289 60 83
289 156 9
289 345 8
289 468 5
289 472 9
289 648 9
289 753 4
289 788 19
290 0 6
290 258 26
291 32 3
291 610 10
291 768 2
291 967 2
292 134 4
292 162 2
292 593 3
293 256 7
293 960 3
294 742 2
296 57 2
296 84 8
296 131 2
296 231 4
296 260 2
296 288 2
296 336 75
296 409 7
296 516 10
297 167 4
297 389 2
297 544 4
298 75 8
298 800 13
299 78 3
299 291 7
300 29 4
300 140 8
301 274 2
301 777 3
303 292 2
304 6 4
304 8 3
304 63 4
304 106 2
304 212 46
304 258 2
304 292 3
305 11 6
305 34 28
305 163 7
305 576 60
306 36 2
306 550 4
306 918 2
307 514 41
308 21 2
308 640 7
308 692 2
308 832 3
308 848 11
309 77 23
309 774 9
310 44 3
310 936 2
312 514 12
314 376 8
314 518 2
315 739 12
318 532 2
318 914 2
320 315 6
320 407 9
320 428 190
320 468 2
320 720 9
321 4 3
321 262 2
321 768 3
321 834 2
321 1008 7
322 0 2
322 80 2
322 196 2
322 899 10
322 902 2
323 515 2
324 16 1587929
324 106 6
324 167 13
324 179 15
324 200 13
324 513 4
324 530 7
325 74 3587
325 145 2
325 192 3
325 720 5
326 11 2
326 16 7
326 32 65
326 116 23
326 280 2
327 698 8
329 35 5
329 258 2
329 836 7
330 204 6
331 512 2
332 456 18
332 643 4
334 265 3
334 288 910
336 18 5
336 100 2
336 576 62
336 632 5
337 352 36
337 833 477
338 33 6
338 169 2
339 42 8
340 0 25
340 106 15
340 704 4
340 763 4
341 576 4
342 15 6
342 168 4
342 272 5
343 475 13
344 188 2
344 676 18
345 32 2
345 728 2
346 11 3
347 149 4
347 296 17
347 313 2
348 128 2
348 395 10
349 12 2
352 409 101
352 419 2
352 514 5
352 680 3
352 794 2
353 684 28
354 25 2
354 30 2
354 288 11
354 836 4
354 969 5
355 134 10
355 634 16
356 800 3
357 433 10
357 641 26
357 690 7
358 3 2
358 168 2
358 197 2
360 555 25
360 732 2
360 810 8
361 266 1005
361 316 2
362 34 4
363 162 7
363 424 10
364 740 132
366 657 7
368 49 5
368 738 51
368 925 2
371 112 2
371 705 13
372 352 2
375 77 15
376 193 5
379 333 2
380 339 133
381 531 21
384 5 18
384 168 3
384 312 14
384 332 2
384 457 17
384 481 21
384 531 6
384 571 2
384 841 3
384 962 4
385 2 4
385 75 3
385 213 2
385 214 11
385 513 4
385 563 14
386 64 5
386 73 2
386 158 28
386 160 18
386 206 2
386 275 2
386 681 2
386 846 5
386 912 3
387 147 12
387 545 6
388 332 8
391 8 2
391 461 5
391 800 2
392 336 4
392 553 2
393 461 2
393 577 3
394 80 11
394 590 37
395 4 4
395 558 3
395 647 2
396 6 388
396 536 5
396 546 2
396 777 2
396 915 10
397 132 2
397 305 3
397 518 2
399 9 2
400 10 3
400 21 143
400 144 2
400 712 7
401 16 101
401 58 2
401 277 9
401 284 193
401 673 5
401 932 4
402 68 9
402 80 2
402 769 110
403 20 2
403 98 2
404 209 2
404 298 2
407 591 2
408 66 223
408 405 2
408 576 2
409 105 2
409 417 4
409 888 29
410 520 6
411 20 4
412 6 2
413 640 2
414 932 3
415 101 6
416 52 2
416 279 16
416 292 10
416 531 6
416 832 7
417 577 49
418 16 2
419 7 2
419 62 10
419 844 14
420 32 8
420 114 1197
420 424 13
420 538 2
422 736 6
423 384 4
423 651 2
424 481 7
425 161 7
425 746 2
427 580 2
428 32 2
428 194 11
428 620 12
428 880 2
430 8 23
430 68 2
430 203 2
433 24 2
433 197 9
433 398 14
436 641 2
441 21 2
442 146 5
442 691 2
444 769 20
444 801 3
448 513 25
448 655 2
449 321 44
450 450 18
452 48 3
452 136 5
452 205 2
452 488 5
452 512 2
452 513 7
453 368 20
453 661 170
454 9 2
454 437 4
454 634 3
454 782 2
455 640 2
456 367 2
456 376 2
456 774 2
457 906 2
458 743 2
460 197 3
460 462 173
460 566 4
461 901 9
462 641 2
463 916 2
464 265 2
464 928 2
465 761 2
467 300 7
472 226 5
472 256 2
472 801 9
473 6 2
473 600 3
476 775 10
480 0 6
480 665 28
480 731 7
480 928 3
481 288 2
481 416 1157
482 64 15
482 285 7
483 555 4
484 841 3
485 134 6
488 3 191
488 269 9
488 334 36
488 565 38
489 64 33
491 112 12
496 978 5
501 519 2
504 267 2
505 332 55
506 706 3670
512 1 2
512 5 7
512 36 1579
512 52 4
512 65 2
512 153 4
512 420 2
512 438 2
512 453 14
512 482 4
512 514 3
512 522 2
512 685 10
512 936 37
513 42 2
513 47 3
513 65 2
513 100 2
513 112 6
513 304 2
513 340 2
513 548 2
514 11 15
514 36 3
514 401 2
514 452 2
514 522 8
514 572 9
514 780 37
515 93 3
515 157 2
515 598 5
516 33 2
516 69 2
516 169 4
516 385 2
516 555 2
516 582 41
516 605 2
516 779 2
516 785 9
517 0 3222
517 3 10
517 8 2
517 34 3
517 132 12
517 177 19
517 233 2
517 281 2
517 525 2
517 672 5
517 676 2
517 768 13
518 41 2
518 66 22
518 517 17
519 517 2
519 944 18
519 967 6
520 9 3
520 94 2
520 164 25
520 296 4
520 328 15
520 436 6
520 785 4
520 812 48
520 896 8
521 131 2
521 229 15
521 450 8
521 546 16
521 554 2
521 560 213
521 609 92
522 1 2
522 121 330
522 234 4
522 549 3
523 650 2
524 159 5
524 520 9
525 134 9
525 820 2
526 776 2
527 36 2
527 713 13
528 10 2
528 33 7
528 36 7
528 97 14
528 144 3
528 171 2
528 512 2
528 580 2
528 582 9
528 611 2
528 720 2
528 801 7
529 16 15
529 148 2
529 260 17
529 423 2
529 520 2
529 737 676
529 836 2
530 20 4
530 522 2
530 696 4
532 11 2
532 134 2
532 292 7
532 550 27
532 853 68
533 5 3
533 37 5
533 787 5
534 6 44
534 425 5
534 786 4
534 928 5
536 244 3
536 412 12
536 687 18
536 902 11
537 99 10
537 138 58
537 257 5
537 478 79
538 74 6
538 84 3
541 344 15
541 793 10
544 6 2
544 21 6
544 24 4
544 160 5
544 416 2
544 429 2
544 536 4
544 542 11
544 551 24
544 597 7
544 718 6
545 226 2
545 520 11
545 743 4
545 914 46
546 4 2
546 263 8
546 650 6
546 758 4
546 900 9
547 265 82
547 427 7
547 577 35
548 141 4
548 169 20
548 512 7
548 577 2
548 586 12
549 68 5
549 97 3
549 146 2
549 288 2
550 36 2
550 649 4
550 800 2
551 40 2
551 89 13
552 136 20
552 640 3
553 36 11
553 933 2
554 4 2
554 137 3
555 52 11609
556 409 2
557 15 16
557 400 17
557 512 6
557 557 11
557 770 5
557 938 3
559 557 2
560 18 36
560 32 46
560 96 2
560 104 5
560 168 3
560 354 5
561 10 2
561 444 4
561 521 14
561 786 2
561 993 2
562 162 3
562 977 2
562 992 131
563 20 2
563 410 142
564 28 2
564 656 2
564 659 2
565 105 8
566 4 5
566 132 19
567 793 2
569 385 2
569 522 48
571 100 3
571 457 3
572 36 13
572 64 3
572 257 2
572 370 13
573 797 10
573 886 9
574 533 2
574 696 3
576 4 2
576 5 2
576 133 8
576 172 2
576 193 2
576 228 13
576 371 6
576 525 3
576 547 2
576 607 8
577 72 2
577 222 7
577 292 5
577 401 4
577 577 41
577 661 136
577 997 9
578 26 2
578 96 3
578 136 6
578 554 16
578 572 12
578 575 2
579 80 20
579 136 101
579 621 3
579 789 2
580 64 7
581 645 6
582 633 3
583 129 2
585 64 2
585 208 2
585 217 695
585 354 12
585 389 4
586 64 2
586 530 2
586 658 3
588 784 5
589 389 5
590 300 2
590 520 6
590 788 2
591 147 1397
592 2 2
592 148 4
592 566 2
592 585 2
593 429 40
595 58 6
595 557 3
596 11 211
596 33 19
596 91 2
596 154 12
596 385 2
597 387 35877
599 176 78
599 569 2
600 115 7
600 562 2
600 573 114
600 575 9
601 431 2
602 480 1015
604 1006 2
605 80 28
606 281 2
606 807 42
607 288 5
607 393 2
608 176 4
608 522 10
608 576 2
608 648 18
609 28 7
609 210 2
609 225 2
609 768 5
610 24 2
611 125 373
612 170 15
612 534 3
613 840 5
614 265 2
614 936 30
617 374 79
618 70 6
618 1004 6
619 76 3
621 293 3
623 1000 6
624 579 2
625 5 287
625 261 2
626 8 10
626 104 3
626 528 2
626 608 2
627 418 2
627 769 30
627 977 8
629 528 2
635 546 3
638 161 2
640 4 2
640 6 3
640 16 5
640 160 2
640 181 4
640 246 42
640 258 2
640 369 10
640 421 2
640 467 98
640 584 2
640 659 2
640 952 11
642 512 3
642 562 10
642 724 18
643 73 2
643 775 2
644 387 2
644 660 16
644 756 8
644 769 17
645 25 2
645 963 4
646 289 35
646 388 7
648 76 16
648 98 38910632
648 210 4
648 301 10
648 369 9
648 512 4
648 694 2
648 769 176
649 4 2
649 48 6
650 108 15
650 216 2
650 953 2
651 290 3
652 257 2
652 594 2
654 129 2
654 565 2
655 384 6
655 761 29
656 3 3
656 278 66
656 370 2
656 833 2
658 10 10
658 26 3
658 226 2
658 640 2
660 52 2
660 85 2
660 648 11
661 244 2
661 608 2
662 374 2
664 16 24
665 3 5
665 260 2
666 66 2
667 587 5
668 163 2
668 464 3747
668 749 6
670 515 2
672 1 2
672 64 2
672 129 2
672 514 2
672 717 2
673 104 2
674 288 2
674 672 4925
675 257 22
676 52 4
677 121 4
677 641 4
678 237 9
679 556 8
680 39 2
681 6 8
681 33 4
682 14 6
682 156 19
683 278 18
686 426 11
686 593 129
688 385 5
689 80 2
690 110 2
691 12 2
692 260 2
692 914 17
693 522 2
694 6 2
694 768 46
694 931 2
695 517 17
697 710 13
700 229 6
701 34 2
701 941 8
704 34 2
704 135 3
704 292 2
704 514 3
704 673 2
705 596 11
706 17 4
706 161 2
706 460 2
706 732 8
709 325 4
709 354 3
709 644 20
710 2 4
711 19 3
712 141 11
712 283 13
712 294 20
712 862 4
713 593 14
713 837 10
716 98 2
716 339 2
716 649 2
716 842 2
719 512 2
720 7 2
720 144 1906
720 803 4
721 0 2
721 104 2
721 323 14
721 584 15
722 82 88
722 100 9
722 146 2
722 258 2
722 393 977
722 464 5
723 142 7
724 596 393
725 44 6
725 65 731
726 322 385
727 200 5
728 227 2
728 712 2
730 332 35
732 834 4
736 24 4
737 64 3
737 288 3
737 610 2
738 970 27
740 235 112
740 778 2
740 801 37
741 45 5
741 260 2
743 787 18
744 124 2
744 762 12
745 63 2
746 386 4
746 536 2
752 261 25
752 494 2
752 786 6
754 32 9
759 130 2
760 40 3
760 220 2
760 257 76
760 300 2
761 435 2
763 668 2
765 513 5
768 68 2
768 226 17
768 326 12
768 502 7
768 608 15
768 666 6
768 736 2
768 738 4
769 34 8
769 277 3
769 350 25
769 640 2
769 773 4
770 67 2
770 211 17
770 256 2
770 515 2
770 663 2
771 128 8
771 793 10
771 800 2
772 32 2
772 130 17
773 1 4
774 8 14
775 48 3
775 921 3
776 101 2
776 155 8
776 586 7
776 697 26
777 6 20
777 84 9
777 318 2
778 330 6706
778 389 2
780 16 12
780 193 2
780 707 7
780 901 10
781 496 2
782 405 776
784 1 2
784 514 2
784 549 13
784 569 23
784 604 80
784 634 4
784 841 8
785 45 9
786 142 20
786 521 2
786 576 2
786 914 8
787 199 2
788 25 10
788 324 4
792 274 4859
792 540 2
792 594 2
793 52 43
793 498 2
793 628 2
795 422 3
795 661 3
798 776 2
799 433 3
800 9 2
800 45 7
800 73 5
800 97 9
800 133 2
800 824 5
801 34 8
801 312 13
801 592 7
801 642 5
802 660 6
802 769 5216
803 512 2
804 0 2
804 433 2
804 779 2
805 387 7
805 781 7
806 43 13
806 134 10
806 232 11
806 326 2
808 302 26
808 526 8
808 777 2
808 937 16
808 945 5
810 17 2
810 394 2
810 416 10
812 778 2
814 161 2
814 264 2
814 905 8
816 24 2
817 784 2
818 253 2
819 69 3
821 236 14
824 392 5
824 609 5
824 978 28
832 16 12
832 21 2
832 30 3
832 43 2231
832 281 8
832 304 5
832 328 21
832 427 2
833 999 6
834 32 2
834 104 2
834 148 2
834 912 3
835 264 2
835 392 26094
835 583 14
836 388 3
836 485 3
838 785 2
840 106 3
840 545 2
840 800 692
841 32 4
841 370 2
842 132 4
842 200 944
843 939 2
845 624 8
848 90 862
848 188 1518
848 313 2
848 899 22
849 792 519
849 1018 7
850 776 11
851 195 16
852 2 2
852 72 4
852 824 45
854 681 10
856 256 2
856 866 2
857 42 2
862 130 8
863 516 7
864 23 2
864 786 123
867 998 29
868 332 6
870 68 16
871 264 2
872 32 6
872 50 9
872 165 3174
873 9 5
874 360 63
875 164 2
878 258 2
882 42 2
882 778 6
884 802 5
885 601 4
894 392 4
895 603 5
896 330 2
896 868 4
897 39 114
897 115 3
897 523 7
897 1002 2
898 699 2
899 537 974
899 736 2
900 4 30
900 162 66
900 313 17
902 131 21
902 420 2
903 339 222
904 112 9
904 231 2
904 552 2
904 888 560
904 929 2
905 12 2
905 196 14
905 572 16
906 137 338
906 194 19
906 328 2
908 456 7
910 614 2
911 5 7
911 10 3
911 896 4
912 2 4
912 85 2
914 216 2
914 669 4
914 968 6
915 431 271
916 742 2
917 912 17
918 0 5
921 272 2
921 320 2
922 8 2
924 33 2
927 190 4
928 384 2
928 516 4
928 518 2
929 10 2
929 316 8
930 547 5
930 720 2
931 230 3
931 657 7
932 274 16
932 783 2
933 657 630
934 94 5
938 261 10195
938 316 7
938 552 2
940 512 2
944 165 14
944 756 9
945 456 2
946 205 14
947 568 2
948 9 2
951 818 18
952 37 8
953 905 3
954 22 2
956 846 3
958 844 22
960 358 32
961 131 2
961 291 2
961 333 145
961 472 2
961 481 118
965 937 3
966 29 2
966 192 2
966 197 2
966 555 4
968 51 2
968 352 11
968 360 2
969 769 7
970 180 10
975 205 2
976 321 20
976 779 41
977 22 2
977 34 16
977 549 3
978 817 12
984 324 2
984 483 2
985 268 45
986 772 2
987 962 70
988 366 2
990 35 5
996 36 2
998 179 2
1000 260 8
1001 286 2
1002 652 7
1002 912 51
1003 684 3
1004 129 7
1011 36 3
1013 316 2
1018 358 2
1020 371 41
1020 385 21
1021 643 148
