0 4 17942
0 8 2
0 9 2
0 17 9
0 29 2
0 112 17
0 135 10
0 150 4
0 156 2
0 166 23
0 215 6
0 256 14
0 265 2
0 274 13
0 321 4
0 352 34
0 415 12
0 618 2
0 670 2
0 674 2
0 679 4
0 704 17
0 843 7
0 902 24
0 917 2
1 7 2
1 15 19
1 30 3
1 37 2
1 135 5
1 228 2
1 292 2
1 357 2
1 481 2
1 565 2
1 644 2173
1 768 30
1 825 2
1 920 2
2 0 2
2 3 11
2 8 2
2 48 2
2 132 2
2 167 6
2 260 2
2 328 11
2 523 2
2 826 30
3 24 31
3 131 2
3 272 5
3 277 3
3 530 2
3 592 5
3 652 2
3 817 2
4 0 2
4 4 7
4 15 2
4 24 4
4 50 16
4 60 3
4 64 2
4 284 16
4 293 34
4 368 2
4 517 22
4 683 3
4 774 41
4 808 9
5 584 18
5 887 7
6 148 80
6 212 2
6 259 16
6 267 8
6 268 6
6 466 2
6 512 2
6 798 2
6 1002 2
7 110 48
7 237 2
7 715 214
8 1 2
8 2 53
8 19 2
8 58 2
8 272 2
8 273 3
8 386 2
8 486 6
8 552 3
8 642 2515
8 656 1229
8 850 2
8 902 27
9 39 124
9 43 3
9 274 2
9 416 5356
9 526 3
9 572 2
9 823 23
9 907 2
10 75 7
10 84 18
10 160 10
10 208 23
10 518 2
10 523 3
10 584 21
10 599 6
10 680 10
11 204 2
11 752 13
12 24 120
12 55 92
12 116 365
12 269 2
12 366 16
12 634 2
12 781 4
13 66 4
13 192 9
13 320 1110
13 780 4
14 127 5
14 152 2
14 210 2
14 376 17
14 616 23
15 352 2
15 659 22
15 854 2
16 9 2
16 24 2
16 132 2
16 148 1293
16 643 4
16 806 49
17 48 8
17 129 2
17 258 2
18 51 6
18 203 40
18 215 2
18 290 3
18 641 2
18 645 2
19 24 2
19 709 2
20 10 2
20 28 3
20 36 2
20 176 12
20 194 3
20 323 4
20 786 12
21 116 2
21 258 2
21 308 2
22 24 29
22 68 4
22 107 31
22 133 2
22 281 3
22 320 4
22 331 2
22 565 2
23 328 35
23 770 2
23 886 4
24 9 2
24 786 2
24 944 3
25 523 4
25 592 2
26 20 7
26 22 4
26 109 2
27 210 2
27 547 5
27 549 23
28 42 2
28 72 2
28 146 3
28 624 3
28 647 3
29 1 391
29 5 41
29 532 8
29 809 4
30 21 10
30 52 2
30 129 2
30 588 14
31 561 2
32 16 5
32 42 45
32 185 5
32 204 4
32 211 2
32 219 2
32 276 2
32 388 4
32 414 19
32 514 3
32 612 2
32 848 2
32 960 1347
33 2 4
33 3 7
33 26 2
33 31 2
33 64 2
33 276 2
33 277 4
33 320 2
33 544 2
33 898 2
33 945 2
34 144 6
34 663 2
34 720 2
34 800 32
35 65 2
35 266 10
36 12 2
36 34 7
36 48 3
36 257 552
36 288 2
36 320 5
36 448 16
36 555 3
36 705 11204
37 2 5
37 13 6
37 364 4
37 520 4
37 594 9
37 640 19
37 673 2
38 1 14
38 180 9
38 204 4
38 544 3
39 3 2
39 48 2
39 520 2
39 982 19
40 9 12
40 20 128
40 39 2
40 65 15
40 256 2
40 512 2
40 528 2
40 605 1852
40 672 4
40 756 46
40 761 7
40 840 3
40 980 2
41 96 30
41 263 2
41 276 2
41 321 2
41 513 9
41 987 2
42 42 7
42 140 4
42 329 2
42 411 2
42 839 14
43 1 4
44 10 2
44 12 3
44 47 11
44 430 2
44 524 3
44 794 2
45 23 10
45 50 12
45 74 4
45 266 2
45 615 7
45 808 2
45 844 5
46 57 8
47 80 9
47 1022 8
48 67 152
48 168 10
48 176 2
48 193 17
48 198 2
48 226 5
48 646 41
48 708 18
48 789 216
48 843 2
48 932 5
49 4 6
49 17 2
49 310 8
49 313 3
49 516 3
50 9 3
50 113 2
50 528 30656
51 377 8
52 188 35
52 256 3
52 285 2
52 899 40
53 146 33
53 245 2
54 112 21
54 718 3
55 278 5
56 89 2
56 472 2
56 544 9
56 560 3
57 5 2
57 128 7
57 448 2
58 113 2
58 470 9
59 58 5
59 292 7
59 453 2
59 583 5
60 3 2
60 33 3
60 112 5
61 644 33
61 648 2
62 521 11
62 612 3
64 1 2
64 192 5
64 194 7
64 197 4
64 272 3
64 370 2
64 465 2
64 481 2
64 514 28732
64 686 2
64 756 3
64 771 3
64 780 3
64 790 2
65 25 2
65 61 8
65 96 9
65 104 2
65 218 2
65 265 2
65 274 43
65 421 48
65 515 7
65 571 2
65 614 2
66 140 2
67 2 2
67 16 2
67 20 7
67 37 13
67 73 2
67 453 2
67 482 4
67 840 3
68 153 4
68 192 14
68 226 48
68 284 2
69 138 4
69 572 3
69 768 4
70 109 3
70 431 5
70 646 5
70 648 144
71 1 936
71 264 5
71 700 2
72 37 15
72 65 3
72 280 3
72 533 3
72 961 2
73 39 6
73 870 2
74 512 2
74 548 4
74 600 2
74 768 8
74 1012 3
75 259 2
75 576 2
76 76 2
76 84 6
76 133 5
76 262 2
76 586 11
76 855 7
77 256 2
77 267 30
78 288 2
78 517 14
78 784 6
78 919 18
79 165 10
79 386 2
80 82 3
80 132 2
80 211 171
80 528 12
80 677 2
80 920 2
81 807 31
81 852 3
82 280 12
82 283 13
83 115 4
83 124 2
83 304 2
83 617 1991
83 784 21
84 64 11
84 74 2
84 216 3
85 65 2
87 353 3
87 462 11
87 512 7
88 330 2
88 782 14
89 2 2
89 76 2
90 20 2
90 274 4
90 843 5
90 977 11
91 154 2
91 652 22
91 951 2
92 91 54
93 49 2
93 134 2
93 669 7
94 954 25
95 20 3
95 34 5
96 32 2
96 103 2
96 148 2
96 208 2
96 220 15
96 276 2
96 304 3
96 547 32
96 776 2
96 820 3
97 18 2
97 48 8
97 130 10
97 144 9
97 167 2
97 286 6
97 473 3
97 525 15
98 352 60
98 401 4
98 928 33
99 117 22
99 134 26
99 249 2
100 128 24
100 294 13
100 768 3
100 901 2
101 70 3
101 124 2
101 161 2
101 392 16
101 599 239
102 6 16
102 166 548
102 264 17
103 704 2
104 26 2
104 28 2
104 48 3277
104 64 2
104 132 6
104 313 6
104 673 260
105 3 8
105 296 2
105 779 735
106 516 2
106 652 2
107 3 10
107 129 4
108 133 70
108 514 11
108 825 13
109 707 11
111 12 2
112 0 18
112 1 16
112 3 2
112 28 2
112 84 1414
112 165 3
112 776 69
114 68 7
114 416 3
114 452 2
114 497 16
114 872 2
116 33 8
117 803 462
119 446 2
119 836 57
120 0 2
120 76 2
121 536 14
122 185 43
122 294 2
123 600 2
124 304 2
124 348 3
125 268 10
128 10 2
128 58 2
128 134 2
128 200 2
128 208 4
128 320 2
128 362 14
128 375 2
128 433 6
128 628 2
129 0 5
129 10 2
129 37 3768
129 39 2
129 163 408
129 584 10
130 78 2
130 272 5
130 273 2
130 520 41
130 532 4
130 540 16
130 772 2
130 980 2
131 581 18908
132 6 8
132 17 5
132 94 3
132 137 2
132 372 2
132 516 132
132 713 2
132 916 68
132 957 3
133 23 4
133 614 25
134 67 2
134 84 9
134 224 3
134 377 5
134 390 2
134 516 9
134 768 10
135 258 2
136 21 5
136 39 8
136 81 2
136 160 4
136 657 6
136 684 2
136 831 39
137 148 9
137 256 2
137 259 8
137 678 9
137 778 2
138 266 2
138 415 4
138 590 2
138 902 9
139 87 2
139 426 2
139 865 11
140 72 6
140 135 12
140 143 2
140 168 2
140 464 17
140 724 19
140 776 4
141 2 2
141 521 5
141 954 40
142 641 6
143 116 2
143 187 2
143 286 2
144 68 2
144 248 8
144 257 3
144 433 2
144 520 4
145 1 2
145 2 4
145 67 14
145 94 2
145 216 49
145 273 2
145 392 6
145 513 42
145 576 4
146 69 15
146 146 7
146 396 2
146 910 301
147 513 9
147 522 2
148 24 3
148 130 2
148 139 338
148 146 5
148 278 3
148 515 2
148 912 2
149 20 2
149 633 11
150 141 5
150 656 2
151 132 3
151 207 9
151 250 15
153 26 6
153 151 2
153 171 5
153 592 40
153 598 2
153 833 9
153 961 3
156 54 33
156 521 3
156 814 13
158 104 17
159 526 2
160 34 19
160 144 5
160 452 30
160 644 2
160 801 2
161 21 4
161 40 2
161 326 8
161 524 2
161 576 3
161 898 7
162 160 2
162 290 2
162 306 2
162 517 2
163 361 11
163 601 2
164 34 2
164 38 5
164 87 29
164 217 500
164 280 2
164 329 2
164 481 2
164 636 2
164 646 2
165 141 2
166 686 6
167 104 2
167 289 6
167 384 132
167 456 2
167 712 26
168 8 2
168 52 6
168 67 2
168 68 2
168 98 2
168 480 10
169 25 2
169 72 10
169 351 8
169 514 2
171 144 78
171 810 2
172 32 2
172 569 131
172 664 69
174 493 755366
174 582 2
175 863 5
176 32 3
176 137 2
176 270 314
176 273 2
176 824 2
176 932 12
177 128 7
177 560 2
177 611 34
177 744 2
178 100 3
178 144 2
178 580 5
178 797 5
179 429 9975
180 152 91
180 600 6
180 973 6
181 97 3
181 331 2
181 768 2
181 964 2
182 728 158
184 141 238
184 161 2
184 664 213
185 5 2
185 42 5
185 391 4
186 272 2
186 582 17
187 800 2
188 4 4
192 43 2
192 52 2
192 177 20
192 524 8
192 898 2
192 904 2
192 999 2
193 28 6
193 120 9
193 131 2
193 422 10
193 718 8
193 775 4
194 592 44
196 81 3
196 286 86
196 377 6
197 61 5
197 100 2
197 592 15
197 611 7
197 769 2
198 3 3
198 196 5
198 812 4
200 924 2
201 98 2
201 140 3
202 11 2
203 654 45
204 6 67
204 520 2
206 80 2
206 530 6
208 12 11
208 14 2
208 88 2
209 513 5
209 564 4
210 1 33
210 882 3
212 34 2
212 69 19
212 262 2
212 285 2
212 673 2
213 64 23
214 369 11
214 585 7
216 138 3
216 792 2
218 86 98372
219 389 9
220 176 7
220 658 8
222 852 2
225 257 11
225 316 3487
225 948 4
226 35 7
226 157 5
227 336 11
227 592 36
227 838 296
228 32 12
228 294 8
230 9 2
231 290 124
232 5 2
232 80 2
232 130 9
232 480 2
233 212 2
233 912 8
233 973 5
234 848 2
234 917 55
235 281 5
235 645 5
237 91 2
238 620 2
239 370 6
240 18 4
240 66 2
240 799 2
240 914 6
241 206 24
241 245 3
242 156 14
244 33 2
244 932 2
245 705 36
246 64 2
248 0 106
248 290 2
248 557 2
248 902 2
250 46 24
256 1 2
256 5 2
256 68 2
256 69 5
256 97 2
256 243 2
256 262 3
256 312 25
256 344 14
256 416 2
256 512 4
256 522 2
256 764 2
256 772 3
256 804 2
256 992 14
257 0 4
257 156 7
257 272 2
257 544 2
257 680 27
257 806 2
257 912 2
257 920 2
257 945 2
258 24 2
258 34 2
258 36 2
258 138 22
258 265 2
258 673 2
258 810 13
258 880 6
259 7 2
259 100 146
259 268 15
259 532 5
260 131 2
260 256 2
260 295 2
260 522 2
260 545 8
260 678 9
260 978 3
261 8 2
261 72 12
261 672 127
261 995 2
262 32 10
262 134 3
262 193 4
262 256 2
262 906 12
262 1013 29
264 1 4
264 4 2
264 296 2
264 320 2
264 568 103
265 264 8
265 339 94
266 56 7
266 272 3
266 326 2
266 336 21
266 504 3
267 523 43
267 581 4
268 12 11
268 34 6
268 192 2
268 524 2
268 577 2
269 444 4
269 640 2
270 73 2
270 532 5
270 642 3
272 41 4
272 162 47
272 208 96
272 225 13
272 234 2
272 259 2
272 280 3
272 378 247
272 520 2
272 554 2
272 640 4
272 899 8904
273 47 7
273 581 5
273 693 2
273 809 2
273 903 3
274 98 6096
274 334 2
275 4 2
275 16 2
275 116 45
275 133 44
275 485 7
275 512 3
276 288 4
276 392 4
276 538 2
276 628 5
276 661 7
277 8 2
277 128 3
278 258 3
279 18 38
279 901 16
280 36 65
280 82 2
280 600 13
280 674 2
281 101 6
282 136 2
282 576 185
282 717 2
282 787 11
283 35 3
284 835 4
285 104 18
286 624 2
286 832 4
287 448 5
287 802 2
288 47 2
288 50 2
288 132 3
288 224 2
288 341 2
288 545 20
289 36 4
289 60 2
289 156 6
289 345 10
289 468 6
289 472 5
289 648 2
289 753 2
289 788 4
290 0 17
290 258 11
291 32 11
291 610 40
291 768 2
291 967 4
292 134 6
292 162 3
292 593 2
293 256 6
293 960 2
294 742 2
296 57 2
296 84 3
296 131 2
296 231 10
296 260 410
296 288 15
296 336 63
296 409 7
296 516 2
297 167 3
297 389 2
297 544 2
298 75 9
298 800 10
299 78 8
299 291 4
300 29 9
300 140 183
301 274 87
301 777 2
303 292 13
304 6 2
304 8 12
304 63 7
304 106 2
304 212 219
304 258 8
304 292 2
305 11 18
305 34 29
305 163 19
305 576 2
306 36 550
306 550 2
306 918 44
307 514 2
308 21 2
308 640 3
308 692 8
308 832 6
308 848 22
309 77 5
309 774 219
310 44 7
310 936 2
312 514 4
314 376 2
314 518 3
315 739 12
318 532 2
318 914 46
320 315 2
320 407 2
320 428 2
320 468 17
320 720 2
321 4 7
321 262 2
321 768 9
321 834 2
321 1008 3
322 0 4
322 80 2
322 196 8
322 899 2
322 902 2
323 515 5
324 16 2
324 106 2
324 167 18
324 179 3
324 200 2
324 513 14
324 530 9
325 74 2
325 145 2
325 192 23
325 720 6
326 11 119
326 16 3
326 32 5
326 116 2
326 280 2
327 698 3
329 35 3
329 258 3
329 836 2
330 204 2
331 512 19
332 456 27
332 643 41
334 265 3
334 288 2
336 18 10
336 100 11
336 576 2
336 632 15
337 352 2
337 833 16
338 33 3
338 169 2
339 42 5
340 0 10
340 106 7
340 704 18
340 763 14
341 576 2
342 15 2
342 168 2
342 272 3
343 475 5
344 188 8
344 676 2
345 32 16
345 728 53
346 11 9
347 149 7
347 296 4
347 313 4
348 128 2
348 395 2
349 12 16
352 409 11
352 419 598
352 514 2
352 680 3
352 794 73
353 684 2
354 25 14500618
354 30 2
354 288 95
354 836 8
354 969 14
355 134 2
355 634 21
356 800 6
357 433 4
357 641 24
357 690 2
358 3 1617
358 168 2
358 197 2
360 555 9
360 732 40
360 810 3
361 266 2
361 316 6
362 34 5
363 162 3
363 424 473
364 740 2
366 657 2
368 49 2
368 738 2
368 925 10
371 112 21
371 705 29
372 352 7
375 77 2
376 193 2
379 333 2
380 339 2
381 531 51
384 5 13
384 168 2
384 312 3
384 332 2
384 457 6
384 481 4
384 531 7
384 571 7
384 841 2
384 962 9
385 2 6
385 75 5428
385 213 2
385 214 2
385 513 5
385 563 2
386 64 4
386 73 24
386 158 2
386 160 2
386 206 8
386 275 7
386 681 140
386 846 7
386 912 11
387 147 6
387 545 10
388 332 11
391 8 2
391 461 3
391 800 10
392 336 2
392 553 2
393 461 4
393 577 3
394 80 14
394 590 2
395 4 2
395 558 10
395 647 26627
396 6 2
396 536 21
396 546 72
396 777 2
396 915 7
397 132 2
397 305 2
397 518 6416
399 9 2
400 10 2
400 21 2
400 144 2
400 712 10
401 16 5
401 58 2
401 277 2
401 284 12
401 673 2
401 932 6
402 68 2
402 80 2
402 769 3
403 20 4
403 98 29495
404 209 2
404 298 7
407 591 2
408 66 3
408 405 37
408 576 108
409 105 11
409 417 3
409 888 6
410 520 2
411 20 4
412 6 167
413 640 14
414 932 2
415 101 13
416 52 2
416 279 5
416 292 11
416 531 8
416 832 10
417 577 54
418 16 3
419 7 2
419 62 17
419 844 18
420 32 14
420 114 2
420 424 23
420 538 3
422 736 692
423 384 2
423 651 38
424 481 12
425 161 7
425 746 26
427 580 396
428 32 3
428 194 2
428 620 3
428 880 15
430 8 5
430 68 2
430 203 11
433 24 2
433 197 3
433 398 2
436 641 2
441 21 2
442 146 5
442 691 5
444 769 7
444 801 2
448 513 18
448 655 2
449 321 11
450 450 4
452 48 2
452 136 2
452 205 3
452 488 11
452 512 1481
452 513 11
453 368 33
453 661 3
454 9 2
454 437 52
454 634 2
454 782 7
455 640 8
456 367 2
456 376 4
456 774 12
457 906 2
458 743 52
460 197 2
460 462 10
460 566 2
461 901 26
462 641 64
463 916 3
464 265 2
464 928 2
465 761 2
467 300 2
472 226 2
472 256 10
472 801 10
473 6 2
473 600 2
476 775 2
480 0 15
480 665 3
480 731 2
480 928 866
481 288 8
481 416 11
482 64 12
482 285 2
483 555 11
484 841 2
485 134 2
488 3 2
488 269 2
488 334 7
488 565 115
489 64 7
491 112 3
496 978 8
501 519 2
504 267 2
505 332 11
506 706 2188
512 1 15
512 5 2
512 36 3
512 52 64
512 65 2
512 153 3870
512 420 2
512 438 2
512 453 2
512 482 5
512 514 9
512 522 2
512 685 2
512 936 81
513 42 357
513 47 2
513 65 26
513 100 4
513 112 3
513 304 51
513 340 39
513 548 2
514 11 2
514 36 5
514 401 2
514 452 2
514 522 126
514 572 6
514 780 3
515 93 3
515 157 37
515 598 218
516 33 2
516 69 2
516 169 63
516 385 2
516 555 2
516 582 2
516 605 28
516 779 2
516 785 3
517 0 9
517 3 4
517 8 14
517 34 27
517 132 16
517 177 3
517 233 11
517 281 66
517 525 7
517 672 8
517 676 2
517 768 9
518 41 5
518 66 3
518 517 4
519 517 12
519 944 2
519 967 2
520 9 58
520 94 13
520 164 11
520 296 2
520 328 2
520 436 7
520 785 110
520 812 36
520 896 9
521 131 110
521 229 4
521 450 3
521 546 10
521 554 12
521 560 2
521 609 3
522 1 2
522 121 2
522 234 2
522 549 7
523 650 4
524 159 2
524 520 12
525 134 2
525 820 57
526 776 6
527 36 2
527 713 3
528 10 2
528 33 11
528 36 2
528 97 9
528 144 2
528 171 2
528 512 2
528 580 7
528 582 3
528 611 109
528 720 39
528 801 5
529 16 2
529 148 2
529 260 2
529 423 19
529 520 23
529 737 2
529 836 2
530 20 4
530 522 16
530 696 2
532 11 51
532 134 2
532 292 2
532 550 14
532 853 2
533 5 2
533 37 2
533 787 4
534 6 3
534 425 19
534 786 9
534 928 5
536 244 3
536 412 2
536 687 3
536 902 4
537 99 18
537 138 7
537 257 2
537 478 9
538 74 57
538 84 2
541 344 2
541 793 3
544 6 2
544 21 13
544 24 2
544 160 2
544 416 2
544 429 1243
544 536 2
544 542 2
544 551 4
544 597 2
544 718 2
545 226 3
545 520 2
545 743 2
545 914 12
546 4 2
546 263 2
546 650 4
546 758 2
546 900 5
547 265 2
547 427 81
547 577 15
548 141 2
548 169 22
548 512 2
548 577 2
548 586 11
549 68 2
549 97 20
549 146 2
549 288 3
550 36 5
550 649 4
550 800 2
551 40 60
551 89 2
552 136 65
552 640 3
553 36 9
553 933 2
554 4 3
554 137 11
555 52 2
556 409 420
557 15 25
557 400 2
557 512 8
557 557 19
557 770 9
557 938 7
559 557 2
560 18 3
560 32 2
560 96 2
560 104 2
560 168 3125
560 354 17
561 10 2
561 444 12
561 521 9
561 786 2
561 993 3
562 162 4
562 977 2
562 992 64
563 20 2
563 410 6
564 28 122
564 656 2
564 659 2
565 105 9
566 4 2
566 132 5
567 793 84
569 385 2
569 522 2
571 100 2
571 457 15
572 36 8
572 64 13
572 257 4
572 370 10
573 797 2
573 886 2
574 533 3
574 696 7
576 4 2
576 5 2
576 133 2
576 172 2
576 193 2
576 228 8
576 371 8
576 525 3
576 547 7
576 607 25
577 72 12
577 222 4
577 292 2
577 401 5
577 577 4
577 661 2
577 997 4
578 26 9
578 96 2
578 136 2
578 554 34
578 572 7
578 575 3
579 80 3
579 136 27
579 621 7
579 789 2
580 64 7
581 645 18
582 633 2
583 129 2
585 64 15525
585 208 10662
585 217 2
585 354 2
585 389 4
586 64 3
586 530 16
586 658 227
588 784 4
589 389 2
590 300 10
590 520 5
590 788 3
591 147 2
592 2 12
592 148 14
592 566 4
592 585 2
593 429 365
595 58 5
595 557 2
596 11 2
596 33 372
596 91 3
596 154 2
596 385 21
597 387 2
599 176 21
599 569 2
600 115 18
600 562 2
600 573 2
600 575 21
601 431 6
602 480 2
604 1006 7
605 80 2
606 281 8
606 807 33
607 288 3
607 393 2
608 176 4
608 522 2
608 576 2
608 648 2
609 28 5
609 210 7
609 225 90
609 768 10
610 24 406
611 125 3
612 170 3
612 534 253
613 840 2
614 265 3
614 936 3
617 374 55
618 70 3
618 1004 4
619 76 18
621 293 2
623 1000 3
624 579 96
625 5 2
625 261 2
626 8 2
626 104 2
626 528 7
626 608 2
627 418 3
627 769 2
627 977 4
629 528 3
635 546 24
638 161 2
640 4 65
640 6 4
640 16 5
640 160 3398
640 181 28
640 246 6
640 258 2
640 369 16
640 421 436
640 467 66
640 584 2
640 659 2
640 952 4
642 512 7
642 562 2
642 724 4
643 73 2
643 775 2
644 387 10
644 660 2
644 756 5
644 769 2
645 25 439
645 963 3
646 289 14
646 388 116
648 76 30
648 98 129
648 210 2
648 301 2
648 369 2
648 512 4
648 694 39
648 769 3
649 4 4
649 48 10
650 108 2
650 216 32
650 953 2
651 290 97
652 257 2
652 594 4
654 129 2
654 565 2
655 384 2
655 761 24
656 3 8
656 278 2
656 370 3
656 833 26922
658 10 2
658 26 10
658 226 2
658 640 10
660 52 2
660 85 22
660 648 19
661 244 12
661 608 13
662 374 2
664 16 54
665 3 2
665 260 19
666 66 13
667 587 17
668 163 7
668 464 6159
668 749 11
670 515 3
672 1 2
672 64 5
672 129 2
672 514 7387
672 717 9
673 104 4945
674 288 160
674 672 39719
675 257 2
676 52 19
677 121 3
677 641 6
678 237 825
679 556 5
680 39 97
681 6 7
681 33 41
682 14 3
682 156 10
683 278 16
686 426 3
686 593 2
688 385 12
689 80 2
690 110 89
691 12 218
692 260 2
692 914 9
693 522 5
694 6 2
694 768 6
694 931 2
695 517 27
697 710 18
700 229 11
701 34 2
701 941 12
704 34 193
704 135 7
704 292 6
704 514 2
704 673 8
705 596 28
706 17 2
706 161 107
706 460 5
706 732 2
709 325 3
709 354 4
709 644 3
710 2 2
711 19 5
712 141 8
712 283 18
712 294 10
712 862 2
713 593 28
713 837 72177
716 98 7
716 339 4
716 649 2
716 842 6
719 512 97
720 7 2
720 144 2
720 803 13
721 0 10
721 104 1055
721 323 5
721 584 3
722 82 21
722 100 5
722 146 5
722 258 17
722 393 4
722 464 3
723 142 7
724 596 18
725 44 2239
725 65 2
726 322 2
727 200 50
728 227 2
728 712 2
730 332 24
732 834 2
736 24 15
737 64 2
737 288 2
737 610 2
738 970 3
740 235 2
740 778 75
740 801 114
741 45 4
741 260 22
743 787 4
744 124 2
744 762 11
745 63 2
746 386 57
746 536 72
752 261 18
752 494 2
752 786 7
754 32 2
759 130 2058
760 40 8
760 220 16
760 257 23
760 300 3
761 435 2
763 668 2
765 513 17
768 68 2
768 226 8
768 326 2
768 502 16
768 608 2
768 666 4
768 736 2
768 738 8
769 34 6
769 277 49
769 350 2
769 640 2
769 773 3
770 67 2
770 211 7
770 256 12
770 515 17
770 663 703
771 128 35
771 793 2
771 800 2
772 32 2
772 130 43
773 1 7
774 8 4
775 48 2
775 921 11
776 101 3
776 155 59
776 586 15
776 697 5
777 6 4
777 84 7
777 318 2
778 330 13
778 389 2945
780 16 7
780 193 76
780 707 3
780 901 4
781 496 2
782 405 10723
784 1 95635
784 514 2
784 549 2
784 569 9
784 604 2
784 634 93
784 841 8
785 45 4
786 142 18
786 521 2
786 576 2
786 914 13
787 199 2
788 25 4
788 324 3
792 274 2
792 540 26
792 594 9
793 52 12
793 498 36
793 628 2
795 422 68
795 661 2
798 776 2
799 433 7
800 9 95
800 45 3
800 73 3
800 97 2
800 133 2
800 824 3
801 34 2
801 312 7
801 592 2
801 642 3
802 660 5
802 769 585
803 512 5
804 0 17
804 433 11
804 779 5
805 387 31
805 781 9
806 43 2
806 134 11
806 232 5
806 326 8
808 302 3
808 526 15
808 777 6
808 937 20
808 945 4
810 17 2
810 394 8
810 416 16
812 778 2
814 161 2
814 264 7
814 905 2
816 24 2
817 784 2
818 253 2
819 69 4
821 236 19
824 392 2
824 609 15
824 978 3
832 16 7
832 21 79
832 30 2
832 43 2
832 281 2
832 304 12
832 328 2
832 427 13
833 999 14
834 32 12
834 104 10
834 148 2
834 912 8
835 264 2
835 392 2
835 583 3
836 388 2
836 485 2
838 785 2
840 106 5
840 545 4
840 800 401
841 32 2
841 370 2
842 132 4
842 200 309
843 939 65
845 624 14
848 90 2
848 188 5
848 313 47
848 899 3
849 792 524
849 1018 2
850 776 2
851 195 4
852 2 5
852 72 2
852 824 17
854 681 3
856 256 7
856 866 7
857 42 2
862 130 4
863 516 51
864 23 2
864 786 61
867 998 5
868 332 3
870 68 3
871 264 2
872 32 46
872 50 8
872 165 86010
873 9 2
874 360 2
875 164 4
878 258 11
882 42 2
882 778 4
884 802 4
885 601 15
894 392 2
895 603 5
896 330 7
896 868 2
897 39 2
897 115 4
897 523 25
897 1002 9
898 699 2
899 537 2
899 736 2
900 4 11
900 162 7637
900 313 3
902 131 22
902 420 4
903 339 8
904 112 112
904 231 2
904 552 5
904 888 2
904 929 2
905 12 48
905 196 13
905 572 5
906 137 359
906 194 19
906 328 5
908 456 2
910 614 2
911 5 29
911 10 2
911 896 2
912 2 314
912 85 3
914 216 2
914 669 2
914 968 7
915 431 2
916 742 3
917 912 3
918 0 18
921 272 11
921 320 2
922 8 2
924 33 58
927 190 9
928 384 2
928 516 2
928 518 3
929 10 2
929 316 76
930 547 2
930 720 9
931 230 29
931 657 13
932 274 2
932 783 5
933 657 2
934 94 39
938 261 3
938 316 5
938 552 2
940 512 4
944 165 3
944 756 3
945 456 3
946 205 2
947 568 23
948 9 2
951 818 2
952 37 3
953 905 58
954 22 79
956 846 5
958 844 2
960 358 5
961 131 4
961 291 2
961 333 4
961 472 6
961 481 2
965 937 2
966 29 8
966 192 10
966 197 2
966 555 2
968 51 16
968 352 3
968 360 2
969 769 2
970 180 3657
975 205 2
976 321 2
976 779 2
977 22 186
977 34 2
977 549 6
978 817 3
984 324 3
984 483 7
985 268 2
986 772 2
987 962 2
988 366 2
990 35 6
996 36 6
998 179 9
1000 260 18
1001 286 53
1002 652 2
1002 912 3
1003 684 2
1004 129 11
1011 36 2
1013 316 2
1018 358 508
1020 371 2
1020 385 2
1021 643 2
