0 4 2
0 8 2
0 9 3
0 17 2
0 29 9
0 112 7
0 135 4
0 150 2
0 156 2
0 166 495
0 215 3
0 256 26
0 265 6130
0 274 3
0 321 3
0 352 2
0 415 2
0 618 2
0 670 2
0 674 41
0 679 3
0 704 2
0 843 17
0 902 3
0 917 2
1 7 2
1 15 4
1 30 6
1 37 103
1 135 3
1 228 22
1 292 24
1 357 4
1 481 2
1 565 9
1 644 2
1 768 7
1 825 2
1 920 2
2 0 2
2 3 2
2 8 2
2 48 2
2 132 2
2 167 2
2 260 2
2 328 2
2 523 2
2 826 2
3 24 94
3 131 3
3 272 24
3 277 3
3 530 23
3 592 6
3 652 4
3 817 2
4 0 2
4 4 231
4 15 2
4 24 3
4 50 2
4 60 16
4 64 73
4 284 6
4 293 28
4 368 2
4 517 12
4 683 8
4 774 2
4 808 2
5 584 3
5 887 29
6 148 2
6 212 3
6 259 3
6 267 7
6 268 7
6 466 2
6 512 138
6 798 7
6 1002 5
7 110 2
7 237 2
7 715 2
8 1 16
8 2 94
8 19 2689
8 58 6
8 272 2
8 273 4
8 386 3
8 486 2
8 552 15
8 642 4
8 656 2
8 850 5
8 902 2
9 39 3
9 43 11
9 274 3759
9 416 2
9 526 4
9 572 46
9 823 2
9 907 8
10 75 10
10 84 2
10 160 2
10 208 4
10 518 2
10 523 3
10 584 4
10 599 2
10 680 79
11 204 4
11 752 3
12 24 9
12 55 2
12 116 2
12 269 2
12 366 4
12 634 2
12 781 3
13 66 11
13 192 2
13 320 253601
13 780 25
14 127 16
14 152 3
14 210 2
14 376 4
14 616 11
15 352 3
15 659 2
15 854 197
16 9 2
16 24 7
16 132 2
16 148 2
16 643 42
16 806 9406
17 48 31
17 129 2
17 258 15
18 51 26
18 203 8
18 215 213
18 290 2
18 641 2
18 645 2
19 24 2
19 709 17
20 10 419
20 28 2
20 36 2
20 176 2
20 194 36
20 323 2
20 786 4
21 116 2
21 258 4
21 308 2
22 24 2
22 68 2
22 107 29
22 133 12
22 281 2
22 320 4
22 331 15
22 565 2
23 328 377
23 770 4
23 886 5
24 9 13
24 786 2
24 944 17
25 523 18
25 592 2
26 20 2
26 22 2
26 109 3
27 210 18
27 547 11
27 549 2
28 42 5
28 72 2
28 146 2
28 624 3
28 647 3
29 1 2
29 5 8
29 532 5
29 809 14
30 21 14
30 52 3
30 129 4
30 588 36
31 561 6
32 16 5
32 42 2
32 185 2
32 204 21
32 211 2
32 219 274
32 276 2
32 388 2
32 414 137
32 514 2
32 612 2
32 848 2
32 960 13
33 2 3
33 3 4
33 26 2
33 31 59
33 64 23
33 276 2
33 277 5
33 320 1792
33 544 3
33 898 5
33 945 37
34 144 4
34 663 2
34 720 7
34 800 2
35 65 20
35 266 17
36 12 2
36 34 10
36 48 2
36 257 2
36 288 2
36 320 8
36 448 2
36 555 2
36 705 2
37 2 3
37 13 7
37 364 3
37 520 3
37 594 23
37 640 3
37 673 3
38 1 4
38 180 2
38 204 4
38 544 3
39 3 15
39 48 23
39 520 25
39 982 3
40 9 8
40 20 856
40 39 27
40 65 3
40 256 2
40 512 14
40 528 2
40 605 9953
40 672 16
40 756 2
40 761 4
40 840 9
40 980 3
41 96 2
41 263 9
41 276 14
41 321 2
41 513 33
41 987 10
42 42 7
42 140 2
42 329 2
42 411 2
42 839 3
43 1 2
44 10 4
44 12 3
44 47 2
44 430 2
44 524 14
44 794 6
45 23 17
45 50 9
45 74 2
45 266 2
45 615 2
45 808 2
45 844 6
46 57 17
47 80 2
47 1022 15
48 67 2
48 168 25
48 176 2
48 193 3
48 198 3
48 226 37
48 646 44
48 708 4
48 789 2
48 843 2
48 932 3
49 4 210
49 17 55
49 310 11
49 313 41
49 516 13
50 9 2
50 113 2
50 528 162
51 377 2
52 188 6
52 256 2
52 285 36
52 899 2
53 146 6
53 245 2
54 112 12
54 718 3
55 278 5
56 89 2
56 472 2
56 544 2
56 560 6
57 5 18
57 128 8
57 448 2
58 113 2
58 470 12
59 58 90
59 292 6
59 453 161
59 583 5
60 3 3
60 33 21
60 112 2
61 644 2
61 648 2
62 521 7
62 612 5
64 1 8
64 192 2
64 194 14
64 197 4
64 272 6
64 370 2
64 465 2
64 481 2
64 514 2
64 686 2
64 756 2
64 771 145
64 780 2
64 790 2
65 25 2
65 61 16
65 96 4
65 104 18
65 218 799
65 265 2
65 274 2
65 421 2
65 515 29
65 571 23
65 614 2
66 140 2
67 2 3
67 16 2
67 20 116
67 37 4
67 73 2
67 453 26
67 482 2
67 840 7
68 153 2
68 192 37
68 226 2
68 284 3
69 138 16
69 572 18
69 768 2
70 109 2
70 431 2
70 646 14
70 648 6
71 1 6
71 264 2
71 700 2
72 37 27
72 65 7
72 280 4
72 533 4
72 961 5
73 39 2
73 870 2
74 512 192
74 548 2
74 600 79
74 768 34
74 1012 11
75 259 2
75 576 144
76 76 27
76 84 4
76 133 8
76 262 2
76 586 3
76 855 19
77 256 88
77 267 23
78 288 2
78 517 30
78 784 3
78 919 7
79 165 8
79 386 2
80 82 2
80 132 5441507
80 211 2
80 528 10
80 677 2
80 920 62
81 807 25
81 852 8
82 280 2
82 283 2
83 115 6
83 124 4
83 304 267
83 617 2
83 784 12
84 64 8
84 74 2
84 216 4
85 65 2
87 353 4
87 462 20
87 512 12
88 330 19
88 782 4
89 2 5
89 76 2
90 20 2
90 274 10
90 843 24
90 977 2
91 154 2
91 652 4
91 951 2
92 91 3
93 49 2
93 134 77
93 669 3
94 954 10
95 20 5
95 34 14
96 32 3
96 103 5
96 148 2
96 208 7
96 220 2
96 276 6
96 304 2555
96 547 2
96 776 5
96 820 12
97 18 7
97 48 3
97 130 10
97 144 3
97 167 6
97 286 7
97 473 3
97 525 2
98 352 13
98 401 4
98 928 2
99 117 9
99 134 2
99 249 5
100 128 2
100 294 29
100 768 2
100 901 2
101 70 2
101 124 2
101 161 2
101 392 2
101 599 2
102 6 23
102 166 2
102 264 12
103 704 75
104 26 2
104 28 46
104 48 2
104 64 2
104 132 12
104 313 12
104 673 2
105 3 3
105 296 36
105 779 2
106 516 8
106 652 2
107 3 5
107 129 20
108 133 2
108 514 4
108 825 10
109 707 24
111 12 13
112 0 87
112 1 2
112 3 2
112 28 4
112 84 282
112 165 45
112 776 2
114 68 22
114 416 5
114 452 2
114 497 2
114 872 2
116 33 6
117 803 2
119 446 80
119 836 2
120 0 3
120 76 3
121 536 30
122 185 14
122 294 2
123 600 2
124 304 5
124 348 9
125 268 2
128 10 11
128 58 23
128 134 7
128 200 3
128 208 3
128 320 3
128 362 9
128 375 2
128 433 3
128 628 2
129 0 3
129 10 1274
129 37 7
129 39 10
129 163 55
129 584 20
130 78 2
130 272 2
130 273 5
130 520 40
130 532 17
130 540 3
130 772 26
130 980 22370
131 581 36
132 6 7
132 17 18
132 94 18
132 137 4
132 372 8
132 516 6
132 713 25
132 916 2
132 957 2
133 23 2
133 614 15
134 67 4
134 84 15
134 224 9
134 377 2
134 390 7
134 516 9
134 768 13
135 258 4
136 21 7
136 39 17
136 81 2
136 160 3
136 657 7
136 684 3
136 831 2
137 148 11
137 256 2
137 259 11
137 678 3
137 778 2
138 266 2
138 415 3
138 590 2
138 902 204
139 87 2
139 426 2
139 865 2
140 72 22
140 135 2
140 143 6
140 168 19
140 464 11
140 724 2
140 776 3
141 2 3
141 521 11
141 954 6
142 641 4
143 116 2
143 187 5
143 286 3
144 68 2
144 248 8
144 257 2
144 433 6
144 520 2
145 1 3
145 2 7
145 67 2
145 94 2
145 216 65
145 273 3
145 392 2
145 513 2
145 576 3
146 69 2
146 146 12
146 396 2
146 910 2
147 513 2
147 522 197
148 24 2
148 130 4
148 139 2
148 146 92
148 278 158
148 515 2
148 912 2
149 20 81
149 633 15
150 141 14
150 656 4
151 132 2
151 207 2
151 250 26
153 26 15
153 151 4
153 171 12
153 592 11
153 598 2
153 833 2
153 961 2
156 54 6
156 521 2
156 814 2
158 104 21
159 526 4
160 34 6
160 144 2
160 452 22
160 644 13
160 801 13
161 21 9
161 40 5
161 326 8
161 524 2
161 576 2
161 898 17
162 160 2
162 290 2
162 306 2
162 517 82
163 361 6
163 601 2
164 34 21
164 38 10
164 87 2
164 217 2
164 280 29
164 329 5
164 481 10
164 636 2
164 646 2
165 141 15
166 686 18
167 104 2
167 289 4
167 384 17
167 456 24
167 712 48
168 8 15
168 52 20
168 67 4
168 68 9
168 98 2
168 480 2
169 25 2
169 72 2
169 351 6
169 514 2
171 144 2
171 810 7
172 32 3
172 569 2
172 664 2
174 493 2
174 582 5
175 863 9
176 32 2
176 137 8
176 270 2
176 273 15
176 824 5
176 932 21
177 128 5
177 560 3
177 611 10
177 744 6
178 100 2
178 144 2
178 580 5
178 797 2
179 429 2
180 152 2
180 600 23
180 973 7
181 97 5
181 331 26
181 768 59
181 964 7
182 728 3
184 141 174
184 161 3
184 664 43
185 5 2
185 42 10
185 391 4
186 272 6
186 582 6
187 800 2
188 4 2
192 43 1430
192 52 2
192 177 6
192 524 2
192 898 2
192 904 8
192 999 2
193 28 3
193 120 3
193 131 2
193 422 4
193 718 7
193 775 26
194 592 18
196 81 14
196 286 2
196 377 2
197 61 666
197 100 39
197 592 2
197 611 12
197 769 4
198 3 2
198 196 6
198 812 4
200 924 5
201 98 2
201 140 2
202 11 2
203 654 31
204 6 3
204 520 2
206 80 15
206 530 13
208 12 15
208 14 278
208 88 132
209 513 21
209 564 3
210 1 2
210 882 3
212 34 3
212 69 17
212 262 2
212 285 2
212 673 2
213 64 5
214 369 2
214 585 2
216 138 9
216 792 15
218 86 2
219 389 3
220 176 2
220 658 2
222 852 2
225 257 21
225 316 2
225 948 19
226 35 2
226 157 2
227 336 21
227 592 16
227 838 2
228 32 14
228 294 2
230 9 19
231 290 2
232 5 23
232 80 2
232 130 10
232 480 4
233 212 3
233 912 2
233 973 29
234 848 46
234 917 11
235 281 6
235 645 2
237 91 2
238 620 2
239 370 115
240 18 10
240 66 2
240 799 2
240 914 3
241 206 2
241 245 2
242 156 11
244 33 2
244 932 3
245 705 2
246 64 2
248 0 2
248 290 2
248 557 2
248 902 5
250 46 6
256 1 2
256 5 8
256 68 2
256 69 2
256 97 3
256 243 2
256 262 2
256 312 2
256 344 8
256 416 48
256 512 9
256 522 726
256 764 144
256 772 2
256 804 116
256 992 2
257 0 2
257 156 6
257 272 5
257 544 7
257 680 2
257 806 2
257 912 6
257 920 2
257 945 2
258 24 39
258 34 2
258 36 6
258 138 4
258 265 10
258 673 2
258 810 2
258 880 4
259 7 2
259 100 13
259 268 2
259 532 14
260 131 5
260 256 7
260 295 6
260 522 2
260 545 5
260 678 6
260 978 19
261 8 2
261 72 5
261 672 2
261 995 2
262 32 3
262 134 5
262 193 357
262 256 432
262 906 61
262 1013 5
264 1 2
264 4 5
264 296 2
264 320 2
264 568 53
265 264 80
265 339 68
266 56 2
266 272 10
266 326 2
266 336 2
266 504 3
267 523 13
267 581 2
268 12 10
268 34 5
268 192 319
268 524 10
268 577 2
269 444 4
269 640 2
270 73 19
270 532 7
270 642 2
272 41 6
272 162 4
272 208 2
272 225 24
272 234 2
272 259 2
272 280 9
272 378 2
272 520 2
272 554 2
272 640 2
272 899 2
273 47 3
273 581 3
273 693 2
273 809 12
273 903 2
274 98 2
274 334 13
275 4 17
275 16 4
275 116 2
275 133 539
275 485 9
275 512 4
276 288 20
276 392 34
276 538 4
276 628 2
276 661 2
277 8 171
277 128 72
278 258 7
279 18 2
279 901 3
280 36 2
280 82 6
280 600 33
280 674 2
281 101 6
282 136 43
282 576 5
282 717 2
282 787 19
283 35 2
284 835 4
285 104 659
286 624 14
286 832 2
287 448 4
287 802 2
288 47 6
288 50 2
288 132 2
288 224 2
288 341 2238
288 545 2
289 36 3
289 60 59
289 156 19
289 345 2
289 468 4
289 472 9
289 648 17
289 753 2
289 788 3
290 0 8
290 258 2
291 32 31
291 610 2
291 768 2
291 967 2
292 134 9
292 162 220
292 593 2
293 256 25
293 960 3
294 742 2
296 57 2
296 84 2
296 131 7
296 231 3
296 260 2
296 288 2
296 336 2
296 409 19
296 516 2
297 167 5
297 389 10
297 544 3
298 75 2
298 800 17
299 78 5
299 291 4
300 29 22
300 140 2
301 274 2
301 777 27
303 292 2
304 6 2
304 8 9
304 63 2
304 106 2
304 212 2
304 258 5
304 292 3
305 11 2
305 34 13
305 163 3
305 576 2
306 36 2
306 550 2
306 918 7
307 514 2
308 21 9
308 640 2
308 692 2
308 832 97
308 848 6
309 77 7
309 774 11
310 44 2
310 936 2
312 514 7
314 376 2
314 518 5
315 739 2
318 532 2
318 914 18
320 315 8
320 407 2
320 428 527
320 468 39
320 720 16
321 4 9
321 262 2
321 768 4
321 834 2
321 1008 2
322 0 2
322 80 2
322 196 6
322 899 2
322 902 10
323 515 2
324 16 2
324 106 2
324 167 6
324 179 2
324 200 2
324 513 4
324 530 15
325 74 4
325 145 2
325 192 7
325 720 6
326 11 59
326 16 5
326 32 41
326 116 13
326 280 2
327 698 3
329 35 5
329 258 25
329 836 2
330 204 2
331 512 9
332 456 7
332 643 16
334 265 2
334 288 2
336 18 5
336 100 35
336 576 2
336 632 9
337 352 2
337 833 10
338 33 4
338 169 3
339 42 14
340 0 3
340 106 8
340 704 28
340 763 4
341 576 3
342 15 137
342 168 6
342 272 2
343 475 10
344 188 1192
344 676 58
345 32 3
345 728 2
346 11 6
347 149 2
347 296 16
347 313 9
348 128 37
348 395 2
349 12 8
352 409 1278
352 419 2
352 514 8
352 680 32
352 794 210
353 684 2
354 25 9
354 30 3
354 288 2
354 836 3647
354 969 2
355 134 689
355 634 4
356 800 2
357 433 2
357 641 13
357 690 4
358 3 10
358 168 2
358 197 3
360 555 33
360 732 2
360 810 2
361 266 2
361 316 2
362 34 10
363 162 26
363 424 6
364 740 6
366 657 52
368 49 2
368 738 5
368 925 1615
371 112 11
371 705 6
372 352 117
375 77 2017
376 193 3
379 333 14
380 339 2
381 531 3
384 5 21
384 168 63
384 312 8
384 332 2
384 457 2
384 481 10
384 531 2
384 571 16
384 841 21
384 962 3
385 2 3
385 75 2
385 213 6
385 214 2
385 513 14
385 563 2
386 64 15
386 73 3
386 158 3
386 160 17
386 206 2
386 275 12
386 681 2
386 846 2
386 912 2
387 147 2
387 545 2
388 332 3
391 8 3
391 461 2
391 800 2
392 336 3
392 553 3
393 461 4
393 577 8
394 80 3
394 590 2
395 4 7
395 558 21
395 647 2
396 6 2
396 536 21
396 546 92
396 777 2
396 915 24
397 132 7
397 305 5
397 518 77
399 9 2
400 10 84
400 21 6
400 144 2
400 712 7
401 16 247
401 58 2
401 277 2
401 284 24
401 673 2
401 932 13
402 68 7
402 80 2
402 769 2
403 20 12
403 98 283
404 209 2
404 298 17
407 591 6
408 66 2
408 405 2
408 576 3
409 105 3
409 417 2
409 888 2
410 520 15
411 20 4
412 6 522
413 640 8
414 932 1570
415 101 5
416 52 3
416 279 18
416 292 2
416 531 3
416 832 5
417 577 2
418 16 43
419 7 2
419 62 36
419 844 3
420 32 2
420 114 4
420 424 2
420 538 2
422 736 3
423 384 2
423 651 17
424 481 2
425 161 12
425 746 5
427 580 2
428 32 7
428 194 7
428 620 2
428 880 131
430 8 16
430 68 2
430 203 4
433 24 1093
433 197 3
433 398 2
436 641 2
441 21 3
442 146 7
442 691 11
444 769 2
444 801 56
448 513 5
448 655 11
449 321 12
450 450 5
452 48 3
452 136 3
452 205 3
452 488 9
452 512 2
452 513 2
453 368 9
453 661 41
454 9 3075
454 437 28
454 634 9
454 782 4
455 640 2
456 367 57
456 376 3
456 774 4
457 906 7
458 743 2
460 197 2
460 462 2
460 566 725
461 901 3
462 641 2
463 916 2
464 265 15
464 928 2167
465 761 2
467 300 71
472 226 66
472 256 2
472 801 3
473 6 20
473 600 351
476 775 2
480 0 2
480 665 49
480 731 59
480 928 2094
481 288 17
481 416 2
482 64 2
482 285 2
483 555 7
484 841 5
485 134 73
488 3 2
488 269 3
488 334 4
488 565 16
489 64 2
491 112 2
496 978 2
501 519 754
504 267 38
505 332 2
506 706 759
512 1 2
512 5 2
512 36 13
512 52 27
512 65 58
512 153 2
512 420 6
512 438 2
512 453 2
512 482 5
512 514 21
512 522 9
512 685 25
512 936 16
513 42 10
513 47 3
513 65 2
513 100 4
513 112 10
513 304 2
513 340 2
513 548 2
514 11 2
514 36 5
514 401 3
514 452 2
514 522 37
514 572 3
514 780 84
515 93 3
515 157 2
515 598 25
516 33 2
516 69 2
516 169 2
516 385 3
516 555 2
516 582 8
516 605 56
516 779 2
516 785 2
517 0 2
517 3 11
517 8 2
517 34 6
517 132 3
517 177 2
517 233 9
517 281 265
517 525 2
517 672 10
517 676 3
517 768 8
518 41 2
518 66 3
518 517 2
519 517 4
519 944 19
519 967 6
520 9 14
520 94 1242
520 164 2
520 296 49
520 328 3
520 436 3
520 785 2
520 812 40
520 896 21
521 131 2
521 229 3
521 450 6
521 546 5
521 554 2
521 560 2
521 609 11
522 1 25
522 121 11
522 234 786
522 549 5
523 650 2
524 159 2
524 520 22
525 134 24
525 820 5
526 776 4
527 36 2
527 713 20
528 10 8
528 33 6
528 36 5
528 97 7
528 144 2
528 171 2
528 512 2
528 580 2
528 582 5
528 611 2
528 720 282
528 801 12
529 16 16
529 148 21
529 260 37
529 423 2
529 520 67
529 737 2
529 836 2
530 20 14
530 522 43
530 696 4
532 11 2
532 134 2
532 292 5
532 550 1812
532 853 3
533 5 2
533 37 2
533 787 13
534 6 4
534 425 13
534 786 20
534 928 6
536 244 11
536 412 2
536 687 8
536 902 7
537 99 2
537 138 4
537 257 5
537 478 2
538 74 9
538 84 193
541 344 4
541 793 31
544 6 12
544 21 6
544 24 2
544 160 3
544 416 2
544 429 2
544 536 69
544 542 2
544 551 2
544 597 2
544 718 4
545 226 21
545 520 4
545 743 3
545 914 4
546 4 1322
546 263 3
546 650 8
546 758 3
546 900 8
547 265 2
547 427 18
547 577 3
548 141 14
548 169 8
548 512 8
548 577 2
548 586 11
549 68 4
549 97 8
549 146 3
549 288 6
550 36 9
550 649 20
550 800 3
551 40 2
551 89 6
552 136 2
552 640 6
553 36 2
553 933 2
554 4 2
554 137 10
555 52 4
556 409 2
557 15 2
557 400 15
557 512 15
557 557 2
557 770 3
557 938 7
559 557 4
560 18 2
560 32 2
560 96 40
560 104 2
560 168 2
560 354 3
561 10 23
561 444 8
561 521 258
561 786 2
561 993 2
562 162 2
562 977 2
562 992 56
563 20 2
563 410 2
564 28 2
564 656 2
564 659 3
565 105 3
566 4 3
566 132 45
567 793 6
569 385 20
569 522 2
571 100 2
571 457 3
572 36 5
572 64 39
572 257 2
572 370 2
573 797 4
573 886 2
574 533 33
574 696 6
576 4 2
576 5 2
576 133 6
576 172 9
576 193 2
576 228 3
576 371 4
576 525 50
576 547 227
576 607 2
577 72 2
577 222 7
577 292 2
577 401 13
577 577 10
577 661 142
577 997 10
578 26 2
578 96 2
578 136 2
578 554 10
578 572 3
578 575 2
579 80 11
579 136 5802
579 621 3
579 789 489
580 64 4
581 645 8
582 633 18
583 129 2
585 64 9
585 208 9
585 217 2
585 354 20
585 389 9
586 64 3
586 530 133
586 658 2
588 784 32
589 389 2
590 300 252
590 520 9
590 788 3
591 147 3
592 2 2
592 148 2
592 566 545
592 585 97
593 429 2
595 58 16
595 557 5
596 11 2
596 33 2
596 91 2
596 154 8
596 385 446469
597 387 2
599 176 2
599 569 6
600 115 4
600 562 21
600 573 2
600 575 7
601 431 13
602 480 2
604 1006 6
605 80 265
606 281 2
606 807 35
607 288 3
607 393 2
608 176 4
608 522 2
608 576 14
608 648 2
609 28 4
609 210 2
609 225 4
609 768 31
610 24 3
611 125 2
612 170 5
612 534 54
613 840 3
614 265 108
614 936 37
617 374 2
618 70 31
618 1004 7
619 76 102
621 293 2
623 1000 6
624 579 2
625 5 33
625 261 2
626 8 2
626 104 2
626 528 2
626 608 3
627 418 40
627 769 238
627 977 8
629 528 24
635 546 5
638 161 3
640 4 2
640 6 5
640 16 34
640 160 2
640 181 5
640 246 5
640 258 2
640 369 4
640 421 974
640 467 8
640 584 2
640 659 10
640 952 6
642 512 2
642 562 47
642 724 5
643 73 11
643 775 2
644 387 2
644 660 2
644 756 13
644 769 8
645 25 2
645 963 5
646 289 2
646 388 2
648 76 24
648 98 611
648 210 2
648 301 2
648 369 2
648 512 3
648 694 50
648 769 2
649 4 5
649 48 2
650 108 2
650 216 2
650 953 5
651 290 2
652 257 2
652 594 4
654 129 98
654 565 2
655 384 2
655 761 6
656 3 2
656 278 2
656 370 2
656 833 716
658 10 34
658 26 2
658 226 22347
658 640 2
660 52 2
660 85 74
660 648 2
661 244 2
661 608 5
662 374 2
664 16 7
665 3 2
665 260 3
666 66 2
667 587 11
668 163 2
668 464 449
668 749 147
670 515 27
672 1 2
672 64 2
672 129 2
672 514 2
672 717 2
673 104 3
674 288 2
674 672 2
675 257 2
676 52 17
677 121 8
677 641 2
678 237 2
679 556 3
680 39 2
681 6 3
681 33 5
682 14 5
682 156 35
683 278 20
686 426 42
686 593 2
688 385 3
689 80 3
690 110 10
691 12 27
692 260 3
692 914 26
693 522 2
694 6 2
694 768 71
694 931 5
695 517 6
697 710 2
700 229 2
701 34 2
701 941 29
704 34 150
704 135 3
704 292 2
704 514 2
704 673 11
705 596 3
706 17 15
706 161 9
706 460 3
706 732 2
709 325 6
709 354 5
709 644 15
710 2 2
711 19 3
712 141 10
712 283 11
712 294 53
712 862 24
713 593 3
713 837 2
716 98 3
716 339 2
716 649 2
716 842 2
719 512 7
720 7 12
720 144 5
720 803 48
721 0 3221
721 104 12
721 323 3
721 584 5
722 82 101
722 100 9
722 146 2
722 258 3
722 393 2
722 464 5
723 142 22
724 596 2
725 44 2
725 65 2
726 322 1478
727 200 9
728 227 55
728 712 2
730 332 7
732 834 2
736 24 2
737 64 6
737 288 2
737 610 2
738 970 2
740 235 3
740 778 2
740 801 2
741 45 2
741 260 543
743 787 2
744 124 86
744 762 37
745 63 118
746 386 2
746 536 11
752 261 13
752 494 2
752 786 8
754 32 28
759 130 57
760 40 11
760 220 2
760 257 17
760 300 5
761 435 2
763 668 2
765 513 9
768 68 3
768 226 21
768 326 2
768 502 13
768 608 11
768 666 3
768 736 2
768 738 16
769 34 11
769 277 313
769 350 2
769 640 9
769 773 10
770 67 6
770 211 6
770 256 92
770 515 2
770 663 2
771 128 16
771 793 4
771 800 2
772 32 517621
772 130 2
773 1 2
774 8 35
775 48 9034
775 921 3
776 101 2
776 155 27
776 586 2
776 697 2
777 6 8
777 84 2
777 318 2
778 330 2
778 389 2
780 16 3
780 193 2
780 707 2
780 901 13
781 496 2
782 405 2
784 1 2
784 514 71
784 549 18
784 569 3
784 604 21
784 634 16
784 841 2
785 45 5
786 142 37
786 521 2
786 576 6
786 914 8
787 199 2
788 25 2
788 324 2
792 274 652
792 540 2
792 594 4
793 52 2
793 498 2
793 628 2
795 422 2
795 661 8
798 776 2
799 433 6
800 9 2
800 45 6
800 73 3
800 97 9
800 133 73
800 824 4
801 34 9
801 312 3
801 592 3
801 642 2
802 660 7
802 769 2
803 512 2
804 0 5
804 433 13
804 779 2
805 387 13
805 781 2
806 43 4
806 134 2
806 232 10
806 326 3
808 302 2
808 526 2
808 777 2
808 937 6
808 945 9
810 17 8
810 394 2
810 416 17
812 778 822
814 161 108
814 264 3
814 905 11
816 24 981
817 784 13
818 253 289
819 69 39
821 236 34
824 392 9
824 609 11
824 978 2
832 16 2
832 21 2
832 30 195
832 43 100
832 281 10
832 304 2
832 328 24
832 427 2
833 999 4
834 32 2
834 104 2
834 148 2
834 912 3
835 264 92
835 392 9757
835 583 2
836 388 2
836 485 2
838 785 6
840 106 12
840 545 19
840 800 342
841 32 2
841 370 364
842 132 3
842 200 2
843 939 38
845 624 9
848 90 2
848 188 2
848 313 2
848 899 21
849 792 2
849 1018 56
850 776 2
851 195 4
852 2 4
852 72 12
852 824 28
854 681 14
856 256 2
856 866 2
857 42 2
862 130 2
863 516 7
864 23 34
864 786 6
867 998 43
868 332 9
870 68 97
871 264 1312
872 32 74
872 50 6
872 165 2
873 9 23
874 360 2
875 164 4
878 258 290
882 42 2
882 778 2
884 802 57
885 601 14
894 392 2
895 603 3
896 330 6
896 868 11
897 39 22
897 115 2
897 523 15
897 1002 13
898 699 714
899 537 2
899 736 5
900 4 2
900 162 3
900 313 3
902 131 48
902 420 17
903 339 2
904 112 4
904 231 16
904 552 2
904 888 2
904 929 2
905 12 2
905 196 22
905 572 2
906 137 401
906 194 2
906 328 2
908 456 211
910 614 24
911 5 5
911 10 2
911 896 7
912 2 19
912 85 2
914 216 11
914 669 2
914 968 9
915 431 7481
916 742 7
917 912 4
918 0 2
921 272 3
921 320 2
922 8 2
924 33 3
927 190 6
928 384 3
928 516 4
928 518 3
929 10 2
929 316 162
930 547 2
930 720 2
931 230 3
931 657 4
932 274 4
932 783 5
933 657 2
934 94 2
938 261 2
938 316 2
938 552 2
940 512 9
944 165 5
944 756 2
945 456 49
946 205 299
947 568 2
948 9 3
951 818 6
952 37 2
953 905 2
954 22 3
956 846 3
958 844 3
960 358 2
961 131 2
961 291 9
961 333 19
961 472 5
961 481 150
965 937 3
966 29 2
966 192 12
966 197 18
966 555 2
968 51 2
968 352 6
968 360 13
969 769 2
970 180 64
975 205 2
976 321 2
976 779 3
977 22 22
977 34 3
977 549 3
978 817 2
984 324 2
984 483 3
985 268 2
986 772 95
987 962 37
988 366 1820
990 35 32
996 36 13
998 179 2
1000 260 19
1001 286 77
1002 652 4
1002 912 3
1003 684 2
1004 129 3
1011 36 2
1013 316 5
1018 358 17
1020 371 3832
1020 385 2
1021 643 2
