0 4 13
0 8 2
0 9 2
0 17 39
0 29 20
0 112 2
0 135 2
0 150 21
0 156 2
0 166 2016
0 215 2
0 256 13
0 265 25521
0 274 3
0 321 2
0 352 2
0 415 10
0 618 2
0 670 2
0 674 2
0 679 2
0 704 16
0 843 8
0 902 2
0 917 2
1 7 2
1 15 11
1 30 6
1 37 2
1 135 4
1 228 3
1 292 684560
1 357 3
1 481 6
1 565 6
1 644 4
1 768 5
1 825 2
1 920 2
2 0 2
2 3 17
2 8 4
2 48 2
2 132 3
2 167 39
2 260 3
2 328 2
2 523 2
2 826 2
3 24 248
3 131 2
3 272 4
3 277 2
3 530 12
3 592 6
3 652 3
3 817 3
4 0 18
4 4 210
4 15 2
4 24 3
4 50 7
4 60 6
4 64 2
4 284 2
4 293 2
4 368 2
4 517 4
4 683 2
4 774 2
4 808 3
5 584 6
5 887 2
6 148 2
6 212 7
6 259 4
6 267 4
6 268 7
6 466 4
6 512 2
6 798 2
6 1002 2
7 110 525
7 237 2
7 715 159
8 1 2
8 2 3
8 19 3
8 58 12
8 272 2
8 273 2
8 386 14
8 486 617
8 552 13
8 642 11
8 656 261
8 850 4
8 902 2
9 39 2
9 43 776
9 274 3
9 416 2
9 526 5
9 572 2
9 823 9542
9 907 2
10 75 3
10 84 5
10 160 2
10 208 11
10 518 2
10 523 8
10 584 2
10 599 2
10 680 10
11 204 2
11 752 8
12 24 11
12 55 45
12 116 2602
12 269 2
12 366 12
12 634 3
12 781 12
13 66 9
13 192 7
13 320 7296
13 780 2
14 127 3
14 152 2
14 210 5
14 376 10
14 616 6
15 352 12
15 659 2
15 854 2
16 9 5
16 24 4
16 132 334
16 148 2
16 643 3
16 806 14
17 48 28
17 129 2
17 258 1907
18 51 78
18 203 4
18 215 2
18 290 2
18 641 2
18 645 8
19 24 51
19 709 31
20 10 2
20 28 4
20 36 2
20 176 3
20 194 5
20 323 2
20 786 11
21 116 2
21 258 2
21 308 56
22 24 5
22 68 7
22 107 4
22 133 34
22 281 2
22 320 13
22 331 2
22 565 2
23 328 2
23 770 10
23 886 3
24 9 2
24 786 2
24 944 2
25 523 12
25 592 2
26 20 2
26 22 2
26 109 11
27 210 2
27 547 3
27 549 2
28 42 49841
28 72 205
28 146 168
28 624 8
28 647 50
29 1 2
29 5 2
29 532 2
29 809 4
30 21 7
30 52 2
30 129 2
30 588 15
31 561 9
32 16 3
32 42 2
32 185 8
32 204 2
32 211 2
32 219 2
32 276 2
32 388 2
32 414 2
32 514 2
32 612 3
32 848 2
32 960 2
33 2 5
33 3 2
33 26 2
33 31 2
33 64 8
33 276 6
33 277 11
33 320 11
33 544 3
33 898 4
33 945 2
34 144 2
34 663 10
34 720 2
34 800 2
35 65 5
35 266 17
36 12 2
36 34 6
36 48 135
36 257 131
36 288 14
36 320 3
36 448 2
36 555 13
36 705 2
37 2 5
37 13 41
37 364 2
37 520 3
37 594 6
37 640 17
37 673 2
38 1 16
38 180 28
38 204 2
38 544 2
39 3 12
39 48 10
39 520 2
39 982 7
40 9 4
40 20 6
40 39 2
40 65 2
40 256 3
40 512 2
40 528 2
40 605 2
40 672 9
40 756 6
40 761 8
40 840 2
40 980 56
41 96 2
41 263 2
41 276 13
41 321 64058
41 513 2
41 987 3
42 42 4
42 140 3195
42 329 104
42 411 2
42 839 3
43 1 16
44 10 2
44 12 9
44 47 2
44 430 2
44 524 3
44 794 2
45 23 5
45 50 12
45 74 2
45 266 2
45 615 7
45 808 2
45 844 2
46 57 7
47 80 738
47 1022 5
48 67 2
48 168 4
48 176 2
48 193 6
48 198 2
48 226 2
48 646 3
48 708 12
48 789 6
48 843 2
48 932 4
49 4 2
49 17 2
49 310 7
49 313 2
49 516 2
50 9 22
50 113 20
50 528 2
51 377 2
52 188 3
52 256 2
52 285 3
52 899 2
53 146 3
53 245 69
54 112 60
54 718 4
55 278 278
56 89 12
56 472 12398
56 544 103
56 560 7
57 5 2
57 128 2
57 448 10
58 113 2
58 470 7
59 58 51
59 292 4
59 453 824
59 583 3
60 3 4
60 33 2
60 112 2
61 644 29
61 648 80
62 521 33
62 612 7
64 1 56
64 192 2
64 194 2
64 197 4
64 272 29
64 370 2
64 465 67
64 481 2
64 514 2
64 686 49
64 756 10
64 771 15
64 780 51
64 790 2
65 25 2
65 61 31
65 96 6
65 104 4
65 218 2
65 265 32
65 274 2
65 421 43
65 515 36
65 571 6
65 614 6
66 140 2
67 2 5
67 16 6
67 20 2
67 37 3
67 73 57999
67 453 3
67 482 11
67 840 2
68 153 2
68 192 8
68 226 3
68 284 2
69 138 4
69 572 17
69 768 2
70 109 2
70 431 3
70 646 9
70 648 5
71 1 149
71 264 3
71 700 164
72 37 3
72 65 16
72 280 7
72 533 10
72 961 2
73 39 2
73 870 3
74 512 6
74 548 6
74 600 39
74 768 5
74 1012 40
75 259 155
75 576 2
76 76 2
76 84 5
76 133 25
76 262 2
76 586 6
76 855 4
77 256 2
77 267 17
78 288 2
78 517 149
78 784 3
78 919 4
79 165 14
79 386 5
80 82 2
80 132 2
80 211 307
80 528 7
80 677 2
80 920 2
81 807 2
81 852 3
82 280 151
82 283 19
83 115 3
83 124 2
83 304 16
83 617 2
83 784 2
84 64 2
84 74 57
84 216 15
85 65 2
87 353 5
87 462 2
87 512 8
88 330 3
88 782 11
89 2 8
89 76 173
90 20 1901
90 274 2
90 843 10
90 977 2
91 154 3
91 652 3
91 951 2
92 91 2
93 49 2
93 134 4
93 669 2
94 954 5
95 20 8
95 34 3
96 32 2
96 103 5
96 148 2
96 208 2
96 220 2
96 276 3
96 304 2
96 547 2
96 776 3
96 820 12
97 18 11
97 48 4
97 130 3
97 144 2
97 167 3
97 286 16
97 473 15
97 525 12
98 352 3
98 401 4
98 928 2
99 117 11
99 134 71
99 249 2
100 128 3
100 294 5
100 768 10
100 901 7
101 70 14
101 124 2
101 161 3
101 392 2
101 599 3
102 6 5
102 166 2
102 264 4
103 704 13
104 26 2
104 28 2
104 48 2
104 64 1291
104 132 3
104 313 40
104 673 4
105 3 28
105 296 2
105 779 2
106 516 2
106 652 2
107 3 7
107 129 31
108 133 8
108 514 2
108 825 11
109 707 15
111 12 5
112 0 28
112 1 46
112 3 2
112 28 66
112 84 10
112 165 4
112 776 2
114 68 22
114 416 2
114 452 4
114 497 2
114 872 2
116 33 26
117 803 2
119 446 2
119 836 2
120 0 7
120 76 10
121 536 3
122 185 8
122 294 14
123 600 202
124 304 94
124 348 2
125 268 2
128 10 73
128 58 4
128 134 6
128 200 7
128 208 3
128 320 3
128 362 2
128 375 4
128 433 15
128 628 2
129 0 10
129 10 2
129 37 2
129 39 2
129 163 2
129 584 2
130 78 2
130 272 11
130 273 99
130 520 9
130 532 3
130 540 6
130 772 2
130 980 2
131 581 2
132 6 2
132 17 2
132 94 42
132 137 2
132 372 5
132 516 14
132 713 24
132 916 2
132 957 10
133 23 2
133 614 29
134 67 90
134 84 2
134 224 3
134 377 2
134 390 7
134 516 6
134 768 12
135 258 3
136 21 5
136 39 37
136 81 917
136 160 25
136 657 14
136 684 6
136 831 42
137 148 2
137 256 7
137 259 4
137 678 8
137 778 2
138 266 2
138 415 8
138 590 3
138 902 2
139 87 9
139 426 2
139 865 2
140 72 2
140 135 2
140 143 3
140 168 3
140 464 75
140 724 8
140 776 2
141 2 2
141 521 4
141 954 2
142 641 15
143 116 2
143 187 2
143 286 2
144 68 2
144 248 3
144 257 2
144 433 14
144 520 37
145 1 2
145 2 2
145 67 4
145 94 13
145 216 9
145 273 15
145 392 2
145 513 2
145 576 3
146 69 102
146 146 9
146 396 3
146 910 7
147 513 26
147 522 40
148 24 9
148 130 10
148 139 2
148 146 2
148 278 7
148 515 17
148 912 2
149 20 54
149 633 2
150 141 4
150 656 2
151 132 2
151 207 8
151 250 12
153 26 2
153 151 10
153 171 17
153 592 2
153 598 3
153 833 2
153 961 6
156 54 2
156 521 4
156 814 6
158 104 2
159 526 6
160 34 2
160 144 4
160 452 3
160 644 2
160 801 2
161 21 3
161 40 5
161 326 5
161 524 2
161 576 2
161 898 3
162 160 627
162 290 2
162 306 2
162 517 57
163 361 7
163 601 6
164 34 22
164 38 2
164 87 13
164 217 2
164 280 4
164 329 13
164 481 5
164 636 2
164 646 391
165 141 4
166 686 11
167 104 2
167 289 2
167 384 573
167 456 67
167 712 58
168 8 8
168 52 19
168 67 2
168 68 2
168 98 77
168 480 5
169 25 5
169 72 4
169 351 7
169 514 2
171 144 2
171 810 2
172 32 8
172 569 2
172 664 6
174 493 2
174 582 2
175 863 5
176 32 78
176 137 2
176 270 2
176 273 2
176 824 2
176 932 5
177 128 2
177 560 110
177 611 9
177 744 2
178 100 2
178 144 2
178 580 18
178 797 7
179 429 2
180 152 3
180 600 6
180 973 3
181 97 5
181 331 2
181 768 2
181 964 3
182 728 14
184 141 28
184 161 7
184 664 2
185 5 9
185 42 5
185 391 11
186 272 32
186 582 2
187 800 2
188 4 5
192 43 1516
192 52 435
192 177 27
192 524 2
192 898 2
192 904 11
192 999 2
193 28 2
193 120 5
193 131 2
193 422 5
193 718 4
193 775 13
194 592 2
196 81 3
196 286 12
196 377 2
197 61 2
197 100 3
197 592 2
197 611 8
197 769 2
198 3 17
198 196 5
198 812 8
200 924 6
201 98 2
201 140 2
202 11 2
203 654 2
204 6 71
204 520 3
206 80 2
206 530 7
208 12 14
208 14 2
208 88 2
209 513 26
209 564 2
210 1 3
210 882 2
212 34 101
212 69 7
212 262 66
212 285 2
212 673 5
213 64 3
214 369 2
214 585 3
216 138 2
216 792 49
218 86 2
219 389 11
220 176 18
220 658 10
222 852 2
225 257 7
225 316 78
225 948 2
226 35 2
226 157 6
227 336 7
227 592 6
227 838 2
228 32 24
228 294 2
230 9 91
231 290 2
232 5 19
232 80 7
232 130 4
232 480 5
233 212 10
233 912 2
233 973 2
234 848 2
234 917 2
235 281 22
235 645 16
237 91 3
238 620 2
239 370 2
240 18 17
240 66 4
240 799 3
240 914 2
241 206 257
241 245 3
242 156 12
244 33 2
244 932 2
245 705 1350
246 64 2
248 0 2
248 290 2
248 557 8
248 902 3
250 46 7
256 1 2
256 5 5
256 68 5
256 69 2
256 97 3
256 243 2
256 262 2
256 312 3
256 344 10
256 416 3
256 512 17
256 522 2
256 764 41
256 772 3
256 804 2
256 992 2
257 0 14
257 156 11
257 272 6
257 544 5
257 680 9
257 806 26
257 912 5
257 920 4
257 945 2
258 24 6
258 34 2
258 36 4
258 138 22
258 265 2
258 673 7
258 810 5
258 880 3
259 7 4
259 100 18
259 268 2
259 532 16
260 131 4
260 256 3
260 295 563
260 522 80
260 545 29
260 678 7
260 978 15
261 8 2
261 72 2
261 672 2
261 995 13
262 32 16
262 134 4
262 193 2
262 256 2
262 906 2
262 1013 7
264 1 13
264 4 2
264 296 2
264 320 2
264 568 65
265 264 51
265 339 1353
266 56 4
266 272 2
266 326 4
266 336 157
266 504 5
267 523 7
267 581 41
268 12 5
268 34 12
268 192 56
268 524 2
268 577 10
269 444 4
269 640 2
270 73 2
270 532 5
270 642 13
272 41 2
272 162 5
272 208 10154
272 225 13
272 234 17
272 259 2
272 280 23
272 378 2
272 520 2
272 554 35
272 640 3
272 899 5101
273 47 3
273 581 4
273 693 1047
273 809 13
273 903 2
274 98 2
274 334 2
275 4 2
275 16 2
275 116 1589
275 133 2
275 485 3
275 512 2
276 288 7
276 392 15
276 538 2
276 628 3
276 661 2
277 8 75
277 128 9
278 258 69
279 18 3
279 901 14
280 36 2
280 82 10
280 600 17
280 674 2
281 101 12
282 136 2
282 576 2
282 717 27
282 787 19
283 35 11
284 835 2
285 104 2
286 624 14
286 832 5
287 448 19
287 802 2
288 47 2
288 50 4
288 132 5
288 224 2
288 341 2
288 545 12
289 36 15
289 60 2
289 156 64
289 345 3
289 468 2
289 472 3
289 648 14
289 753 2
289 788 5
290 0 14
290 258 97
291 32 10
291 610 25
291 768 3
291 967 35
292 134 5
292 162 2
292 593 39
293 256 7
293 960 7
294 742 2
296 57 4
296 84 4
296 131 131
296 231 6
296 260 6
296 288 2
296 336 2
296 409 5
296 516 23
297 167 3
297 389 2
297 544 2
298 75 16
298 800 2
299 78 3
299 291 2
300 29 2
300 140 25
301 274 2
301 777 2
303 292 58
304 6 3
304 8 3
304 63 7
304 106 2
304 212 3
304 258 3
304 292 11
305 11 3
305 34 3
305 163 10
305 576 2
306 36 2
306 550 33
306 918 26
307 514 2
308 21 2
308 640 2
308 692 2
308 832 6
308 848 12
309 77 2
309 774 7
310 44 111
310 936 2
312 514 9
314 376 5
314 518 3
315 739 5
318 532 2
318 914 2
320 315 2
320 407 2
320 428 2
320 468 2
320 720 5
321 4 3
321 262 7
321 768 9
321 834 2
321 1008 12
322 0 4
322 80 2
322 196 2
322 899 38
322 902 2
323 515 2
324 16 49
324 106 2
324 167 3
324 179 8
324 200 3
324 513 22
324 530 14
325 74 2
325 145 2
325 192 7
325 720 2
326 11 5
326 16 2
326 32 4
326 116 143
326 280 2
327 698 2
329 35 8
329 258 5
329 836 2
330 204 2
331 512 2
332 456 3
332 643 2
334 265 2
334 288 9451
336 18 7
336 100 3
336 576 20
336 632 7
337 352 3
337 833 7
338 33 17
338 169 9
339 42 16
340 0 2
340 106 3
340 704 2
340 763 8
341 576 2
342 15 37
342 168 27
342 272 9
343 475 14
344 188 1020
344 676 3
345 32 45
345 728 2
346 11 6
347 149 3
347 296 4
347 313 2
348 128 2
348 395 4
349 12 2
352 409 9
352 419 3
352 514 7
352 680 3704
352 794 6
353 684 3
354 25 2
354 30 2
354 288 4
354 836 2
354 969 29
355 134 3
355 634 3
356 800 2
357 433 7
357 641 19
357 690 53
358 3 2
358 168 2
358 197 4
360 555 5
360 732 2
360 810 2
361 266 280
361 316 2
362 34 10
363 162 2
363 424 3
364 740 139
366 657 19
368 49 2
368 738 2
368 925 2
371 112 16
371 705 4
372 352 2
375 77 2
376 193 5
379 333 2
380 339 2
381 531 2
384 5 2
384 168 30
384 312 4
384 332 6
384 457 6
384 481 12
384 531 3
384 571 6
384 841 7
384 962 6
385 2 3
385 75 2
385 213 2
385 214 333
385 513 6
385 563 2
386 64 3
386 73 9
386 158 12
386 160 15
386 206 2
386 275 2
386 681 2
386 846 2
386 912 3
387 147 2
387 545 2
388 332 2
391 8 2
391 461 4
391 800 26
392 336 3
392 553 21
393 461 2
393 577 6
394 80 2
394 590 2
395 4 4
395 558 2
395 647 2
396 6 3
396 536 3
396 546 2
396 777 2
396 915 9
397 132 132
397 305 7
397 518 2
399 9 3
400 10 9
400 21 5403
400 144 4
400 712 11
401 16 3
401 58 2
401 277 4
401 284 2
401 673 2
401 932 7
402 68 18
402 80 2
402 769 2
403 20 15
403 98 2
404 209 3
404 298 3
407 591 47
408 66 6
408 405 2
408 576 2
409 105 3
409 417 2
409 888 11
410 520 2
411 20 8
412 6 2
413 640 3
414 932 73
415 101 2
416 52 2
416 279 3
416 292 2
416 531 12
416 832 13
417 577 2
418 16 2
419 7 18
419 62 5
419 844 7
420 32 9
420 114 3
420 424 9
420 538 322
422 736 356
423 384 257
423 651 4
424 481 2
425 161 2
425 746 23
427 580 20
428 32 2
428 194 17
428 620 2
428 880 6
430 8 3
430 68 12
430 203 4
433 24 174
433 197 5
433 398 2
436 641 48
441 21 2
442 146 10
442 691 4
444 769 2
444 801 2
448 513 4
448 655 9
449 321 4
450 450 12
452 48 333
452 136 2
452 205 12
452 488 20
452 512 2
452 513 14
453 368 4
453 661 3
454 9 2
454 437 197
454 634 4
454 782 3
455 640 12
456 367 10
456 376 6
456 774 2
457 906 2
458 743 3
460 197 44
460 462 3
460 566 2
461 901 9
462 641 692
463 916 2
464 265 5
464 928 2
465 761 59
467 300 2
472 226 2
472 256 6
472 801 4
473 6 4
473 600 2
476 775 13
480 0 57
480 665 3
480 731 26
480 928 2
481 288 15
481 416 2
482 64 26
482 285 43
483 555 10
484 841 4
485 134 2
488 3 2
488 269 2
488 334 5
488 565 967
489 64 54
491 112 12
496 978 2
501 519 2
504 267 652
505 332 2
506 706 2
512 1 10
512 5 13
512 36 2
512 52 3
512 65 2
512 153 2
512 420 11
512 438 631
512 453 15
512 482 5
512 514 3
512 522 2
512 685 12
512 936 32
513 42 2
513 47 2
513 65 3
513 100 3
513 112 15
513 304 2
513 340 4
513 548 402
514 11 2
514 36 2
514 401 2
514 452 7
514 522 2
514 572 2
514 780 11
515 93 5
515 157 2
515 598 3
516 33 25
516 69 2
516 169 2
516 385 624
516 555 2
516 582 5
516 605 2
516 779 2
516 785 2
517 0 2
517 3 5
517 8 5
517 34 4
517 132 16
517 177 24
517 233 6
517 281 8
517 525 60
517 672 27
517 676 2
517 768 13
518 41 2
518 66 30
518 517 13
519 517 4
519 944 16
519 967 4
520 9 11
520 94 17284
520 164 37
520 296 2
520 328 2
520 436 7
520 785 2
520 812 5
520 896 5
521 131 2
521 229 23
521 450 3
521 546 33
521 554 6
521 560 16
521 609 2
522 1 141
522 121 2
522 234 6
522 549 7
523 650 7
524 159 11
524 520 15
525 134 2
525 820 2
526 776 2
527 36 5
527 713 12
528 10 2
528 33 5
528 36 4
528 97 10
528 144 250
528 171 2
528 512 3
528 580 2
528 582 2
528 611 7
528 720 2
528 801 2
529 16 13
529 148 12
529 260 39
529 423 727
529 520 4
529 737 26
529 836 13798
530 20 9
530 522 3
530 696 2
532 11 2
532 134 2
532 292 5
532 550 4
532 853 2
533 5 2
533 37 9
533 787 28
534 6 4
534 425 2
534 786 10
534 928 10
536 244 10
536 412 6
536 687 6
536 902 4
537 99 2
537 138 3
537 257 6
537 478 2
538 74 9
538 84 107
541 344 2
541 793 2
544 6 49
544 21 5
544 24 3
544 160 3
544 416 488
544 429 2
544 536 3
544 542 2
544 551 2
544 597 2
544 718 2
545 226 2
545 520 2
545 743 2
545 914 5
546 4 2
546 263 15
546 650 16
546 758 2
546 900 14
547 265 2
547 427 44
547 577 9
548 141 2
548 169 12
548 512 2
548 577 3
548 586 21
549 68 5
549 97 21
549 146 11
549 288 6
550 36 2
550 649 8
550 800 5
551 40 57
551 89 3
552 136 2
552 640 6
553 36 115
553 933 3
554 4 8
554 137 2
555 52 91
556 409 4
557 15 2
557 400 12
557 512 2
557 557 4
557 770 8
557 938 30
559 557 2
560 18 38
560 32 43
560 96 34
560 104 2
560 168 2
560 354 4
561 10 5
561 444 6
561 521 23
561 786 58490
561 993 3
562 162 2
562 977 2
562 992 2
563 20 8
563 410 2
564 28 2
564 656 2
564 659 27
565 105 11
566 4 7
566 132 9
567 793 2
569 385 2
569 522 2
571 100 2
571 457 13
572 36 2
572 64 2
572 257 2
572 370 11
573 797 4
573 886 2
574 533 6
574 696 6
576 4 44
576 5 2
576 133 18
576 172 2
576 193 117198
576 228 8
576 371 3
576 525 38
576 547 2
576 607 6
577 72 2
577 222 7
577 292 2
577 401 4
577 577 4
577 661 4
577 997 10
578 26 9
578 96 2
578 136 19
578 554 5
578 572 4
578 575 3
579 80 5
579 136 2
579 621 9
579 789 11
580 64 11
581 645 2
582 633 24
583 129 2
585 64 2
585 208 2
585 217 5
585 354 2
585 389 13
586 64 2
586 530 2
586 658 2
588 784 120
589 389 2
590 300 61
590 520 2
590 788 5
591 147 21112
592 2 6
592 148 64
592 566 25
592 585 2
593 429 20
595 58 11
595 557 2
596 11 2
596 33 2
596 91 8
596 154 8
596 385 209
597 387 2
599 176 7
599 569 3
600 115 9
600 562 6
600 573 2
600 575 13
601 431 6
602 480 2
604 1006 2
605 80 2
606 281 2
606 807 347
607 288 36
607 393 2
608 176 3
608 522 2
608 576 2
608 648 2
609 28 6
609 210 21
609 225 2
609 768 34
610 24 2
611 125 15
612 170 26
612 534 16
613 840 2
614 265 2
614 936 2
617 374 2
618 70 4
618 1004 2
619 76 2
621 293 9
623 1000 2
624 579 2
625 5 2
625 261 2
626 8 12
626 104 2
626 528 6
626 608 13
627 418 26
627 769 2
627 977 2
629 528 2
635 546 7
638 161 10
640 4 2
640 6 2
640 16 30
640 160 4
640 181 2
640 246 3
640 258 14
640 369 11
640 421 388
640 467 67
640 584 2
640 659 2
640 952 28
642 512 5
642 562 42
642 724 18
643 73 2
643 775 23
644 387 2
644 660 2
644 756 2
644 769 3
645 25 6
645 963 5
646 289 2
646 388 7
648 76 2
648 98 2
648 210 2
648 301 3
648 369 2
648 512 4
648 694 31
648 769 4
649 4 56
649 48 20
650 108 2
650 216 2
650 953 2
651 290 779
652 257 2
652 594 25
654 129 34
654 565 4899
655 384 2
655 761 4
656 3 2
656 278 2
656 370 958161
656 833 2
658 10 2
658 26 18
658 226 7
658 640 13
660 52 900
660 85 2
660 648 12
661 244 2
661 608 11
662 374 2
664 16 14
665 3 12
665 260 2
666 66 2
667 587 7
668 163 2
668 464 2
668 749 2
670 515 15
672 1 782
672 64 2
672 129 6
672 514 19
672 717 5
673 104 2
674 288 130
674 672 4
675 257 2
676 52 11
677 121 6
677 641 9
678 237 1122
679 556 2
680 39 2
681 6 5
681 33 32
682 14 2
682 156 13
683 278 9
686 426 61
686 593 2
688 385 4
689 80 2
690 110 2
691 12 8
692 260 2
692 914 8
693 522 4
694 6 2
694 768 2
694 931 1380692
695 517 12
697 710 3
700 229 41
701 34 2
701 941 2
704 34 3
704 135 45
704 292 47
704 514 6
704 673 7
705 596 2
706 17 2
706 161 53
706 460 2
706 732 4
709 325 11
709 354 7
709 644 6
710 2 2
711 19 49
712 141 5
712 283 14
712 294 16
712 862 7
713 593 7
713 837 2
716 98 8
716 339 3
716 649 2
716 842 2
719 512 2
720 7 2
720 144 2
720 803 14
721 0 2
721 104 3
721 323 5
721 584 2
722 82 57
722 100 3
722 146 4
722 258 11
722 393 2
722 464 8
723 142 9
724 596 2
725 44 2
725 65 2
726 322 2
727 200 25
728 227 2
728 712 2
730 332 3
732 834 13
736 24 2
737 64 4
737 288 2
737 610 76
738 970 2
740 235 2
740 778 2
740 801 17
741 45 12
741 260 55
743 787 16
744 124 2
744 762 8
745 63 9
746 386 12
746 536 7
752 261 5
752 494 8
752 786 5
754 32 2
759 130 1550
760 40 4
760 220 87
760 257 4
760 300 8
761 435 1453
763 668 2
765 513 3
768 68 2
768 226 3
768 326 3
768 502 2
768 608 3
768 666 2
768 736 6
768 738 5
769 34 12
769 277 534
769 350 83
769 640 4
769 773 2
770 67 3
770 211 3
770 256 561
770 515 2
770 663 4
771 128 21
771 793 3
771 800 77
772 32 2
772 130 10
773 1 3
774 8 2
775 48 2
775 921 2
776 101 2
776 155 27
776 586 2
776 697 2
777 6 2
777 84 5
777 318 4
778 330 1442
778 389 299555
780 16 2
780 193 2
780 707 2
780 901 7
781 496 650
782 405 243
784 1 2
784 514 2
784 549 17
784 569 17
784 604 14
784 634 2
784 841 6
785 45 27
786 142 18
786 521 2
786 576 2
786 914 6
787 199 2
788 25 3
788 324 7
792 274 12
792 540 2
792 594 2
793 52 9
793 498 39
793 628 5
795 422 2
795 661 2
798 776 2
799 433 10
800 9 2
800 45 27
800 73 6
800 97 9
800 133 29
800 824 2
801 34 210
801 312 24
801 592 4
801 642 2
802 660 3
802 769 19
803 512 16
804 0 5
804 433 4
804 779 69
805 387 2
805 781 3
806 43 2
806 134 2
806 232 3
806 326 11
808 302 2
808 526 2
808 777 5
808 937 2
808 945 25
810 17 4
810 394 4
810 416 2
812 778 2
814 161 79
814 264 3
814 905 6
816 24 6
817 784 2
818 253 238
819 69 13
821 236 2
824 392 14
824 609 9
824 978 9
832 16 6
832 21 55933
832 30 109
832 43 2
832 281 8
832 304 2
832 328 25
832 427 47
833 999 2
834 32 3
834 104 2
834 148 4381
834 912 16
835 264 39
835 392 2
835 583 2
836 388 70
836 485 30
838 785 8
840 106 6
840 545 5
840 800 2
841 32 2
841 370 208
842 132 12
842 200 1505
843 939 2
845 624 3
848 90 3
848 188 5
848 313 2
848 899 4
849 792 3
849 1018 8
850 776 2
851 195 21
852 2 3
852 72 52
852 824 2
854 681 2
856 256 9
856 866 2
857 42 5
862 130 2
863 516 2
864 23 2
864 786 4039
867 998 31
868 332 3
870 68 10
871 264 2
872 32 2
872 50 6
872 165 924
873 9 113
874 360 34258
875 164 4
878 258 25
882 42 2
882 778 2
884 802 10
885 601 13
894 392 2
895 603 10
896 330 16
896 868 10
897 39 2
897 115 7
897 523 2
897 1002 2
898 699 3981
899 537 2
899 736 2
900 4 2
900 162 2
900 313 6
902 131 13
902 420 2
903 339 5
904 112 2
904 231 2
904 552 6
904 888 37795
904 929 2
905 12 2
905 196 37
905 572 9
906 137 77
906 194 2
906 328 3
908 456 2575
910 614 14
911 5 6
911 10 75
911 896 2
912 2 723
912 85 2
914 216 2
914 669 2
914 968 17
915 431 37
916 742 2
917 912 2
918 0 20
921 272 2
921 320 3
922 8 199
924 33 2
927 190 10
928 384 2
928 516 2
928 518 2
929 10 23
929 316 9
930 547 2
930 720 2
931 230 2
931 657 17
932 274 35
932 783 10
933 657 2
934 94 8
938 261 15
938 316 2
938 552 9
940 512 5
944 165 10
944 756 8
945 456 10
946 205 2
947 568 2
948 9 2
951 818 22
952 37 8
953 905 2
954 22 11
956 846 4
958 844 2
960 358 2
961 131 5
961 291 2
961 333 5
961 472 5
961 481 20
965 937 29
966 29 335
966 192 5
966 197 2
966 555 2
968 51 93
968 352 3
968 360 40
969 769 2
970 180 2
975 205 2
976 321 5
976 779 2
977 22 51
977 34 5
977 549 3
978 817 2
984 324 2
984 483 4
985 268 2
986 772 2
987 962 2
988 366 3
990 35 103
996 36 2
998 179 9
1000 260 24
1001 286 2
1002 652 259
1002 912 6
1003 684 2
1004 129 75
1011 36 2
1013 316 6
1018 358 2
1020 371 2
1020 385 2
1021 643 2
