0 4 2
0 8 2
0 9 8
0 17 8
0 29 2
0 112 9
0 135 2
0 150 2
0 156 19
0 166 2
0 215 2
0 256 7
0 265 2
0 274 139
0 321 12
0 352 21
0 415 2
0 618 115
0 670 5
0 674 2
0 679 3
0 704 3
0 843 8
0 902 37
0 917 190
1 7 2
1 15 24
1 30 4
1 37 6
1 135 7
1 228 4
1 292 2
1 357 8
1 481 15
1 565 5
1 644 2
1 768 7
1 825 19
1 920 83
2 0 2
2 3 11678
2 8 950231
2 48 2
2 132 3
2 167 11
2 260 3
2 328 7
2 523 6
2 826 87
3 24 35
3 131 15
3 272 9
3 277 3
3 530 17
3 592 14
3 652 2
3 817 2
4 0 5
4 4 2
4 15 2
4 24 6
4 50 3
4 60 31
4 64 2
4 284 13
4 293 2
4 368 2
4 517 2
4 683 2
4 774 515
4 808 22
5 584 3
5 887 2
6 148 4
6 212 10
6 259 2
6 267 6
6 268 4
6 466 3
6 512 2
6 798 2
6 1002 2
7 110 2
7 237 2
7 715 2
8 1 2
8 2 172
8 19 102
8 58 4
8 272 2
8 273 2
8 386 6
8 486 2
8 552 5
8 642 38
8 656 20
8 850 3
8 902 2
9 39 1229
9 43 3
9 274 10
9 416 4
9 526 2
9 572 2
9 823 2
9 907 2
10 75 11
10 84 20
10 160 6
10 208 17
10 518 3
10 523 3
10 584 2
10 599 9
10 680 42
11 204 2
11 752 9
12 24 5
12 55 2
12 116 3
12 269 4
12 366 13
12 634 2
12 781 59
13 66 7
13 192 6
13 320 21662
13 780 8
14 127 13
14 152 3
14 210 5
14 376 2
14 616 7
15 352 2
15 659 2
15 854 2
16 9 6
16 24 10
16 132 2
16 148 45
16 643 2
16 806 2
17 48 3
17 129 27
17 258 2
18 51 2
18 203 2
18 215 2
18 290 151
18 641 2
18 645 3
19 24 2
19 709 3
20 10 2817
20 28 12
20 36 11
20 176 2
20 194 85
20 323 13
20 786 3
21 116 2
21 258 2
21 308 2
22 24 533
22 68 2
22 107 2
22 133 4
22 281 2
22 320 10
22 331 2
22 565 2
23 328 2
23 770 2
23 886 2
24 9 2
24 786 2
24 944 2
25 523 7
25 592 3
26 20 2
26 22 21
26 109 13
27 210 2
27 547 6
27 549 6
28 42 2
28 72 2
28 146 2
28 624 3
28 647 2
29 1 3
29 5 3
29 532 3
29 809 9
30 21 10
30 52 5
30 129 2
30 588 5
31 561 5
32 16 4
32 42 53
32 185 16
32 204 2
32 211 14
32 219 6
32 276 9
32 388 2
32 414 7
32 514 2
32 612 2
32 848 3
32 960 43
33 2 2
33 3 2
33 26 2
33 31 6
33 64 24
33 276 2
33 277 3
33 320 21586
33 544 12
33 898 4
33 945 4
34 144 2
34 663 30
34 720 2
34 800 2
35 65 17
35 266 21
36 12 73
36 34 12
36 48 3
36 257 2
36 288 79
36 320 2
36 448 2
36 555 10
36 705 2
37 2 9
37 13 3
37 364 6
37 520 51
37 594 15
37 640 3
37 673 3
38 1 17
38 180 4
38 204 2
38 544 2
39 3 7
39 48 2
39 520 94
39 982 64
40 9 22
40 20 2
40 39 2
40 65 2
40 256 17
40 512 2
40 528 2
40 605 2
40 672 2
40 756 2
40 761 2
40 840 26
40 980 2
41 96 19
41 263 8
41 276 2
41 321 34
41 513 2
41 987 12
42 42 6
42 140 3
42 329 46
42 411 2
42 839 7
43 1 2
44 10 2
44 12 2
44 47 423
44 430 2
44 524 20
44 794 2
45 23 9
45 50 93
45 74 2
45 266 2
45 615 20
45 808 2
45 844 4
46 57 3
47 80 13
47 1022 12
48 67 7
48 168 2
48 176 2
48 193 2
48 198 5
48 226 7
48 646 45
48 708 5
48 789 5
48 843 2
48 932 2
49 4 4942
49 17 200
49 310 3
49 313 3
49 516 2
50 9 2
50 113 2
50 528 19
51 377 2
52 188 2
52 256 2
52 285 4
52 899 2
53 146 91
53 245 2
54 112 3
54 718 11
55 278 2
56 89 2
56 472 2
56 544 2
56 560 17
57 5 5
57 128 2
57 448 2
58 113 6
58 470 8
59 58 2
59 292 12
59 453 2
59 583 2
60 3 2
60 33 3
60 112 63
61 644 2
61 648 2
62 521 11
62 612 13
64 1 3
64 192 9
64 194 3
64 197 6
64 272 2
64 370 2
64 465 2
64 481 2
64 514 4
64 686 12600
64 756 2
64 771 2
64 780 3
64 790 7
65 25 2
65 61 5
65 96 2
65 104 2
65 218 23
65 265 25
65 274 2
65 421 2
65 515 11
65 571 2
65 614 4
66 140 2
67 2 5
67 16 5
67 20 42813
67 37 3
67 73 17858
67 453 4
67 482 2
67 840 12
68 153 40
68 192 8
68 226 2
68 284 37
69 138 13
69 572 6
69 768 2
70 109 2
70 431 8
70 646 16
70 648 19
71 1 21
71 264 18
71 700 2
72 37 14
72 65 11
72 280 8
72 533 6
72 961 2
73 39 2
73 870 6
74 512 2
74 548 10
74 600 5
74 768 27
74 1012 33
75 259 11
75 576 956
76 76 3
76 84 11
76 133 3
76 262 2
76 586 6
76 855 8
77 256 20
77 267 46
78 288 2
78 517 4
78 784 2
78 919 33
79 165 9
79 386 31
80 82 6
80 132 2
80 211 2
80 528 3
80 677 8
80 920 10
81 807 2
81 852 12
82 280 261
82 283 3
83 115 6
83 124 2
83 304 2
83 617 2
83 784 2
84 64 2
84 74 363
84 216 18
85 65 4
87 353 6
87 462 2
87 512 9
88 330 20
88 782 12
89 2 5
89 76 281
90 20 20979
90 274 2
90 843 8
90 977 2
91 154 2
91 652 11
91 951 3
92 91 2
93 49 13
93 134 86
93 669 5
94 954 3
95 20 22
95 34 4
96 32 4
96 103 4
96 148 5
96 208 35
96 220 2
96 276 44
96 304 5
96 547 11
96 776 3
96 820 27
97 18 6
97 48 3
97 130 6
97 144 4
97 167 2
97 286 5
97 473 8
97 525 3
98 352 2
98 401 2
98 928 18
99 117 22
99 134 127
99 249 5
100 128 5
100 294 9
100 768 3
100 901 40
101 70 8
101 124 17
101 161 21
101 392 33
101 599 4
102 6 19
102 166 2
102 264 5
103 704 3
104 26 9
104 28 2
104 48 87
104 64 59
104 132 17
104 313 24
104 673 2
105 3 10
105 296 2
105 779 2
106 516 2
106 652 2
107 3 14
107 129 2
108 133 2
108 514 2
108 825 13
109 707 15
111 12 4
112 0 2
112 1 4
112 3 2
112 28 2
112 84 2
112 165 35
112 776 27
114 68 11
114 416 51
114 452 168
114 497 36
114 872 3
116 33 11
117 803 2
119 446 39
119 836 2
120 0 2
120 76 6
121 536 7
122 185 14
122 294 2461
123 600 218
124 304 8
124 348 2
125 268 70
128 10 159612
128 58 8
128 134 12
128 200 5
128 208 6
128 320 2
128 362 16
128 375 3
128 433 15
128 628 3
129 0 6
129 10 2
129 37 738
129 39 93
129 163 2
129 584 2
130 78 2
130 272 4
130 273 53
130 520 3
130 532 34
130 540 7
130 772 2
130 980 2
131 581 2
132 6 2
132 17 2
132 94 2
132 137 17
132 372 2
132 516 2
132 713 2
132 916 60
132 957 2
133 23 2
133 614 5
134 67 179
134 84 10
134 224 4
134 377 34
134 390 16
134 516 3
134 768 4
135 258 2
136 21 6
136 39 11
136 81 2
136 160 6
136 657 8
136 684 5
136 831 2
137 148 2
137 256 17
137 259 5
137 678 10
137 778 3
138 266 14
138 415 2
138 590 4
138 902 17
139 87 2
139 426 2
139 865 47
140 72 6
140 135 21
140 143 2
140 168 11
140 464 8
140 724 14
140 776 2
141 2 4
141 521 3
141 954 6
142 641 13
143 116 4
143 187 3
143 286 2
144 68 2
144 248 5
144 257 3
144 433 2
144 520 6
145 1 244
145 2 2
145 67 9
145 94 7
145 216 2
145 273 11201
145 392 4
145 513 435157
145 576 3
146 69 9
146 146 2
146 396 10
146 910 2
147 513 2
147 522 5
148 24 8
148 130 157
148 139 18
148 146 649
148 278 2
148 515 9
148 912 2
149 20 2
149 633 16
150 141 3
150 656 2
151 132 3
151 207 41
151 250 10
153 26 2
153 151 5
153 171 7
153 592 2
153 598 2
153 833 5
153 961 2
156 54 126
156 521 33
156 814 2
158 104 3
159 526 2
160 34 2
160 144 3
160 452 20
160 644 2
160 801 23
161 21 4
161 40 7
161 326 12
161 524 52
161 576 2
161 898 26
162 160 3
162 290 2
162 306 2
162 517 19
163 361 2
163 601 5
164 34 58
164 38 2
164 87 19
164 217 2
164 280 6
164 329 5
164 481 10
164 636 6
164 646 25
165 141 11
166 686 17
167 104 3
167 289 8
167 384 22
167 456 4
167 712 67
168 8 4
168 52 11
168 67 9
168 68 11
168 98 2
168 480 2
169 25 2
169 72 2
169 351 2
169 514 10
171 144 6
171 810 2
172 32 3
172 569 2
172 664 30
174 493 2
174 582 2
175 863 2
176 32 98
176 137 306
176 270 6
176 273 4
176 824 2
176 932 12
177 128 14
177 560 2
177 611 5
177 744 3
178 100 2
178 144 2
178 580 9
178 797 4
179 429 2
180 152 11
180 600 5
180 973 2
181 97 5
181 331 2
181 768 30
181 964 8
182 728 4
184 141 3
184 161 5
184 664 2
185 5 3
185 42 5
185 391 11
186 272 35
186 582 9
187 800 2
188 4 2
192 43 145
192 52 2
192 177 5
192 524 2
192 898 2
192 904 3
192 999 5
193 28 26
193 120 4
193 131 2
193 422 5
193 718 3
193 775 15
194 592 7
196 81 5
196 286 82
196 377 2
197 61 219
197 100 2
197 592 8
197 611 3
197 769 2
198 3 6
198 196 4
198 812 3
200 924 44
201 98 2
201 140 2
202 11 3
203 654 8
204 6 11
204 520 2
206 80 15
206 530 13
208 12 2
208 14 6
208 88 21
209 513 22
209 564 6
210 1 2
210 882 22
212 34 2
212 69 7
212 262 2
212 285 7
212 673 2
213 64 6
214 369 15
214 585 3
216 138 4
216 792 22
218 86 51
219 389 14
220 176 6
220 658 2
222 852 2
225 257 9
225 316 2
225 948 11
226 35 11
226 157 2
227 336 10
227 592 5
227 838 2
228 32 31
228 294 2
230 9 3
231 290 33
232 5 5
232 80 2
232 130 7
232 480 2
233 212 3
233 912 2
233 973 93
234 848 9
234 917 2
235 281 19
235 645 2
237 91 5
238 620 2
239 370 11
240 18 3
240 66 4
240 799 259
240 914 19
241 206 2
241 245 9
242 156 3
244 33 2
244 932 2
245 705 2
246 64 2
248 0 10
248 290 9
248 557 2
248 902 2
250 46 6
256 1 9
256 5 2
256 68 124
256 69 2
256 97 2
256 243 73694
256 262 105
256 312 34
256 344 2
256 416 12
256 512 7
256 522 3982
256 764 405
256 772 24
256 804 2
256 992 303
257 0 6
257 156 2
257 272 29
257 544 17
257 680 3
257 806 2
257 912 6
257 920 69
257 945 5
258 24 6
258 34 18
258 36 5
258 138 18
258 265 2
258 673 5
258 810 5
258 880 3
259 7 9
259 100 2
259 268 27
259 532 3
260 131 4
260 256 5
260 295 2
260 522 2
260 545 5
260 678 3
260 978 2
261 8 3
261 72 335
261 672 2
261 995 2
262 32 5
262 134 3
262 193 2
262 256 6
262 906 12
262 1013 18
264 1 11
264 4 5
264 296 2
264 320 2
264 568 2
265 264 42
265 339 3
266 56 9
266 272 4
266 326 2
266 336 2
266 504 2
267 523 36
267 581 2
268 12 6
268 34 11
268 192 3
268 524 2
268 577 2
269 444 22
269 640 2
270 73 2
270 532 7
270 642 4
272 41 3
272 162 2
272 208 20
272 225 7
272 234 3
272 259 3
272 280 2
272 378 77253
272 520 33
272 554 2
272 640 7
272 899 2
273 47 5
273 581 7
273 693 2
273 809 10
273 903 38
274 98 17392
274 334 130
275 4 2
275 16 2
275 116 34
275 133 2
275 485 4
275 512 6
276 288 16
276 392 2
276 538 2
276 628 2
276 661 1097
277 8 3
277 128 2
278 258 4
279 18 10
279 901 3
280 36 2
280 82 19
280 600 2
280 674 2
281 101 103
282 136 17
282 576 2
282 717 2
282 787 6
283 35 19
284 835 58
285 104 362
286 624 2
286 832 9
287 448 5
287 802 2
288 47 2
288 50 2
288 132 3
288 224 85
288 341 163
288 545 3
289 36 2
289 60 3
289 156 6
289 345 6
289 468 7
289 472 2
289 648 6
289 753 6
289 788 12
290 0 10
290 258 14
291 32 7
291 610 109
291 768 4
291 967 61
292 134 3
292 162 113
292 593 3
293 256 2
293 960 43
294 742 81
296 57 287
296 84 6
296 131 2
296 231 6
296 260 2
296 288 2
296 336 8
296 409 7
296 516 3
297 167 2
297 389 2
297 544 2
298 75 12
298 800 5
299 78 5
299 291 169
300 29 2
300 140 16
301 274 2
301 777 48
303 292 2
304 6 3
304 8 4
304 63 4
304 106 6
304 212 157
304 258 17
304 292 6
305 11 6
305 34 2
305 163 18
305 576 32
306 36 7
306 550 2
306 918 2
307 514 3
308 21 2
308 640 2
308 692 2
308 832 3
308 848 3
309 77 6
309 774 9
310 44 3
310 936 2
312 514 11
314 376 3
314 518 3
315 739 455
318 532 114
318 914 13
320 315 2
320 407 6
320 428 2
320 468 2
320 720 26
321 4 4
321 262 2
321 768 9
321 834 391
321 1008 4
322 0 2
322 80 17
322 196 2
322 899 4
322 902 2
323 515 8
324 16 2
324 106 2
324 167 14
324 179 2
324 200 52
324 513 12
324 530 7
325 74 10
325 145 2
325 192 2
325 720 2
326 11 4
326 16 41
326 32 66
326 116 119
326 280 2
327 698 2
329 35 2
329 258 2
329 836 2
330 204 2
331 512 3
332 456 10
332 643 24
334 265 6
334 288 21
336 18 2
336 100 2
336 576 2
336 632 12
337 352 2
337 833 2
338 33 15
338 169 3
339 42 19
340 0 5
340 106 6
340 704 12
340 763 4
341 576 3
342 15 3
342 168 25
342 272 3
343 475 18
344 188 2
344 676 5
345 32 2
345 728 64
346 11 7
347 149 4
347 296 23
347 313 2
348 128 2344
348 395 2
349 12 14
352 409 1319
352 419 2
352 514 3
352 680 8
352 794 103
353 684 2
354 25 2
354 30 3
354 288 3
354 836 2
354 969 3
355 134 44
355 634 16
356 800 2
357 433 2
357 641 8
357 690 2
358 3 3
358 168 2
358 197 8
360 555 8
360 732 2
360 810 2
361 266 2
361 316 47
362 34 4
363 162 15
363 424 2
364 740 2
366 657 2
368 49 2
368 738 9
368 925 2
371 112 9
371 705 3
372 352 2
375 77 2
376 193 2
379 333 2
380 339 2
381 531 4
384 5 2
384 168 2
384 312 12
384 332 8
384 457 13
384 481 4
384 531 10
384 571 9
384 841 2
384 962 14
385 2 2
385 75 2
385 213 10
385 214 2
385 513 2
385 563 7
386 64 2
386 73 2
386 158 9
386 160 25
386 206 3
386 275 3
386 681 54
386 846 2
386 912 2
387 147 3
387 545 2
388 332 9
391 8 5414
391 461 4
391 800 2
392 336 2
392 553 4
393 461 2
393 577 5
394 80 3
394 590 39
395 4 8
395 558 2
395 647 388
396 6 2
396 536 3
396 546 4
396 777 5
396 915 6
397 132 19
397 305 26
397 518 9
399 9 2
400 10 8
400 21 2
400 144 29
400 712 2
401 16 2
401 58 9
401 277 3
401 284 123
401 673 2
401 932 10
402 68 5
402 80 6
402 769 2
403 20 2
403 98 2359
404 209 5
404 298 15
407 591 30
408 66 8
408 405 2
408 576 7
409 105 3
409 417 2
409 888 2
410 520 2
411 20 3
412 6 9
413 640 6
414 932 2
415 101 5
416 52 12
416 279 2
416 292 30
416 531 27
416 832 8
417 577 4
418 16 3
419 7 2
419 62 3
419 844 7
420 32 8
420 114 2
420 424 5
420 538 2
422 736 42
423 384 2
423 651 12
424 481 2
425 161 2
425 746 4
427 580 2
428 32 2
428 194 20
428 620 2
428 880 2
430 8 7
430 68 7
430 203 3
433 24 2
433 197 9
433 398 2
436 641 18
441 21 19
442 146 9
442 691 2
444 769 2
444 801 2
448 513 39
448 655 9
449 321 2
450 450 28
452 48 2
452 136 3
452 205 4
452 488 10
452 512 2
452 513 2
453 368 6
453 661 2
454 9 17
454 437 2
454 634 2
454 782 2
455 640 252
456 367 2
456 376 4
456 774 2
457 906 5
458 743 29
460 197 177
460 462 2
460 566 4
461 901 19
462 641 21
463 916 2
464 265 5
464 928 10
465 761 7215
467 300 144
472 226 4
472 256 4
472 801 3
473 6 2
473 600 3
476 775 2
480 0 734
480 665 2
480 731 4
480 928 102
481 288 5
481 416 2
482 64 2
482 285 10
483 555 8
484 841 2
485 134 2
488 3 2
488 269 2
488 334 18
488 565 7
489 64 5
491 112 2
496 978 2
501 519 2
504 267 259
505 332 3
506 706 714
512 1 50
512 5 12
512 36 3
512 52 2
512 65 2
512 153 2
512 420 2
512 438 2
512 453 4
512 482 2
512 514 2
512 522 2
512 685 13
512 936 2
513 42 2
513 47 14
513 65 2
513 100 22
513 112 7
513 304 2
513 340 20
513 548 2
514 11 6
514 36 5
514 401 2
514 452 2
514 522 2
514 572 9
514 780 2
515 93 2
515 157 2
515 598 2
516 33 6
516 69 2
516 169 13
516 385 8
516 555 4
516 582 7
516 605 11
516 779 5
516 785 11
517 0 2
517 3 13
517 8 164934
517 34 4
517 132 7
517 177 3
517 233 11
517 281 2
517 525 2
517 672 5
517 676 2
517 768 6
518 41 7
518 66 2
518 517 10
519 517 7
519 944 2
519 967 13
520 9 180
520 94 2
520 164 12
520 296 16
520 328 4
520 436 15
520 785 2
520 812 2
520 896 7
521 131 2
521 229 9
521 450 5
521 546 8
521 554 7
521 560 2
521 609 2
522 1 4
522 121 57
522 234 2
522 549 5
523 650 16
524 159 4
524 520 2
525 134 2
525 820 2
526 776 3
527 36 2
527 713 21
528 10 2
528 33 4
528 36 2
528 97 16
528 144 4
528 171 2
528 512 3
528 580 2
528 582 28
528 611 2
528 720 4
528 801 2
529 16 29
529 148 2
529 260 85
529 423 2
529 520 2
529 737 301
529 836 2
530 20 4
530 522 9
530 696 4
532 11 2
532 134 3
532 292 14
532 550 23568
532 853 2
533 5 2
533 37 2
533 787 7
534 6 12
534 425 7
534 786 4
534 928 5
536 244 20
536 412 4
536 687 6
536 902 14
537 99 2
537 138 17
537 257 2
537 478 2
538 74 32
538 84 2
541 344 7
541 793 30
544 6 2
544 21 2
544 24 2
544 160 6
544 416 2
544 429 4
544 536 2
544 542 2
544 551 2
544 597 7
544 718 2
545 226 16
545 520 2
545 743 2
545 914 6
546 4 2
546 263 3
546 650 6
546 758 9
546 900 7
547 265 4
547 427 3
547 577 42
548 141 8
548 169 6
548 512 2
548 577 38
548 586 9
549 68 4
549 97 3
549 146 2
549 288 12
550 36 4
550 649 6
550 800 9
551 40 567
551 89 14
552 136 7
552 640 10
553 36 18
553 933 2
554 4 4
554 137 21
555 52 2
556 409 2
557 15 2
557 400 2
557 512 13
557 557 9
557 770 3
557 938 4
559 557 2
560 18 72
560 32 2
560 96 2
560 104 3
560 168 2
560 354 12
561 10 2
561 444 2
561 521 20
561 786 1786
561 993 2
562 162 2
562 977 2
562 992 2
563 20 2
563 410 4
564 28 2
564 656 10
564 659 2
565 105 2
566 4 9
566 132 9
567 793 30
569 385 12
569 522 8
571 100 2
571 457 6
572 36 6
572 64 29
572 257 2
572 370 2
573 797 4
573 886 2
574 533 3
574 696 2
576 4 6
576 5 622
576 133 3
576 172 2
576 193 133
576 228 2
576 371 18
576 525 2
576 547 9
576 607 4
577 72 2
577 222 5
577 292 10
577 401 17
577 577 13
577 661 2
577 997 3
578 26 2
578 96 2
578 136 2
578 554 6
578 572 20
578 575 2
579 80 9
579 136 7
579 621 6
579 789 2
580 64 20
581 645 4
582 633 2
583 129 3
585 64 198
585 208 2
585 217 2
585 354 3
585 389 9
586 64 10
586 530 2
586 658 3
588 784 17
589 389 10
590 300 22
590 520 9
590 788 2
591 147 2
592 2 5
592 148 2
592 566 2
592 585 49
593 429 4
595 58 3
595 557 2
596 11 2
596 33 2
596 91 27
596 154 4
596 385 255
597 387 2
599 176 54
599 569 4
600 115 5
600 562 3
600 573 2
600 575 19
601 431 3
602 480 9
604 1006 10
605 80 5
606 281 2
606 807 2
607 288 71
607 393 2
608 176 25
608 522 2
608 576 5
608 648 37935
609 28 2
609 210 2
609 225 2
609 768 3
610 24 20
611 125 2
612 170 12
612 534 139
613 840 3
614 265 2
614 936 2
617 374 143
618 70 7
618 1004 4
619 76 2
621 293 20
623 1000 6
624 579 2
625 5 2
625 261 2
626 8 2
626 104 2
626 528 2
626 608 2
627 418 3
627 769 2
627 977 2
629 528 2
635 546 24
638 161 10
640 4 2
640 6 3
640 16 12
640 160 2
640 181 2
640 246 27
640 258 53
640 369 7
640 421 2
640 467 13
640 584 20
640 659 2
640 952 5
642 512 2
642 562 2
642 724 2
643 73 37
643 775 3
644 387 2
644 660 2
644 756 9
644 769 5
645 25 2
645 963 5
646 289 2
646 388 3
648 76 3
648 98 2
648 210 2
648 301 35
648 369 2
648 512 8
648 694 2
648 769 2
649 4 79
649 48 2
650 108 2
650 216 2
650 953 3
651 290 2
652 257 10
652 594 2
654 129 2
654 565 36
655 384 78
655 761 8
656 3 5
656 278 2
656 370 2
656 833 2
658 10 2
658 26 8
658 226 2
658 640 51
660 52 2
660 85 2
660 648 10
661 244 2
661 608 21
662 374 2
664 16 8
665 3 4
665 260 6
666 66 31
667 587 4
668 163 88
668 464 2
668 749 9848
670 515 87
672 1 2
672 64 3
672 129 27
672 514 2640
672 717 2
673 104 2
674 288 90
674 672 2
675 257 4
676 52 6
677 121 3
677 641 16
678 237 63
679 556 11
680 39 2
681 6 6
681 33 5
682 14 5
682 156 2
683 278 2
686 426 3
686 593 13
688 385 3
689 80 2
690 110 67
691 12 187
692 260 2
692 914 15
693 522 5
694 6 2
694 768 33
694 931 2
695 517 7
697 710 9
700 229 2895
701 34 2
701 941 7
704 34 2
704 135 2
704 292 95
704 514 4
704 673 4
705 596 33
706 17 12
706 161 5
706 460 115
706 732 2
709 325 16
709 354 3
709 644 7
710 2 14
711 19 3
712 141 24
712 283 3
712 294 73
712 862 11
713 593 7
713 837 2
716 98 3
716 339 3
716 649 13
716 842 42
719 512 520
720 7 9
720 144 2
720 803 4
721 0 5
721 104 2
721 323 5
721 584 2
722 82 2
722 100 6
722 146 8
722 258 5
722 393 8
722 464 17
723 142 19
724 596 2
725 44 10
725 65 2
726 322 3
727 200 2
728 227 17
728 712 453
730 332 7
732 834 2
736 24 2
737 64 6
737 288 2
737 610 2
738 970 2
740 235 137
740 778 10
740 801 7
741 45 6
741 260 2
743 787 2
744 124 2
744 762 10
745 63 2
746 386 2
746 536 2
752 261 2
752 494 6
752 786 6
754 32 2
759 130 2
760 40 5
760 220 190
760 257 2
760 300 7
761 435 2
763 668 40
765 513 8
768 68 13
768 226 21
768 326 425
768 502 11
768 608 17
768 666 2
768 736 2
768 738 8
769 34 7
769 277 2
769 350 10
769 640 5
769 773 4
770 67 4
770 211 4
770 256 2
770 515 7
770 663 2
771 128 19
771 793 2
771 800 2
772 32 2
772 130 14
773 1 9
774 8 52
775 48 2
775 921 3
776 101 2
776 155 2
776 586 3
776 697 2
777 6 8
777 84 2
777 318 2
778 330 43181
778 389 2
780 16 5
780 193 2
780 707 2
780 901 2
781 496 2
782 405 2
784 1 2
784 514 297
784 549 13
784 569 5
784 604 2
784 634 2
784 841 6
785 45 8
786 142 32
786 521 4
786 576 2
786 914 8
787 199 2
788 25 9
788 324 16
792 274 13
792 540 2
792 594 2
793 52 2
793 498 3
793 628 2
795 422 4
795 661 2
798 776 6
799 433 11
800 9 2
800 45 10
800 73 3
800 97 3
800 133 49
800 824 17
801 34 2
801 312 10
801 592 24
801 642 2
802 660 26
802 769 2
803 512 10
804 0 2
804 433 9
804 779 2
805 387 3
805 781 2
806 43 14
806 134 2
806 232 3
806 326 27
808 302 9
808 526 3
808 777 3
808 937 118
808 945 21
810 17 2
810 394 5
810 416 4
812 778 766
814 161 2
814 264 2
814 905 5
816 24 32
817 784 13
818 253 2
819 69 24
821 236 39
824 392 4
824 609 9
824 978 2
832 16 9
832 21 2
832 30 2
832 43 8
832 281 14
832 304 2
832 328 19
832 427 13
833 999 15
834 32 2
834 104 4
834 148 6
834 912 6
835 264 86
835 392 2
835 583 10
836 388 2
836 485 2
838 785 5
840 106 4
840 545 7
840 800 2
841 32 2
841 370 3
842 132 6
842 200 2
843 939 4
845 624 12
848 90 2
848 188 49
848 313 3
848 899 2
849 792 2
849 1018 41
850 776 2
851 195 2
852 2 2
852 72 51
852 824 7
854 681 19
856 256 7
856 866 7
857 42 14
862 130 4
863 516 2
864 23 2
864 786 3
867 998 2
868 332 27
870 68 2
871 264 387
872 32 2
872 50 14
872 165 2
873 9 2
874 360 2
875 164 2
878 258 4
882 42 2
882 778 10
884 802 29
885 601 2
894 392 2
895 603 11
896 330 7
896 868 15
897 39 87
897 115 3
897 523 13
897 1002 4
898 699 2
899 537 2060
899 736 2
900 4 305
900 162 2
900 313 5
902 131 2
902 420 2
903 339 12
904 112 11
904 231 2
904 552 5
904 888 7
904 929 14770
905 12 4
905 196 6
905 572 3
906 137 2
906 194 2
906 328 3
908 456 2
910 614 3
911 5 2
911 10 2
911 896 3
912 2 2
912 85 3
914 216 66
914 669 2
914 968 7
915 431 2
916 742 3
917 912 6
918 0 4
921 272 2
921 320 2
922 8 2
924 33 3
927 190 5
928 384 13
928 516 7
928 518 2
929 10 2
929 316 2
930 547 10
930 720 2
931 230 6
931 657 11
932 274 3
932 783 6
933 657 10
934 94 4
938 261 2
938 316 14
938 552 63
940 512 5
944 165 4
944 756 13
945 456 2
946 205 2
947 568 2
948 9 2
951 818 48
952 37 2
953 905 803
954 22 10
956 846 9
958 844 3
960 358 13
961 131 2
961 291 3
961 333 10
961 472 2
961 481 2
965 937 41
966 29 2
966 192 14
966 197 2
966 555 2
968 51 2
968 352 15
968 360 2
969 769 10
970 180 16
975 205 124
976 321 2
976 779 7
977 22 6
977 34 2
977 549 2
978 817 6
984 324 2
984 483 2
985 268 2
986 772 2
987 962 53
988 366 32
990 35 38
996 36 8
998 179 9
1000 260 16
1001 286 2
1002 652 4
1002 912 14
1003 684 2
1004 129 3
1011 36 6
1013 316 2
1018 358 61
1020 371 2
1020 385 41
1021 643 2
