0 8 9
0 9 4
0 18 22
0 29 2
0 47 9
0 112 89
0 135 2
0 150 5
0 156 7
0 215 14
0 256 2
0 259 3
0 274 43
0 321 2
0 415 2
0 552 17
0 618 2648
0 646 4
0 674 702
0 704 2
0 843 640
0 902 48
0 917 2
1 15 2
1 37 15
1 70 7
1 82 3
1 135 2
1 228 2
1 292 2
1 481 14
1 535 14
1 644 2
1 705 12
1 768 2
1 825 2
1 920 2
2 0 8
2 8 8
2 48 2
2 132 3
2 523 2
3 24 430
3 277 3
3 592 2
3 817 9
4 0 54
4 24 3
4 50 2
4 60 2
4 284 30
4 293 11
4 368 7
4 517 5
4 683 2
4 774 2
4 803 2
4 808 10
5 18 2
5 584 4
5 887 5
6 148 2
6 212 45
6 259 3
6 267 2
6 268 2
6 466 149
6 512 26
6 798 6
6 1002 484
7 81 2
7 110 7
7 237 4
7 715 2
8 1 12
8 2 7
8 19 22
8 32 51
8 42 75
8 58 3
8 202 2
8 272 14
8 273 6
8 393 33
8 486 2
8 642 2
8 656 2
8 735 4
8 850 1116
8 902 2
9 39 6
9 43 41
9 416 50
9 526 2
9 823 3
9 907 2
10 13 31
10 40 27
10 75 5
10 84 10
10 208 6
10 518 53
10 523 47
10 584 2
10 599 17
10 680 104
10 778 5
11 204 2
11 586 82
11 752 7
11 779 6
12 0 5
12 24 11
12 55 4
12 65 3
12 269 2
12 366 3
12 634 2
12 781 2
13 66 51
13 192 2
13 224 4
13 320 98
14 127 52
14 152 3
14 210 5
14 321 23
14 376 64
14 584 19
14 616 5181
15 352 6
15 485 12
15 659 61
15 854 2
16 9 115
16 24 2
16 64 2
16 96 6
16 148 30
16 198 2
16 516 17
16 806 47
17 129 5
17 258 2
18 51 2
18 215 45
18 290 35
18 641 8
18 645 2
19 7 2
19 24 3
19 657 8
19 709 4
20 10 2
20 36 7
20 176 7
20 323 8
20 786 3
21 116 2
21 258 10
21 308 4
22 24 16
22 68 39
22 97 3
22 133 41
22 281 3
22 331 2
22 565 2
23 328 10
23 770 6
23 886 8
24 9 2
24 533 58
24 781 5
24 786 2
24 848 4
24 944 1115
25 523 6
25 592 10
26 22 2
26 109 11
26 801 305
27 130 4
27 210 6
27 547 27
28 42 2
28 72 8
28 146 7
28 192 4
28 203 32
28 624 2
29 1 39
29 5 2
29 327 3
29 809 2
30 21 7
30 52 3
30 129 14
30 588 2
31 561 2
32 16 81
32 33 16
32 185 5
32 196 3
32 204 44
32 219 21
32 388 3
32 414 2
32 514 2
32 612 2
32 641 2
32 759 2
32 848 5
32 960 8
33 2 6
33 26 3
33 31 8
33 64 7
33 320 12
33 544 10
33 785 34
34 292 2
34 324 3
34 561 2
34 663 2
34 720 2
35 65 6
35 266 2
35 689 3
36 34 4
36 48 7
36 257 2
36 266 574
36 288 53
36 320 3
36 448 156
36 555 3
36 705 2
36 858 2
37 13 2
37 520 2
37 594 2
37 640 2
38 1 3
38 180 3
38 204 2
38 544 2
39 48 8
39 520 22
39 982 9
40 9 6
40 20 2
40 39 5
40 65 2
40 256 6
40 512 3
40 528 2
40 645 2
40 672 6
40 756 9
40 761 700
40 840 53
40 980 2
41 96 2
41 263 4
41 276 147
41 321 92
41 513 16
42 42 31
42 140 2
42 329 33
42 411 2
42 839 7
43 1 22
44 12 2
44 47 3
44 430 2
44 524 3
44 794 2
45 23 2
45 50 2
45 74 2
45 266 5
45 615 2
45 808 2
45 844 342
46 57 2
47 80 2
48 67 3
48 176 13
48 193 2
48 198 14
48 226 2
48 646 2
48 708 2
48 789 14
48 843 2
48 932 15
49 4 7
49 17 14
49 310 7
49 313 10
50 113 6
50 528 12
51 377 2
51 516 9
52 46 4
52 188 81
52 256 6
52 285 2
52 390 2
52 899 10
53 146 7
53 245 2
54 112 6
54 718 20
55 278 8
56 89 2
56 267 5
56 472 3
56 544 9
57 5 123
57 33 56
57 128 2
57 448 2
58 113 138
58 470 4
59 58 2
59 583 8
60 3 10
60 5 11
60 33 4
60 112 2
60 948 36
61 644 14
62 521 2
62 612 2
64 1 20
64 26 4
64 194 4
64 197 6
64 203 2
64 272 2
64 465 44
64 481 2
64 514 4
64 686 25
64 756 2
64 780 4
64 790 3
65 25 42391
65 104 2
65 118 2
65 218 2
65 241 2
65 265 2
65 515 11
65 614 2
66 545 2
67 2 2
67 16 2
67 20 2
67 37 8
67 73 5
67 453 2
67 482 63
68 153 192
68 192 7
68 226 12
68 284 10
68 322 25
69 138 2
69 276 302
69 466 5
69 529 2
69 572 18
69 768 2
70 109 2
70 431 2
70 608 2
70 646 2
70 648 2
70 672 65
71 1 3
71 264 2
71 409 2
71 700 7
72 8 2
72 37 9
72 65 2
72 280 2
72 437 2158
72 533 2
72 961 801
73 39 2
73 640 5
73 999 3
74 548 14
74 768 2
74 1012 2
75 576 24
76 76 4
76 84 7
76 262 2
76 586 2
76 855 8
77 256 2
77 267 6
77 450 4
77 456 2
78 288 2
78 517 24
78 784 4
78 919 7
79 165 2
79 386 2
80 0 2
80 51 10
80 82 4
80 132 24
80 211 2
80 528 8
80 677 167
80 920 15
81 807 2
81 852 3
82 280 413
82 283 3
83 115 4
83 124 5
83 304 3
83 617 2
83 784 2
84 64 4
84 74 30
84 490 6
85 31 2
85 65 287
86 234 2
87 462 2
87 512 9
87 515 2
88 330 95
88 782 21
89 2 2
89 4 3
89 76 2
90 20 11
90 274 2
90 843 19
90 977 20
90 988 153
91 652 3
91 951 13
92 38 30
92 91 2
93 49 3
93 134 7
93 669 2
94 869 2
94 954 2
95 34 3
96 80 90
96 103 2
96 148 2
96 208 8
96 220 8
96 276 2
96 304 4
96 321 2
96 547 2
96 776 3
97 18 2
97 48 10
97 130 18
97 144 2
97 167 2
97 195 3
97 286 6
97 473 8
97 525 2
98 14 4
98 352 2
98 401 2
98 671 2
98 928 17
99 134 5
100 768 8
101 124 16
101 161 5
101 392 6
101 599 2
102 6 2
102 166 5
104 26 8
104 28 10
104 48 2
104 64 12
104 132 2
104 313 2
104 673 16
105 3 4
105 296 74
105 779 5
106 516 3
106 652 5
107 3 61
107 129 3
108 133 3
108 514 2
108 825 7
109 707 2
111 12 14
112 0 2
112 1 2
112 84 53
114 416 3
114 452 3
114 497 2
116 33 2
117 106 47
117 803 2
118 565 3
119 836 10
120 0 25
120 76 2
121 536 2
122 24 2
122 80 8
122 185 5
122 294 3
123 600 46
124 304 4
124 348 4
125 268 24
128 10 2
128 134 5
128 200 4
128 208 4
128 320 2
128 362 2
128 375 2
128 376 20
128 453 2
128 628 7
128 770 16
128 806 11
129 0 16
129 37 2
129 39 2
129 163 2
129 584 2
129 707 2
130 78 5
130 272 7
130 273 40
130 368 615
130 520 2
130 528 651
130 532 6
130 540 13
130 675 6
130 772 19
131 581 11
132 6 2
132 94 2
132 137 4
132 372 5
132 516 14
132 713 2
132 916 657
133 23 31
133 138 21
134 67 35
134 84 20
134 224 15
134 377 2
134 390 5
134 516 7
135 544 2
136 21 2
136 482 2
136 610 8
136 657 34
136 684 24
136 831 3
137 148 2
137 256 2
137 259 2
137 325 2
137 678 3
137 778 2
138 266 21
138 415 6
138 590 7
138 902 22
139 87 5
139 426 10
139 865 10
140 72 744
140 143 2
140 168 2
140 464 2
140 776 37
141 2 7
141 954 3
142 641 2
143 144 377
143 187 15
143 286 3
143 642 26
144 68 3
144 257 2
144 418 10
144 433 8
144 520 2
145 1 4
145 2 6
145 67 4
145 94 1428
145 184 2
145 216 14432
145 273 7
145 392 6
145 513 2
145 576 14
146 69 75
146 146 2
146 396 2
146 910 3
147 522 24
148 1 2
148 24 19
148 130 2
148 278 4
148 464 24
148 515 2
148 912 3
149 20 2
149 649 3
150 141 2
150 160 18
150 656 2
151 102 90
151 132 19
151 207 24
151 250 2
153 26 6
153 151 2
153 171 2
153 592 2
153 598 2
153 833 47
153 961 80
156 133 15
156 521 7
156 814 2
157 404 2
158 104 4
159 526 2
160 34 37249
160 81 2
160 144 159
160 644 2
160 801 82
161 21 2
161 40 2
161 326 5
161 376 9
161 524 79
161 576 15
161 717 19
161 898 2
162 160 3
162 290 9
162 306 419
162 517 49
163 361 5
163 601 4
164 34 2
164 38 8
164 87 2
164 217 3
164 264 9
164 280 2
164 329 14
164 481 2
164 636 803116
164 646 3
165 141 4
165 397 32
167 104 4
167 289 2
167 384 5
167 456 2
167 712 2
168 52 2
168 67 2
168 98 23
168 480 19
169 25 2
169 72 12
169 351 2
169 514 2
171 810 2
172 8 3
172 569 5
172 664 7
174 493 2
174 582 5
175 863 16
176 137 33
176 270 94
176 824 2
176 916 2
176 932 2
177 128 12
177 280 6
177 560 2
177 611 5
177 744 21
178 144 5
178 797 10
179 429 2
180 19 2
180 152 16713
180 600 16
180 973 26
181 331 2
181 768 15
181 964 2
182 300 8
182 728 2
184 161 11
184 664 2
185 391 6
187 800 31
188 4 16
192 43 2
192 52 3
192 72 5
192 388 2
192 392 6
192 536 16
192 713 25
192 898 2
192 904 2
192 999 938
193 8 2
193 28 2
193 120 12
193 131 2
193 162 7
193 375 2
193 422 5
193 775 5
194 321 2
194 592 25
194 677 3
196 81 8
196 286 15
196 377 80
197 61 2
197 100 50
197 297 2
197 611 2
197 769 11
198 812 4
200 445 3
200 577 2
200 924 4
201 39 2
201 98 2
201 140 83
202 11 3
203 654 5
204 6 2
204 520 5
205 457 2
206 80 5800
206 530 74
208 88 4
208 534 81
209 55 2
209 513 3
209 564 24
211 4 7
212 34 10
212 69 7
212 112 9
212 262 35
212 285 6
212 673 3
213 64 2
214 585 180
216 66 4
216 138 127482
216 792 3
218 86 10
219 389 2
220 176 2
220 658 6
222 532 29
222 852 2
225 257 13
225 316 2
225 948 2
226 35 38
226 157 2
227 336 12
227 838 2
228 32 2
228 294 2
230 9 26
231 261 2
231 290 2
232 5 3
232 65 13
232 80 3
232 130 7
233 212 22
233 912 2
233 973 2
234 848 2
235 281 28
235 645 3
237 91 2
238 620 23
239 370 86
239 560 9
240 18 2
240 66 6
240 799 2
240 914 2
241 206 24
241 245 3
242 156 8
244 356 2
244 932 2
245 705 117
246 64 2
247 626 24
248 0 2
248 290 2
248 557 3
248 902 2
250 46 25
256 1 3
256 5 3
256 68 2
256 69 9
256 160 2
256 212 11
256 243 3
256 262 3
256 312 2
256 344 2
256 416 2
256 512 3
256 522 2
256 616 4
256 705 2
256 764 9
256 772 2
256 904 4
256 963 24
257 156 9
257 272 2
257 544 2
257 912 2
257 920 2
257 945 2
258 24 13
258 34 4
258 36 2
258 138 4
258 265 125
258 673 7
258 810 3
258 880 2
259 100 11
259 165 2
259 226 2
259 268 14
259 327 2
259 532 2
260 131 2
260 256 12
260 295 2
260 522 2
260 545 2
260 678 4
261 67 3
261 72 2
261 356 4
261 672 19
261 995 3
262 193 2
262 256 11
262 1013 2
264 1 2
264 4 46
264 296 2
264 320 69
264 568 7
265 264 11
265 339 19
265 632 9
266 11 5
266 272 355
266 326 9
266 336 9
267 523 26
267 581 3
268 12 2
268 34 9
268 177 5
268 524 4
268 577 4
269 444 2
270 73 3
270 532 2
270 642 2
272 41 2
272 162 4
272 208 2
272 259 5
272 554 2
272 640 11
272 684 6
272 899 2
273 47 5
273 693 3
273 809 6
273 903 6
274 98 5
274 334 4
275 4 2
275 16 2
275 116 6
275 133 3
275 401 8
275 485 5631
275 512 2
276 288 5
276 392 2
276 394 4
276 538 10
276 628 7
276 661 2
277 27 2
277 128 2
277 385 9
280 36 8
280 82 2
280 600 2
281 101 58
282 576 2
282 717 26
282 787 12
283 35 19
284 835 2
285 104 2
286 12 9
286 624 5
286 832 7
287 448 2
287 802 2
288 47 9
288 50 27
288 132 6
288 224 23
288 292 2
288 341 2
288 545 2
289 156 9
289 345 7
289 468 2
289 472 3
289 648 26
289 753 2
289 788 4
290 0 70
290 258 10
290 328 2
290 388 264
291 32 9
291 610 2
291 768 2
292 162 3
292 593 2
293 256 63
293 960 277
294 27 3
294 742 3
294 864 20
296 57 222
296 84 205
296 131 5
296 260 2
296 288 2
296 409 2
296 516 11
297 167 149
297 389 77
297 544 3
297 742 2
298 75 2
298 800 4
299 291 18
300 29 2
301 274 5524
301 777 2
303 292 544
304 6 14
304 8 2
304 42 58
304 106 9
304 212 3096
304 258 19
305 11 2
305 34 6
305 163 21
305 576 11
306 36 2
306 550 2
306 918 2
308 21 7
308 583 168
308 640 11
308 692 23
308 832 2
308 848 2
309 77 15
309 774 2
310 936 62
314 109 5
314 376 2
314 518 86
315 739 3
316 452 9
318 532 27
318 914 2
320 29 2
320 468 2
320 641 2
320 720 2
321 4 215
321 262 3
321 337 2
321 768 12
321 834 15
321 1008 2
322 80 2
322 196 1558
322 272 17
322 416 32
322 899 2
322 902 16
323 360 2
324 16 393
324 106 2
324 179 70
324 200 26
324 530 7
325 6 5
325 74 3
325 720 2
326 11 14
326 16 4
326 32 8
326 116 10
326 280 7
327 675 5
327 698 3
328 853 21
329 35 3
329 258 2
329 836 6
330 8 7
330 204 73
331 512 7798
332 456 11
332 643 4314
334 265 12
335 83 147
335 391 22
336 18 121
336 576 9
336 632 30
337 352 3
337 768 938
337 833 6
338 33 2
338 169 3
339 42 1126
340 0 2
340 106 5
340 704 2
340 763 196
341 576 2
342 15 2
342 272 2
343 475 2
344 188 3
345 32 5
345 728 5
345 992 28
346 89 3
347 11 6
347 149 2
347 296 2
348 128 2
348 395 17
349 12 10
352 409 109
352 419 4
352 514 2
352 680 2
352 794 2
352 860 3
353 138 22
353 389 10
353 684 2
354 30 34
354 288 2
354 836 2
354 969 2
355 634 2
357 433 2
357 641 3
358 3 2
358 168 2
360 514 2
360 555 2
360 732 5
360 784 2
360 810 26
361 266 2
361 316 6
362 34 2
363 162 2631
363 424 12
364 740 2
366 657 18
368 49 2
368 738 5
368 925 2
371 112 5
371 705 2
371 772 2
372 352 2
376 193 4
379 333 6
380 339 5
381 531 2
382 562 377
384 5 16
384 6 15
384 156 7
384 168 2
384 312 30
384 332 7
384 423 15
384 481 1867925
384 571 2
384 597 2
384 841 2
384 962 2
385 2 4
385 75 2
385 213 9
385 513 2
385 563 4
386 64 2
386 73 5
386 158 17
386 160 14
386 206 9
386 275 4
386 681 6
386 846 3
386 849 52
386 912 7
387 147 7
387 545 3
387 1016 12
388 332 30
389 596 42
390 566 2
391 461 2
391 800 2
392 38 2
392 336 2
392 553 9
392 674 7
393 461 2
393 577 3
394 80 2
394 211 3
395 4 2
395 647 2
396 6 30
396 454 4
396 536 2
396 546 2
396 777 2
396 915 22
396 960 4
397 305 216
397 518 2
398 943 9
399 9 8
400 10 18
400 144 9
400 712 20
401 16 4
401 58 2
401 284 8
401 673 36
402 68 403
402 80 63
402 769 127
403 98 16
404 209 2
404 298 2
405 160 2
406 928 7
408 66 2
408 405 72
409 66 2
409 417 4
409 888 2
411 20 2
412 6 23
414 932 98
416 292 2
416 531 2
417 577 2
418 16 2
419 62 2
419 844 5
420 114 9
420 424 2
420 538 2
421 400 8
422 736 1403
423 384 14214
423 651 9
424 481 2
425 261 3
425 776 3
426 644 2
427 580 10
428 32 4
428 194 2
428 620 2
428 880 64
430 8 2
430 68 2
430 203 2
433 24 4
433 197 5
433 398 2
434 734 7
436 597 22
436 641 2
437 2 9
441 21 17
442 146 3
442 691 4
444 769 4
448 92 2
448 655 3
449 321 2
450 450 6
452 136 2
452 488 12
452 512 2
452 513 105
453 368 46
453 661 123
454 9 7
454 437 3
454 634 5
454 782 2
455 640 2
456 105 87
456 367 2
456 376 27
456 774 2829
458 101 8
458 743 3
460 197 5
460 462 2
460 566 2
461 625 2
461 901 2
462 516 2
462 641 86
463 916 3
464 265 5
464 928 17
465 761 9
465 902 14
467 300 2
469 425 20
472 226 20
472 256 2
472 801 6
473 6 4
473 600 19
473 800 3
480 731 6443
480 928 5
481 416 6
482 64 2
482 208 133
482 285 6
483 276 34
483 555 6
484 841 11
485 134 5
488 3 2
488 269 3
488 334 23
488 565 19
489 64 3
496 433 2
496 978 2
504 267 12
505 332 2
506 706 2
512 1 10
512 5 8
512 65 481
512 96 2
512 153 59
512 420 10
512 438 5
512 453 2
512 482 7
512 514 2
512 685 2
512 936 8
513 5 2
513 42 7
513 47 2
513 65 3
513 100 8
513 112 2
513 304 3
513 340 5
513 548 26
513 644 3
514 11 31
514 401 4
514 452 2
514 522 2
514 572 14
515 93 19
515 157 35297
515 273 30
515 598 2
516 33 2
516 69 5
516 357 7
516 442 9
516 582 3
516 605 2
516 785 3
517 0 2
517 3 2
517 8 2
517 34 2
517 132 5
517 177 2
517 233 2
517 525 2
517 534 4
517 768 2
518 0 4
518 41 32
518 66 5
519 517 13
519 944 2
520 296 1067
520 328 3
520 436 15225
520 785 2
520 812 609
520 896 4
521 81 2
521 131 74
521 229 2
521 450 2
521 560 2
521 609 2
522 1 5
522 234 2
522 652 6
523 650 2
524 159 3
524 173 4
524 520 2
525 134 2
525 820 9
526 548 12
526 776 3
527 36 2
527 713 2
528 33 12
528 36 463
528 97 2
528 144 227
528 156 2
528 171 7
528 344 6
528 406 2
528 580 2
528 582 2
528 611 19
528 720 5
528 801 2
529 16 2
529 260 2
529 423 12
529 517 2
529 520 2
529 737 42
529 836 8
530 20 7
530 86 44
530 132 22
530 278 46
530 325 4777
530 522 2
530 696 19
532 11 2
532 134 11
532 292 4
532 550 2
532 853 7
533 5 3
533 37 6
533 787 6
534 6 13
534 425 9
534 928 13
535 10 47
536 10 4
536 244 2
536 412 2
536 687 4
536 902 2
537 99 5
537 138 21
537 257 3
537 478 3
540 481 19
541 344 2
541 793 2
544 6 2
544 21 3
544 24 4
544 151 501
544 160 5
544 401 85
544 416 2
544 429 2
544 536 7
544 542 12
544 551 43
544 597 10
544 718 10
545 209 2
545 520 33
545 914 2
546 2 8
546 4 15
546 263 2
546 650 2
546 758 5
546 900 2
547 265 5
547 427 13
548 141 7
548 169 7
548 512 14
548 577 17
548 586 172
549 68 2
549 146 2
549 530 6
549 647 2
550 36 2
550 649 43
550 800 2
551 4 6
551 40 2
551 89 3
552 136 5
552 656 213
552 932 2
553 36 17
553 102 2
553 933 29
554 4 9
554 137 2157
555 52 13
555 418 2
556 409 2
557 15 2
557 370 40
557 400 3
557 512 8
557 557 8
557 770 10
557 938 4
559 557 2
560 18 4
560 96 7
560 104 7
560 168 2
560 354 2
561 10 2
561 444 2
561 521 61
561 786 270
561 993 8
562 162 4
562 977 8
562 992 16
563 20 2
563 410 2
564 28 4
564 656 2
564 659 37
566 4 2
566 44 2
566 132 8
567 793 234
569 385 2
569 522 11
571 100 2
571 457 9
572 36 18
572 64 13
572 257 2
573 797 21
573 886 3
574 18 5
574 533 2
574 696 81
576 4 3
576 5 7
576 19 8
576 133 5
576 172 2
576 193 2
576 325 3
576 371 2
576 525 3
576 547 2
576 607 2
577 72 610
577 222 6
577 236 2
577 292 2
577 401 7
577 577 12
577 661 6
577 997 2
578 26 2
578 96 3
578 136 6
578 554 2
578 572 21
579 80 3
579 621 2
579 789 14
580 64 4
580 507 3
580 528 2
581 645 7
582 633 8
584 432 2
584 833 2
585 64 9
585 208 2
585 217 13
585 354 2
586 64 2
586 658 4
587 608 2
588 784 2
589 389 2
590 276 2
590 300 2
590 520 5
591 147 2
592 2 46
592 148 2
592 528 2
592 566 10
592 585 2
592 856 2
593 429 6
595 58 3
595 557 19
596 11 9
596 91 25
596 154 2
596 385 2
597 387 3
599 569 2
600 562 4
600 575 5
601 335 11
601 431 124
602 480 2
604 913 148
604 1006 321
605 80 4450
607 288 2
607 393 11
608 176 2
608 185 7
608 648 371
609 28 16200074
609 210 2
609 225 56
609 768 4
610 24 3
611 125 2
612 170 3
612 534 2
613 840 12
614 265 2
614 936 2
616 450 7
616 806 2
617 374 4
617 908 18
618 70 4
618 1004 2
619 76 2
619 140 13
619 231 7
623 1000 5
624 579 2
625 261 24
625 530 10
626 104 3
626 114 2
626 528 723
627 3 60259
627 418 4
627 769 2
629 446 208
629 528 2
631 24 27
632 18 3
635 546 11
637 73 2
638 161 5
640 4 2
640 6 7
640 16 49
640 160 8
640 181 2
640 246 2
640 258 469
640 369 2
640 467 2
640 525 2
640 584 2
640 659 2
640 938 2
640 952 35548
642 562 7
643 73 6
643 775 889
644 48 7
644 387 9
644 660 2
644 756 2
644 769 3
645 4 17
645 25 483
645 548 5
645 963 8
646 388 2
648 76 2
648 98 14
648 210 17
648 301 2
648 369 12
648 512 3
648 769 2
649 4 2
649 48 4
650 108 19
650 216 2
650 953 2
651 290 3
652 257 6
654 129 219
654 565 2
655 761 18
656 3 14
656 259 12
656 278 10
656 370 5
657 79 5
657 201 2
658 26 11
658 226 10
658 640 401
660 36 45
660 52 2
660 69 13
660 85 18
660 648 5
661 244 2
661 608 15
662 374 2
664 16 2
664 781 20
665 260 189
666 66 16
668 163 8
668 464 2
668 749 2
672 1 3
672 64 2
672 129 6
672 514 2
672 608 7
673 656 17
674 259 22
674 288 2
674 401 11
675 257 2
675 470 54
676 52 3
677 121 105
677 641 3
678 237 36
679 556 2
680 20 11
680 105 18
680 540 8
681 6 2
681 33 2
682 14 4
682 156 3
684 1008 4
686 426 3
688 385 2
689 80 3
690 110 2
691 12 7
692 260 9
693 397 5
693 522 2
694 6 5
694 976 4
695 585 2
696 885 3
700 18 6
700 864 2
701 34 2
701 941 13
704 34 174
704 76 24
704 135 7
704 292 3
704 370 28
704 514 2
704 673 2390
705 596 5
705 854 2
706 17 37
706 161 17
706 460 81
706 732 2
708 108 14
709 325 6
709 354 262
709 843 2
710 2 319
711 19 4
712 35 14
712 141 5
712 294 1679
712 862 2
713 593 7
713 837 3
716 98 15
716 339 2
716 649 42
716 842 57
719 512 10
720 7 8
720 803 3
721 0 2
721 104 5
721 323 3
721 584 359
722 82 2
722 100 9
722 104 49
722 146 12
722 258 2
722 393 8
722 398 3
722 464 4
723 142 2
724 20 5
724 596 2
725 44 2
725 65 11
726 322 11
727 200 2
728 227 7
728 712 2
729 578 2
732 834 7
736 24 5
737 64 2
737 288 2
738 970 11
740 235 2
740 778 2
741 45 2
743 787 2
744 124 31
745 63 2
746 386 3
746 536 2
751 506 2
752 261 10
752 494 8
752 786 155
760 40 2
760 220 2
760 257 4
760 300 10
768 68 8
768 226 3
768 326 4
768 502 2
768 666 39
768 738 22
769 34 2
769 350 12
770 67 3
770 256 36
770 515 3
770 663 2
771 793 2
771 800 2
772 0 5
772 32 2
772 130 4
773 1 3
774 936 2
775 48 13
775 921 2
776 101 4
776 155 2
776 586 2
776 697 14
777 6 13
777 84 2
777 200 949
777 318 6
777 539 11
777 554 2
777 608 15
777 641 18
778 330 37
778 389 88
778 707 2
780 14 9
780 16 6
780 193 4
780 552 13
780 707 3
780 901 2
781 222 4
782 226 26
782 405 4
784 1 2
784 514 2
784 549 14
784 569 2
784 604 3
784 634 2
784 841 2
785 45 3
785 257 2
786 142 2516
786 521 2
786 576 2
787 199 2
788 25 21
788 332 4
792 274 14
792 540 58
793 52 33
793 498 3
793 628 10
795 422 2
800 9 2
800 73 3
800 97 6
800 824 2
801 34 3
801 312 12
801 592 2
802 660 13
802 769 11
804 0 3
804 104 81
804 337 2
805 387 5
805 781 2
806 43 2
806 232 56
806 326 4
806 480 739
808 526 2
808 777 2
808 937 3
810 17 31
810 394 26
810 416 203
814 161 8
814 264 4
814 523 239
814 905 7453
816 18 2
816 24 2
817 784 89
818 253 2
819 69 12
819 538 4
821 236 2
822 211 83
824 392 2
824 978 3
830 356 2
832 16 2
832 21 4
832 30 9
832 43 2
832 328 723
832 427 5
834 0 2
834 32 2
834 67 8
834 148 2
834 912 5
835 264 4
835 392 2
835 583 6
836 388 2
836 485 54
838 785 5
839 21 2
840 96 29
840 106 25
840 545 2
840 800 7
841 370 25
842 132 3
842 200 26
843 939 8
845 624 2
848 90 2
848 188 16
848 313 5
849 792 9
849 1018 2
850 776 4
851 195 1549
852 2 2
852 64 6
852 72 28
852 824 91
856 866 22
857 42 2
863 516 34
864 786 3
866 260 3
867 998 2
868 332 2
870 6 4
870 68 4
872 32 7
872 50 2
872 165 21
873 9 2
874 360 2
875 164 21
878 258 2
880 611 13
882 42 2
882 591 46
882 778 2
884 802 41
885 601 4
894 392 464
895 603 2
896 868 3
897 39 3
897 115 15
897 523 2
897 1002 2
898 336 2
898 699 52
899 537 3
899 736 3
900 162 30
900 313 2
902 131 16
902 420 20
903 339 2
904 231 14
904 888 106
904 929 4
905 196 10
905 248 2
905 540 116
905 572 23
906 137 7
906 328 18
907 276 3
908 456 3748
911 5 4
911 896 3
912 2 2
912 129 2
912 388 8
914 216 2
914 669 4
914 776 2
914 968 3
915 431 2
916 777 5
917 560 6
917 912 17
918 0 4
920 200 20
921 272 15
921 320 2
922 8 2
924 33 10
924 196 21
927 190 2
928 516 3
929 10 49
929 257 2
929 316 24
930 547 33
930 720 7
931 230 20
932 274 8
932 783 11
933 657 31
934 94 2
938 261 2
938 316 2
938 552 4
940 512 2
941 771 56
944 756 2
945 456 19592
946 205 2
947 568 4
948 9 2
952 37 11
953 905 36
956 846 4
958 844 12
960 358 5
961 131 2
961 291 10
961 481 2
963 130 513
966 29 3487780
966 192 2
966 197 9
966 555 2
968 51 4
968 352 17
968 360 2
969 313 2
969 769 3
970 180 1676
971 566 20334
975 205 2
976 321 2
976 779 6
977 22 21
977 34 2
978 817 10
984 324 2
985 268 10
986 772 2
987 962 7
988 366 2
990 35 2
996 36 131
996 836 47
998 127 40
1001 286 2
1002 652 15
1002 912 29
1004 129 2
1011 36 2
1013 316 56
1018 358 2
1020 371 54
1021 643 335
