0 4 12
0 8 93
0 9 4
0 17 60
0 18 2
0 29 2
0 47 8
0 112 20
0 135 11
0 150 2
0 156 4
0 256 2
0 265 3
0 274 2
0 321 7
0 352 2
0 415 14
0 552 4
0 618 2
0 646 2
0 674 10
0 843 2
0 917 14
0 936 2
1 15 56
1 30 2
1 37 11
1 135 2
1 357 3
1 481 2
1 535 4
1 644 64
1 768 2
1 825 60
1 920 4
2 0 9
2 8 2
2 48 44
2 132 2
2 167 10
2 260 2
2 267 7
2 328 27
2 523 2
2 826 3
3 24 2
3 277 2
3 530 2
3 652 9
3 817 2
4 0 8
4 4 2
4 15 5
4 24 9
4 50 2
4 60 13
4 64 5
4 248 2
4 284 2
4 293 7
4 517 19
4 683 10
4 803 2
4 808 5
5 18 2
5 216 7
5 584 2
5 887 27724
6 3 2
6 148 11
6 212 8333
6 259 29
6 267 37
6 268 29
6 512 2
6 798 2
6 1002 9
7 237 233
7 715 2
8 1 2
8 2 7
8 19 4604
8 32 3
8 42 2
8 58 12
8 202 2
8 273 2
8 386 2
8 486 2
8 552 7
8 642 498759
8 656 56
8 735 11
8 850 15
8 902 2
9 39 3
9 43 2
9 416 2
9 572 5
9 823 42
9 907 31
10 13 2
10 40 6
10 75 2
10 84 14
10 160 4
10 176 23
10 208 2
10 523 3
10 599 26
10 680 10
10 778 2
11 204 2
11 586 3
11 752 4
12 0 2
12 24 2
12 116 2
12 128 10
12 269 27
12 366 16
12 634 2
12 781 163
13 66 16
13 192 2
13 224 2
13 780 5
14 152 2
14 210 13
14 321 58
14 376 7
14 616 9
15 352 2
15 485 19
16 9 41
16 24 2
16 64 2
16 132 3
16 148 15
16 198 2
16 516 23
16 643 14
16 806 25
17 129 2
17 258 2
18 51 2
18 215 6
18 290 5
18 641 176
18 645 4
19 7 13
19 24 2
19 657 5
19 709 2
20 10 3
20 28 4
20 36 8
20 176 2
20 323 62
20 786 6
21 308 24
22 24 194
22 97 47
22 133 2
22 281 5
22 331 2
22 565 2
23 328 1889
23 770 5
23 886 4
24 9 3
24 533 11
24 781 2
24 786 9
24 848 13
24 944 366
25 523 2
25 592 4
26 20 7
26 109 3
26 801 15
27 130 16
27 549 2
28 42 2
28 72 36
28 203 12
28 647 8
29 1 28
29 327 3
29 532 2
30 52 9
30 129 5
31 77 2
31 561 2
32 16 2
32 33 2
32 42 5
32 72 11
32 196 11
32 204 13
32 211 2
32 219 5
32 276 9
32 414 2
32 514 13
32 612 2
32 641 4
32 721 23
32 759 6
32 803 2
32 848 6
33 2 9
33 3 13
33 31 2
33 64 2
33 276 2
33 320 4
33 544 2066
33 785 4
33 898 2
33 945 6
34 292 2
34 324 2
34 561 4
34 663 9
34 720 2
35 65 16
35 266 18
35 689 476
36 12 3
36 34 5
36 48 2
36 257 9
36 266 2
36 288 2
36 320 89
36 555 56
36 705 2
36 858 2
37 2 6
37 13 2
37 364 34
37 594 330
37 640 29
37 673 2
38 180 2
38 204 17
39 3 6
39 48 2
39 520 8
39 982 18
40 20 2
40 39 6
40 65 2
40 256 4
40 512 2
40 528 2
40 605 2
40 672 4
40 756 4
40 761 5
40 840 2
40 980 2
41 96 2
41 263 2
41 276 3
41 321 7
42 42 12
42 140 2
42 329 2
42 411 2
42 778 7
43 1 5
43 546 261
44 10 46231
44 12 6
44 430 2
44 524 2
44 794 2
45 23 2
45 50 5
45 266 4
45 615 11
45 808 2
47 80 2
48 168 21
48 176 3
48 193 2
48 198 8
48 226 9
48 646 2
48 708 6
48 789 2
48 932 21
49 17 282
49 313 13
49 516 2
50 9 4
50 113 2
51 70 6
51 377 2
52 46 3
52 188 2
52 256 7
52 390 9
53 146 2
54 718 2
56 89 2
56 267 22794
56 472 3
56 544 2
56 560 3
57 5 706
57 33 2
57 128 2
58 113 11
58 470 1017
59 58 119
59 292 3
59 453 13
59 583 2
60 3 4
60 5 2
60 33 11
60 948 9
61 644 6
61 648 10
62 521 2
62 612 30884
64 1 2
64 26 3
64 192 2
64 197 2
64 203 2
64 272 2
64 465 5
64 686 6
64 756 2
64 771 61
64 780 5
64 790 10
65 25 15
65 61 14
65 96 2
65 104 2
65 118 18
65 241 3
65 274 26
65 515 18
65 571 4
65 614 570
66 140 2
66 545 16
67 2 2
67 16 3
67 20 7
67 37 2
67 73 24
67 453 2
67 482 13
67 840 7
68 153 2
68 192 110
68 226 6
68 322 2
68 576 4
69 138 3
69 466 106
69 529 3
69 572 2
70 109 12
70 212 3
70 431 2
70 642 3
70 646 4
70 648 2
70 672 2
71 264 2
71 409 4
71 700 2
72 37 29
72 65 3
72 280 6
72 437 835
72 533 17
73 39 3
73 640 40
73 870 39
73 999 46
74 512 18
74 548 5
75 259 2
75 576 2
76 76 165
76 133 7
76 262 10
77 256 2
77 267 5
77 450 2
77 456 2
78 288 134
78 517 2
78 784 3
78 919 3
79 165 26
80 0 2
80 51 4
80 82 26
80 132 2
80 528 3
80 677 2
80 920 3
81 807 6
81 852 8
82 280 2
82 283 4
83 115 12
83 124 66
83 304 2
83 617 2
83 784 2
84 64 2
84 74 2
84 216 11
84 490 10
85 31 3
86 234 2
86 524 9
87 353 4
87 462 10
87 512 2
87 515 2
88 330 3
88 782 3
89 2 2
89 4 115
90 20 49
90 274 4
90 843 25
90 977 2
90 988 2
91 154 3
91 652 9
91 951 38
92 38 7
92 91 2
93 134 5
93 669 3
94 869 2
94 954 2
95 20 4
96 32 5
96 148 2
96 208 5
96 220 2
96 276 2
96 304 22
96 321 6
96 356 16
97 48 3
97 144 2
97 167 11
97 195 8
97 286 3
97 473 31
98 14 22
98 352 2
98 401 2
98 671 3
98 928 281
99 117 2
99 134 5
99 249 2
100 128 13
100 294 8
100 752 12
100 768 2
101 70 16
101 124 2
101 161 10
101 169 2
101 392 4
101 599 497
102 6 2
102 78 2
102 166 2
102 264 3
103 704 7
104 26 3
104 28 2
104 48 6
104 64 15
104 132 2
104 313 418
104 512 2
104 673 3
105 3 17
105 296 4
105 779 12
106 516 4
106 652 11
107 3 9
107 129 2
108 514 5
108 825 3
109 707 103
111 12 53
112 0 8
112 1 3
112 3 6
112 28 2
112 84 2
112 107 2
112 165 2
112 776 2
114 68 2
114 416 51
114 452 2
114 497 2
114 872 3
116 33 7
117 106 4
119 446 2
119 836 2
120 0 2
120 76 8
122 185 32
122 294 2
123 600 2
124 304 7
124 348 2
125 268 2
128 1 139
128 10 2
128 58 3
128 134 79
128 208 3
128 320 375
128 362 9
128 375 2
128 453 4
128 628 2
128 770 5
128 806 8
129 0 4
129 10 2
129 37 13
129 88 2
129 163 2
129 584 201
129 707 15
130 78 2
130 272 2
130 273 10
130 368 10
130 520 6
130 528 19
130 532 2
130 540 5
130 675 2
130 772 85
130 980 9
131 581 21
132 6 3
132 94 92
132 137 3
132 372 3
132 516 2
132 713 2
132 916 3
132 957 14
133 23 2
133 138 11770
133 614 12
134 67 5
134 224 56
134 377 3
134 390 1871
134 516 3
134 768 20
135 544 3
136 21 23
136 39 65
136 160 2
136 482 4
136 610 6
136 684 4
136 831 3
137 148 7
137 256 10
137 259 23
137 325 23
137 678 2
137 778 2
138 266 8
138 415 2
138 590 2
138 902 4
139 426 7
139 865 14
140 72 3
140 135 2
140 464 11
140 776 2
141 2 2
141 521 38
141 954 7
143 116 2
143 187 3
143 286 77
143 642 2
144 18 13
144 68 8
144 248 3
144 257 8
144 418 29
144 800 2
145 1 2
145 2 17
145 94 6
145 184 8
145 216 175
145 273 295
145 392 11
145 513 18
145 576 2
146 69 13
146 146 2
146 396 2
146 910 2
147 513 3
147 522 6
148 24 4
148 130 8
148 139 17
148 146 2
148 464 4
148 515 2
148 912 3
149 20 8
150 141 7
150 160 14
151 132 34
151 207 3
151 250 6
153 26 3
153 151 7
153 171 7
153 592 2
153 598 668079
153 833 2
153 961 44
156 54 2
156 521 26
156 814 2
157 404 3
158 104 2
160 34 7
160 81 2
160 144 3
160 452 5
160 644 9
160 801 5
161 21 28
161 40 2
161 326 12
161 376 2
161 524 8
161 576 2
161 717 2
161 898 26
162 160 2
162 306 2
162 517 2
163 361 2
163 601 7
164 34 2
164 38 51
164 217 2
164 329 3
164 481 14
164 646 142
165 141 10
165 397 2
166 686 123
167 104 169
167 289 7290
167 384 12
167 456 23
167 712 2
168 8 74
168 67 5
168 68 14
168 98 2
169 72 5
169 351 6
169 514 16
171 144 2
171 810 9
172 8 2
172 32 4
172 569 2
172 664 4
173 261 2
174 493 2
174 582 9
175 863 6
176 32 2
176 137 3
176 273 2
176 916 2
176 932 13
177 128 2
177 280 510
177 611 2
177 744 16
178 100 2
178 144 2
178 580 5
178 797 4
179 429 3
180 19 2
180 152 3
180 600 2
180 973 3
181 97 2
181 768 2
181 964 4
182 300 6
182 672 2
182 728 6
184 141 2
184 161 2
184 664 2
185 5 4
185 42 206
185 391 2
186 272 62
186 582 20
188 199 9
192 43 2
192 52 160
192 72 2
192 177 2
192 388 3
192 392 2
192 524 2
192 536 5
192 713 5
192 898 21
192 904 3
192 999 346
193 8 2
193 28 3
193 120 2
193 131 2
193 162 2
193 375 2
193 422 2
193 718 27
193 775 15
194 321 4
194 592 281
194 677 5
196 81 2
196 286 4967
196 377 5
197 61 45
197 100 7
197 297 2
197 611 2
197 769 2
198 3 2
198 196 5
198 812 17
200 146 2
200 924 2
201 140 2
202 11 2
203 654 4
204 6 3
204 520 4
206 80 2
208 14 5
208 534 2
209 55 2
209 513 2
209 564 2
210 1 7
210 882 2
211 4 3
212 69 7
212 262 2
212 285 11
212 673 2
213 64 4
214 369 7
214 585 44
216 138 2
216 792 5
217 923 9
219 389 2
220 176 2
222 532 89
225 257 1268
225 316 113
225 948 2
226 157 3
227 336 2
227 592 2
227 838 2
230 9 3
231 290 2
232 5 77
232 65 2
232 80 11
232 480 2
233 212 2
233 912 13
234 848 2
235 281 2
235 645 42
237 91 2
238 620 2
238 642 98
239 370 2
239 560 3
240 18 2
240 66 8
240 914 3
241 206 2
242 156 29
244 33 9
244 356 16
245 705 2
246 64 2
247 626 6
248 0 13
248 290 2
256 1 2
256 5 37
256 68 29
256 69 2
256 160 2
256 243 2
256 262 5
256 312 26
256 512 2
256 522 40
256 616 5
256 705 25
256 764 2
256 772 10
256 904 2
256 992 173
257 0 64
257 156 2
257 268 123
257 272 2
257 544 21
257 680 12
257 806 2
257 912 2
257 945 2
258 24 416
258 34 2
258 36 2
258 138 2
258 673 12
258 810 2
258 880 2
259 226 2
259 327 2
259 532 3
260 256 5
260 295 11
260 522 5
260 545 2
260 678 3
261 72 14
261 356 2
261 672 2
261 995 3
262 32 7
262 134 2
262 193 4
262 256 7
262 906 2
262 1013 6
264 1 2
264 4 6
264 320 8
265 632 40
266 11 2
266 56 2
266 272 9414
266 336 2
268 12 13
268 177 99
268 524 2
268 577 9
269 444 2
269 640 2
270 532 2
270 642 2
272 162 2
272 208 2
272 225 2
272 234 2
272 259 22
272 378 5
272 520 170
272 640 147
272 684 3
272 899 4
273 693 7
273 809 19
273 903 2
274 98 2
274 334 2
275 4 3
275 16 2
275 116 2
275 485 2
275 512 2
276 288 2
276 392 2
276 538 5
276 628 59
276 661 2
277 8 2
277 27 2
277 128 12
278 258 2
279 18 84
279 901 2
280 82 161
280 600 42
280 674 20180
281 101 2
282 136 6
282 576 26
282 717 2
285 104 3
286 12 11
286 624 2
286 832 2
287 448 50
287 802 2725
288 47 2238
288 50 2
288 132 16
288 224 11
288 292 579
288 341 2
288 545 2
289 36 3
289 60 8
289 156 3
289 468 9
289 472 3
289 753 4
289 788 2
290 0 2
290 258 53
290 328 13
290 388 2
291 32 13
291 610 42
291 768 14
291 967 2
292 7 2
292 19 9
292 134 5
292 162 13
292 524 19
293 256 4
293 960 5
294 742 2
294 864 7
296 57 17
296 131 2
296 231 2
296 260 2
296 288 15
296 336 2
296 409 2
296 516 2
297 167 52
297 325 29
297 389 12
297 742 2
298 75 12
298 800 2
299 78 3
299 291 18
300 140 6
301 274 2
303 292 2
304 6 11
304 8 3
304 42 2
304 63 10
304 106 2
304 212 3
304 258 2
304 292 2
305 11 2
305 34 2
305 576 2
306 36 2
306 918 38
307 514 2
308 583 13
308 640 8
308 692 2
308 832 20
308 848 3
309 77 63
310 44 16
310 936 31
312 514 7
314 109 2
314 156 2
314 376 13
314 518 45
315 739 103
316 452 3
318 532 3
318 914 5
320 29 13
320 407 2
320 428 4
320 468 4
320 641 4
320 720 4
321 4 2
321 262 2
321 337 2
321 768 9
321 1008 2
322 0 5
322 80 22
322 196 2
322 902 2
323 515 101
324 16 7
324 106 13
324 167 4
324 179 2
324 200 15
324 513 30
324 530 2
325 6 11
325 74 55
325 145 8
325 614 14
325 720 2
326 11 2
326 16 3
326 32 21
326 116 2
327 675 14
327 698 4
328 45 3
328 853 3
329 35 4
329 258 2
329 836 4
330 8 24
330 204 3
331 512 2
332 456 13
332 643 2
334 265 2
334 288 2
335 83 23
335 391 3
336 18 2
336 100 13
336 576 3
336 632 6
337 352 7
337 833 2
338 33 2
338 160 2
338 169 2
339 42 2
340 0 52
340 106 8
340 704 11
340 763 6
341 576 2
342 15 2
342 272 9
342 536 2
343 475 59
344 188 2
344 676 2
345 32 2
345 728 4
345 992 3
346 11 11
346 89 8310
347 11 7
347 149 175
347 313 2
348 395 384
349 12 17
352 419 6
352 514 8
352 680 10
352 794 2
352 860 13
353 389 9
353 684 2
354 25 6
354 30 24
354 288 25
354 969 7
355 134 259
355 634 2
356 800 6
357 641 6
358 3 5
358 168 11
358 197 2
360 514 4
360 555 72
360 732 35
360 810 47
361 266 2
361 316 9
362 34 5
363 162 8
363 424 4
364 740 2
366 657 2
368 49 2
368 738 30
368 925 2
371 112 11
371 705 2
371 772 9
372 352 5
375 77 2
376 193 2
379 333 28
380 339 2
381 531 16
384 5 2
384 6 288
384 156 2277
384 168 2
384 332 93
384 457 88
384 481 43
384 531 8
384 571 16242
384 597 2
384 692 2
384 841 62
385 2 3
385 213 4
385 214 2
385 513 176
385 563 3
386 64 5
386 73 6
386 158 32
386 160 3
386 275 5
386 846 15
386 912 2
387 147 2
387 297 2
387 545 11
387 1016 7
388 332 2
389 596 3
391 8 3
392 336 2
392 553 6
392 674 9
393 577 2
394 80 6
394 211 20
394 590 2
395 4 231
395 558 5
395 647 2643
396 6 2
396 454 30
396 536 11
396 546 3
396 777 2
396 915 2
396 960 3
397 132 7
397 305 11
397 518 2
398 943 2
399 9 16
400 10 52
400 21 3
400 144 2
400 712 13
401 16 20
401 58 2
401 277 2
401 673 14
401 932 7
402 80 3
402 769 12
403 20 2
404 209 2242
405 160 16
406 677 153
406 928 17
407 591 2
408 66 7679
408 405 2
408 576 6
409 66 50
409 417 2
409 888 2938
410 520 11
411 20 2
412 6 11
413 640 3
416 52 14
416 279 12
416 292 49
416 531 4
416 832 300
417 577 2
418 16 2
419 7 2
419 62 2
419 844 5
420 32 8
420 114 4
420 288 3
420 538 2
420 545 2
421 400 2
423 384 2
423 651 2
425 161 2
425 261 2
425 776 7
426 644 7
427 580 2
428 32 2
428 194 2
428 620 13
428 880 7
430 68 8
430 203 68
433 24 2
433 197 2
434 734 2
436 597 2
437 2 3
442 146 2
442 691 11
444 769 4
444 801 2
448 92 8
448 513 2
448 655 3
452 48 2
452 136 22
452 205 26
452 488 2
452 512 2
452 513 47
453 368 9
453 661 2
454 9 2
454 437 4
454 634 2
455 640 8
456 105 6
456 376 13
456 774 21
457 906 2
458 101 453
458 743 14
460 197 3
460 566 7
462 516 2
462 641 6
463 916 2
464 265 2
464 928 2
465 531 2
465 761 2
467 211 2
467 300 6
469 425 5
472 226 2
472 256 11
472 801 9
473 6 4
473 800 4
480 0 3
480 665 12
480 928 10
481 288 21
482 64 2
482 208 2
482 285 2
483 276 240
485 134 33
488 3 20
488 565 2
489 64 2
491 112 2
496 433 2
496 978 24
501 519 2
504 267 2
505 332 2
506 706 2
512 1 2
512 5 3
512 65 10
512 96 3
512 153 5
512 173 2
512 266 2
512 420 74
512 438 5
512 453 32
512 482 24
512 514 9
512 522 3
512 685 25
512 936 23
513 5 12
513 47 2
513 65 2
513 112 2
513 304 17
513 315 2
513 340 2
513 548 3
513 640 3
514 11 2
514 36 2
514 160 2
514 401 8
514 452 16
514 522 2
514 572 6
514 780 21
515 93 3
515 157 5
515 273 2
516 33 6
516 72 2
516 169 2
516 357 2
516 385 2
516 442 7
516 555 31
516 582 4
516 605 10
516 779 2
516 785 24
517 0 9
517 8 8
517 34 10
517 177 5
517 281 19
517 525 3
517 672 5
517 676 18
517 768 2
518 0 2
518 41 8
518 66 6
519 517 7
519 944 3
519 967 46
520 9 2
520 94 11
520 164 2
520 296 9
520 328 8
520 436 2
520 785 54
520 812 2
520 896 12
521 81 11
521 229 11
521 546 2
521 554 52
521 560 2
521 609 2
522 121 4
522 234 19
522 549 6
522 652 3
523 650 405
524 173 2
524 520 2
525 134 8
525 820 2
526 548 3
526 776 7
527 36 3
527 713 2
528 10 5
528 33 6
528 36 3
528 97 5
528 144 2
528 156 2
528 344 2
528 406 3
528 512 2
528 580 3
528 582 3
528 720 5
528 801 6
529 16 2
529 260 2
529 423 6
529 517 2
529 520 4
529 836 10
530 86 615
530 132 2
530 325 8
530 696 2
532 134 30
532 292 43
532 550 3
532 853 2
533 5 14
533 37 2
533 787 2
534 425 18
534 786 3
534 928 2
535 10 2
536 10 2
536 412 2
536 687 7
536 902 2
537 99 2
537 138 12
537 257 33
537 478 2
538 74 4
538 84 16
538 820 2
540 256 2
540 481 2
541 344 6
541 793 5
544 6 11
544 21 2
544 24 2
544 151 2
544 160 3
544 401 1026
544 416 3
544 536 3
544 542 11
544 597 2
544 718 28
545 209 50
545 226 7
545 914 20928
546 2 2
546 4 22
546 263 6
546 612 2
546 650 2
546 758 2
546 900 5
547 265 3
547 427 6
547 577 10
548 141 8
548 169 13
548 577 2
548 586 7
549 68 11
549 97 6
549 288 6
549 530 5
549 647 4
550 649 11
550 800 7
551 40 2
551 89 100
552 136 2
552 656 3
552 932 2
553 102 178
553 933 2
555 52 2
556 409 2
557 6 3
557 370 7
557 400 2
557 557 2
557 770 9
557 938 9
559 557 4
560 18 12
560 32 5
560 168 2042
560 354 3
561 10 36
561 444 19
561 521 2
561 786 2
562 977 3
562 992 7
563 20 19
563 410 2
564 659 12
565 105 36
566 4 2
566 132 2
567 793 2
569 385 5
569 522 2
571 100 6
571 457 20
572 36 2
572 64 22
572 257 2
572 370 407
572 777 2
573 797 6
573 886 23
574 18 2
576 4 17
576 5 9
576 19 13
576 48 2
576 76 2
576 133 6
576 172 2
576 193 14
576 371 2
576 547 31
576 607 14
577 72 61
577 236 13
577 401 2
577 661 2
577 997 26
578 26 3
578 96 2
578 120 16
578 136 2
578 554 7
578 572 93
578 575 1193
579 136 11
579 621 4
579 789 2
580 64 4
580 507 2
580 598 2
581 645 2
582 633 2
583 129 10
585 64 8
585 208 2
585 354 2
586 64 16
586 530 2
586 658 4
588 784 3
589 389 131
590 276 2
590 300 2
590 520 3
590 788 5
591 147 40
592 4 9
592 148 24
592 322 2
592 528 10
592 585 3
593 429 4
595 58 6
595 557 11
596 33 18
596 91 2
596 385 2
597 387 2
599 176 2
599 569 5
600 562 2
600 575 19
601 335 74
601 431 3
602 480 6
604 913 3
605 80 29
606 281 41
606 807 13
607 288 2
607 393 9
608 176 2
608 522 5
608 648 2
609 28 2
609 210 11
609 225 3
609 526 2
610 24 2
611 125 13
612 170 23
612 534 18
613 840 3
614 265 2
614 936 2
616 81 2
616 450 2
616 806 18
617 374 42
617 908 2
618 70 20
619 76 2
619 231 22
621 293 6
623 1000 3
624 579 2
625 5 2
625 261 4
625 530 2
626 104 19
626 528 2
627 418 60
627 769 14
627 977 2
629 446 6
629 528 9
631 24 27
632 18 4
633 812 2
637 73 3
638 161 109
640 4 5
640 6 8
640 160 424
640 181 4189
640 258 90
640 369 2
640 421 49
640 467 3
640 525 11
640 584 2
640 659 3
640 732 2
640 952 6
641 192 5
642 512 6
642 562 5
642 724 6
643 775 5
644 660 13
644 756 32
644 769 15
645 4 23
645 25 2
645 548 6
645 963 2
646 289 2
646 388 2
648 76 2
648 98 8
648 210 8112
648 301 4
648 369 341
648 512 6
648 694 2
648 769 2
649 4 16
649 48 7
650 108 31
650 953 2
651 290 2
652 594 6
655 384 7
655 761 23
656 3 37
656 259 3
656 278 2
656 370 3
657 79 39
657 201 3
658 10 27
658 26 7
658 226 2
658 640 3
660 36 7
660 52 9
660 69 2
660 85 2
661 244 3
661 608 2
662 374 9
664 16 13
664 205 6
664 539 2
664 781 2
665 260 2
666 66 5
667 587 8
668 464 3
668 749 2
670 515 2
672 1 56
672 129 14
672 514 2
672 608 2
672 717 2
673 656 3
674 259 2
674 288 16
674 401 2
674 672 10
675 257 2
675 470 2
676 52 2
677 121 3
677 641 10
678 237 7
679 556 13
680 20 4
680 39 16
680 450 3
680 540 2
681 33 3
682 156 4
683 278 3
684 1008 2
686 426 53
686 593 4
688 385 2
689 80 171019
690 110 2
691 12 1576
692 260 2
692 914 76
693 397 2
693 522 4
694 6 4
694 768 17
694 976 4
695 517 2
695 585 76
696 885 2
697 710 232
700 18 2
700 229 90
700 864 7
701 34 19
701 941 2
704 34 2
704 135 2
704 292 27
704 370 18
704 514 61
704 673 3
705 596 2
705 854 2
706 17 22
706 161 7
708 108 7
709 325 2
709 354 6
709 644 5
709 843 18
710 2 2
711 19 3
712 35 2
712 141 5
712 283 2
712 862 6011
713 837 4
716 98 11
716 339 2
716 649 14
719 512 6
720 7 4
720 144 10
720 803 11
721 0 14
721 170 3
721 323 27
721 584 36
722 82 2
722 100 2
722 104 6
722 146 9
722 258 2
722 393 3
722 398 7
722 464 5
723 142 12
724 20 21
725 44 12
725 65 2
726 322 2
727 200 2
728 227 42
728 350 13
728 712 2
729 578 2
730 332 7
736 24 54
737 25 13
737 64 782
737 288 2
737 610 2
738 970 1170
740 235 2
740 778 2
741 45 2
741 260 2
742 97 33
743 787 2
744 124 12
745 63 3
746 536 2
752 261 10
752 494 2
752 786 5
754 32 68
759 130 43
760 40 3431
760 220 4
760 257 3
760 300 2
763 668 5
768 68 4
768 226 2
768 502 2
768 608 2
768 666 37
768 736 2
768 738 2
769 34 2
769 350 2
769 773 6
770 67 7
770 211 7
770 515 4
771 128 8
771 793 7
771 800 4
772 32 2
772 130 2
773 1 7
774 8 19
774 936 3
775 48 14
776 101 43
776 586 3
776 697 13
777 6 22
777 84 6941
777 318 9
777 539 2
777 554 22
777 608 8
777 641 2
778 707 2
780 14 50
780 16 5
780 193 15
780 552 61
780 707 3
780 901 12
781 222 85
781 496 2
782 226 2
782 405 12
784 1 4
784 514 80
784 549 2
784 569 42
784 604 3
784 634 2
784 841 9
785 45 2
786 142 5
786 521 10
786 576 2
786 914 2
787 199 3
788 25 20
788 332 20
792 16 2
792 540 2
792 594 4
793 52 29
793 498 3
793 628 214
795 422 12
795 661 3
798 776 8
800 9 2
800 45 5
800 73 4
800 97 4
800 133 6
800 824 68
801 34 9
801 312 2
801 592 2
801 642 2
802 660 2
802 769 11
804 0 2
804 337 6
804 779 7
805 387 245
805 781 10
806 43 2
806 134 5
806 232 1409
806 326 3
808 302 6
808 526 2
808 777 12
808 937 10
808 945 34
810 17 446
810 416 2
812 778 279
814 264 10
814 523 7
814 905 139
816 18 2
816 24 71
817 784 8
818 253 2
819 69 2
819 538 67
821 236 5
824 609 2
824 978 9
828 592 4
830 356 227
832 30 2
832 43 32
832 281 4
832 304 3
832 328 15
832 427 22
832 518 11
833 999 9
834 32 9
834 148 2
834 912 4
836 86 27
836 388 6
836 485 2
838 785 14
839 21 2
840 96 3
840 545 2
840 800 17
841 32 2
841 370 2
842 132 16
842 200 4
844 584 184
845 624 5
848 90 2
848 188 8
848 313 2
848 899 32
849 792 49
849 1018 4
851 195 11
852 2 3
852 64 2
852 72 3
852 824 12
854 681 2
856 256 2
856 866 68
857 42 4
862 130 2
863 516 2
864 23 87
866 260 2
867 998 5
868 332 2
870 6 2
870 68 57
871 264 2
872 32 2
872 50 2
872 165 2
873 9 2457
874 360 2
875 164 3
878 258 4
880 611 3
882 42 2
884 802 4
885 601 2
894 392 2
895 603 2
896 330 2
896 868 2
897 39 2
897 115 11
897 1002 2
898 699 6
899 537 2
899 736 2
900 4 10
900 162 4
900 313 2
902 131 4
902 420 2
904 112 3
904 231 2
904 552 4
904 888 2
904 929 4
905 12 4
905 196 17
905 248 7
905 540 8
905 572 7
906 137 3
906 194 3
906 210 7
907 276 2
908 456 6
910 614 3
911 5 7
911 896 10
912 2 401
912 85 2
912 129 2
912 388 3
914 216 2
914 669 5
914 968 42
915 431 18
916 742 2
916 777 5
917 560 4
917 912 2
918 0 10
920 200 2
921 272 29
921 320 161
922 784 5
924 33 12
927 190 428
928 64 10
928 384 2
928 516 5
928 518 2
929 10 2
929 257 5
929 316 2
930 547 3
930 720 2
931 230 3
931 657 2
932 274 2
932 783 2
933 657 2
934 94 2
938 261 3
938 552 2
940 512 4
941 771 2
944 165 2
944 756 12
945 456 64
946 205 11
947 568 20
948 9 33
952 37 9
953 905 14
954 22 2
956 846 5
960 358 16
961 131 7
961 291 5
961 472 7
961 481 9
963 130 10
965 937 6
966 29 26
966 192 3
966 197 2
966 555 2
968 51 33
968 352 2
969 313 2
969 769 39
970 180 2
971 566 114
975 205 2
976 779 2
977 22 4
977 549 140
984 324 2
984 483 4
986 772 5
987 962 2
988 366 8
990 35 2
996 836 4
998 179 28
1000 260 29
1001 286 5
1002 652 2
1002 912 2
1004 129 6
1011 36 6
1013 316 143
1018 358 10
1020 371 2
1021 643 2
