0 8 30
0 9 2
0 18 2
0 29 2
0 47 9
0 112 3
0 135 503
0 150 35
0 156 14
0 215 2
0 256 5
0 259 241
0 274 2561
0 321 15
0 415 6
0 552 4
0 618 24
0 646 14
0 674 2
0 704 12
0 843 2
0 902 2
0 917 2
1 15 173
1 37 21
1 70 4
1 82 6
1 135 2
1 228 3
1 292 2
1 481 8
1 535 7
1 644 4
1 705 5
1 768 5
1 825 2
1 920 2
2 0 7
2 8 16
2 48 9406
2 132 2
2 523 1419
3 24 31
3 277 4
3 592 2
3 817 13
4 0 2
4 24 148
4 50 22
4 60 13
4 284 30
4 293 4
4 368 4
4 517 36
4 683 2
4 774 7
4 803 8
4 808 2
5 18 9
5 584 4
5 887 2
6 148 2
6 212 23
6 259 18
6 267 2
6 268 2
6 466 7
6 512 5
6 798 2
6 1002 455
7 81 2
7 110 10
7 237 201
7 715 2
8 1 10
8 2 5
8 19 11
8 32 2
8 42 2
8 58 124
8 202 2
8 272 4
8 273 20
8 393 10
8 486 2
8 642 3
8 656 2
8 735 2
8 850 2
8 902 24
9 39 4
9 43 4
9 416 2
9 526 2
9 823 5
9 907 2
10 13 20
10 40 23
10 75 3
10 84 2
10 208 18
10 518 2
10 523 2
10 584 5
10 599 3
10 680 12
10 778 3
11 204 16
11 586 2
11 752 8
11 779 10
12 0 8
12 24 9
12 55 2
12 65 4
12 269 11
12 366 23
12 634 78
12 781 2
13 66 2
13 192 64
13 224 7
13 320 2
14 127 24
14 152 7
14 210 3
14 321 5
14 376 63
14 584 2
14 616 2
15 352 4
15 485 6
15 659 14
15 854 4
16 9 2
16 24 2
16 64 7
16 96 2
16 148 6
16 198 37276
16 516 2
16 806 2
17 129 4
17 258 2
18 51 2
18 215 2
18 290 56
18 641 2
18 645 2
19 7 2
19 24 5
19 657 3
19 709 13
20 10 2
20 36 2
20 176 2
20 323 2
20 786 18
21 116 2
21 258 2
21 308 9
22 24 57
22 68 2
22 97 2
22 133 2
22 281 2
22 331 6
22 565 7
23 328 2
23 770 2
23 886 2
24 9 2
24 533 66
24 781 6
24 786 4
24 848 628
24 944 10
25 523 3
25 592 22
26 22 10
26 109 2
26 801 3
27 130 2
27 210 7
27 547 5
28 42 2
28 72 2
28 146 2
28 192 2
28 203 16
28 624 2
29 1 162
29 5 5
29 327 3
29 809 10
30 21 3
30 52 55085
30 129 7
30 588 3
31 561 2
32 16 7
32 33 6
32 185 11
32 196 3
32 204 2
32 219 18
32 388 2
32 414 2
32 514 2
32 612 2
32 641 113
32 759 4
32 848 6
32 960 5
33 2 13
33 26 6
33 31 2
33 64 41
33 320 11
33 544 17
33 785 2
34 292 2
34 324 14
34 561 2
34 663 47
34 720 2
35 65 26
35 266 2
35 689 4
36 34 2
36 48 3
36 257 2
36 266 2
36 288 2
36 320 2
36 448 2
36 555 3
36 705 2
36 858 2
37 13 2
37 520 2
37 594 419
37 640 2
38 1 4
38 180 164
38 204 2
38 544 1150
39 48 2
39 520 74
39 982 9
40 9 3
40 20 16
40 39 4
40 65 52
40 256 4
40 512 7
40 528 4
40 645 4
40 672 8
40 756 5
40 761 2
40 840 5
40 980 2
41 96 2
41 263 4
41 276 2
41 321 2
41 513 5
42 42 18
42 140 2
42 329 3
42 411 12
42 839 2
43 1 2
44 12 2
44 47 2
44 430 2
44 524 23
44 794 8
45 23 2
45 50 319
45 74 5
45 266 50
45 615 2
45 808 2
45 844 20
46 57 2
47 80 2
48 67 8
48 176 13
48 193 2
48 198 2
48 226 4
48 646 2
48 708 2
48 789 2
48 843 2
48 932 6
49 4 2
49 17 2
49 310 15
49 313 7
50 113 2
50 528 4
51 377 9
51 516 2
52 46 3
52 188 3
52 256 14
52 285 2
52 390 4
52 899 3
53 146 3
53 245 2
54 112 2
54 718 10
55 278 3
56 89 3
56 267 9
56 472 3756
56 544 10
57 5 9
57 33 959
57 128 3779
57 448 2
58 113 2
58 470 2
59 58 2
59 583 3
60 3 3
60 5 9
60 33 15
60 112 2
60 948 252
61 644 23
62 521 2
62 612 31
64 1 13
64 26 3
64 194 2
64 197 34
64 203 7
64 272 9
64 465 24
64 481 6
64 514 2
64 686 3
64 756 2
64 780 40
64 790 2
65 25 2
65 104 4
65 118 486
65 218 23
65 241 69
65 265 2
65 515 9
65 614 2
66 545 3
67 2 4
67 16 11
67 20 4
67 37 11
67 73 10
67 453 2
67 482 7
68 153 63
68 192 18
68 226 2
68 284 3
68 322 3
69 138 2
69 276 7
69 466 25
69 529 4
69 572 21
69 768 3
70 109 77
70 431 4
70 608 3
70 646 20
70 648 2
70 672 2
71 1 3
71 264 4
71 409 2
71 700 5
72 8 33
72 37 4
72 65 2
72 280 2
72 437 6
72 533 14
72 961 2
73 39 16
73 640 4
73 999 43
74 548 5
74 768 160
74 1012 2
75 576 22
76 76 30
76 84 4
76 262 2
76 586 16
76 855 2
77 256 2
77 267 4
77 450 2
77 456 5
78 288 1403
78 517 3
78 784 2
78 919 5
79 165 2
79 386 30
80 0 13
80 51 2
80 82 2
80 132 2
80 211 2
80 528 8
80 677 2
80 920 6
81 807 3
81 852 3
82 280 2
82 283 7
83 115 6
83 124 2
83 304 57
83 617 2
83 784 2
84 64 21
84 74 24313
84 490 3
85 31 2
85 65 2
86 234 2
87 462 16
87 512 12
87 515 3
88 330 2
88 782 2
89 2 5
89 4 10
89 76 2
90 20 8
90 274 2
90 843 10
90 977 3
90 988 2
91 652 13
91 951 12
92 38 2
92 91 35
93 49 9
93 134 6
93 669 2
94 869 2
94 954 2
95 34 5
96 80 2
96 103 25
96 148 2
96 208 2
96 220 2
96 276 3
96 304 2
96 321 6
96 547 30
96 776 8
97 18 2
97 48 3
97 130 3
97 144 1607
97 167 2
97 195 28
97 286 4
97 473 4
97 525 2
98 14 6
98 352 20
98 401 8
98 671 2
98 928 5
99 134 14
100 768 23
101 124 2
101 161 16779150
101 392 99
101 599 181
102 6 3
102 166 3
104 26 34
104 28 23
104 48 3
104 64 5
104 132 17
104 313 3
104 673 4
105 3 12
105 296 18
105 779 6
106 516 12
106 652 4
107 3 10
107 129 5
108 133 2
108 514 1316
108 825 7
109 707 56
111 12 15
112 0 425
112 1 16
112 84 2
114 416 2
114 452 2
114 497 2
116 33 4
117 106 2
117 803 30
118 565 2
119 836 5
120 0 9
120 76 2
121 536 2
122 24 2
122 80 2
122 185 7
122 294 6
123 600 106
124 304 7
124 348 2
125 268 2
128 10 5
128 134 2
128 200 8
128 208 3
128 320 2
128 362 3
128 375 6
128 376 14
128 453 8
128 628 8
128 770 2
128 806 5
129 0 5
129 37 3
129 39 2
129 163 3
129 584 2
129 707 70
130 78 18
130 272 8
130 273 15
130 368 7
130 520 3
130 528 2
130 532 3
130 540 2
130 675 2
130 772 2
131 581 7
132 6 10
132 94 2
132 137 2
132 372 13
132 516 3
132 713 6
132 916 2
133 23 9
133 138 2
134 67 2
134 84 19
134 224 8
134 377 3
134 390 2
134 516 7
135 544 2
136 21 2
136 482 8
136 610 43
136 657 5299
136 684 79
136 831 2
137 148 2
137 256 2
137 259 36
137 325 6
137 678 10
137 778 2
138 266 2
138 415 29022
138 590 2
138 902 3
139 87 12
139 426 24
139 865 2
140 72 2
140 143 2
140 168 2
140 464 2
140 776 6
141 2 18
141 954 6
142 641 3
143 144 2
143 187 2
143 286 3
143 642 6
144 68 26
144 257 2
144 418 4
144 433 5
144 520 2
145 1 3
145 2 8
145 67 8
145 94 2
145 184 21
145 216 2
145 273 2
145 392 20
145 513 547
145 576 19
146 69 3
146 146 17
146 396 2
146 910 3
147 522 30
148 1 2
148 24 11
148 130 2
148 278 5
148 464 2
148 515 88
148 912 3
149 20 10
149 649 8
150 141 6
150 160 2
150 656 2
151 102 6
151 132 2
151 207 59
151 250 112
153 26 18
153 151 2
153 171 14
153 592 6
153 598 375
153 833 8
153 961 22
156 133 10
156 521 2
156 814 2
157 404 8
158 104 4
159 526 2
160 34 3
160 81 2
160 144 2
160 644 6
160 801 6
161 21 113
161 40 2
161 326 29
161 376 3
161 524 11
161 576 21
161 717 2
161 898 2
162 160 2
162 290 27
162 306 468
162 517 12
163 361 18
163 601 9
164 34 2
164 38 9
164 87 3
164 217 9
164 264 6
164 280 50
164 329 4
164 481 2
164 636 13
164 646 5
165 141 12
165 397 5
167 104 2
167 289 2
167 384 2
167 456 2
167 712 50
168 52 47
168 67 3
168 98 2
168 480 121
169 25 2
169 72 2
169 351 5
169 514 5
171 810 2
172 8 2
172 569 4
172 664 2
174 493 8
174 582 5
175 863 21
176 137 65
176 270 2
176 824 3
176 916 11
176 932 2
177 128 23
177 280 9
177 560 3
177 611 5
177 744 14
178 144 3
178 797 9
179 429 2
180 19 2
180 152 2
180 600 5
180 973 12
181 331 2
181 768 7
181 964 2
182 300 4
182 728 252
184 161 3
184 664 957
185 391 10
187 800 7
188 4 2
192 43 42
192 52 2
192 72 2
192 388 13
192 392 5
192 536 8
192 713 2
192 898 2
192 904 3
192 999 3
193 8 9
193 28 2
193 120 8
193 131 22
193 162 6
193 375 21
193 422 2
193 775 10
194 321 2
194 592 4
194 677 2
196 81 3
196 286 22
196 377 2
197 61 3
197 100 2
197 297 10
197 611 2
197 769 2
198 812 9
200 445 19
200 577 3
200 924 4
201 39 2
201 98 2
201 140 5
202 11 2
203 654 5
204 6 2
204 520 5
205 457 3
206 80 2
206 530 20
208 88 19
208 534 2
209 55 18
209 513 25
209 564 2
211 4 3
212 34 2
212 69 5
212 112 5
212 262 34
212 285 7
212 673 7
213 64 4
214 585 2
216 66 2
216 138 2
216 792 15
218 86 232
219 389 3
220 176 2
220 658 10
222 532 129
222 852 2
225 257 3
225 316 2
225 948 10
226 35 41
226 157 2
227 336 6
227 838 5
228 32 5
228 294 2
230 9 8
231 261 50
231 290 5
232 5 8
232 65 101
232 80 13
232 130 259
233 212 4
233 912 2
233 973 6
234 848 2
235 281 2
235 645 2
237 91 3
238 620 2
239 370 2
239 560 2
240 18 2
240 66 6
240 799 24
240 914 2
241 206 8
241 245 2
242 156 12
244 356 2
244 932 12
245 705 2
246 64 3
247 626 2
248 0 9
248 290 2
248 557 2
248 902 2
250 46 12
256 1 2
256 5 2
256 68 12
256 69 2
256 160 46
256 212 8
256 243 4
256 262 2
256 312 111
256 344 2
256 416 2
256 512 17
256 522 2
256 616 2
256 705 2
256 764 61
256 772 6
256 904 2
256 963 3
257 156 31
257 272 2
257 544 2
257 912 260
257 920 2
257 945 21
258 24 3
258 34 3
258 36 2
258 138 3
258 265 8
258 673 3
258 810 3
258 880 55
259 100 53
259 165 2
259 226 233
259 268 21
259 327 160
259 532 13
260 131 43
260 256 2
260 295 2
260 522 12
260 545 2
260 678 879
261 67 2
261 72 2
261 356 10
261 672 4
261 995 3
262 193 441
262 256 6
262 1013 3
264 1 8
264 4 2
264 296 2
264 320 2
264 568 9
265 264 8
265 339 3455
265 632 3
266 11 2
266 272 5661
266 326 3
266 336 10
267 523 27
267 581 8
268 12 2
268 34 3
268 177 41
268 524 2
268 577 4
269 444 2
270 73 2
270 532 2
270 642 87
272 41 2
272 162 2
272 208 2
272 259 4
272 554 3991
272 640 5
272 684 5
272 899 25
273 47 8
273 693 12
273 809 2
273 903 2
274 98 2
274 334 2
275 4 19
275 16 7
275 116 24
275 133 8
275 401 2
275 485 2
275 512 2
276 288 3
276 392 9
276 394 2
276 538 2
276 628 10
276 661 135
277 27 2
277 128 6
277 385 7
280 36 171
280 82 4
280 600 3
281 101 42
282 576 2
282 717 3
282 787 5
283 35 9
284 835 2
285 104 23
286 12 8
286 624 10
286 832 5
287 448 61
287 802 26
288 47 4
288 50 24
288 132 9
288 224 10
288 292 8
288 341 12
288 545 2
289 156 475
289 345 5
289 468 2
289 472 183
289 648 20
289 753 5
289 788 2
290 0 2
290 258 2
290 328 6
290 388 2
291 32 58
291 610 54
291 768 2
292 162 4
292 593 13
293 256 2
293 960 10
294 27 8
294 742 2
294 864 11
296 57 2
296 84 2
296 131 5
296 260 88
296 288 254
296 409 4
296 516 6
297 167 45
297 389 5
297 544 10
297 742 10
298 75 2
298 800 9
299 291 2
300 29 14
301 274 5
301 777 2
303 292 2
304 6 2
304 8 3
304 42 19
304 106 2
304 212 461
304 258 3
305 11 87
305 34 3
305 163 52
305 576 2
306 36 2
306 550 3
306 918 2
308 21 28
308 583 2
308 640 4
308 692 28
308 832 5
308 848 2
309 77 2
309 774 2
310 936 2
314 109 2
314 376 2
314 518 37
315 739 614
316 452 6
318 532 2
318 914 3
320 29 158
320 468 4
320 641 2
320 720 7
321 4 9
321 262 36
321 337 2
321 768 12
321 834 2
321 1008 183
322 80 2
322 196 2
322 272 47
322 416 54
322 899 27
322 902 19
323 360 2
324 16 2
324 106 40
324 179 2
324 200 17
324 530 4
325 6 11
325 74 17
325 720 3
326 11 10
326 16 3
326 32 2
326 116 9
326 280 4
327 675 11
327 698 3
328 853 2
329 35 5
329 258 15
329 836 17
330 8 3
330 204 159
331 512 2
332 456 15
332 643 41
334 265 22
335 83 2
335 391 2
336 18 2
336 576 27
336 632 18
337 352 2
337 768 2
337 833 34
338 33 2
338 169 2
339 42 3
340 0 2
340 106 6
340 704 2
340 763 5
341 576 24
342 15 2
342 272 37
343 475 545
344 188 2
345 32 4
345 728 8
345 992 4
346 89 6
347 11 22
347 149 2
347 296 5
348 128 2
348 395 2
349 12 7
352 409 19
352 419 2
352 514 4
352 680 2
352 794 2
352 860 5
353 138 2
353 389 3
353 684 2
354 30 5
354 288 3
354 836 4
354 969 2
355 634 37
357 433 2
357 641 2
358 3 2
358 168 2
360 514 4
360 555 7
360 732 5
360 784 33
360 810 27
361 266 2
361 316 2
362 34 19
363 162 2
363 424 3
364 740 16
366 657 7
368 49 2
368 738 38
368 925 233
371 112 3
371 705 2
371 772 3
372 352 39
376 193 273
379 333 9
380 339 5
381 531 2
382 562 6
384 5 36
384 6 4
384 156 2
384 168 2
384 312 16
384 332 3
384 423 11
384 481 17
384 571 6
384 597 102
384 841 11
384 962 4
385 2 10
385 75 44
385 213 21
385 513 3
385 563 136
386 64 4
386 73 6
386 158 18
386 160 4
386 206 6
386 275 2
386 681 2
386 846 7
386 849 8
386 912 18
387 147 7
387 545 11
387 1016 2
388 332 6
389 596 2
390 566 4
391 461 2
391 800 2
392 38 154713
392 336 2
392 553 20
392 674 5
393 461 35069
393 577 9
394 80 2
394 211 2
395 4 2
395 647 8
396 6 9
396 454 18
396 536 3
396 546 4
396 777 2
396 915 78
396 960 11
397 305 38
397 518 2
398 943 2
399 9 2
400 10 2
400 144 23
400 712 4
401 16 4
401 58 16453
401 284 17
401 673 13
402 68 2
402 80 150
402 769 58
403 98 2
404 209 2
404 298 24
405 160 4
406 928 2
408 66 2
408 405 22
409 66 7
409 417 2
409 888 39
411 20 2
412 6 5
414 932 2
416 292 4
416 531 2
417 577 2
418 16 2
419 62 2
419 844 2
420 114 2
420 424 2
420 538 2
421 400 2
422 736 2
423 384 5
423 651 3
424 481 2
425 261 3
425 776 5
426 644 2
427 580 2
428 32 8
428 194 2
428 620 3207
428 880 5
430 8 2
430 68 15
430 203 6
433 24 36
433 197 3
433 398 2
434 734 4
436 597 6
436 641 6
437 2 234
441 21 20
442 146 1738
442 691 5
444 769 2
448 92 2
448 655 2
449 321 46
450 450 12
452 136 7
452 488 3
452 512 3
452 513 2
453 368 3
453 661 2
454 9 5
454 437 40
454 634 11
454 782 2
455 640 3
456 105 196
456 367 2
456 376 2
456 774 22186
458 101 3
458 743 2
460 197 283
460 462 3
460 566 2
461 625 5
461 901 2
462 516 308
462 641 259
463 916 8
464 265 2
464 928 10
465 761 2
465 902 5
467 300 2
469 425 4
472 226 2
472 256 2
472 801 2
473 6 6
473 600 10
473 800 3
480 731 2
480 928 2
481 416 2
482 64 7
482 208 678
482 285 2
483 276 2
483 555 12
484 841 2
485 134 2
488 3 4
488 269 2
488 334 2
488 565 2
489 64 118
496 433 514
496 978 2
504 267 5
505 332 11
506 706 2
512 1 2
512 5 35
512 65 2
512 96 2
512 153 2
512 420 3
512 438 4
512 453 2
512 482 2
512 514 2
512 685 3
512 936 2
513 5 2
513 42 4
513 47 2
513 65 2
513 100 304
513 112 7
513 304 3
513 340 6
513 548 169
513 644 2
514 11 2
514 401 3
514 452 2
514 522 854
514 572 2
515 93 10
515 157 2
515 273 2
515 598 15
516 33 2
516 69 9
516 357 2
516 442 12
516 582 8
516 605 4
516 785 2
517 0 2
517 3 6
517 8 2
517 34 2
517 132 5
517 177 5
517 233 6
517 525 2
517 534 4
517 768 2
518 0 2
518 41 7
518 66 11
519 517 3
519 944 4
520 296 2
520 328 2
520 436 2
520 785 2
520 812 2
520 896 6
521 81 2
521 131 2
521 229 2
521 450 95
521 560 2
521 609 2
522 1 13
522 234 2
522 652 2
523 650 2
524 159 2
524 173 28
524 520 9
525 134 1954
525 820 12
526 548 3
526 776 11
527 36 2
527 713 3
528 33 7
528 36 2
528 97 2
528 144 2
528 156 143
528 171 8
528 344 6
528 406 2
528 580 2
528 582 3
528 611 13
528 720 8
528 801 4
529 16 2
529 260 2
529 423 2
529 517 10
529 520 27
529 737 5
529 836 7
530 20 2
530 86 11
530 132 6
530 278 2
530 325 2
530 522 10
530 696 2
532 11 45
532 134 5
532 292 7
532 550 28
532 853 3
533 5 4
533 37 3
533 787 4
534 6 1021
534 425 9
534 928 2
535 10 2
536 10 2
536 244 13
536 412 2
536 687 4
536 902 2
537 99 13
537 138 27
537 257 2
537 478 3
540 481 4
541 344 2
541 793 2
544 6 2
544 21 818
544 24 3
544 151 2
544 160 3
544 401 310
544 416 5
544 429 2
544 536 9879
544 542 9
544 551 2
544 597 2
544 718 18
545 209 11
545 520 3
545 914 6
546 2 2
546 4 6
546 263 8
546 650 4
546 758 6
546 900 2
547 265 2
547 427 2
548 141 2
548 169 7
548 512 22
548 577 3
548 586 2
549 68 3
549 146 2
549 530 18
549 647 5
550 36 5487
550 649 14
550 800 3
551 4 35
551 40 13
551 89 8
552 136 2
552 656 2
552 932 38
553 36 2
553 102 2
553 933 87
554 4 3
554 137 2
555 52 17
555 418 2
556 409 17
557 15 5
557 370 3
557 400 2
557 512 7
557 557 844
557 770 7
557 938 14
559 557 2
560 18 2
560 96 2
560 104 2
560 168 2
560 354 5
561 10 2
561 444 10
561 521 9
561 786 2
561 993 2
562 162 3
562 977 3
562 992 2
563 20 3
563 410 17
564 28 64
564 656 681
564 659 64
566 4 3
566 44 5
566 132 5
567 793 2
569 385 2
569 522 18
571 100 3
571 457 3
572 36 2
572 64 4
572 257 17
573 797 2
573 886 2
574 18 2
574 533 87
574 696 650
576 4 5
576 5 7
576 19 8
576 133 5
576 172 2
576 193 2
576 325 2
576 371 2
576 525 4
576 547 15
576 607 2
577 72 2
577 222 2
577 236 2
577 292 3
577 401 25
577 577 2
577 661 19
577 997 2
578 26 2
578 96 22
578 136 5
578 554 2
578 572 148
579 80 2
579 621 2
579 789 2
580 64 6
580 507 3
580 528 2
581 645 2
582 633 2
584 432 2
584 833 10
585 64 2
585 208 2
585 217 11
585 354 425
586 64 19
586 658 6
587 608 46
588 784 8
589 389 2
590 276 2
590 300 2
590 520 111
591 147 2
592 2 46
592 148 7
592 528 2
592 566 9
592 585 6
592 856 2
593 429 12
595 58 27
595 557 4
596 11 10
596 91 2
596 154 24
596 385 2068
597 387 2
599 569 2
600 562 2
600 575 34
601 335 8
601 431 80
602 480 2
604 913 2
604 1006 2
605 80 3
607 288 1344
607 393 69
608 176 2
608 185 5
608 648 2
609 28 2
609 210 4
609 225 53
609 768 2
610 24 2
611 125 65
612 170 7
612 534 5
613 840 37
614 265 6
614 936 2
616 450 2
616 806 19
617 374 12
617 908 6
618 70 13
618 1004 2
619 76 2
619 140 6
619 231 2
623 1000 8
624 579 6
625 261 11
625 530 2
626 104 2
626 114 14
626 528 2
627 3 2
627 418 8
627 769 2
629 446 2
629 528 16
631 24 2
632 18 2
635 546 8
637 73 2
638 161 56
640 4 2
640 6 7
640 16 1876
640 160 7
640 181 3
640 246 2
640 258 2
640 369 102
640 467 3
640 525 2
640 584 5
640 659 21753
640 938 14
640 952 2
642 562 36
643 73 38
643 775 27
644 48 20
644 387 2
644 660 2
644 756 2
644 769 2
645 4 3
645 25 2
645 548 2
645 963 2
646 388 2
648 76 2
648 98 5
648 210 10
648 301 2
648 369 21
648 512 3
648 769 2
649 4 2
649 48 4
650 108 2
650 216 2
650 953 37
651 290 2
652 257 2
654 129 192
654 565 2
655 761 11
656 3 2
656 259 19
656 278 2
656 370 5
657 79 2
657 201 2
658 26 6
658 226 2
658 640 2
660 36 24
660 52 12
660 69 12
660 85 21
660 648 2
661 244 2
661 608 2
662 374 2
664 16 1489
664 781 6
665 260 12
666 66 4
668 163 2
668 464 2
668 749 2
672 1 2
672 64 2
672 129 16
672 514 2
672 608 11
673 656 9
674 259 13
674 288 57
674 401 45
675 257 16
675 470 2
676 52 3
677 121 2
677 641 2
678 237 3
679 556 7
680 20 8
680 105 2
680 540 8
681 6 2
681 33 2
682 14 24
682 156 13
684 1008 2
686 426 11
688 385 2
689 80 31
690 110 2
691 12 24
692 260 26
693 397 4
693 522 2
694 6 4
694 976 102
695 585 2
696 885 5
700 18 2
700 864 3
701 34 8
701 941 3
704 34 2
704 76 2
704 135 5
704 292 4
704 370 155
704 514 2
704 673 2
705 596 2
705 854 2
706 17 2
706 161 2
706 460 2
706 732 2
708 108 10
709 325 9
709 354 4
709 843 2
710 2 2
711 19 8
712 35 3
712 141 2
712 294 588
712 862 2
713 593 2
713 837 2780
716 98 7
716 339 9
716 649 2
716 842 74
719 512 2
720 7 2
720 803 3
721 0 4
721 104 3
721 323 2
721 584 2
722 82 3
722 100 16
722 104 2
722 146 8
722 258 25
722 393 7
722 398 6
722 464 12
723 142 25
724 20 11
724 596 2
725 44 6
725 65 13
726 322 2
727 200 5
728 227 4
728 712 2
729 578 2
732 834 10
736 24 3
737 64 2
737 288 2
738 970 6
740 235 2
740 778 2
741 45 6
743 787 23
744 124 2
745 63 677
746 386 2
746 536 2
751 506 16
752 261 2
752 494 4
752 786 2
760 40 153
760 220 3
760 257 5
760 300 6
768 68 6
768 226 2
768 326 2
768 502 2
768 666 9
768 738 4
769 34 2
769 350 7
770 67 16
770 256 2
770 515 3
770 663 31
771 793 24
771 800 24
772 0 11
772 32 2
772 130 2
773 1 185
774 936 75
775 48 3
775 921 2
776 101 2
776 155 2
776 586 3
776 697 10
777 6 2
777 84 15
777 200 2
777 318 2
777 539 6
777 554 2
777 608 2
777 641 2
778 330 3
778 389 2
778 707 2
780 14 47
780 16 2
780 193 3
780 552 2
780 707 2
780 901 20
781 222 2
782 226 26
782 405 15
784 1 2
784 514 2
784 549 2
784 569 5
784 604 6
784 634 3
784 841 2
785 45 2
785 257 7
786 142 2
786 521 2
786 576 8
787 199 7
788 25 6
788 332 3
792 274 5
792 540 7
793 52 163
793 498 7
793 628 9
795 422 2
800 9 3
800 73 7
800 97 2
800 824 3
801 34 4
801 312 5
801 592 2
802 660 3
802 769 19
804 0 2
804 104 44
804 337 5
805 387 19
805 781 5
806 43 4
806 232 2
806 326 7
806 480 2163
808 526 2
808 777 13
808 937 3
810 17 2
810 394 2
810 416 2
814 161 4
814 264 3
814 523 2
814 905 5
816 18 135
816 24 4
817 784 27834
818 253 2
819 69 20
819 538 276
821 236 2
822 211 5
824 392 32
824 978 5
830 356 5
832 16 2
832 21 11
832 30 2
832 43 2
832 328 5
832 427 3
834 0 2
834 32 10
834 67 2
834 148 2
834 912 2
835 264 4
835 392 2
835 583 2
836 388 4
836 485 2
838 785 322
839 21 36
840 96 2
840 106 2
840 545 18
840 800 3
841 370 2
842 132 2
842 200 3
843 939 14
845 624 2
848 90 2
848 188 2
848 313 6
849 792 4
849 1018 2
850 776 7
851 195 2
852 2 2
852 64 3
852 72 14
852 824 2
856 866 9
857 42 18
863 516 2
864 786 2
866 260 6
867 998 2
868 332 2
870 6 7
870 68 3
872 32 5
872 50 2
872 165 15
873 9 2
874 360 8
875 164 2
878 258 72
880 611 17
882 42 55
882 591 62
882 778 2
884 802 2
885 601 25
894 392 146
895 603 8
896 868 10
897 39 2
897 115 2
897 523 2
897 1002 2
898 336 10
898 699 33
899 537 11
899 736 3
900 162 568
900 313 2
902 131 2
902 420 2
903 339 2
904 231 2
904 888 2
904 929 3
905 196 58
905 248 16
905 540 2
905 572 4
906 137 9
906 328 3
907 276 2
908 456 2
911 5 12
911 896 8
912 2 2
912 129 165
912 388 16
914 216 5
914 669 3
914 776 7
914 968 2
915 431 12
916 777 17
917 560 2
917 912 3
918 0 5
920 200 2
921 272 2
921 320 3
922 8 2
924 33 2
924 196 2
927 190 10
928 516 2
929 10 13
929 257 2
929 316 2
930 547 2
930 720 10
931 230 5
932 274 2
932 783 2
933 657 128
934 94 2
938 261 2
938 316 5
938 552 18
940 512 26
941 771 138
944 756 2
945 456 2
946 205 18
947 568 2
948 9 2
952 37 7223
953 905 21
956 846 2
958 844 7
960 358 6
961 131 16
961 291 9
961 481 2
963 130 84
966 29 11311971
966 192 10
966 197 4
966 555 2
968 51 2
968 352 2
968 360 2
969 313 2
969 769 8
970 180 217
971 566 2
975 205 1192204
976 321 2
976 779 2
977 22 16
977 34 87
978 817 44
984 324 2
985 268 14
986 772 2
987 962 185
988 366 27
990 35 2
996 36 2
996 836 2
998 127 2
1001 286 2
1002 652 13
1002 912 2
1004 129 5
1011 36 3203
1013 316 3180
1018 358 13949
1020 371 4
1021 643 7
