0 8 11
0 9 4
0 18 12
0 29 40
0 47 4
0 112 4
0 135 3
0 150 2
0 156 20
0 215 2
0 256 2
0 259 2
0 274 64
0 321 8
0 415 3
0 552 12
0 618 2
0 646 2
0 674 2
0 704 6
0 843 3
0 902 5
0 917 2
1 15 11
1 37 2
1 70 8
1 82 8
1 135 2
1 228 12
1 292 2
1 481 15
1 535 2
1 644 6
1 705 26
1 768 10
1 825 4
1 920 2
2 0 2
2 8 9
2 48 2
2 132 3
2 523 5
3 24 2
3 277 3
3 592 4
3 817 2
4 0 2
4 24 5
4 50 8
4 60 5
4 284 25
4 293 11
4 368 2
4 517 27
4 683 67
4 774 2
4 803 2
4 808 5
5 18 6
5 584 2
5 887 5
6 148 5
6 212 7
6 259 2
6 267 30
6 268 2
6 466 2
6 512 4
6 798 10
6 1002 7
7 81 2
7 110 12
7 237 2
7 715 3
8 1 4
8 2 10
8 19 2
8 32 2
8 42 2
8 58 2
8 202 2
8 272 2
8 273 19
8 393 2
8 486 6
8 642 4
8 656 2
8 735 10
8 850 2
8 902 2
9 39 2
9 43 18
9 416 236
9 526 55
9 823 20
9 907 6
10 13 2
10 40 2
10 75 3
10 84 2
10 208 26
10 518 8
10 523 80
10 584 2
10 599 4
10 680 6
10 778 2
11 204 2
11 586 2
11 752 4
11 779 3
12 0 21
12 24 3
12 55 2
12 65 6
12 269 9
12 366 8
12 634 2
12 781 2
13 66 2
13 192 2
13 224 7
13 320 2
14 127 5
14 152 17
14 210 2
14 321 2
14 376 10
14 584 2
14 616 2
15 352 42
15 485 32
15 659 2
15 854 7
16 9 3
16 24 2
16 64 2
16 96 4
16 148 6
16 198 2
16 516 22
16 806 45
17 129 26
17 258 2
18 51 2
18 215 2
18 290 993
18 641 9
18 645 2
19 7 30
19 24 2
19 657 21
19 709 9
20 10 2
20 36 9
20 176 2
20 323 4
20 786 3
21 116 24457
21 258 2
21 308 2
22 24 5
22 68 2
22 97 2
22 133 2
22 281 2
22 331 2
22 565 70
23 328 3
23 770 3
23 886 13
24 9 4
24 533 2
24 781 2
24 786 14
24 848 2
24 944 98
25 523 4
25 592 7
26 22 3
26 109 2
26 801 15
27 130 2
27 210 6
27 547 5
28 42 2
28 72 13
28 146 448
28 192 2
28 203 4
28 624 2
29 1 2
29 5 13
29 327 2
29 809 2
30 21 3
30 52 222946
30 129 24
30 588 2
31 561 2
32 16 9
32 33 2
32 185 13
32 196 5
32 204 16
32 219 6
32 388 2
32 414 2
32 514 2
32 612 132
32 641 2
32 759 61
32 848 3
32 960 10
33 2 2
33 26 2
33 31 2
33 64 2
33 320 17
33 544 3
33 785 2
34 292 3
34 324 3
34 561 2
34 663 224
34 720 99
35 65 4
35 266 8
35 689 2
36 34 5
36 48 12
36 257 75
36 266 2
36 288 2
36 320 7
36 448 2
36 555 16
36 705 16
36 858 15
37 13 2
37 520 2
37 594 2
37 640 2
38 1 2
38 180 3
38 204 2
38 544 105
39 48 4
39 520 315
39 982 3
40 9 5
40 20 2
40 39 10
40 65 2
40 256 15
40 512 2
40 528 2
40 645 14
40 672 5
40 756 25
40 761 2
40 840 2
40 980 2
41 96 4
41 263 8
41 276 2
41 321 14
41 513 7
42 42 7
42 140 1192
42 329 6
42 411 46102
42 839 14
43 1 64
44 12 2
44 47 2
44 430 15847
44 524 12
44 794 9
45 23 11
45 50 3
45 74 2621
45 266 2
45 615 2
45 808 2
45 844 2
46 57 2
47 80 2
48 67 2
48 176 13
48 193 2
48 198 2
48 226 2
48 646 3
48 708 2
48 789 10
48 843 13
48 932 6
49 4 2
49 17 12
49 310 2
49 313 2
50 113 2
50 528 7
51 377 8
51 516 2
52 46 3
52 188 13
52 256 11
52 285 2
52 390 16
52 899 2
53 146 2
53 245 2
54 112 13
54 718 120
55 278 3
56 89 2
56 267 13
56 472 13729
56 544 18
57 5 3
57 33 134
57 128 152
57 448 13532
58 113 2
58 470 2
59 58 8
59 583 4
60 3 25
60 5 6
60 33 10
60 112 2
60 948 31
61 644 8
62 521 2
62 612 17
64 1 11
64 26 6
64 194 27
64 197 2
64 203 5
64 272 2
64 465 2
64 481 3
64 514 2
64 686 5
64 756 2
64 780 5
64 790 7
65 25 2
65 104 10
65 118 2
65 218 2
65 241 2
65 265 2
65 515 8
65 614 53
66 545 3
67 2 2
67 16 6
67 20 2
67 37 6
67 73 4
67 453 3
67 482 2
68 153 16
68 192 14
68 226 2
68 284 27
68 322 2
69 138 38
69 276 2
69 466 5
69 529 6
69 572 2
69 768 3
70 109 12
70 431 3
70 608 4
70 646 82
70 648 15797
70 672 14
71 1 5
71 264 4
71 409 8
71 700 9
72 8 6
72 37 20
72 65 6
72 280 4
72 437 51267
72 533 3
72 961 3
73 39 12
73 640 14
73 999 2
74 548 2
74 768 36
74 1012 11
75 576 2
76 76 16
76 84 3
76 262 2
76 586 2
76 855 70
77 256 4
77 267 48
77 450 2
77 456 16
78 288 3
78 517 12
78 784 4
78 919 8
79 165 2
79 386 2
80 0 109
80 51 21
80 82 2
80 132 4
80 211 2
80 528 2
80 677 4
80 920 4
81 807 13
81 852 6
82 280 2
82 283 2
83 115 2
83 124 6
83 304 2
83 617 2590
83 784 12
84 64 2
84 74 96110
84 490 3
85 31 6
85 65 2
86 234 2
87 462 2
87 512 8
87 515 4
88 330 2
88 782 3
89 2 2
89 4 13
89 76 10
90 20 4
90 274 4
90 843 6
90 977 10
90 988 23
91 652 4
91 951 2
92 38 9
92 91 7457
93 49 3
93 134 3
93 669 2
94 869 273
94 954 2
95 34 12
96 80 2
96 103 2
96 148 95
96 208 2
96 220 10
96 276 2
96 304 2
96 321 2563
96 547 2
96 776 17
97 18 2
97 48 4
97 130 2
97 144 46
97 167 2
97 195 2
97 286 2
97 473 3
97 525 4
98 14 20
98 352 4
98 401 5
98 671 22
98 928 22
99 134 15
100 768 17
101 124 8
101 161 8
101 392 2
101 599 5
102 6 10
102 166 3
104 26 3
104 28 473
104 48 2
104 64 5
104 132 16
104 313 2
104 673 36
105 3 5
105 296 2
105 779 2
106 516 6
106 652 10
107 3 53
107 129 5
108 133 2
108 514 2
108 825 5
109 707 2
111 12 6
112 0 2
112 1 4
112 84 5
114 416 1660
114 452 6
114 497 2
116 33 14
117 106 558
117 803 17
118 565 7
119 836 2
120 0 2
120 76 2
121 536 12
122 24 2
122 80 2
122 185 20
122 294 23
123 600 40
124 304 4
124 348 2
125 268 2
128 10 3
128 134 2
128 200 2
128 208 2
128 320 308
128 362 2
128 375 7
128 376 12
128 453 2
128 628 7
128 770 2
128 806 22
129 0 3
129 37 2
129 39 6
129 163 4
129 584 174
129 707 2
130 78 16
130 272 3
130 273 6
130 368 44
130 520 5
130 528 2
130 532 2
130 540 5
130 675 2
130 772 4
131 581 12
132 6 2
132 94 2
132 137 2
132 372 1474
132 516 23
132 713 7
132 916 3
133 23 11
133 138 3
134 67 2
134 84 4
134 224 8
134 377 18
134 390 13
134 516 7
135 544 2
136 21 2
136 482 14
136 610 71
136 657 1068
136 684 2
136 831 45
137 148 5
137 256 3
137 259 2
137 325 13
137 678 17
137 778 88
138 266 3
138 415 3
138 590 10
138 902 2
139 87 2
139 426 3
139 865 7
140 72 18184
140 143 3022
140 168 3
140 464 2
140 776 4
141 2 3
141 954 7
142 641 2
143 144 4
143 187 2
143 286 36
143 642 10
144 68 7
144 257 9
144 418 17
144 433 2
144 520 2
145 1 5
145 2 4
145 67 9
145 94 2933
145 184 3
145 216 2
145 273 94
145 392 2
145 513 2
145 576 11
146 69 4
146 146 2
146 396 323
146 910 9
147 522 5
148 1 12
148 24 18
148 130 2
148 278 2
148 464 111
148 515 2
148 912 4
149 20 3
149 649 4
150 141 2
150 160 3
150 656 23478
151 102 2
151 132 2
151 207 142
151 250 2
153 26 4
153 151 38
153 171 2
153 592 333
153 598 6
153 833 40
153 961 2
156 133 2
156 521 2
156 814 2
157 404 7
158 104 3
159 526 38
160 34 2
160 81 5
160 144 12
160 644 3
160 801 10
161 21 7
161 40 2
161 326 3
161 376 18
161 524 2
161 576 2
161 717 617
161 898 2
162 160 2
162 290 3
162 306 2
162 517 15
163 361 9
163 601 10
164 34 2
164 38 3
164 87 4
164 217 2
164 264 6
164 280 2
164 329 2
164 481 3
164 636 7
164 646 9
165 141 3
165 397 2
167 104 2
167 289 13
167 384 3
167 456 2
167 712 2
168 52 2
168 67 11
168 98 2
168 480 2
169 25 36
169 72 2
169 351 3
169 514 2
171 810 4
172 8 2
172 569 127
172 664 2
174 493 533
174 582 20
175 863 2
176 137 2
176 270 2
176 824 2
176 916 7
176 932 2
177 128 4
177 280 3
177 560 5
177 611 8
177 744 20
178 144 3
178 797 9
179 429 3
180 19 2
180 152 7
180 600 17
180 973 2
181 331 11
181 768 24
181 964 247
182 300 15
182 728 2
184 161 3
184 664 412
185 391 4
187 800 5
188 4 12
192 43 7
192 52 2
192 72 7
192 388 2
192 392 2
192 536 11
192 713 3
192 898 5
192 904 2
192 999 9
193 8 5
193 28 17
193 120 3
193 131 3
193 162 17
193 375 3
193 422 23
193 775 10
194 321 2
194 592 11
194 677 2
196 81 20
196 286 6
196 377 4
197 61 6
197 100 2
197 297 2
197 611 3
197 769 40
198 812 8
200 445 19
200 577 2
200 924 7
201 39 2
201 98 2
201 140 995
202 11 2
203 654 17
204 6 2
204 520 2
205 457 3
206 80 2
206 530 4
208 88 6
208 534 2
209 55 2
209 513 11
209 564 11
211 4 9
212 34 2
212 69 27
212 112 2
212 262 3
212 285 2
212 673 2
213 64 6
214 585 2
216 66 2
216 138 572
216 792 25
218 86 2
219 389 2
220 176 2
220 658 15
222 532 2
222 852 5
225 257 13
225 316 3
225 948 80
226 35 3
226 157 22
227 336 7
227 838 5
228 32 24
228 294 13
230 9 6
231 261 2
231 290 3
232 5 48
232 65 53
232 80 15
232 130 3
233 212 14
233 912 2
233 973 4
234 848 2
235 281 3
235 645 6
237 91 2
238 620 2
239 370 545
239 560 2
240 18 2
240 66 5
240 799 21
240 914 2
241 206 28
241 245 7
242 156 9
244 356 2
244 932 219
245 705 28
246 64 69
247 626 11
248 0 2
248 290 2
248 557 5
248 902 13
250 46 2
256 1 2
256 5 5
256 68 15
256 69 22
256 160 2
256 212 9
256 243 6
256 262 54
256 312 219
256 344 2
256 416 22
256 512 3
256 522 7
256 616 9
256 705 2
256 764 14
256 772 6
256 904 8
256 963 15
257 156 9
257 272 2
257 544 2
257 912 4
257 920 2
257 945 45
258 24 18
258 34 2
258 36 2
258 138 2
258 265 2
258 673 2
258 810 21
258 880 3
259 100 2
259 165 43
259 226 2
259 268 12
259 327 2
259 532 5
260 131 19
260 256 2
260 295 2
260 522 2
260 545 2
260 678 2
261 67 3
261 72 2
261 356 2
261 672 11
261 995 2
262 193 7
262 256 2
262 1013 2
264 1 2
264 4 433
264 296 5
264 320 2
264 568 5
265 264 8
265 339 2915
265 632 6
266 11 30
266 272 100
266 326 8
266 336 8
267 523 2
267 581 1402258
268 12 3
268 34 4
268 177 5475
268 524 12
268 577 4
269 444 2
270 73 3
270 532 18
270 642 44
272 41 2
272 162 2
272 208 111807
272 259 2
272 554 64
272 640 5
272 684 2
272 899 2
273 47 21
273 693 12
273 809 2
273 903 2
274 98 2
274 334 989
275 4 17
275 16 4
275 116 23
275 133 2
275 401 2
275 485 2
275 512 5
276 288 16
276 392 2
276 394 9
276 538 27
276 628 5
276 661 895
277 27 3
277 128 1607
277 385 2
280 36 2
280 82 4
280 600 2
281 101 4
282 576 15
282 717 3
282 787 18
283 35 2
284 835 443
285 104 5
286 12 12
286 624 2
286 832 4
287 448 17
287 802 5
288 47 11
288 50 16
288 132 8
288 224 76
288 292 3
288 341 2
288 545 62
289 156 2
289 345 4
289 468 7
289 472 2
289 648 9
289 753 5
289 788 3
290 0 2
290 258 7
290 328 2
290 388 9
291 32 5
291 610 4
291 768 9
292 162 203
292 593 2
293 256 14
293 960 9
294 27 19
294 742 8
294 864 28
296 57 522
296 84 2
296 131 2
296 260 3120
296 288 39
296 409 2
296 516 2
297 167 12
297 389 2
297 544 3
297 742 2
298 75 2
298 800 6
299 291 186
300 29 2
301 274 78
301 777 35
303 292 78
304 6 2
304 8 26
304 42 16
304 106 3
304 212 2
304 258 13
305 11 313
305 34 2
305 163 2
305 576 2
306 36 2
306 550 2
306 918 2
308 21 9
308 583 12
308 640 7
308 692 4
308 832 2
308 848 7
309 77 2
309 774 50
310 936 6
314 109 7
314 376 2
314 518 4
315 739 8
316 452 11
318 532 3
318 914 5
320 29 13
320 468 2
320 641 1554
320 720 4
321 4 2
321 262 5
321 337 2
321 768 2
321 834 54
321 1008 26
322 80 2
322 196 2
322 272 3
322 416 2
322 899 2
322 902 33
323 360 2
324 16 736
324 106 29
324 179 2
324 200 30
324 530 6
325 6 6
325 74 3
325 720 2
326 11 3
326 16 8
326 32 2
326 116 2
326 280 2
327 675 26
327 698 8
328 853 2
329 35 5
329 258 2
329 836 3
330 8 16
330 204 2
331 512 2
332 456 2
332 643 258624
334 265 10
335 83 2
335 391 2
336 18 2
336 576 8
336 632 20
337 352 16
337 768 2
337 833 2
338 33 2
338 169 2
339 42 2
340 0 102
340 106 6
340 704 2
340 763 39
341 576 8
342 15 2
342 272 2
343 475 2
344 188 2
345 32 17
345 728 4
345 992 5
346 89 7
347 11 3
347 149 2
347 296 2
348 128 2
348 395 2
349 12 2
352 409 26
352 419 2
352 514 2
352 680 2
352 794 2
352 860 3
353 138 2
353 389 3
353 684 6
354 30 5
354 288 11
354 836 9
354 969 2
355 634 2
357 433 2
357 641 16
358 3 2
358 168 6508
360 514 4
360 555 324
360 732 2
360 784 256
360 810 14
361 266 2
361 316 2
362 34 3
363 162 2
363 424 2
364 740 2
366 657 7
368 49 2
368 738 224
368 925 8
371 112 3
371 705 2
371 772 3
372 352 2
376 193 2
379 333 8
380 339 3
381 531 12
382 562 2
384 5 28
384 6 12
384 156 3
384 168 2
384 312 40
384 332 3
384 423 11
384 481 2
384 571 4
384 597 4
384 841 14
384 962 2
385 2 14
385 75 2
385 213 2
385 513 8
385 563 5
386 64 2
386 73 4
386 158 6
386 160 4
386 206 14
386 275 2
386 681 2
386 846 2
386 849 2
386 912 39
387 147 3
387 545 5
387 1016 2
388 332 2
389 596 474
390 566 5
391 461 6
391 800 2
392 38 2
392 336 4
392 553 8
392 674 3
393 461 2
393 577 8
394 80 2
394 211 468
395 4 278
395 647 6
396 6 11
396 454 2
396 536 21
396 546 2
396 777 2
396 915 6
396 960 13
397 305 16
397 518 2
398 943 2
399 9 5
400 10 2
400 144 8
400 712 8
401 16 6
401 58 2
401 284 2
401 673 26
402 68 14
402 80 17
402 769 1202
403 98 3
404 209 2
404 298 2
405 160 2
406 928 2
408 66 2
408 405 14
409 66 3
409 417 9
409 888 2
411 20 5
412 6 3
414 932 2
416 292 2
416 531 2
417 577 6
418 16 2
419 62 2
419 844 2
420 114 3
420 424 26
420 538 3
421 400 181
422 736 3
423 384 3
423 651 23
424 481 3
425 261 19
425 776 2
426 644 5
427 580 2
428 32 22
428 194 2
428 620 22
428 880 20
430 8 34
430 68 2
430 203 2
433 24 2
433 197 2
433 398 2
434 734 7
436 597 2
436 641 2
437 2 3
441 21 4
442 146 2
442 691 14
444 769 7
448 92 2
448 655 7
449 321 2
450 450 4
452 136 6
452 488 2
452 512 2
452 513 43
453 368 2
453 661 3
454 9 10
454 437 46
454 634 5
454 782 2
455 640 2
456 105 201
456 367 6
456 376 2
456 774 2
458 101 9
458 743 2
460 197 2
460 462 2
460 566 5
461 625 3
461 901 3
462 516 2
462 641 4
463 916 5
464 265 200
464 928 6
465 761 12
465 902 2
467 300 20
469 425 2836
472 226 40
472 256 2
472 801 56
473 6 4
473 600 5
473 800 3
480 731 2
480 928 2
481 416 66
482 64 6
482 208 2
482 285 3
483 276 13
483 555 2
484 841 2
485 134 37
488 3 2
488 269 11
488 334 3
488 565 2
489 64 537
496 433 18
496 978 2
504 267 6
505 332 8
506 706 2
512 1 2
512 5 31
512 65 2
512 96 14
512 153 12
512 420 13
512 438 11
512 453 10
512 482 12
512 514 8
512 685 5
512 936 2
513 5 2
513 42 8
513 47 2
513 65 9
513 100 4
513 112 7
513 304 10
513 340 2
513 548 49
513 644 2
514 11 3
514 401 2
514 452 3
514 522 2
514 572 12
515 93 6
515 157 2
515 273 17
515 598 6
516 33 2
516 69 2
516 357 2
516 442 5
516 582 2
516 605 2
516 785 2
517 0 2
517 3 2
517 8 2
517 34 2
517 132 2
517 177 613
517 233 2
517 525 2
517 534 4
517 768 66
518 0 115
518 41 23
518 66 9
519 517 10
519 944 25
520 296 6
520 328 2
520 436 2
520 785 2
520 812 85
520 896 2
521 81 2
521 131 115
521 229 713
521 450 25
521 560 2
521 609 25
522 1 7
522 234 5
522 652 9
523 650 2
524 159 2
524 173 4
524 520 4
525 134 2
525 820 22
526 548 3
526 776 19
527 36 2
527 713 53
528 33 18
528 36 2
528 97 38
528 144 2
528 156 7
528 171 6
528 344 14
528 406 2
528 580 6991
528 582 2
528 611 106
528 720 18
528 801 2
529 16 2
529 260 2
529 423 3
529 517 46
529 520 13
529 737 22
529 836 2
530 20 5
530 86 62
530 132 2
530 278 2
530 325 2226
530 522 4
530 696 147
532 11 2
532 134 30
532 292 3
532 550 2
532 853 7
533 5 2
533 37 3
533 787 11
534 6 16
534 425 9
534 928 8
535 10 2
536 10 3
536 244 123
536 412 1127
536 687 19
536 902 10
537 99 13
537 138 3
537 257 2
537 478 2
540 481 5
541 344 4
541 793 2
544 6 21
544 21 2
544 24 3
544 151 66824
544 160 5
544 401 971
544 416 6
544 429 2
544 536 1845
544 542 7
544 551 2
544 597 5
544 718 7
545 209 3237
545 520 37
545 914 2
546 2 2
546 4 7
546 263 3
546 650 6
546 758 2
546 900 2
547 265 2
547 427 4
548 141 5
548 169 15
548 512 11
548 577 2
548 586 192
549 68 80
549 146 3
549 530 12
549 647 30
550 36 2
550 649 3
550 800 105
551 4 11
551 40 3
551 89 10
552 136 2
552 656 20100
552 932 2
553 36 2
553 102 2
553 933 2
554 4 4
554 137 247
555 52 22
555 418 2
556 409 4
557 15 7
557 370 6
557 400 2
557 512 8
557 557 2
557 770 12
557 938 6
559 557 6
560 18 2
560 96 4
560 104 2
560 168 29
560 354 87
561 10 2
561 444 2
561 521 2
561 786 2
561 993 3
562 162 7
562 977 2
562 992 8
563 20 2
563 410 2
564 28 239
564 656 2
564 659 2
566 4 2
566 44 34
566 132 21
567 793 143
569 385 2
569 522 9
571 100 2
571 457 2
572 36 2
572 64 2
572 257 2
573 797 7
573 886 2
574 18 10
574 533 13
574 696 56
576 4 29
576 5 17
576 19 4
576 133 4
576 172 2
576 193 2
576 325 2
576 371 203
576 525 3
576 547 9
576 607 2
577 72 21
577 222 4
577 236 55
577 292 24
577 401 2
577 577 54
577 661 3
577 997 14
578 26 3
578 96 12
578 136 6
578 554 2
578 572 3
579 80 2
579 621 14
579 789 4
580 64 5
580 507 8
580 528 3
581 645 44
582 633 6
584 432 3
584 833 2
585 64 2
585 208 2
585 217 6
585 354 821
586 64 9
586 658 9
587 608 6
588 784 16
589 389 2
590 276 16
590 300 2
590 520 23
591 147 2
592 2 32
592 148 11
592 528 2
592 566 3
592 585 2
592 856 2
593 429 12
595 58 11
595 557 33
596 11 3
596 91 25
596 154 2
596 385 8
597 387 27
599 569 19
600 562 3
600 575 9
601 335 16
601 431 2
602 480 2
604 913 4
604 1006 39
605 80 147
607 288 2
607 393 2
608 176 2
608 185 16
608 648 175
609 28 2
609 210 2
609 225 2
609 768 2
610 24 60
611 125 2
612 170 5
612 534 2
613 840 34
614 265 14
614 936 2
616 450 28
616 806 2
617 374 4
617 908 2
618 70 10
618 1004 2
619 76 9
619 140 9
619 231 2
623 1000 16
624 579 2
625 261 3
625 530 2
626 104 2
626 114 2
626 528 89
627 3 2
627 418 2
627 769 584
629 446 2
629 528 8
631 24 2
632 18 5
635 546 3
637 73 2
638 161 2
640 4 23
640 6 2
640 16 2
640 160 2
640 181 5
640 246 97
640 258 3170
640 369 2
640 467 2
640 525 2
640 584 4
640 659 12
640 938 6
640 952 952
642 562 8
643 73 2
643 775 2464
644 48 4
644 387 2
644 660 2
644 756 3
644 769 76
645 4 6
645 25 2
645 548 2
645 963 2
646 388 2
648 76 10
648 98 21
648 210 2
648 301 2
648 369 16
648 512 11
648 769 381
649 4 14
649 48 3
650 108 8
650 216 4
650 953 17
651 290 10
652 257 4
654 129 2
654 565 2
655 761 5
656 3 2
656 259 11
656 278 15
656 370 3
657 79 3
657 201 2
658 26 4
658 226 5
658 640 2
660 36 2
660 52 9
660 69 9
660 85 46
660 648 2
661 244 2
661 608 3
662 374 9
664 16 2
664 781 4
665 260 369
666 66 6
668 163 4
668 464 2
668 749 2
672 1 3
672 64 2
672 129 8
672 514 4
672 608 3
673 656 4
674 259 18
674 288 14
674 401 2
675 257 2538
675 470 155824
676 52 2
677 121 4
677 641 13
678 237 2
679 556 2
680 20 5
680 105 11
680 540 3
681 6 2
681 33 2
682 14 2
682 156 8
684 1008 3
686 426 2
688 385 409
689 80 3
690 110 35
691 12 7
692 260 16
693 397 5
693 522 2
694 6 2
694 976 2
695 585 7
696 885 16
700 18 15
700 864 41
701 34 166
701 941 12
704 34 2
704 76 7
704 135 8
704 292 2
704 370 3
704 514 396
704 673 2
705 596 2
705 854 2
706 17 2
706 161 2
706 460 7
706 732 2
708 108 14
709 325 6
709 354 2
709 843 3
710 2 220
711 19 2
712 35 17
712 141 56
712 294 1128
712 862 4461
713 593 3
713 837 19
716 98 7
716 339 9
716 649 61
716 842 1562
719 512 65
720 7 2
720 803 2
721 0 5
721 104 2
721 323 2
721 584 3
722 82 2
722 100 4
722 104 419
722 146 2
722 258 27
722 393 2
722 398 13
722 464 3
723 142 5
724 20 6
724 596 231
725 44 11
725 65 2
726 322 14
727 200 2
728 227 3
728 712 4
729 578 2
732 834 2
736 24 4
737 64 45
737 288 3
738 970 7
740 235 2
740 778 2
741 45 2
743 787 2
744 124 3
745 63 2
746 386 2
746 536 2
751 506 9
752 261 2
752 494 8
752 786 176
760 40 2
760 220 3
760 257 2
760 300 15
768 68 12
768 226 3
768 326 74
768 502 2
768 666 2
768 738 14
769 34 195
769 350 6
770 67 17
770 256 2
770 515 11
770 663 1107
771 793 89
771 800 2
772 0 2
772 32 2
772 130 5
773 1 2
774 936 2
775 48 20
775 921 5
776 101 3
776 155 2
776 586 4
776 697 3
777 6 10
777 84 5
777 200 2
777 318 4
777 539 11
777 554 2
777 608 4
777 641 2
778 330 8
778 389 2
778 707 2
780 14 39
780 16 2
780 193 4
780 552 5
780 707 199
780 901 2
781 222 3
782 226 8
782 405 4
784 1 2
784 514 2
784 549 2
784 569 2
784 604 4
784 634 7
784 841 2
785 45 3
785 257 5
786 142 55
786 521 6
786 576 2
787 199 4
788 25 39
788 332 16
792 274 2
792 540 2
793 52 4
793 498 3
793 628 8
795 422 2
800 9 2
800 73 6
800 97 9
800 824 33
801 34 3
801 312 3
801 592 3
802 660 2
802 769 14
804 0 2
804 104 11
804 337 9
805 387 18
805 781 489
806 43 2
806 232 2
806 326 9
806 480 2
808 526 2
808 777 137
808 937 23
810 17 4
810 394 14
810 416 2
814 161 3
814 264 5
814 523 2
814 905 32
816 18 2
816 24 2
817 784 3
818 253 63
819 69 2
819 538 3
821 236 3980
822 211 217
824 392 2
824 978 7
830 356 2
832 16 4
832 21 9
832 30 2
832 43 2
832 328 2
832 427 2
834 0 2
834 32 2
834 67 5
834 148 28
834 912 9
835 264 3
835 392 15
835 583 4
836 388 2
836 485 2
838 785 44
839 21 2
840 96 63
840 106 2
840 545 3
840 800 2
841 370 3
842 132 18
842 200 2
843 939 17
845 624 2
848 90 3
848 188 3
848 313 9
849 792 9
849 1018 5
850 776 9
851 195 455
852 2 2
852 64 3
852 72 33
852 824 17
856 866 6
857 42 178
863 516 2
864 786 6
866 260 14
867 998 2
868 332 15
870 6 28
870 68 10
872 32 5
872 50 2
872 165 2
873 9 67
874 360 88
875 164 2
878 258 2
880 611 6
882 42 2
882 591 4
882 778 10
884 802 2
885 601 7
894 392 2
895 603 2
896 868 2
897 39 2
897 115 2
897 523 2
897 1002 726
898 336 775221
898 699 5
899 537 11
899 736 7
900 162 551
900 313 2
902 131 77
902 420 2
903 339 1016
904 231 2
904 888 6
904 929 6
905 196 4
905 248 2
905 540 59
905 572 2
906 137 7
906 328 16
907 276 5
908 456 2
911 5 14
911 896 7
912 2 2
912 129 12
912 388 5
914 216 34
914 669 2
914 776 22
914 968 3
915 431 5
916 777 3
917 560 4
917 912 28
918 0 7
920 200 12
921 272 2
921 320 4
922 8 100
924 33 7
924 196 21
927 190 3
928 516 2
929 10 10
929 257 2
929 316 3
930 547 2
930 720 2
931 230 3
932 274 6
932 783 15
933 657 2
934 94 2
938 261 12
938 316 3
938 552 2
940 512 33
941 771 12
944 756 5
945 456 2
946 205 2
947 568 130
948 9 2
952 37 39
953 905 2
956 846 18
958 844 2
960 358 2
961 131 6
961 291 5
961 481 428
963 130 8
966 29 2
966 192 2
966 197 17
966 555 9094683
968 51 571
968 352 7
968 360 2
969 313 9
969 769 3
970 180 1579
971 566 2
975 205 2
976 321 1738
976 779 2
977 22 7
977 34 242
978 817 12
984 324 2
985 268 13
986 772 2402
987 962 2
988 366 2337
990 35 2
996 36 3
996 836 2
998 127 2
1001 286 2
1002 652 2
1002 912 21
1004 129 2
1011 36 37
1013 316 2
1018 358 256
1020 371 2
1021 643 12
