0 8 2
0 9 45
0 18 2
0 29 46
0 47 6
0 112 7
0 135 4
0 150 12
0 156 2
0 215 132
0 256 3
0 259 2
0 274 6614
0 321 2
0 415 6
0 552 2
0 618 2
0 646 3
0 674 7
0 704 12
0 843 1430
0 902 19
0 917 46
1 15 2
1 37 2
1 70 12
1 82 13
1 135 3
1 228 2
1 292 2
1 481 7
1 535 2
1 644 255
1 705 17
1 768 26
1 825 2
1 920 2
2 0 3
2 8 11
2 48 3099
2 132 21
2 523 5
3 24 4
3 277 2
3 592 2
3 817 4
4 0 162
4 24 36
4 50 67
4 60 2
4 284 19
4 293 8
4 368 4
4 517 25
4 683 2
4 774 2
4 803 3
4 808 2
5 18 2
5 584 4
5 887 2
6 148 2
6 212 11
6 259 15
6 267 2
6 268 2
6 466 14
6 512 9
6 798 2
6 1002 3
7 81 2
7 110 2
7 237 2
7 715 2
8 1 2
8 2 6
8 19 4
8 32 79
8 42 16
8 58 131
8 202 3
8 272 2
8 273 11
8 393 6
8 486 6277
8 642 15
8 656 34
8 735 19
8 850 20288
8 902 5
9 39 2
9 43 2
9 416 9
9 526 2
9 823 2
9 907 4
10 13 354
10 40 19
10 75 2
10 84 2
10 208 23
10 518 2
10 523 20
10 584 17
10 599 3
10 680 33
10 778 6
11 204 2
11 586 2
11 752 2
11 779 2
12 0 14
12 24 2
12 55 2
12 65 2
12 269 2
12 366 22
12 634 2
12 781 2
13 66 3
13 192 5
13 224 4
13 320 79
14 127 7
14 152 2
14 210 10
14 321 27
14 376 2
14 584 2
14 616 3355
15 352 11
15 485 2
15 659 255
15 854 3
16 9 95
16 24 2
16 64 11
16 96 4
16 148 2
16 198 134
16 516 29
16 806 18
17 129 10
17 258 3
18 51 2
18 215 2
18 290 755
18 641 2
18 645 2
19 7 2
19 24 2
19 657 2
19 709 6
20 10 2
20 36 163
20 176 43
20 323 3
20 786 5
21 116 3
21 258 5
21 308 2
22 24 4
22 68 2
22 97 12
22 133 41
22 281 2
22 331 3
22 565 2
23 328 6
23 770 76
23 886 31
24 9 25
24 533 2
24 781 2
24 786 12
24 848 2
24 944 2
25 523 8
25 592 2
26 22 2
26 109 2
26 801 5
27 130 2
27 210 3
27 547 5
28 42 2
28 72 4
28 146 47
28 192 6
28 203 10
28 624 4
29 1 2
29 5 5
29 327 7
29 809 2485
30 21 3
30 52 2
30 129 4
30 588 2
31 561 2
32 16 2
32 33 2
32 185 4
32 196 34
32 204 15
32 219 2
32 388 2
32 414 2
32 514 3
32 612 2
32 641 2
32 759 33
32 848 6
32 960 8
33 2 30
33 26 3
33 31 2
33 64 2
33 320 6
33 544 13
33 785 2
34 292 4
34 324 269
34 561 2
34 663 2
34 720 72
35 65 3
35 266 3
35 689 2
36 34 2
36 48 3
36 257 2
36 266 118
36 288 56
36 320 5
36 448 18
36 555 8
36 705 5
36 858 19
37 13 133
37 520 6
37 594 22
37 640 19
38 1 3
38 180 41
38 204 6
38 544 2
39 48 8
39 520 2
39 982 32
40 9 14
40 20 2
40 39 2
40 65 2
40 256 8
40 512 11
40 528 2
40 645 2
40 672 2
40 756 3
40 761 2
40 840 2
40 980 3
41 96 2
41 263 9
41 276 4
41 321 170
41 513 5
42 42 5
42 140 2
42 329 7
42 411 17
42 839 323
43 1 19
44 12 2
44 47 2
44 430 52
44 524 478
44 794 5
45 23 2
45 50 2
45 74 2
45 266 2
45 615 2
45 808 6
45 844 60
46 57 2
47 80 2
48 67 6
48 176 2
48 193 2
48 198 2
48 226 2
48 646 2
48 708 2
48 789 2
48 843 3
48 932 15
49 4 2
49 17 2
49 310 18
49 313 2
50 113 5
50 528 13
51 377 15
51 516 5
52 46 3
52 188 2
52 256 15
52 285 2
52 390 2
52 899 11
53 146 2
53 245 2
54 112 3
54 718 4
55 278 13
56 89 2
56 267 4
56 472 2
56 544 4
57 5 3
57 33 32307
57 128 2
57 448 2
58 113 8
58 470 2
59 58 5
59 583 2
60 3 4
60 5 9
60 33 2
60 112 2
60 948 2
61 644 3
62 521 5
62 612 305
64 1 12
64 26 5
64 194 6
64 197 8
64 203 109
64 272 2
64 465 301
64 481 2
64 514 13
64 686 2
64 756 7
64 780 16
64 790 7
65 25 718
65 104 15
65 118 36
65 218 2
65 241 2
65 265 26
65 515 2
65 614 2
66 545 2
67 2 20
67 16 11
67 20 17
67 37 6
67 73 2
67 453 4698
67 482 11
68 153 244
68 192 2
68 226 2
68 284 2
68 322 4
69 138 2
69 276 2
69 466 5
69 529 72
69 572 6
69 768 5
70 109 2
70 431 4
70 608 4
70 646 2
70 648 23
70 672 6
71 1 2
71 264 2
71 409 7
71 700 39
72 8 2
72 37 21
72 65 10
72 280 2
72 437 2
72 533 3
72 961 38
73 39 2
73 640 3
73 999 9
74 548 2
74 768 4
74 1012 2
75 576 2
76 76 396
76 84 24
76 262 26
76 586 2
76 855 28
77 256 9
77 267 2
77 450 12
77 456 93198
78 288 2
78 517 2
78 784 3
78 919 4
79 165 10
79 386 170
80 0 2
80 51 12
80 82 2
80 132 30
80 211 2
80 528 2
80 677 4714
80 920 2
81 807 3
81 852 16
82 280 679
82 283 20
83 115 2
83 124 14
83 304 2
83 617 20
83 784 2
84 64 3
84 74 2
84 490 2
85 31 3
85 65 23
86 234 2
87 462 2
87 512 13
87 515 119
88 330 2
88 782 85
89 2 2
89 4 4
89 76 8
90 20 16
90 274 12
90 843 2
90 977 19
90 988 2
91 652 3
91 951 36
92 38 2
92 91 2
93 49 3
93 134 4
93 669 6
94 869 5
94 954 17
95 34 21
96 80 2
96 103 54
96 148 2
96 208 9
96 220 8
96 276 6
96 304 4
96 321 440
96 547 3
96 776 3
97 18 2
97 48 9
97 130 20
97 144 2
97 167 2
97 195 12
97 286 10
97 473 2
97 525 2
98 14 13
98 352 2
98 401 3
98 671 3
98 928 8
99 134 3
100 768 10
101 124 6
101 161 2
101 392 4
101 599 2
102 6 4
102 166 3
104 26 5
104 28 2
104 48 2
104 64 5
104 132 2
104 313 2
104 673 4
105 3 23
105 296 2
105 779 4
106 516 2
106 652 7
107 3 68
107 129 21
108 133 4
108 514 2
108 825 10
109 707 2
111 12 2
112 0 2
112 1 4
112 84 328
114 416 6
114 452 4
114 497 2
116 33 17
117 106 17
117 803 8
118 565 11
119 836 4
120 0 3
120 76 2
121 536 2
122 24 7
122 80 2
122 185 5
122 294 4
123 600 2
124 304 11
124 348 3
125 268 2
128 10 2
128 134 8
128 200 12
128 208 8
128 320 2
128 362 7
128 375 6
128 376 6
128 453 22
128 628 5
128 770 120
128 806 2
129 0 8
129 37 8
129 39 25
129 163 4
129 584 2
129 707 30
130 78 15
130 272 4
130 273 6
130 368 13
130 520 5
130 528 2
130 532 2
130 540 30
130 675 2
130 772 2
131 581 7
132 6 2
132 94 5
132 137 2
132 372 4
132 516 6
132 713 3
132 916 4
133 23 25
133 138 100
134 67 32
134 84 12
134 224 4
134 377 2
134 390 2
134 516 6
135 544 2
136 21 2
136 482 42
136 610 2013
136 657 279
136 684 2
136 831 2
137 148 5
137 256 2
137 259 54
137 325 3
137 678 39
137 778 9
138 266 8
138 415 7356
138 590 9
138 902 3
139 87 2
139 426 4
139 865 5
140 72 5
140 143 57
140 168 2
140 464 2
140 776 7
141 2 19
141 954 16
142 641 26
143 144 248
143 187 9
143 286 25
143 642 8
144 68 57
144 257 206
144 418 2
144 433 4
144 520 2
145 1 5
145 2 12
145 67 2
145 94 37
145 184 28
145 216 211
145 273 2
145 392 2
145 513 2728
145 576 5
146 69 14
146 146 2
146 396 2
146 910 10
147 522 5465
148 1 2
148 24 24
148 130 13
148 278 3
148 464 2
148 515 20
148 912 2
149 20 2
149 649 12
150 141 2
150 160 2
150 656 2
151 102 81
151 132 3
151 207 12
151 250 7
153 26 3
153 151 2
153 171 21
153 592 36
153 598 3
153 833 3
153 961 2
156 133 3
156 521 2
156 814 2
157 404 2
158 104 3
159 526 272
160 34 14364
160 81 12
160 144 2
160 644 14
160 801 5
161 21 2
161 40 32620
161 326 4
161 376 7
161 524 2
161 576 17
161 717 3
161 898 2
162 160 6
162 290 23
162 306 2
162 517 2
163 361 6
163 601 19
164 34 165
164 38 2
164 87 3
164 217 82
164 264 16
164 280 2
164 329 2
164 481 2
164 636 757
164 646 18
165 141 4
165 397 4
167 104 2
167 289 2
167 384 3
167 456 2
167 712 2
168 52 2
168 67 9
168 98 700
168 480 4
169 25 2
169 72 3
169 351 6
169 514 2
171 810 2
172 8 17
172 569 10
172 664 2
174 493 12
174 582 6
175 863 5
176 137 2
176 270 2
176 824 2
176 916 12
176 932 2
177 128 3
177 280 8
177 560 2
177 611 11
177 744 14
178 144 2
178 797 2
179 429 32
180 19 35
180 152 2
180 600 3
180 973 8
181 331 2
181 768 11
181 964 3
182 300 8
182 728 2
184 161 2
184 664 32
185 391 8
187 800 2
188 4 2
192 43 5
192 52 2
192 72 2
192 388 2
192 392 33
192 536 39
192 713 7
192 898 311
192 904 2
192 999 2
193 8 13
193 28 2
193 120 7
193 131 6
193 162 2
193 375 2
193 422 3
193 775 4
194 321 4
194 592 9
194 677 2
196 81 40
196 286 26
196 377 28
197 61 3
197 100 7
197 297 2
197 611 1159
197 769 17
198 812 2
200 445 3
200 577 2
200 924 6
201 39 4
201 98 23
201 140 2
202 11 4
203 654 6
204 6 2
204 520 2
205 457 2
206 80 17
206 530 17
208 88 3
208 534 50
209 55 10
209 513 4
209 564 2
211 4 6
212 34 2
212 69 17
212 112 85
212 262 3
212 285 2
212 673 52
213 64 2
214 585 135
216 66 2
216 138 2
216 792 21
218 86 2
219 389 3
220 176 2
220 658 26
222 532 16
222 852 48
225 257 26
225 316 2
225 948 16
226 35 6
226 157 6
227 336 5
227 838 2
228 32 7
228 294 20
230 9 12
231 261 2
231 290 9
232 5 2
232 65 2
232 80 5
232 130 2
233 212 2
233 912 11
233 973 2
234 848 2
235 281 2
235 645 8
237 91 7
238 620 2
239 370 2
239 560 6
240 18 2
240 66 20
240 799 125
240 914 3
241 206 19
241 245 2
242 156 8
244 356 13
244 932 16
245 705 2
246 64 2
247 626 18
248 0 2
248 290 2
248 557 11
248 902 15
250 46 2
256 1 5
256 5 4
256 68 2
256 69 7
256 160 2
256 212 27
256 243 11
256 262 5
256 312 6
256 344 2
256 416 2
256 512 3
256 522 10
256 616 16
256 705 6723
256 764 10
256 772 2
256 904 87
256 963 2
257 156 12
257 272 2
257 544 322
257 912 2
257 920 3
257 945 2
258 24 13
258 34 6
258 36 802
258 138 17
258 265 2
258 673 2
258 810 8
258 880 2
259 100 13
259 165 2
259 226 2
259 268 8
259 327 2
259 532 8
260 131 5
260 256 2
260 295 2
260 522 4
260 545 2
260 678 105
261 67 6
261 72 5
261 356 2
261 672 3
261 995 2
262 193 2
262 256 2
262 1013 5
264 1 2
264 4 2
264 296 2
264 320 2
264 568 15
265 264 3
265 339 2
265 632 3
266 11 2
266 272 400
266 326 2
266 336 7
267 523 18
267 581 2
268 12 3
268 34 2
268 177 527
268 524 10
268 577 30
269 444 2
270 73 3
270 532 50
270 642 4
272 41 4
272 162 2
272 208 2
272 259 40
272 554 2
272 640 13
272 684 2
272 899 468
273 47 4
273 693 600
273 809 4
273 903 2
274 98 2
274 334 5
275 4 4
275 16 4
275 116 3
275 133 2
275 401 8
275 485 30
275 512 2
276 288 2
276 392 13
276 394 4
276 538 12
276 628 9
276 661 7
277 27 5
277 128 9
277 385 15
280 36 2
280 82 136
280 600 3
281 101 17
282 576 54
282 717 2
282 787 2
283 35 2
284 835 2
285 104 2
286 12 8
286 624 2
286 832 2
287 448 2
287 802 89
288 47 4
288 50 2
288 132 7
288 224 2
288 292 16
288 341 2
288 545 2
289 156 179
289 345 2
289 468 4
289 472 2
289 648 142
289 753 43
289 788 21
290 0 213
290 258 22
290 328 2
290 388 2
291 32 3
291 610 7
291 768 4
292 162 6
292 593 16
293 256 95
293 960 29
294 27 2
294 742 2
294 864 5
296 57 2
296 84 2
296 131 80
296 260 3
296 288 4
296 409 2
296 516 4
297 167 2
297 389 15
297 544 3
297 742 71
298 75 38
298 800 14
299 291 2
300 29 2
301 274 1313
301 777 3
303 292 2
304 6 221
304 8 5
304 42 346
304 106 5
304 212 112
304 258 16
305 11 2
305 34 9
305 163 6
305 576 2
306 36 2
306 550 3
306 918 2
308 21 13
308 583 3
308 640 2
308 692 2
308 832 2
308 848 2
309 77 30
309 774 2
310 936 26
314 109 52
314 376 2
314 518 2
315 739 2
316 452 4
318 532 5
318 914 14
320 29 916
320 468 2
320 641 12
320 720 2
321 4 13
321 262 80
321 337 2
321 768 35
321 834 6
321 1008 536436
322 80 39
322 196 2
322 272 29
322 416 2
322 899 2
322 902 4
323 360 6
324 16 8
324 106 2
324 179 2
324 200 4
324 530 5
325 6 7
325 74 6
325 720 2
326 11 2
326 16 18
326 32 180
326 116 3
326 280 17
327 675 3
327 698 29
328 853 4
329 35 3
329 258 11
329 836 2
330 8 19
330 204 2
331 512 46
332 456 3
332 643 1916
334 265 2
335 83 5
335 391 63
336 18 1680
336 576 33
336 632 10
337 352 15
337 768 123
337 833 3
338 33 4
338 169 2
339 42 2
340 0 2
340 106 5
340 704 9
340 763 2
341 576 2
342 15 2
342 272 2
343 475 254
344 188 16
345 32 10
345 728 5
345 992 2
346 89 47
347 11 6
347 149 29
347 296 2
348 128 2
348 395 2
349 12 19
352 409 3
352 419 14
352 514 55
352 680 2
352 794 2
352 860 2
353 138 3
353 389 2
353 684 5
354 30 7
354 288 32
354 836 3
354 969 13
355 634 2
357 433 2
357 641 478
358 3 42
358 168 6
360 514 6
360 555 2
360 732 2
360 784 9
360 810 25
361 266 2
361 316 2
362 34 2
363 162 7
363 424 2
364 740 4
366 657 15
368 49 39
368 738 2
368 925 12
371 112 24
371 705 11
371 772 2
372 352 2
376 193 128
379 333 12
380 339 3
381 531 41
382 562 15
384 5 40
384 6 11
384 156 3
384 168 6
384 312 2
384 332 14
384 423 3
384 481 2
384 571 7
384 597 2
384 841 8
384 962 2
385 2 3
385 75 10
385 213 42
385 513 22
385 563 2
386 64 2
386 73 4
386 158 12
386 160 6
386 206 11
386 275 2
386 681 6
386 846 2
386 849 2
386 912 2
387 147 2
387 545 9
387 1016 2
388 332 2
389 596 1025
390 566 19
391 461 2
391 800 35
392 38 7
392 336 2
392 553 3
392 674 8
393 461 16
393 577 8
394 80 2
394 211 2
395 4 2
395 647 2
396 6 4
396 454 6
396 536 2
396 546 8
396 777 43
396 915 46
396 960 2
397 305 14
397 518 3
398 943 23
399 9 10
400 10 6
400 144 20
400 712 2
401 16 22
401 58 2
401 284 34
401 673 10
402 68 2
402 80 2
402 769 67
403 98 2
404 209 2
404 298 2
405 160 18
406 928 2
408 66 2
408 405 24
409 66 2
409 417 3
409 888 4
411 20 11
412 6 2
414 932 2
416 292 13
416 531 2
417 577 5
418 16 461
419 62 2
419 844 2
420 114 2
420 424 4
420 538 2
421 400 17
422 736 70
423 384 2
423 651 4
424 481 4
425 261 3
425 776 6
426 644 624
427 580 6
428 32 2
428 194 2
428 620 46
428 880 29
430 8 7
430 68 2
430 203 2
433 24 3
433 197 2
433 398 2
434 734 9
436 597 2
436 641 3
437 2 38
441 21 7
442 146 2
442 691 3
444 769 4
448 92 2
448 655 8
449 321 2
450 450 7
452 136 2
452 488 2
452 512 2
452 513 168
453 368 28
453 661 3
454 9 5
454 437 2
454 634 13
454 782 2
455 640 2
456 105 2
456 367 3
456 376 2
456 774 1312
458 101 4
458 743 2
460 197 31593
460 462 2
460 566 64
461 625 4
461 901 28221
462 516 24
462 641 2
463 916 7
464 265 2
464 928 5
465 761 4
465 902 135
467 300 16
469 425 57
472 226 4
472 256 10
472 801 2
473 6 4
473 600 3
473 800 15
480 731 2
480 928 3
481 416 2
482 64 4
482 208 5
482 285 5
483 276 34
483 555 18
484 841 2
485 134 5
488 3 18
488 269 8
488 334 11
488 565 3
489 64 32
496 433 2
496 978 10
504 267 5
505 332 5
506 706 3
512 1 6
512 5 4
512 65 2
512 96 4
512 153 5446
512 420 27
512 438 8
512 453 8
512 482 4
512 514 5
512 685 3
512 936 5
513 5 2
513 42 2
513 47 11
513 65 5
513 100 7
513 112 4
513 304 9
513 340 11
513 548 2
513 644 4
514 11 2
514 401 4
514 452 7
514 522 2
514 572 3
515 93 3
515 157 41
515 273 30
515 598 16
516 33 2
516 69 10
516 357 5
516 442 3
516 582 2
516 605 24
516 785 4
517 0 2
517 3 8
517 8 56
517 34 29
517 132 7
517 177 3615
517 233 6
517 525 2
517 534 15
517 768 7
518 0 2
518 41 2
518 66 14
519 517 3
519 944 2
520 296 2
520 328 2
520 436 2
520 785 2
520 812 2
520 896 3
521 81 2
521 131 40
521 229 4793
521 450 2
521 560 180
521 609 26
522 1 2
522 234 5
522 652 7
523 650 2
524 159 15
524 173 6
524 520 4
525 134 2
525 820 7
526 548 6
526 776 24
527 36 2
527 713 4
528 33 20
528 36 13
528 97 2
528 144 2
528 156 2
528 171 6
528 344 5
528 406 2
528 580 14
528 582 2
528 611 53
528 720 8
528 801 33
529 16 2
529 260 7
529 423 12
529 517 2
529 520 11
529 737 14
529 836 2
530 20 6
530 86 2
530 132 2
530 278 7
530 325 2
530 522 25
530 696 2
532 11 2
532 134 2
532 292 6
532 550 2
532 853 13
533 5 2
533 37 4
533 787 7
534 6 6641
534 425 22
534 928 2
535 10 6
536 10 17
536 244 1483
536 412 10
536 687 14
536 902 2
537 99 55
537 138 40
537 257 2
537 478 21
540 481 3
541 344 3
541 793 53
544 6 2
544 21 2
544 24 4
544 151 2
544 160 2
544 401 3
544 416 8
544 429 2
544 536 81914
544 542 16
544 551 32
544 597 23
544 718 2
545 209 2
545 520 2
545 914 2
546 2 2
546 4 2
546 263 2
546 650 4
546 758 2
546 900 6
547 265 19
547 427 5
548 141 2
548 169 5
548 512 27
548 577 6
548 586 2
549 68 2
549 146 2
549 530 7
549 647 5
550 36 2
550 649 3
550 800 4
551 4 19
551 40 25
551 89 13
552 136 2
552 656 2
552 932 2
553 36 5
553 102 2
553 933 2
554 4 3
554 137 2
555 52 3
555 418 10671
556 409 2
557 15 2
557 370 2
557 400 5
557 512 4
557 557 2
557 770 6
557 938 5
559 557 6
560 18 8
560 96 12
560 104 10
560 168 327
560 354 2
561 10 79495
561 444 2
561 521 3
561 786 2
561 993 12
562 162 5
562 977 9
562 992 20
563 20 16
563 410 10
564 28 2
564 656 6
564 659 4
566 4 25
566 44 2
566 132 9
567 793 92
569 385 2
569 522 9
571 100 6
571 457 5
572 36 65
572 64 2
572 257 27
573 797 15
573 886 30
574 18 203
574 533 5
574 696 136
576 4 11
576 5 9
576 19 6
576 133 19
576 172 2
576 193 2
576 325 4
576 371 11
576 525 2
576 547 3
576 607 2
577 72 2
577 222 6
577 236 2
577 292 28
577 401 37
577 577 28
577 661 2
577 997 2
578 26 11
578 96 2
578 136 7
578 554 5
578 572 86462
579 80 16
579 621 2
579 789 9
580 64 8
580 507 2
580 528 2
581 645 10
582 633 5
584 432 5
584 833 4
585 64 2
585 208 2
585 217 2
585 354 2
586 64 2
586 658 4
587 608 4
588 784 42
589 389 31
590 276 2
590 300 2
590 520 214
591 147 3
592 2 2
592 148 2
592 528 2
592 566 5
592 585 12
592 856 2
593 429 6
595 58 20
595 557 5
596 11 4
596 91 19
596 154 2
596 385 2
597 387 2
599 569 2
600 562 8
600 575 20
601 335 4
601 431 2
602 480 2
604 913 2
604 1006 2
605 80 2
607 288 2
607 393 2
608 176 2
608 185 5
608 648 2
609 28 9
609 210 1651
609 225 10
609 768 2
610 24 6
611 125 2
612 170 10
612 534 3
613 840 3
614 265 5
614 936 1939
616 450 5
616 806 73
617 374 3
617 908 2
618 70 3
618 1004 3
619 76 24
619 140 22
619 231 2
623 1000 15
624 579 31
625 261 152
625 530 10
626 104 179
626 114 2
626 528 2
627 3 2
627 418 2
627 769 22
629 446 18
629 528 4
631 24 5
632 18 2
635 546 17
637 73 2
638 161 2
640 4 2
640 6 21
640 16 2
640 160 20
640 181 10
640 246 13
640 258 12
640 369 38951
640 467 2
640 525 200
640 584 6
640 659 7
640 938 25
640 952 3
642 562 5
643 73 14
643 775 2
644 48 11
644 387 2
644 660 108
644 756 2
644 769 10
645 4 4
645 25 2
645 548 2
645 963 2
646 388 18
648 76 2
648 98 2
648 210 25
648 301 5
648 369 2
648 512 8
648 769 2
649 4 45
649 48 6
650 108 52
650 216 2
650 953 2
651 290 16
652 257 5
654 129 2
654 565 3
655 761 8
656 3 340
656 259 21
656 278 3
656 370 6
657 79 7
657 201 2
658 26 10
658 226 46
658 640 2
660 36 2
660 52 33
660 69 2
660 85 31
660 648 5
661 244 2
661 608 7
662 374 2
664 16 4
664 781 7
665 260 2
666 66 5
668 163 21
668 464 2
668 749 2
672 1 5
672 64 3
672 129 7
672 514 526
672 608 28
673 656 7
674 259 6
674 288 41
674 401 15
675 257 32831
675 470 2
676 52 10
677 121 2
677 641 6
678 237 2
679 556 3
680 20 21
680 105 18
680 540 12
681 6 7708
681 33 2
682 14 437
682 156 13
684 1008 4
686 426 2
688 385 3
689 80 14
690 110 61
691 12 5
692 260 2
693 397 10
693 522 6
694 6 12
694 976 4
695 585 2
696 885 12
700 18 12
700 864 3
701 34 2
701 941 2
704 34 17
704 76 4
704 135 5
704 292 2
704 370 2
704 514 3
704 673 11
705 596 280
705 854 3
706 17 2
706 161 2
706 460 2
706 732 251
708 108 4
709 325 2
709 354 6
709 843 2
710 2 102
711 19 27
712 35 16
712 141 2
712 294 2
712 862 2
713 593 2
713 837 1945924
716 98 30
716 339 295
716 649 4
716 842 39
719 512 2
720 7 3
720 803 7
721 0 33
721 104 5
721 323 2
721 584 2
722 82 3
722 100 5
722 104 15
722 146 2
722 258 7
722 393 6
722 398 2
722 464 9
723 142 5
724 20 9
724 596 2
725 44 13
725 65 8
726 322 7
727 200 3
728 227 4
728 712 5
729 578 3
732 834 4
736 24 5
737 64 43
737 288 9
738 970 5
740 235 3
740 778 17
741 45 3
743 787 46
744 124 71
745 63 2
746 386 3
746 536 15
751 506 2
752 261 4
752 494 2
752 786 4
760 40 4
760 220 8
760 257 2
760 300 14
768 68 2
768 226 2
768 326 2
768 502 2
768 666 75
768 738 2
769 34 678
769 350 17
770 67 7
770 256 2089
770 515 3
770 663 2
771 793 3
771 800 5
772 0 6
772 32 2
772 130 17
773 1 2
774 936 5
775 48 4
775 921 10
776 101 5
776 155 9
776 586 3
776 697 6
777 6 58
777 84 239
777 200 1424
777 318 6
777 539 20
777 554 2
777 608 2
777 641 10
778 330 4
778 389 210269
778 707 2
780 14 8
780 16 2
780 193 8
780 552 10
780 707 4
780 901 2
781 222 2
782 226 6
782 405 12
784 1 306
784 514 2
784 549 3
784 569 2
784 604 5
784 634 7
784 841 2
785 45 4
785 257 92
786 142 2
786 521 2
786 576 2
787 199 2
788 25 5
788 332 2
792 274 2
792 540 2
793 52 3
793 498 2
793 628 8
795 422 2
800 9 2819
800 73 21
800 97 2
800 824 2
801 34 7
801 312 2
801 592 2
802 660 3
802 769 2
804 0 2
804 104 2
804 337 3
805 387 10
805 781 121
806 43 2
806 232 2
806 326 18
806 480 5
808 526 4
808 777 16
808 937 7
810 17 3
810 394 3
810 416 13
814 161 4
814 264 9
814 523 9
814 905 93740
816 18 2
816 24 239
817 784 2
818 253 5
819 69 2
819 538 8
821 236 2
822 211 2
824 392 11
824 978 5
830 356 11
832 16 2
832 21 4
832 30 73
832 43 4
832 328 2
832 427 4
834 0 2
834 32 2
834 67 9
834 148 5
834 912 2
835 264 66
835 392 7
835 583 8
836 388 2
836 485 2
838 785 2
839 21 2
840 96 2
840 106 3
840 545 12
840 800 17
841 370 2
842 132 101
842 200 8
843 939 12
845 624 4
848 90 197
848 188 12
848 313 3
849 792 2
849 1018 2
850 776 3
851 195 218
852 2 4
852 64 5
852 72 4
852 824 11
856 866 10
857 42 3
863 516 11
864 786 2
866 260 18
867 998 2
868 332 2
870 6 2
870 68 7
872 32 32
872 50 4
872 165 994
873 9 2
874 360 2
875 164 928
878 258 19
880 611 6
882 42 2
882 591 5
882 778 2
884 802 5
885 601 7
894 392 2
895 603 2
896 868 2
897 39 4
897 115 8
897 523 2
897 1002 2
898 336 2
898 699 18
899 537 23
899 736 12
900 162 2
900 313 2
902 131 111
902 420 6
903 339 14
904 231 3
904 888 29
904 929 4
905 196 26
905 248 1163
905 540 6
905 572 2
906 137 2
906 328 2
907 276 2
908 456 2
911 5 9
911 896 3
912 2 2
912 129 2
912 388 10
914 216 173
914 669 23
914 776 10
914 968 2
915 431 9
916 777 3
917 560 4
917 912 28
918 0 5
920 200 3
921 272 2
921 320 9
922 8 2
924 33 2
924 196 5
927 190 5
928 516 2
929 10 2
929 257 2
929 316 4
930 547 13
930 720 4
931 230 2
932 274 12
932 783 36
933 657 24010
934 94 2307
938 261 2
938 316 12
938 552 138
940 512 3
941 771 244
944 756 2
945 456 2
946 205 2
947 568 2
948 9 2
952 37 5164
953 905 2
956 846 5
958 844 7
960 358 4
961 131 2
961 291 2
961 481 12
963 130 87
966 29 1316738
966 192 2
966 197 9
966 555 2
968 51 39
968 352 16
968 360 2
969 313 5
969 769 17
970 180 2
971 566 2
975 205 129
976 321 2
976 779 2
977 22 4
977 34 2
978 817 2
984 324 2
985 268 7
986 772 288
987 962 2
988 366 60
990 35 2
996 36 209
996 836 2
998 127 2
1001 286 2
1002 652 26
1002 912 2
1004 129 8
1011 36 2
1013 316 11
1018 358 2
1020 371 7
1021 643 10
