0 8 4
0 9 32
0 18 2
0 29 209
0 47 2
0 112 13
0 135 2
0 150 104
0 156 7
0 215 2
0 256 12
0 259 243
0 274 2
0 321 8
0 415 4
0 552 6
0 618 61
0 646 2
0 674 77
0 704 9
0 843 133
0 902 22
0 917 66
1 15 153
1 37 9
1 70 2
1 82 19
1 135 3
1 228 11
1 292 2
1 481 4
1 535 4
1 644 2
1 705 13
1 768 7
1 825 89
1 920 149650
2 0 7
2 8 11
2 48 14
2 132 5
2 523 7
3 24 2
3 277 3
3 592 4
3 817 2
4 0 2
4 24 36
4 50 9
4 60 3
4 284 18
4 293 11
4 368 3
4 517 8
4 683 214
4 774 7
4 803 3
4 808 10
5 18 40
5 584 2
5 887 2
6 148 2
6 212 2
6 259 3
6 267 2
6 268 2
6 466 3
6 512 3
6 798 4
6 1002 2
7 81 2
7 110 6
7 237 4
7 715 9
8 1 2
8 2 5
8 19 2
8 32 34
8 42 17
8 58 49
8 202 2
8 272 29
8 273 14
8 393 2
8 486 50
8 642 2
8 656 5
8 735 4
8 850 4538
8 902 4
9 39 2
9 43 12
9 416 57
9 526 2
9 823 2
9 907 2
10 13 2
10 40 14
10 75 5
10 84 192
10 208 26
10 518 2
10 523 3
10 584 2
10 599 28
10 680 17
10 778 8
11 204 4
11 586 4
11 752 2
11 779 2
12 0 19
12 24 6
12 55 1482
12 65 4
12 269 6
12 366 5
12 634 2
12 781 2
13 66 16
13 192 1255
13 224 4
13 320 22
14 127 3
14 152 2
14 210 4
14 321 31
14 376 2
14 584 2
14 616 1506
15 352 5
15 485 2
15 659 12
15 854 2
16 9 548
16 24 785
16 64 4
16 96 5
16 148 2
16 198 2
16 516 2
16 806 45
17 129 4
17 258 2
18 51 2
18 215 3
18 290 2
18 641 8
18 645 8
19 7 2
19 24 2
19 657 6
19 709 11
20 10 2
20 36 2
20 176 2
20 323 2
20 786 8
21 116 88
21 258 2
21 308 4
22 24 2
22 68 13606
22 97 6
22 133 2
22 281 2
22 331 2
22 565 4
23 328 10
23 770 2
23 886 12
24 9 2
24 533 29
24 781 16
24 786 2
24 848 2
24 944 2
25 523 9
25 592 2
26 22 2
26 109 6
26 801 17
27 130 2
27 210 3
27 547 8
28 42 2
28 72 3
28 146 11
28 192 7
28 203 4
28 624 3
29 1 2
29 5 4
29 327 3
29 809 17
30 21 4
30 52 2
30 129 26
30 588 2
31 561 3
32 16 2
32 33 20
32 185 17
32 196 7
32 204 2
32 219 2
32 388 2
32 414 12865
32 514 2
32 612 25
32 641 2
32 759 85
32 848 9
32 960 16
33 2 2
33 26 8
33 31 2
33 64 4
33 320 3
33 544 35
33 785 206
34 292 2
34 324 15
34 561 2
34 663 2
34 720 107
35 65 2
35 266 4
35 689 10
36 34 2
36 48 3
36 257 370
36 266 2
36 288 2
36 320 2
36 448 2
36 555 18
36 705 2
36 858 2
37 13 2
37 520 2
37 594 56
37 640 2
38 1 2
38 180 2
38 204 5
38 544 2
39 48 13
39 520 2
39 982 3
40 9 7
40 20 1239
40 39 11
40 65 4
40 256 6
40 512 10
40 528 2
40 645 2
40 672 3
40 756 37
40 761 2
40 840 18
40 980 2
41 96 2
41 263 2
41 276 3
41 321 98
41 513 2
42 42 14
42 140 2
42 329 6
42 411 2
42 839 24
43 1 94
44 12 2
44 47 3
44 430 2
44 524 5
44 794 6
45 23 5
45 50 2
45 74 19
45 266 4
45 615 2
45 808 302076
45 844 3
46 57 2
47 80 4
48 67 4
48 176 4
48 193 2
48 198 13
48 226 7
48 646 2
48 708 1304
48 789 4
48 843 2
48 932 8
49 4 2
49 17 3
49 310 15
49 313 2
50 113 6
50 528 7
51 377 3
51 516 3
52 46 2
52 188 9
52 256 2
52 285 7
52 390 2
52 899 2
53 146 4
53 245 17
54 112 20
54 718 2
55 278 3
56 89 2
56 267 2
56 472 2
56 544 20
57 5 5
57 33 2
57 128 120
57 448 147
58 113 20
58 470 2
59 58 163
59 583 7
60 3 3
60 5 3
60 33 29
60 112 4
60 948 2
61 644 6
62 521 2
62 612 5
64 1 17
64 26 2
64 194 15
64 197 2
64 203 4
64 272 5
64 465 29
64 481 5
64 514 20
64 686 2
64 756 7
64 780 3
64 790 6
65 25 3
65 104 17
65 118 2
65 218 6
65 241 2
65 265 9
65 515 8
65 614 2
66 545 15
67 2 2
67 16 9
67 20 107
67 37 15
67 73 5
67 453 2
67 482 2
68 153 43
68 192 5
68 226 15961
68 284 2
68 322 9
69 138 2
69 276 2
69 466 5
69 529 2
69 572 11
69 768 2
70 109 2
70 431 2
70 608 3
70 646 7
70 648 860
70 672 24
71 1 5
71 264 66
71 409 10
71 700 5
72 8 3
72 37 31
72 65 4
72 280 2
72 437 2
72 533 2
72 961 2
73 39 2
73 640 10
73 999 4
74 548 4
74 768 2
74 1012 4
75 576 17
76 76 9
76 84 7
76 262 46
76 586 3
76 855 17
77 256 2
77 267 2
77 450 9
77 456 4491
78 288 2
78 517 12
78 784 3
78 919 2
79 165 2
79 386 2
80 0 11
80 51 2
80 82 2
80 132 5
80 211 36
80 528 2
80 677 5
80 920 16
81 807 3
81 852 5
82 280 3
82 283 7
83 115 4
83 124 2
83 304 5
83 617 4
83 784 2
84 64 2
84 74 2
84 490 4
85 31 2
85 65 2
86 234 39
87 462 7
87 512 30
87 515 26
88 330 2
88 782 2
89 2 142
89 4 3
89 76 2
90 20 7
90 274 13
90 843 18
90 977 17
90 988 2
91 652 3
91 951 2
92 38 52
92 91 6586
93 49 2
93 134 2
93 669 226
94 869 60
94 954 2
95 34 6
96 80 2
96 103 15
96 148 4
96 208 2
96 220 23
96 276 5
96 304 6
96 321 4
96 547 3
96 776 15
97 18 2
97 48 5
97 130 3
97 144 29
97 167 9
97 195 9
97 286 2
97 473 6
97 525 70
98 14 4
98 352 2
98 401 29
98 671 2
98 928 6
99 134 8
100 768 9
101 124 6
101 161 2
101 392 20
101 599 50
102 6 2
102 166 6
104 26 59
104 28 2
104 48 2
104 64 4
104 132 2
104 313 5929
104 673 3
105 3 4
105 296 24
105 779 5
106 516 4
106 652 6
107 3 419
107 129 2
108 133 4
108 514 2
108 825 14
109 707 2
111 12 11
112 0 2
112 1 4
112 84 2
114 416 2
114 452 4
114 497 2
116 33 9
117 106 10
117 803 148
118 565 27
119 836 2
120 0 2
120 76 20
121 536 12
122 24 2
122 80 2
122 185 49
122 294 5
123 600 22
124 304 2
124 348 4
125 268 46
128 10 2
128 134 2
128 200 2
128 208 2
128 320 2
128 362 3
128 375 2
128 376 9
128 453 3
128 628 21
128 770 2
128 806 57
129 0 9
129 37 2
129 39 2
129 163 14
129 584 12
129 707 3
130 78 2
130 272 3
130 273 18
130 368 27
130 520 5
130 528 2
130 532 2
130 540 2
130 675 5
130 772 26
131 581 7
132 6 2
132 94 3
132 137 4
132 372 2
132 516 4
132 713 26
132 916 2
133 23 2
133 138 6
134 67 2
134 84 10
134 224 34
134 377 43
134 390 8
134 516 14
135 544 2
136 21 2
136 482 7
136 610 4
136 657 116
136 684 7
136 831 55
137 148 6
137 256 4
137 259 8
137 325 12
137 678 2
137 778 2
138 266 2
138 415 2
138 590 2
138 902 6
139 87 2
139 426 17
139 865 20
140 72 49
140 143 2
140 168 2
140 464 2
140 776 13
141 2 20
141 954 2
142 641 12
143 144 2
143 187 8
143 286 27
143 642 2
144 68 8
144 257 2
144 418 21
144 433 2
144 520 2
145 1 6
145 2 4
145 67 2
145 94 4006
145 184 19
145 216 6947
145 273 2
145 392 10
145 513 111
145 576 11
146 69 3
146 146 2
146 396 2
146 910 4
147 522 2
148 1 2
148 24 37
148 130 4
148 278 2
148 464 47
148 515 340
148 912 4
149 20 2
149 649 8
150 141 2
150 160 2
150 656 2
151 102 18
151 132 99
151 207 160
151 250 12
153 26 4
153 151 5
153 171 2
153 592 2
153 598 11
153 833 5
153 961 2
156 133 11
156 521 5
156 814 2
157 404 7
158 104 2
159 526 12
160 34 2
160 81 3
160 144 2
160 644 14
160 801 2
161 21 2
161 40 2
161 326 13
161 376 15
161 524 2
161 576 7
161 717 3
161 898 2
162 160 2
162 290 9
162 306 2
162 517 3
163 361 36
163 601 5
164 34 4
164 38 10
164 87 2
164 217 6
164 264 10
164 280 48
164 329 2
164 481 74
164 636 2
164 646 21
165 141 4
165 397 3
167 104 5
167 289 3
167 384 2
167 456 7
167 712 26
168 52 2
168 67 11
168 98 3
168 480 790
169 25 2
169 72 5
169 351 14
169 514 2
171 810 5
172 8 15
172 569 145
172 664 2
174 493 2
174 582 4
175 863 2
176 137 2
176 270 3
176 824 2
176 916 3
176 932 2
177 128 5
177 280 7
177 560 2
177 611 15
177 744 2
178 144 40
178 797 6
179 429 4
180 19 2
180 152 2
180 600 7
180 973 10
181 331 31
181 768 6
181 964 162
182 300 8
182 728 10
184 161 9
184 664 15
185 391 18
187 800 6
188 4 2
192 43 7208
192 52 2
192 72 2
192 388 7
192 392 3
192 536 14
192 713 5
192 898 2
192 904 2
192 999 7
193 8 10
193 28 2
193 120 14
193 131 8
193 162 5
193 375 2
193 422 36
193 775 6
194 321 2
194 592 28
194 677 8
196 81 3
196 286 12
196 377 29
197 61 4
197 100 7
197 297 11
197 611 2
197 769 20
198 812 7
200 445 3
200 577 2
200 924 10
201 39 2
201 98 9
201 140 3
202 11 1093
203 654 4
204 6 1605
204 520 48
205 457 4
206 80 2
206 530 7
208 88 22
208 534 52
209 55 2
209 513 21
209 564 2
211 4 7
212 34 2
212 69 10
212 112 4
212 262 22
212 285 3
212 673 34
213 64 1128
214 585 16
216 66 3
216 138 2
216 792 3
218 86 27
219 389 36
220 176 2
220 658 7
222 532 2
222 852 16
225 257 4
225 316 2
225 948 2
226 35 11
226 157 2
227 336 4
227 838 2
228 32 11
228 294 19
230 9 5
231 261 2
231 290 16
232 5 12
232 65 137
232 80 4
232 130 2
233 212 5
233 912 3
233 973 20
234 848 1452
235 281 10
235 645 2
237 91 6
238 620 2
239 370 3
239 560 2
240 18 6
240 66 8
240 799 2
240 914 28
241 206 16
241 245 30
242 156 3
244 356 3
244 932 2
245 705 62
246 64 2
247 626 12
248 0 6
248 290 2
248 557 5
248 902 9358
250 46 12
256 1 2
256 5 5
256 68 4
256 69 6
256 160 3
256 212 6
256 243 8
256 262 165
256 312 81
256 344 2
256 416 51
256 512 2
256 522 4
256 616 2
256 705 10
256 764 2
256 772 4
256 904 2
256 963 33
257 156 6
257 272 3
257 544 2
257 912 321
257 920 8
257 945 25
258 24 27
258 34 7
258 36 2
258 138 2
258 265 6
258 673 4
258 810 6
258 880 31
259 100 2
259 165 11586
259 226 12
259 268 14
259 327 14
259 532 4
260 131 7
260 256 142
260 295 4
260 522 2
260 545 2
260 678 1096
261 67 5
261 72 2
261 356 3
261 672 2
261 995 8
262 193 3
262 256 2
262 1013 2
264 1 2
264 4 2
264 296 4
264 320 2
264 568 10
265 264 7
265 339 2
265 632 6
266 11 2
266 272 2
266 326 11
266 336 2
267 523 4
267 581 828
268 12 2
268 34 4
268 177 2
268 524 16
268 577 15
269 444 2
270 73 20
270 532 23
270 642 3
272 41 2
272 162 2
272 208 2
272 259 2
272 554 2312
272 640 3
272 684 15
272 899 2
273 47 4
273 693 2
273 809 2
273 903 2
274 98 2
274 334 2
275 4 5
275 16 2
275 116 11
275 133 23
275 401 12
275 485 7
275 512 2
276 288 9
276 392 147
276 394 6
276 538 2
276 628 8
276 661 282
277 27 2
277 128 8772
277 385 8
280 36 2
280 82 17
280 600 2
281 101 2
282 576 2
282 717 3
282 787 2
283 35 2
284 835 2
285 104 5
286 12 10
286 624 10
286 832 2
287 448 4
287 802 9
288 47 5
288 50 2
288 132 3
288 224 2
288 292 24
288 341 30
288 545 2
289 156 56
289 345 9
289 468 4
289 472 39
289 648 2
289 753 43
289 788 10
290 0 2268
290 258 2
290 328 2
290 388 2
291 32 34
291 610 2
291 768 3
292 162 2
292 593 2
293 256 2
293 960 23
294 27 2
294 742 3
294 864 14
296 57 17
296 84 3991
296 131 5
296 260 5
296 288 2
296 409 6
296 516 4
297 167 4
297 389 2
297 544 23
297 742 123
298 75 2
298 800 5
299 291 2
300 29 1907
301 274 9
301 777 2
303 292 2
304 6 472
304 8 8
304 42 37
304 106 7
304 212 18
304 258 22
305 11 7
305 34 16
305 163 25
305 576 3
306 36 2
306 550 2
306 918 2
308 21 19
308 583 81
308 640 7
308 692 23
308 832 2
308 848 2
309 77 6
309 774 2
310 936 3
314 109 4
314 376 7
314 518 5
315 739 548
316 452 5
318 532 3
318 914 20
320 29 13
320 468 2
320 641 114
320 720 34
321 4 2
321 262 39
321 337 6
321 768 2
321 834 10
321 1008 2
322 80 64
322 196 2
322 272 11
322 416 15
322 899 1884
322 902 20
323 360 44
324 16 215
324 106 2
324 179 230168
324 200 3
324 530 163
325 6 2
325 74 25
325 720 2
326 11 3
326 16 38
326 32 2
326 116 8
326 280 5
327 675 3
327 698 32
328 853 14
329 35 7
329 258 2
329 836 3
330 8 18
330 204 53
331 512 1158
332 456 3
332 643 2
334 265 9
335 83 25
335 391 4
336 18 3074832
336 576 4
336 632 29
337 352 11
337 768 9
337 833 13499
338 33 200
338 169 3
339 42 2
340 0 36
340 106 15
340 704 2
340 763 11
341 576 2
342 15 2
342 272 2
343 475 2
344 188 2613
345 32 2
345 728 2
345 992 7
346 89 2
347 11 7
347 149 9
347 296 16
348 128 47
348 395 6
349 12 10
352 409 41
352 419 2
352 514 2
352 680 5
352 794 1831
352 860 24
353 138 2
353 389 3
353 684 4
354 30 3
354 288 22
354 836 6
354 969 5
355 634 2
357 433 6
357 641 7
358 3 11
358 168 2
360 514 4
360 555 14
360 732 5
360 784 2
360 810 10
361 266 3
361 316 40
362 34 2
363 162 2
363 424 9
364 740 142
366 657 10
368 49 2
368 738 4
368 925 2
371 112 7
371 705 33
371 772 3
372 352 70
376 193 7096
379 333 2
380 339 4
381 531 33
382 562 11
384 5 4
384 6 7
384 156 2
384 168 13
384 312 31
384 332 6
384 423 22
384 481 2
384 571 2
384 597 2
384 841 5
384 962 5
385 2 39
385 75 59
385 213 3
385 513 2
385 563 2
386 64 2
386 73 5
386 158 9
386 160 12
386 206 9
386 275 2
386 681 9
386 846 2
386 849 2
386 912 2
387 147 2
387 545 10
387 1016 31
388 332 66
389 596 2
390 566 8
391 461 2
391 800 2
392 38 2
392 336 3
392 553 16
392 674 6
393 461 2
393 577 51
394 80 2
394 211 266
395 4 6
395 647 4
396 6 7
396 454 3
396 536 4
396 546 7
396 777 4
396 915 8
396 960 2
397 305 2
397 518 2
398 943 2
399 9 5
400 10 3
400 144 23
400 712 9
401 16 8
401 58 929
401 284 2
401 673 2
402 68 2
402 80 2
402 769 2
403 98 26
404 209 6
404 298 2
405 160 10
406 928 2
408 66 2
408 405 64
409 66 2
409 417 2
409 888 2
411 20 2
412 6 5
414 932 14
416 292 5
416 531 2
417 577 6
418 16 2
419 62 2
419 844 3
420 114 5
420 424 2
420 538 18
421 400 2
422 736 17
423 384 2
423 651 3
424 481 2
425 261 12
425 776 3
426 644 3
427 580 11
428 32 2
428 194 4
428 620 2
428 880 17
430 8 3
430 68 2
430 203 2
433 24 67
433 197 9
433 398 10
434 734 11
436 597 2
436 641 2
437 2 2
441 21 30
442 146 56
442 691 6
444 769 3
448 92 7
448 655 3
449 321 2
450 450 13
452 136 7
452 488 2
452 512 2
452 513 2
453 368 2
453 661 7
454 9 18
454 437 290
454 634 12
454 782 2
455 640 70
456 105 2
456 367 3
456 376 3
456 774 4
458 101 5
458 743 10
460 197 2
460 462 7
460 566 2
461 625 12
461 901 2
462 516 2
462 641 29
463 916 3
464 265 13
464 928 5
465 761 2
465 902 2
467 300 15
469 425 5
472 226 4
472 256 14
472 801 8
473 6 2
473 600 4
473 800 2
480 731 96
480 928 2
481 416 2
482 64 221
482 208 2
482 285 20
483 276 7
483 555 10
484 841 6
485 134 75
488 3 2
488 269 2
488 334 9
488 565 4
489 64 2
496 433 2
496 978 17
504 267 4
505 332 2
506 706 4
512 1 6
512 5 3
512 65 2
512 96 2
512 153 10247
512 420 24
512 438 12
512 453 3
512 482 15
512 514 2
512 685 2
512 936 2
513 5 2
513 42 6
513 47 6
513 65 2
513 100 24
513 112 2
513 304 24
513 340 9
513 548 9
513 644 2
514 11 20
514 401 2
514 452 5
514 522 2
514 572 2
515 93 11
515 157 81
515 273 2
515 598 3
516 33 30
516 69 16
516 357 58
516 442 6
516 582 4
516 605 6
516 785 5
517 0 14
517 3 2
517 8 2
517 34 3
517 132 3
517 177 2
517 233 4
517 525 2
517 534 15
517 768 2
518 0 2
518 41 2
518 66 6
519 517 2
519 944 2
520 296 2
520 328 22
520 436 46
520 785 2
520 812 2
520 896 10
521 81 3
521 131 15
521 229 279
521 450 187
521 560 176
521 609 16
522 1 16
522 234 2
522 652 18
523 650 23
524 159 2
524 173 11
524 520 10
525 134 3
525 820 3
526 548 2
526 776 27
527 36 2
527 713 2
528 33 19
528 36 3
528 97 2
528 144 2
528 156 2
528 171 3
528 344 3
528 406 2
528 580 2
528 582 2
528 611 2
528 720 5
528 801 2
529 16 604
529 260 2
529 423 21
529 517 52
529 520 10
529 737 15
529 836 4
530 20 15
530 86 2
530 132 2
530 278 2
530 325 2286
530 522 30
530 696 20
532 11 6
532 134 24
532 292 3
532 550 4
532 853 3
533 5 2
533 37 6
533 787 4
534 6 2
534 425 15
534 928 13
535 10 2
536 10 3
536 244 2
536 412 2594
536 687 11
536 902 2
537 99 12
537 138 2
537 257 2
537 478 9
540 481 4
541 344 2
541 793 20
544 6 2
544 21 2
544 24 11
544 151 2
544 160 4
544 401 11
544 416 3
544 429 7
544 536 2
544 542 31
544 551 2
544 597 8
544 718 33
545 209 2
545 520 23
545 914 85
546 2 8
546 4 2
546 263 13
546 650 2
546 758 2
546 900 2
547 265 73
547 427 2
548 141 4
548 169 2
548 512 6
548 577 2
548 586 2
549 68 79
549 146 40
549 530 10
549 647 2
550 36 19
550 649 2
550 800 7
551 4 2
551 40 5
551 89 6
552 136 12
552 656 9
552 932 3191
553 36 8
553 102 40
553 933 2
554 4 10
554 137 2
555 52 9
555 418 9
556 409 3
557 15 2
557 370 3
557 400 28
557 512 75
557 557 311
557 770 10
557 938 2
559 557 6
560 18 2
560 96 5
560 104 2
560 168 101
560 354 2
561 10 2
561 444 54
561 521 1073
561 786 233959
561 993 7
562 162 2
562 977 8
562 992 8
563 20 83
563 410 24
564 28 109
564 656 2
564 659 13
566 4 2
566 44 71
566 132 4
567 793 3
569 385 2
569 522 3
571 100 2
571 457 11
572 36 70
572 64 2
572 257 117
573 797 3
573 886 2
574 18 5
574 533 2
574 696 6
576 4 14
576 5 14
576 19 4
576 133 13
576 172 2
576 193 3
576 325 17
576 371 2
576 525 8
576 547 5
576 607 14
577 72 3
577 222 9
577 236 280
577 292 16
577 401 18
577 577 2
577 661 5
577 997 2
578 26 2
578 96 7
578 136 30
578 554 90
578 572 8
579 80 2
579 621 8
579 789 3
580 64 4
580 507 2
580 528 2
581 645 27
582 633 3
584 432 5
584 833 2
585 64 3
585 208 2
585 217 4
585 354 6
586 64 2
586 658 29
587 608 40
588 784 44
589 389 3
590 276 41
590 300 20055
590 520 3
591 147 9
592 2 2
592 148 4
592 528 2
592 566 2
592 585 2
592 856 3
593 429 4
595 58 17
595 557 21
596 11 12
596 91 2
596 154 43
596 385 2
597 387 7
599 569 2
600 562 10
600 575 7
601 335 24
601 431 2
602 480 2
604 913 1464
604 1006 2
605 80 2
607 288 2
607 393 2
608 176 4
608 185 5
608 648 2
609 28 2
609 210 5
609 225 10
609 768 18
610 24 93
611 125 2
612 170 3
612 534 40
613 840 2
614 265 7
614 936 82
616 450 2
616 806 83
617 374 5
617 908 2
618 70 2
618 1004 2
619 76 18
619 140 4
619 231 2
623 1000 8
624 579 62
625 261 28
625 530 2
626 104 2
626 114 29
626 528 3
627 3 2
627 418 3
627 769 42
629 446 7
629 528 3
631 24 2
632 18 2
635 546 25
637 73 2
638 161 4
640 4 3313
640 6 3
640 16 788
640 160 3
640 181 24
640 246 2
640 258 44
640 369 2
640 467 3
640 525 2
640 584 4
640 659 8
640 938 5
640 952 2
642 562 20
643 73 3
643 775 387
644 48 3
644 387 2
644 660 29
644 756 3623
644 769 2
645 4 2
645 25 3
645 548 13
645 963 9
646 388 2
648 76 64810
648 98 17
648 210 6
648 301 8
648 369 2
648 512 10
648 769 83
649 4 636
649 48 8
650 108 35
650 216 18
650 953 201
651 290 2
652 257 5
654 129 16
654 565 18
655 761 16
656 3 3
656 259 16
656 278 6
656 370 3
657 79 10
657 201 2
658 26 3
658 226 13
658 640 2
660 36 2
660 52 8
660 69 7
660 85 4
660 648 2
661 244 2
661 608 24
662 374 12
664 16 2
664 781 3
665 260 2
666 66 14
668 163 4
668 464 2
668 749 2
672 1 6
672 64 5
672 129 2
672 514 1539
672 608 3
673 656 12
674 259 5
674 288 3
674 401 26
675 257 2
675 470 2
676 52 28
677 121 2
677 641 11
678 237 2
679 556 4
680 20 5
680 105 6
680 540 9
681 6 2
681 33 2
682 14 2
682 156 4
684 1008 13
686 426 2
688 385 16
689 80 2
690 110 2
691 12 3
692 260 8
693 397 7
693 522 2
694 6 15
694 976 232
695 585 15
696 885 2
700 18 5
700 864 3
701 34 5
701 941 13
704 34 2
704 76 3
704 135 15
704 292 3
704 370 26
704 514 348
704 673 44103
705 596 2
705 854 2
706 17 15
706 161 79
706 460 70
706 732 2
708 108 2
709 325 8
709 354 8
709 843 2
710 2 8
711 19 6
712 35 3
712 141 2
712 294 19
712 862 22
713 593 7
713 837 2
716 98 8
716 339 6
716 649 9
716 842 2
719 512 105
720 7 2
720 803 18
721 0 2
721 104 13
721 323 6
721 584 7
722 82 16
722 100 2
722 104 6
722 146 2
722 258 16
722 393 2
722 398 4
722 464 7
723 142 10
724 20 6
724 596 1355193
725 44 37
725 65 15
726 322 2
727 200 9
728 227 5
728 712 5
729 578 12
732 834 29
736 24 9
737 64 2
737 288 32
738 970 11
740 235 2
740 778 2
741 45 81
743 787 2
744 124 304
745 63 2
746 386 3
746 536 2
751 506 2
752 261 4
752 494 63
752 786 2
760 40 2
760 220 18
760 257 34
760 300 4
768 68 16
768 226 2
768 326 7
768 502 51
768 666 2
768 738 14
769 34 10
769 350 12
770 67 10
770 256 27
770 515 2
770 663 2
771 793 61
771 800 2
772 0 2
772 32 198
772 130 2
773 1 2
774 936 10
775 48 2
775 921 39
776 101 3
776 155 30
776 586 11
776 697 2
777 6 7
777 84 153
777 200 2
777 318 83
777 539 13
777 554 2
777 608 2
777 641 13
778 330 3
778 389 2
778 707 2
780 14 3
780 16 3
780 193 2
780 552 21
780 707 34
780 901 6
781 222 2
782 226 66
782 405 16
784 1 2
784 514 2
784 549 2
784 569 3
784 604 4
784 634 146
784 841 29
785 45 6
785 257 13
786 142 2
786 521 138
786 576 2
787 199 25
788 25 5
788 332 2
792 274 2
792 540 15
793 52 2
793 498 6
793 628 2
795 422 2
800 9 10
800 73 2
800 97 2
800 824 13
801 34 7
801 312 2
801 592 2
802 660 3
802 769 10
804 0 9
804 104 7
804 337 4
805 387 20
805 781 2
806 43 6
806 232 2
806 326 11
806 480 2
808 526 2
808 777 5
808 937 18
810 17 4
810 394 2
810 416 3
814 161 6
814 264 10
814 523 2
814 905 9556
816 18 2
816 24 2
817 784 2
818 253 2
819 69 178
819 538 10
821 236 2
822 211 2
824 392 2
824 978 2
830 356 11
832 16 2
832 21 46
832 30 2
832 43 10
832 328 2
832 427 4
834 0 2
834 32 2
834 67 2
834 148 2
834 912 6
835 264 11
835 392 7
835 583 2
836 388 2
836 485 3
838 785 108
839 21 2
840 96 2
840 106 10
840 545 14
840 800 8
841 370 2
842 132 3
842 200 64
843 939 2
845 624 2
848 90 2
848 188 8
848 313 2
849 792 2
849 1018 3
850 776 5
851 195 65
852 2 11
852 64 7
852 72 10
852 824 15
856 866 8
857 42 11
863 516 2
864 786 11
866 260 11
867 998 4
868 332 3
870 6 2
870 68 16
872 32 5
872 50 5
872 165 14
873 9 2736
874 360 2
875 164 2
878 258 2
880 611 4
882 42 8
882 591 2
882 778 2
884 802 5
885 601 14
894 392 2
895 603 5
896 868 2
897 39 30
897 115 2
897 523 2
897 1002 2
898 336 2
898 699 2
899 537 3
899 736 5
900 162 2
900 313 2
902 131 4
902 420 7
903 339 2
904 231 2
904 888 13
904 929 9
905 196 3
905 248 2
905 540 106
905 572 2
906 137 5
906 328 2
907 276 21
908 456 2
911 5 7
911 896 82
912 2 2
912 129 2
912 388 16
914 216 2
914 669 14
914 776 2
914 968 18
915 431 11
916 777 12
917 560 12
917 912 4
918 0 8
920 200 7
921 272 6
921 320 3
922 8 2
924 33 2
924 196 8
927 190 6
928 516 3
929 10 2125
929 257 2
929 316 4
930 547 31
930 720 10
931 230 2
932 274 4
932 783 2
933 657 212
934 94 10
938 261 3
938 316 3
938 552 2
940 512 32
941 771 276
944 756 2
945 456 77
946 205 3
947 568 2
948 9 2
952 37 2
953 905 2
956 846 21
958 844 9
960 358 4
961 131 2
961 291 2
961 481 2
963 130 2
966 29 2
966 192 2
966 197 3
966 555 4
968 51 2
968 352 11
968 360 2
969 313 11
969 769 13
970 180 2
971 566 2
975 205 2
976 321 66
976 779 3
977 22 5
977 34 2
978 817 2
984 324 2
985 268 8
986 772 21
987 962 76
988 366 2
990 35 408
996 36 2
996 836 2
998 127 2
1001 286 6
1002 652 5
1002 912 2
1004 129 37
1011 36 18
1013 316 2
1018 358 2
1020 371 14
1021 643 2
