0 8 2
0 9 368
0 18 122
0 29 56
0 47 30
0 112 7
0 135 2
0 150 3
0 156 12
0 215 55
0 256 4
0 259 2
0 274 2
0 321 5
0 415 6
0 552 3
0 618 2019
0 646 8
0 674 2
0 704 28
0 843 2
0 902 14
0 917 2
1 15 445
1 37 21
1 70 2
1 82 22
1 135 4
1 228 13
1 292 2447
1 481 3
1 535 2
1 644 7
1 705 10
1 768 5
1 825 93
1 920 2
2 0 6
2 8 26
2 48 2
2 132 2
2 523 5
3 24 172
3 277 11
3 592 6
3 817 17
4 0 2
4 24 50
4 50 23
4 60 2
4 284 35
4 293 8
4 368 3
4 517 14
4 683 3
4 774 2
4 803 2
4 808 14
5 18 2
5 584 6
5 887 2
6 148 4
6 212 9
6 259 11
6 267 3
6 268 27
6 466 2
6 512 8
6 798 2
6 1002 2
7 81 3
7 110 19
7 237 4
7 715 2
8 1 3
8 2 5
8 19 2
8 32 10
8 42 21
8 58 8
8 202 13
8 272 8
8 273 6
8 393 5
8 486 390
8 642 105
8 656 2
8 735 4
8 850 2
8 902 4
9 39 2
9 43 23
9 416 2
9 526 2
9 823 2
9 907 7
10 13 1077
10 40 6
10 75 20
10 84 14
10 208 19
10 518 2
10 523 38
10 584 2
10 599 10
10 680 2
10 778 3
11 204 2
11 586 3
11 752 3
11 779 3
12 0 11
12 24 12
12 55 2
12 65 4
12 269 3
12 366 17
12 634 3
12 781 2
13 66 2
13 192 2
13 224 4
13 320 2
14 127 115
14 152 2
14 210 2
14 321 6
14 376 2
14 584 2
14 616 2
15 352 2
15 485 13
15 659 3
15 854 2
16 9 3
16 24 2
16 64 20
16 96 2
16 148 8
16 198 2
16 516 2
16 806 2
17 129 6
17 258 3
18 51 2
18 215 2
18 290 2
18 641 4
18 645 2
19 7 26
19 24 19
19 657 4
19 709 5
20 10 45
20 36 2
20 176 27
20 323 16
20 786 13
21 116 2
21 258 100861
21 308 3
22 24 10
22 68 2
22 97 3
22 133 4
22 281 4
22 331 2
22 565 2
23 328 2
23 770 139
23 886 16
24 9 5
24 533 2
24 781 2
24 786 3
24 848 338322
24 944 2886
25 523 2
25 592 12
26 22 3
26 109 5
26 801 2
27 130 17
27 210 4
27 547 12
28 42 3
28 72 5
28 146 2
28 192 2
28 203 11
28 624 3
29 1 2
29 5 2
29 327 2
29 809 58
30 21 6
30 52 159
30 129 9
30 588 2
31 561 2
32 16 3
32 33 21
32 185 12
32 196 2
32 204 2
32 219 356
32 388 2
32 414 2
32 514 11
32 612 70
32 641 2
32 759 2
32 848 2
32 960 3
33 2 2
33 26 2
33 31 5
33 64 2
33 320 4
33 544 10
33 785 2
34 292 2
34 324 4
34 561 599
34 663 2
34 720 3
35 65 2
35 266 2
35 689 4
36 34 11
36 48 3
36 257 2
36 266 16
36 288 14
36 320 2
36 448 5
36 555 16
36 705 3
36 858 5
37 13 32525
37 520 2
37 594 14
37 640 2
38 1 8
38 180 9
38 204 2
38 544 2
39 48 12
39 520 2
39 982 4
40 9 3
40 20 42
40 39 2
40 65 2
40 256 3
40 512 5
40 528 6
40 645 21
40 672 9
40 756 18
40 761 2
40 840 2
40 980 2
41 96 2
41 263 11
41 276 4
41 321 2
41 513 5
42 42 11
42 140 13145931
42 329 14
42 411 253
42 839 13
43 1 2
44 12 16
44 47 5
44 430 6
44 524 45
44 794 7
45 23 2
45 50 2
45 74 2
45 266 10
45 615 2
45 808 2
45 844 119
46 57 2
47 80 2
48 67 14
48 176 2
48 193 76
48 198 23
48 226 8
48 646 2
48 708 2
48 789 2
48 843 2
48 932 4
49 4 2
49 17 4
49 310 5
49 313 3
50 113 20
50 528 8
51 377 6
51 516 9
52 46 2
52 188 2
52 256 10
52 285 18
52 390 5
52 899 2
53 146 2
53 245 29
54 112 10
54 718 2
55 278 3
56 89 81
56 267 5
56 472 89
56 544 6
57 5 2
57 33 2
57 128 8670
57 448 23
58 113 81
58 470 17
59 58 2
59 583 3
60 3 10
60 5 5
60 33 6
60 112 645
60 948 28
61 644 11
62 521 2
62 612 124
64 1 37
64 26 2
64 194 106
64 197 2
64 203 5
64 272 77
64 465 10
64 481 3
64 514 2
64 686 2
64 756 5
64 780 20
64 790 2
65 25 3
65 104 7
65 118 27
65 218 12
65 241 2
65 265 2
65 515 9
65 614 6636
66 545 4
67 2 3
67 16 2
67 20 2
67 37 21
67 73 3
67 453 2
67 482 16
68 153 3
68 192 5
68 226 2
68 284 2
68 322 7
69 138 2
69 276 2
69 466 12
69 529 13
69 572 21
69 768 2
70 109 25
70 431 8
70 608 2
70 646 3
70 648 2
70 672 2
71 1 4
71 264 691
71 409 36
71 700 4
72 8 23
72 37 26
72 65 7
72 280 2
72 437 2
72 533 3
72 961 44
73 39 10
73 640 11
73 999 4
74 548 3
74 768 8
74 1012 4
75 576 22
76 76 3
76 84 3
76 262 2
76 586 2
76 855 2
77 256 22690
77 267 2
77 450 7
77 456 2
78 288 48
78 517 5
78 784 4
78 919 2
79 165 8
79 386 2
80 0 7
80 51 2
80 82 2
80 132 3
80 211 2
80 528 6
80 677 3
80 920 7
81 807 4
81 852 9
82 280 38
82 283 2
83 115 2
83 124 3
83 304 24600
83 617 2
83 784 2
84 64 2
84 74 2
84 490 13
85 31 4
85 65 2
86 234 3
87 462 3
87 512 2
87 515 2005
88 330 2
88 782 27
89 2 7
89 4 3
89 76 2
90 20 4
90 274 9
90 843 8
90 977 8
90 988 2
91 652 18
91 951 4
92 38 5
92 91 2
93 49 2
93 134 4
93 669 13
94 869 5
94 954 3
95 34 2
96 80 3
96 103 2
96 148 2
96 208 2
96 220 19
96 276 2
96 304 2
96 321 11
96 547 2
96 776 6
97 18 10
97 48 7
97 130 45
97 144 3551
97 167 2
97 195 62
97 286 2
97 473 8
97 525 2
98 14 2
98 352 23
98 401 2
98 671 4
98 928 7
99 134 25
100 768 12
101 124 2
101 161 2
101 392 49
101 599 24
102 6 68054
102 166 2
104 26 19
104 28 2
104 48 29
104 64 2
104 132 9
104 313 11
104 673 4
105 3 5
105 296 5
105 779 9
106 516 7
106 652 14
107 3 15
107 129 19
108 133 4
108 514 2
108 825 3
109 707 2
111 12 3
112 0 2
112 1 6
112 84 16
114 416 23
114 452 14
114 497 2
116 33 2
117 106 2
117 803 2
118 565 13
119 836 10
120 0 10
120 76 2
121 536 7
122 24 3
122 80 22305
122 185 2
122 294 5
123 600 2
124 304 6
124 348 8
125 268 94
128 10 2
128 134 2
128 200 2
128 208 2
128 320 2
128 362 2
128 375 2
128 376 2
128 453 2
128 628 17
128 770 2
128 806 5
129 0 26
129 37 2
129 39 3
129 163 2
129 584 2
129 707 2
130 78 2
130 272 7
130 273 8
130 368 2
130 520 18
130 528 2
130 532 2
130 540 15
130 675 3
130 772 56
131 581 2
132 6 2
132 94 2
132 137 4
132 372 98
132 516 3
132 713 9
132 916 2
133 23 3
133 138 48
134 67 3
134 84 6
134 224 4
134 377 2
134 390 47
134 516 8
135 544 30
136 21 11
136 482 4
136 610 3
136 657 1768
136 684 5
136 831 26
137 148 8
137 256 3
137 259 4
137 325 6
137 678 2
137 778 18
138 266 10
138 415 164
138 590 2
138 902 16
139 87 2
139 426 3
139 865 3
140 72 5
140 143 626
140 168 2
140 464 2
140 776 2
141 2 4
141 954 5
142 641 2
143 144 3
143 187 7
143 286 17
143 642 3
144 68 8
144 257 296
144 418 13
144 433 2
144 520 2
145 1 7
145 2 10
145 67 3
145 94 2
145 184 9
145 216 1025
145 273 3
145 392 6
145 513 3
145 576 2
146 69 2
146 146 2
146 396 2
146 910 4
147 522 96
148 1 2
148 24 5
148 130 2
148 278 2
148 464 1461
148 515 874
148 912 5
149 20 2
149 649 4
150 141 18
150 160 2
150 656 2
151 102 2
151 132 2
151 207 54
151 250 4
153 26 2
153 151 134
153 171 2
153 592 110
153 598 6
153 833 11
153 961 2
156 133 5
156 521 3
156 814 3
157 404 21
158 104 8
159 526 19
160 34 72
160 81 3
160 144 63
160 644 8
160 801 122
161 21 7
161 40 2
161 326 3
161 376 16
161 524 2
161 576 3
161 717 10
161 898 114
162 160 2
162 290 9
162 306 5
162 517 4535
163 361 6
163 601 3
164 34 2
164 38 6
164 87 3
164 217 3
164 264 2
164 280 2
164 329 13
164 481 171
164 636 12
164 646 33
165 141 2
165 397 5
167 104 2
167 289 2
167 384 2
167 456 34
167 712 44
168 52 39
168 67 2
168 98 10
168 480 8
169 25 38
169 72 6
169 351 9
169 514 2
171 810 5
172 8 2
172 569 21
172 664 2
174 493 2
174 582 7
175 863 4
176 137 2
176 270 725
176 824 103
176 916 4
176 932 1316
177 128 5
177 280 4
177 560 9
177 611 6
177 744 16
178 144 8
178 797 3
179 429 8
180 19 2
180 152 5924
180 600 52
180 973 6
181 331 2
181 768 2
181 964 2
182 300 11
182 728 2
184 161 6
184 664 14473
185 391 2
187 800 5
188 4 2
192 43 2
192 52 8
192 72 2
192 388 2
192 392 2
192 536 10
192 713 5
192 898 2
192 904 3
192 999 162
193 8 17
193 28 13
193 120 7
193 131 27
193 162 4
193 375 2
193 422 24
193 775 14
194 321 2
194 592 4
194 677 2
196 81 15
196 286 14
196 377 2
197 61 15
197 100 3
197 297 2
197 611 2
197 769 23
198 812 466
200 445 3
200 577 2
200 924 3
201 39 2
201 98 4
201 140 18
202 11 2
203 654 18
204 6 2
204 520 3
205 457 2
206 80 14
206 530 3
208 88 13
208 534 10
209 55 13
209 513 2
209 564 2
211 4 8
212 34 189
212 69 3
212 112 2
212 262 37
212 285 8
212 673 13
213 64 2
214 585 6
216 66 2
216 138 2
216 792 27
218 86 32
219 389 6
220 176 159
220 658 21
222 532 2
222 852 12
225 257 4
225 316 2
225 948 4
226 35 4
226 157 3
227 336 3
227 838 3
228 32 19
228 294 16
230 9 8
231 261 8
231 290 6
232 5 2
232 65 2
232 80 25
232 130 2
233 212 2
233 912 2
233 973 35
234 848 2
235 281 2
235 645 6
237 91 7
238 620 3
239 370 2
239 560 2
240 18 3
240 66 3
240 799 3
240 914 2
241 206 14
241 245 41
242 156 2
244 356 2
244 932 28
245 705 282
246 64 2
247 626 5
248 0 2
248 290 2
248 557 26
248 902 2
250 46 19
256 1 7
256 5 8
256 68 3
256 69 2
256 160 2
256 212 21
256 243 12
256 262 34
256 312 2
256 344 2
256 416 298
256 512 7
256 522 7
256 616 2
256 705 2
256 764 3
256 772 2
256 904 4
256 963 77
257 156 40
257 272 2
257 544 2
257 912 5
257 920 56
257 945 2
258 24 9
258 34 2
258 36 2
258 138 6
258 265 2
258 673 6
258 810 2
258 880 2
259 100 2
259 165 169
259 226 14
259 268 6
259 327 2
259 532 2
260 131 31
260 256 7
260 295 2
260 522 2
260 545 2
260 678 171
261 67 2
261 72 2
261 356 2
261 672 8
261 995 5
262 193 4
262 256 2
262 1013 10
264 1 2
264 4 5
264 296 30
264 320 2
264 568 8
265 264 3
265 339 2
265 632 6
266 11 4
266 272 1678
266 326 8
266 336 14
267 523 6
267 581 2
268 12 2
268 34 8
268 177 4
268 524 8
268 577 11
269 444 8
270 73 2
270 532 49
270 642 2
272 41 2
272 162 2
272 208 2
272 259 3115
272 554 7
272 640 6
272 684 11
272 899 2
273 47 2
273 693 2
273 809 2
273 903 3
274 98 2
274 334 2
275 4 2
275 16 5
275 116 11
275 133 3
275 401 25
275 485 2
275 512 2
276 288 3
276 392 2
276 394 10
276 538 17
276 628 6
276 661 726
277 27 2
277 128 55
277 385 2
280 36 2
280 82 3
280 600 25
281 101 2
282 576 2
282 717 175
282 787 4
283 35 2
284 835 2
285 104 31
286 12 4
286 624 2
286 832 2
287 448 2
287 802 3
288 47 3
288 50 25
288 132 8
288 224 2
288 292 27
288 341 2
288 545 2
289 156 2
289 345 18
289 468 12
289 472 2
289 648 2
289 753 5
289 788 22
290 0 2
290 258 273
290 328 2
290 388 882
291 32 6
291 610 2
291 768 8
292 162 10
292 593 4
293 256 2
293 960 18
294 27 3
294 742 21
294 864 2
296 57 2
296 84 11773
296 131 5
296 260 2
296 288 15
296 409 2
296 516 2
297 167 1951
297 389 2
297 544 5
297 742 2
298 75 2
298 800 15
299 291 2
300 29 45
301 274 2
301 777 2
303 292 2075
304 6 690
304 8 8
304 42 2
304 106 3
304 212 2
304 258 12
305 11 6
305 34 14
305 163 2
305 576 2
306 36 7
306 550 3
306 918 2
308 21 40
308 583 5
308 640 19
308 692 80
308 832 2
308 848 168
309 77 2
309 774 4
310 936 2
314 109 14
314 376 78
314 518 164
315 739 2
316 452 2
318 532 6
318 914 16
320 29 11
320 468 13
320 641 22
320 720 31
321 4 14
321 262 58
321 337 4
321 768 2
321 834 2
321 1008 2
322 80 2
322 196 2
322 272 3
322 416 2
322 899 2
322 902 2
323 360 2
324 16 2
324 106 15
324 179 2
324 200 6
324 530 76
325 6 4
325 74 16
325 720 23
326 11 3
326 16 21
326 32 2
326 116 2
326 280 6
327 675 5
327 698 20
328 853 12
329 35 4
329 258 5
329 836 2
330 8 13
330 204 5
331 512 2
332 456 2
332 643 2
334 265 12
335 83 7
335 391 2
336 18 76384
336 576 14
336 632 24
337 352 2
337 768 47
337 833 2
338 33 2
338 169 2
339 42 2
340 0 2
340 106 4
340 704 13
340 763 3
341 576 17
342 15 2
342 272 6162
343 475 2
344 188 2
345 32 4
345 728 2
345 992 11
346 89 2
347 11 22
347 149 6
347 296 2
348 128 2
348 395 2
349 12 11
352 409 2
352 419 2
352 514 2
352 680 2
352 794 4
352 860 2
353 138 17
353 389 17
353 684 3
354 30 2
354 288 5
354 836 2
354 969 22
355 634 15
357 433 2
357 641 505
358 3 9
358 168 2
360 514 11
360 555 2
360 732 4
360 784 9
360 810 3
361 266 10
361 316 3
362 34 2
363 162 2
363 424 2
364 740 2
366 657 13
368 49 2
368 738 5
368 925 18
371 112 7
371 705 13580
371 772 8
372 352 3
376 193 8
379 333 16
380 339 7
381 531 2
382 562 303
384 5 4
384 6 2
384 156 8
384 168 330
384 312 2
384 332 3
384 423 15
384 481 2
384 571 4
384 597 11
384 841 4
384 962 3
385 2 3
385 75 2
385 213 9
385 513 5
385 563 7
386 64 33
386 73 2
386 158 14
386 160 7
386 206 2
386 275 10
386 681 14
386 846 2
386 849 2
386 912 2
387 147 2
387 545 32
387 1016 2
388 332 2
389 596 2
390 566 3
391 461 2
391 800 2
392 38 5
392 336 7
392 553 8
392 674 8
393 461 2
393 577 6
394 80 43
394 211 18269
395 4 2
395 647 2
396 6 2
396 454 30
396 536 2
396 546 10
396 777 13
396 915 7
396 960 2
397 305 96
397 518 2
398 943 2
399 9 5
400 10 4
400 144 11
400 712 2
401 16 8
401 58 2
401 284 7
401 673 17
402 68 2
402 80 9
402 769 2
403 98 1013
404 209 13
404 298 3
405 160 4
406 928 2
408 66 2
408 405 2
409 66 2
409 417 2
409 888 126
411 20 2
412 6 12
414 932 62
416 292 18
416 531 2
417 577 10
418 16 2
419 62 23
419 844 7
420 114 2
420 424 2
420 538 2
421 400 2
422 736 4
423 384 402
423 651 9
424 481 3
425 261 3
425 776 7
426 644 97
427 580 3
428 32 4
428 194 973
428 620 8
428 880 25
430 8 5
430 68 2
430 203 2
433 24 2
433 197 9
433 398 2
434 734 3
436 597 2
436 641 8
437 2 2
441 21 12
442 146 263
442 691 5
444 769 10
448 92 2
448 655 5
449 321 2
450 450 5
452 136 8
452 488 2
452 512 2
452 513 2
453 368 2
453 661 2
454 9 5
454 437 2
454 634 8
454 782 3
455 640 4
456 105 2
456 367 2
456 376 304
456 774 2
458 101 4
458 743 2
460 197 113
460 462 2
460 566 2
461 625 3
461 901 2
462 516 2
462 641 2
463 916 4
464 265 2
464 928 2
465 761 11
465 902 3
467 300 2
469 425 2
472 226 22
472 256 2
472 801 2
473 6 34
473 600 11
473 800 3
480 731 2
480 928 3
481 416 2
482 64 96
482 208 2
482 285 2
483 276 13
483 555 3
484 841 4
485 134 2
488 3 3
488 269 5
488 334 3
488 565 33
489 64 2
496 433 2
496 978 2
504 267 17
505 332 2
506 706 2
512 1 5
512 5 3
512 65 2
512 96 5
512 153 2
512 420 2
512 438 13
512 453 2
512 482 4
512 514 2
512 685 2
512 936 2
513 5 2
513 42 6
513 47 4
513 65 2
513 100 2
513 112 7
513 304 7
513 340 12
513 548 2
513 644 3
514 11 10
514 401 2
514 452 6
514 522 2
514 572 2
515 93 13
515 157 401
515 273 2
515 598 9
516 33 159
516 69 3
516 357 2
516 442 6
516 582 7
516 605 3
516 785 2
517 0 411
517 3 6
517 8 6
517 34 7
517 132 6
517 177 74
517 233 21
517 525 87168
517 534 49
517 768 2
518 0 8
518 41 27
518 66 2
519 517 4
519 944 3
520 296 2
520 328 130
520 436 2
520 785 3
520 812 2585
520 896 2
521 81 23712
521 131 2
521 229 2
521 450 6
521 560 6
521 609 11
522 1 3
522 234 20
522 652 2
523 650 7
524 159 2
524 173 4
524 520 7
525 134 2
525 820 2
526 548 3
526 776 26
527 36 2
527 713 2
528 33 7
528 36 2
528 97 2
528 144 2
528 156 51
528 171 4
528 344 6
528 406 2
528 580 79
528 582 2
528 611 4
528 720 3
528 801 3
529 16 2
529 260 2
529 423 13
529 517 3
529 520 8
529 737 6
529 836 5
530 20 7
530 86 2
530 132 2
530 278 2
530 325 2027
530 522 4
530 696 15
532 11 3
532 134 22
532 292 10
532 550 2
532 853 7
533 5 8
533 37 8
533 787 7
534 6 4
534 425 2
534 928 38
535 10 2
536 10 4
536 244 2
536 412 2
536 687 7
536 902 2
537 99 2
537 138 12
537 257 2
537 478 3
540 481 4
541 344 3
541 793 5
544 6 6
544 21 2
544 24 15
544 151 40
544 160 9
544 401 476
544 416 13
544 429 2
544 536 2
544 542 2
544 551 88
544 597 4
544 718 3
545 209 116
545 520 11
545 914 2
546 2 2
546 4 2
546 263 13
546 650 2
546 758 44
546 900 89
547 265 14
547 427 2
548 141 5
548 169 3
548 512 7
548 577 12
548 586 2
549 68 48
549 146 2
549 530 7
549 647 6
550 36 8
550 649 14
550 800 2
551 4 9
551 40 3
551 89 5
552 136 3
552 656 116
552 932 2
553 36 21
553 102 6
553 933 49
554 4 2
554 137 2
555 52 8
555 418 96372
556 409 2
557 15 2
557 370 3
557 400 2
557 512 2
557 557 2311
557 770 14
557 938 5
559 557 4
560 18 210
560 96 4
560 104 496
560 168 26
560 354 18165
561 10 2
561 444 2
561 521 2
561 786 3
561 993 11
562 162 8
562 977 11
562 992 3
563 20 2
563 410 5
564 28 36
564 656 819
564 659 312
566 4 7
566 44 2
566 132 8
567 793 13
569 385 4
569 522 6
571 100 17
571 457 3
572 36 3
572 64 10
572 257 4
573 797 11
573 886 2
574 18 2
574 533 2
574 696 2
576 4 17
576 5 5
576 19 4
576 133 2
576 172 2
576 193 2
576 325 11
576 371 2
576 525 7
576 547 9
576 607 2
577 72 6
577 222 2
577 236 72
577 292 13
577 401 15
577 577 2
577 661 2
577 997 2
578 26 8
578 96 19
578 136 2
578 554 3
578 572 3
579 80 2
579 621 2
579 789 10
580 64 10
580 507 11
580 528 2
581 645 12
582 633 2
584 432 6
584 833 25
585 64 2
585 208 2
585 217 2
585 354 2
586 64 5
586 658 11
587 608 4
588 784 2
589 389 3
590 276 2
590 300 2
590 520 2
591 147 4
592 2 2
592 148 2
592 528 3
592 566 2
592 585 9
592 856 2
593 429 4
595 58 4
595 557 5
596 11 12
596 91 4
596 154 3
596 385 2
597 387 3
599 569 6
600 562 11
600 575 10
601 335 2
601 431 6
602 480 2
604 913 2
604 1006 2
605 80 10
607 288 2
607 393 2
608 176 5
608 185 3
608 648 953
609 28 2
609 210 5695
609 225 4
609 768 2
610 24 457
611 125 2
612 170 7
612 534 7
613 840 2
614 265 9
614 936 83
616 450 20
616 806 2
617 374 73
617 908 17
618 70 2
618 1004 3
619 76 5
619 140 2
619 231 2
623 1000 2
624 579 2
625 261 30
625 530 2
626 104 2
626 114 2
626 528 2
627 3 3
627 418 2
627 769 59116
629 446 2
629 528 8
631 24 2
632 18 2
635 546 13
637 73 24
638 161 36
640 4 2
640 6 35
640 16 3
640 160 10
640 181 3
640 246 2
640 258 4
640 369 2
640 467 2
640 525 2
640 584 3
640 659 3
640 938 2
640 952 323
642 562 5
643 73 8
643 775 469
644 48 4
644 387 2
644 660 2
644 756 3
644 769 4
645 4 13
645 25 2
645 548 48
645 963 2
646 388 2
648 76 2
648 98 25
648 210 5
648 301 4
648 369 34
648 512 8
648 769 2
649 4 2
649 48 4
650 108 6
650 216 2
650 953 2
651 290 2
652 257 16
654 129 2
654 565 126
655 761 2
656 3 18
656 259 10
656 278 7
656 370 10
657 79 2
657 201 2
658 26 4
658 226 5
658 640 2
660 36 2
660 52 7
660 69 17
660 85 5
660 648 13
661 244 13
661 608 8
662 374 13
664 16 2
664 781 3
665 260 3
666 66 18
668 163 14
668 464 20
668 749 2
672 1 2
672 64 2
672 129 181
672 514 2
672 608 13
673 656 3
674 259 23
674 288 2
674 401 2
675 257 24
675 470 3693
676 52 497
677 121 16
677 641 6
678 237 3
679 556 4
680 20 48
680 105 5
680 540 8
681 6 2
681 33 2
682 14 2
682 156 2
684 1008 5
686 426 26
688 385 13
689 80 2
690 110 19
691 12 4
692 260 2
693 397 17
693 522 2
694 6 14
694 976 42
695 585 58
696 885 52
700 18 5
700 864 2
701 34 2
701 941 6
704 34 3
704 76 3
704 135 9
704 292 2
704 370 51
704 514 2
704 673 2
705 596 31057
705 854 2
706 17 2
706 161 8
706 460 27
706 732 2
708 108 3
709 325 2
709 354 146
709 843 2
710 2 3
711 19 8
712 35 3
712 141 8
712 294 2
712 862 3318
713 593 26
713 837 2
716 98 15
716 339 1091
716 649 6
716 842 2
719 512 3
720 7 2
720 803 8
721 0 10
721 104 3
721 323 2
721 584 2
722 82 2
722 100 2
722 104 2
722 146 5
722 258 17
722 393 6
722 398 4
722 464 19
723 142 2
724 20 12
724 596 2
725 44 2
725 65 29
726 322 30
727 200 3
728 227 76
728 712 5
729 578 3
732 834 38
736 24 6
737 64 4
737 288 2
738 970 16
740 235 2
740 778 470
741 45 17
743 787 3
744 124 2
745 63 6
746 386 3
746 536 26
751 506 5
752 261 3
752 494 8
752 786 6
760 40 2
760 220 4
760 257 66
760 300 3
768 68 4
768 226 2
768 326 2
768 502 2
768 666 2
768 738 28
769 34 173
769 350 19
770 67 4
770 256 3671
770 515 2
770 663 45
771 793 9
771 800 20
772 0 5
772 32 2
772 130 2
773 1 2
774 936 52
775 48 3
775 921 2
776 101 7
776 155 2
776 586 2
776 697 7
777 6 2
777 84 2
777 200 7012
777 318 15
777 539 2
777 554 2
777 608 2
777 641 7
778 330 14
778 389 2
778 707 2
780 14 8
780 16 9
780 193 4
780 552 2
780 707 2
780 901 3
781 222 2
782 226 2
782 405 17
784 1 2
784 514 5
784 549 5
784 569 101
784 604 6
784 634 2
784 841 27
785 45 5
785 257 2
786 142 2917
786 521 1053
786 576 3
787 199 6
788 25 32
788 332 2
792 274 8
792 540 2
793 52 93
793 498 4
793 628 493
795 422 17
800 9 2
800 73 3
800 97 328
800 824 3
801 34 9
801 312 3
801 592 8
802 660 2
802 769 10
804 0 2
804 104 2
804 337 25
805 387 16
805 781 2
806 43 4
806 232 2
806 326 2
806 480 7289
808 526 3
808 777 2
808 937 12
810 17 2
810 394 2
810 416 8
814 161 2
814 264 10
814 523 2
814 905 858451
816 18 2
816 24 2
817 784 541114
818 253 3
819 69 12
819 538 10
821 236 24
822 211 2
824 392 2
824 978 7
830 356 10
832 16 124
832 21 15
832 30 31
832 43 2
832 328 2
832 427 10
834 0 20421
834 32 27
834 67 2
834 148 2
834 912 5
835 264 47
835 392 12
835 583 3
836 388 2
836 485 170
838 785 2
839 21 2
840 96 2
840 106 145
840 545 17
840 800 4
841 370 3
842 132 4
842 200 99
843 939 4
845 624 2
848 90 2721
848 188 14
848 313 5
849 792 15
849 1018 5
850 776 6
851 195 39
852 2 2
852 64 4
852 72 2
852 824 2
856 866 8
857 42 49
863 516 7
864 786 3
866 260 5
867 998 3
868 332 3
870 6 26
870 68 2
872 32 21
872 50 2
872 165 3
873 9 2
874 360 11
875 164 2
878 258 2
880 611 4
882 42 29
882 591 2
882 778 2
884 802 2
885 601 11
894 392 2
895 603 2
896 868 2
897 39 2
897 115 63
897 523 2
897 1002 63
898 336 154
898 699 2
899 537 3
899 736 19
900 162 319
900 313 2
902 131 99
902 420 4
903 339 5
904 231 2
904 888 2
904 929 19
905 196 2
905 248 2
905 540 64
905 572 2
906 137 5
906 328 33
907 276 3
908 456 174
911 5 4
911 896 36
912 2 1965
912 129 8
912 388 25
914 216 2
914 669 2
914 776 23
914 968 2
915 431 2
916 777 4
917 560 3
917 912 2
918 0 6
920 200 7
921 272 15
921 320 2
922 8 2
924 33 2
924 196 2
927 190 2
928 516 2
929 10 2
929 257 12
929 316 41
930 547 5
930 720 10
931 230 2
932 274 8
932 783 2
933 657 29
934 94 14
938 261 2
938 316 6
938 552 2
940 512 4
941 771 2
944 756 11
945 456 5
946 205 17
947 568 4
948 9 2
952 37 2
953 905 2
956 846 2
958 844 2
960 358 4
961 131 10
961 291 4
961 481 4092
963 130 3
966 29 2
966 192 2
966 197 5
966 555 444
968 51 2
968 352 23
968 360 6
969 313 3
969 769 11
970 180 133
971 566 4
975 205 2
976 321 4
976 779 28
977 22 13
977 34 2
978 817 6
984 324 2
985 268 28
986 772 2
987 962 5
988 366 2
990 35 2
996 36 2
996 836 4
998 127 2
1001 286 5
1002 652 3
1002 912 10
1004 129 9
1011 36 1851
1013 316 2
1018 358 2182
1020 371 2
1021 643 5
