0 8 14
0 9 2
0 18 30
0 29 2
0 47 15
0 112 22
0 135 2
0 150 13
0 156 23
0 215 4
0 256 2
0 259 2
0 274 2
0 321 11
0 415 5
0 552 4
0 618 5
0 646 2
0 674 710
0 704 13
0 843 11
0 902 3
0 917 92
1 15 46
1 37 19
1 70 6
1 82 3
1 135 2
1 228 3
1 292 93
1 481 5
1 535 2
1 644 2
1 705 8
1 768 7
1 825 2
1 920 41
2 0 10
2 8 4
2 48 2
2 132 5
2 523 7
3 24 2
3 277 3
3 592 2
3 817 4
4 0 2
4 24 20
4 50 17
4 60 9
4 284 30
4 293 8
4 368 2
4 517 14
4 683 64
4 774 2
4 803 2
4 808 2
5 18 48
5 584 5
5 887 82
6 148 2
6 212 5
6 259 2
6 267 2
6 268 4
6 466 10
6 512 11
6 798 12
6 1002 2
7 81 2
7 110 7
7 237 18
7 715 2
8 1 3
8 2 6
8 19 7
8 32 28
8 42 2
8 58 117
8 202 2
8 272 2
8 273 6
8 393 4
8 486 1347
8 642 3
8 656 44
8 735 3
8 850 905
8 902 3
9 39 2
9 43 5
9 416 11
9 526 17
9 823 2
9 907 2
10 13 27
10 40 22
10 75 8
10 84 897
10 208 2
10 518 2
10 523 69
10 584 2
10 599 6
10 680 11
10 778 12
11 204 2
11 586 2
11 752 4
11 779 4
12 0 13
12 24 2
12 55 13
12 65 4
12 269 3
12 366 25
12 634 2
12 781 20
13 66 5
13 192 79
13 224 2
13 320 45
14 127 10
14 152 2
14 210 88
14 321 104
14 376 8752
14 584 2
14 616 2
15 352 6
15 485 8
15 659 219
15 854 7
16 9 54
16 24 2
16 64 3
16 96 2
16 148 2
16 198 3
16 516 2
16 806 12
17 129 15
17 258 5
18 51 2
18 215 3
18 290 2
18 641 19
18 645 2
19 7 2
19 24 2
19 657 32
19 709 9
20 10 2
20 36 2
20 176 2
20 323 93
20 786 7
21 116 2
21 258 88
21 308 3
22 24 2
22 68 2
22 97 12
22 133 231
22 281 12
22 331 2
22 565 6
23 328 5
23 770 7
23 886 15
24 9 15
24 533 17
24 781 3
24 786 3
24 848 2141
24 944 60
25 523 3
25 592 2
26 22 2
26 109 6
26 801 1604
27 130 131
27 210 3
27 547 4
28 42 4
28 72 2
28 146 4
28 192 2
28 203 9
28 624 2
29 1 2
29 5 60
29 327 4
29 809 2
30 21 3
30 52 2
30 129 15
30 588 2
31 561 2
32 16 10
32 33 19
32 185 6
32 196 3
32 204 2
32 219 2
32 388 9
32 414 136043747
32 514 2
32 612 2
32 641 2
32 759 11
32 848 4
32 960 4
33 2 7
33 26 4
33 31 4
33 64 12
33 320 4
33 544 4
33 785 129
34 292 3
34 324 16
34 561 2
34 663 2
34 720 74
35 65 5
35 266 2
35 689 5
36 34 2
36 48 9
36 257 3566
36 266 2
36 288 2
36 320 2
36 448 325
36 555 37
36 705 6
36 858 18
37 13 313
37 520 2
37 594 3
37 640 4
38 1 19
38 180 7
38 204 2
38 544 2
39 48 6
39 520 47
39 982 3
40 9 2
40 20 218
40 39 5
40 65 22
40 256 2
40 512 6
40 528 2
40 645 4
40 672 13
40 756 19
40 761 2
40 840 2
40 980 2
41 96 2
41 263 2
41 276 2
41 321 2
41 513 4
42 42 11
42 140 2
42 329 11
42 411 15
42 839 2
43 1 19220
44 12 4
44 47 2
44 430 4
44 524 2
44 794 4
45 23 5
45 50 24
45 74 2
45 266 12
45 615 2
45 808 62
45 844 5
46 57 5
47 80 2
48 67 4
48 176 2
48 193 868
48 198 2
48 226 4
48 646 2
48 708 2
48 789 2
48 843 2
48 932 8
49 4 27
49 17 2
49 310 5
49 313 2
50 113 12
50 528 7
51 377 8
51 516 6
52 46 4
52 188 163
52 256 5
52 285 2
52 390 2
52 899 2
53 146 2
53 245 2
54 112 41
54 718 2
55 278 6
56 89 2
56 267 10
56 472 2
56 544 4
57 5 2
57 33 2
57 128 9709
57 448 117
58 113 2
58 470 101
59 58 2
59 583 2
60 3 12
60 5 3
60 33 8
60 112 4
60 948 4
61 644 8
62 521 2
62 612 5
64 1 52
64 26 18
64 194 25
64 197 4
64 203 21
64 272 76
64 465 9
64 481 5
64 514 553
64 686 10
64 756 2
64 780 32
64 790 2
65 25 2
65 104 15
65 118 2
65 218 49
65 241 7
65 265 2
65 515 5
65 614 7
66 545 5
67 2 5
67 16 8
67 20 82
67 37 2
67 73 3
67 453 2
67 482 2
68 153 2
68 192 4
68 226 3
68 284 2
68 322 4
69 138 2350
69 276 49
69 466 16
69 529 3
69 572 31
69 768 2
70 109 6
70 431 9
70 608 3
70 646 6
70 648 31
70 672 1762
71 1 3
71 264 2
71 409 17
71 700 6
72 8 2
72 37 4
72 65 10
72 280 2
72 437 432
72 533 2
72 961 4
73 39 2
73 640 4
73 999 25
74 548 21
74 768 2
74 1012 2
75 576 2
76 76 22
76 84 3
76 262 8
76 586 2
76 855 61
77 256 3
77 267 2
77 450 5
77 456 5189
78 288 2
78 517 9
78 784 3
78 919 2
79 165 2
79 386 58
80 0 2
80 51 19
80 82 52
80 132 14
80 211 2
80 528 2
80 677 3
80 920 3
81 807 2
81 852 4
82 280 2
82 283 4
83 115 9
83 124 3
83 304 2
83 617 2
83 784 2
84 64 2
84 74 202
84 490 11
85 31 2
85 65 2
86 234 2
87 462 42
87 512 20
87 515 5
88 330 2
88 782 2
89 2 33
89 4 6
89 76 6
90 20 5
90 274 2
90 843 46
90 977 5
90 988 41
91 652 3
91 951 2
92 38 2
92 91 1348
93 49 3
93 134 5
93 669 18
94 869 24
94 954 101
95 34 13
96 80 2
96 103 2
96 148 2930
96 208 2
96 220 5
96 276 61
96 304 3
96 321 2
96 547 2
96 776 20
97 18 10
97 48 9
97 130 2
97 144 2
97 167 9
97 195 46
97 286 3
97 473 5
97 525 2
98 14 10
98 352 2
98 401 6
98 671 2
98 928 11
99 134 4
100 768 10
101 124 6
101 161 1107
101 392 2
101 599 2
102 6 2
102 166 7
104 26 2
104 28 2
104 48 8
104 64 6
104 132 2
104 313 2
104 673 29
105 3 4
105 296 2
105 779 3
106 516 2
106 652 8
107 3 8
107 129 2
108 133 2
108 514 2
108 825 13
109 707 6
111 12 12
112 0 102583
112 1 10
112 84 3
114 416 2
114 452 5
114 497 15
116 33 13
117 106 120
117 803 291
118 565 11
119 836 2
120 0 3
120 76 2
121 536 7
122 24 13
122 80 1307
122 185 25
122 294 14
123 600 17
124 304 3
124 348 7
125 268 51
128 10 10
128 134 2
128 200 8
128 208 2
128 320 139
128 362 2
128 375 2
128 376 8
128 453 6
128 628 2
128 770 8
128 806 74
129 0 10
129 37 2
129 39 7
129 163 101
129 584 25
129 707 11
130 78 3
130 272 7
130 273 23
130 368 5
130 520 8
130 528 181
130 532 4
130 540 8
130 675 2
130 772 6
131 581 3
132 6 2
132 94 2
132 137 4
132 372 2
132 516 5
132 713 95
132 916 6
133 23 28
133 138 2
134 67 5
134 84 16
134 224 3
134 377 28
134 390 44
134 516 5
135 544 257
136 21 3
136 482 4
136 610 16
136 657 5
136 684 2
136 831 2
137 148 4
137 256 2
137 259 13
137 325 4
137 678 2
137 778 26
138 266 369
138 415 27
138 590 2
138 902 3
139 87 2
139 426 6
139 865 11
140 72 17736
140 143 6
140 168 2
140 464 30
140 776 4
141 2 20
141 954 36
142 641 6
143 144 2
143 187 2
143 286 10
143 642 4
144 68 7
144 257 2
144 418 6
144 433 4
144 520 86
145 1 7
145 2 11
145 67 3
145 94 7593
145 184 2
145 216 2
145 273 6
145 392 4
145 513 7387
145 576 10
146 69 4
146 146 6050
146 396 546
146 910 7
147 522 2
148 1 5
148 24 4
148 130 2
148 278 9
148 464 19
148 515 2
148 912 2
149 20 2
149 649 25
150 141 2
150 160 735
150 656 1636
151 102 21
151 132 13
151 207 2
151 250 2
153 26 19
153 151 159
153 171 4
153 592 2
153 598 2
153 833 2
153 961 22
156 133 7
156 521 19
156 814 2
157 404 4
158 104 5
159 526 3398
160 34 4308
160 81 2
160 144 2
160 644 35
160 801 5
161 21 29
161 40 11
161 326 18
161 376 13
161 524 2
161 576 5
161 717 3
161 898 3
162 160 2
162 290 14
162 306 10
162 517 2
163 361 8
163 601 12
164 34 2
164 38 5
164 87 75
164 217 2
164 264 14
164 280 21
164 329 4
164 481 2
164 636 2
164 646 11
165 141 3
165 397 12
167 104 2
167 289 2
167 384 2
167 456 3
167 712 2
168 52 51
168 67 4
168 98 2
168 480 1313
169 25 2
169 72 5
169 351 16
169 514 160
171 810 6
172 8 17
172 569 2
172 664 2635
174 493 258
174 582 5
175 863 13
176 137 24
176 270 2
176 824 2
176 916 4
176 932 2
177 128 5
177 280 9
177 560 4
177 611 12
177 744 14
178 144 2
178 797 6
179 429 2
180 19 2
180 152 109626
180 600 8
180 973 3
181 331 2
181 768 3
181 964 742
182 300 3
182 728 68
184 161 9
184 664 2
185 391 2
187 800 11
188 4 5
192 43 2
192 52 2
192 72 17
192 388 3
192 392 2
192 536 2
192 713 2
192 898 2
192 904 3
192 999 2
193 8 6
193 28 2
193 120 21
193 131 13
193 162 14
193 375 2
193 422 14
193 775 24
194 321 2
194 592 10
194 677 2
196 81 3
196 286 11
196 377 2
197 61 25
197 100 23
197 297 19
197 611 2
197 769 2
198 812 119
200 445 12
200 577 2
200 924 4
201 39 2
201 98 2
201 140 2
202 11 9
203 654 5
204 6 2
204 520 2
205 457 13
206 80 2
206 530 85
208 88 4
208 534 2
209 55 13
209 513 2
209 564 2
211 4 21
212 34 2
212 69 13
212 112 54
212 262 7
212 285 5
212 673 36
213 64 2
214 585 15
216 66 8
216 138 2
216 792 5
218 86 3
219 389 2
220 176 58
220 658 18
222 532 2
222 852 3
225 257 4
225 316 2
225 948 3
226 35 7
226 157 9
227 336 3
227 838 2
228 32 7
228 294 3
230 9 2
231 261 2
231 290 4
232 5 10
232 65 12
232 80 11
232 130 2
233 212 2
233 912 2
233 973 32
234 848 2
235 281 2
235 645 6
237 91 22
238 620 5
239 370 4
239 560 8
240 18 5
240 66 2
240 799 2
240 914 2
241 206 3
241 245 7
242 156 16
244 356 2
244 932 50
245 705 2
246 64 6
247 626 10
248 0 57
248 290 49
248 557 11
248 902 8
250 46 23
256 1 2
256 5 3
256 68 7
256 69 35
256 160 2
256 212 7
256 243 5
256 262 250
256 312 2
256 344 2
256 416 1593
256 512 60
256 522 904
256 616 6
256 705 2
256 764 2
256 772 9
256 904 2
256 963 6
257 156 5
257 272 2
257 544 2
257 912 2
257 920 2
257 945 2
258 24 3
258 34 4
258 36 2
258 138 2
258 265 2
258 673 6
258 810 2
258 880 2
259 100 2
259 165 84
259 226 4
259 268 4
259 327 2
259 532 4
260 131 5
260 256 39
260 295 2
260 522 2
260 545 177
260 678 2
261 67 10
261 72 108
261 356 2
261 672 5
261 995 2
262 193 45
262 256 2
262 1013 2
264 1 2
264 4 2
264 296 19
264 320 3
264 568 4
265 264 4
265 339 2
265 632 2
266 11 2
266 272 2
266 326 3
266 336 5
267 523 48
267 581 2
268 12 61
268 34 15
268 177 91
268 524 5
268 577 8
269 444 38
270 73 211
270 532 2
270 642 74
272 41 2
272 162 2
272 208 2
272 259 2
272 554 2
272 640 48
272 684 4
272 899 845
273 47 63
273 693 4891
273 809 2
273 903 2
274 98 11
274 334 133
275 4 9
275 16 2
275 116 14
275 133 2
275 401 9
275 485 2
275 512 2
276 288 2
276 392 3
276 394 3
276 538 20
276 628 8
276 661 15
277 27 2
277 128 39
277 385 20
280 36 2
280 82 2
280 600 2
281 101 19
282 576 4
282 717 140
282 787 9
283 35 2
284 835 2
285 104 2
286 12 17
286 624 3
286 832 4
287 448 2
287 802 8
288 47 29
288 50 5687
288 132 10
288 224 2
288 292 5
288 341 76
288 545 2
289 156 65
289 345 4
289 468 2
289 472 42
289 648 27
289 753 16
289 788 4
290 0 34
290 258 2
290 328 2
290 388 2
291 32 3
291 610 2
291 768 3
292 162 24
292 593 280
293 256 6
293 960 30
294 27 18
294 742 2
294 864 7
296 57 42
296 84 16
296 131 43
296 260 13
296 288 2
296 409 5
296 516 2
297 167 2
297 389 3
297 544 2
297 742 114
298 75 9
298 800 10
299 291 816
300 29 2
301 274 2
301 777 4467
303 292 2
304 6 15
304 8 9
304 42 2
304 106 4
304 212 2
304 258 2
305 11 2
305 34 2
305 163 2
305 576 2
306 36 2
306 550 2
306 918 9
308 21 5
308 583 6
308 640 3
308 692 2
308 832 296
308 848 2
309 77 61
309 774 2
310 936 14
314 109 9
314 376 75
314 518 2
315 739 2
316 452 3
318 532 8
318 914 10
320 29 47
320 468 11
320 641 2
320 720 13
321 4 2
321 262 11
321 337 165
321 768 13
321 834 12
321 1008 34
322 80 11
322 196 2
322 272 2
322 416 3
322 899 2
322 902 20
323 360 3
324 16 2
324 106 18
324 179 2
324 200 10
324 530 27
325 6 2
325 74 2
325 720 2
326 11 3
326 16 4
326 32 2
326 116 7
326 280 8
327 675 2
327 698 4
328 853 19
329 35 22
329 258 13
329 836 6
330 8 18
330 204 20
331 512 265
332 456 2
332 643 2
334 265 17
335 83 3
335 391 2
336 18 2
336 576 14
336 632 7
337 352 2
337 768 26
337 833 2
338 33 14
338 169 3
339 42 2
340 0 11
340 106 4
340 704 2
340 763 2
341 576 2
342 15 11
342 272 5
343 475 53
344 188 2
345 32 5
345 728 11
345 992 3
346 89 11
347 11 2
347 149 106
347 296 2
348 128 2
348 395 2
349 12 13
352 409 2
352 419 1331
352 514 2
352 680 13
352 794 3
352 860 2
353 138 2
353 389 9
353 684 4
354 30 34
354 288 11
354 836 2
354 969 6
355 634 2
357 433 16
357 641 2
358 3 2
358 168 2
360 514 5
360 555 2
360 732 6
360 784 3
360 810 19
361 266 22
361 316 2
362 34 397
363 162 5
363 424 6
364 740 55
366 657 3
368 49 2
368 738 9
368 925 2
371 112 6
371 705 63
371 772 95
372 352 2
376 193 2
379 333 27
380 339 2
381 531 2
382 562 116
384 5 9
384 6 15
384 156 3
384 168 2
384 312 2
384 332 22
384 423 9
384 481 2
384 571 12
384 597 2
384 841 2
384 962 2
385 2 6
385 75 2
385 213 34
385 513 4
385 563 2
386 64 3
386 73 2
386 158 24
386 160 3
386 206 2
386 275 2
386 681 12
386 846 2
386 849 11
386 912 2
387 147 2
387 545 30
387 1016 2
388 332 627
389 596 1235
390 566 15
391 461 8
391 800 7
392 38 15
392 336 2
392 553 6
392 674 27
393 461 2
393 577 3
394 80 2
394 211 2
395 4 2
395 647 3
396 6 7
396 454 2
396 536 5
396 546 2
396 777 2
396 915 2
396 960 17
397 305 3
397 518 2
398 943 65
399 9 8
400 10 3
400 144 8
400 712 10
401 16 3
401 58 2
401 284 12
401 673 4
402 68 2
402 80 34
402 769 59
403 98 2
404 209 2
404 298 2
405 160 64
406 928 3
408 66 990
408 405 20
409 66 2
409 417 9
409 888 2
411 20 2
412 6 5
414 932 45
416 292 3
416 531 2
417 577 10
418 16 2
419 62 3
419 844 2
420 114 14
420 424 61
420 538 2
421 400 15
422 736 7
423 384 7
423 651 3
424 481 2
425 261 7
425 776 9
426 644 2
427 580 4
428 32 16
428 194 79
428 620 2
428 880 2
430 8 9
430 68 2
430 203 2
433 24 2
433 197 4
433 398 6
434 734 14
436 597 16
436 641 2
437 2 2
441 21 3
442 146 2
442 691 5
444 769 3
448 92 2
448 655 6
449 321 547159
450 450 6
452 136 32
452 488 2
452 512 4
452 513 8
453 368 11
453 661 3
454 9 21
454 437 73
454 634 8
454 782 3
455 640 175
456 105 2
456 367 9
456 376 24
456 774 5
458 101 5
458 743 2
460 197 2
460 462 4
460 566 2
461 625 9
461 901 5
462 516 2
462 641 2
463 916 21
464 265 5
464 928 6
465 761 2
465 902 2
467 300 18
469 425 2
472 226 2
472 256 28
472 801 13
473 6 6
473 600 25
473 800 2
480 731 2
480 928 2
481 416 2
482 64 2
482 208 2
482 285 2
483 276 2
483 555 3
484 841 2
485 134 177
488 3 2
488 269 2
488 334 3
488 565 5
489 64 3
496 433 2
496 978 2
504 267 2
505 332 2
506 706 2
512 1 8
512 5 2
512 65 2
512 96 2
512 153 2177
512 420 10
512 438 22
512 453 49
512 482 7
512 514 2
512 685 2
512 936 14
513 5 62
513 42 3
513 47 137
513 65 6
513 100 2
513 112 5
513 304 26
513 340 7
513 548 2
513 644 2
514 11 46
514 401 10
514 452 2
514 522 4
514 572 2
515 93 4
515 157 116
515 273 5
515 598 2
516 33 3
516 69 2
516 357 2
516 442 6
516 582 6
516 605 2
516 785 4
517 0 212
517 3 2
517 8 6
517 34 397
517 132 4
517 177 2
517 233 1548525
517 525 2
517 534 4
517 768 85
518 0 214
518 41 2
518 66 4
519 517 8
519 944 41
520 296 2
520 328 2
520 436 12
520 785 18
520 812 2836
520 896 2
521 81 2
521 131 7
521 229 2
521 450 4
521 560 9
521 609 4
522 1 12
522 234 5
522 652 6
523 650 25
524 159 2
524 173 7
524 520 2
525 134 2
525 820 23
526 548 14
526 776 3
527 36 7
527 713 2
528 33 4
528 36 2
528 97 19
528 144 2
528 156 80
528 171 8
528 344 6
528 406 14
528 580 2
528 582 7
528 611 2
528 720 48
528 801 3827
529 16 171
529 260 2
529 423 17
529 517 173
529 520 5
529 737 26
529 836 3
530 20 2
530 86 338
530 132 129
530 278 2
530 325 10845
530 522 7
530 696 39
532 11 2
532 134 4
532 292 3
532 550 3
532 853 5
533 5 2
533 37 6
533 787 8
534 6 2
534 425 3
534 928 2
535 10 2
536 10 7
536 244 27
536 412 9
536 687 26
536 902 2
537 99 1017
537 138 25
537 257 2
537 478 3
540 481 8
541 344 7
541 793 87
544 6 2
544 21 2
544 24 12
544 151 16
544 160 2
544 401 2
544 416 10
544 429 5
544 536 2
544 542 8
544 551 53
544 597 4
544 718 2
545 209 28
545 520 10
545 914 80
546 2 7
546 4 9
546 263 15
546 650 8
546 758 2
546 900 2
547 265 4
547 427 2
548 141 2
548 169 7
548 512 7
548 577 22
548 586 123
549 68 27
549 146 2
549 530 7
549 647 2
550 36 2
550 649 318
550 800 2
551 4 11
551 40 2
551 89 11
552 136 19
552 656 276640
552 932 2
553 36 5
553 102 2
553 933 20
554 4 5
554 137 22
555 52 3
555 418 2
556 409 34
557 15 4
557 370 35
557 400 2
557 512 4713
557 557 2
557 770 5
557 938 2
559 557 7
560 18 2
560 96 3
560 104 2
560 168 2
560 354 2
561 10 2
561 444 2
561 521 15
561 786 212
561 993 7
562 162 7
562 977 5
562 992 24
563 20 4
563 410 16
564 28 2
564 656 144
564 659 2
566 4 2
566 44 10
566 132 16
567 793 2
569 385 3
569 522 11
571 100 2
571 457 29
572 36 25
572 64 3
572 257 2
573 797 4
573 886 2
574 18 6
574 533 30
574 696 14
576 4 3
576 5 3
576 19 3
576 133 2
576 172 2
576 193 3
576 325 2
576 371 2
576 525 7
576 547 6
576 607 2
577 72 3
577 222 2
577 236 78
577 292 8
577 401 2
577 577 2
577 661 2
577 997 20
578 26 2
578 96 46
578 136 7
578 554 2
578 572 2
579 80 15
579 621 10
579 789 2
580 64 11
580 507 2
580 528 2
581 645 5
582 633 2
584 432 2
584 833 2
585 64 5
585 208 7
585 217 2
585 354 2
586 64 4
586 658 2
587 608 7
588 784 2
589 389 2
590 276 2
590 300 300934
590 520 7
591 147 5
592 2 73
592 148 3
592 528 2
592 566 2
592 585 5
592 856 39
593 429 2
595 58 10
595 557 3
596 11 6
596 91 2234
596 154 6
596 385 20
597 387 2
599 569 10
600 562 8
600 575 7
601 335 6
601 431 884
602 480 14
604 913 2
604 1006 2
605 80 2
607 288 2
607 393 60
608 176 138
608 185 5
608 648 5
609 28 16687
609 210 100
609 225 2
609 768 2
610 24 2
611 125 58
612 170 3
612 534 2
613 840 4
614 265 19
614 936 192
616 450 2
616 806 16
617 374 2
617 908 6
618 70 2
618 1004 2
619 76 2
619 140 15
619 231 7
623 1000 10
624 579 7
625 261 2
625 530 23
626 104 47
626 114 92
626 528 314
627 3 56
627 418 11
627 769 2
629 446 111
629 528 8
631 24 2
632 18 3
635 546 6
637 73 2
638 161 67
640 4 3
640 6 26
640 16 5586
640 160 11
640 181 3
640 246 3
640 258 443
640 369 23
640 467 4
640 525 2
640 584 5
640 659 43
640 938 10
640 952 12
642 562 15
643 73 18
643 775 2
644 48 4
644 387 23
644 660 2
644 756 176
644 769 2
645 4 5
645 25 5715
645 548 75
645 963 2
646 388 2
648 76 35
648 98 35
648 210 4
648 301 2
648 369 2
648 512 14
648 769 20
649 4 21
649 48 9
650 108 8
650 216 11
650 953 2
651 290 320
652 257 3
654 129 2
654 565 72
655 761 6
656 3 2
656 259 2
656 278 2
656 370 11
657 79 3
657 201 76
658 26 20
658 226 8
658 640 2
660 36 2
660 52 4
660 69 20
660 85 2
660 648 206
661 244 4
661 608 2
662 374 2
664 16 2
664 781 7
665 260 76
666 66 13
668 163 3
668 464 39
668 749 2
672 1 4
672 64 182
672 129 4
672 514 2
672 608 18
673 656 2
674 259 45
674 288 95
674 401 6
675 257 512
675 470 2
676 52 4
677 121 2
677 641 11
678 237 3
679 556 2
680 20 6
680 105 23
680 540 6
681 6 6
681 33 4
682 14 59426
682 156 3
684 1008 6
686 426 31
688 385 4
689 80 3
690 110 25070
691 12 5
692 260 3
693 397 7
693 522 2
694 6 31
694 976 23
695 585 2
696 885 50
700 18 12
700 864 14
701 34 2
701 941 4
704 34 2
704 76 2
704 135 19
704 292 15
704 370 3
704 514 42
704 673 5
705 596 9
705 854 2
706 17 8
706 161 2
706 460 17
706 732 16
708 108 9
709 325 2
709 354 15
709 843 3
710 2 2
711 19 20
712 35 12
712 141 309
712 294 137
712 862 30
713 593 4
713 837 2
716 98 18
716 339 11
716 649 28
716 842 430
719 512 12
720 7 3
720 803 2
721 0 2
721 104 18
721 323 3
721 584 2
722 82 2
722 100 3
722 104 2
722 146 2
722 258 8
722 393 4
722 398 6
722 464 6
723 142 18
724 20 22
724 596 2
725 44 6
725 65 8
726 322 3
727 200 2
728 227 52
728 712 2
729 578 12
732 834 17
736 24 6
737 64 2
737 288 2
738 970 2
740 235 3
740 778 2
741 45 2
743 787 2
744 124 58
745 63 2
746 386 4
746 536 9
751 506 2
752 261 2
752 494 6
752 786 2
760 40 2
760 220 3
760 257 2
760 300 5
768 68 8
768 226 2
768 326 2
768 502 6517
768 666 21
768 738 15
769 34 98
769 350 4
770 67 2
770 256 2
770 515 10
770 663 6
771 793 2
771 800 2
772 0 7
772 32 2
772 130 2
773 1 2
774 936 4
775 48 26
775 921 3
776 101 3
776 155 2
776 586 2
776 697 7
777 6 7
777 84 2
777 200 2
777 318 2
777 539 6
777 554 2
777 608 8
777 641 2
778 330 27
778 389 2
778 707 2
780 14 3
780 16 2
780 193 2
780 552 8
780 707 68
780 901 2
781 222 2
782 226 2
782 405 15
784 1 2
784 514 2
784 549 2
784 569 2
784 604 6
784 634 2
784 841 28
785 45 2
785 257 4
786 142 5
786 521 10837
786 576 2
787 199 28
788 25 2
788 332 7
792 274 2
792 540 91
793 52 3965
793 498 5
793 628 2
795 422 8
800 9 851
800 73 4
800 97 2
800 824 11
801 34 18
801 312 23
801 592 53
802 660 6
802 769 16
804 0 2
804 104 2
804 337 5
805 387 26
805 781 2
806 43 4
806 232 2
806 326 2
806 480 2
808 526 379
808 777 2
808 937 4
810 17 3
810 394 13
810 416 129
814 161 7
814 264 10
814 523 40
814 905 2
816 18 1501
816 24 26
817 784 2
818 253 2
819 69 3
819 538 2
821 236 6
822 211 35
824 392 2
824 978 2
830 356 2
832 16 12
832 21 6
832 30 5
832 43 33
832 328 2
832 427 3
834 0 116
834 32 3
834 67 4
834 148 2891
834 912 9
835 264 7
835 392 25
835 583 3
836 388 2
836 485 2
838 785 34
839 21 8
840 96 4
840 106 46
840 545 9
840 800 2
841 370 51
842 132 4
842 200 4
843 939 2
845 624 2
848 90 2
848 188 113
848 313 3
849 792 12
849 1018 6
850 776 27
851 195 2
852 2 2
852 64 2
852 72 12
852 824 2
856 866 11
857 42 20
863 516 2
864 786 2
866 260 8
867 998 2
868 332 3
870 6 2
870 68 11
872 32 4
872 50 65
872 165 13
873 9 2
874 360 4058
875 164 352
878 258 2
880 611 3
882 42 2
882 591 20
882 778 5
884 802 2
885 601 7
894 392 2
895 603 31
896 868 44
897 39 48
897 115 2
897 523 5
897 1002 2
898 336 2
898 699 2
899 537 2
899 736 4
900 162 5
900 313 2
902 131 2
902 420 2
903 339 5
904 231 7
904 888 3
904 929 27
905 196 2
905 248 680
905 540 2
905 572 21
906 137 17
906 328 13
907 276 11
908 456 3
911 5 3
911 896 23
912 2 2
912 129 2
912 388 16
914 216 2
914 669 2
914 776 22
914 968 2
915 431 9
916 777 44
917 560 9
917 912 6
918 0 2
920 200 3
921 272 2
921 320 3
922 8 2
924 33 24
924 196 40
927 190 3
928 516 2
929 10 213
929 257 411
929 316 2
930 547 12
930 720 8
931 230 8
932 274 5
932 783 2
933 657 2
934 94 2
938 261 116
938 316 23
938 552 1402
940 512 34
941 771 993
944 756 2
945 456 115
946 205 2
947 568 2
948 9 5
952 37 2
953 905 2
956 846 9
958 844 4
960 358 10
961 131 5
961 291 26
961 481 2
963 130 2
966 29 6
966 192 971
966 197 11
966 555 79
968 51 21
968 352 2
968 360 2
969 313 3
969 769 8
970 180 774
971 566 6
975 205 2
976 321 2579
976 779 2
977 22 6
977 34 2
978 817 3
984 324 3
985 268 11
986 772 2
987 962 2
988 366 2
990 35 280
996 36 218
996 836 541
998 127 2
1001 286 143
1002 652 20
1002 912 2
1004 129 2
1011 36 38
1013 316 2
1018 358 8
1020 371 2
1021 643 2
