0 4 4
0 8 1496
0 9 24
0 17 18
0 18 7
0 29 3
0 47 4
0 112 14
0 135 2
0 150 2
0 156 2
0 256 2
0 265 3
0 274 3
0 321 2
0 352 2
0 415 7
0 552 7
0 618 6
0 646 2
0 674 8
0 843 15
0 917 2
0 936 2
1 15 30
1 30 4
1 37 2
1 135 5
1 357 8
1 481 2
1 535 3
1 644 2
1 768 6
1 825 721
1 920 2
2 0 20
2 8 2
2 48 31
2 132 5
2 167 2
2 260 2
2 267 2
2 328 16
2 523 231
2 826 2
3 24 47
3 277 9
3 530 2
3 652 3
3 817 11
4 0 2
4 4 2
4 15 5
4 24 2
4 50 2
4 60 7
4 64 7
4 248 2
4 284 3
4 293 3
4 517 3
4 683 13
4 803 33
4 808 3
5 18 149
5 216 9
5 584 256
5 887 5
6 3 2
6 148 18
6 212 2
6 259 2
6 267 7
6 268 2
6 512 148
6 798 8
6 1002 8
7 237 2
7 715 2
8 1 2
8 2 3
8 19 2
8 32 12
8 42 3
8 58 2
8 202 3
8 273 5
8 386 2
8 486 2
8 552 24
8 642 237
8 656 13
8 735 11
8 850 4
8 902 99
9 39 2
9 43 2
9 416 19
9 572 7
9 823 3
9 907 2
10 13 2
10 40 2
10 75 2
10 84 6
10 160 2
10 176 2
10 208 6
10 523 21
10 599 14
10 680 5
10 778 5
11 204 3
11 586 2
11 752 7
12 0 9
12 24 3769
12 116 2805
12 128 37
12 269 2
12 366 14
12 634 13
12 781 705
13 66 2
13 192 2858
13 224 441
13 780 3
14 152 281
14 210 9
14 321 2
14 376 3
14 616 2
15 352 2
15 485 136
16 9 56
16 24 2
16 64 7
16 132 9
16 148 2
16 198 2
16 516 40
16 643 5
16 806 4
17 129 3
17 258 40
18 51 6
18 215 6
18 290 2
18 641 36
18 645 2
19 7 9
19 24 2
19 657 6
19 709 2
20 10 2
20 28 3
20 36 15
20 176 9
20 323 29
20 786 7
21 308 4
22 24 2
22 97 23
22 133 2
22 281 11
22 331 2
22 565 2
23 328 57
23 770 3
23 886 22
24 9 170
24 533 3
24 781 41
24 786 3
24 848 3
24 944 1114
25 523 8
25 592 5
26 20 8
26 109 3
26 801 10
27 130 23
27 549 9
28 42 2
28 72 4
28 203 2
28 647 14
29 1 2
29 327 7
29 532 4
30 52 103
30 129 123
31 77 4
31 561 2
32 16 12
32 33 20
32 42 7
32 72 2
32 196 6
32 204 6
32 211 278
32 219 6
32 276 11
32 414 2
32 514 3
32 612 1145
32 641 2
32 721 2
32 759 4
32 803 7
32 848 477
33 2 23
33 3 13
33 31 755
33 64 2
33 276 2
33 320 2
33 544 2
33 785 2
33 898 14
33 945 22
34 292 2
34 324 2
34 561 2
34 663 6
34 720 2
35 65 6
35 266 6
35 689 93
36 12 8
36 34 6
36 48 20
36 257 52
36 266 5
36 288 2
36 320 2
36 555 2
36 705 2
36 858 15
37 2 18
37 13 2
37 364 7
37 594 48
37 640 3
37 673 7
38 180 2
38 204 9
39 3 12
39 48 2
39 520 17
39 982 6
40 20 5
40 39 12
40 65 3
40 256 6
40 512 23224
40 528 9
40 605 2
40 672 4
40 756 2
40 761 6
40 840 2
40 980 2
41 96 9
41 263 113
41 276 2
41 321 2
42 42 7
42 140 3868839
42 329 14
42 411 2
42 778 9
43 1 11
43 546 2
44 10 46
44 12 5
44 430 2
44 524 16
44 794 4
45 23 2
45 50 3
45 266 15
45 615 2
45 808 2
47 80 2
48 168 5
48 176 14
48 193 2
48 198 6
48 226 10
48 646 2
48 708 2
48 789 9
48 932 16
49 17 2
49 313 8
49 516 2
50 9 7
50 113 2
51 70 2
51 377 4
52 46 11
52 188 2
52 256 33
52 390 10
53 146 2
54 718 2
56 89 144
56 267 3
56 472 5
56 544 2
56 560 9
57 5 2
57 33 2
57 128 20
58 113 4
58 470 2
59 58 3
59 292 16
59 453 2
59 583 84
60 3 35
60 5 19
60 33 11
60 948 4
61 644 2
61 648 638
62 521 2
62 612 2
64 1 7
64 26 2
64 192 2
64 197 468
64 203 2
64 272 4
64 465 4
64 686 18
64 756 2
64 771 7
64 780 2
64 790 6
65 25 2
65 61 71
65 96 2
65 104 2
65 118 3
65 241 5
65 274 3
65 515 5
65 571 27
65 614 2
66 140 2
66 545 2
67 2 2
67 16 15
67 20 3
67 37 2
67 73 2
67 453 61
67 482 3
67 840 2
68 153 17
68 192 2
68 226 36
68 322 2
68 576 11
69 138 9
69 466 2
69 529 8
69 572 2
70 109 2
70 212 2
70 431 2
70 642 11
70 646 2
70 648 2
70 672 15
71 264 8
71 409 7
71 700 2
72 37 2
72 65 4
72 280 4
72 437 2
72 533 6
73 39 1010
73 640 2
73 870 3
73 999 5
74 512 2
74 548 1231
75 259 2
75 576 2
76 76 2
76 133 26
76 262 4
77 256 5
77 267 5
77 450 2
77 456 6
78 288 92
78 517 3
78 784 29
78 919 38
79 165 2
80 0 6
80 51 8
80 82 5
80 132 3
80 528 2
80 677 21
80 920 3
81 807 2
81 852 3
82 280 2
82 283 6
83 115 20
83 124 2
83 304 12
83 617 2
83 784 2
84 64 9
84 74 33
84 216 3
84 490 4
85 31 2
86 234 2
86 524 6
87 353 11
87 462 44
87 512 81
87 515 1246
88 330 2
88 782 7263
89 2 2
89 4 2
90 20 3
90 274 5
90 843 6
90 977 2
90 988 27
91 154 16
91 652 3
91 951 17
92 38 16
92 91 6
93 134 3
93 669 87
94 869 22
94 954 2
95 20 8
96 32 4
96 148 2
96 208 17
96 220 6
96 276 3
96 304 4
96 321 6
96 356 5
97 48 3
97 144 20
97 167 2
97 195 43
97 286 5
97 473 10
98 14 5
98 352 3
98 401 10
98 671 3
98 928 2
99 117 2
99 134 2
99 249 30
100 128 5
100 294 4
100 752 3
100 768 2
101 70 2
101 124 4
101 161 7
101 169 3
101 392 11
101 599 5
102 6 134
102 78 2
102 166 22
102 264 2
103 704 2
104 26 25
104 28 6
104 48 29
104 64 8
104 132 6010
104 313 6
104 512 2
104 673 11
105 3 18
105 296 3
105 779 17
106 516 7
106 652 5
107 3 4
107 129 2
108 514 4
108 825 29
109 707 2
111 12 887
112 0 4
112 1 3
112 3 2
112 28 1984
112 84 2
112 107 30
112 165 11
112 776 8
114 68 8
114 416 14
114 452 27
114 497 2
114 872 2
116 33 5
117 106 2
119 446 2
119 836 2
120 0 2
120 76 5
122 185 2
122 294 3
123 600 37
124 304 2
124 348 2
125 268 2
128 1 11
128 10 2
128 58 3
128 134 53
128 208 6
128 320 2
128 362 5
128 375 2
128 453 2
128 628 2
128 770 10
128 806 2
129 0 12
129 10 2
129 37 2
129 88 2
129 163 814
129 584 2
129 707 7
130 78 9
130 272 3
130 273 3
130 368 6
130 520 17
130 528 7
130 532 5
130 540 2
130 675 2
130 772 2
130 980 2
131 581 4
132 6 19
132 94 2
132 137 2
132 372 2
132 516 5
132 713 34
132 916 9
132 957 2
133 23 2
133 138 2
133 614 2
134 67 2
134 224 238
134 377 24
134 390 4
134 516 4
134 768 2
135 544 406
136 21 11
136 39 2
136 160 6
136 482 6
136 610 4
136 684 8
136 831 9
137 148 2
137 256 5
137 259 10
137 325 8
137 678 2
137 778 5
138 266 5
138 415 2
138 590 2
138 902 2
139 426 7
139 865 3
140 72 2
140 135 2
140 464 8
140 776 4
141 2 2
141 521 43
141 954 13
143 116 2
143 187 2
143 286 2
143 642 91
144 18 9
144 68 19
144 248 2
144 257 4
144 418 25
144 800 15
145 1 2
145 2 2
145 94 2
145 184 2
145 216 2
145 273 267
145 392 2
145 513 2
145 576 2
146 69 2
146 146 2
146 396 2
146 910 70
147 513 2
147 522 3
148 24 24
148 130 6
148 139 3
148 146 2
148 464 8
148 515 2
148 912 6
149 20 30
150 141 6
150 160 2
151 132 16
151 207 11
151 250 9
153 26 5
153 151 25
153 171 12
153 592 2
153 598 3094433
153 833 29
153 961 24
156 54 2
156 521 6
156 814 8
157 404 10
158 104 9
160 34 4
160 81 5
160 144 6
160 452 548
160 644 4
160 801 2
161 21 2
161 40 8
161 326 2
161 376 3
161 524 8
161 576 5
161 717 2
161 898 9
162 160 5
162 306 2
162 517 7
163 361 4
163 601 14
164 34 2
164 38 2
164 217 2
164 329 5
164 481 7
164 646 2
165 141 17
165 397 2
166 686 3
167 104 4
167 289 88
167 384 10
167 456 3
167 712 12
168 8 2
168 67 16
168 68 12
168 98 2
169 72 6
169 351 5
169 514 14
171 144 3
171 810 5
172 8 136
172 32 44
172 569 2
172 664 3
173 261 7
174 493 2
174 582 11
175 863 10
176 32 2
176 137 2
176 273 2
176 916 3
176 932 6
177 128 64
177 280 2
177 611 31
177 744 4
178 100 2
178 144 2
178 580 2018
178 797 4
179 429 8
180 19 4
180 152 2
180 600 2
180 973 2
181 97 24
181 768 2
181 964 637
182 300 2
182 672 2
182 728 228
184 141 10
184 161 2
184 664 22
185 5 10
185 42 2
185 391 2
186 272 2
186 582 3
188 199 7
192 43 2
192 52 2
192 72 11365
192 177 36
192 388 3
192 392 16
192 524 3227
192 536 2
192 713 11
192 898 8
192 904 2
192 999 2
193 8 14
193 28 2
193 120 14
193 131 14
193 162 12
193 375 2
193 422 2
193 718 6
193 775 12
194 321 2
194 592 2
194 677 2
196 81 48
196 286 2
196 377 2
197 61 14
197 100 3
197 297 2
197 611 2
197 769 2
198 3 2
198 196 97
198 812 13
200 146 2
200 924 2
201 140 2
202 11 12
203 654 12
204 6 5
204 520 11
206 80 32
208 14 8
208 534 2
209 55 2
209 513 18
209 564 2
210 1 20
210 882 2
211 4 2
212 69 30
212 262 4
212 285 4
212 673 2
213 64 6
214 369 2
214 585 140
216 138 2
216 792 2
217 923 5
219 389 2
220 176 2
222 532 2
225 257 2
225 316 438
225 948 27
226 157 204
227 336 4
227 592 8
227 838 10
230 9 2
231 290 2
232 5 16
232 65 2
232 80 3
232 480 72
233 212 2
233 912 2
234 848 2
235 281 2
235 645 8
237 91 2
238 620 3
238 642 11
239 370 2
239 560 2
240 18 5
240 66 2
240 914 11
241 206 13
242 156 2
244 33 9
244 356 2
245 705 7
246 64 301
247 626 2
248 0 2
248 290 2
256 1 3
256 5 7
256 68 103
256 69 221
256 160 44
256 243 5
256 262 15
256 312 2
256 512 2
256 522 2
256 616 5
256 705 4
256 764 289
256 772 21
256 904 3
256 992 2
257 0 18
257 156 11
257 268 2
257 272 656
257 544 2
257 680 2
257 806 27
257 912 4
257 945 6
258 24 130
258 34 29
258 36 30
258 138 3
258 673 2
258 810 104
258 880 3
259 226 25
259 327 3
259 532 4
260 256 3
260 295 15
260 522 4
260 545 2
260 678 16
261 72 2
261 356 2
261 672 2
261 995 14
262 32 3
262 134 2
262 193 8
262 256 2
262 906 3
262 1013 6
264 1 2
264 4 15
264 320 12
265 632 2
266 11 2
266 56 33
266 272 10
266 336 158
268 12 23
268 177 2
268 524 2
268 577 4
269 444 7
269 640 2
270 532 2
270 642 2
272 162 14
272 208 2
272 225 2
272 234 26
272 259 11
272 378 2
272 520 2
272 640 233
272 684 12
272 899 2
273 693 6
273 809 2
273 903 22
274 98 2
274 334 43
275 4 2
275 16 941
275 116 2
275 485 14
275 512 2
276 288 2
276 392 11
276 538 9
276 628 2
276 661 36
277 8 2
277 27 2
277 128 2
278 258 35
279 18 49
279 901 20
280 82 2
280 600 21
280 674 2
281 101 2
282 136 57
282 576 2
282 717 2
285 104 13
286 12 4
286 624 2
286 832 2
287 448 2
287 802 972
288 47 2
288 50 38
288 132 2
288 224 110
288 292 2
288 341 2
288 545 2
289 36 2
289 60 4
289 156 5
289 468 5
289 472 19
289 753 4
289 788 2
290 0 6
290 258 44
290 328 5
290 388 2
291 32 4
291 610 45
291 768 4
291 967 2
292 7 2
292 19 10
292 134 3
292 162 11
292 524 5
293 256 2
293 960 2
294 742 1310
294 864 7
296 57 2
296 131 31
296 231 2
296 260 10232
296 288 3
296 336 6
296 409 2
296 516 2
297 167 5
297 325 27
297 389 2
297 742 2
298 75 9
298 800 5
299 78 2
299 291 6
300 140 40887
301 274 17
303 292 278
304 6 4
304 8 6
304 42 2
304 63 2
304 106 5
304 212 6
304 258 41
304 292 29
305 11 66
305 34 2
305 576 32
306 36 36
306 918 51
307 514 2
308 583 40
308 640 5
308 692 15
308 832 4
308 848 2
309 77 2
310 44 11
310 936 2
312 514 6
314 109 2
314 156 27
314 376 2
314 518 2
315 739 2
316 452 2
318 532 4
318 914 13
320 29 2
320 407 18
320 428 4
320 468 17
320 641 27
320 720 3
321 4 2
321 262 8
321 337 2
321 768 4
321 1008 2
322 0 16
322 80 2
322 196 2
322 902 10
323 515 2
324 16 2
324 106 3
324 167 4
324 179 4
324 200 5
324 513 3
324 530 2
325 6 17
325 74 2
325 145 2
325 614 8
325 720 54
326 11 2
326 16 33
326 32 2
326 116 5
327 675 3
327 698 114
328 45 8
328 853 5
329 35 2
329 258 3
329 836 5
330 8 2
330 204 2
331 512 2
332 456 11
332 643 2
334 265 2
334 288 2
335 83 2
335 391 13
336 18 53
336 100 52
336 576 21
336 632 2
337 352 18
337 833 4
338 33 2
338 160 15
338 169 2
339 42 2
340 0 38
340 106 9
340 704 2
340 763 16
341 576 2
342 15 102
342 272 2
342 536 26
343 475 4
344 188 5
344 676 29
345 32 24
345 728 11
345 992 3
346 11 29
346 89 2
347 11 19
347 149 591
347 313 2
348 395 2
349 12 48
352 419 3
352 514 2
352 680 13
352 794 2
352 860 2
353 389 2
353 684 2
354 25 144
354 30 20
354 288 5
354 969 2
355 134 2
355 634 2
356 800 12
357 641 9
358 3 6
358 168 2
358 197 5
360 514 2
360 555 2
360 732 34
360 810 125908
361 266 2
361 316 2
362 34 2
363 162 7
363 424 2
364 740 16
366 657 58
368 49 33
368 738 2
368 925 2
371 112 2
371 705 7
371 772 16
372 352 274
375 77 7
376 193 4
379 333 2
380 339 2
381 531 2
384 5 2
384 6 2
384 156 6
384 168 72
384 332 5
384 457 2
384 481 651
384 531 2
384 571 654
384 597 2
384 692 2
384 841 3
385 2 2
385 213 8
385 214 24
385 513 5
385 563 3
386 64 2
386 73 11
386 158 2
386 160 27
386 275 3
386 846 16
386 912 2
387 147 2
387 297 2
387 545 42
387 1016 11
388 332 2
389 596 79
391 8 17
392 336 6
392 553 20
392 674 29
393 577 3
394 80 17
394 211 4
394 590 2
395 4 7
395 558 3
395 647 402
396 6 2
396 454 5
396 536 2
396 546 45921
396 777 2
396 915 9
396 960 14
397 132 3
397 305 2
397 518 203
398 943 4
399 9 2
400 10 20
400 21 41
400 144 3
400 712 40
401 16 3
401 58 216
401 277 2
401 673 12
401 932 6
402 80 5
402 769 3
403 20 2
404 209 75298
405 160 9
406 677 128
406 928 1065
407 591 2
408 66 2
408 405 2
408 576 28
409 66 2
409 417 24
409 888 2
410 520 3
411 20 116
412 6 11
413 640 10
416 52 10
416 279 2
416 292 2
416 531 2
416 832 28
417 577 2
418 16 13
419 7 1455
419 62 2
419 844 17
420 32 14
420 114 2
420 288 4
420 538 2
420 545 2
421 400 2
423 384 2
423 651 2
425 161 2
425 261 8
425 776 4
426 644 2
427 580 5
428 32 818
428 194 4
428 620 6
428 880 11
430 68 10
430 203 2
433 24 5
433 197 4
434 734 2
436 597 2
437 2 2
442 146 2
442 691 2
444 769 20
444 801 4
448 92 43
448 513 3
448 655 3
452 48 2
452 136 12
452 205 12
452 488 15
452 512 680
452 513 7
453 368 6
453 661 8
454 9 24
454 437 19
454 634 12
455 640 2
456 105 10
456 376 2
456 774 15
457 906 136
458 101 871
458 743 4
460 197 3
460 566 2
462 516 2
462 641 11
463 916 3
464 265 25
464 928 19
465 531 2
465 761 3
467 211 2
467 300 8
469 425 2
472 226 2
472 256 2
472 801 4
473 6 2
473 800 20
480 0 40168
480 665 60
480 928 6
481 288 2
482 64 7
482 208 2
482 285 14
483 276 2
485 134 48
488 3 2
488 565 2
489 64 2
491 112 2
496 433 3
496 978 67
501 519 6
504 267 2
505 332 2
506 706 5
512 1 2
512 5 7
512 65 8
512 96 8
512 153 11
512 173 2
512 266 2
512 420 4
512 438 3
512 453 2
512 482 27
512 514 2
512 522 2
512 685 4
512 936 2
513 5 2
513 47 3
513 65 11
513 112 2
513 304 11
513 315 23
513 340 2
513 548 5
513 640 4
514 11 2
514 36 2
514 160 128
514 401 6
514 452 24
514 522 5
514 572 7
514 780 2
515 93 7
515 157 2
515 273 2
516 33 4
516 72 2
516 169 2
516 357 2
516 385 3
516 442 3
516 555 23
516 582 6
516 605 2
516 779 18
516 785 8
517 0 165
517 8 6
517 34 3
517 177 13
517 281 3
517 525 5
517 672 10
517 676 6
517 768 10
518 0 2
518 41 2
518 66 3
519 517 5
519 944 4
519 967 3
520 9 2
520 94 8
520 164 2
520 296 18
520 328 5
520 436 2
520 785 2
520 812 30
520 896 7
521 81 8
521 229 3
521 546 3
521 554 2
521 560 2
521 609 2
522 121 11
522 234 2
522 549 4
522 652 2
523 650 1724
524 173 2
524 520 2
525 134 2
525 820 2
526 548 2
526 776 8
527 36 2
527 713 2
528 10 5
528 33 3
528 36 11
528 97 6
528 144 3
528 156 2
528 344 434
528 406 3
528 512 726
528 580 22050
528 582 9
528 720 6
528 801 2
529 16 2
529 260 194
529 423 7
529 517 5
529 520 2
529 836 3
530 86 39
530 132 2
530 325 2
530 696 34
532 134 2
532 292 2
532 550 2
532 853 11
533 5 40
533 37 3
533 787 2
534 425 10
534 786 6
534 928 58
535 10 9
536 10 5
536 412 23
536 687 2
536 902 2
537 99 2
537 138 8
537 257 2
537 478 8
538 74 14
538 84 5
538 820 3
540 256 2
540 481 2
541 344 3
541 793 75
544 6 132
544 21 5
544 24 4
544 151 2
544 160 12
544 401 2
544 416 2
544 536 2
544 542 14
544 597 15
544 718 2
545 209 2
545 226 6
545 914 6459228
546 2 2
546 4 5
546 263 2
546 612 4
546 650 2
546 758 4
546 900 8
547 265 2
547 427 2
547 577 4
548 141 6
548 169 3
548 577 2
548 586 24
549 68 16
549 97 2
549 288 6
549 530 13
549 647 9
550 649 4
550 800 2
551 40 13
551 89 4
552 136 2
552 656 3
552 932 3
553 102 4
553 933 5
555 52 50
556 409 2
557 6 2
557 370 2
557 400 21
557 557 2
557 770 7
557 938 28
559 557 5
560 18 9
560 32 17
560 168 20
560 354 4
561 10 54
561 444 37
561 521 2
561 786 2
562 977 2
562 992 3
563 20 5
563 410 5
564 659 409
565 105 2
566 4 2
566 132 15
567 793 2
569 385 6
569 522 16
571 100 6
571 457 4
572 36 2
572 64 12
572 257 3
572 370 2
572 777 2
573 797 3
573 886 2
574 18 3
576 4 2
576 5 3
576 19 7
576 48 2
576 76 2
576 133 8
576 172 10
576 193 5
576 371 2
576 547 3
576 607 7
577 72 2
577 236 2
577 401 10
577 661 6
577 997 18
578 26 4
578 96 2
578 120 2
578 136 2
578 554 4
578 572 2
578 575 13
579 136 5
579 621 15
579 789 68
580 64 2
580 507 2
580 598 3
581 645 38
582 633 9
583 129 8
585 64 2
585 208 216
585 354 4
586 64 4
586 530 2
586 658 2
588 784 3
589 389 2
590 276 2
590 300 14
590 520 6
590 788 71
591 147 2
592 4 10
592 148 5
592 322 2
592 528 6
592 585 191
593 429 33
595 58 3
595 557 2
596 33 51
596 91 107
596 385 2
597 387 2
599 176 2
599 569 2
600 562 2
600 575 2
601 335 10
601 431 17
602 480 9
604 913 2
605 80 2
606 281 2
606 807 5
607 288 2
607 393 4
608 176 16
608 522 10
608 648 2
609 28 392
609 210 3
609 225 8
609 526 9
610 24 11
611 125 77
612 170 9
612 534 2
613 840 25
614 265 5
614 936 21
616 81 540
616 450 89
616 806 2
617 374 2
617 908 4
618 70 31
619 76 2
619 231 15
621 293 2
623 1000 2
624 579 27
625 5 7
625 261 2
625 530 3618
626 104 10
626 528 53
627 418 16
627 769 22
627 977 2
629 446 33
629 528 16
631 24 2
632 18 19
633 812 2
637 73 2
638 161 9939
640 4 19
640 6 4
640 160 2
640 181 17
640 258 9
640 369 6
640 421 2
640 467 2
640 525 3
640 584 4
640 659 27
640 732 3
640 952 18
641 192 22
642 512 2
642 562 22
642 724 2
643 775 2
644 660 4
644 756 8
644 769 13
645 4 17
645 25 117
645 548 10
645 963 730
646 289 2
646 388 2
648 76 2
648 98 5
648 210 2
648 301 6
648 369 2
648 512 6
648 694 221
648 769 3
649 4 7
649 48 5
650 108 2
650 953 74
651 290 2
652 594 16
655 384 7
655 761 2
656 3 1636
656 259 11
656 278 2
656 370 7
657 79 14
657 201 66
658 10 4
658 26 2
658 226 2
658 640 11
660 36 4
660 52 32
660 69 25
660 85 37
661 244 2
661 608 2
662 374 14
664 16 24
664 205 10
664 539 241
664 781 2
665 260 2
666 66 3
667 587 8
668 464 3
668 749 2
670 515 3
672 1 2
672 129 2
672 514 2
672 608 2
672 717 2
673 656 2
674 259 2
674 288 18
674 401 5
674 672 9
675 257 2
675 470 2
676 52 5
677 121 2
677 641 22
678 237 5
679 556 23
680 20 5
680 39 9
680 450 2
680 540 2
681 33 3
682 156 2
683 278 5
684 1008 25
686 426 367
686 593 3
688 385 7
689 80 2574
690 110 2
691 12 36388
692 260 291
692 914 3
693 397 2
693 522 2
694 6 3
694 768 49
694 976 3
695 517 7
695 585 7
696 885 2
697 710 2
700 18 4
700 229 2
700 864 11
701 34 5
701 941 9
704 34 2
704 135 2
704 292 4
704 370 4
704 514 35
704 673 7
705 596 2
705 854 2
706 17 3
706 161 2
708 108 43
709 325 165
709 354 2
709 644 8
709 843 2
710 2 9
711 19 2
712 35 12
712 141 6
712 283 6
712 862 2
713 837 7
716 98 9
716 339 23
716 649 11
719 512 2
720 7 2
720 144 4
720 803 26
721 0 2
721 170 8
721 323 4
721 584 123
722 82 2
722 100 10
722 104 9
722 146 4
722 258 2
722 393 2
722 398 4
722 464 5
723 142 2
724 20 2
725 44 9
725 65 36
726 322 71
727 200 8
728 227 1339
728 350 11
728 712 491
729 578 7
730 332 4
736 24 2
737 25 6
737 64 3
737 288 2
737 610 2
738 970 2
740 235 2
740 778 12
741 45 183
741 260 2
742 97 1175
743 787 2
744 124 2
745 63 2
746 536 7
752 261 5
752 494 265
752 786 2
754 32 2
759 130 15
760 40 17
760 220 11
760 257 3
760 300 2
763 668 2
768 68 2
768 226 2
768 502 3
768 608 20
768 666 4
768 736 8
768 738 2
769 34 20
769 350 2
769 773 8
770 67 2
770 211 8
770 515 9
771 128 37
771 793 7
771 800 7
772 32 53
772 130 5
773 1 2
774 8 2
774 936 2
775 48 11
776 101 26
776 586 3
776 697 3
777 6 2
777 84 67
777 318 2
777 539 2
777 554 2
777 608 22
777 641 222
778 707 5
780 14 785
780 16 4
780 193 7
780 552 14
780 707 2
780 901 6
781 222 2
781 496 5
782 226 2
782 405 6
784 1 13
784 514 2
784 549 2
784 569 2
784 604 2
784 634 2
784 841 6
785 45 2
786 142 5
786 521 10
786 576 12
786 914 6
787 199 3
788 25 2
788 332 11
792 16 2
792 540 476
792 594 2
793 52 2
793 498 3
793 628 128
795 422 3
795 661 3
798 776 2
800 9 5
800 45 5
800 73 2
800 97 6
800 133 4
800 824 2
801 34 2
801 312 2
801 592 2
801 642 10
802 660 2
802 769 8
804 0 3
804 337 5
804 779 30
805 387 3
805 781 2
806 43 3
806 134 3
806 232 3
806 326 7
808 302 8
808 526 2
808 777 3
808 937 3
808 945 22
810 17 541
810 416 5
812 778 1057
814 264 2
814 523 4
814 905 18
816 18 58
816 24 3
817 784 4
818 253 2
819 69 2
819 538 170
821 236 9
824 609 3
824 978 24
828 592 9
830 356 9
832 30 2
832 43 8
832 281 2
832 304 22
832 328 18
832 427 6
832 518 2
833 999 7
834 32 3
834 148 15
834 912 8
836 86 3
836 388 4
836 485 2
838 785 10
839 21 2
840 96 5
840 545 2
840 800 7
841 32 280
841 370 609
842 132 15
842 200 2
844 584 2
845 624 2
848 90 138
848 188 15
848 313 28
848 899 4
849 792 11
849 1018 56
851 195 6
852 2 5
852 64 21
852 72 2
852 824 2
854 681 2
856 256 2
856 866 2
857 42 2
862 130 159
863 516 2
864 23 2
866 260 2
867 998 2
868 332 2
870 6 3
870 68 2
871 264 4
872 32 2
872 50 227
872 165 3
873 9 29
874 360 3
875 164 2
878 258 10
880 611 10
882 42 2
884 802 2
885 601 2
894 392 4
895 603 3
896 330 2
896 868 2
897 39 5
897 115 13
897 1002 2
898 699 2
899 537 3
899 736 2
900 4 11
900 162 2
900 313 9
902 131 2
902 420 12
904 112 39
904 231 17
904 552 4
904 888 4
904 929 10
905 12 74
905 196 4
905 248 16
905 540 2
905 572 2
906 137 2
906 194 4
906 210 14
907 276 2
908 456 12
910 614 6
911 5 6
911 896 11
912 2 2
912 85 2
912 129 29
912 388 6
914 216 2
914 669 11
914 968 55
915 431 7
916 742 31
916 777 2
917 560 2
917 912 38
918 0 3
920 200 2
921 272 2
921 320 2
922 784 7
924 33 2
927 190 3
928 64 9
928 384 3
928 516 37
928 518 4
929 10 2
929 257 4
929 316 2
930 547 6
930 720 2
931 230 4
931 657 2
932 274 4
932 783 2
933 657 2
934 94 20
938 261 252
938 552 2
940 512 6
941 771 35
944 165 130
944 756 5
945 456 2
946 205 9
947 568 229275
948 9 21
952 37 3
953 905 4
954 22 5
956 846 4
960 358 3
961 131 2
961 291 20
961 472 2
961 481 933
963 130 19
965 937 8
966 29 16
966 192 6
966 197 2
966 555 2
968 51 2
968 352 3
969 313 193
969 769 2
970 180 5
971 566 2
975 205 2
976 779 2
977 22 425
977 549 2
984 324 2
984 483 3
986 772 19
987 962 404
988 366 11
990 35 20
996 836 2
998 179 9
1000 260 2
1001 286 14
1002 652 3
1002 912 2
1004 129 5
1011 36 10
1013 316 2
1018 358 2
1020 371 2
1021 643 4
