0 4 2
0 9 2
0 29 2
0 47 2
0 112 3
0 135 5
0 166 21
0 215 4
0 259 854
0 265 3
0 274 6
0 321 2
0 352 2
0 415 2
0 618 2
0 646 2
0 670 9
0 674 4
0 679 2
0 704 2
0 843 2
0 917 11
0 936 5
1 7 2
1 15 5
1 30 2
1 37 2
1 70 192
1 82 2
1 135 127
1 228 6
1 481 6
1 565 2
1 644 153
1 705 14
1 768 135
1 825 4
1 920 2
2 0 4
2 3 4
2 8 14
2 48 2
2 132 11
2 260 8
2 267 10
2 328 5
2 523 2
2 826 5
3 24 49
3 272 2
3 277 4
3 530 8
3 652 8
3 817 9
4 0 2
4 4 2
4 24 2
4 60 5
4 293 2
4 576 6
4 683 11
4 774 3
4 808 2
5 18 3
5 216 4
5 887 2
6 3 2
6 148 67
6 259 16
6 267 2
6 466 9
6 512 2
6 798 447
6 1002 76
7 81 6
7 110 2
7 715 19
8 1 10
8 2 1494
8 19 9
8 32 2
8 42 3
8 58 3
8 202 4
8 272 4
8 273 45
8 386 14
8 393 10
8 486 39
8 552 2
8 642 3
8 735 16701
8 902 2
9 43 3
9 274 57
9 416 22
9 526 2
9 572 2
9 823 1855
9 907 8
10 13 3
10 40 2
10 75 2
10 160 5633
10 176 35
10 518 2638
10 523 2
10 584 6
10 599 2
10 680 14
10 778 2
11 779 4
12 0 2
12 55 46
12 65 38
12 366 16
12 634 9
12 781 2
13 66 7
13 192 7
13 224 10
13 320 2
14 127 2
14 152 4
14 210 2
14 321 2
14 376 4
14 584 5
14 616 45
15 352 2
15 485 4
15 659 59
15 854 2
16 9 9
16 24 2
16 64 3
16 96 6
16 516 2
16 643 2
16 806 2
17 48 2
17 129 6
17 258 121
18 51 2
18 203 11
18 215 2
18 290 8
18 641 8
18 645 16
19 7 3
20 1 4
20 10 14
20 28 4
20 36 2
20 194 13
20 323 30
20 786 3
21 258 3
21 308 14
22 24 35
22 97 2
22 133 16
22 281 3
22 320 2
22 565 2
23 886 3
24 9 9
24 781 2
24 786 2
24 848 3
24 944 3
25 523 26
25 592 2
26 20 16
26 22 21
26 109 24
27 210 390
27 547 2
27 549 6
28 42 19
28 72 12
28 146 2
28 203 22
28 624 2
28 647 8
29 1 2
29 5 5
29 327 2
29 532 38
29 809 4
30 21 3
30 52 2
30 588 2
31 77 33
31 561 7
32 42 6
32 211 2
32 219 2
32 276 15
32 388 10
32 414 2
32 514 2
32 612 45
32 641 114
32 721 15105
32 759 2
32 803 2
32 848 4
33 2 2
33 3 2
33 26 2
33 31 6
33 64 4
33 277 4
33 320 2
33 945 11
34 292 1923
34 324 2
34 561 16
34 663 2
34 720 16
34 800 2
35 65 10
35 551 3
35 689 11
36 12 8
36 34 2
36 48 3
36 257 10
36 320 2
36 555 2
36 858 2
37 2 11
37 364 3
37 520 2
37 640 24
37 673 3
38 1 2
38 180 10
38 204 2
39 3 3
39 520 58
39 982 4
40 9 2
40 20 2
40 39 4
40 65 13
40 512 22
40 605 2
40 645 2
40 672 16
40 756 2
40 761 2
40 840 30
40 980 2
41 96 670
41 263 601
41 276 3
41 321 2
41 513 5
41 987 8
42 140 2
42 411 2
42 839 27
43 1 3
43 546 2
44 10 214080
44 12 76
44 47 2
44 430 2
44 524 2
44 794 2
45 50 9
45 266 3
45 615 2
45 808 8
45 844 3
46 57 2
47 80 11
47 1022 3
48 67 2
48 168 5
48 176 2
48 193 2
48 198 11262
48 226 2
48 646 2
48 789 5
48 932 4
49 4 2
49 310 2
49 516 7
50 9 2
50 113 5
50 528 2
51 70 15
51 377 2
51 516 21
52 46 29
52 256 62
52 285 99
52 390 5
52 899 2
53 146 2
53 245 2
54 112 4
54 718 486
55 278 2
56 89 4
56 472 85
57 5 38
57 33 60
57 128 12
57 448 16
58 470 23
59 58 8
59 292 452
59 453 2
60 3 2
60 5 954
60 33 12
60 112 90
60 948 8
61 644 2
62 521 2
62 612 100808551
64 1 73
64 26 4
64 41 2
64 194 28
64 197 48
64 203 7
64 272 2
64 370 3
64 481 6
64 514 30
64 686 2
64 771 3
64 780 11
64 790 7
65 25 3
65 61 12
65 96 2
65 104 9
65 218 2
65 241 14
65 274 18
65 421 23
65 515 2
65 571 8
65 614 2
66 140 2
66 545 2
67 16 11
67 20 3
67 37 2
67 73 2
67 453 3
67 482 2
67 840 2
68 192 3
68 226 62
68 284 54
68 322 2
69 138 2
69 276 17
69 529 2
69 572 6
69 768 10
70 109 2
70 212 3
70 431 2
70 608 24
70 642 19
70 646 2
70 648 4
70 672 70
71 409 2
72 8 4
72 65 3
72 280 11
72 533 3
72 961 2
73 640 3
73 870 3
73 999 9
74 512 16
74 548 27
74 600 6
74 768 2
74 1012 619
75 259 7
75 576 11
76 76 2
76 84 2
76 133 25
76 262 4
76 586 29
76 855 2
77 267 3
77 450 3
77 456 11
78 288 2
78 517 3
78 784 2
78 919 4
79 165 4
80 0 528
80 51 4
80 82 10
80 132 3
80 211 2
80 677 10
80 920 31
81 807 10
81 852 5
82 280 8
82 283 2
83 115 7
83 124 39
83 304 2
83 617 2
83 784 2
84 64 2
84 74 9152
84 216 6
84 490 8
85 31 2
85 65 5
86 234 7
86 524 285
87 353 8
87 462 2
87 512 37
87 515 4
88 330 2
88 782 2
89 2 2
89 4 13
89 76 2
90 20 4
90 274 2
90 843 2
90 977 2
90 988 2
91 154 3
91 652 4
91 951 30
92 91 2
93 134 2
93 669 7
94 869 14
94 954 11
95 20 2
95 34 2
96 32 2
96 80 3
96 103 10
96 148 2
96 208 5
96 220 7
96 276 2
96 304 2
96 321 8
96 356 2
96 547 72
96 776 12
96 820 2
97 48 3
97 195 6
97 286 8
97 473 7
97 525 9
98 14 19
98 352 1358
98 401 2
98 671 466
98 928 2
99 117 2
99 134 503
99 249 18
100 128 6
100 294 4
100 768 15
100 901 22
101 70 3
101 124 164
101 161 3
101 169 3
101 392 131
101 599 5
102 6 4
102 78 2
102 166 2
102 264 128
103 704 13
104 26 2
104 28 12
104 48 2
104 64 184
104 132 2
104 313 3
104 512 2
104 673 6
105 3 17
105 296 2
105 779 2
106 516 4
106 652 10
107 3 2
108 514 2
108 825 2
109 707 4
111 12 2
112 0 5
112 1 9
112 3 8
112 28 21
112 84 2
112 107 7
112 165 4
112 776 2
114 68 10
114 452 9
114 497 4
114 872 3
116 33 2
117 106 20
117 803 10
118 565 4
119 446 3
119 836 3
120 0 2
120 76 3023
121 536 2
122 24 3
122 80 2
122 185 2
122 294 10
123 600 3
124 348 2
125 268 7
128 1 6
128 10 14
128 58 2
128 134 8
128 200 10
128 208 9
128 320 111
128 362 25
128 375 3
128 376 4
128 433 20
128 453 2
128 628 2
128 806 417
129 0 2
129 39 2
129 88 2
129 163 2
129 584 2
129 707 2
130 78 2
130 272 57
130 273 17
130 528 19
130 540 2
130 675 2
130 772 2
130 980 2
132 17 2
132 94 2
132 372 240
132 516 26
132 713 2
132 916 163
132 957 7
133 23 2
133 138 5
133 614 11
134 67 2
134 84 566
134 224 4
134 377 13
134 390 9
134 516 2
134 768 5
135 544 9
136 21 3
136 39 10
136 81 2
136 160 2
136 482 2
136 610 2
136 657 2
136 831 19
137 148 162
137 256 4
137 259 5
137 325 27
137 678 3
137 778 2
138 415 2
138 590 14
139 87 2
139 426 5
139 865 2
140 72 2
140 143 63
140 168 45
140 464 2
140 724 15
140 776 5
141 2 6
141 954 13
142 641 2
143 116 2
143 144 78
143 187 2
143 286 9
143 642 2
144 18 2
144 68 3
144 248 4
144 257 4
144 418 2
144 433 14
144 520 6
144 800 2
145 1 55
145 2 2
145 94 2
145 184 3
145 216 27
145 273 4
145 513 2
146 69 15
146 146 34
146 396 2
146 910 2
147 513 9
148 24 2
148 130 12
148 139 6
148 146 1979
148 278 3
148 464 5
148 515 11
148 912 2
149 20 28
149 633 42
149 649 4
150 160 3
150 656 2
151 102 5
151 132 3
151 207 2
153 26 2
153 592 42
153 598 4
153 961 2
156 133 208
156 521 8
156 814 2
157 404 8
158 104 17
159 526 21
160 34 2
160 144 6
160 452 5
160 644 3
161 21 24
161 40 2
161 326 10
161 576 16
161 717 2
161 898 2
162 290 11
162 306 2
162 517 31
163 361 2
164 38 2
164 87 4
164 264 3
164 329 2
164 481 2
164 636 10
164 646 4
165 141 2
167 104 3
167 289 48
167 384 5
167 456 112
168 8 8
168 67 2
168 98 17
168 480 28
169 72 7
169 351 4
171 144 2
171 810 91
172 32 2
172 569 11
174 493 2
174 582 2
175 863 64
176 137 2
176 270 2
176 824 2
176 932 11
177 128 2
177 280 23
177 560 102
177 611 8
178 100 436
178 144 46
178 580 9
179 429 2
180 19 5
180 152 3
180 600 2
181 97 2
181 331 8
181 964 2
182 300 17
182 672 3
182 728 2
184 141 2
184 161 2
184 664 23
185 5 2
185 391 6
186 272 4
186 582 2
187 800 4
188 4 18
188 199 21
192 43 2
192 52 6
192 72 895
192 177 8
192 388 3
192 392 2
192 524 7
192 536 2
192 713 2
192 898 2
192 904 6
192 999 24
193 8 87
193 120 3
193 131 2
193 162 2
193 375 2
193 422 230
193 718 2
193 775 29
194 592 2
194 677 7
196 286 2
196 377 7
197 61 3
197 100 4
197 592 12
197 611 20
198 3 2
198 196 71
198 812 5
200 577 2
201 39 5
201 98 2
201 140 2
202 11 2
203 654 40
204 520 978
205 457 2
206 80 2
208 12 5
208 14 7
208 88 15
208 534 3
209 55 42
209 513 4
209 564 6
210 1 8
210 882 2
211 4 4
212 69 21
212 262 3
212 673 2
214 369 2
216 792 2
217 923 10
218 86 8
219 389 2
220 176 2
220 658 2
222 532 7
222 852 2
225 257 2
225 316 2
225 948 2
226 35 2
226 157 2
227 336 6
228 32 2
228 294 4
230 9 2
231 290 35
232 5 2
232 130 20
232 480 112
233 212 3
233 912 6
233 973 2
234 917 7
235 645 15
237 91 129
239 370 52
239 560 2
240 18 2
240 66 11
240 799 2
240 914 2
241 206 1142
241 245 2418
242 156 16
244 33 4
244 356 2
244 932 2
245 705 7
246 64 4
247 626 3
248 0 15
248 557 2
248 902 22
250 46 31
253 636 188
256 1 3
256 4 17
256 5 2
256 68 3
256 69 2
256 160 26
256 212 8
256 262 2
256 312 25
256 416 2
256 512 7
256 522 8
256 616 2
256 705 9
256 764 44
256 804 2
256 904 5
256 963 2
256 992 2
257 0 8
257 156 18
257 268 31
257 680 2
257 806 62
257 912 14
257 920 2
257 945 2
258 24 2
258 34 7
258 36 103
258 138 9
258 265 3
258 673 3
258 880 22
259 7 18
259 165 2
259 226 2
259 532 3
260 256 15
260 295 6
260 545 7
260 678 3
260 978 24
261 8 2
261 67 19
261 72 27
261 356 3
261 672 392
261 995 8
262 134 2
262 193 8
262 256 2
262 906 2
262 1013 3
264 4 2
264 296 4
264 320 2
265 264 1240
265 339 12
265 632 165
266 11 5
266 56 2
266 242 2
266 326 15
266 336 2
267 523 2
267 581 14
268 12 16
268 34 5
268 192 2
268 512 2
268 524 4
268 577 5
269 444 6
269 640 11
270 73 18
270 532 197
270 642 2
272 41 2
272 162 32
272 208 5
272 225 178
272 234 2
272 259 3
272 280 4
272 378 2
272 520 2
272 554 31
272 640 2
272 684 4
272 899 4
273 47 14
273 693 4
273 903 2
274 334 2
275 4 4
275 16 8
275 116 2
275 133 7
275 401 2
275 485 2
275 512 12
276 392 14
276 394 4
276 628 4
276 661 2
277 8 2
277 128 3
277 385 4
278 258 8
279 18 2
279 901 14
280 36 2
280 82 5
280 600 608
280 674 16
281 101 2
282 136 2
282 576 2
282 717 4
283 35 20
284 835 25
286 624 2
286 832 3
287 448 2
288 47 2
288 132 2
288 224 2
288 292 28
288 341 16
288 545 2
289 36 6
289 156 2
289 468 6
289 472 26
289 648 3
289 753 5
289 788 2
290 0 2
290 258 4
290 388 2
291 610 13
291 768 5
291 967 12
292 7 2
292 19 3
292 134 2
292 162 11
292 593 13
293 256 25
293 960 4
294 742 3
294 864 174
296 57 2
296 84 24
296 131 4
296 231 2
296 260 17
296 288 41
296 336 1588
296 409 2
296 516 177
297 167 2
297 389 36
297 544 4
297 742 2
299 78 4
299 291 2
300 29 15
300 140 3
301 274 7
301 777 13
303 292 2
304 6 3
304 8 2
304 42 2
304 63 9
304 106 5
304 212 11
304 258 4
304 292 3
305 11 2
305 34 2
305 163 6
305 576 21
306 36 612687
306 550 2
306 918 6
308 583 5
308 692 12
308 832 2
308 848 2
309 77 24
310 44 2
312 514 93
314 109 94
314 376 2
314 518 2
315 739 2
316 452 12
318 914 2
320 29 29
320 315 2
320 407 7
320 428 3
320 641 20
321 4 7
321 262 3
321 337 2
321 768 2
321 834 22
321 1008 6
322 80 15
322 196 2
322 272 2
322 416 8
322 899 4
322 902 4
323 360 97
323 515 22
324 16 1217
324 106 2
324 167 2
324 200 25
324 513 2
324 530 2
325 6 11
325 74 2
325 614 3
326 16 9
326 116 4
326 280 2
326 443 6
327 675 2
328 45 21
329 35 2
329 836 2
331 512 9
332 456 9
334 265 17
334 288 2
335 83 3
335 391 2
336 18 5
336 100 17
336 576 28
336 632 15
337 352 2
337 768 27
338 33 9
338 160 2
340 106 2
340 704 2
340 763 28
342 15 2
342 168 9
342 272 26
343 475 2
344 188 9
345 32 6
345 728 14
345 992 4
346 11 3
347 11 6
347 149 2
347 313 27
348 128 2
349 12 4
352 419 1250
352 514 9
352 680 10
352 794 18
352 860 2
353 389 2
353 684 2
354 25 13
354 30 2
354 288 7
354 836 2
355 134 2
355 634 2
356 800 10
357 433 3
357 641 13
358 3 2
358 168 2
358 197 5
360 514 7
360 555 20
360 732 14
360 784 2
360 810 2
361 266 2
361 316 7
362 34 36
363 162 2
364 740 5
366 657 2
368 49 6
368 738 2
368 925 4
371 112 2
371 705 3
371 772 2
372 352 17
375 77 25
376 193 2
379 333 2
381 531 3
382 562 39
384 6 4
384 156 10
384 168 2
384 312 6
384 332 2
384 423 6
384 457 2
384 481 3
384 531 2
384 571 2
384 597 2
384 692 3
384 841 13
384 962 438
385 2 32
385 75 2
385 213 2
385 214 3
385 513 3
385 563 14
386 73 9
386 158 2
386 160 2
386 206 8
386 846 2
386 849 2
386 912 4
387 297 21
387 545 4
387 1016 28
388 332 17
390 566 9
391 8 2
391 461 2
391 800 4
392 38 3
392 336 5
392 553 215
392 674 3
393 461 5
394 80 27
394 211 15
394 590 26
395 558 2
395 647 4
396 6 187
396 536 4
396 546 2
396 777 2
397 132 9
397 518 11
398 943 22
399 9 2
400 10 292
400 21 2
400 712 9
401 58 2
401 284 5
401 673 2
402 68 11
402 80 2
402 769 2
403 20 3
404 209 2
404 298 15
406 677 6
406 928 20
407 591 11
408 66 2
408 405 17
408 576 60
409 66 2
409 105 5
409 888 2
410 520 2
411 20 2
412 6 2
413 640 27
414 932 2
415 101 25
416 52 19
416 292 4
416 832 2
417 577 69
418 16 11
419 7 142
420 32 3
420 114 8
420 288 3
420 424 3
420 538 2
420 545 5
422 736 11
423 651 2
424 481 2
425 161 54
425 261 130
425 746 5030
425 776 2
426 644 10
427 580 5
428 32 192
428 194 29
428 620 2
428 880 31
430 8 15
430 68 3
430 203 2
433 24 2
433 197 4
433 398 17
434 734 23
436 597 2
437 2 2
441 21 14
442 691 12
444 769 2
444 801 12
448 92 2
448 513 5
448 655 2
449 321 2
450 450 50
452 48 2
452 136 2
452 205 2
452 488 5
452 512 3
452 513 5
453 368 8
453 661 30
454 9 2
454 437 122
454 634 4
454 782 4
455 640 2
456 105 2
456 367 2
456 376 6
456 774 2
458 101 2
460 197 8
460 462 2
460 566 2
461 625 5
461 901 7
462 516 51
462 641 3
463 916 2
464 265 2
465 531 31
465 761 2
465 902 238
467 211 2
467 300 2
470 713 2
472 226 2
473 6 4
473 600 3
473 800 2
476 775 2
480 0 2
480 731 11
480 928 2
481 288 9
481 416 8
482 64 843
482 285 2
483 555 9
488 3 6
488 269 7
488 334 2
488 565 2394
489 64 2
491 112 2
501 519 44
504 267 825
505 332 32328
506 706 47
512 1 2
512 5 5
512 36 2
512 65 39
512 173 3
512 266 2
512 420 42
512 438 2
512 453 5
512 482 10
512 522 6
512 685 3
513 5 2
513 42 4
513 47 4
513 65 4
513 100 2
513 304 2
513 340 2
513 548 2
513 644 2
514 36 3
514 160 60
514 401 5
514 452 2
514 780 9
515 93 4
515 157 30
515 273 2
516 33 4
516 69 3
516 72 2
516 169 4260
516 357 2
516 385 2
516 442 2
516 582 2
516 605 2
516 779 8035
516 785 2
517 0 2
517 3 2
517 8 39
517 34 2
517 132 5
517 177 779
517 525 74
517 534 7
517 672 4
517 676 244
517 768 305
518 0 2
518 41 2
518 66 2
518 517 8
519 944 23
519 967 14
520 9 10
520 164 10
520 328 4
520 436 2
520 785 3
520 812 2
521 131 28
521 229 3
521 450 2
521 554 3
521 560 10
521 609 6
522 1 29
522 121 28
522 234 2
522 549 5
522 652 563
525 134 2
525 820 2
526 776 2
527 36 2
527 713 2
528 10 11
528 33 2
528 36 2
528 97 2
528 156 5
528 344 9
528 406 2
528 512 20
528 580 2
528 611 5
528 720 2
528 801 80
529 16 2
529 148 8
529 260 54
529 423 6
529 517 33
529 520 2
529 836 5
530 20 2
530 86 4
530 132 13
530 278 115
530 325 2
530 522 2
530 696 4
532 11 6
532 134 2
532 292 32
532 550 22
532 853 6613
533 5 2
533 787 22
534 6 4
534 425 2
534 786 2
534 928 2
535 10 2
536 10 162
536 244 2
536 687 3
536 902 2
537 99 2
537 138 9
537 257 14
537 478 5
538 74 2
538 84 4
538 820 10
540 256 2
541 344 2
541 793 11
544 21 18
544 151 3
544 160 2
544 416 243
544 429 24
544 536 6
544 542 2
544 551 24
544 597 5
545 209 10
545 226 4
545 743 2
545 914 2
546 4 23
546 263 2
546 612 5
546 650 3
546 758 2
546 900 5
547 265 158
547 427 2
547 577 4
548 169 8
548 512 907
548 577 3
548 586 32
549 68 2
549 97 2
549 530 234
550 36 1308
550 649 9
550 800 2
551 4 22
551 40 2
551 89 2
552 136 2
552 640 3
552 656 2
553 36 2
553 102 7
553 933 2
554 4 2
554 137 9
554 296 4
555 52 196
557 6 7
557 370 7
557 400 2
557 512 2
557 557 2
559 557 125
560 32 5
560 168 3
560 354 3
561 521 3
562 162 28
562 977 3
562 992 4
563 20 2
563 410 2
564 659 11
565 105 3
566 4 2
566 44 7
566 132 2
567 793 13
569 385 2
569 522 2
571 100 3
571 457 6
572 36 80
572 64 10
572 257 12
572 370 2
572 777 3
573 886 5
574 533 4
574 696 2
576 4 2
576 5 104
576 48 13
576 76 5
576 133 2
576 172 2
576 228 2
576 325 147
576 371 357
576 525 4
576 547 3
576 607 10
577 72 10
577 222 2
577 236 8
577 292 2
577 577 2
578 26 6
578 96 9
578 120 2
578 136 2
578 554 12
578 572 23
578 575 2
579 80 2
579 136 2
579 621 2
579 789 10
580 64 2
580 528 30
580 598 9
581 645 7
582 633 629
583 129 2
584 432 4
584 833 7
585 64 2702
585 208 443
585 217 9
585 354 2
585 389 2
586 64 8
586 530 7
586 658 594
587 608 8
588 784 3
589 389 6
590 276 2
590 520 2
590 788 2
592 2 4
592 4 11
592 148 15
592 322 764
592 566 3
592 585 41
593 429 2
595 557 2
596 11 2
596 33 2
596 91 4267
596 154 7
597 387 44
600 68 3
600 562 13
600 573 3
600 575 15
601 335 3
601 431 7
602 480 2
604 913 2
604 1006 2
605 80 15
606 281 3
606 807 976
607 288 10
607 393 2
608 176 10
608 185 10
608 522 3
608 576 16
608 648 9
609 28 2
609 225 3
609 768 2
611 125 94
612 170 6
612 534 74
613 840 11
614 265 4
614 936 2
616 450 2
616 806 2
617 374 2
617 908 2
618 70 31
618 1004 2
619 76 104
619 140 246
619 231 254
621 293 94
623 1000 2
624 579 2
625 5 1508
625 261 2
625 530 2
626 8 8
626 104 45
626 114 3
626 528 15
626 608 1830
627 3 2
627 418 2
627 977 11
628 76 2
629 446 5
629 528 3
631 24 2
633 812 3
635 546 3
637 73 4
638 161 2
640 4 8
640 16 9
640 160 5
640 181 2
640 246 5
640 369 33
640 421 13
640 467 2
640 525 5
640 584 2
640 659 2
640 732 41
640 938 2
642 512 2
642 562 25
642 724 8
643 73 23
643 775 45783
644 48 7
644 387 612
644 660 4
644 756 34
644 769 4
645 4 2
645 25 2
645 195 2
645 548 2
646 289 8
646 388 7
648 76 2
648 98 2
648 210 5
648 369 4
648 694 3
648 769 2
649 4 3
649 48 5
650 108 7
650 953 2
652 257 6
652 594 22
654 129 10
654 565 2
655 384 3
655 761 2
656 3 2
656 278 3
656 370 3
656 833 2
657 79 2
657 201 3
658 10 2
658 26 20
658 226 16
660 36 12
660 69 3
660 85 45
662 374 63
664 16 7
664 205 2
664 539 2
664 781 7
665 3 2
665 260 2
666 66 4
668 163 2
668 464 8
668 749 3
670 515 164
672 1 10
672 64 4
672 129 2
672 514 2
672 608 3
672 717 5
674 259 5247
674 288 20
674 672 2
675 257 39
675 470 80
676 52 6
677 121 2
677 641 346
679 556 4
680 20 3
680 39 2
680 450 2
680 540 6
681 6 2
681 33 4
682 14 8
684 1008 3
686 426 2
686 593 2
690 110 3
691 12 2
692 914 5
693 397 3
693 522 2
694 6 2
694 768 2
694 976 13
695 585 4
697 710 34
700 18 2
700 229 14
700 864 9
701 34 6
701 941 2
704 34 6
704 76 14
704 135 12044
704 292 9
704 514 3
705 596 41
705 854 3
706 17 28
706 732 2
708 108 9
709 325 2
709 354 3
709 843 2
710 2 73
711 19 4
712 141 2
712 283 2
712 294 3
712 862 2
713 593 11
713 837 11
716 98 2
716 339 3
716 649 2
716 842 2
719 512 4
720 7 3
720 144 3
720 803 9357
721 0 35
721 170 19
721 323 7
721 584 5
722 100 5
722 146 128
722 393 55
723 142 2
724 20 4
724 596 465
725 44 2
728 227 10
728 350 12
728 712 7
732 834 2
737 25 8
737 64 2
737 610 2
740 778 2
740 801 109
741 45 2
742 97 2
743 787 3
744 124 2
744 280 6
744 762 3
745 63 3
746 386 2
746 536 3
752 261 5
752 494 2
752 786 2
754 32 95
759 130 65512
760 40 30
760 220 2
760 257 21
760 300 14
761 435 9
763 668 2
765 513 20255
768 68 5
768 326 969
768 502 106
768 608 13
768 666 28
768 926 6
769 34 8434
769 277 9
769 350 32
769 640 2
769 773 3
770 211 47
770 256 36
770 663 4
771 128 2
771 800 4
772 0 1208
772 32 2
772 130 59
773 1 86
774 8 19
775 48 6
775 921 47
776 101 2
776 586 2
776 697 2
777 6 12
777 84 25
777 318 5
777 554 2
777 608 3
777 641 2
778 330 5
778 389 13
780 14 2
780 552 2
780 707 3
781 222 36
781 496 2
782 226 6
782 405 8
784 1 2
784 514 7058
784 549 155
784 634 7
785 45 2
785 257 70
786 142 9
787 199 12
788 324 7
788 332 13
792 16 18
792 274 6
792 540 3
792 594 2
793 52 26
795 422 2
795 661 4
798 776 7
800 9 2
800 45 2
800 73 27
800 97 4
800 133 3
800 824 19
801 34 12
801 312 77
801 642 2
802 769 2
804 0 4
804 104 2
804 337 3
804 433 4
804 779 6
806 43 2
806 134 2
806 232 381
806 326 2
808 526 4
808 777 3
808 937 4
808 945 222
810 17 18
810 394 12
810 416 3
812 778 25
814 161 2
814 264 2
814 523 45
814 905 2
816 18 39
816 24 9
817 784 8
818 253 4
819 69 5
819 538 2
821 236 2
822 211 6
824 392 12
824 609 4
824 978 3
828 592 3
830 356 10
832 16 18
832 21 119
832 30 10084
832 43 56
832 304 2
832 328 2
832 427 17
832 518 8
833 147 2
833 999 9
834 0 58
834 32 6
834 67 3
834 148 11
834 912 2
835 264 6
835 583 2
836 86 22
836 388 7
836 485 7
838 785 798
839 21 2
840 106 4
840 545 4
841 32 2
841 370 3
842 200 10
843 939 21
845 624 5
848 90 2
848 313 4
848 899 17
849 792 3
850 776 2
851 195 7
852 2 23
852 72 2
852 824 5
854 681 12
856 256 17
856 866 2
857 42 185
862 130 2
863 516 15
864 23 2
864 786 28
866 260 21
867 998 6
868 332 2
870 68 4
871 264 2
872 50 2
872 165 2
873 9 12
874 360 2
880 611 8
882 42 8
882 591 15
882 778 2
884 802 6
894 392 2
895 603 8
896 868 5
897 39 2
897 1002 8301
898 699 5
899 736 22
900 4 2
900 162 2
900 313 2
902 131 2
902 420 16
903 339 5
904 112 3
904 231 2
904 552 10
904 929 2
905 12 2
905 196 1677
905 572 2
906 194 2
906 210 2
906 328 3
907 276 306
910 614 2
911 5 2
911 10 2
912 2 2
912 129 2
912 388 2
914 669 12
914 776 47
914 968 3
915 431 2
916 777 6
917 560 837
917 912 2
918 0 68
921 272 2
921 320 13
922 8 2
922 784 2
924 33 3
924 196 2
927 190 7
928 64 2
928 384 8
928 518 3
929 10 2
929 257 5
929 316 16
930 720 2
931 657 6
932 274 8
932 783 37
933 657 2
934 94 18
938 316 2
938 552 50
940 512 13
941 771 4
944 165 16
945 456 2
947 568 173
948 9 29
951 818 237
953 905 2
954 22 5
956 846 2
958 844 2
961 131 2
961 291 13
961 333 6
961 472 15
963 130 3
965 937 3
966 29 12
966 192 8
966 555 69
968 51 16
968 352 8
969 313 2
969 769 4
970 180 18
971 566 3
976 779 2
977 22 4
977 34 3
977 549 3
978 817 2
984 324 8
984 483 4
985 268 2
986 772 2
987 962 2
988 366 14
996 36 665
996 836 4
998 127 23
998 179 6
1000 260 3
1001 286 2
1002 652 128
1002 912 25
1011 36 13
1013 316 3
1020 371 16
1020 385 2
1021 643 4
