0 4 1804
0 9 2
0 29 6
0 47 4
0 112 9
0 135 266
0 166 13
0 215 2
0 259 10182
0 265 528
0 274 31
0 321 3
0 352 1563203
0 415 126
0 618 2
0 646 2
0 670 7
0 674 309
0 679 2
0 704 2
0 843 11
0 917 6
0 936 9
1 7 208
1 15 6
1 30 2
1 37 2
1 70 3
1 82 2
1 135 840
1 228 4
1 481 7
1 565 2
1 644 168
1 705 3
1 768 2
1 825 16
1 920 4
2 0 2
2 3 11
2 8 8
2 48 2
2 132 13
2 260 3
2 267 7
2 328 7
2 523 4
2 826 2
3 24 15
3 272 2
3 277 2
3 530 13
3 652 4
3 817 6
4 0 2
4 4 9
4 24 843
4 60 11
4 293 16
4 576 25
4 683 8
4 774 15
4 808 4
5 18 3
5 216 2
5 887 4
6 3 74514
6 148 2
6 259 6
6 267 9
6 466 16
6 512 2
6 798 2
6 1002 2
7 81 3
7 110 2
7 715 2
8 1 2
8 2 2
8 19 10
8 32 4
8 42 2
8 58 2
8 202 2
8 272 2
8 273 45
8 386 2
8 393 2
8 486 2
8 552 10
8 642 3
8 735 68
8 902 2
9 43 2
9 274 12
9 416 4
9 526 2
9 572 4
9 823 2
9 907 3
10 13 6
10 40 2
10 75 37
10 160 300
10 176 29
10 518 207
10 523 2
10 584 3
10 599 2
10 680 2
10 778 6
11 779 20
12 0 3
12 55 2
12 65 3
12 366 23
12 634 15
12 781 2
13 66 2
13 192 11
13 224 31
13 320 3
14 127 10
14 152 8
14 210 9
14 321 2
14 376 2
14 584 9
14 616 22
15 352 2
15 485 9
15 659 5
15 854 2
16 9 2
16 24 12
16 64 13
16 96 5
16 516 2
16 643 8
16 806 2
17 48 2
17 129 4
17 258 2
18 51 12
18 203 3
18 215 15
18 290 8
18 641 10
18 645 2
19 7 4
20 1 2
20 10 12
20 28 3
20 36 2
20 194 3
20 323 6
20 786 3
21 258 2
21 308 4
22 24 4
22 97 9
22 133 2
22 281 4
22 320 10
22 565 2
23 886 8
24 9 51
24 781 639373
24 786 2
24 848 69
24 944 2
25 523 6
25 592 2
26 20 90
26 22 64
26 109 2
27 210 7
27 547 7
27 549 163
28 42 2
28 72 3
28 146 11
28 203 6
28 624 13
28 647 18
29 1 121
29 5 4
29 327 2
29 532 2
29 809 9
30 21 3
30 52 10
30 588 2
31 77 2
31 561 14
32 42 273
32 211 2
32 219 5
32 276 7
32 388 11745
32 414 3
32 514 2
32 612 2
32 641 2
32 721 2
32 759 2
32 803 7
32 848 36
33 2 13
33 3 2
33 26 971
33 31 2
33 64 19
33 277 2
33 320 2
33 945 17
34 292 2
34 324 3
34 561 202
34 663 14
34 720 56
34 800 2
35 65 2
35 551 4
35 689 2
36 12 17
36 34 3
36 48 2
36 257 14
36 320 4
36 555 2
36 858 2
37 2 6
37 364 2
37 520 2
37 640 8
37 673 7
38 1 2
38 180 2
38 204 7
39 3 9
39 520 240
39 982 4
40 9 3
40 20 2
40 39 28
40 65 18
40 512 179
40 605 249
40 645 6
40 672 2
40 756 2
40 761 4
40 840 6
40 980 2
41 96 2
41 263 7
41 276 18
41 321 57
41 513 3
41 987 5
42 140 2
42 411 2
42 839 7
43 1 2
43 546 15
44 10 9586
44 12 2
44 47 5
44 430 4
44 524 2
44 794 9
45 50 222
45 266 13
45 615 8
45 808 4
45 844 20
46 57 2
47 80 17
47 1022 2
48 67 351
48 168 4
48 176 13
48 193 7
48 198 10
48 226 2
48 646 5
48 789 10
48 932 4
49 4 1092
49 310 20
49 516 7
50 9 2
50 113 13
50 528 14
51 70 6
51 377 3
51 516 5
52 46 4
52 256 2
52 285 3
52 390 2
52 899 15
53 146 2
53 245 2
54 112 4
54 718 5
55 278 5
56 89 140
56 472 11
57 5 4
57 33 8
57 128 6
57 448 3
58 470 2
59 58 2
59 292 2
59 453 2
60 3 2
60 5 2
60 33 17
60 112 12
60 948 3
61 644 261
62 521 176
62 612 2
64 1 703
64 26 7
64 41 2
64 194 458
64 197 4
64 203 8
64 272 8
64 370 17
64 481 13
64 514 27
64 686 2
64 771 2
64 780 11
64 790 2
65 25 8
65 61 2
65 96 2
65 104 6
65 218 38
65 241 13
65 274 3
65 421 2
65 515 2
65 571 5
65 614 2
66 140 13
66 545 32
67 16 11
67 20 3
67 37 81
67 73 2
67 453 4
67 482 4
67 840 2
68 192 3
68 226 13
68 284 3
68 322 2
69 138 2
69 276 29
69 529 5
69 572 3
69 768 3
70 109 2
70 212 3
70 431 27
70 608 6
70 642 6
70 646 2
70 648 7
70 672 2
71 409 7
72 8 4
72 65 11
72 280 7
72 533 2
72 961 2
73 640 4
73 870 7
73 999 20
74 512 5
74 548 2
74 600 3
74 768 2
74 1012 302
75 259 4
75 576 2
76 76 8
76 84 2
76 133 2
76 262 2
76 586 16
76 855 305
77 267 2
77 450 10
77 456 2
78 288 2
78 517 5
78 784 4
78 919 7
79 165 6
80 0 5
80 51 2
80 82 37
80 132 2
80 211 164
80 677 33
80 920 4821
81 807 6
81 852 2
82 280 6
82 283 8
83 115 6
83 124 2
83 304 9
83 617 197
83 784 2
84 64 2
84 74 8
84 216 10
84 490 2
85 31 3
85 65 13
86 234 6
86 524 6
87 353 9
87 462 4
87 512 6
87 515 3
88 330 6
88 782 2
89 2 20
89 4 4
89 76 48
90 20 2
90 274 2
90 843 2
90 977 2
90 988 14
91 154 5
91 652 2
91 951 6
92 91 2
93 134 2
93 669 2
94 869 8
94 954 2
95 20 2
95 34 2
96 32 294
96 80 3
96 103 3
96 148 2
96 208 41
96 220 2
96 276 2
96 304 2
96 321 21
96 356 10
96 547 2
96 776 2
96 820 18
97 48 32
97 195 78
97 286 41
97 473 6
97 525 256
98 14 118
98 352 2592
98 401 58
98 671 2
98 928 2
99 117 2
99 134 112
99 249 4
100 128 10
100 294 2
100 768 2
100 901 3
101 70 2
101 124 2
101 161 4
101 169 5
101 392 2
101 599 3472
102 6 19
102 78 2
102 166 2
102 264 4
103 704 3
104 26 19
104 28 3
104 48 2
104 64 38
104 132 44
104 313 3
104 512 2
104 673 4
105 3 3
105 296 2
105 779 3
106 516 3
106 652 4
107 3 2
108 514 6
108 825 2
109 707 2
111 12 2
112 0 24
112 1 3
112 3 38
112 28 21
112 84 42
112 107 3
112 165 3
112 776 2
114 68 572
114 452 2
114 497 2
114 872 5
116 33 10
117 106 12
117 803 3
118 565 2
119 446 16
119 836 34
120 0 53
120 76 2
121 536 2187
122 24 3
122 80 28
122 185 2
122 294 37
123 600 2
124 348 64
125 268 99
128 1 4
128 10 4
128 58 222
128 134 21
128 200 7
128 208 7
128 320 5
128 362 147
128 375 2
128 376 6
128 433 2
128 453 2
128 628 20
128 806 15
129 0 2
129 39 2
129 88 2
129 163 2
129 584 39
129 707 3
130 78 2
130 272 2
130 273 4
130 528 2
130 540 8
130 675 2
130 772 2
130 980 245
132 17 2
132 94 6
132 372 29
132 516 8
132 713 5
132 916 91
132 957 3
133 23 2
133 138 12
133 614 6
134 67 2
134 84 2
134 224 2
134 377 9
134 390 2
134 516 2
134 768 2
135 544 11
136 21 4
136 39 2
136 81 2
136 160 2
136 482 2
136 610 3
136 657 2
136 831 6
137 148 13
137 256 18
137 259 17
137 325 2
137 678 2
137 778 2
138 415 26
138 590 4
139 87 3
139 426 7
139 865 3
140 72 2
140 143 3
140 168 169
140 464 2
140 724 16
140 776 2
141 2 6
141 954 4
142 641 2
143 116 3
143 144 2
143 187 2
143 286 7
143 642 3
144 18 2
144 68 2
144 248 9
144 257 2
144 418 7
144 433 31
144 520 8
144 800 3
145 1 45
145 2 6
145 94 2
145 184 9
145 216 2
145 273 5
145 513 27
146 69 2
146 146 2
146 396 2
146 910 219
147 513 3
148 24 2
148 130 4
148 139 2
148 146 2
148 278 2
148 464 5
148 515 3
148 912 2
149 20 2
149 633 2
149 649 2
150 160 3
150 656 5
151 102 14
151 132 7
151 207 5
153 26 2
153 592 2
153 598 7
153 961 2
156 133 2
156 521 7
156 814 5
157 404 13
158 104 15
159 526 3
160 34 2
160 144 2
160 452 9
160 644 2
161 21 2
161 40 2
161 326 7
161 576 4
161 717 2
161 898 147
162 290 2
162 306 7
162 517 13
163 361 2
164 38 14
164 87 7
164 264 2
164 329 2
164 481 2
164 636 2
164 646 26
165 141 9
167 104 15
167 289 27
167 384 24
167 456 136
168 8 9
168 67 2
168 98 2
168 480 8
169 72 2
169 351 12
171 144 2
171 810 5
172 32 100
172 569 9
174 493 10
174 582 2
175 863 2
176 137 2
176 270 11
176 824 2
176 932 15
177 128 2
177 280 2
177 560 17
177 611 71
178 100 9
178 144 2
178 580 70
179 429 173
180 19 3
180 152 2
180 600 2
181 97 21
181 331 20
181 964 125414
182 300 414
182 672 3
182 728 67
184 141 50
184 161 2
184 664 6
185 5 103
185 391 7
186 272 6
186 582 2
187 800 6
188 4 2
188 199 3
192 43 2
192 52 2
192 72 59
192 177 2
192 388 2
192 392 7
192 524 21
192 536 146
192 713 2
192 898 7
192 904 14
192 999 2
193 8 2
193 120 16
193 131 2
193 162 2
193 375 16
193 422 3
193 718 27
193 775 9
194 592 8
194 677 2
196 286 5
196 377 4
197 61 9
197 100 6
197 592 3
197 611 39
198 3 1105
198 196 2
198 812 4
200 577 2737804
201 39 14
201 98 4
201 140 3
202 11 96
203 654 2
204 520 1514
205 457 2
206 80 6
208 12 2
208 14 2
208 88 2
208 534 5
209 55 8
209 513 3
209 564 6
210 1 2
210 882 2
211 4 2
212 69 8
212 262 11
212 673 2
214 369 2
216 792 2
217 923 6
218 86 2
219 389 118
220 176 6
220 658 9
222 532 44
222 852 6
225 257 2
225 316 42
225 948 25
226 35 2
226 157 5
227 336 53
228 32 2
228 294 2
230 9 2
231 290 4
232 5 2
232 130 38
232 480 2
233 212 5
233 912 2
233 973 2
234 917 2
235 645 2
237 91 34
239 370 2
239 560 4
240 18 2
240 66 3
240 799 24
240 914 2
241 206 5245
241 245 25
242 156 3628
244 33 8
244 356 2
244 932 10
245 705 2
246 64 5
247 626 2
248 0 2
248 557 2
248 902 3
250 46 2
253 636 2
256 1 4
256 4 52
256 5 2
256 68 18
256 69 5
256 160 5
256 212 6
256 262 8
256 312 2
256 416 3
256 512 16
256 522 41
256 616 5743
256 705 4
256 764 2
256 804 2
256 904 4
256 963 52
256 992 17
257 0 3
257 156 3
257 268 2
257 680 107998
257 806 87
257 912 7
257 920 3
257 945 236
258 24 198
258 34 7
258 36 2
258 138 10
258 265 5
258 673 25
258 880 14
259 7 23
259 165 19
259 226 8
259 532 2
260 256 33
260 295 2
260 545 5
260 678 2
260 978 2
261 8 734
261 67 5
261 72 2
261 356 5
261 672 2
261 995 3
262 134 5
262 193 2
262 256 2
262 906 35
262 1013 2
264 4 2
264 296 3
264 320 14
265 264 2
265 339 95
265 632 2
266 11 2
266 56 2
266 242 2
266 326 8
266 336 2
267 523 2
267 581 3
268 12 4
268 34 5
268 192 2
268 512 2
268 524 10
268 577 10
269 444 9
269 640 89
270 73 9
270 532 4
270 642 2
272 41 4
272 162 18
272 208 19
272 225 7
272 234 2
272 259 5
272 280 2
272 378 2
272 520 120
272 554 2
272 640 2
272 684 15
272 899 2
273 47 2
273 693 16
273 903 6
274 334 18
275 4 2
275 16 2
275 116 7
275 133 2
275 401 20917
275 485 2
275 512 27
276 392 4
276 394 6
276 628 2
276 661 2
277 8 288
277 128 35
277 385 4
278 258 7
279 18 2
279 901 8
280 36 2
280 82 3
280 600 2
280 674 12
281 101 2
282 136 5
282 576 1294
282 717 2
283 35 17
284 835 6
286 624 2
286 832 3
287 448 2
288 47 3
288 132 9
288 224 2
288 292 101
288 341 11
288 545 2
289 36 4
289 156 2
289 468 11
289 472 14
289 648 2
289 753 9
289 788 8
290 0 17
290 258 2
290 388 2
291 610 19
291 768 2
291 967 3
292 7 20
292 19 27
292 134 2
292 162 4
292 593 2
293 256 2
293 960 34
294 742 4
294 864 183
296 57 2
296 84 12
296 131 2
296 231 8
296 260 12
296 288 2
296 336 2
296 409 13
296 516 2
297 167 4
297 389 2
297 544 2
297 742 309
299 78 9
299 291 15
300 29 3
300 140 5
301 274 2
301 777 4
303 292 8
304 6 1440
304 8 6
304 42 2
304 63 4
304 106 10
304 212 5
304 258 2
304 292 8
305 11 7
305 34 2
305 163 2
305 576 2
306 36 2
306 550 28907
306 918 23
308 583 18
308 692 3
308 832 2
308 848 3
309 77 10
310 44 2
312 514 37
314 109 2
314 376 74
314 518 3
315 739 2
316 452 3
318 914 2
320 29 2
320 315 2
320 407 2
320 428 44
320 641 4
321 4 2
321 262 2
321 337 16
321 768 4
321 834 9
321 1008 3
322 80 2
322 196 2
322 272 876
322 416 2
322 899 5
322 902 3
323 360 2
323 515 3
324 16 2
324 106 17
324 167 2
324 200 2
324 513 4
324 530 2
325 6 19
325 74 4
325 614 2
326 16 2
326 116 9
326 280 76
326 443 2
327 675 2
328 45 5
329 35 6
329 836 567
331 512 4
332 456 18
334 265 3
334 288 2
335 83 2
335 391 8
336 18 2
336 100 36
336 576 14
336 632 352
337 352 2
337 768 2
338 33 2
338 160 4
340 106 27
340 704 3
340 763 2
342 15 2
342 168 7
342 272 2
343 475 2
344 188 2
345 32 3
345 728 5
345 992 16
346 11 17
347 11 14
347 149 2
347 313 27
348 128 1111
349 12 3
352 419 67
352 514 11
352 680 20
352 794 17
352 860 220
353 389 121
353 684 5
354 25 3
354 30 2
354 288 4
354 836 31
355 134 2
355 634 15
356 800 41
357 433 2
357 641 3
358 3 21
358 168 16
358 197 102
360 514 5
360 555 2
360 732 2
360 784 2
360 810 2
361 266 10
361 316 2
362 34 17
363 162 8
364 740 6
366 657 6
368 49 2
368 738 2
368 925 2
371 112 4
371 705 6
371 772 2
372 352 3
375 77 2
376 193 2
379 333 2
381 531 18
382 562 19
384 6 2
384 156 7
384 168 2
384 312 5
384 332 8
384 423 2
384 457 18
384 481 12
384 531 2
384 571 4
384 597 2
384 692 3
384 841 6
384 962 5
385 2 11
385 75 4
385 213 2
385 214 2
385 513 7
385 563 4540
386 73 31
386 158 12
386 160 7
386 206 26
386 846 81
386 849 3
386 912 4
387 297 5
387 545 7
387 1016 22
388 332 2
390 566 2
391 8 2
391 461 2
391 800 2
392 38 2
392 336 2
392 553 4
392 674 6
393 461 4
394 80 2
394 211 6
394 590 2
395 558 331
395 647 7
396 6 2
396 536 10
396 546 8
396 777 2
397 132 142
397 518 2
398 943 37
399 9 3
400 10 43
400 21 5
400 712 12
401 58 2
401 284 2
401 673 3
402 68 10
402 80 2
402 769 4
403 20 2
404 209 2
404 298 6
406 677 2
406 928 1232
407 591 8
408 66 16
408 405 4
408 576 38
409 66 2
409 105 2
409 888 2
410 520 2
411 20 2
412 6 14
413 640 3
414 932 11
415 101 2
416 52 2
416 292 6
416 832 2
417 577 2
418 16 2
419 7 16
420 32 4
420 114 2
420 288 4
420 424 4
420 538 2
420 545 17
422 736 2
423 651 2
424 481 2
425 161 2
425 261 2
425 746 135
425 776 53
426 644 43
427 580 2
428 32 35
428 194 2
428 620 3
428 880 2
430 8 129
430 68 33
430 203 2
433 24 4
433 197 2
433 398 19
434 734 6
436 597 2
437 2 63
441 21 5
442 691 2
444 769 3
444 801 2
448 92 2
448 513 3
448 655 2
449 321 3
450 450 9
452 48 11
452 136 33
452 205 3
452 488 33
452 512 5
452 513 5
453 368 2
453 661 7
454 9 1455
454 437 3
454 634 33
454 782 2
455 640 2
456 105 4
456 367 171
456 376 7
456 774 2
458 101 2
460 197 5
460 462 87
460 566 2
461 625 2
461 901 2
462 516 11
462 641 6
463 916 11
464 265 298
465 531 2
465 761 78
465 902 2
467 211 2
467 300 5
470 713 2
472 226 52
473 6 47
473 600 7
473 800 2
476 775 3
480 0 6
480 731 2
480 928 2
481 288 2
481 416 6
482 64 2
482 285 21
483 555 5
488 3 9
488 269 7
488 334 3
488 565 22750
489 64 43
491 112 2
501 519 3
504 267 2
505 332 2
506 706 90
512 1 374
512 5 5
512 36 6
512 65 6
512 173 16
512 266 4
512 420 729
512 438 391
512 453 10
512 482 4
512 522 6
512 685 7
513 5 2
513 42 2
513 47 6
513 65 8
513 100 10
513 304 5
513 340 38
513 548 2
513 644 7
514 36 21
514 160 12
514 401 2
514 452 2
514 780 12
515 93 2
515 157 325
515 273 5
516 33 11
516 69 2
516 72 2
516 169 2391
516 357 2
516 385 46
516 442 101
516 582 2
516 605 22
516 779 7
516 785 2
517 0 2
517 3 6
517 8 10
517 34 2
517 132 24
517 177 2
517 525 2
517 534 3
517 672 2
517 676 2
517 768 1732
518 0 2
518 41 3388
518 66 16
518 517 6
519 944 12
519 967 2
520 9 6
520 164 2
520 328 3
520 436 4
520 785 6
520 812 2
521 131 24
521 229 3
521 450 4
521 554 5
521 560 10
521 609 19
522 1 2
522 121 208
522 234 2
522 549 6
522 652 2
525 134 2
525 820 3
526 776 2
527 36 8
527 713 2
528 10 6
528 33 279
528 36 10
528 97 2
528 156 2
528 344 2
528 406 2
528 512 17
528 580 2
528 611 4
528 720 3
528 801 65
529 16 2
529 148 7
529 260 38
529 423 29
529 517 6
529 520 3
529 836 6
530 20 5
530 86 3
530 132 2
530 278 2
530 325 2
530 522 5
530 696 7
532 11 13
532 134 9
532 292 3
532 550 5
532 853 2
533 5 5
533 787 16
534 6 2
534 425 9
534 786 3
534 928 9
535 10 2
536 10 153
536 244 14
536 687 2
536 902 2
537 99 2
537 138 2
537 257 2
537 478 9
538 74 3
538 84 7
538 820 16
540 256 84
541 344 3
541 793 27
544 21 10
544 151 2
544 160 2
544 416 3
544 429 10
544 536 12
544 542 2
544 551 4
544 597 2
545 209 5
545 226 1025
545 743 2
545 914 2
546 4 2
546 263 10
546 612 3
546 650 14
546 758 162
546 900 6
547 265 2
547 427 4
547 577 2
548 169 27
548 512 486
548 577 2
548 586 2
549 68 2
549 97 7
549 530 2
550 36 2
550 649 2
550 800 5
551 4 17
551 40 2
551 89 5
552 136 2
552 640 2
552 656 3
553 36 2
553 102 3
553 933 5
554 4 2
554 137 7
554 296 3
555 52 2
557 6 3
557 370 2
557 400 423
557 512 3
557 557 11
559 557 24
560 32 3
560 168 17
560 354 2
561 521 2
562 162 5
562 977 6
562 992 3
563 20 2
563 410 2
564 659 8
565 105 7
566 4 3
566 44 10
566 132 3
567 793 2
569 385 2
569 522 2
571 100 2
571 457 19
572 36 7
572 64 6
572 257 6
572 370 2
572 777 2
573 886 9
574 533 7
574 696 2
576 4 7
576 5 48
576 48 3
576 76 4
576 133 2
576 172 2
576 228 679
576 325 3
576 371 2
576 525 49
576 547 2
576 607 5
577 72 4
577 222 2
577 236 18
577 292 2
577 577 2
578 26 4
578 96 21
578 120 184
578 136 6
578 554 2
578 572 27
578 575 7
579 80 748
579 136 165
579 621 2
579 789 2
580 64 2
580 528 4
580 598 13
581 645 20
582 633 9
583 129 2
584 432 4
584 833 5
585 64 2
585 208 266
585 217 12
585 354 3
585 389 2
586 64 11
586 530 8
586 658 2
587 608 2
588 784 7
589 389 5
590 276 1921616
590 520 6
590 788 2
592 2 15
592 4 2
592 148 11
592 322 12
592 566 7
592 585 2
593 429 20825
595 557 2
596 11 121
596 33 2
596 91 8
596 154 6
597 387 39468
600 68 2
600 562 25
600 573 2
600 575 3
601 335 2
601 431 5
602 480 72
604 913 2
604 1006 2
605 80 2
606 281 9
606 807 2
607 288 13
607 393 2
608 176 2
608 185 2
608 522 2
608 576 22
608 648 2
609 28 35
609 225 5
609 768 24
611 125 4
612 170 4
612 534 18
613 840 2
614 265 3324
614 936 2
616 450 5
616 806 2
617 374 59
617 908 5
618 70 27
618 1004 2
619 76 2
619 140 7
619 231 3
621 293 10
623 1000 8
624 579 12
625 5 2
625 261 11
625 530 2
626 8 2
626 104 2
626 114 2
626 528 15
626 608 2
627 3 4
627 418 2
627 977 12
628 76 2
629 446 2
629 528 2
631 24 477
633 812 18
635 546 2
637 73 2
638 161 2
640 4 15
640 16 26
640 160 4
640 181 2
640 246 11
640 369 3
640 421 12
640 467 3
640 525 78
640 584 10
640 659 2
640 732 10
640 938 16
642 512 3
642 562 2
642 724 6
643 73 6
643 775 2
644 48 2
644 387 176
644 660 8
644 756 2
644 769 2
645 4 36
645 25 2
645 195 2
645 548 2
646 289 2
646 388 5
648 76 2
648 98 5
648 210 7
648 369 6
648 694 4
648 769 2
649 4 18
649 48 4
650 108 7
650 953 3
652 257 8
652 594 41
654 129 4
654 565 2
655 384 9
655 761 2
656 3 2
656 278 2
656 370 23
656 833 968
657 79 7
657 201 6
658 10 6
658 26 8
658 226 2
660 36 7
660 69 4
660 85 7
662 374 2
664 16 3
664 205 4
664 539 3
664 781 42
665 3 3
665 260 3
666 66 5
668 163 2
668 464 2
668 749 2
670 515 12
672 1 5
672 64 8
672 129 4
672 514 5
672 608 3
672 717 37
674 259 2
674 288 6
674 672 5781
675 257 2
675 470 1704
676 52 4
677 121 2
677 641 119
679 556 12
680 20 5
680 39 2
680 450 12
680 540 6
681 6 2
681 33 2
682 14 2
684 1008 2
686 426 21
686 593 2
690 110 19
691 12 2
692 914 7
693 397 7
693 522 2
694 6 4
694 768 14
694 976 473
695 585 42
697 710 25
700 18 2
700 229 8787
700 864 33
701 34 2
701 941 205
704 34 3
704 76 10
704 135 2
704 292 2
704 514 2
705 596 220
705 854 12
706 17 3
706 732 3
708 108 47
709 325 2
709 354 7
709 843 16
710 2 6
711 19 7
712 141 2
712 283 7
712 294 3
712 862 2
713 593 8
713 837 2
716 98 2
716 339 5
716 649 2
716 842 3
719 512 2
720 7 15
720 144 6
720 803 15
721 0 4
721 170 2
721 323 3
721 584 7
722 100 4
722 146 976
722 393 63
723 142 2
724 20 5
724 596 24
725 44 1407839
728 227 80
728 350 11
728 712 3
732 834 3
737 25 4
737 64 3
737 610 3
740 778 13
740 801 2
741 45 3
742 97 3
743 787 7
744 124 2
744 280 4
744 762 19
745 63 7
746 386 12
746 536 2
752 261 2
752 494 2
752 786 2
754 32 2
759 130 280
760 40 18
760 220 2
760 257 4
760 300 25
761 435 2
763 668 2
765 513 53211
768 68 5
768 326 17
768 502 114
768 608 17
768 666 4
768 926 4
769 34 24
769 277 12
769 350 2
769 640 5
769 773 4
770 211 11093
770 256 4
770 663 2
771 128 15
771 800 8
772 0 8
772 32 2
772 130 2
773 1 2
774 8 15
775 48 6
775 921 2
776 101 3
776 586 2
776 697 2
777 6 222
777 84 2
777 318 3
777 554 9
777 608 2
777 641 2
778 330 12
778 389 3
780 14 3
780 552 2
780 707 4
781 222 2
781 496 4
782 226 2
782 405 4
784 1 2
784 514 118
784 549 2
784 634 26
785 45 15
785 257 14
786 142 94
787 199 12
788 324 3
788 332 10
792 16 5
792 274 2
792 540 2
792 594 2
793 52 8
795 422 2
795 661 2
798 776 4
800 9 164
800 45 2
800 73 5
800 97 2
800 133 2
800 824 5
801 34 75
801 312 2
801 642 2
802 769 8
804 0 13
804 104 2
804 337 2
804 433 7
804 779 2
806 43 25
806 134 2
806 232 8
806 326 3
808 526 2
808 777 6
808 937 4
808 945 2
810 17 3
810 394 11
810 416 5
812 778 20
814 161 2
814 264 2
814 523 85
814 905 14
816 18 4
816 24 4
817 784 22
818 253 574
819 69 2
819 538 2
821 236 2
822 211 13
824 392 6
824 609 2
824 978 2
828 592 18826
830 356 113
832 16 2
832 21 2
832 30 2
832 43 3
832 304 2
832 328 3
832 427 4
832 518 18
833 147 54
833 999 2
834 0 5
834 32 6
834 67 6
834 148 4
834 912 2
835 264 2
835 583 3
836 86 5
836 388 11
836 485 14
838 785 2
839 21 40
840 106 13
840 545 4
841 32 2
841 370 13
842 200 2
843 939 4
845 624 3
848 90 3
848 313 1057
848 899 2
849 792 6
850 776 2
851 195 8
852 2 2
852 72 2
852 824 3
854 681 16
856 256 2
856 866 2
857 42 3
862 130 2
863 516 9
864 23 3
864 786 2
866 260 4
867 998 2
868 332 2
870 68 14
871 264 2
872 50 47
872 165 2
873 9 2
874 360 2
880 611 3
882 42 2
882 591 2
882 778 2
884 802 2
894 392 2
895 603 5
896 868 2
897 39 2
897 1002 69
898 699 2
899 736 2
900 4 6
900 162 253
900 313 2
902 131 2
902 420 65
903 339 2
904 112 553
904 231 2
904 552 3
904 929 63
905 12 2
905 196 3
905 572 959
906 194 10
906 210 3
906 328 2
907 276 2
910 614 2
911 5 8
911 10 2
912 2 220
912 129 11
912 388 5
914 669 2
914 776 22
914 968 2
915 431 3
916 777 8
917 560 4125
917 912 23
918 0 2
921 272 3
921 320 6
922 8 82
922 784 165
924 33 2
924 196 83
927 190 8
928 64 4
928 384 8
928 518 2
929 10 21
929 257 16
929 316 3
930 720 2
931 657 67
932 274 5
932 783 11
933 657 2
934 94 11
938 316 153
938 552 9
940 512 2
941 771 10
944 165 3
945 456 2
947 568 28
948 9 2
951 818 2
953 905 2
954 22 3
956 846 2
958 844 2
961 131 2
961 291 2
961 333 3
961 472 2
963 130 3
965 937 4
966 29 21
966 192 2
966 555 8
968 51 2
968 352 56
969 313 2
969 769 2
970 180 2
971 566 14
976 779 6
977 22 4
977 34 10
977 549 531
978 817 2
984 324 5
984 483 4
985 268 13
986 772 2
987 962 37
988 366 26
996 36 13
996 836 3
998 127 2
998 179 2
1000 260 2
1001 286 4
1002 652 2
1002 912 13
1011 36 5
1013 316 2
1020 371 6
1020 385 2
1021 643 12
