0 4 3
0 9 5
0 29 2
0 47 5
0 112 6
0 135 4
0 166 9
0 215 7
0 259 2
0 265 8
0 274 2
0 321 6
0 352 159
0 415 25
0 618 2
0 646 36
0 670 27
0 674 4
0 679 2
0 704 93
0 843 7
0 917 6
0 936 9
1 7 163
1 15 16
1 30 13
1 37 2
1 70 77
1 82 2
1 135 19
1 228 3
1 481 3
1 565 5
1 644 2
1 705 2
1 768 2
1 825 9
1 920 4
2 0 2
2 3 5
2 8 23
2 48 1141
2 132 7
2 260 2
2 267 10
2 328 3
2 523 2
2 826 5
3 24 11
3 272 2
3 277 2
3 530 10
3 652 16
3 817 17
4 0 2
4 4 2
4 24 142
4 60 23
4 293 24
4 576 82
4 683 9
4 774 2
4 808 2
5 18 23
5 216 4
5 887 1299
6 3 2
6 148 2
6 259 7
6 267 2
6 466 5
6 512 4
6 798 3
6 1002 4
7 81 5
7 110 3
7 715 10
8 1 28
8 2 2
8 19 6
8 32 37
8 42 3
8 58 2
8 202 7
8 272 2
8 273 5
8 386 2
8 393 8
8 486 2
8 552 2
8 642 3
8 735 2
8 902 9
9 43 2
9 274 5
9 416 2
9 526 2
9 572 4
9 823 2
9 907 14
10 13 2
10 40 2
10 75 3883
10 160 2
10 176 6
10 518 16385
10 523 4
10 584 8
10 599 2
10 680 2
10 778 2
11 779 3
12 0 140
12 55 41
12 65 2
12 366 2
12 634 5
12 781 4
13 66 29
13 192 7
13 224 2
13 320 50
14 127 2
14 152 7
14 210 4
14 321 3
14 376 2
14 584 10
14 616 3
15 352 2
15 485 2
15 659 5
15 854 6
16 9 3
16 24 13
16 64 24
16 96 2
16 516 2
16 643 2
16 806 149
17 48 2
17 129 2
17 258 2
18 51 2
18 203 4
18 215 9
18 290 5
18 641 13
18 645 8
19 7 15
20 1 2
20 10 2
20 28 7
20 36 7
20 194 3
20 323 2
20 786 9
21 258 6
21 308 4
22 24 17
22 97 2
22 133 2
22 281 4
22 320 10
22 565 2
23 886 2
24 9 68
24 781 2
24 786 2
24 848 2
24 944 9
25 523 13
25 592 2
26 20 12
26 22 3
26 109 118
27 210 4
27 547 10
27 549 2
28 42 2
28 72 4
28 146 10
28 203 6
28 624 2
28 647 3
29 1 25
29 5 4
29 327 6
29 532 9
29 809 13
30 21 3
30 52 2
30 588 2
31 77 4
31 561 3
32 42 2
32 211 2
32 219 35
32 276 2
32 388 844
32 414 8
32 514 2
32 612 152
32 641 3139
32 721 2
32 759 2
32 803 5
32 848 4
33 2 11
33 3 2
33 26 2
33 31 6
33 64 431
33 277 2
33 320 2
33 945 5
34 292 2
34 324 3
34 561 2
34 663 2
34 720 332
34 800 17
35 65 2
35 551 9
35 689 2
36 12 6
36 34 10
36 48 4
36 257 5
36 320 2
36 555 35
36 858 2
37 2 7
37 364 2
37 520 2
37 640 24
37 673 12
38 1 2
38 180 7
38 204 32
39 3 2
39 520 32
39 982 4
40 9 3
40 20 2
40 39 10
40 65 3
40 512 3
40 605 2
40 645 9
40 672 4
40 756 2
40 761 35
40 840 38
40 980 3
41 96 2
41 263 15
41 276 12
41 321 2
41 513 2
41 987 129
42 140 7
42 411 2
42 839 13
43 1 6
43 546 5
44 10 2
44 12 2
44 47 2
44 430 2
44 524 7
44 794 2
45 50 2
45 266 27
45 615 2
45 808 6
45 844 3
46 57 2
47 80 11
47 1022 8
48 67 1687
48 168 2
48 176 2
48 193 3
48 198 2
48 226 2
48 646 7
48 789 118
48 932 2
49 4 2
49 310 2
49 516 2
50 9 2
50 113 18
50 528 2
51 70 2
51 377 2
51 516 4
52 46 15
52 256 548
52 285 2
52 390 86
52 899 2
53 146 5
53 245 2
54 112 3
54 718 66
55 278 2
56 89 2
56 472 2
57 5 9
57 33 31
57 128 17
57 448 3
58 470 2
59 58 2
59 292 7
59 453 5
60 3 2
60 5 2
60 33 8
60 112 26
60 948 13
61 644 51
62 521 74850
62 612 2
64 1 6
64 26 8
64 41 3
64 194 2
64 197 2
64 203 2
64 272 9
64 370 15
64 481 15
64 514 4
64 686 2
64 771 8
64 780 2
64 790 2
65 25 2
65 61 6
65 96 2
65 104 5
65 218 28
65 241 230
65 274 2
65 421 317
65 515 2
65 571 6
65 614 182
66 140 63
66 545 3
67 16 11
67 20 4
67 37 3
67 73 8
67 453 6
67 482 2
67 840 2
68 192 3
68 226 6
68 284 2
68 322 5
69 138 2
69 276 13
69 529 3
69 572 2
69 768 7
70 109 49
70 212 2
70 431 2
70 608 27
70 642 6
70 646 2
70 648 2
70 672 71
71 409 16
72 8 10
72 65 2
72 280 2
72 533 16
72 961 2
73 640 3
73 870 5
73 999 2
74 512 4
74 548 2
74 600 13
74 768 18
74 1012 2
75 259 30
75 576 2
76 76 2
76 84 3
76 133 42
76 262 464
76 586 8
76 855 28
77 267 2
77 450 6
77 456 4
78 288 81
78 517 3
78 784 5
78 919 4
79 165 11
80 0 2
80 51 6
80 82 2
80 132 4
80 211 2
80 677 2
80 920 2
81 807 6
81 852 10
82 280 2
82 283 26
83 115 2
83 124 4
83 304 6685
83 617 2
83 784 28
84 64 3
84 74 2
84 216 3
84 490 93
85 31 2
85 65 17
86 234 10
86 524 9
87 353 6
87 462 5
87 512 17
87 515 4
88 330 7
88 782 2
89 2 11
89 4 3
89 76 340
90 20 2
90 274 16
90 843 2
90 977 2
90 988 2
91 154 11
91 652 4
91 951 18
92 91 2
93 134 608
93 669 2
94 869 6
94 954 6
95 20 2
95 34 2
96 32 12
96 80 2
96 103 2
96 148 6
96 208 2
96 220 5
96 276 9
96 304 29
96 321 2
96 356 2
96 547 2
96 776 2
96 820 2
97 48 2
97 195 21
97 286 3
97 473 3
97 525 8
98 14 2
98 352 24
98 401 5
98 671 2
98 928 2
99 117 2
99 134 361
99 249 22
100 128 25
100 294 13
100 768 4
100 901 10476
101 70 13
101 124 2
101 161 2
101 169 2
101 392 2
101 599 15
102 6 2
102 78 2
102 166 32
102 264 2
103 704 31
104 26 19
104 28 4
104 48 2
104 64 254
104 132 6
104 313 2
104 512 2
104 673 9
105 3 6
105 296 2
105 779 9
106 516 2
106 652 5
107 3 3
108 514 30
108 825 2
109 707 2
111 12 2
112 0 2
112 1 3
112 3 14
112 28 29
112 84 2
112 107 2
112 165 6
112 776 50
114 68 3
114 452 3
114 497 2
114 872 2
116 33 5
117 106 10
117 803 2
118 565 6998
119 446 2
119 836 2
120 0 3
120 76 2
121 536 2
122 24 8
122 80 13
122 185 2
122 294 2
123 600 2
124 348 106
125 268 6
128 1 11
128 10 7
128 58 3
128 134 85
128 200 2
128 208 4
128 320 2
128 362 294
128 375 3
128 376 2
128 433 2
128 453 3
128 628 38
128 806 2
129 0 3
129 39 18
129 88 2
129 163 2
129 584 4
129 707 2
130 78 2
130 272 2
130 273 8
130 528 13
130 540 4
130 675 8
130 772 2
130 980 2
132 17 2
132 94 1060
132 372 826
132 516 11
132 713 18
132 916 2
132 957 2
133 23 2
133 138 25
133 614 6
134 67 4
134 84 2
134 224 2
134 377 1657
134 390 5
134 516 2
134 768 3
135 544 2
136 21 15
136 39 2
136 81 7
136 160 2
136 482 14
136 610 2
136 657 3
136 831 14
137 148 29
137 256 4
137 259 2
137 325 84
137 678 2
137 778 3
138 415 3
138 590 3
139 87 4
139 426 11
139 865 2
140 72 3255
140 143 2
140 168 514
140 464 2
140 724 18
140 776 2
141 2 7
141 954 30
142 641 2
143 116 3
143 144 2
143 187 110
143 286 2
143 642 2
144 18 522
144 68 3
144 248 8
144 257 14
144 418 2
144 433 92
144 520 15
144 800 10
145 1 2
145 2 2
145 94 57
145 184 5
145 216 3
145 273 7
145 513 2
146 69 4
146 146 2
146 396 4
146 910 318
147 513 52
148 24 269
148 130 8
148 139 2
148 146 107
148 278 2
148 464 2
148 515 18
148 912 2
149 20 6
149 633 22
149 649 2
150 160 3
150 656 2
151 102 5
151 132 26
151 207 4
153 26 16
153 592 748
153 598 3
153 961 2
156 133 3
156 521 4
156 814 15
157 404 7
158 104 2
159 526 4
160 34 35
160 144 7
160 452 2
160 644 9
161 21 2
161 40 2
161 326 135
161 576 20
161 717 2
161 898 3
162 290 3
162 306 11
162 517 2
163 361 2
164 38 8
164 87 4
164 264 16
164 329 2
164 481 33
164 636 25
164 646 20
165 141 8
167 104 7
167 289 2
167 384 6
167 456 6
168 8 2
168 67 2
168 98 6
168 480 2
169 72 7
169 351 2
171 144 2
171 810 2
172 32 2
172 569 4
174 493 4
174 582 7
175 863 3
176 137 3
176 270 7
176 824 3
176 932 15
177 128 10
177 280 2
177 560 2
177 611 6
178 100 2
178 144 16
178 580 9
179 429 2
180 19 9
180 152 35
180 600 2
181 97 12
181 331 2599
181 964 2884
182 300 2
182 672 678
182 728 2
184 141 24
184 161 2
184 664 2
185 5 2
185 391 3
186 272 11
186 582 2
187 800 13
188 4 12
188 199 10
192 43 24
192 52 20
192 72 15
192 177 5
192 388 23
192 392 10
192 524 8
192 536 2
192 713 2
192 898 2
192 904 4
192 999 2
193 8 2
193 120 2
193 131 33
193 162 2
193 375 3
193 422 28
193 718 6
193 775 4
194 592 2
194 677 11
196 286 5
196 377 2
197 61 5
197 100 4
197 592 22
197 611 6
198 3 2
198 196 20
198 812 7
200 577 2
201 39 2
201 98 22
201 140 2
202 11 110
203 654 4
204 520 3
205 457 3
206 80 8
208 12 7
208 14 7
208 88 6
208 534 2
209 55 2
209 513 3
209 564 2
210 1 2
210 882 2
211 4 10
212 69 23
212 262 2
212 673 2
214 369 68
216 792 2
217 923 5
218 86 21228
219 389 2
220 176 2
220 658 2
222 532 7
222 852 176
225 257 2
225 316 6
225 948 7
226 35 2
226 157 14
227 336 3
228 32 2
228 294 114
230 9 2
231 290 5
232 5 3
232 130 6
232 480 109
233 212 2
233 912 36
233 973 2
234 917 18
235 645 2
237 91 32
239 370 4
239 560 2
240 18 4
240 66 11
240 799 2
240 914 9
241 206 2
241 245 2
242 156 11
244 33 4
244 356 15
244 932 18
245 705 11
246 64 2
247 626 8
248 0 2
248 557 2
248 902 12
250 46 2
253 636 38
256 1 265
256 4 2
256 5 3
256 68 216
256 69 12
256 160 2
256 212 23
256 262 3
256 312 2
256 416 5
256 512 2
256 522 3
256 616 5
256 705 11
256 764 2
256 804 2
256 904 5
256 963 20
256 992 2
257 0 13
257 156 6
257 268 2
257 680 2
257 806 87
257 912 2
257 920 2
257 945 2
258 24 59
258 34 5
258 36 2
258 138 6
258 265 17
258 673 2
258 880 71
259 7 15
259 165 7
259 226 2
259 532 2
260 256 49
260 295 2
260 545 5
260 678 3
260 978 2
261 8 91
261 67 6
261 72 2
261 356 13
261 672 2
261 995 7
262 134 12
262 193 2
262 256 2
262 906 10
262 1013 9
264 4 8
264 296 2
264 320 5
265 264 2
265 339 4
265 632 64
266 11 23
266 56 67
266 242 2
266 326 2
266 336 2
267 523 2
267 581 8
268 12 7
268 34 6
268 192 2
268 512 2
268 524 4
268 577 18
269 444 10
269 640 5
270 73 14
270 532 135
270 642 3
272 41 7
272 162 5
272 208 4
272 225 5
272 234 4
272 259 4
272 280 9
272 378 197707
272 520 2
272 554 3
272 640 189
272 684 223
272 899 2809
273 47 2
273 693 10
273 903 2
274 334 6
275 4 3
275 16 2
275 116 38
275 133 4
275 401 2
275 485 3
275 512 20
276 392 9
276 394 3
276 628 5
276 661 2
277 8 2
277 128 2
277 385 4
278 258 4
279 18 12
279 901 3
280 36 2
280 82 2
280 600 146
280 674 3
281 101 2
282 136 3
282 576 2
282 717 2
283 35 12
284 835 2
286 624 2
286 832 2
287 448 8
288 47 2
288 132 4
288 224 2
288 292 2
288 341 8
288 545 2
289 36 11
289 156 114
289 468 4
289 472 19
289 648 3
289 753 3
289 788 9
290 0 2
290 258 6
290 388 670
291 610 33
291 768 2
291 967 3
292 7 10
292 19 9
292 134 2
292 162 2
292 593 7
293 256 2
293 960 7
294 742 107
294 864 2
296 57 2
296 84 3
296 131 5
296 231 6
296 260 2
296 288 73
296 336 2
296 409 4
296 516 2
297 167 7
297 389 2
297 544 41
297 742 34
299 78 5
299 291 2
300 29 3
300 140 2
301 274 2
301 777 4
303 292 5
304 6 17
304 8 7
304 42 2
304 63 3
304 106 19
304 212 3
304 258 5
304 292 2
305 11 2
305 34 9
305 163 10
305 576 2
306 36 2
306 550 2387
306 918 2
308 583 16
308 692 4
308 832 2
308 848 31
309 77 3
310 44 5
312 514 2
314 109 28
314 376 1637
314 518 2
315 739 6
316 452 2
318 914 3
320 29 2
320 315 4
320 407 6
320 428 4
320 641 8
321 4 4
321 262 2
321 337 2
321 768 2
321 834 7
321 1008 5
322 80 2
322 196 18
322 272 2
322 416 76
322 899 6
322 902 23
323 360 2
323 515 2
324 16 2
324 106 2
324 167 28
324 200 2
324 513 2
324 530 7
325 6 4
325 74 2
325 614 2
326 16 29
326 116 22
326 280 2
326 443 10
327 675 2
328 45 6
329 35 4
329 836 1709
331 512 2
332 456 25
334 265 2
334 288 2
335 83 2
335 391 2
336 18 15
336 100 2
336 576 2
336 632 2
337 352 5
337 768 7
338 33 2
338 160 2
340 106 414
340 704 13
340 763 2
342 15 137
342 168 21
342 272 4
343 475 15
344 188 6
345 32 8
345 728 18
345 992 40
346 11 5
347 11 27
347 149 2
347 313 2
348 128 2
349 12 11
352 419 14
352 514 5
352 680 5
352 794 2
352 860 2
353 389 269
353 684 2
354 25 2
354 30 2
354 288 2
354 836 28
355 134 2
355 634 2
356 800 5
357 433 15
357 641 3
358 3 2
358 168 2
358 197 21
360 514 16
360 555 894
360 732 4
360 784 2
360 810 2
361 266 2
361 316 175
362 34 2
363 162 3
364 740 16
366 657 2
368 49 3
368 738 2
368 925 160
371 112 2
371 705 2
371 772 2
372 352 5
375 77 10
376 193 17
379 333 6
381 531 2
382 562 3
384 6 63
384 156 11
384 168 9
384 312 21
384 332 8
384 423 27
384 457 3
384 481 5
384 531 52
384 571 3
384 597 47
384 692 44
384 841 10
384 962 535
385 2 16
385 75 33
385 213 5
385 214 3
385 513 18
385 563 2
386 73 2
386 158 20
386 160 10
386 206 12
386 846 2
386 849 2
386 912 2
387 297 3
387 545 3
387 1016 17
388 332 2
390 566 21
391 8 2
391 461 15
391 800 8
392 38 2
392 336 36
392 553 2
392 674 34
393 461 7
394 80 7
394 211 3
394 590 15
395 558 2
395 647 19
396 6 22
396 536 11
396 546 2
396 777 25
397 132 2
397 518 6
398 943 2
399 9 2
400 10 124
400 21 7
400 712 14
401 58 2
401 284 2
401 673 37
402 68 23
402 80 2
402 769 23
403 20 4
404 209 78
404 298 3
406 677 9
406 928 2562
407 591 9
408 66 2
408 405 9
408 576 21
409 66 4
409 105 2
409 888 2
410 520 2
411 20 2
412 6 5
413 640 11
414 932 2
415 101 1269
416 52 2
416 292 8
416 832 2
417 577 2
418 16 6
419 7 4
420 32 4
420 114 2
420 288 4
420 424 4
420 538 6
420 545 10
422 736 2
423 651 2
424 481 11
425 161 38
425 261 2
425 746 2
425 776 2
426 644 2
427 580 2
428 32 16
428 194 3
428 620 2
428 880 2
430 8 2
430 68 2
430 203 2
433 24 153
433 197 8
433 398 4
434 734 8
436 597 2
437 2 2
441 21 16
442 691 2
444 769 2
444 801 2
448 92 2
448 513 2
448 655 2
449 321 5
450 450 23
452 48 20
452 136 2
452 205 94
452 488 2
452 512 7
452 513 9
453 368 3
453 661 2
454 9 2
454 437 3
454 634 4
454 782 6
455 640 5
456 105 3
456 367 2
456 376 2
456 774 9
458 101 4
460 197 5
460 462 2
460 566 2
461 625 4
461 901 2
462 516 2
462 641 22
463 916 11
464 265 6
465 531 662
465 761 3
465 902 2
467 211 3
467 300 2
470 713 2
472 226 2
473 6 26
473 600 6
473 800 2
476 775 33
480 0 7
480 731 5
480 928 2
481 288 3
481 416 5
482 64 2
482 285 8
483 555 7
488 3 3
488 269 27
488 334 2
488 565 3
489 64 45
491 112 2
501 519 18
504 267 2
505 332 3
506 706 55
512 1 2
512 5 5
512 36 4
512 65 19
512 173 17
512 266 2
512 420 27
512 438 5
512 453 263
512 482 2
512 522 20
512 685 11
513 5 3
513 42 2
513 47 7
513 65 41
513 100 7
513 304 2
513 340 147
513 548 3
513 644 10
514 36 13
514 160 18
514 401 14
514 452 7
514 780 3
515 93 40
515 157 4
515 273 3
516 33 6
516 69 2
516 72 3
516 169 2
516 357 34
516 385 20
516 442 2
516 582 233
516 605 4
516 779 13
516 785 3
517 0 699
517 3 2
517 8 3
517 34 245
517 132 2
517 177 2
517 525 430
517 534 36
517 672 30
517 676 6
517 768 8
518 0 3
518 41 12
518 66 2
518 517 8
519 944 12
519 967 16
520 9 4
520 164 2
520 328 56
520 436 2
520 785 14
520 812 2
521 131 2
521 229 29
521 450 9
521 554 3
521 560 6
521 609 5
522 1 2
522 121 220
522 234 2
522 549 5
522 652 814666
525 134 2
525 820 13
526 776 2
527 36 2
527 713 5
528 10 5
528 33 90
528 36 4
528 97 2
528 156 853
528 344 3
528 406 10
528 512 2
528 580 2
528 611 6
528 720 2
528 801 750
529 16 2
529 148 2
529 260 3
529 423 2
529 517 4
529 520 3
529 836 10
530 20 2
530 86 27
530 132 29
530 278 2
530 325 2
530 522 9
530 696 29
532 11 2
532 134 6
532 292 2
532 550 5
532 853 2
533 5 2
533 787 23
534 6 2
534 425 2
534 786 7
534 928 171
535 10 92
536 10 2
536 244 5
536 687 2
536 902 2
537 99 2
537 138 4
537 257 13
537 478 16
538 74 4
538 84 2
538 820 6
540 256 105
541 344 5
541 793 10
544 21 8
544 151 2
544 160 10
544 416 16
544 429 2
544 536 9
544 542 2
544 551 2
544 597 7
545 209 2
545 226 4
545 743 2
545 914 2
546 4 275
546 263 6
546 612 7
546 650 2
546 758 2
546 900 15
547 265 2
547 427 2
547 577 25
548 169 3
548 512 28
548 577 13
548 586 72
549 68 2
549 97 26
549 530 70
550 36 2
550 649 6
550 800 28
551 4 9
551 40 4
551 89 2
552 136 2
552 640 10
552 656 2
553 36 2
553 102 3
553 933 4
554 4 3
554 137 2
554 296 10
555 52 2
557 6 5
557 370 8
557 400 2
557 512 9
557 557 4
559 557 7
560 32 7
560 168 8
560 354 2
561 521 3
562 162 2
562 977 16
562 992 2
563 20 2
563 410 26
564 659 2
565 105 7
566 4 8
566 44 4
566 132 6
567 793 13537
569 385 2
569 522 2
571 100 3
571 457 6
572 36 3
572 64 2
572 257 2
572 370 2
572 777 10
573 886 8
574 533 23
574 696 2
576 4 2
576 5 2
576 48 11
576 76 5
576 133 10
576 172 2
576 228 2
576 325 2
576 371 2
576 525 24
576 547 7
576 607 4
577 72 5
577 222 2
577 236 2
577 292 9
577 577 2
578 26 2519
578 96 5
578 120 11
578 136 232
578 554 5444
578 572 2
578 575 4
579 80 2
579 136 2
579 621 6
579 789 12
580 64 109
580 528 2
580 598 7
581 645 19
582 633 2
583 129 22
584 432 5
584 833 3
585 64 2
585 208 2
585 217 3
585 354 3
585 389 109
586 64 38
586 530 9
586 658 2041
587 608 8
588 784 3
589 389 14
590 276 2
590 520 12
590 788 2
592 2 43
592 4 3
592 148 2
592 322 26
592 566 14738
592 585 50
593 429 47
595 557 2
596 11 140
596 33 8
596 91 3
596 154 8
597 387 2
600 68 2
600 562 5
600 573 2
600 575 12
601 335 4
601 431 2
602 480 715
604 913 6
604 1006 2
605 80 3
606 281 2
606 807 6
607 288 2
607 393 2
608 176 20
608 185 6
608 522 3
608 576 8
608 648 2
609 28 2
609 225 21
609 768 2
611 125 2
612 170 9
612 534 18
613 840 21
614 265 2
614 936 2
616 450 100
616 806 108
617 374 2
617 908 2
618 70 8
618 1004 387
619 76 220
619 140 44
619 231 2
621 293 2
623 1000 3
624 579 19
625 5 2
625 261 2
625 530 4
626 8 2
626 104 2
626 114 2
626 528 37
626 608 3
627 3 2
627 418 2
627 977 5
628 76 2
629 446 3
629 528 21
631 24 8
633 812 17
635 546 4
637 73 5
638 161 2
640 4 7
640 16 6
640 160 5
640 181 2
640 246 5
640 369 2
640 421 24
640 467 2
640 525 5
640 584 19
640 659 2
640 732 13
640 938 4
642 512 2
642 562 2
642 724 3
643 73 2
643 775 2
644 48 2
644 387 2
644 660 2
644 756 2
644 769 2
645 4 3
645 25 2
645 195 2
645 548 304
646 289 2
646 388 2
648 76 7
648 98 10
648 210 5
648 369 39
648 694 3
648 769 23
649 4 5
649 48 23
650 108 14
650 953 2
652 257 3
652 594 5
654 129 2
654 565 2
655 384 6
655 761 9
656 3 2
656 278 2
656 370 38
656 833 2
657 79 2
657 201 5
658 10 2
658 26 3
658 226 2
660 36 11
660 69 3
660 85 226
662 374 2
664 16 42
664 205 3
664 539 4
664 781 35
665 3 15
665 260 15
666 66 2
668 163 4
668 464 3
668 749 2
670 515 2
672 1 10
672 64 9
672 129 84
672 514 2
672 608 2
672 717 2
674 259 13
674 288 24
674 672 5
675 257 2
675 470 20
676 52 2
677 121 7
677 641 40
679 556 9
680 20 3
680 39 2
680 450 2
680 540 4
681 6 2
681 33 4
682 14 2
684 1008 7
686 426 187
686 593 2
690 110 6
691 12 578318
692 914 8
693 397 7
693 522 3
694 6 2
694 768 3
694 976 2
695 585 9
697 710 11
700 18 2
700 229 2
700 864 2
701 34 107
701 941 6
704 34 2
704 76 18
704 135 2
704 292 3
704 514 2
705 596 2
705 854 5
706 17 22
706 732 3
708 108 2
709 325 2
709 354 41
709 843 2
710 2 2
711 19 13
712 141 3
712 283 2
712 294 2
712 862 13
713 593 3
713 837 2
716 98 2
716 339 129
716 649 2
716 842 2
719 512 69
720 7 34
720 144 19
720 803 2
721 0 15
721 170 8
721 323 13
721 584 6
722 100 5
722 146 73
722 393 4219
723 142 77
724 20 4
724 596 412
725 44 2
728 227 20
728 350 13
728 712 10
732 834 2
737 25 18
737 64 2
737 610 90
740 778 6
740 801 4
741 45 5
742 97 2
743 787 3
744 124 2
744 280 2
744 762 2
745 63 39
746 386 6
746 536 4
752 261 2
752 494 2
752 786 10
754 32 12
759 130 2
760 40 4
760 220 118
760 257 5
760 300 443
761 435 4
763 668 2
765 513 2
768 68 6
768 326 2
768 502 2
768 608 2
768 666 7
768 926 8
769 34 260
769 277 13
769 350 21
769 640 4
769 773 4
770 211 70
770 256 2
770 663 5
771 128 14
771 800 10
772 0 2
772 32 2
772 130 2
773 1 8
774 8 5
775 48 18
775 921 2
776 101 2
776 586 2
776 697 4
777 6 8
777 84 2
777 318 5
777 554 29
777 608 35
777 641 2
778 330 2
778 389 2
780 14 717
780 552 540
780 707 4
781 222 4
781 496 2
782 226 69
782 405 17
784 1 3
784 514 2
784 549 2
784 634 3
785 45 2
785 257 2
786 142 4
787 199 14
788 324 6
788 332 11
792 16 2
792 274 8
792 540 4
792 594 37
793 52 10
795 422 5
795 661 3
798 776 9
800 9 2
800 45 3
800 73 8
800 97 2
800 133 2
800 824 3
801 34 3
801 312 2
801 642 110
802 769 2
804 0 6
804 104 2
804 337 2
804 433 2
804 779 5
806 43 7
806 134 2
806 232 2
806 326 4
808 526 8
808 777 2
808 937 5
808 945 2
810 17 2
810 394 6
810 416 9
812 778 2
814 161 42
814 264 2
814 523 2
814 905 6
816 18 32
816 24 23
817 784 3
818 253 21
819 69 2
819 538 10
821 236 2
822 211 8
824 392 9
824 609 3
824 978 4
828 592 2
830 356 2
832 16 6
832 21 13
832 30 181
832 43 2
832 304 2
832 328 4
832 427 4
832 518 7
833 147 16
833 999 2
834 0 9
834 32 2
834 67 9
834 148 32
834 912 792
835 264 10
835 583 2
836 86 63
836 388 4
836 485 5
838 785 2
839 21 2
840 106 3
840 545 11
841 32 28
841 370 2
842 200 3
843 939 18
845 624 6
848 90 262
848 313 5
848 899 4
849 792 12
850 776 2
851 195 2
852 2 724
852 72 2
852 824 3
854 681 83765
856 256 75
856 866 2
857 42 142
862 130 2
863 516 17
864 23 156
864 786 2
866 260 2
867 998 2
868 332 4
870 68 2
871 264 2
872 50 22
872 165 539
873 9 2
874 360 2
880 611 8
882 42 2
882 591 2
882 778 3
884 802 2
894 392 33
895 603 25
896 868 18
897 39 98
897 1002 4
898 699 5
899 736 2
900 4 11
900 162 2
900 313 2
902 131 2
902 420 2
903 339 17
904 112 10
904 231 2
904 552 4
904 929 130
905 12 1329
905 196 2
905 572 4242
906 194 30
906 210 2
906 328 2
907 276 26
910 614 7
911 5 2
911 10 167
912 2 76
912 129 8
912 388 2
914 669 2
914 776 39
914 968 2
915 431 39
916 777 3
917 560 2
917 912 17
918 0 2
921 272 4
921 320 6
922 8 2
922 784 2
924 33 2
924 196 99
927 190 4
928 64 2
928 384 4
928 518 8
929 10 556
929 257 2
929 316 6
930 720 9
931 657 22
932 274 13
932 783 3
933 657 2
934 94 5
938 316 10
938 552 1254
940 512 2
941 771 2
944 165 7
945 456 2
947 568 3
948 9 2
951 818 2
953 905 2
954 22 2
956 846 3
958 844 2
961 131 4
961 291 46
961 333 5
961 472 5
963 130 37
965 937 6
966 29 4
966 192 5
966 555 4
968 51 60
968 352 2
969 313 24
969 769 2
970 180 2
971 566 6
976 779 2
977 22 2
977 34 7
977 549 554
978 817 2
984 324 4
984 483 7
985 268 5
986 772 2
987 962 8
988 366 2
996 36 487697
996 836 4
998 127 2
998 179 21
1000 260 2
1001 286 464
1002 652 2
1002 912 2
1011 36 5
1013 316 103
1020 371 2
1020 385 2
1021 643 2
