0 4 12
0 9 2
0 29 22751
0 47 43
0 112 6
0 135 2
0 166 8
0 215 2
0 259 2
0 265 2
0 274 7
0 321 10
0 352 2
0 415 6
0 618 36484
0 646 2
0 670 23
0 674 2
0 679 2
0 704 6
0 843 2
0 917 2
0 936 2
1 7 2
1 15 4
1 30 2
1 37 15
1 70 2
1 82 2
1 135 3
1 228 3
1 481 2
1 565 2
1 644 2
1 705 4674
1 768 2
1 825 9
1 920 2
2 0 11
2 3 6
2 8 9
2 48 2
2 132 26
2 260 2
2 267 26
2 328 10
2 523 9
2 826 2
3 24 19
3 272 387
3 277 4
3 530 17
3 652 18
3 817 51
4 0 2
4 4 2
4 24 260
4 60 3
4 293 13
4 576 2
4 683 12
4 774 2
4 808 45
5 18 2
5 216 40
5 887 71
6 3 451
6 148 24
6 259 3
6 267 2
6 466 4
6 512 2
6 798 6
6 1002 2
7 81 4
7 110 2
7 715 4
8 1 2
8 2 2
8 19 2
8 32 2
8 42 155
8 58 2
8 202 118
8 272 4
8 273 3
8 386 2
8 393 9
8 486 45
8 552 2
8 642 2
8 735 2
8 902 2
9 43 2
9 274 7
9 416 2
9 526 5
9 572 305
9 823 1005
9 907 4
10 13 4
10 40 4
10 75 10
10 160 2
10 176 10
10 518 2
10 523 7
10 584 2
10 599 2
10 680 2
10 778 446
11 779 2
12 0 3456
12 55 297
12 65 3
12 366 17
12 634 9
12 781 3
13 66 138
13 192 3
13 224 2
13 320 8
14 127 2
14 152 2
14 210 4
14 321 67
14 376 2
14 584 2
14 616 2
15 352 2
15 485 2
15 659 2
15 854 5
16 9 5
16 24 2
16 64 9
16 96 13
16 516 2
16 643 23
16 806 15
17 48 25
17 129 4
17 258 4
18 51 41
18 203 18
18 215 17
18 290 10
18 641 22
18 645 2
19 7 3
20 1 3525
20 10 14
20 28 9
20 36 4
20 194 23
20 323 9
20 786 25
21 258 23
21 308 5
22 24 27
22 97 4
22 133 2
22 281 10
22 320 2
22 565 2
23 886 2
24 9 6
24 781 452
24 786 4
24 848 3
24 944 4
25 523 3
25 592 2
26 20 2
26 22 2
26 109 2
27 210 2
27 547 233
27 549 10
28 42 10
28 72 21
28 146 22
28 203 6
28 624 2
28 647 8
29 1 2
29 5 48
29 327 11
29 532 22
29 809 3
30 21 7
30 52 33
30 588 2
31 77 2
31 561 7
32 42 2
32 211 2
32 219 2
32 276 6
32 388 7
32 414 5
32 514 16
32 612 5
32 641 62
32 721 2
32 759 2
32 803 10
32 848 23
33 2 3
33 3 2
33 26 2
33 31 18
33 64 65
33 277 16
33 320 2
33 945 3
34 292 25
34 324 12
34 561 2
34 663 2
34 720 2
34 800 2
35 65 2
35 551 7
35 689 4
36 12 2
36 34 6
36 48 10
36 257 10
36 320 2
36 555 2
36 858 2
37 2 9
37 364 536
37 520 3
37 640 5
37 673 2
38 1 2
38 180 4
38 204 7
39 3 2
39 520 2
39 982 13
40 9 9
40 20 117289
40 39 8
40 65 27
40 512 5
40 605 237
40 645 3
40 672 2
40 756 3
40 761 8
40 840 17
40 980 2
41 96 117
41 263 2
41 276 7
41 321 3
41 513 13
41 987 28
42 140 6
42 411 2
42 839 12
43 1 4
43 546 3
44 10 2
44 12 313
44 47 25
44 430 2
44 524 5
44 794 2
45 50 157
45 266 3
45 615 2
45 808 2
45 844 4
46 57 2
47 80 23
47 1022 3
48 67 2
48 168 7
48 176 3
48 193 14
48 198 12
48 226 2
48 646 10
48 789 30
48 932 12
49 4 44
49 310 2
49 516 4
50 9 2
50 113 9
50 528 2
51 70 12
51 377 3
51 516 14
52 46 36
52 256 28044
52 285 1959
52 390 5
52 899 2
53 146 2
53 245 25
54 112 7
54 718 2
55 278 2
56 89 2
56 472 31
57 5 14
57 33 2
57 128 9
57 448 2
58 470 38
59 58 2
59 292 1001
59 453 436
60 3 11
60 5 2
60 33 10
60 112 16
60 948 3
61 644 2
62 521 2
62 612 2
64 1 2
64 26 22
64 41 2
64 194 2
64 197 12
64 203 2
64 272 2
64 370 6
64 481 4
64 514 8
64 686 3
64 771 4
64 780 2
64 790 2
65 25 2
65 61 21
65 96 3
65 104 5
65 218 2
65 241 10
65 274 3
65 421 5
65 515 2
65 571 2
65 614 24
66 140 53
66 545 37
67 16 16
67 20 10
67 37 2
67 73 120
67 453 18
67 482 2
67 840 2
68 192 2
68 226 14
68 284 2
68 322 15
69 138 2
69 276 3
69 529 2
69 572 9
69 768 4
70 109 7
70 212 4
70 431 12
70 608 47
70 642 7
70 646 2
70 648 3
70 672 2
71 409 2
72 8 56
72 65 5
72 280 4396
72 533 2
72 961 2
73 640 15
73 870 3
73 999 2
74 512 18
74 548 2
74 600 8
74 768 4
74 1012 2
75 259 2
75 576 2
76 76 2
76 84 2
76 133 27
76 262 11
76 586 7
76 855 2
77 267 2
77 450 4
77 456 2
78 288 1173
78 517 14
78 784 4
78 919 11
79 165 9
80 0 287
80 51 5
80 82 2
80 132 11
80 211 2
80 677 2
80 920 5
81 807 23
81 852 2
82 280 5
82 283 10
83 115 17
83 124 2
83 304 2
83 617 16
83 784 2
84 64 2
84 74 2
84 216 2
84 490 35
85 31 2
85 65 6
86 234 2
86 524 16
87 353 3
87 462 8
87 512 51
87 515 7
88 330 2
88 782 303
89 2 11
89 4 20
89 76 2
90 20 2
90 274 2
90 843 2
90 977 3
90 988 52
91 154 15
91 652 6
91 951 6
92 91 817
93 134 170479
93 669 4
94 869 14
94 954 3
95 20 2
95 34 2
96 32 2
96 80 2
96 103 3
96 148 2
96 208 2
96 220 3
96 276 2
96 304 8
96 321 2
96 356 2
96 547 15
96 776 24
96 820 2
97 48 4
97 195 5
97 286 74
97 473 2
97 525 4
98 14 15
98 352 2
98 401 24
98 671 2
98 928 2
99 117 2
99 134 2
99 249 8
100 128 2
100 294 45
100 768 10
100 901 45
101 70 3
101 124 71
101 161 4
101 169 7
101 392 2
101 599 3527
102 6 14
102 78 2
102 166 2
102 264 2
103 704 2
104 26 2
104 28 2
104 48 123
104 64 2
104 132 4
104 313 2
104 512 8
104 673 3
105 3 26
105 296 2
105 779 4
106 516 2
106 652 3
107 3 2
108 514 2
108 825 2
109 707 7
111 12 2
112 0 13
112 1 8
112 3 18
112 28 13
112 84 8
112 107 4
112 165 2
112 776 6
114 68 2
114 452 2
114 497 43
114 872 3
116 33 4
117 106 8
117 803 4
118 565 2
119 446 2
119 836 2
120 0 2
120 76 3282
121 536 2
122 24 2
122 80 2
122 185 2
122 294 3
123 600 17
124 348 3
125 268 49
128 1 3
128 10 7
128 58 2
128 134 5
128 200 38
128 208 14
128 320 2
128 362 12
128 375 2
128 376 8
128 433 2
128 453 9
128 628 3
128 806 2
129 0 2
129 39 21
129 88 2
129 163 2
129 584 47
129 707 2
130 78 24
130 272 11
130 273 32
130 528 2
130 540 2
130 675 2
130 772 6
130 980 2
132 17 3
132 94 2
132 372 2
132 516 8
132 713 21
132 916 109
132 957 3
133 23 14
133 138 3
133 614 8
134 67 2
134 84 2
134 224 70
134 377 3
134 390 6
134 516 19
134 768 10
135 544 2
136 21 2
136 39 2
136 81 2
136 160 2
136 482 2
136 610 2
136 657 2
136 831 15
137 148 341
137 256 8
137 259 5
137 325 12
137 678 2
137 778 7
138 415 2
138 590 4
139 87 2
139 426 30
139 865 47
140 72 2
140 143 41
140 168 123
140 464 2
140 724 4
140 776 5
141 2 4
141 954 2
142 641 2
143 116 5
143 144 2
143 187 11
143 286 10
143 642 2
144 18 370
144 68 2
144 248 12
144 257 4
144 418 48
144 433 2
144 520 7
144 800 3
145 1 11
145 2 4
145 94 147
145 184 6
145 216 2
145 273 5
145 513 3
146 69 13
146 146 11
146 396 3
146 910 18
147 513 4
148 24 2
148 130 2
148 139 2
148 146 2
148 278 3
148 464 2
148 515 22
148 912 2
149 20 7
149 633 5
149 649 2
150 160 8
150 656 259
151 102 6
151 132 5
151 207 3
153 26 51
153 592 3
153 598 9
153 961 2
156 133 2
156 521 8
156 814 24
157 404 6
158 104 14
159 526 3
160 34 2
160 144 26
160 452 4
160 644 2
161 21 4
161 40 2
161 326 3
161 576 5
161 717 7
161 898 3
162 290 13
162 306 2
162 517 8
163 361 2
164 38 11
164 87 3
164 264 9
164 329 3
164 481 2
164 636 2
164 646 2
165 141 7
167 104 11
167 289 14
167 384 2
167 456 23
168 8 3
168 67 2
168 98 2
168 480 4
169 72 3
169 351 2
171 144 2
171 810 2
172 32 2
172 569 36
174 493 2
174 582 2
175 863 5
176 137 73
176 270 2
176 824 4
176 932 17
177 128 7
177 280 3
177 560 2
177 611 59
178 100 465
178 144 2
178 580 2
179 429 12
180 19 10
180 152 1782
180 600 2
181 97 2
181 331 466
181 964 2
182 300 2
182 672 72
182 728 2
184 141 2
184 161 2
184 664 16
185 5 2
185 391 4
186 272 15
186 582 2
187 800 4
188 4 13
188 199 2
192 43 2
192 52 2
192 72 2
192 177 4
192 388 6
192 392 6
192 524 16
192 536 3
192 713 33
192 898 6
192 904 18
192 999 5
193 8 2
193 120 2
193 131 3
193 162 2
193 375 33
193 422 44
193 718 2
193 775 2
194 592 2
194 677 3
196 286 17
196 377 2
197 61 5
197 100 2
197 592 18
197 611 2
198 3 48
198 196 3
198 812 7
200 577 3
201 39 15
201 98 17
201 140 2
202 11 2
203 654 2
204 520 2
205 457 2
206 80 8
208 12 3
208 14 3
208 88 2
208 534 7
209 55 5
209 513 10
209 564 3
210 1 5
210 882 35
211 4 15
212 69 2
212 262 7
212 673 23
214 369 2
216 792 55
217 923 4
218 86 1207
219 389 2
220 176 2
220 658 7
222 532 9
222 852 23
225 257 115
225 316 31
225 948 2
226 35 2
226 157 2
227 336 27
228 32 7
228 294 2
230 9 8
231 290 3
232 5 4
232 130 2
232 480 2
233 212 6
233 912 438
233 973 5
234 917 2
235 645 5
237 91 24
239 370 6
239 560 2
240 18 13
240 66 5
240 799 2
240 914 2
241 206 170
241 245 2
242 156 2
244 33 4
244 356 2
244 932 17
245 705 7
246 64 163
247 626 5
248 0 2
248 557 823
248 902 30
250 46 2
253 636 3
256 1 5
256 4 3
256 5 5
256 68 58
256 69 3
256 160 2
256 212 4
256 262 11
256 312 12
256 416 3
256 512 17
256 522 15
256 616 11021
256 705 4
256 764 2
256 804 5
256 904 8
256 963 6
256 992 231
257 0 6
257 156 7
257 268 2
257 680 2
257 806 36
257 912 2
257 920 122
257 945 3
258 24 7
258 34 7
258 36 11
258 138 13
258 265 3
258 673 5
258 880 16
259 7 15
259 165 11
259 226 5
259 532 5
260 256 10
260 295 1233
260 545 4
260 678 2
260 978 2
261 8 4
261 67 3
261 72 2
261 356 6
261 672 2
261 995 19
262 134 3
262 193 68
262 256 4
262 906 200
262 1013 2
264 4 5
264 296 2
264 320 8
265 264 17
265 339 2
265 632 3
266 11 11
266 56 2
266 242 2
266 326 2
266 336 2
267 523 13
267 581 2
268 12 2
268 34 10
268 192 261
268 512 6
268 524 2
268 577 3
269 444 2
269 640 6
270 73 51
270 532 8
270 642 27
272 41 2
272 162 2
272 208 36
272 225 81
272 234 2
272 259 11
272 280 11
272 378 2
272 520 2
272 554 2
272 640 2
272 684 2
272 899 3
273 47 19
273 693 2
273 903 2
274 334 11
275 4 3
275 16 5
275 116 22
275 133 2
275 401 2
275 485 2
275 512 11
276 392 20
276 394 2
276 628 3
276 661 2
277 8 2
277 128 2
277 385 4
278 258 5
279 18 174
279 901 26
280 36 2
280 82 12
280 600 2
280 674 13
281 101 8
282 136 12
282 576 2
282 717 4
283 35 4
284 835 2
286 624 2
286 832 7
287 448 2
288 47 20
288 132 18
288 224 3
288 292 4
288 341 2
288 545 43
289 36 8
289 156 25
289 468 33
289 472 2
289 648 2
289 753 8
289 788 15
290 0 8
290 258 10
290 388 105446
291 610 13
291 768 4
291 967 2
292 7 2
292 19 4
292 134 55
292 162 10
292 593 2
293 256 6
293 960 19
294 742 12
294 864 2
296 57 2
296 84 4
296 131 2
296 231 2
296 260 15
296 288 3
296 336 2
296 409 6
296 516 2
297 167 14
297 389 2
297 544 4
297 742 16
299 78 3
299 291 3
300 29 2
300 140 2
301 274 3
301 777 2
303 292 2
304 6 3
304 8 14
304 42 2
304 63 6
304 106 4
304 212 2
304 258 2
304 292 3
305 11 2
305 34 3
305 163 5
305 576 3
306 36 2
306 550 1710
306 918 172
308 583 9
308 692 2
308 832 2
308 848 4
309 77 3
310 44 139254
312 514 2
314 109 2
314 376 2
314 518 3
315 739 2
316 452 2
318 914 117253
320 29 1888
320 315 21
320 407 2
320 428 2
320 641 7
321 4 2
321 262 3
321 337 195698
321 768 2
321 834 3
321 1008 2
322 80 2
322 196 2
322 272 210
322 416 58
322 899 2
322 902 2
323 360 2
323 515 177
324 16 2
324 106 2
324 167 119
324 200 2
324 513 12
324 530 42
325 6 16
325 74 3
325 614 83
326 16 5
326 116 14
326 280 233
326 443 5
327 675 2
328 45 7
329 35 5
329 836 294
331 512 2
332 456 10
334 265 10
334 288 2
335 83 2
335 391 5
336 18 2
336 100 4
336 576 7
336 632 226
337 352 2
337 768 23
338 33 11
338 160 2
340 106 885
340 704 2
340 763 2
342 15 2
342 168 2
342 272 4
343 475 2
344 188 6
345 32 3
345 728 10
345 992 3
346 11 2
347 11 7
347 149 2
347 313 10
348 128 2
349 12 3
352 419 3
352 514 12
352 680 30
352 794 2
352 860 2
353 389 861
353 684 2
354 25 84
354 30 4
354 288 2
354 836 7691
355 134 2
355 634 38
356 800 14
357 433 14
357 641 2
358 3 2
358 168 2
358 197 5
360 514 4
360 555 2
360 732 9
360 784 57
360 810 2
361 266 2
361 316 2
362 34 21
363 162 9
364 740 4
366 657 2
368 49 2
368 738 2
368 925 157
371 112 2
371 705 7
371 772 5
372 352 2
375 77 31
376 193 11
379 333 11
381 531 2
382 562 16
384 6 2
384 156 7
384 168 229
384 312 4
384 332 9
384 423 2
384 457 5
384 481 4
384 531 22
384 571 3
384 597 2
384 692 14
384 841 7
384 962 2
385 2 6
385 75 6
385 213 2
385 214 2
385 513 2
385 563 2
386 73 2
386 158 4
386 160 23
386 206 2
386 846 8
386 849 2
386 912 2
387 297 3
387 545 5
387 1016 5
388 332 2
390 566 2
391 8 6
391 461 8
391 800 20
392 38 2
392 336 27
392 553 3
392 674 17
393 461 10
394 80 12
394 211 5
394 590 6
395 558 2
395 647 8
396 6 46
396 536 4
396 546 3
396 777 2
397 132 662728
397 518 7
398 943 2
399 9 2
400 10 10
400 21 21
400 712 4
401 58 2
401 284 2
401 673 82
402 68 2
402 80 46
402 769 17
403 20 6
404 209 12
404 298 7
406 677 2
406 928 1770
407 591 10
408 66 79
408 405 4
408 576 2
409 66 9
409 105 5
409 888 2
410 520 2
411 20 5
412 6 2
413 640 9
414 932 2
415 101 2
416 52 2
416 292 5
416 832 2
417 577 3
418 16 2
419 7 12
420 32 3
420 114 9
420 288 3
420 424 2
420 538 11
420 545 55
422 736 2
423 651 3
424 481 2
425 161 3
425 261 2
425 746 67727
425 776 369
426 644 27
427 580 11
428 32 378
428 194 2
428 620 18
428 880 17
430 8 9
430 68 2
430 203 38
433 24 5866
433 197 14
433 398 22
434 734 2
436 597 2
437 2 2
441 21 12
442 691 2
444 769 2
444 801 14
448 92 153
448 513 2
448 655 3
449 321 5
450 450 24
452 48 2
452 136 13
452 205 21
452 488 2
452 512 2
452 513 7
453 368 14
453 661 14
454 9 2
454 437 2
454 634 2
454 782 2
455 640 2
456 105 110
456 367 39
456 376 6
456 774 2
458 101 3
460 197 14
460 462 2
460 566 37
461 625 6
461 901 2
462 516 4
462 641 3
463 916 2
464 265 2
465 531 2
465 761 2
465 902 2
467 211 13
467 300 12
470 713 2
472 226 6
473 6 6
473 600 2
473 800 12
476 775 2
480 0 8
480 731 8
480 928 2
481 288 4
481 416 2
482 64 2
482 285 2
483 555 6
488 3 6
488 269 3
488 334 1401
488 565 2
489 64 2
491 112 16
501 519 16
504 267 10
505 332 75104
506 706 2
512 1 29
512 5 3
512 36 25
512 65 8
512 173 8
512 266 5
512 420 2
512 438 57
512 453 2
512 482 6
512 522 23
512 685 3
513 5 2
513 42 36
513 47 8
513 65 3
513 100 10
513 304 7
513 340 36
513 548 59
513 644 4
514 36 2
514 160 15
514 401 2
514 452 2
514 780 2
515 93 2
515 157 41
515 273 4
516 33 2
516 69 28
516 72 2
516 169 18
516 357 2
516 385 2
516 442 2
516 582 2
516 605 2
516 779 2
516 785 2
517 0 59
517 3 3
517 8 2
517 34 663
517 132 2
517 177 2
517 525 5
517 534 5
517 672 2
517 676 1586
517 768 129
518 0 8
518 41 2
518 66 3
518 517 49
519 944 4
519 967 5
520 9 4
520 164 2
520 328 3
520 436 2
520 785 61
520 812 6
521 131 2
521 229 6
521 450 2
521 554 28
521 560 23
521 609 6
522 1 5
522 121 68
522 234 2
522 549 4
522 652 179
525 134 3
525 820 49
526 776 6
527 36 48
527 713 2
528 10 7
528 33 2
528 36 5
528 97 7
528 156 2
528 344 13
528 406 3
528 512 264
528 580 2
528 611 5
528 720 2
528 801 10
529 16 47
529 148 3
529 260 22
529 423 2
529 517 2
529 520 4
529 836 2
530 20 466
530 86 2
530 132 6
530 278 3
530 325 2
530 522 2
530 696 7
532 11 3
532 134 4
532 292 19
532 550 9
532 853 7
533 5 24
533 787 27
534 6 10
534 425 78
534 786 10
534 928 2
535 10 2
536 10 20
536 244 34
536 687 3
536 902 321
537 99 2
537 138 2
537 257 13
537 478 2
538 74 5
538 84 6
538 820 6
540 256 118
541 344 4
541 793 2
544 21 2
544 151 3
544 160 5
544 416 509
544 429 14
544 536 9
544 542 3
544 551 7
544 597 2
545 209 2
545 226 2
545 743 3757
545 914 4
546 4 5
546 263 32
546 612 7
546 650 114
546 758 2
546 900 12
547 265 142
547 427 2
547 577 3
548 169 6
548 512 2
548 577 2
548 586 56
549 68 2
549 97 151
549 530 2
550 36 2
550 649 12
550 800 2
551 4 2
551 40 262
551 89 6
552 136 2
552 640 6
552 656 9
553 36 10
553 102 2
553 933 12
554 4 3
554 137 2
554 296 8
555 52 2
557 6 2
557 370 10
557 400 2
557 512 2
557 557 2
559 557 2
560 32 6
560 168 2
560 354 2
561 521 3
562 162 2
562 977 7
562 992 32
563 20 2
563 410 2
564 659 30
565 105 2
566 4 8
566 44 2
566 132 2
567 793 2
569 385 60
569 522 2
571 100 2
571 457 4
572 36 9
572 64 4
572 257 2
572 370 2
572 777 7
573 886 6
574 533 2
574 696 2
576 4 2
576 5 2
576 48 2
576 76 3
576 133 9
576 172 11
576 228 2
576 325 3
576 371 3857
576 525 3
576 547 42
576 607 15
577 72 10
577 222 2
577 236 20
577 292 39
577 577 2
578 26 2
578 96 11
578 120 14
578 136 5264
578 554 41
578 572 10
578 575 316
579 80 2
579 136 276
579 621 19
579 789 2
580 64 3
580 528 2
580 598 3
581 645 10
582 633 8
583 129 10
584 432 2
584 833 12
585 64 1567
585 208 2
585 217 3
585 354 2
585 389 14
586 64 2
586 530 10
586 658 10419
587 608 33
588 784 6
589 389 7
590 276 2
590 520 3
590 788 2
592 2 2
592 4 18
592 148 4
592 322 10
592 566 2
592 585 19
593 429 29
595 557 19
596 11 2
596 33 2
596 91 2
596 154 3
597 387 11
600 68 6
600 562 2
600 573 11
600 575 4
601 335 2
601 431 3
602 480 23
604 913 3
604 1006 11
605 80 2
606 281 7
606 807 6
607 288 3
607 393 2
608 176 3
608 185 2
608 522 11
608 576 2
608 648 2
609 28 21
609 225 2
609 768 2
611 125 829
612 170 8
612 534 2
613 840 5
614 265 2
614 936 15
616 450 3
616 806 6
617 374 2
617 908 2
618 70 34
618 1004 2
619 76 2
619 140 122
619 231 2
621 293 2
623 1000 6
624 579 2
625 5 2
625 261 168
625 530 2
626 8 5
626 104 2
626 114 4
626 528 18
626 608 2
627 3 3
627 418 4
627 977 5
628 76 2
629 446 4
629 528 2
631 24 2
633 812 11
635 546 4518
637 73 16
638 161 13
640 4 9
640 16 10
640 160 4
640 181 4
640 246 11
640 369 17
640 421 30
640 467 2
640 525 5
640 584 2
640 659 2
640 732 38
640 938 10
642 512 4
642 562 2
642 724 2
643 73 7
643 775 2
644 48 5
644 387 8
644 660 8
644 756 21
644 769 12
645 4 7
645 25 2
645 195 2
645 548 2
646 289 86
646 388 36
648 76 2
648 98 5
648 210 5
648 369 15
648 694 6
648 769 9
649 4 6
649 48 25
650 108 6
650 953 46
652 257 4
652 594 33
654 129 16
654 565 55
655 384 7
655 761 3
656 3 2
656 278 26
656 370 50
656 833 1374
657 79 2
657 201 4
658 10 3
658 26 43
658 226 3
660 36 4
660 69 8
660 85 2
662 374 2
664 16 8
664 205 8
664 539 3
664 781 45
665 3 5
665 260 5
666 66 16
668 163 2
668 464 9
668 749 2
670 515 3
672 1 33
672 64 3
672 129 2
672 514 213
672 608 2
672 717 2
674 259 3
674 288 4
674 672 2
675 257 2
675 470 2
676 52 7
677 121 3
677 641 11
679 556 3
680 20 3
680 39 2
680 450 2
680 540 6
681 6 2
681 33 2
682 14 4
684 1008 13
686 426 25
686 593 92
690 110 33
691 12 2
692 914 4
693 397 9
693 522 2
694 6 2
694 768 11
694 976 2
695 585 4
697 710 4
700 18 12
700 229 2
700 864 3
701 34 347
701 941 6
704 34 4
704 76 8
704 135 29
704 292 2
704 514 2
705 596 213
705 854 9
706 17 4
706 732 2
708 108 353
709 325 2
709 354 9
709 843 2
710 2 21
711 19 26
712 141 2
712 283 2
712 294 19
712 862 68
713 593 4
713 837 8
716 98 22
716 339 12
716 649 47
716 842 2
719 512 2
720 7 2
720 144 6
720 803 2
721 0 5
721 170 18
721 323 11
721 584 12
722 100 3
722 146 2
722 393 866
723 142 14
724 20 4
724 596 32
725 44 420
728 227 2
728 350 6
728 712 3
732 834 2
737 25 12
737 64 2
737 610 2
740 778 2
740 801 2
741 45 2
742 97 3
743 787 7
744 124 41
744 280 12
744 762 2
745 63 2
746 386 2
746 536 3
752 261 2
752 494 2
752 786 7
754 32 2
759 130 2
760 40 8
760 220 2
760 257 13
760 300 2
761 435 5
763 668 2
765 513 4
768 68 3
768 326 2
768 502 74
768 608 21
768 666 12
768 926 26
769 34 60
769 277 9
769 350 6
769 640 3
769 773 17
770 211 2
770 256 111
770 663 2
771 128 2
771 800 2
772 0 2
772 32 23
772 130 70
773 1 2
774 8 16
775 48 12
775 921 2
776 101 39
776 586 2376
776 697 2
777 6 94
777 84 41
777 318 3
777 554 2
777 608 2
777 641 2
778 330 6
778 389 2
780 14 2
780 552 2
780 707 9
781 222 3
781 496 2
782 226 16
782 405 2
784 1 92
784 514 2
784 549 4
784 634 8
785 45 366
785 257 2
786 142 2
787 199 2
788 324 3
788 332 4
792 16 4
792 274 20
792 540 4
792 594 59
793 52 9
795 422 5
795 661 2
798 776 3
800 9 1240
800 45 5
800 73 9
800 97 2
800 133 5
800 824 4
801 34 2
801 312 2
801 642 93
802 769 6
804 0 17
804 104 2
804 337 6
804 433 3
804 779 2
806 43 1993
806 134 36879
806 232 2
806 326 5
808 526 3
808 777 2
808 937 2
808 945 19
810 17 4
810 394 4
810 416 2
812 778 7
814 161 2
814 264 2
814 523 3
814 905 17
816 18 2
816 24 2
817 784 3
818 253 13
819 69 102
819 538 2
821 236 2
822 211 4
824 392 7
824 609 3
824 978 2
828 592 8
830 356 5
832 16 2
832 21 2
832 30 2
832 43 43
832 304 2
832 328 8
832 427 11
832 518 5
833 147 2
833 999 2
834 0 2
834 32 3
834 67 4
834 148 12
834 912 2
835 264 20
835 583 5
836 86 30
836 388 13
836 485 3
838 785 45269
839 21 2
840 106 14
840 545 6
841 32 2
841 370 17
842 200 2
843 939 3
845 624 6
848 90 2975
848 313 9
848 899 2
849 792 16
850 776 53
851 195 2
852 2 51
852 72 6
852 824 2
854 681 2
856 256 2
856 866 2
857 42 58
862 130 2
863 516 3
864 23 2
864 786 1392
866 260 3
867 998 41
868 332 6
870 68 2
871 264 2
872 50 6
872 165 2
873 9 30
874 360 2
880 611 2
882 42 2
882 591 75
882 778 2
884 802 3
894 392 2
895 603 4
896 868 3
897 39 2
897 1002 2
898 699 8
899 736 4
900 4 3
900 162 2
900 313 49
902 131 6
902 420 2
903 339 3
904 112 2
904 231 2
904 552 32
904 929 1632
905 12 2
905 196 2
905 572 2265
906 194 2
906 210 3
906 328 4
907 276 4
910 614 2
911 5 2
911 10 3
912 2 2
912 129 29
912 388 2
914 669 2
914 776 3
914 968 2
915 431 2
916 777 2
917 560 15
917 912 2
918 0 2
921 272 4
921 320 5
922 8 15
922 784 2
924 33 40
924 196 2178
927 190 3
928 64 12
928 384 5
928 518 2
929 10 3
929 257 16
929 316 4
930 720 2
931 657 4
932 274 28
932 783 26
933 657 15
934 94 3
938 316 2
938 552 2
940 512 10
941 771 15
944 165 25
945 456 2
947 568 3
948 9 15
951 818 3
953 905 3
954 22 2
956 846 2
958 844 2
961 131 2
961 291 80
961 333 2
961 472 5
963 130 3
965 937 7
966 29 10
966 192 12
966 555 22
968 51 2
968 352 23
969 313 34
969 769 3
970 180 2
971 566 16
976 779 4
977 22 7
977 34 6
977 549 2
978 817 2
984 324 3
984 483 2
985 268 5
986 772 14
987 962 2
988 366 2
996 36 657
996 836 9
998 127 2
998 179 26
1000 260 2
1001 286 11
1002 652 2
1002 912 2
1011 36 2
1013 316 2
1020 371 3
1020 385 5
1021 643 22
