0 4 18
0 8 2
0 9 6
0 17 2
0 18 2
0 29 18
0 47 2
0 112 5
0 135 2
0 150 2
0 156 7
0 256 2
0 265 3
0 274 20
0 321 7
0 352 7
0 415 26
0 552 67
0 618 2
0 646 2
0 674 9
0 843 4
0 917 2
0 936 2
1 15 3
1 30 4
1 37 9
1 135 44
1 357 12
1 481 2
1 535 6
1 644 10
1 768 2
1 825 2
1 920 2
2 0 4
2 8 2
2 48 175
2 132 20
2 167 5
2 260 13
2 267 98
2 328 25
2 523 2
2 826 2
3 24 53
3 277 13
3 530 3
3 652 11
3 817 3
4 0 23
4 4 2
4 15 7
4 24 4
4 50 18
4 60 29
4 64 8
4 248 2
4 284 2
4 293 2
4 517 4
4 683 5
4 803 55
4 808 2
5 18 33
5 216 5
5 584 2
5 887 1541
6 3 2
6 148 3
6 212 101865
6 259 2
6 267 2
6 268 7
6 512 2
6 798 6
6 1002 3
7 237 2
7 715 2
8 1 14
8 2 2
8 19 13
8 32 2
8 42 5
8 58 2
8 202 2
8 273 4
8 386 2
8 486 2
8 552 9
8 642 186
8 656 44
8 735 3
8 850 4
8 902 2
9 39 9
9 43 5
9 416 2
9 572 17
9 823 2
9 907 3
10 13 124
10 40 2
10 75 2
10 84 3
10 160 2
10 176 17
10 208 2
10 523 34
10 599 123
10 680 2
10 778 2
11 204 2
11 586 2
11 752 8
12 0 6
12 24 14
12 116 2
12 128 9
12 269 2
12 366 10
12 634 2
12 781 2
13 66 12
13 192 2
13 224 2
13 780 3
14 152 19661
14 210 2
14 321 46
14 376 2
14 616 2
15 352 2
15 485 2
16 9 1219
16 24 2
16 64 6
16 132 30
16 148 16
16 198 2
16 516 20
16 643 27
16 806 2
17 129 4
17 258 2
18 51 2
18 215 11
18 290 2
18 641 76
18 645 3
19 7 9
19 24 2
19 657 5
19 709 2
20 10 31
20 28 5
20 36 63
20 176 10
20 323 50
20 786 4
21 308 23
22 24 50
22 97 3
22 133 27
22 281 8
22 331 2
22 565 479
23 328 2
23 770 4
23 886 2
24 9 22
24 533 2
24 781 8
24 786 3
24 848 2
24 944 5
25 523 39
25 592 2
26 20 4
26 109 12
26 801 2
27 130 6
27 549 2
28 42 4
28 72 109
28 203 2
28 647 14
29 1 10
29 327 7
29 532 2
30 52 8
30 129 59
31 77 23
31 561 2
32 16 2
32 33 3
32 42 3
32 72 6
32 196 2
32 204 4
32 211 2
32 219 5
32 276 2
32 414 168
32 514 27
32 612 59643
32 641 7
32 721 2
32 759 16
32 803 3
32 848 20
33 2 2
33 3 5
33 31 2
33 64 2
33 276 15
33 320 2
33 544 2
33 785 185
33 898 10
33 945 2
34 292 3
34 324 2
34 561 2
34 663 10
34 720 11
35 65 6
35 266 22
35 689 2
36 12 4
36 34 2
36 48 13
36 257 4
36 266 9
36 288 2
36 320 6
36 555 4
36 705 6582
36 858 1714
37 2 5
37 13 45088
37 364 18
37 594 2
37 640 4
37 673 3
38 180 2
38 204 28
39 3 3
39 48 22
39 520 19
39 982 6
40 20 2
40 39 14
40 65 2
40 256 2
40 512 6
40 528 5
40 605 6
40 672 2
40 756 2
40 761 8
40 840 2
40 980 2
41 96 7
41 263 1155
41 276 3
41 321 2
42 42 3
42 140 2
42 329 2
42 411 2
42 778 4
43 1 2
43 546 44
44 10 2
44 12 12
44 430 2
44 524 2
44 794 14
45 23 504
45 50 2
45 266 8
45 615 11
45 808 7
47 80 7
48 168 7
48 176 7
48 193 2
48 198 7
48 226 5
48 646 2
48 708 55
48 789 2
48 932 5
49 17 8530
49 313 10
49 516 2
50 9 3
50 113 7
51 70 3
51 377 21
52 46 1247
52 188 8
52 256 7
52 390 6
53 146 2
54 718 11
56 89 2
56 267 115
56 472 4
56 544 2
56 560 2
57 5 3
57 33 4
57 128 2
58 113 3
58 470 65
59 58 85
59 292 655
59 453 2
59 583 2
60 3 7
60 5 2
60 33 29
60 948 13
61 644 2
61 648 2
62 521 12
62 612 2
64 1 13
64 26 2
64 192 4
64 197 4
64 203 2
64 272 2
64 465 3
64 686 2
64 756 2
64 771 2
64 780 2
64 790 2
65 25 12
65 61 2
65 96 12
65 104 110
65 118 28
65 241 2
65 274 141
65 515 6
65 571 2
65 614 2
66 140 2
66 545 3
67 2 2
67 16 2
67 20 3
67 37 41
67 73 4
67 453 6
67 482 10
67 840 2
68 153 37871004
68 192 9
68 226 2
68 322 3
68 576 7
69 138 2
69 466 77
69 529 2
69 572 2
70 109 15
70 212 14
70 431 2
70 642 2
70 646 2061
70 648 2
70 672 2
71 264 40
71 409 3
71 700 2
72 37 13
72 65 4
72 280 18
72 437 2
72 533 37
73 39 2
73 640 2
73 870 2
73 999 11
74 512 2
74 548 3
75 259 2
75 576 2
76 76 2
76 133 2
76 262 7
77 256 2
77 267 4
77 450 8
77 456 12
78 288 2
78 517 75
78 784 3
78 919 2
79 165 369
80 0 2
80 51 5
80 82 4
80 132 11
80 528 31
80 677 9
80 920 51
81 807 2
81 852 10
82 280 2
82 283 2
83 115 10
83 124 2
83 304 46
83 617 1543
83 784 1774
84 64 41
84 74 2
84 216 4
84 490 4
85 31 2
86 234 2
86 524 5
87 353 2
87 462 50
87 512 37
87 515 3
88 330 2
88 782 2
89 2 4
89 4 2
90 20 33
90 274 5
90 843 7
90 977 2
90 988 3
91 154 3
91 652 79
91 951 10
92 38 2
92 91 2
93 134 30
93 669 3
94 869 4
94 954 6
95 20 2
96 32 3
96 148 2
96 208 13
96 220 2
96 276 2
96 304 30
96 321 6
96 356 6
97 48 7
97 144 11
97 167 3
97 195 2
97 286 3
97 473 6
98 14 9
98 352 109
98 401 2
98 671 2
98 928 23
99 117 139
99 134 2
99 249 8
100 128 15
100 294 2
100 752 18
100 768 14038
101 70 23
101 124 3
101 161 20
101 169 4
101 392 2
101 599 10
102 6 2
102 78 292
102 166 6
102 264 2
103 704 10
104 26 15
104 28 14
104 48 5
104 64 11
104 132 2
104 313 8
104 512 771
104 673 6
105 3 2
105 296 11
105 779 2
106 516 4
106 652 6
107 3 2
107 129 197
108 514 3
108 825 3
109 707 2
111 12 2
112 0 8
112 1 2
112 3 2
112 28 2431
112 84 9
112 107 2
112 165 2
112 776 2
114 68 8
114 416 27
114 452 9
114 497 5
114 872 8
116 33 6
117 106 2
119 446 2
119 836 317523
120 0 2
120 76 11
122 185 7
122 294 15
123 600 2
124 304 5
124 348 17
125 268 2
128 1 2
128 10 27224
128 58 2
128 134 88
128 208 4
128 320 2
128 362 3
128 375 2
128 453 5
128 628 2
128 770 7
128 806 3
129 0 4
129 10 2
129 37 69
129 88 6
129 163 2
129 584 2
129 707 4
130 78 9
130 272 9
130 273 2
130 368 3
130 520 9
130 528 8
130 532 6
130 540 5
130 675 3
130 772 2
130 980 2
131 581 2
132 6 3
132 94 2
132 137 6
132 372 11
132 516 2
132 713 22
132 916 13
132 957 14
133 23 179
133 138 2
133 614 5
134 67 50
134 224 38
134 377 2
134 390 90
134 516 30
134 768 2
135 544 2
136 21 10
136 39 2
136 160 6
136 482 16
136 610 2
136 684 7
136 831 2
137 148 103
137 256 3
137 259 2
137 325 5
137 678 159
137 778 4
138 266 3
138 415 4
138 590 2
138 902 4
139 426 2
139 865 11
140 72 2
140 135 2
140 464 3
140 776 4
141 2 2
141 521 13
141 954 10
143 116 39
143 187 2
143 286 2
143 642 80
144 18 9
144 68 7
144 248 32
144 257 2
144 418 3
144 800 2
145 1 2
145 2 17
145 94 2
145 184 11
145 216 2
145 273 2
145 392 2
145 513 2
145 576 394
146 69 5
146 146 4
146 396 36
146 910 8
147 513 9
147 522 17
148 24 2
148 130 2
148 139 2
148 146 2
148 464 10
148 515 7
148 912 6
149 20 7
150 141 10
150 160 9
151 132 13
151 207 6
151 250 3
153 26 3
153 151 5
153 171 2
153 592 6831
153 598 27930
153 833 9
153 961 14
156 54 2
156 521 8
156 814 6
157 404 4
158 104 2
160 34 2
160 81 3
160 144 6
160 452 1458
160 644 3
160 801 7
161 21 17
161 40 2
161 326 17
161 376 6
161 524 4
161 576 2
161 717 2
161 898 4
162 160 2
162 306 3
162 517 2
163 361 5
163 601 25
164 34 109
164 38 66
164 217 1222
164 329 14
164 481 11
164 646 8
165 141 11
165 397 2
166 686 2
167 104 2
167 289 2
167 384 3
167 456 2
167 712 2
168 8 121
168 67 4
168 68 2
168 98 2
169 72 3
169 351 8
169 514 2
171 144 30
171 810 6
172 8 4
172 32 3
172 569 2
172 664 5
173 261 12
174 493 2
174 582 16
175 863 2
176 32 2
176 137 2
176 273 2
176 916 27
176 932 9
177 128 16
177 280 107
177 611 2
177 744 2
178 100 582
178 144 1454
178 580 37
178 797 5
179 429 2
180 19 4
180 152 2
180 600 19
180 973 5
181 97 2
181 768 92
181 964 1140
182 300 2
182 672 2
182 728 16
184 141 8
184 161 78456
184 664 2
185 5 13
185 42 166
185 391 2
186 272 22
186 582 8
188 199 6
192 43 3
192 52 49
192 72 2
192 177 2
192 388 9
192 392 25
192 524 2
192 536 4
192 713 3
192 898 16
192 904 2
192 999 2
193 8 10
193 28 5
193 120 48
193 131 2
193 162 12
193 375 2
193 422 11
193 718 9
193 775 2
194 321 9
194 592 17
194 677 2
196 81 496
196 286 213
196 377 3
197 61 3
197 100 9
197 297 4
197 611 3
197 769 48
198 3 1881
198 196 8
198 812 9
200 146 2
200 924 4
201 140 3
202 11 3
203 654 3
204 6 8
204 520 2
206 80 10
208 14 5
208 534 2
209 55 7
209 513 5
209 564 2
210 1 17
210 882 2
211 4 34
212 69 3
212 262 2
212 285 7
212 673 2
213 64 5
214 369 2
214 585 2
216 138 18
216 792 6
217 923 2
219 389 2
220 176 7
222 532 2
225 257 2
225 316 2
225 948 2
226 157 34
227 336 8
227 592 4
227 838 215
230 9 2
231 290 2
232 5 17
232 65 3
232 80 9
232 480 35123
233 212 3
233 912 2
234 848 2
235 281 3
235 645 2
237 91 4
238 620 47
238 642 6
239 370 2
239 560 2
240 18 1948
240 66 2
240 914 8
241 206 12
242 156 41
244 33 4
244 356 2
245 705 3
246 64 2346
247 626 2
248 0 2
248 290 2
256 1 2
256 5 2
256 68 2
256 69 2
256 160 2
256 243 2
256 262 2
256 312 217
256 512 2
256 522 2
256 616 5
256 705 49
256 764 7
256 772 2
256 904 3
256 992 8
257 0 313
257 156 4
257 268 2
257 272 2
257 544 2
257 680 67
257 806 2
257 912 49
257 945 2
258 24 2
258 34 9
258 36 5
258 138 2
258 673 25
258 810 2
258 880 2
259 226 3
259 327 4
259 532 4
260 256 9
260 295 47
260 522 3
260 545 2
260 678 2
261 72 14
261 356 3
261 672 2
261 995 10
262 32 6
262 134 2
262 193 5
262 256 2
262 906 3
262 1013 2
264 1 2
264 4 6
264 320 6
265 632 2
266 11 2
266 56 7
266 272 2
266 336 42
268 12 2
268 177 2
268 524 2
268 577 15
269 444 3
269 640 2
270 532 2
270 642 2
272 162 2
272 208 2
272 225 2
272 234 28
272 259 9
272 378 2
272 520 2
272 640 2
272 684 3
272 899 2
273 693 18
273 809 2
273 903 1747
274 98 2
274 334 2
275 4 2
275 16 793
275 116 487333
275 485 3
275 512 2
276 288 3
276 392 5
276 538 2
276 628 16
276 661 9
277 8 13
277 27 2
277 128 40
278 258 2
279 18 2
279 901 2548
280 82 301
280 600 2
280 674 2
281 101 4
282 136 2
282 576 4
282 717 2
285 104 28
286 12 12
286 624 2
286 832 2
287 448 2
287 802 2
288 47 2
288 50 2
288 132 2
288 224 2
288 292 2
288 341 2
288 545 2
289 36 32
289 60 6
289 156 44
289 468 7
289 472 2
289 753 3
289 788 3
290 0 2
290 258 160
290 328 13
290 388 2
291 32 3
291 610 2
291 768 2
291 967 8
292 7 2
292 19 23
292 134 3
292 162 2
292 524 29
293 256 56
293 960 27
294 742 5
294 864 2
296 57 157
296 131 2
296 231 2
296 260 2
296 288 10
296 336 3
296 409 79
296 516 9242
297 167 2
297 325 2
297 389 4
297 742 2
298 75 27
298 800 2
299 78 2
299 291 22
300 140 2
301 274 10
303 292 2
304 6 14
304 8 9
304 42 3
304 63 67
304 106 4
304 212 8
304 258 241
304 292 2
305 11 2
305 34 2
305 576 3
306 36 2
306 918 3
307 514 2
308 583 11
308 640 15
308 692 150
308 832 2
308 848 2
309 77 3377
310 44 2
310 936 5
312 514 22
314 109 77
314 156 2
314 376 2
314 518 55
315 739 2
316 452 4
318 532 23
318 914 2
320 29 2
320 407 2
320 428 2
320 468 5
320 641 2
320 720 9
321 4 3
321 262 10
321 337 2
321 768 2
321 1008 2
322 0 9
322 80 8
322 196 2
322 902 2
323 515 2
324 16 3
324 106 6
324 167 34
324 179 2
324 200 17
324 513 15
324 530 53
325 6 13
325 74 9
325 145 2
325 614 3
325 720 47
326 11 2
326 16 10
326 32 13
326 116 25
327 675 11
327 698 2
328 45 2
328 853 3
329 35 4
329 258 37
329 836 11
330 8 11
330 204 710
331 512 2
332 456 3
332 643 2
334 265 10
334 288 2
335 83 2
335 391 2
336 18 3
336 100 976
336 576 2
336 632 58
337 352 24
337 833 7
338 33 509
338 160 2
338 169 23
339 42 2
340 0 2
340 106 3
340 704 2
340 763 4
341 576 2
342 15 3
342 272 2
342 536 2
343 475 44
344 188 3
344 676 85
345 32 2
345 728 2
345 992 10
346 11 3952
346 89 7971
347 11 10
347 149 2
347 313 7
348 395 2
349 12 2
352 419 2
352 514 6
352 680 3
352 794 2
352 860 2
353 389 3
353 684 2
354 25 2
354 30 2
354 288 20
354 969 2
355 134 2279
355 634 2
356 800 5
357 641 11
358 3 7
358 168 25007
358 197 2
360 514 3
360 555 2
360 732 3
360 810 12552
361 266 248
361 316 14
362 34 36
363 162 18
363 424 4
364 740 2
366 657 2
368 49 2
368 738 2
368 925 74
371 112 20
371 705 26
371 772 3
372 352 2
375 77 3
376 193 2
379 333 36
380 339 2
381 531 6
384 5 2
384 6 2
384 156 4
384 168 18
384 332 5
384 457 382
384 481 2
384 531 4
384 571 2
384 597 3
384 692 2
384 841 2
385 2 4
385 213 4
385 214 6
385 513 2
385 563 2
386 64 2
386 73 20
386 158 2
386 160 5
386 275 4
386 846 6
386 912 3
387 147 2
387 297 2
387 545 13
387 1016 8
388 332 2
389 596 3
391 8 7
392 336 7
392 553 10
392 674 9
393 577 6
394 80 2
394 211 25
394 590 4
395 4 112
395 558 4
395 647 2
396 6 2
396 454 66
396 536 19
396 546 2
396 777 2
396 915 7
396 960 5
397 132 45
397 305 14
397 518 2
398 943 2
399 9 2
400 10 2
400 21 16
400 144 2
400 712 2
401 16 7
401 58 2
401 277 227
401 673 6
401 932 4
402 80 2
402 769 2
403 20 215
404 209 8622
405 160 2
406 677 217
406 928 207
407 591 2
408 66 2
408 405 2
408 576 2
409 66 6
409 417 2
409 888 141
410 520 3
411 20 2
412 6 2
413 640 3
416 52 5
416 279 37
416 292 2
416 531 111
416 832 148
417 577 2
418 16 80
419 7 397
419 62 3
419 844 3
420 32 5
420 114 4
420 288 2
420 538 74
420 545 8
421 400 56
423 384 991
423 651 2
425 161 30
425 261 3
425 776 4
426 644 2
427 580 2
428 32 2
428 194 2
428 620 7
428 880 13
430 68 9
430 203 146
433 24 2
433 197 2
434 734 2
436 597 5
437 2 2
442 146 2
442 691 6
444 769 6
444 801 2
448 92 4
448 513 4
448 655 2
452 48 3
452 136 328
452 205 22
452 488 36
452 512 4
452 513 3
453 368 5
453 661 2
454 9 18
454 437 7
454 634 79
455 640 5
456 105 3
456 376 2
456 774 3
457 906 2
458 101 94
458 743 2
460 197 3
460 566 2
462 516 5
462 641 2
463 916 16
464 265 2
464 928 4
465 531 2
465 761 2
467 211 2
467 300 7
469 425 9
472 226 77
472 256 2
472 801 3
473 6 2
473 800 2
480 0 4
480 665 2
480 928 9
481 288 9
482 64 2
482 208 2
482 285 25
483 276 3
485 134 2
488 3 4
488 565 4
489 64 54
491 112 2
496 433 2
496 978 6
501 519 38
504 267 15
505 332 7
506 706 8
512 1 16
512 5 14
512 65 22
512 96 10
512 153 3
512 173 5
512 266 8
512 420 10
512 438 2
512 453 37
512 482 8
512 514 5
512 522 2
512 685 9
512 936 21
513 5 11976
513 47 8
513 65 2
513 112 25
513 304 6
513 315 3
513 340 774
513 548 2
513 640 2
514 11 2
514 36 2
514 160 556
514 401 5
514 452 7
514 522 2
514 572 3
514 780 7
515 93 2
515 157 204
515 273 9
516 33 2
516 72 2
516 169 2
516 357 3
516 385 2
516 442 29
516 555 21
516 582 2
516 605 3
516 779 2
516 785 21
517 0 2
517 8 6
517 34 5
517 177 2
517 281 2
517 525 9
517 672 6
517 676 9
517 768 5
518 0 4
518 41 31
518 66 14
519 517 11
519 944 4
519 967 5
520 9 2
520 94 11
520 164 19
520 296 2
520 328 2
520 436 3
520 785 5
520 812 69
520 896 4
521 81 2
521 229 9
521 546 92
521 554 7
521 560 2
521 609 504
522 121 11
522 234 4
522 549 8
522 652 2
523 650 2
524 173 2
524 520 2
525 134 11
525 820 2
526 548 4
526 776 22
527 36 2
527 713 2
528 10 11
528 33 2
528 36 8
528 97 5
528 144 2
528 156 6
528 344 6
528 406 3
528 512 2
528 580 2
528 582 1334
528 720 2
528 801 2
529 16 2
529 260 840
529 423 5
529 517 3
529 520 14
529 836 9
530 86 2
530 132 2
530 325 2
530 696 2
532 134 2
532 292 2
532 550 26
532 853 2
533 5 8
533 37 3
533 787 2
534 425 2
534 786 3
534 928 6
535 10 3
536 10 8
536 412 6
536 687 3
536 902 2
537 99 2
537 138 5
537 257 2
537 478 17
538 74 2
538 84 8
538 820 40
540 256 2
540 481 3
541 344 9
541 793 2
544 6 2
544 21 2
544 24 2
544 151 8
544 160 4
544 401 2
544 416 2
544 536 38
544 542 3
544 597 22
544 718 2
545 209 2
545 226 20
545 914 393
546 2 2
546 4 20
546 263 4
546 612 3
546 650 6
546 758 9
546 900 6
547 265 20
547 427 5
547 577 9
548 141 6
548 169 5
548 577 7
548 586 363
549 68 5
549 97 8
549 288 6
549 530 6
549 647 2
550 649 7
550 800 2
551 40 27
551 89 4
552 136 2
552 656 7
552 932 4
553 102 2
553 933 11
555 52 241
556 409 2
557 6 80
557 370 3
557 400 29
557 557 2
557 770 6
557 938 13
559 557 9
560 18 2
560 32 37
560 168 98
560 354 3
561 10 2
561 444 2
561 521 2
561 786 201
562 977 2
562 992 5
563 20 6
563 410 2
564 659 314
565 105 3
566 4 6
566 132 2
567 793 2764
569 385 16
569 522 22
571 100 2
571 457 2
572 36 5
572 64 15
572 257 2
572 370 4
572 777 2
573 797 4
573 886 2
574 18 2
576 4 2
576 5 7
576 19 8
576 48 178
576 76 2
576 133 2
576 172 2
576 193 2
576 371 3
576 547 61
576 607 2
577 72 2
577 236 2
577 401 2
577 661 2
577 997 5
578 26 2
578 96 3
578 120 2
578 136 113
578 554 2
578 572 2
578 575 6
579 136 7
579 621 25
579 789 2
580 64 2
580 507 67
580 598 6
581 645 2
582 633 132
583 129 2
585 64 2
585 208 2
585 354 40
586 64 4
586 530 10
586 658 4
588 784 4
589 389 3
590 276 42
590 300 11
590 520 282
590 788 28
591 147 6
592 4 18
592 148 2
592 322 9
592 528 5
592 585 29
593 429 8
595 58 104
595 557 20
596 33 3
596 91 2
596 385 3
597 387 6
599 176 2
599 569 3
600 562 2
600 575 2
601 335 2
601 431 2
602 480 20
604 913 2
605 80 7
606 281 12
606 807 4
607 288 11
607 393 22
608 176 2
608 522 30
608 648 76
609 28 2
609 210 8
609 225 2
609 526 8
610 24 4
611 125 2
612 170 12
612 534 2
613 840 8
614 265 2
614 936 1119
616 81 2
616 450 19
616 806 2
617 374 29
617 908 4
618 70 6
619 76 2
619 231 2
621 293 4
623 1000 3
624 579 2
625 5 3
625 261 2
625 530 2
626 104 16
626 528 2
627 418 2
627 769 9
627 977 2
629 446 22
629 528 15
631 24 3
632 18 24
633 812 2
637 73 3
638 161 108
640 4 9
640 6 10
640 160 145
640 181 2
640 258 2
640 369 10
640 421 27
640 467 10
640 525 226
640 584 6
640 659 2
640 732 35
640 952 2
641 192 22
642 512 2
642 562 87
642 724 2
643 775 2
644 660 3
644 756 3
644 769 3
645 4 22
645 25 2
645 548 6
645 963 457
646 289 2
646 388 2
648 76 2
648 98 2
648 210 4
648 301 17
648 369 4
648 512 7
648 694 6
648 769 2
649 4 2
649 48 18
650 108 2
650 953 50
651 290 4
652 594 2
655 384 3
655 761 3
656 3 2
656 259 14
656 278 2
656 370 13
657 79 2
657 201 3
658 10 3
658 26 123
658 226 3
658 640 8
660 36 2
660 52 9
660 69 8
660 85 4
661 244 21
661 608 43
662 374 43
664 16 19
664 205 24687
664 539 10
664 781 2
665 260 2
666 66 21
667 587 5
668 464 10
668 749 2
670 515 13
672 1 2
672 129 2
672 514 40
672 608 2
672 717 5
673 656 3
674 259 2
674 288 4
674 401 9
674 672 12
675 257 42
675 470 2
676 52 2
677 121 3
677 641 2
678 237 3
679 556 4
680 20 2
680 39 3
680 450 7
680 540 73
681 33 11
682 156 4
683 278 14
684 1008 9
686 426 27
686 593 8
688 385 13
689 80 4124
690 110 2
691 12 88
692 260 1433
692 914 2
693 397 184
693 522 2
694 6 14
694 768 2
694 976 5
695 517 5
695 585 2
696 885 58
697 710 5
700 18 2
700 229 2
700 864 8
701 34 19
701 941 2
704 34 8
704 135 243
704 292 2
704 370 17
704 514 2
704 673 7
705 596 17
705 854 85
706 17 6
706 161 6
708 108 68
709 325 2
709 354 52
709 644 15
709 843 15
710 2 6
711 19 14
712 35 14
712 141 7
712 283 6
712 862 2
713 837 2
716 98 3
716 339 49
716 649 12
719 512 22
720 7 3
720 144 4
720 803 9
721 0 34
721 170 24
721 323 6
721 584 27
722 82 14
722 100 14
722 104 3
722 146 2
722 258 6
722 393 20
722 398 2
722 464 6
723 142 4
724 20 25
725 44 3
725 65 2
726 322 7
727 200 5
728 227 2
728 350 6
728 712 997
729 578 10
730 332 5
736 24 2
737 25 6
737 64 598
737 288 2
737 610 1407
738 970 2
740 235 243
740 778 2
741 45 2
741 260 2
742 97 5384
743 787 2
744 124 7
745 63 2
746 536 2
752 261 17
752 494 5201
752 786 13
754 32 3
759 130 6
760 40 761
760 220 5
760 257 13
760 300 174
763 668 617
768 68 6
768 226 2
768 502 2
768 608 2
768 666 2
768 736 3
768 738 2
769 34 2
769 350 2
769 773 28
770 67 15
770 211 2
770 515 2
771 128 2
771 793 3
771 800 34
772 32 3
772 130 3
773 1 6
774 8 4
774 936 2
775 48 9
776 101 14
776 586 2
776 697 64
777 6 2
777 84 7
777 318 8
777 539 2
777 554 3
777 608 13
777 641 1745
778 707 27
780 14 11
780 16 2
780 193 9
780 552 2
780 707 2
780 901 7
781 222 2
781 496 7
782 226 2
782 405 11
784 1 5
784 514 7
784 549 2
784 569 74
784 604 2
784 634 2
784 841 6
785 45 2
786 142 2
786 521 14
786 576 2
786 914 5
787 199 2
788 25 3
788 332 13
792 16 2
792 540 52
792 594 251
793 52 2
793 498 5
793 628 22
795 422 8
795 661 5
798 776 2
800 9 154
800 45 46
800 73 3
800 97 2
800 133 12
800 824 24
801 34 2
801 312 2
801 592 2
801 642 2
802 660 2
802 769 6
804 0 9
804 337 7
804 779 3
805 387 27
805 781 2
806 43 2
806 134 7
806 232 38
806 326 8
808 302 16
808 526 338
808 777 11
808 937 2
808 945 2
810 17 2
810 416 2
812 778 71217
814 264 2
814 523 11
814 905 2
816 18 29
816 24 2
817 784 20
818 253 2
819 69 2
819 538 2
821 236 2
824 609 12
824 978 23
828 592 18
830 356 2
832 30 12
832 43 4
832 281 17
832 304 2
832 328 2
832 427 2
832 518 2
833 999 30
834 32 4
834 148 7
834 912 2
836 86 77
836 388 2
836 485 29
838 785 40
839 21 4
840 96 4
840 545 2
840 800 9
841 32 5
841 370 159
842 132 4
842 200 3
844 584 48
845 624 7
848 90 2
848 188 8
848 313 3
848 899 43
849 792 8
849 1018 2
851 195 5
852 2 11
852 64 2
852 72 5
852 824 2
854 681 2
856 256 8
856 866 2
857 42 3
862 130 2
863 516 25
864 23 88
866 260 3
867 998 2
868 332 59
870 6 2
870 68 2
871 264 3
872 32 3
872 50 289
872 165 2
873 9 4
874 360 5
875 164 2
878 258 65
880 611 228
882 42 15
884 802 2
885 601 133
894 392 2
895 603 6
896 330 13
896 868 2
897 39 32
897 115 23
897 1002 2
898 699 2
899 537 2
899 736 2
900 4 5
900 162 2
900 313 2
902 131 16
902 420 10
904 112 3
904 231 2
904 552 8
904 888 12
904 929 9
905 12 2
905 196 8
905 248 14
905 540 3
905 572 2
906 137 11
906 194 2
906 210 17
907 276 2
908 456 10
910 614 5
911 5 9
911 896 25
912 2 90
912 85 2
912 129 4
912 388 29
914 216 2
914 669 3
914 968 8
915 431 7
916 742 2
916 777 2
917 560 2
917 912 73
918 0 6
920 200 3
921 272 22
921 320 2
922 784 6
924 33 59
927 190 229
928 64 24
928 384 3
928 516 26
928 518 26
929 10 2
929 257 10
929 316 10
930 547 2
930 720 2
931 230 3
931 657 2
932 274 3718
932 783 2
933 657 2
934 94 372
938 261 2
938 552 2
940 512 2
941 771 2
944 165 2
944 756 6
945 456 2
946 205 16
947 568 539
948 9 13
952 37 9
953 905 10
954 22 13
956 846 11
960 358 4
961 131 2
961 291 16
961 472 2
961 481 4
963 130 2
965 937 2
966 29 15
966 192 12
966 197 78
966 555 2551
968 51 2
968 352 5
969 313 276
969 769 3
970 180 7
971 566 10
975 205 12158
976 779 12
977 22 6
977 549 2
984 324 170
984 483 7
986 772 6
987 962 2
988 366 2
990 35 2
996 836 3
998 179 11
1000 260 128
1001 286 6
1002 652 2
1002 912 156
1004 129 2
1011 36 7
1013 316 2
1018 358 2439
1020 371 2
1021 643 2
