0 4 2
0 9 12
0 29 9
0 47 4
0 112 2
0 135 2
0 166 2
0 215 20
0 259 64
0 265 2
0 274 3
0 321 11
0 352 2
0 415 7
0 618 2
0 646 2
0 670 10
0 674 178
0 679 5658
0 704 10
0 843 2
0 917 10
0 936 3
1 7 2
1 15 3
1 30 67
1 37 2
1 70 10
1 82 4
1 135 35
1 228 2
1 481 4
1 565 2
1 644 2
1 705 7
1 768 945
1 825 3
1 920 3
2 0 2
2 3 8
2 8 34
2 48 89594
2 132 5
2 260 2
2 267 29
2 328 33
2 523 2
2 826 2
3 24 32
3 272 5
3 277 9
3 530 4
3 652 5
3 817 6
4 0 474
4 4 140
4 24 11
4 60 2
4 293 6
4 576 11
4 683 12
4 774 3
4 808 2
5 18 2
5 216 26
5 887 4
6 3 6
6 148 4
6 259 14
6 267 2
6 466 18
6 512 2
6 798 4
6 1002 279
7 81 3
7 110 2
7 715 4
8 1 5
8 2 2
8 19 7
8 32 2
8 42 14
8 58 2
8 202 3
8 272 7
8 273 30
8 386 4
8 393 23
8 486 2
8 552 15
8 642 9
8 735 1006
8 902 2
9 43 5
9 274 5
9 416 2
9 526 2
9 572 2
9 823 17
9 907 6
10 13 2
10 40 57
10 75 4
10 160 9
10 176 5
10 518 31
10 523 24
10 584 7
10 599 2
10 680 3
10 778 2
11 779 6
12 0 3
12 55 2
12 65 91
12 366 6
12 634 17
12 781 2
13 66 2
13 192 5
13 224 2
13 320 3
14 127 2
14 152 10
14 210 2
14 321 57
14 376 5
14 584 2
14 616 2
15 352 19
15 485 47
15 659 2
15 854 2
16 9 3
16 24 20
16 64 3
16 96 2
16 516 3
16 643 2
16 806 8
17 48 10
17 129 3
17 258 2
18 51 2
18 203 5
18 215 17
18 290 11
18 641 2
18 645 9
19 7 2
20 1 132
20 10 5
20 28 13
20 36 2
20 194 109
20 323 5
20 786 37
21 258 7
21 308 17
22 24 5
22 97 3
22 133 19
22 281 7
22 320 2
22 565 2
23 886 6
24 9 2
24 781 2
24 786 2
24 848 9
24 944 24
25 523 7
25 592 11
26 20 8
26 22 2
26 109 5
27 210 13
27 547 66
27 549 3
28 42 2
28 72 3
28 146 12
28 203 19
28 624 2
28 647 7
29 1 2985
29 5 2
29 327 20
29 532 10
29 809 17
30 21 6
30 52 6
30 588 15
31 77 2
31 561 11
32 42 2608
32 211 3
32 219 21
32 276 7
32 388 8
32 414 7
32 514 2
32 612 2
32 641 3778
32 721 2
32 759 109
32 803 8
32 848 10
33 2 38
33 3 2
33 26 1341
33 31 3
33 64 2
33 277 2
33 320 2
33 945 2
34 292 5
34 324 25
34 561 2
34 663 5
34 720 2
34 800 345
35 65 3
35 551 6
35 689 13
36 12 10
36 34 12
36 48 3
36 257 2
36 320 8
36 555 2
36 858 2
37 2 2
37 364 166
37 520 16
37 640 3
37 673 24
38 1 266
38 180 4
38 204 2
39 3 21
39 520 6
39 982 11
40 9 2
40 20 2
40 39 31
40 65 7
40 512 31
40 605 2
40 645 7
40 672 2
40 756 2
40 761 2
40 840 34
40 980 4
41 96 2
41 263 14
41 276 8
41 321 2
41 513 2
41 987 72
42 140 8
42 411 2
42 839 15
43 1 5
43 546 2
44 10 2185
44 12 8
44 47 8
44 430 4
44 524 58
44 794 2
45 50 2
45 266 19
45 615 2
45 808 9
45 844 5
46 57 2
47 80 11
47 1022 2
48 67 2
48 168 2
48 176 2
48 193 14
48 198 2
48 226 3
48 646 5
48 789 26
48 932 2
49 4 2
49 310 30
49 516 6
50 9 3
50 113 20
50 528 24
51 70 3
51 377 7
51 516 10
52 46 2
52 256 2
52 285 2
52 390 3
52 899 4
53 146 2
53 245 2
54 112 14
54 718 70
55 278 2
56 89 134
56 472 5
57 5 2
57 33 2
57 128 14
57 448 2
58 470 2
59 58 4
59 292 2
59 453 2
60 3 36
60 5 4616
60 33 4
60 112 2
60 948 3
61 644 67
62 521 75
62 612 1344
64 1 2
64 26 12
64 41 2
64 194 892
64 197 4
64 203 2
64 272 2
64 370 12
64 481 18
64 514 5
64 686 8
64 771 5
64 780 67
64 790 2
65 25 2
65 61 15
65 96 2
65 104 24
65 218 2
65 241 6
65 274 13
65 421 15
65 515 22
65 571 5
65 614 2
66 140 4
66 545 2
67 16 13
67 20 7
67 37 7
67 73 62
67 453 16
67 482 6
67 840 118
68 192 2
68 226 14
68 284 2
68 322 8
69 138 1283
69 276 2
69 529 2
69 572 2
69 768 6
70 109 2
70 212 3
70 431 15
70 608 7
70 642 7
70 646 2
70 648 2
70 672 2
71 409 2
72 8 18
72 65 8
72 280 36
72 533 2
72 961 2
73 640 2
73 870 7
73 999 4
74 512 5
74 548 35
74 600 2
74 768 7
74 1012 2
75 259 4
75 576 2
76 76 2
76 84 13
76 133 2
76 262 2
76 586 2
76 855 9
77 267 11
77 450 2
77 456 15
78 288 2
78 517 5
78 784 2
78 919 4
79 165 12
80 0 108
80 51 6
80 82 2
80 132 4
80 211 3
80 677 2
80 920 4
81 807 8
81 852 4
82 280 21
82 283 2
83 115 10
83 124 2
83 304 2
83 617 2
83 784 2
84 64 3
84 74 4
84 216 8
84 490 18
85 31 2
85 65 24
86 234 7
86 524 4
87 353 20
87 462 3
87 512 4
87 515 6
88 330 3
88 782 2
89 2 5
89 4 13
89 76 188
90 20 2
90 274 2
90 843 2
90 977 2
90 988 16
91 154 4
91 652 6
91 951 8
92 91 6
93 134 2
93 669 20
94 869 2
94 954 50
95 20 7
95 34 2
96 32 72
96 80 3
96 103 2
96 148 49
96 208 2
96 220 19
96 276 3
96 304 2
96 321 2
96 356 2
96 547 2
96 776 48
96 820 45
97 48 22
97 195 27
97 286 2
97 473 7
97 525 2
98 14 2
98 352 2
98 401 14
98 671 2
98 928 2
99 117 2
99 134 2
99 249 3
100 128 3
100 294 18
100 768 18
100 901 2
101 70 2
101 124 2
101 161 4
101 169 2
101 392 24
101 599 300
102 6 8
102 78 2
102 166 6
102 264 2
103 704 4
104 26 24
104 28 10
104 48 7
104 64 66
104 132 9
104 313 2
104 512 13
104 673 4
105 3 5
105 296 2
105 779 3
106 516 591
106 652 2
107 3 10
108 514 3
108 825 134
109 707 2
111 12 21
112 0 4
112 1 4
112 3 5
112 28 4
112 84 3
112 107 3
112 165 2
112 776 6
114 68 3
114 452 2
114 497 2
114 872 2
116 33 4
117 106 6
117 803 3
118 565 314
119 446 3
119 836 6
120 0 2
120 76 2
121 536 2
122 24 5
122 80 43
122 185 2
122 294 2
123 600 2
124 348 2
125 268 2
128 1 4
128 10 9
128 58 3
128 134 2
128 200 2
128 208 2
128 320 2
128 362 2
128 375 2
128 376 17
128 433 34
128 453 4
128 628 12
128 806 45
129 0 3
129 39 21
129 88 4
129 163 2
129 584 3
129 707 2
130 78 6
130 272 3
130 273 5
130 528 24
130 540 2
130 675 3
130 772 2
130 980 2
132 17 29
132 94 2
132 372 571
132 516 3
132 713 28
132 916 2
132 957 2
133 23 3
133 138 3
133 614 6
134 67 1578
134 84 16
134 224 6
134 377 2
134 390 2
134 516 5
134 768 3
135 544 4825
136 21 18
136 39 2
136 81 12
136 160 2
136 482 2
136 610 6
136 657 1020
136 831 8
137 148 6
137 256 9
137 259 2
137 325 19
137 678 2
137 778 2
138 415 3
138 590 2
139 87 15
139 426 26
139 865 3
140 72 2
140 143 28
140 168 2
140 464 2
140 724 13
140 776 2
141 2 22
141 954 3
142 641 4
143 116 11
143 144 2
143 187 2
143 286 7
143 642 2
144 18 23
144 68 39
144 248 25
144 257 3
144 418 3896
144 433 2
144 520 4
144 800 2
145 1 2
145 2 14
145 94 2
145 184 10
145 216 2
145 273 5
145 513 2
146 69 11
146 146 42
146 396 4
146 910 2
147 513 2
148 24 19
148 130 2
148 139 2
148 146 2
148 278 2
148 464 21
148 515 11
148 912 2
149 20 120
149 633 22
149 649 2
150 160 6
150 656 2
151 102 9
151 132 2
151 207 2
153 26 2
153 592 285
153 598 8
153 961 2
156 133 2
156 521 5
156 814 23
157 404 16
158 104 8
159 526 25
160 34 364
160 144 2
160 452 2
160 644 2
161 21 2
161 40 53
161 326 2
161 576 2
161 717 2
161 898 2
162 290 2
162 306 251
162 517 19
163 361 213
164 38 2
164 87 4
164 264 8
164 329 3
164 481 2
164 636 5
164 646 2
165 141 5
167 104 3
167 289 601
167 384 4
167 456 13
168 8 2
168 67 20
168 98 19
168 480 25
169 72 18
169 351 13
171 144 4
171 810 2
172 32 2
172 569 21
174 493 20
174 582 12
175 863 4
176 137 30
176 270 2
176 824 2
176 932 14
177 128 2
177 280 2
177 560 2
177 611 2
178 100 2
178 144 2
178 580 2
179 429 2
180 19 3
180 152 2
180 600 6
181 97 2
181 331 1763
181 964 190
182 300 2
182 672 14
182 728 2
184 141 2
184 161 2
184 664 22
185 5 79
185 391 4
186 272 11
186 582 64
187 800 13
188 4 9
188 199 7
192 43 12
192 52 2
192 72 2
192 177 6
192 388 8
192 392 6
192 524 2
192 536 3
192 713 2
192 898 29
192 904 3
192 999 8
193 8 2
193 120 20
193 131 3
193 162 19
193 375 5
193 422 284
193 718 4
193 775 2
194 592 2
194 677 40
196 286 9
196 377 3
197 61 5
197 100 2
197 592 2
197 611 2
198 3 989
198 196 2
198 812 12
200 577 2
201 39 2
201 98 5
201 140 4
202 11 2
203 654 2
204 520 6
205 457 14
206 80 20
208 12 2
208 14 17
208 88 6
208 534 8
209 55 15
209 513 6
209 564 2
210 1 3
210 882 2
211 4 13
212 69 2
212 262 4
212 673 2
214 369 2
216 792 2
217 923 4
218 86 2
219 389 9
220 176 2
220 658 4
222 532 4
222 852 2
225 257 2
225 316 40
225 948 131
226 35 2743
226 157 13
227 336 23
228 32 5
228 294 2
230 9 3
231 290 38
232 5 2
232 130 2
232 480 10
233 212 2
233 912 17
233 973 5
234 917 2
235 645 231
237 91 49
239 370 65
239 560 2
240 18 2
240 66 4
240 799 2
240 914 2
241 206 39
241 245 2
242 156 26
244 33 28
244 356 3
244 932 2
245 705 5
246 64 2
247 626 6
248 0 45
248 557 2
248 902 26
250 46 3
253 636 2
256 1 2
256 4 41
256 5 6
256 68 3
256 69 3
256 160 2
256 212 3
256 262 8
256 312 3
256 416 4
256 512 29
256 522 11
256 616 2028
256 705 6
256 764 4
256 804 9
256 904 14
256 963 3
256 992 2
257 0 13
257 156 2
257 268 2
257 680 2
257 806 5
257 912 2
257 920 2
257 945 2
258 24 2
258 34 3
258 36 26
258 138 7
258 265 6
258 673 20
258 880 4
259 7 8
259 165 2
259 226 2
259 532 7
260 256 33
260 295 1585
260 545 3
260 678 2485
260 978 167
261 8 2
261 67 12
261 72 2
261 356 9
261 672 24
261 995 7
262 134 5
262 193 6
262 256 18
262 906 2
262 1013 3
264 4 9
264 296 2
264 320 8
265 264 10776
265 339 2
265 632 2
266 11 14
266 56 289
266 242 3
266 326 3
266 336 2
267 523 470
267 581 14
268 12 4
268 34 29
268 192 285
268 512 2
268 524 2
268 577 5
269 444 3
269 640 22
270 73 15
270 532 2
270 642 2
272 41 2
272 162 4
272 208 2
272 225 10
272 234 18
272 259 7
272 280 5
272 378 2
272 520 28
272 554 2
272 640 64
272 684 63
272 899 2
273 47 6
273 693 18
273 903 3
274 334 6
275 4 5
275 16 2
275 116 8
275 133 2
275 401 32
275 485 2
275 512 14
276 392 2
276 394 3
276 628 6
276 661 2
277 8 5
277 128 2
277 385 4
278 258 2
279 18 55
279 901 21
280 36 2
280 82 21
280 600 2
280 674 2
281 101 1056
282 136 3
282 576 2
282 717 3
283 35 41
284 835 27
286 624 2
286 832 7
287 448 2
288 47 2
288 132 816
288 224 4
288 292 14
288 341 9
288 545 2
289 36 18
289 156 54
289 468 4
289 472 5
289 648 6
289 753 3
289 788 15
290 0 2
290 258 2
290 388 2
291 610 2
291 768 2
291 967 43
292 7 2
292 19 2
292 134 5
292 162 2
292 593 4
293 256 43
293 960 3
294 742 2
294 864 2
296 57 2
296 84 16
296 131 6
296 231 1235
296 260 2
296 288 52
296 336 46
296 409 6
296 516 2
297 167 11
297 389 15
297 544 2
297 742 2
299 78 3
299 291 16
300 29 2
300 140 5
301 274 3
301 777 127
303 292 2
304 6 416
304 8 2
304 42 2
304 63 7
304 106 5
304 212 24
304 258 3
304 292 2
305 11 44
305 34 2
305 163 49
305 576 2
306 36 3
306 550 2
306 918 2
308 583 9
308 692 5
308 832 10
308 848 69
309 77 8
310 44 2
312 514 6
314 109 5872
314 376 2
314 518 2
315 739 22
316 452 3
318 914 3229
320 29 2
320 315 116
320 407 2
320 428 49113
320 641 5
321 4 2
321 262 2
321 337 2
321 768 2
321 834 2
321 1008 4
322 80 4
322 196 2
322 272 2
322 416 2
322 899 6
322 902 2
323 360 2
323 515 2
324 16 2
324 106 48
324 167 2
324 200 19
324 513 5
324 530 2
325 6 5
325 74 14712
325 614 10
326 16 2
326 116 6
326 280 2
326 443 2
327 675 2
328 45 2
329 35 4
329 836 2
331 512 12
332 456 4
334 265 3
334 288 169
335 83 2
335 391 3
336 18 6
336 100 9
336 576 5
336 632 2
337 352 47
337 768 2
338 33 2
338 160 2
340 106 2
340 704 2
340 763 7325
342 15 18
342 168 13
342 272 4
343 475 2
344 188 7
345 32 16
345 728 12
345 992 2
346 11 2
347 11 9
347 149 2
347 313 8
348 128 2
349 12 10
352 419 15
352 514 12
352 680 16
352 794 5
352 860 2
353 389 2
353 684 2
354 25 6
354 30 2
354 288 37
354 836 2
355 134 2
355 634 97
356 800 2
357 433 2
357 641 2
358 3 660
358 168 3
358 197 2
360 514 2
360 555 2
360 732 5
360 784 2
360 810 7
361 266 3
361 316 2
362 34 6
363 162 2
364 740 14
366 657 2
368 49 2
368 738 2
368 925 5
371 112 2
371 705 18
371 772 9
372 352 5
375 77 129
376 193 2
379 333 2
381 531 2
382 562 4
384 6 2
384 156 12
384 168 4
384 312 13
384 332 3
384 423 2
384 457 11
384 481 7
384 531 18
384 571 9
384 597 2
384 692 8
384 841 10
384 962 2
385 2 16
385 75 2
385 213 2
385 214 2
385 513 2
385 563 2
386 73 7
386 158 2
386 160 27
386 206 12
386 846 4
386 849 3
386 912 3
387 297 5
387 545 3
387 1016 3
388 332 2
390 566 10
391 8 6
391 461 2
391 800 37
392 38 3
392 336 18
392 553 2
392 674 13
393 461 2
394 80 15
394 211 14
394 590 11
395 558 2
395 647 19
396 6 2
396 536 2
396 546 8
396 777 151
397 132 3
397 518 2
398 943 2
399 9 2
400 10 2
400 21 4
400 712 11
401 58 424
401 284 2
401 673 21
402 68 3
402 80 2
402 769 11
403 20 2
404 209 2
404 298 2
406 677 3
406 928 2
407 591 2
408 66 2
408 405 2
408 576 5717
409 66 18
409 105 3
409 888 12
410 520 2
411 20 2
412 6 2
413 640 25
414 932 34
415 101 2
416 52 114
416 292 35
416 832 2
417 577 2
418 16 4
419 7 3
420 32 8
420 114 5
420 288 2
420 424 6
420 538 4
420 545 12
422 736 2
423 651 2
424 481 17
425 161 2
425 261 2
425 746 280
425 776 25
426 644 2
427 580 2
428 32 17
428 194 2
428 620 2
428 880 5
430 8 2
430 68 2
430 203 2
433 24 2
433 197 5
433 398 4
434 734 20
436 597 2
437 2 2
441 21 6
442 691 2
444 769 1887
444 801 2
448 92 2
448 513 7
448 655 2
449 321 4
450 450 5
452 48 3
452 136 7
452 205 2
452 488 2
452 512 3
452 513 16
453 368 3
453 661 2
454 9 3
454 437 3
454 634 2
454 782 7
455 640 4
456 105 2
456 367 6
456 376 3
456 774 2
458 101 2
460 197 32
460 462 2
460 566 11
461 625 9
461 901 2
462 516 35
462 641 90
463 916 36
464 265 2
465 531 91
465 761 2
465 902 2
467 211 100
467 300 2
470 713 2
472 226 12
473 6 2
473 600 2
473 800 6
476 775 8
480 0 11
480 731 37
480 928 4
481 288 2
481 416 8
482 64 2
482 285 2
483 555 3
488 3 6
488 269 6
488 334 235
488 565 2
489 64 2
491 112 5
501 519 39
504 267 2
505 332 2
506 706 2
512 1 2
512 5 2
512 36 9
512 65 32
512 173 11
512 266 13
512 420 2
512 438 2
512 453 47
512 482 6
512 522 2
512 685 6
513 5 6
513 42 2
513 47 8
513 65 3
513 100 3
513 304 11
513 340 2
513 548 92
513 644 23
514 36 4
514 160 7
514 401 7
514 452 40
514 780 2
515 93 11
515 157 56
515 273 11
516 33 3
516 69 204
516 72 2
516 169 85
516 357 2
516 385 54
516 442 2
516 582 3
516 605 8
516 779 3
516 785 2
517 0 2
517 3 2
517 8 2
517 34 130
517 132 3
517 177 146
517 525 2
517 534 6
517 672 28
517 676 2
517 768 10
518 0 2
518 41 2
518 66 10
518 517 3
519 944 9
519 967 19
520 9 4
520 164 2
520 328 2
520 436 1477
520 785 5
520 812 11
521 131 67
521 229 8
521 450 9
521 554 4
521 560 2
521 609 3
522 1 2
522 121 173
522 234 2
522 549 4
522 652 2
525 134 3
525 820 159
526 776 7
527 36 4
527 713 2
528 10 6
528 33 9
528 36 15
528 97 460
528 156 3
528 344 6
528 406 45
528 512 27
528 580 2
528 611 3
528 720 10
528 801 2
529 16 2
529 148 2
529 260 10
529 423 9
529 517 5
529 520 10
529 836 3
530 20 2
530 86 2
530 132 10
530 278 2
530 325 2
530 522 280
530 696 3
532 11 34
532 134 5
532 292 2
532 550 17
532 853 2
533 5 11
533 787 6
534 6 2
534 425 2
534 786 2
534 928 2
535 10 13
536 10 2
536 244 3
536 687 5
536 902 2
537 99 155
537 138 38
537 257 7
537 478 21
538 74 4
538 84 4
538 820 6
540 256 2
541 344 38
541 793 3
544 21 11
544 151 2
544 160 3
544 416 2
544 429 11
544 536 5
544 542 2
544 551 6
544 597 8
545 209 2
545 226 232
545 743 2
545 914 33
546 4 2
546 263 148
546 612 2
546 650 2
546 758 8
546 900 3
547 265 2
547 427 53
547 577 4
548 169 3
548 512 2
548 577 2
548 586 2
549 68 2
549 97 6
549 530 2
550 36 2
550 649 8
550 800 2
551 4 67
551 40 16
551 89 2
552 136 6
552 640 5
552 656 46
553 36 2
553 102 2
553 933 5
554 4 2
554 137 5
554 296 6
555 52 2
557 6 2
557 370 2
557 400 2
557 512 30
557 557 2
559 557 2
560 32 2
560 168 117
560 354 7
561 521 2
562 162 4
562 977 5
562 992 33
563 20 3
563 410 2
564 659 2
565 105 9
566 4 34
566 44 7
566 132 2
567 793 2
569 385 2
569 522 84
571 100 64
571 457 12
572 36 25
572 64 6
572 257 17
572 370 13
572 777 9
573 886 2
574 533 9
574 696 12
576 4 4
576 5 2
576 48 7
576 76 2
576 133 2
576 172 4
576 228 2
576 325 21
576 371 111
576 525 3
576 547 2
576 607 3
577 72 2
577 222 2
577 236 6
577 292 92
577 577 8
578 26 25
578 96 13
578 120 2
578 136 2
578 554 2
578 572 37
578 575 2
579 80 2
579 136 46
579 621 4
579 789 2
580 64 7
580 528 2
580 598 25
581 645 10
582 633 2
583 129 2
584 432 2
584 833 17
585 64 2
585 208 1515
585 217 8
585 354 2
585 389 272
586 64 2
586 530 7
586 658 2
587 608 2
588 784 9
589 389 3
590 276 1449736
590 520 56
590 788 2
592 2 40
592 4 20
592 148 3
592 322 13
592 566 8
592 585 11
593 429 151
595 557 2
596 11 2
596 33 4
596 91 2
596 154 7
597 387 2
600 68 45
600 562 9
600 573 3
600 575 31
601 335 2
601 431 24
602 480 2
604 913 234
604 1006 2
605 80 3568
606 281 7
606 807 2
607 288 5
607 393 7
608 176 2
608 185 2
608 522 2
608 576 2
608 648 2
609 28 142
609 225 10
609 768 25
611 125 35
612 170 6
612 534 2
613 840 2
614 265 2
614 936 2
616 450 3
616 806 2
617 374 34
617 908 3
618 70 19
618 1004 959
619 76 2
619 140 66
619 231 2
621 293 7
623 1000 2
624 579 46
625 5 20969
625 261 134
625 530 86
626 8 299
626 104 3
626 114 6
626 528 3
626 608 2
627 3 3
627 418 3
627 977 3
628 76 3
629 446 6
629 528 77
631 24 3
633 812 17
635 546 2219
637 73 8
638 161 11283
640 4 16
640 16 2
640 160 36
640 181 1143
640 246 9
640 369 2
640 421 2
640 467 7
640 525 5
640 584 90
640 659 4
640 732 2
640 938 7
642 512 3
642 562 2
642 724 2
643 73 4
643 775 3
644 48 5
644 387 25
644 660 7
644 756 2
644 769 107
645 4 12
645 25 3
645 195 2
645 548 2
646 289 6
646 388 2
648 76 6
648 98 15
648 210 3
648 369 2
648 694 5
648 769 4
649 4 7
649 48 3
650 108 8
650 953 2
652 257 12
652 594 2
654 129 12
654 565 79
655 384 4
655 761 8
656 3 2
656 278 325
656 370 8
656 833 55477
657 79 2
657 201 4
658 10 2
658 26 37
658 226 2
660 36 13
660 69 2
660 85 2
662 374 411
664 16 2
664 205 33
664 539 2
664 781 16
665 3 43
665 260 5
666 66 7
668 163 17
668 464 3
668 749 4
670 515 3
672 1 4
672 64 3
672 129 23
672 514 2
672 608 3
672 717 8
674 259 38
674 288 3
674 672 2
675 257 2
675 470 2
676 52 5
677 121 31
677 641 5
679 556 5
680 20 5
680 39 165
680 450 2
680 540 5
681 6 2
681 33 3
682 14 4
684 1008 2
686 426 2
686 593 9
690 110 2
691 12 2
692 914 5
693 397 2
693 522 9
694 6 2
694 768 6
694 976 2
695 585 6
697 710 17
700 18 2
700 229 1241
700 864 2
701 34 2
701 941 2
704 34 2
704 76 28
704 135 2
704 292 2
704 514 5
705 596 2
705 854 6
706 17 10
706 732 2
708 108 3
709 325 15
709 354 3
709 843 5
710 2 21
711 19 6
712 141 2
712 283 2
712 294 2
712 862 15
713 593 7
713 837 4
716 98 6
716 339 743
716 649 7
716 842 2
719 512 3
720 7 9
720 144 8
720 803 50
721 0 2
721 170 2
721 323 8
721 584 7
722 100 8
722 146 2
722 393 6
723 142 2
724 20 31
724 596 2
725 44 2
728 227 35
728 350 17
728 712 47
732 834 2
737 25 6
737 64 3
737 610 3240
740 778 3
740 801 2
741 45 2
742 97 4
743 787 12
744 124 2
744 280 9
744 762 2
745 63 13
746 386 100
746 536 14
752 261 2
752 494 2
752 786 5
754 32 2
759 130 1220
760 40 11
760 220 2
760 257 4
760 300 2
761 435 3
763 668 2
765 513 7664
768 68 4
768 326 30
768 502 2
768 608 4
768 666 2
768 926 4
769 34 94
769 277 3
769 350 695
769 640 6
769 773 5
770 211 25
770 256 2
770 663 2
771 128 6
771 800 2
772 0 2
772 32 10
772 130 2
773 1 2
774 8 5
775 48 9
775 921 2
776 101 18
776 586 2
776 697 11
777 6 86
777 84 2
777 318 7
777 554 2
777 608 2
777 641 18
778 330 3
778 389 2
780 14 2
780 552 2
780 707 8
781 222 4
781 496 2
782 226 6
782 405 3
784 1 2
784 514 992
784 549 2
784 634 2
785 45 2
785 257 2
786 142 2
787 199 2
788 324 15
788 332 6
792 16 2
792 274 7
792 540 3
792 594 175
793 52 19
795 422 2
795 661 40
798 776 2
800 9 2
800 45 6
800 73 14
800 97 2
800 133 2
800 824 6
801 34 7
801 312 817
801 642 91
802 769 3
804 0 5
804 104 3
804 337 10
804 433 4
804 779 4
806 43 3
806 134 2
806 232 44
806 326 25
808 526 10
808 777 3
808 937 30
808 945 7
810 17 16
810 394 3
810 416 5
812 778 18
814 161 4
814 264 2
814 523 108
814 905 4
816 18 2
816 24 2
817 784 4
818 253 2
819 69 17
819 538 2
821 236 70
822 211 4
824 392 2
824 609 2
824 978 3
828 592 2
830 356 2
832 16 9
832 21 2
832 30 9
832 43 2
832 304 2
832 328 10
832 427 2
832 518 6
833 147 2
833 999 649
834 0 175
834 32 15
834 67 6
834 148 17
834 912 59
835 264 6
835 583 6
836 86 5
836 388 3
836 485 2
838 785 2
839 21 90
840 106 12
840 545 6
841 32 1016
841 370 9
842 200 2
843 939 35
845 624 31
848 90 158
848 313 2
848 899 1075
849 792 2
850 776 2
851 195 5
852 2 5
852 72 2
852 824 3
854 681 2
856 256 7965
856 866 2
857 42 9
862 130 51
863 516 13
864 23 2
864 786 2
866 260 2
867 998 3
868 332 2
870 68 22
871 264 8
872 50 7
872 165 2
873 9 2
874 360 10
880 611 5
882 42 3
882 591 10
882 778 13
884 802 2
894 392 10
895 603 3
896 868 32
897 39 681
897 1002 2
898 699 26
899 736 2
900 4 2
900 162 12
900 313 2
902 131 2
902 420 2
903 339 509
904 112 2
904 231 2
904 552 28
904 929 10
905 12 2
905 196 4
905 572 101
906 194 12
906 210 2
906 328 2
907 276 2
910 614 2
911 5 2
911 10 89
912 2 2
912 129 9
912 388 3
914 669 43
914 776 159
914 968 3
915 431 2
916 777 13
917 560 47
917 912 3
918 0 2
921 272 2
921 320 16
922 8 39
922 784 2
924 33 428
924 196 2
927 190 6
928 64 7
928 384 18
928 518 2
929 10 3
929 257 10
929 316 3
930 720 2
931 657 7
932 274 29
932 783 6
933 657 31
934 94 13
938 316 2
938 552 7
940 512 889
941 771 12
944 165 45
945 456 3
947 568 8
948 9 2
951 818 2
953 905 5
954 22 2
956 846 42
958 844 2
961 131 1153
961 291 273
961 333 16
961 472 22
963 130 3
965 937 8
966 29 4
966 192 11
966 555 36
968 51 3
968 352 40
969 313 4
969 769 8
970 180 2
971 566 6
976 779 2
977 22 2
977 34 3
977 549 2
978 817 2
984 324 20
984 483 2
985 268 2
986 772 8
987 962 198
988 366 5
996 36 2114
996 836 5
998 127 682
998 179 21
1000 260 2
1001 286 44
1002 652 83
1002 912 2
1011 36 5
1013 316 131
1020 371 2
1020 385 2
1021 643 20
