0 4 2
0 9 2
0 29 2
0 47 3
0 112 7
0 135 3
0 166 5
0 215 2
0 259 983
0 265 142
0 274 7
0 321 7
0 352 2
0 415 71
0 618 2
0 646 4
0 670 3
0 674 2
0 679 2
0 704 4
0 843 21
0 917 10
0 936 2
1 7 2
1 15 2
1 30 6
1 37 3
1 70 12
1 82 2
1 135 25
1 228 6
1 481 8
1 565 2
1 644 4
1 705 86
1 768 4
1 825 9
1 920 3
2 0 21
2 3 28
2 8 8
2 48 2
2 132 11
2 260 4
2 267 24
2 328 6
2 523 2
2 826 2
3 24 12
3 272 3
3 277 3
3 530 7
3 652 12
3 817 2
4 0 2
4 4 2
4 24 2
4 60 2
4 293 19
4 576 3
4 683 15
4 774 17
4 808 2
5 18 3
5 216 2
5 887 102
6 3 24
6 148 7
6 259 3
6 267 2
6 466 20
6 512 2
6 798 3
6 1002 7
7 81 2
7 110 2
7 715 5
8 1 232
8 2 2
8 19 4
8 32 2
8 42 2
8 58 2
8 202 2
8 272 6
8 273 4
8 386 24
8 393 17
8 486 14
8 552 2
8 642 3
8 735 78
8 902 2
9 43 2
9 274 19
9 416 5
9 526 4
9 572 2
9 823 2
9 907 6
10 13 3
10 40 4
10 75 5
10 160 2
10 176 5
10 518 75
10 523 2
10 584 5
10 599 2
10 680 2
10 778 2
11 779 8
12 0 2
12 55 6
12 65 2
12 366 2
12 634 10
12 781 3
13 66 2
13 192 4
13 224 3
13 320 87
14 127 47
14 152 4
14 210 3
14 321 2
14 376 26
14 584 2
14 616 2
15 352 10
15 485 2
15 659 5
15 854 10
16 9 3
16 24 68
16 64 29
16 96 18
16 516 2
16 643 5
16 806 2
17 48 2
17 129 3
17 258 2
18 51 2
18 203 12
18 215 14
18 290 5
18 641 5
18 645 5
19 7 18
20 1 2
20 10 8
20 28 6
20 36 2
20 194 2
20 323 53
20 786 18
21 258 2
21 308 10
22 24 6
22 97 3
22 133 5
22 281 6
22 320 17
22 565 2
23 886 6
24 9 19
24 781 2
24 786 2
24 848 26
24 944 2
25 523 3
25 592 2
26 20 39
26 22 6
26 109 2
27 210 39
27 547 3
27 549 2
28 42 7
28 72 3
28 146 11
28 203 27
28 624 2
28 647 20
29 1 2
29 5 9
29 327 116
29 532 17
29 809 6
30 21 33
30 52 2
30 588 2
31 77 20
31 561 6
32 42 53
32 211 2
32 219 13
32 276 3
32 388 39
32 414 16
32 514 2
32 612 2
32 641 280
32 721 2
32 759 2
32 803 3
32 848 4
33 2 14
33 3 2
33 26 352
33 31 18
33 64 2
33 277 30
33 320 2
33 945 2
34 292 565
34 324 2
34 561 2
34 663 2
34 720 6
34 800 2
35 65 3
35 551 4
35 689 2
36 12 3
36 34 2
36 48 2
36 257 13
36 320 2
36 555 2
36 858 2
37 2 10
37 364 2
37 520 73
37 640 19
37 673 5
38 1 183
38 180 7
38 204 2
39 3 2
39 520 5
39 982 4
40 9 3
40 20 2
40 39 20
40 65 81
40 512 62
40 605 2
40 645 2
40 672 2
40 756 3
40 761 123
40 840 5
40 980 2
41 96 2
41 263 16
41 276 25
41 321 2
41 513 2
41 987 2
42 140 2
42 411 6
42 839 9
43 1 2
43 546 4
44 10 2
44 12 2
44 47 2
44 430 2
44 524 3
44 794 44
45 50 4
45 266 11
45 615 2
45 808 6
45 844 2
46 57 47
47 80 6
47 1022 2
48 67 18845
48 168 7
48 176 2
48 193 3
48 198 636
48 226 2
48 646 4
48 789 4
48 932 2
49 4 2
49 310 2
49 516 2
50 9 103
50 113 6
50 528 2
51 70 7
51 377 2
51 516 2
52 46 10
52 256 2
52 285 2
52 390 4
52 899 2
53 146 2
53 245 3
54 112 2
54 718 44
55 278 15
56 89 421
56 472 2
57 5 12
57 33 2
57 128 5
57 448 14
58 470 4
59 58 17
59 292 2
59 453 2
60 3 19
60 5 2
60 33 3
60 112 11
60 948 2
61 644 2
62 521 2
62 612 2
64 1 2
64 26 4
64 41 4
64 194 2
64 197 2
64 203 2
64 272 31
64 370 4
64 481 3
64 514 10
64 686 3
64 771 14
64 780 5
64 790 3
65 25 2
65 61 2
65 96 4
65 104 4
65 218 113
65 241 3
65 274 6
65 421 2
65 515 2
65 571 5
65 614 2
66 140 9
66 545 1368
67 16 2
67 20 2
67 37 2
67 73 94
67 453 4
67 482 9
67 840 2
68 192 2
68 226 7
68 284 90
68 322 2
69 138 2
69 276 4
69 529 2
69 572 10
69 768 11
70 109 2
70 212 80
70 431 2
70 608 2
70 642 7
70 646 2
70 648 3
70 672 2
71 409 2
72 8 6
72 65 3
72 280 2429
72 533 2
72 961 2
73 640 2
73 870 9
73 999 2
74 512 10
74 548 2
74 600 4
74 768 9
74 1012 2
75 259 7
75 576 2
76 76 15
76 84 2
76 133 103
76 262 2
76 586 4
76 855 2
77 267 2
77 450 4
77 456 2
78 288 4
78 517 12
78 784 5
78 919 4
79 165 23
80 0 2
80 51 6
80 82 5
80 132 8
80 211 2
80 677 2
80 920 2
81 807 2
81 852 3
82 280 127
82 283 8
83 115 2
83 124 20
83 304 1919
83 617 2
83 784 2
84 64 7
84 74 2
84 216 2
84 490 17
85 31 4
85 65 4
86 234 6
86 524 8
87 353 2
87 462 3
87 512 2
87 515 5
88 330 8
88 782 4
89 2 3
89 4 6
89 76 18
90 20 450
90 274 3
90 843 9
90 977 17
90 988 2
91 154 2
91 652 5
91 951 2
92 91 4
93 134 2
93 669 5
94 869 4
94 954 11
95 20 3
95 34 2
96 32 5
96 80 2
96 103 7
96 148 2
96 208 6
96 220 5
96 276 2
96 304 2
96 321 7
96 356 9
96 547 2
96 776 2
96 820 2
97 48 9
97 195 8
97 286 3
97 473 7
97 525 2
98 14 3
98 352 2
98 401 24
98 671 19
98 928 62
99 117 2
99 134 127706
99 249 11
100 128 3
100 294 41
100 768 5
100 901 276
101 70 4
101 124 137
101 161 9
101 169 2
101 392 2
101 599 8
102 6 2
102 78 1691
102 166 2
102 264 174
103 704 13
104 26 14
104 28 5
104 48 2
104 64 67
104 132 63
104 313 22
104 512 4
104 673 3
105 3 2
105 296 2
105 779 6
106 516 792
106 652 2
107 3 2
108 514 4
108 825 2
109 707 20
111 12 2
112 0 9
112 1 5
112 3 8
112 28 3
112 84 14
112 107 9
112 165 2
112 776 2
114 68 2
114 452 2
114 497 2
114 872 2
116 33 21
117 106 5
117 803 4
118 565 61
119 446 14
119 836 3
120 0 3
120 76 343
121 536 2
122 24 2
122 80 6
122 185 67
122 294 2
123 600 2
124 348 2
125 268 36
128 1 6
128 10 7
128 58 3
128 134 6
128 200 2
128 208 2
128 320 125
128 362 2
128 375 4
128 376 5
128 433 25
128 453 2
128 628 2
128 806 2
129 0 2
129 39 26
129 88 2225
129 163 2
129 584 12
129 707 2
130 78 5
130 272 2
130 273 2
130 528 3
130 540 2
130 675 2
130 772 2
130 980 2
132 17 5
132 94 2
132 372 37
132 516 7
132 713 2
132 916 4
132 957 6
133 23 2
133 138 5
133 614 5
134 67 714
134 84 12
134 224 2
134 377 7
134 390 5
134 516 5
134 768 6
135 544 124
136 21 4
136 39 2
136 81 6
136 160 31
136 482 2
136 610 6
136 657 2
136 831 15
137 148 2
137 256 4
137 259 7
137 325 5
137 678 4
137 778 4
138 415 4
138 590 3
139 87 2
139 426 10
139 865 2
140 72 2
140 143 3
140 168 16
140 464 2
140 724 3
140 776 2
141 2 7
141 954 33
142 641 2
143 116 2
143 144 12
143 187 2
143 286 6
143 642 579
144 18 3
144 68 6
144 248 4
144 257 8
144 418 7
144 433 2
144 520 2
144 800 2
145 1 4
145 2 5
145 94 2
145 184 4
145 216 13
145 273 8
145 513 26
146 69 10
146 146 2
146 396 2
146 910 2
147 513 2
148 24 2
148 130 61
148 139 2
148 146 493
148 278 102
148 464 16
148 515 16
148 912 3
149 20 125
149 633 2
149 649 6837
150 160 4
150 656 13
151 102 22
151 132 2
151 207 9
153 26 2
153 592 11
153 598 17
153 961 2
156 133 2
156 521 15
156 814 335
157 404 11
158 104 16
159 526 15
160 34 2
160 144 8
160 452 2
160 644 39
161 21 2
161 40 2
161 326 2
161 576 11
161 717 3
161 898 11
162 290 2
162 306 3
162 517 4
163 361 5
164 38 2
164 87 2
164 264 3
164 329 3
164 481 6
164 636 2
164 646 181
165 141 2
167 104 6
167 289 4
167 384 4
167 456 12
168 8 22
168 67 158
168 98 5
168 480 37
169 72 9
169 351 22
171 144 12
171 810 4
172 32 535
172 569 2
174 493 2
174 582 2
175 863 1078
176 137 6
176 270 2
176 824 12
176 932 7
177 128 8
177 280 4
177 560 73
177 611 46
178 100 2
178 144 2
178 580 6
179 429 13
180 19 5
180 152 2
180 600 2
181 97 3
181 331 2
181 964 2
182 300 2
182 672 3
182 728 2
184 141 2
184 161 2
184 664 4
185 5 2
185 391 11
186 272 3
186 582 2
187 800 3
188 4 9
188 199 3
192 43 2
192 52 2
192 72 2
192 177 2
192 388 2
192 392 3
192 524 3
192 536 2
192 713 3
192 898 3
192 904 2
192 999 8
193 8 4
193 120 2
193 131 26
193 162 38
193 375 24
193 422 50
193 718 2
193 775 2
194 592 2
194 677 4
196 286 11
196 377 28
197 61 10
197 100 66
197 592 8
197 611 2
198 3 325
198 196 2
198 812 2
200 577 59
201 39 18
201 98 2
201 140 2
202 11 13
203 654 3
204 520 2
205 457 297
206 80 26
208 12 16
208 14 11
208 88 2
208 534 4
209 55 13
209 513 12
209 564 4
210 1 2
210 882 380
211 4 3
212 69 4
212 262 3
212 673 3
214 369 63
216 792 2
217 923 8
218 86 7
219 389 13
220 176 1046
220 658 2
222 532 18
222 852 2
225 257 16
225 316 10
225 948 2
226 35 2
226 157 6
227 336 23
228 32 5
228 294 4
230 9 2
231 290 12
232 5 25
232 130 2
232 480 2
233 212 16
233 912 2
233 973 35
234 917 7
235 645 9
237 91 13
239 370 2
239 560 3
240 18 2
240 66 17
240 799 2
240 914 103
241 206 2
241 245 2
242 156 2
244 33 21
244 356 2
244 932 9
245 705 10
246 64 26
247 626 2
248 0 2
248 557 2
248 902 7
250 46 2
253 636 100
256 1 5
256 4 2
256 5 13
256 68 2
256 69 17
256 160 5
256 212 2
256 262 2
256 312 6
256 416 5
256 512 15
256 522 9
256 616 2
256 705 33
256 764 10
256 804 2
256 904 5
256 963 117
256 992 500497
257 0 5
257 156 10
257 268 2
257 680 2
257 806 6
257 912 5
257 920 13
257 945 13
258 24 2
258 34 5
258 36 151
258 138 6
258 265 8
258 673 44
258 880 5
259 7 4
259 165 3
259 226 17
259 532 5
260 256 2
260 295 7
260 545 3
260 678 2
260 978 2
261 8 4
261 67 18
261 72 4
261 356 5
261 672 2
261 995 3
262 134 5
262 193 3
262 256 6
262 906 14
262 1013 4
264 4 4
264 296 2
264 320 10
265 264 2
265 339 165
265 632 2
266 11 7
266 56 46
266 242 9
266 326 15
266 336 2
267 523 2
267 581 13
268 12 4
268 34 6
268 192 184
268 512 2
268 524 5
268 577 4
269 444 3
269 640 4
270 73 4
270 532 2
270 642 57
272 41 2
272 162 15
272 208 9
272 225 2
272 234 5
272 259 6
272 280 6
272 378 2
272 520 1956
272 554 10
272 640 17
272 684 2
272 899 2
273 47 2
273 693 3
273 903 2
274 334 8
275 4 2
275 16 3
275 116 4
275 133 4
275 401 2
275 485 2
275 512 16
276 392 8
276 394 2
276 628 46
276 661 497
277 8 2
277 128 8
277 385 58
278 258 16
279 18 42
279 901 17
280 36 2
280 82 7
280 600 31
280 674 3
281 101 2
282 136 3
282 576 2
282 717 17
283 35 6
284 835 7
286 624 2
286 832 11
287 448 2
288 47 3
288 132 161
288 224 2
288 292 83
288 341 9
288 545 922
289 36 4
289 156 106
289 468 6
289 472 12
289 648 4
289 753 3
289 788 8
290 0 3
290 258 40
290 388 3
291 610 7
291 768 2
291 967 9
292 7 15
292 19 2
292 134 2
292 162 22
292 593 10
293 256 2
293 960 2
294 742 2
294 864 2
296 57 2
296 84 22
296 131 4
296 231 2
296 260 12
296 288 16
296 336 547
296 409 8
296 516 2
297 167 2
297 389 2
297 544 69
297 742 2
299 78 6
299 291 3
300 29 2
300 140 3
301 274 9
301 777 2
303 292 2
304 6 15
304 8 19
304 42 2
304 63 2
304 106 9
304 212 2
304 258 11
304 292 3
305 11 2
305 34 2
305 163 8
305 576 11
306 36 103
306 550 263418
306 918 13
308 583 6
308 692 9
308 832 2
308 848 96
309 77 4
310 44 2
312 514 2
314 109 445
314 376 2
314 518 2
315 739 23
316 452 3
318 914 85
320 29 371
320 315 2
320 407 4
320 428 31
320 641 4
321 4 6
321 262 4
321 337 2
321 768 9
321 834 2
321 1008 5
322 80 12
322 196 21
322 272 2
322 416 8
322 899 15
322 902 8
323 360 2
323 515 99
324 16 48
324 106 2
324 167 2
324 200 5
324 513 23
324 530 2
325 6 7
325 74 1031
325 614 2
326 16 13
326 116 15
326 280 2
326 443 8
327 675 20
328 45 3
329 35 6
329 836 1720
331 512 3
332 456 3
334 265 5
334 288 2
335 83 2
335 391 37
336 18 24
336 100 42
336 576 4
336 632 118
337 352 12
337 768 6
338 33 2
338 160 2
340 106 6
340 704 35
340 763 2
342 15 6
342 168 8
342 272 2
343 475 2
344 188 6
345 32 7
345 728 2
345 992 108
346 11 2
347 11 2
347 149 8
347 313 6
348 128 270
349 12 15
352 419 25
352 514 7
352 680 4
352 794 296
352 860 2
353 389 25623
353 684 20
354 25 3
354 30 37
354 288 2
354 836 2
355 134 2
355 634 2
356 800 10
357 433 2
357 641 2
358 3 3
358 168 2
358 197 45
360 514 3
360 555 2
360 732 20
360 784 8
360 810 4
361 266 3
361 316 2
362 34 15
363 162 3
364 740 4
366 657 117
368 49 3
368 738 2
368 925 19012
371 112 6
371 705 5
371 772 203
372 352 5
375 77 3
376 193 10
379 333 3
381 531 2
382 562 2
384 6 11
384 156 3
384 168 333
384 312 2
384 332 17
384 423 2
384 457 163
384 481 4
384 531 2
384 571 2
384 597 2
384 692 3
384 841 2
384 962 7
385 2 2
385 75 2
385 213 5
385 214 2
385 513 160
385 563 84
386 73 10
386 158 14
386 160 2
386 206 132
386 846 3
386 849 2
386 912 2
387 297 7
387 545 8
387 1016 44
388 332 3
390 566 2
391 8 2
391 461 2
391 800 7
392 38 11
392 336 9
392 553 4
392 674 2
393 461 3
394 80 14
394 211 2
394 590 2
395 558 2
395 647 2
396 6 2
396 536 3
396 546 2
396 777 2
397 132 2
397 518 3
398 943 4
399 9 2
400 10 4
400 21 2
400 712 18
401 58 2
401 284 105
401 673 24
402 68 53
402 80 86
402 769 9
403 20 3
404 209 2
404 298 27
406 677 3
406 928 2
407 591 2
408 66 2
408 405 3
408 576 2
409 66 20
409 105 3
409 888 2
410 520 2
411 20 3
412 6 2
413 640 10
414 932 4
415 101 2
416 52 2
416 292 4
416 832 2
417 577 2
418 16 2
419 7 35
420 32 10
420 114 8
420 288 2
420 424 2
420 538 3
420 545 3
422 736 28
423 651 2
424 481 2
425 161 16
425 261 2
425 746 3755
425 776 144
426 644 2
427 580 3
428 32 21
428 194 2
428 620 2
428 880 4
430 8 597
430 68 2
430 203 2
433 24 2
433 197 12
433 398 2
434 734 2
436 597 2
437 2 2
441 21 19
442 691 2
444 769 118
444 801 29
448 92 24
448 513 2
448 655 2
449 321 3
450 450 2
452 48 3
452 136 2
452 205 837
452 488 938
452 512 2
452 513 6
453 368 9
453 661 2
454 9 2
454 437 2
454 634 2
454 782 6
455 640 2
456 105 2
456 367 152
456 376 5
456 774 2
458 101 2
460 197 4
460 462 3
460 566 3
461 625 5
461 901 2
462 516 4
462 641 2
463 916 2
464 265 8
465 531 2
465 761 2
465 902 2
467 211 2
467 300 4
470 713 2
472 226 10
473 6 11
473 600 11
473 800 3
476 775 2
480 0 11
480 731 2
480 928 2
481 288 25
481 416 6
482 64 2
482 285 2
483 555 15
488 3 2
488 269 8
488 334 2
488 565 2
489 64 13
491 112 4
501 519 2
504 267 2
505 332 3653
506 706 2
512 1 7
512 5 7
512 36 25
512 65 12
512 173 2
512 266 2
512 420 2
512 438 7
512 453 2
512 482 2
512 522 25
512 685 2
513 5 4
513 42 181
513 47 4
513 65 6
513 100 23
513 304 2
513 340 2
513 548 190
513 644 44
514 36 2
514 160 5
514 401 2
514 452 2
514 780 4
515 93 7
515 157 3
515 273 3
516 33 7
516 69 13
516 72 2
516 169 35
516 357 26
516 385 2
516 442 138
516 582 2
516 605 37
516 779 2
516 785 36
517 0 2
517 3 5
517 8 13
517 34 2
517 132 2
517 177 8
517 525 2
517 534 6
517 672 2
517 676 2
517 768 2
518 0 12
518 41 6
518 66 2
518 517 7
519 944 27
519 967 6
520 9 11
520 164 2
520 328 9
520 436 3
520 785 7
520 812 3
521 131 2
521 229 7
521 450 10
521 554 8
521 560 3
521 609 3
522 1 3
522 121 2
522 234 1500
522 549 3
522 652 10
525 134 2
525 820 2
526 776 113
527 36 15
527 713 2
528 10 7
528 33 2
528 36 3
528 97 2
528 156 2
528 344 8
528 406 3
528 512 87
528 580 9
528 611 4
528 720 3
528 801 25
529 16 2
529 148 3
529 260 15
529 423 21
529 517 17
529 520 2
529 836 3
530 20 2
530 86 204
530 132 3
530 278 144
530 325 2
530 522 2
530 696 23
532 11 6
532 134 6
532 292 3
532 550 21
532 853 2
533 5 26
533 787 19
534 6 2
534 425 2
534 786 2
534 928 2
535 10 2
536 10 5708
536 244 7
536 687 2
536 902 2
537 99 6
537 138 3
537 257 13
537 478 9
538 74 6
538 84 5
538 820 6
540 256 2
541 344 2
541 793 26
544 21 2
544 151 2
544 160 7
544 416 74
544 429 12
544 536 7
544 542 27
544 551 4
544 597 2
545 209 14
545 226 5
545 743 2
545 914 11
546 4 2
546 263 2
546 612 9
546 650 1432
546 758 212
546 900 11
547 265 2
547 427 22
547 577 13
548 169 25
548 512 6
548 577 5
548 586 28
549 68 2
549 97 3
549 530 46
550 36 2
550 649 2
550 800 2
551 4 8
551 40 4
551 89 2
552 136 3
552 640 3
552 656 2
553 36 2
553 102 4
553 933 7
554 4 2
554 137 3
554 296 29
555 52 3
557 6 2
557 370 35
557 400 4
557 512 54
557 557 2
559 557 10
560 32 17
560 168 3
560 354 2
561 521 2
562 162 2
562 977 5
562 992 29
563 20 2
563 410 2
564 659 2
565 105 6
566 4 3
566 44 5
566 132 21
567 793 1615
569 385 2
569 522 2
571 100 26
571 457 14
572 36 18
572 64 6
572 257 2
572 370 2
572 777 2
573 886 6
574 533 3
574 696 7
576 4 6
576 5 826
576 48 2
576 76 8
576 133 6
576 172 16
576 228 21434
576 325 4
576 371 20
576 525 16
576 547 2
576 607 2
577 72 2
577 222 2
577 236 8
577 292 74
577 577 3
578 26 2
578 96 14
578 120 2
578 136 3630
578 554 2
578 572 5
578 575 90
579 80 2
579 136 1082
579 621 2
579 789 2
580 64 30
580 528 2
580 598 29
581 645 4
582 633 47
583 129 2
584 432 3
584 833 4
585 64 2
585 208 213
585 217 5
585 354 2
585 389 2
586 64 4
586 530 2
586 658 2
587 608 2
588 784 9
589 389 2
590 276 2
590 520 8
590 788 2
592 2 3
592 4 3
592 148 11
592 322 8
592 566 142
592 585 3
593 429 125
595 557 3
596 11 213856
596 33 6
596 91 25990
596 154 20
597 387 15284
600 68 2
600 562 2
600 573 5
600 575 9
601 335 4
601 431 4
602 480 80
604 913 2
604 1006 4
605 80 18
606 281 4
606 807 7
607 288 2
607 393 43
608 176 3
608 185 2
608 522 6
608 576 2
608 648 17
609 28 2
609 225 2
609 768 2
611 125 2
612 170 8
612 534 2
613 840 9
614 265 2
614 936 3
616 450 2
616 806 2
617 374 6
617 908 2
618 70 33
618 1004 2
619 76 2
619 140 3
619 231 105
621 293 11
623 1000 7
624 579 17
625 5 1011
625 261 7
625 530 2
626 8 4
626 104 2
626 114 3
626 528 12
626 608 130
627 3 25
627 418 2
627 977 5
628 76 5
629 446 11
629 528 2
631 24 2
633 812 3
635 546 2
637 73 10
638 161 1353
640 4 9
640 16 24
640 160 2
640 181 20
640 246 6
640 369 19
640 421 3
640 467 2
640 525 149
640 584 2
640 659 55
640 732 4
640 938 2
642 512 10
642 562 2
642 724 31
643 73 7
643 775 2
644 48 8
644 387 5
644 660 2
644 756 2
644 769 10
645 4 9
645 25 13
645 195 2
645 548 5103
646 289 35
646 388 2
648 76 2
648 98 11
648 210 3
648 369 2
648 694 3
648 769 4
649 4 21
649 48 8
650 108 3
650 953 2
652 257 5
652 594 5
654 129 5
654 565 2
655 384 4
655 761 3
656 3 115
656 278 2
656 370 10
656 833 2
657 79 2
657 201 7
658 10 13
658 26 2
658 226 2
660 36 7
660 69 6
660 85 21
662 374 2
664 16 3
664 205 17
664 539 9
664 781 8
665 3 33
665 260 9
666 66 2
668 163 2
668 464 2
668 749 6
670 515 64
672 1 7
672 64 2
672 129 2
672 514 7983
672 608 2
672 717 4
674 259 2
674 288 4
674 672 2
675 257 72
675 470 2
676 52 6
677 121 49
677 641 10
679 556 23
680 20 2
680 39 2
680 450 2
680 540 2
681 6 2
681 33 2
682 14 2
684 1008 2
686 426 2
686 593 47
690 110 2
691 12 2
692 914 2
693 397 8
693 522 2
694 6 2
694 768 2
694 976 2
695 585 9
697 710 9
700 18 45
700 229 2
700 864 3
701 34 53
701 941 2
704 34 4
704 76 10
704 135 13
704 292 2
704 514 2
705 596 2
705 854 4
706 17 2
706 732 7
708 108 2
709 325 2
709 354 20
709 843 51
710 2 90
711 19 11
712 141 31
712 283 172
712 294 3
712 862 584
713 593 9
713 837 2
716 98 53
716 339 32
716 649 2
716 842 4
719 512 5
720 7 2
720 144 2
720 803 2
721 0 2
721 170 64
721 323 2
721 584 9
722 100 6
722 146 2
722 393 2
723 142 9
724 20 9
724 596 2
725 44 2
728 227 1439
728 350 16
728 712 17
732 834 5
737 25 5
737 64 3
737 610 2
740 778 4
740 801 54
741 45 2
742 97 4
743 787 4
744 124 279
744 280 12
744 762 4
745 63 8
746 386 2
746 536 10
752 261 20
752 494 2
752 786 2
754 32 6
759 130 2
760 40 4
760 220 2
760 257 4
760 300 1146
761 435 2
763 668 2
765 513 68
768 68 10
768 326 2
768 502 8
768 608 11
768 666 2
768 926 14
769 34 265
769 277 4
769 350 2
769 640 4
769 773 6
770 211 2
770 256 19
770 663 3
771 128 2
771 800 6
772 0 3
772 32 16
772 130 4
773 1 2
774 8 51
775 48 8
775 921 2
776 101 19
776 586 2
776 697 2
777 6 2
777 84 27
777 318 23
777 554 7
777 608 2
777 641 2
778 330 8
778 389 2
780 14 2
780 552 3
780 707 3
781 222 2
781 496 2
782 226 4
782 405 2
784 1 2
784 514 2
784 549 8
784 634 4
785 45 2
785 257 10
786 142 2
787 199 2
788 324 22
788 332 15
792 16 4
792 274 3
792 540 2
792 594 2
793 52 5
795 422 18
795 661 2
798 776 5
800 9 8
800 45 2
800 73 5
800 97 3
800 133 16
800 824 10
801 34 2
801 312 1186
801 642 8
802 769 18
804 0 2
804 104 4
804 337 2
804 433 7
804 779 3
806 43 2
806 134 2
806 232 2
806 326 2
808 526 10
808 777 5
808 937 2
808 945 2
810 17 22
810 394 13
810 416 2
812 778 4
814 161 11
814 264 498262
814 523 115067
814 905 7
816 18 18
816 24 2
817 784 10
818 253 2
819 69 14
819 538 2
821 236 2
822 211 7
824 392 3
824 609 23
824 978 2
828 592 20
830 356 2
832 16 3
832 21 2
832 30 2
832 43 2
832 304 70
832 328 3
832 427 4
832 518 10
833 147 601
833 999 13
834 0 36
834 32 7
834 67 7
834 148 9
834 912 2
835 264 17
835 583 5
836 86 35
836 388 9
836 485 4
838 785 2
839 21 16
840 106 3
840 545 22
841 32 2
841 370 14
842 200 150
843 939 2
845 624 26
848 90 2
848 313 4
848 899 2
849 792 5
850 776 2
851 195 8
852 2 2
852 72 3
852 824 14
854 681 5
856 256 2
856 866 77
857 42 2
862 130 3
863 516 23
864 23 3
864 786 2
866 260 2
867 998 2
868 332 82
870 68 118
871 264 2
872 50 2
872 165 2
873 9 5
874 360 2
880 611 2
882 42 16
882 591 2
882 778 19
884 802 744
894 392 17
895 603 2
896 868 11
897 39 2
897 1002 2
898 699 7
899 736 2
900 4 6
900 162 2
900 313 49
902 131 17
902 420 2
903 339 239
904 112 143
904 231 2
904 552 14
904 929 28
905 12 4
905 196 3
905 572 42
906 194 3
906 210 13
906 328 2
907 276 2
910 614 7
911 5 2
911 10 35
912 2 11
912 129 4
912 388 7
914 669 7
914 776 2
914 968 4
915 431 2
916 777 5
917 560 714
917 912 31
918 0 6
921 272 2
921 320 4
922 8 51
922 784 2
924 33 5
924 196 809
927 190 3
928 64 3
928 384 5
928 518 11
929 10 2
929 257 3
929 316 3
930 720 2
931 657 6
932 274 3
932 783 2
933 657 248
934 94 16
938 316 12
938 552 282
940 512 74
941 771 5
944 165 4
945 456 4
947 568 22
948 9 3
951 818 4
953 905 84
954 22 2
956 846 4
958 844 25
961 131 2
961 291 1809
961 333 3
961 472 2
963 130 3
965 937 13
966 29 16
966 192 5
966 555 2
968 51 282
968 352 3
969 313 2
969 769 5
970 180 2
971 566 20
976 779 2
977 22 2
977 34 2
977 549 3
978 817 4
984 324 13
984 483 6
985 268 2
986 772 158
987 962 2
988 366 28
996 36 2
996 836 2
998 127 2
998 179 18
1000 260 2
1001 286 2
1002 652 2
1002 912 2
1011 36 6
1013 316 2
1020 371 127
1020 385 2
1021 643 10
