0 4 2
0 9 2
0 29 2
0 47 2
0 112 4
0 135 2
0 166 5
0 215 525
0 259 19
0 265 2
0 274 12
0 321 2
0 352 4
0 415 4
0 618 5590
0 646 2
0 670 20
0 674 2
0 679 2
0 704 8
0 843 2
0 917 8
0 936 2
1 7 3333
1 15 15
1 30 3
1 37 2
1 70 2
1 82 2
1 135 6
1 228 3
1 481 6
1 565 2
1 644 2
1 705 2
1 768 6
1 825 2
1 920 5
2 0 2
2 3 4
2 8 7
2 48 2
2 132 6
2 260 10
2 267 4
2 328 17
2 523 2
2 826 3
3 24 9
3 272 11
3 277 2
3 530 6
3 652 9
3 817 2
4 0 2
4 4 11
4 24 2
4 60 25
4 293 12
4 576 3
4 683 9
4 774 2
4 808 98
5 18 9
5 216 3
5 887 2
6 3 14
6 148 4
6 259 3
6 267 2
6 466 3
6 512 2
6 798 2
6 1002 17
7 81 18
7 110 4
7 715 9
8 1 10
8 2 4
8 19 10
8 32 16
8 42 8
8 58 2
8 202 36
8 272 3
8 273 142
8 386 2
8 393 5
8 486 3
8 552 85435
8 642 2
8 735 5
8 902 4
9 43 2
9 274 12
9 416 36
9 526 17
9 572 128
9 823 2
9 907 13
10 13 2
10 40 5
10 75 2
10 160 2
10 176 8
10 518 2
10 523 3
10 584 5
10 599 2
10 680 4
10 778 10
11 779 5
12 0 3
12 55 2
12 65 2
12 366 19
12 634 5
12 781 2
13 66 78
13 192 15
13 224 5
13 320 2
14 127 4
14 152 14
14 210 2
14 321 2
14 376 3
14 584 14
14 616 2
15 352 2
15 485 40
15 659 2
15 854 39
16 9 2
16 24 50
16 64 3
16 96 29
16 516 2
16 643 69
16 806 2
17 48 2
17 129 4
17 258 16
18 51 11
18 203 6
18 215 3
18 290 8
18 641 19
18 645 4
19 7 31
20 1 69
20 10 10
20 28 20
20 36 33
20 194 3
20 323 21
20 786 8
21 258 3
21 308 14
22 24 4
22 97 6
22 133 6
22 281 5
22 320 2
22 565 2
23 886 2
24 9 2
24 781 54
24 786 2
24 848 3
24 944 43
25 523 2
25 592 16113
26 20 5
26 22 2
26 109 2
27 210 57
27 547 4
27 549 906
28 42 9
28 72 3
28 146 3
28 203 13
28 624 2
28 647 25
29 1 2
29 5 2
29 327 2
29 532 6
29 809 6
30 21 42
30 52 8
30 588 3
31 77 650
31 561 37
32 42 2
32 211 2
32 219 11
32 276 22
32 388 2
32 414 4
32 514 2
32 612 2
32 641 23
32 721 3
32 759 88
32 803 10
32 848 9
33 2 10
33 3 2
33 26 2
33 31 4
33 64 6
33 277 5
33 320 2
33 945 2
34 292 3646
34 324 9
34 561 19
34 663 2
34 720 2
34 800 2
35 65 2
35 551 4
35 689 2
36 12 2
36 34 3
36 48 6
36 257 2
36 320 64
36 555 3
36 858 7
37 2 28
37 364 2
37 520 2
37 640 19
37 673 3
38 1 2470
38 180 4
38 204 2
39 3 3
39 520 2
39 982 2
40 9 2
40 20 2
40 39 18
40 65 2
40 512 8
40 605 2
40 645 2
40 672 2
40 756 2
40 761 2
40 840 8
40 980 2
41 96 108
41 263 16
41 276 3
41 321 2
41 513 2
41 987 2
42 140 519
42 411 3
42 839 3
43 1 2
43 546 2
44 10 2
44 12 2
44 47 2
44 430 2
44 524 194
44 794 3
45 50 2
45 266 25
45 615 2
45 808 2
45 844 4
46 57 658
47 80 10
47 1022 4
48 67 2
48 168 3
48 176 2
48 193 4
48 198 2
48 226 191
48 646 3
48 789 9
48 932 6
49 4 225
49 310 2
49 516 9
50 9 2
50 113 19
50 528 5
51 70 8
51 377 5
51 516 41
52 46 6
52 256 2
52 285 2
52 390 16
52 899 2
53 146 2
53 245 10
54 112 2
54 718 2
55 278 2
56 89 5
56 472 10
57 5 13
57 33 3
57 128 4
57 448 8
58 470 144
59 58 138
59 292 16
59 453 12
60 3 440
60 5 28
60 33 5
60 112 4
60 948 2
61 644 2
62 521 2
62 612 1592
64 1 21
64 26 3
64 41 2
64 194 11
64 197 2
64 203 21
64 272 9
64 370 2
64 481 3
64 514 8
64 686 58
64 771 29
64 780 2
64 790 2
65 25 8
65 61 2
65 96 37
65 104 2
65 218 56
65 241 51
65 274 4
65 421 305
65 515 361
65 571 15
65 614 2
66 140 2
66 545 2
67 16 14
67 20 3
67 37 2
67 73 3
67 453 5
67 482 2
67 840 2
68 192 5
68 226 18
68 284 2
68 322 37
69 138 2
69 276 8
69 529 4
69 572 2
69 768 30
70 109 105
70 212 3
70 431 7
70 608 14
70 642 35
70 646 2
70 648 2
70 672 4061
71 409 25
72 8 19
72 65 2
72 280 5622
72 533 2
72 961 2
73 640 2
73 870 6
73 999 2
74 512 8
74 548 163
74 600 5
74 768 2
74 1012 39001
75 259 3
75 576 2
76 76 3
76 84 2
76 133 2
76 262 17
76 586 8
76 855 2
77 267 2
77 450 3
77 456 6
78 288 4
78 517 15
78 784 17
78 919 39
79 165 5
80 0 71
80 51 6
80 82 3
80 132 2
80 211 5
80 677 2
80 920 13
81 807 2
81 852 2
82 280 2
82 283 9
83 115 2
83 124 2
83 304 3
83 617 73
83 784 2
84 64 3
84 74 2
84 216 19
84 490 14
85 31 35
85 65 2
86 234 3
86 524 19
87 353 2
87 462 10
87 512 22
87 515 4
88 330 8
88 782 2
89 2 38
89 4 2
89 76 2
90 20 2
90 274 43
90 843 8
90 977 2
90 988 23
91 154 4
91 652 4
91 951 30
92 91 2
93 134 2
93 669 14
94 869 7
94 954 13
95 20 2
95 34 6
96 32 2
96 80 10
96 103 4
96 148 268
96 208 3
96 220 6
96 276 2
96 304 4
96 321 2
96 356 2
96 547 2
96 776 2
96 820 40
97 48 3
97 195 18
97 286 3
97 473 3
97 525 40
98 14 2
98 352 2
98 401 5
98 671 47
98 928 38
99 117 758
99 134 2
99 249 17
100 128 2
100 294 3
100 768 7
100 901 2
101 70 2
101 124 2
101 161 11
101 169 2
101 392 2
101 599 2
102 6 2
102 78 2
102 166 69
102 264 718325
103 704 28
104 26 45
104 28 7
104 48 2
104 64 2
104 132 2
104 313 4
104 512 9
104 673 7
105 3 87
105 296 2
105 779 30
106 516 10573
106 652 10
107 3 5
108 514 4
108 825 2
109 707 2
111 12 2
112 0 2
112 1 3
112 3 18
112 28 6
112 84 2
112 107 2
112 165 2
112 776 2
114 68 78
114 452 2
114 497 2
114 872 2
116 33 2
117 106 13
117 803 9
118 565 52
119 446 2
119 836 2
120 0 4
120 76 2
121 536 2
122 24 2
122 80 7
122 185 19
122 294 2
123 600 11
124 348 306
125 268 2
128 1 4
128 10 15
128 58 71
128 134 2
128 200 10
128 208 23
128 320 2
128 362 354
128 375 18
128 376 10
128 433 2
128 453 2
128 628 6
128 806 2
129 0 2
129 39 8
129 88 2
129 163 2
129 584 2
129 707 6
130 78 2
130 272 2
130 273 3
130 528 16
130 540 2
130 675 18
130 772 2
130 980 2
132 17 293
132 94 2
132 372 2
132 516 3
132 713 17
132 916 3
132 957 5
133 23 4
133 138 7
133 614 8
134 67 3
134 84 2
134 224 2
134 377 6
134 390 2
134 516 2
134 768 17
135 544 2
136 21 2
136 39 336
136 81 6
136 160 2
136 482 2
136 610 2
136 657 2
136 831 17
137 148 518
137 256 11
137 259 2
137 325 28
137 678 8
137 778 2
138 415 4
138 590 4
139 87 2
139 426 9
139 865 4
140 72 2
140 143 41
140 168 2
140 464 2
140 724 5
140 776 2
141 2 13
141 954 13
142 641 2
143 116 7
143 144 2
143 187 5
143 286 3
143 642 42
144 18 3
144 68 2
144 248 3
144 257 5
144 418 6
144 433 23
144 520 6
144 800 2
145 1 41
145 2 2
145 94 2
145 184 2
145 216 2
145 273 2
145 513 5
146 69 6
146 146 2
146 396 22
146 910 2
147 513 22
148 24 46
148 130 9
148 139 2
148 146 471
148 278 2
148 464 2
148 515 9
148 912 2
149 20 1368
149 633 2
149 649 2
150 160 9
150 656 251
151 102 11
151 132 2
151 207 2
153 26 2
153 592 2
153 598 3
153 961 2
156 133 2
156 521 4
156 814 2
157 404 50
158 104 4
159 526 9
160 34 2
160 144 2
160 452 5
160 644 19
161 21 4
161 40 2
161 326 1403
161 576 3
161 717 16
161 898 3
162 290 5
162 306 2
162 517 25
163 361 33
164 38 2
164 87 7
164 264 2
164 329 2
164 481 60
164 636 5
164 646 3
165 141 2
167 104 245
167 289 3
167 384 5
167 456 2
168 8 2
168 67 2
168 98 28
168 480 12
169 72 9
169 351 2
171 144 2
171 810 759
172 32 5
172 569 53
174 493 2
174 582 7
175 863 2
176 137 28
176 270 41
176 824 2
176 932 4
177 128 9
177 280 2
177 560 84
177 611 81
178 100 10995
178 144 2
178 580 2
179 429 2
180 19 2
180 152 2
180 600 3
181 97 2
181 331 2
181 964 2
182 300 2
182 672 19
182 728 2
184 141 2
184 161 2
184 664 34
185 5 2
185 391 2
186 272 3
186 582 2
187 800 4
188 4 11
188 199 4
192 43 2
192 52 7
192 72 3
192 177 3
192 388 8
192 392 11
192 524 11
192 536 2
192 713 11
192 898 12
192 904 32
192 999 2
193 8 2475
193 120 5
193 131 2
193 162 2
193 375 6
193 422 14
193 718 4
193 775 2
194 592 2
194 677 2
196 286 10
196 377 9
197 61 4
197 100 2
197 592 13
197 611 2
198 3 6059
198 196 3
198 812 8
200 577 2
201 39 2
201 98 274
201 140 21
202 11 7
203 654 2
204 520 2
205 457 2
206 80 3
208 12 21
208 14 14
208 88 3
208 534 31
209 55 27
209 513 29
209 564 5
210 1 2
210 882 2
211 4 2
212 69 40
212 262 7
212 673 2
214 369 2
216 792 43
217 923 7
218 86 2
219 389 5
220 176 2
220 658 13
222 532 12
222 852 20
225 257 2079
225 316 10
225 948 2
226 35 2
226 157 4
227 336 9
228 32 19
228 294 2
230 9 2
231 290 12
232 5 5
232 130 4
232 480 2
233 212 2
233 912 2
233 973 2
234 917 2
235 645 88
237 91 3
239 370 33
239 560 4
240 18 9
240 66 3
240 799 2
240 914 2
241 206 2
241 245 2
242 156 2
244 33 2
244 356 2
244 932 2
245 705 12
246 64 21
247 626 15
248 0 2
248 557 119
248 902 18
250 46 2
253 636 5
256 1 7
256 4 4
256 5 6
256 68 45
256 69 3
256 160 2
256 212 3
256 262 6
256 312 5
256 416 6
256 512 28
256 522 6
256 616 2
256 705 5
256 764 421
256 804 6
256 904 9
256 963 2
256 992 64
257 0 11
257 156 3
257 268 2
257 680 2
257 806 4
257 912 2
257 920 6
257 945 24
258 24 4
258 34 7
258 36 2
258 138 2
258 265 2
258 673 22
258 880 10
259 7 4
259 165 4
259 226 25
259 532 3
260 256 2
260 295 2
260 545 6
260 678 2
260 978 30
261 8 2
261 67 3
261 72 35
261 356 16
261 672 2
261 995 3
262 134 11
262 193 14
262 256 2
262 906 2
262 1013 2
264 4 2
264 296 2
264 320 6
265 264 2
265 339 5
265 632 815
266 11 197
266 56 2
266 242 2
266 326 2
266 336 7
267 523 2
267 581 3
268 12 4
268 34 2
268 192 2
268 512 2
268 524 16
268 577 2
269 444 4
269 640 2
270 73 6
270 532 16
270 642 2
272 41 3
272 162 15
272 208 17
272 225 16
272 234 6
272 259 3
272 280 2
272 378 315
272 520 8
272 554 32
272 640 28
272 684 108
272 899 49
273 47 3
273 693 8
273 903 135
274 334 10
275 4 2
275 16 2
275 116 14
275 133 2
275 401 2
275 485 2
275 512 34
276 392 3
276 394 10
276 628 2
276 661 21
277 8 2
277 128 2
277 385 2
278 258 18
279 18 2
279 901 10
280 36 2
280 82 9
280 600 71922
280 674 15
281 101 2
282 136 3
282 576 2
282 717 2
283 35 4
284 835 9
286 624 358
286 832 4
287 448 63
288 47 1738
288 132 2322
288 224 29
288 292 3
288 341 37
288 545 2
289 36 2
289 156 4
289 468 9
289 472 4
289 648 9
289 753 17
289 788 2
290 0 77
290 258 2
290 388 592
291 610 7
291 768 4
291 967 23
292 7 26
292 19 9
292 134 2
292 162 12
292 593 18
293 256 2
293 960 20
294 742 11
294 864 2
296 57 2
296 84 30
296 131 9
296 231 2
296 260 5
296 288 37
296 336 2
296 409 11
296 516 2
297 167 4
297 389 3
297 544 2
297 742 2
299 78 2
299 291 2
300 29 4
300 140 2
301 274 4
301 777 3
303 292 3
304 6 2
304 8 2
304 42 6
304 63 3
304 106 9
304 212 2
304 258 10
304 292 108
305 11 2
305 34 2
305 163 17
305 576 2
306 36 2
306 550 206
306 918 2
308 583 29
308 692 447
308 832 2
308 848 2
309 77 7
310 44 55
312 514 2
314 109 11
314 376 2
314 518 2
315 739 2
316 452 4
318 914 3390
320 29 4
320 315 17
320 407 4
320 428 30
320 641 10
321 4 2
321 262 2
321 337 2
321 768 23
321 834 25
321 1008 9
322 80 8
322 196 7
322 272 67
322 416 21
322 899 6
322 902 2
323 360 2
323 515 2
324 16 2
324 106 2
324 167 2
324 200 2
324 513 35
324 530 2
325 6 36
325 74 2
325 614 2
326 16 32
326 116 7
326 280 2
326 443 3
327 675 2
328 45 4
329 35 10
329 836 52
331 512 35
332 456 2
334 265 11
334 288 2
335 83 3
335 391 3
336 18 3
336 100 18
336 576 22
336 632 4
337 352 2
337 768 3
338 33 2
338 160 2
340 106 3
340 704 2
340 763 8
342 15 5
342 168 25
342 272 2
343 475 2
344 188 3
345 32 4
345 728 25
345 992 2
346 11 2
347 11 28
347 149 3
347 313 11
348 128 2
349 12 2
352 419 2
352 514 2
352 680 3
352 794 49
352 860 2
353 389 44
353 684 14
354 25 2
354 30 2
354 288 23
354 836 2
355 134 2
355 634 4
356 800 2
357 433 2
357 641 6
358 3 2
358 168 2
358 197 103
360 514 2
360 555 2
360 732 7
360 784 2
360 810 2
361 266 4
361 316 2
362 34 3
363 162 10
364 740 11
366 657 23
368 49 2
368 738 2
368 925 2
371 112 6
371 705 14
371 772 2
372 352 8
375 77 2
376 193 2
379 333 2
381 531 14
382 562 7
384 6 2
384 156 2
384 168 2
384 312 8
384 332 10
384 423 3
384 457 2
384 481 4
384 531 2573
384 571 12
384 597 15
384 692 13
384 841 9
384 962 399
385 2 4
385 75 2
385 213 2
385 214 3
385 513 2
385 563 2
386 73 6
386 158 2
386 160 2
386 206 3
386 846 4
386 849 2
386 912 12
387 297 5
387 545 5
387 1016 8
388 332 54
390 566 3
391 8 174
391 461 2
391 800 7
392 38 116
392 336 5
392 553 2
392 674 4
393 461 12
394 80 2
394 211 2
394 590 2
395 558 2
395 647 34
396 6 68
396 536 3
396 546 3
396 777 2
397 132 2
397 518 245
398 943 6
399 9 2
400 10 3
400 21 2
400 712 5
401 58 2
401 284 2
401 673 10
402 68 9
402 80 50
402 769 12
403 20 16
404 209 9593
404 298 2
406 677 3
406 928 2
407 591 15
408 66 2
408 405 2
408 576 39
409 66 12
409 105 2
409 888 288
410 520 2
411 20 2
412 6 7
413 640 15
414 932 3
415 101 698
416 52 3
416 292 14
416 832 2
417 577 2
418 16 3
419 7 142
420 32 10
420 114 155
420 288 3
420 424 3
420 538 5
420 545 26
422 736 2
423 651 2
424 481 2
425 161 2
425 261 2
425 746 15
425 776 38
426 644 2
427 580 2
428 32 8
428 194 2
428 620 7
428 880 2
430 8 2
430 68 9
430 203 2
433 24 3
433 197 2
433 398 5
434 734 2
436 597 2
437 2 2
441 21 2
442 691 4
444 769 2
444 801 42
448 92 2
448 513 5
448 655 2
449 321 4
450 450 12
452 48 2
452 136 2
452 205 6
452 488 2
452 512 2
452 513 2
453 368 32
453 661 15
454 9 2
454 437 2
454 634 19
454 782 6
455 640 2
456 105 15
456 367 2
456 376 7
456 774 13
458 101 2
460 197 10
460 462 2
460 566 662
461 625 2
461 901 15
462 516 2
462 641 2
463 916 4
464 265 213
465 531 2
465 761 19
465 902 2
467 211 19
467 300 2
470 713 15
472 226 2
473 6 112
473 600 3
473 800 43
476 775 77
480 0 7
480 731 14
480 928 19
481 288 20
481 416 2
482 64 157
482 285 30
483 555 8
488 3 5
488 269 4
488 334 4
488 565 3
489 64 8
491 112 2
501 519 2
504 267 2
505 332 257
506 706 491
512 1 2
512 5 2
512 36 25
512 65 11
512 173 23
512 266 18
512 420 2488
512 438 3
512 453 2
512 482 8
512 522 10
512 685 2
513 5 5
513 42 42
513 47 13
513 65 2
513 100 3
513 304 4
513 340 2
513 548 452
513 644 6
514 36 2
514 160 15
514 401 2
514 452 4
514 780 10
515 93 2
515 157 4
515 273 2
516 33 8
516 69 17
516 72 9
516 169 8
516 357 2
516 385 10
516 442 6
516 582 3
516 605 2
516 779 28
516 785 46
517 0 2
517 3 2
517 8 10
517 34 2
517 132 2
517 177 73
517 525 73
517 534 3
517 672 17
517 676 2
517 768 179
518 0 2
518 41 2
518 66 3
518 517 2
519 944 3
519 967 3
520 9 30
520 164 4
520 328 61
520 436 2
520 785 4
520 812 2
521 131 59683
521 229 3
521 450 3
521 554 17
521 560 12
521 609 8
522 1 122
522 121 31
522 234 2
522 549 2
522 652 5125
525 134 2
525 820 69
526 776 6
527 36 41
527 713 2
528 10 3
528 33 21
528 36 4
528 97 2
528 156 2
528 344 2
528 406 4
528 512 2
528 580 2
528 611 3
528 720 8
528 801 2
529 16 158
529 148 2
529 260 2
529 423 2
529 517 33
529 520 16
529 836 5
530 20 2
530 86 2
530 132 2
530 278 23
530 325 37
530 522 18
530 696 5
532 11 31
532 134 2
532 292 3
532 550 7
532 853 71
533 5 17
533 787 4
534 6 3
534 425 2
534 786 2
534 928 2
535 10 2
536 10 2
536 244 2
536 687 4
536 902 2
537 99 2
537 138 3
537 257 60
537 478 5
538 74 2
538 84 8
538 820 10
540 256 13
541 344 2
541 793 8
544 21 7
544 151 51
544 160 2
544 416 951
544 429 3
544 536 3
544 542 23
544 551 15
544 597 7
545 209 2
545 226 2
545 743 2
545 914 4
546 4 2
546 263 28
546 612 10
546 650 2
546 758 3
546 900 13
547 265 2
547 427 6
547 577 8
548 169 4
548 512 1563
548 577 2
548 586 2
549 68 5
549 97 3
549 530 2738
550 36 15764
550 649 11
550 800 2
551 4 9
551 40 2
551 89 2
552 136 69
552 640 7
552 656 2
553 36 2
553 102 8
553 933 16
554 4 4
554 137 2
554 296 12
555 52 2
557 6 7
557 370 11
557 400 2
557 512 7
557 557 2
559 557 2
560 32 5
560 168 4
560 354 6
561 521 2
562 162 2
562 977 2
562 992 2
563 20 2
563 410 23
564 659 2
565 105 6
566 4 9
566 44 4
566 132 4
567 793 9
569 385 2
569 522 2
571 100 12
571 457 6
572 36 10
572 64 5
572 257 4
572 370 2
572 777 6
573 886 13
574 533 44
574 696 3
576 4 11
576 5 2
576 48 2
576 76 15
576 133 2
576 172 4
576 228 1854
576 325 8
576 371 4
576 525 5
576 547 2
576 607 7
577 72 5
577 222 19
577 236 6
577 292 2
577 577 16
578 26 2
578 96 12
578 120 11
578 136 9
578 554 2
578 572 160
578 575 2
579 80 7
579 136 3
579 621 10
579 789 4
580 64 2
580 528 44
580 598 65
581 645 2
582 633 40
583 129 2
584 432 2
584 833 10
585 64 2
585 208 2
585 217 14
585 354 3
585 389 7
586 64 2
586 530 2
586 658 2
587 608 20
588 784 4
589 389 5
590 276 160
590 520 2
590 788 16
592 2 15
592 4 5
592 148 5
592 322 2
592 566 2
592 585 36
593 429 2
595 557 2
596 11 51208
596 33 3
596 91 2
596 154 5
597 387 2
600 68 2
600 562 2
600 573 14
600 575 7
601 335 5
601 431 6
602 480 75136
604 913 91
604 1006 18
605 80 2
606 281 3
606 807 832
607 288 2
607 393 9
608 176 16
608 185 2
608 522 2
608 576 2
608 648 12
609 28 2
609 225 19
609 768 2
611 125 2
612 170 4
612 534 175
613 840 27
614 265 1979
614 936 2
616 450 2
616 806 2
617 374 2
617 908 2
618 70 30
618 1004 2
619 76 2
619 140 5
619 231 48
621 293 7
623 1000 2
624 579 6
625 5 2
625 261 2
625 530 2
626 8 130
626 104 2
626 114 2
626 528 3
626 608 2
627 3 6
627 418 2
627 977 6
628 76 2
629 446 7
629 528 136
631 24 2
633 812 12
635 546 32497
637 73 9
638 161 2
640 4 7
640 16 3
640 160 14
640 181 2
640 246 2
640 369 6
640 421 63
640 467 2
640 525 2
640 584 30
640 659 2
640 732 54
640 938 2
642 512 4
642 562 6
642 724 5
643 73 3
643 775 2
644 48 6
644 387 17
644 660 3
644 756 2
644 769 2
645 4 2
645 25 3
645 195 2
645 548 2
646 289 4
646 388 4
648 76 2
648 98 4
648 210 17
648 369 2
648 694 4
648 769 2
649 4 4
649 48 28
650 108 2
650 953 2
652 257 17
652 594 282
654 129 19
654 565 2
655 384 3
655 761 12
656 3 57
656 278 55
656 370 8
656 833 2
657 79 157
657 201 4
658 10 3
658 26 2
658 226 2
660 36 14
660 69 4
660 85 2
662 374 2
664 16 9
664 205 14
664 539 4
664 781 2
665 3 20
665 260 2
666 66 19
668 163 8
668 464 2
668 749 9
670 515 2
672 1 5
672 64 11
672 129 3
672 514 6
672 608 2
672 717 7
674 259 2
674 288 2
674 672 2
675 257 119
675 470 71526
676 52 3
677 121 54
677 641 2
679 556 5
680 20 22
680 39 2
680 450 6
680 540 2
681 6 54
681 33 2
682 14 4
684 1008 2
686 426 2
686 593 2
690 110 2
691 12 2
692 914 4
693 397 2
693 522 2
694 6 30
694 768 4
694 976 10
695 585 15
697 710 7
700 18 2
700 229 2
700 864 2
701 34 3
701 941 64
704 34 3
704 76 10
704 135 2
704 292 2
704 514 2
705 596 26471
705 854 4
706 17 4
706 732 5
708 108 3
709 325 431
709 354 3
709 843 2
710 2 6
711 19 7
712 141 33
712 283 2
712 294 2
712 862 87
713 593 3
713 837 2
716 98 2
716 339 15
716 649 2
716 842 18710
719 512 18
720 7 2
720 144 2
720 803 2
721 0 12
721 170 38
721 323 3
721 584 15
722 100 9
722 146 21
722 393 7
723 142 2
724 20 11
724 596 2
725 44 4
728 227 2235
728 350 19
728 712 7
732 834 2
737 25 15
737 64 22
737 610 47
740 778 4
740 801 22
741 45 20
742 97 2
743 787 2
744 124 41
744 280 8
744 762 2
745 63 8
746 386 290
746 536 3
752 261 2
752 494 8
752 786 2
754 32 12
759 130 2
760 40 5
760 220 2
760 257 6
760 300 1026
761 435 3
763 668 2
765 513 2
768 68 5
768 326 2
768 502 5
768 608 9
768 666 18
768 926 6
769 34 2
769 277 11
769 350 2
769 640 3
769 773 60
770 211 13
770 256 3
770 663 10
771 128 2
771 800 2
772 0 53
772 32 17834
772 130 2
773 1 13
774 8 10
775 48 108
775 921 5
776 101 2
776 586 3
776 697 2
777 6 63
777 84 94
777 318 10
777 554 3
777 608 3
777 641 31
778 330 2
778 389 103
780 14 2
780 552 11
780 707 3
781 222 6
781 496 95253
782 226 3
782 405 15
784 1 457
784 514 2
784 549 2
784 634 10
785 45 11
785 257 24
786 142 5
787 199 10
788 324 11
788 332 14
792 16 17
792 274 3
792 540 2
792 594 2
793 52 2
795 422 3
795 661 4
798 776 18
800 9 2
800 45 3
800 73 2
800 97 4
800 133 3
800 824 8
801 34 5
801 312 2
801 642 4
802 769 6
804 0 19
804 104 2
804 337 2
804 433 2
804 779 3
806 43 5
806 134 2
806 232 2
806 326 4
808 526 41
808 777 2
808 937 2
808 945 2
810 17 2
810 394 6
810 416 6
812 778 26
814 161 15
814 264 127
814 523 133
814 905 6
816 18 10
816 24 5
817 784 4
818 253 3
819 69 5
819 538 4
821 236 4
822 211 4
824 392 12
824 609 5
824 978 2
828 592 153
830 356 14
832 16 2
832 21 24
832 30 2
832 43 2
832 304 5861
832 328 48
832 427 2
832 518 14
833 147 2
833 999 409
834 0 10
834 32 4
834 67 3
834 148 2
834 912 2
835 264 5
835 583 3
836 86 3
836 388 12
836 485 17
838 785 2
839 21 2
840 106 4
840 545 37
841 32 332
841 370 8
842 200 2
843 939 19
845 624 8
848 90 4
848 313 6
848 899 7
849 792 9
850 776 17
851 195 4
852 2 3
852 72 3
852 824 2
854 681 2
856 256 2
856 866 3
857 42 2
862 130 46
863 516 3
864 23 3
864 786 6
866 260 2
867 998 2
868 332 103
870 68 2
871 264 363
872 50 2
872 165 2
873 9 8
874 360 8
880 611 13
882 42 3
882 591 2
882 778 2
884 802 374
894 392 2
895 603 10
896 868 24
897 39 401
897 1002 2
898 699 11
899 736 2
900 4 2
900 162 2
900 313 7
902 131 2
902 420 2
903 339 11
904 112 9
904 231 2
904 552 2
904 929 3
905 12 7
905 196 358
905 572 753
906 194 13
906 210 2
906 328 2
907 276 11
910 614 2
911 5 55
911 10 2
912 2 2
912 129 2
912 388 3
914 669 2
914 776 17
914 968 3
915 431 2
916 777 6
917 560 288
917 912 2
918 0 10
921 272 3
921 320 13
922 8 84
922 784 1615
924 33 2
924 196 6
927 190 2
928 64 2
928 384 6
928 518 2
929 10 2
929 257 15
929 316 28
930 720 47
931 657 15
932 274 16
932 783 2
933 657 3
934 94 28
938 316 2
938 552 140
940 512 2
941 771 17
944 165 9
945 456 2
947 568 60
948 9 2
951 818 2
953 905 90
954 22 20
956 846 2
958 844 2
961 131 159
961 291 11898
961 333 12
961 472 8
963 130 8
965 937 2
966 29 15
966 192 25
966 555 88
968 51 2
968 352 12
969 313 9
969 769 12
970 180 8
971 566 3
976 779 2
977 22 2
977 34 2
977 549 2
978 817 4
984 324 9
984 483 5
985 268 2
986 772 2
987 962 4
988 366 4
996 36 2
996 836 4
998 127 2
998 179 8
1000 260 2
1001 286 171
1002 652 2
1002 912 2
1011 36 15
1013 316 24
1020 371 2
1020 385 12
1021 643 9
