0 4 19266
0 9 2
0 29 2
0 47 7
0 112 2
0 135 2
0 166 8
0 215 128276
0 259 3
0 265 354
0 274 12
0 321 8
0 352 66
0 415 2
0 618 2
0 646 2
0 670 2
0 674 7
0 679 2
0 704 2
0 843 5
0 917 2
0 936 3
1 7 2
1 15 24
1 30 2
1 37 2
1 70 3
1 82 2
1 135 2
1 228 3
1 481 2
1 565 2
1 644 6
1 705 57594
1 768 2
1 825 4
1 920 5
2 0 114
2 3 17
2 8 24
2 48 2
2 132 8
2 260 15
2 267 5
2 328 20
2 523 2
2 826 9
3 24 2
3 272 2
3 277 2
3 530 5
3 652 3
3 817 37
4 0 3
4 4 2
4 24 2
4 60 13
4 293 2
4 576 4
4 683 19
4 774 3
4 808 64
5 18 2
5 216 3
5 887 1485
6 3 2
6 148 2
6 259 2
6 267 4
6 466 16
6 512 2
6 798 2
6 1002 466
7 81 2
7 110 2
7 715 27
8 1 2
8 2 889
8 19 6
8 32 2
8 42 21
8 58 9
8 202 13
8 272 2
8 273 3
8 386 2
8 393 7
8 486 29
8 552 439
8 642 5
8 735 2
8 902 6
9 43 3
9 274 15
9 416 12
9 526 2
9 572 2
9 823 304
9 907 40
10 13 2
10 40 191
10 75 53
10 160 2
10 176 29
10 518 36
10 523 2
10 584 2
10 599 4
10 680 3
10 778 2
11 779 12
12 0 2
12 55 419
12 65 2
12 366 2
12 634 5
12 781 2
13 66 309
13 192 4
13 224 2
13 320 97
14 127 2
14 152 2
14 210 2
14 321 18
14 376 2
14 584 2
14 616 3
15 352 4
15 485 2
15 659 2
15 854 2
16 9 2
16 24 625
16 64 3
16 96 15
16 516 5
16 643 2
16 806 20
17 48 2
17 129 16
17 258 2
18 51 2
18 203 29
18 215 15
18 290 4
18 641 10
18 645 3
19 7 11
20 1 8
20 10 7
20 28 12
20 36 2
20 194 18
20 323 5
20 786 10
21 258 21
21 308 10
22 24 3
22 97 7
22 133 2
22 281 18
22 320 8
22 565 77
23 886 3
24 9 5
24 781 2
24 786 2
24 848 35
24 944 8
25 523 20
25 592 2
26 20 26
26 22 2
26 109 14
27 210 63
27 547 2
27 549 2
28 42 13
28 72 10
28 146 3
28 203 15
28 624 83
28 647 8
29 1 61
29 5 6
29 327 2
29 532 2
29 809 4
30 21 7
30 52 2
30 588 2
31 77 3
31 561 14
32 42 2
32 211 5
32 219 2
32 276 7
32 388 2
32 414 6
32 514 2
32 612 48080
32 641 717
32 721 2
32 759 2
32 803 15
32 848 2
33 2 6
33 3 2
33 26 4
33 31 6
33 64 5
33 277 13
33 320 26
33 945 3
34 292 428
34 324 4
34 561 44
34 663 10
34 720 2
34 800 19
35 65 2
35 551 11
35 689 17
36 12 54
36 34 12
36 48 3
36 257 3
36 320 2
36 555 2
36 858 7
37 2 21
37 364 2
37 520 2
37 640 10
37 673 6
38 1 247
38 180 9
38 204 2
39 3 58
39 520 8
39 982 46
40 9 2
40 20 2
40 39 14
40 65 4
40 512 2
40 605 2
40 645 4
40 672 6
40 756 2
40 761 2
40 840 9
40 980 2
41 96 8
41 263 2
41 276 6
41 321 2
41 513 2
41 987 2
42 140 3
42 411 2
42 839 13
43 1 241
43 546 2
44 10 2
44 12 2
44 47 50
44 430 2
44 524 2
44 794 2
45 50 53
45 266 4
45 615 2
45 808 8
45 844 4
46 57 4
47 80 19
47 1022 4
48 67 2
48 168 4
48 176 5
48 193 4
48 198 2
48 226 239
48 646 11
48 789 12
48 932 3
49 4 2
49 310 2
49 516 16
50 9 2
50 113 4
50 528 2
51 70 9
51 377 7
51 516 8
52 46 17
52 256 3
52 285 2
52 390 21
52 899 87
53 146 38
53 245 5
54 112 2
54 718 2
55 278 2
56 89 2
56 472 19
57 5 9
57 33 93
57 128 6
57 448 17
58 470 76
59 58 23
59 292 7
59 453 69
60 3 2
60 5 2
60 33 3
60 112 12
60 948 3
61 644 2
62 521 29
62 612 163
64 1 380
64 26 11
64 41 2
64 194 2
64 197 2
64 203 2
64 272 5
64 370 3
64 481 40
64 514 6
64 686 8
64 771 19
64 780 2
64 790 2
65 25 2
65 61 2
65 96 2
65 104 9
65 218 2
65 241 2
65 274 2
65 421 2
65 515 2
65 571 5
65 614 2
66 140 773
66 545 2
67 16 7
67 20 2
67 37 2
67 73 2
67 453 2
67 482 2
67 840 2
68 192 2
68 226 2
68 284 7
68 322 7
69 138 2
69 276 7
69 529 4
69 572 2
69 768 30
70 109 2
70 212 2
70 431 16
70 608 2
70 642 21
70 646 2
70 648 2
70 672 398
71 409 2
72 8 5
72 65 3
72 280 5
72 533 2
72 961 28369
73 640 2
73 870 12
73 999 5
74 512 5
74 548 2
74 600 16
74 768 5
74 1012 7
75 259 2
75 576 2
76 76 3
76 84 165
76 133 2
76 262 29
76 586 4
76 855 3
77 267 2
77 450 6
77 456 4
78 288 2
78 517 23
78 784 2
78 919 5
79 165 12
80 0 2
80 51 4
80 82 2
80 132 5
80 211 28
80 677 3
80 920 2
81 807 7
81 852 8
82 280 3
82 283 4
83 115 69
83 124 2
83 304 8
83 617 2
83 784 2
84 64 5
84 74 94
84 216 12
84 490 2
85 31 2
85 65 10
86 234 3
86 524 277
87 353 2
87 462 4
87 512 4
87 515 5
88 330 2
88 782 4
89 2 13
89 4 4
89 76 2
90 20 2
90 274 76
90 843 2
90 977 2
90 988 2
91 154 5
91 652 2
91 951 2
92 91 2
93 134 529
93 669 2
94 869 2
94 954 12
95 20 2
95 34 2
96 32 23
96 80 2
96 103 7
96 148 2
96 208 2
96 220 3
96 276 3
96 304 3
96 321 6
96 356 2
96 547 2
96 776 2
96 820 2
97 48 3
97 195 3
97 286 3
97 473 4
97 525 6
98 14 6
98 352 251
98 401 63
98 671 3
98 928 2
99 117 2
99 134 2
99 249 7
100 128 2
100 294 3
100 768 7
100 901 2
101 70 2
101 124 2
101 161 2
101 169 2
101 392 2
101 599 2
102 6 2
102 78 132
102 166 80
102 264 3
103 704 10
104 26 17
104 28 3
104 48 2
104 64 2
104 132 2
104 313 2
104 512 2
104 673 6
105 3 2
105 296 2
105 779 2
106 516 2
106 652 5
107 3 2
108 514 5
108 825 2
109 707 36
111 12 2
112 0 6
112 1 5
112 3 7
112 28 8
112 84 2
112 107 3
112 165 3
112 776 17
114 68 2
114 452 2
114 497 3
114 872 2
116 33 23
117 106 15
117 803 2
118 565 3
119 446 4
119 836 3
120 0 7
120 76 18
121 536 2
122 24 1964
122 80 12
122 185 224
122 294 4
123 600 2
124 348 2
125 268 40
128 1 2
128 10 3
128 58 11
128 134 3
128 200 6
128 208 43
128 320 4
128 362 133
128 375 2
128 376 32
128 433 2
128 453 2
128 628 2
128 806 2
129 0 27
129 39 4
129 88 37638
129 163 2
129 584 23
129 707 2
130 78 2
130 272 2
130 273 2
130 528 3
130 540 2
130 675 2
130 772 2
130 980 2
132 17 2
132 94 2
132 372 2
132 516 3
132 713 2
132 916 2
132 957 2
133 23 2
133 138 53
133 614 29
134 67 2
134 84 2
134 224 57
134 377 116
134 390 2
134 516 4
134 768 7
135 544 2
136 21 34
136 39 2
136 81 2
136 160 2
136 482 203
136 610 2
136 657 2
136 831 11
137 148 14
137 256 3
137 259 13
137 325 2
137 678 2
137 778 5
138 415 2
138 590 10
139 87 11
139 426 6
139 865 8
140 72 2
140 143 4
140 168 2
140 464 2
140 724 9
140 776 3
141 2 16
141 954 6
142 641 2
143 116 23
143 144 2
143 187 1214
143 286 8
143 642 8
144 18 15
144 68 10
144 248 7
144 257 12
144 418 2
144 433 3
144 520 12
144 800 3
145 1 2
145 2 2
145 94 30
145 184 15
145 216 2
145 273 5
145 513 62
146 69 15
146 146 15
146 396 6
146 910 83
147 513 4
148 24 2
148 130 25
148 139 2
148 146 7953
148 278 2
148 464 2
148 515 10
148 912 2
149 20 313
149 633 34
149 649 2
150 160 3
150 656 2
151 102 12
151 132 11
151 207 2
153 26 11
153 592 3798
153 598 8
153 961 2
156 133 2
156 521 2
156 814 2
157 404 16
158 104 6
159 526 2
160 34 2
160 144 7
160 452 2
160 644 2
161 21 2
161 40 12
161 326 2
161 576 12
161 717 2
161 898 2
162 290 4
162 306 17
162 517 2
163 361 3
164 38 3
164 87 6
164 264 2
164 329 72
164 481 86
164 636 5
164 646 2
165 141 2
167 104 3
167 289 6
167 384 3
167 456 2
168 8 5
168 67 2
168 98 9
168 480 3
169 72 2
169 351 9
171 144 2
171 810 2
172 32 17
172 569 66
174 493 2
174 582 7
175 863 2
176 137 10
176 270 22
176 824 2
176 932 21
177 128 10
177 280 9
177 560 3
177 611 397
178 100 3
178 144 53
178 580 2
179 429 2
180 19 3
180 152 2
180 600 2
181 97 2
181 331 2
181 964 3
182 300 826
182 672 2
182 728 15
184 141 12
184 161 2
184 664 13
185 5 2
185 391 3
186 272 2
186 582 2
187 800 2
188 4 16
188 199 11
192 43 525
192 52 10
192 72 76
192 177 3
192 388 13
192 392 2
192 524 25
192 536 3
192 713 5
192 898 8
192 904 4
192 999 2
193 8 2
193 120 2
193 131 35
193 162 2
193 375 2
193 422 26
193 718 15
193 775 2
194 592 2
194 677 4
196 286 8
196 377 33
197 61 8
197 100 3
197 592 10
197 611 2
198 3 2
198 196 2
198 812 7
200 577 2
201 39 2
201 98 3
201 140 9
202 11 2
203 654 12628
204 520 2
205 457 72
206 80 4
208 12 34
208 14 2
208 88 2
208 534 4
209 55 2
209 513 3
209 564 1197
210 1 2
210 882 489
211 4 15
212 69 57
212 262 4
212 673 4
214 369 2
216 792 2
217 923 11
218 86 95
219 389 2
220 176 60
220 658 3
222 532 2
222 852 2
225 257 2
225 316 5
225 948 2
226 35 2
226 157 3
227 336 14
228 32 22
228 294 2
230 9 2
231 290 30
232 5 9
232 130 2
232 480 6
233 212 7
233 912 2
233 973 2
234 917 11
235 645 2
237 91 2
239 370 4
239 560 2
240 18 2
240 66 11
240 799 94
240 914 2
241 206 65
241 245 310
242 156 2
244 33 10
244 356 2
244 932 10
245 705 4
246 64 68
247 626 3
248 0 2
248 557 624
248 902 11
250 46 282
253 636 2
256 1 2
256 4 47
256 5 2
256 68 10
256 69 6
256 160 2
256 212 2
256 262 9
256 312 5
256 416 12
256 512 6
256 522 13
256 616 2
256 705 3
256 764 3
256 804 4
256 904 5
256 963 10
256 992 2
257 0 33
257 156 4
257 268 2
257 680 54562
257 806 116
257 912 2
257 920 2
257 945 2
258 24 481
258 34 2
258 36 2
258 138 6
258 265 4
258 673 9
258 880 10
259 7 10
259 165 6
259 226 2
259 532 2
260 256 7
260 295 2
260 545 2
260 678 9
260 978 32
261 8 8
261 67 6
261 72 2
261 356 6
261 672 2084
261 995 5
262 134 4
262 193 6
262 256 8
262 906 2
262 1013 2
264 4 2
264 296 35
264 320 3
265 264 191
265 339 2
265 632 63
266 11 2
266 56 6
266 242 2
266 326 2
266 336 2
267 523 2
267 581 4
268 12 6
268 34 7
268 192 22
268 512 2
268 524 4
268 577 781
269 444 10
269 640 2
270 73 22
270 532 7
270 642 11
272 41 11
272 162 5
272 208 32
272 225 8
272 234 25
272 259 4
272 280 8
272 378 2
272 520 2
272 554 2
272 640 2
272 684 2
272 899 15
273 47 2
273 693 2
273 903 5
274 334 8
275 4 2
275 16 2
275 116 6
275 133 561
275 401 2
275 485 2
275 512 14
276 392 11
276 394 2
276 628 8
276 661 851
277 8 14
277 128 6
277 385 2
278 258 3
279 18 167
279 901 8
280 36 2
280 82 10
280 600 2
280 674 9
281 101 2
282 136 5
282 576 29
282 717 9
283 35 18
284 835 96
286 624 5989
286 832 7
287 448 2
288 47 3
288 132 21
288 224 2
288 292 2
288 341 4
288 545 533
289 36 14
289 156 2
289 468 4
289 472 5
289 648 3
289 753 6
289 788 4
290 0 2
290 258 2
290 388 262
291 610 3
291 768 2
291 967 11
292 7 2
292 19 15
292 134 2
292 162 4
292 593 11
293 256 5
293 960 5
294 742 2
294 864 2
296 57 125
296 84 9
296 131 3
296 231 9
296 260 13
296 288 14
296 336 2879776
296 409 4
296 516 2
297 167 2
297 389 2
297 544 2
297 742 2
299 78 6
299 291 2
300 29 49
300 140 2
301 274 2
301 777 2
303 292 5
304 6 2
304 8 4
304 42 6
304 63 26
304 106 5
304 212 8
304 258 7
304 292 3
305 11 2
305 34 2
305 163 15
305 576 2
306 36 818
306 550 60
306 918 3
308 583 2
308 692 3
308 832 9
308 848 2
309 77 5
310 44 3
312 514 4
314 109 2
314 376 2
314 518 9
315 739 3
316 452 2
318 914 5
320 29 2
320 315 2
320 407 3
320 428 16
320 641 9
321 4 31
321 262 15
321 337 2
321 768 5
321 834 37
321 1008 10
322 80 2
322 196 3
322 272 43
322 416 2
322 899 2
322 902 83
323 360 2
323 515 2
324 16 2
324 106 2
324 167 2
324 200 2
324 513 5
324 530 3
325 6 4
325 74 33
325 614 2
326 16 11
326 116 6
326 280 43
326 443 2
327 675 4
328 45 8
329 35 8
329 836 12
331 512 2
332 456 3
334 265 15
334 288 2
335 83 2
335 391 14
336 18 5
336 100 15
336 576 20
336 632 10
337 352 2
337 768 6
338 33 2
338 160 2
340 106 2
340 704 8
340 763 394
342 15 3
342 168 26
342 272 2
343 475 6
344 188 2
345 32 2
345 728 5
345 992 4
346 11 28
347 11 14
347 149 3
347 313 2
348 128 1977
349 12 2
352 419 66
352 514 5
352 680 2
352 794 2
352 860 2
353 389 4468
353 684 9
354 25 7
354 30 8
354 288 8
354 836 3
355 134 2
355 634 2
356 800 23
357 433 4
357 641 2
358 3 2
358 168 2
358 197 2
360 514 3
360 555 3
360 732 4
360 784 44
360 810 2
361 266 2
361 316 90
362 34 24
363 162 5
364 740 3
366 657 50
368 49 16
368 738 44
368 925 2
371 112 2
371 705 10
371 772 2
372 352 3
375 77 319
376 193 28
379 333 12
381 531 2
382 562 30
384 6 2
384 156 3
384 168 2
384 312 5
384 332 5
384 423 2
384 457 2
384 481 6
384 531 196
384 571 3
384 597 3
384 692 5
384 841 3
384 962 2
385 2 4
385 75 4
385 213 2
385 214 6
385 513 8
385 563 2
386 73 2
386 158 5
386 160 26
386 206 2
386 846 591
386 849 2
386 912 10
387 297 32
387 545 3
387 1016 11
388 332 2
390 566 5
391 8 42
391 461 14
391 800 3
392 38 2
392 336 4
392 553 12
392 674 13
393 461 7
394 80 2
394 211 2
394 590 5
395 558 172
395 647 14
396 6 21
396 536 2
396 546 224
396 777 2
397 132 405225
397 518 2
398 943 14
399 9 2
400 10 6
400 21 2
400 712 3
401 58 2
401 284 2
401 673 11
402 68 10
402 80 2
402 769 3
403 20 3
404 209 35
404 298 27
406 677 5
406 928 2
407 591 2
408 66 347
408 405 50
408 576 25
409 66 23
409 105 4
409 888 2
410 520 11
411 20 2
412 6 3
413 640 13
414 932 2
415 101 2
416 52 6
416 292 10
416 832 2
417 577 2
418 16 11
419 7 19
420 32 7
420 114 2
420 288 2
420 424 3
420 538 3
420 545 2
422 736 2
423 651 2
424 481 2
425 161 3
425 261 2
425 746 13
425 776 27
426 644 2
427 580 14
428 32 2
428 194 2
428 620 2
428 880 12
430 8 1177
430 68 2
430 203 629
433 24 19
433 197 4
433 398 4
434 734 2
436 597 4
437 2 7
441 21 12
442 691 17
444 769 91
444 801 2
448 92 3
448 513 3
448 655 2
449 321 2
450 450 6
452 48 3
452 136 2
452 205 2
452 488 2
452 512 5
452 513 4
453 368 20
453 661 71
454 9 2
454 437 2
454 634 70
454 782 2
455 640 219
456 105 2
456 367 5
456 376 2
456 774 2
458 101 3
460 197 4
460 462 101
460 566 4
461 625 11
461 901 2
462 516 3
462 641 2
463 916 5
464 265 2
465 531 2
465 761 2
465 902 2
467 211 6037
467 300 40
470 713 12
472 226 3
473 6 2
473 600 2
473 800 12
476 775 12
480 0 6
480 731 22
480 928 2
481 288 2
481 416 8
482 64 2
482 285 92
483 555 8
488 3 2
488 269 3
488 334 2
488 565 2
489 64 2
491 112 3
501 519 7
504 267 2
505 332 2
506 706 2
512 1 8
512 5 3
512 36 15
512 65 6
512 173 2
512 266 2
512 420 2
512 438 2
512 453 2
512 482 6
512 522 5
512 685 2
513 5 2
513 42 2
513 47 15
513 65 113
513 100 3
513 304 2
513 340 976
513 548 2
513 644 2
514 36 2
514 160 17
514 401 25
514 452 3
514 780 5
515 93 2
515 157 2
515 273 10
516 33 6
516 69 16
516 72 3402
516 169 2
516 357 2
516 385 2
516 442 10
516 582 165
516 605 6
516 779 2
516 785 8
517 0 2
517 3 3
517 8 5
517 34 4
517 132 2
517 177 2
517 525 3
517 534 3
517 672 8
517 676 11
517 768 2
518 0 55
518 41 2
518 66 2
518 517 12
519 944 9
519 967 4
520 9 7
520 164 5
520 328 4
520 436 3
520 785 5
520 812 3
521 131 2
521 229 13
521 450 795
521 554 3
521 560 5
521 609 3
522 1 807
522 121 2
522 234 202
522 549 4
522 652 9
525 134 3
525 820 20
526 776 2
527 36 4
527 713 2
528 10 3
528 33 2
528 36 16
528 97 2
528 156 2
528 344 2
528 406 2
528 512 2
528 580 7
528 611 6
528 720 2
528 801 2
529 16 1958
529 148 5
529 260 27
529 423 2
529 517 4
529 520 5
529 836 4
530 20 2
530 86 50
530 132 3
530 278 2
530 325 4
530 522 2
530 696 9
532 11 213
532 134 4
532 292 3
532 550 10
532 853 2
533 5 4
533 787 65
534 6 4
534 425 2
534 786 12
534 928 2
535 10 905
536 10 59
536 244 7
536 687 2
536 902 2
537 99 4
537 138 2
537 257 5
537 478 9
538 74 2
538 84 12
538 820 13
540 256 2
541 344 2
541 793 2
544 21 2
544 151 2
544 160 106
544 416 3
544 429 2
544 536 12
544 542 2
544 551 3
544 597 2
545 209 4
545 226 348
545 743 6
545 914 3
546 4 2
546 263 3
546 612 6
546 650 2
546 758 2
546 900 5
547 265 2
547 427 15
547 577 11
548 169 7
548 512 2
548 577 2
548 586 2
549 68 2
549 97 2
549 530 11
550 36 2
550 649 2
550 800 2
551 4 2
551 40 3
551 89 9
552 136 322
552 640 2
552 656 5
553 36 2
553 102 3
553 933 4
554 4 2
554 137 2
554 296 2
555 52 2
557 6 2
557 370 2
557 400 2
557 512 2
557 557 2
559 557 2
560 32 2
560 168 22
560 354 2
561 521 2
562 162 181
562 977 2
562 992 6
563 20 3
563 410 2
564 659 3
565 105 3
566 4 3
566 44 4
566 132 2
567 793 41
569 385 2
569 522 35
571 100 2
571 457 11
572 36 3
572 64 7
572 257 5
572 370 2
572 777 3
573 886 2
574 533 5
574 696 2
576 4 11
576 5 2
576 48 4
576 76 13
576 133 2
576 172 6
576 228 2
576 325 5
576 371 2
576 525 13
576 547 5
576 607 3
577 72 5
577 222 2
577 236 12
577 292 80
577 577 5
578 26 529
578 96 3
578 120 1242
578 136 98
578 554 11
578 572 2
578 575 11
579 80 2
579 136 50
579 621 8
579 789 23
580 64 4
580 528 2
580 598 15
581 645 6
582 633 2
583 129 2
584 432 40
584 833 10
585 64 277
585 208 1265
585 217 5
585 354 43
585 389 19
586 64 2
586 530 47
586 658 2
587 608 4
588 784 4
589 389 7
590 276 12
590 520 18
590 788 2
592 2 4
592 4 4
592 148 2
592 322 66
592 566 339
592 585 18
593 429 20
595 557 28
596 11 3
596 33 2
596 91 6
596 154 3
597 387 2
600 68 816
600 562 102
600 573 2
600 575 23
601 335 2
601 431 18
602 480 4
604 913 2
604 1006 3
605 80 43
606 281 2
606 807 832
607 288 314
607 393 8
608 176 73
608 185 113
608 522 2
608 576 2
608 648 2
609 28 98
609 225 4
609 768 2374
611 125 3
612 170 4
612 534 8
613 840 10
614 265 2
614 936 2
616 450 3
616 806 37
617 374 3
617 908 2
618 70 10
618 1004 184372
619 76 33
619 140 2
619 231 2
621 293 2
623 1000 4
624 579 89
625 5 11602
625 261 61
625 530 2
626 8 2
626 104 2
626 114 17
626 528 5
626 608 74
627 3 17
627 418 2
627 977 21
628 76 14
629 446 5
629 528 37
631 24 2
633 812 19
635 546 13736
637 73 6
638 161 2
640 4 11
640 16 5
640 160 6
640 181 2
640 246 6
640 369 2
640 421 2
640 467 2
640 525 24
640 584 2
640 659 4
640 732 4
640 938 25
642 512 18
642 562 31
642 724 3
643 73 7
643 775 2
644 48 3
644 387 2
644 660 8
644 756 4
644 769 524
645 4 9
645 25 2
645 195 2
645 548 2
646 289 2
646 388 2
648 76 4
648 98 3
648 210 5
648 369 2
648 694 2
648 769 8
649 4 25
649 48 7
650 108 2
650 953 19
652 257 5
652 594 2
654 129 2
654 565 2
655 384 3
655 761 2
656 3 2
656 278 3
656 370 13
656 833 35292
657 79 2
657 201 4
658 10 5
658 26 2
658 226 10
660 36 26
660 69 6
660 85 12
662 374 2
664 16 18
664 205 2
664 539 11
664 781 2
665 3 2
665 260 3
666 66 9
668 163 2
668 464 6
668 749 12
670 515 111
672 1 5
672 64 7
672 129 2
672 514 2
672 608 18
672 717 65
674 259 2
674 288 14
674 672 2
675 257 21
675 470 2
676 52 2
677 121 5
677 641 2
679 556 2
680 20 16
680 39 99
680 450 2
680 540 11
681 6 27
681 33 2
682 14 4
684 1008 5
686 426 3
686 593 22
690 110 132
691 12 11
692 914 5
693 397 3
693 522 2
694 6 2
694 768 2
694 976 334
695 585 5
697 710 3
700 18 39
700 229 2
700 864 3
701 34 12
701 941 2
704 34 2
704 76 10
704 135 2
704 292 2
704 514 2
705 596 2
705 854 7
706 17 8
706 732 65
708 108 6
709 325 138
709 354 24
709 843 2
710 2 21
711 19 6
712 141 2
712 283 3417
712 294 2
712 862 12
713 593 6
713 837 2
716 98 6
716 339 12
716 649 1898
716 842 40
719 512 14
720 7 4
720 144 6
720 803 17561
721 0 15
721 170 2
721 323 2
721 584 6
722 100 2
722 146 298
722 393 2
723 142 2
724 20 18
724 596 3
725 44 2
728 227 41
728 350 7
728 712 19
732 834 2
737 25 43
737 64 46
737 610 2
740 778 28
740 801 3
741 45 2
742 97 10
743 787 10
744 124 2
744 280 3
744 762 303
745 63 3
746 386 14
746 536 2
752 261 4
752 494 2
752 786 2
754 32 2
759 130 260
760 40 10
760 220 2
760 257 4
760 300 2
761 435 2
763 668 41
765 513 2
768 68 13
768 326 9
768 502 59
768 608 27
768 666 3
768 926 14
769 34 2
769 277 15
769 350 2
769 640 16
769 773 19
770 211 2
770 256 2
770 663 4
771 128 2
771 800 11
772 0 3
772 32 4
772 130 2
773 1 2
774 8 16
775 48 23
775 921 2
776 101 2
776 586 226
776 697 509
777 6 2
777 84 26
777 318 4
777 554 376
777 608 2
777 641 20
778 330 2
778 389 2
780 14 687
780 552 7
780 707 2
781 222 10
781 496 2
782 226 2
782 405 5
784 1 2
784 514 8
784 549 2
784 634 2
785 45 2
785 257 106
786 142 26
787 199 22
788 324 21
788 332 8
792 16 15
792 274 4
792 540 68
792 594 2
793 52 4
795 422 2
795 661 44
798 776 3
800 9 163
800 45 4
800 73 2
800 97 2
800 133 2
800 824 26
801 34 23
801 312 6
801 642 2
802 769 8
804 0 5
804 104 2
804 337 3
804 433 6
804 779 3
806 43 22
806 134 32
806 232 29
806 326 2
808 526 38
808 777 2
808 937 7
808 945 2
810 17 5
810 394 4
810 416 6
812 778 4
814 161 4
814 264 2
814 523 109
814 905 7
816 18 2
816 24 18
817 784 7
818 253 2
819 69 10
819 538 3
821 236 17
822 211 3
824 392 3
824 609 4
824 978 2
828 592 4
830 356 2
832 16 3
832 21 15
832 30 2
832 43 2
832 304 2
832 328 4
832 427 3
832 518 7
833 147 2
833 999 13
834 0 30
834 32 8
834 67 7
834 148 8
834 912 5028
835 264 6
835 583 6
836 86 3
836 388 13
836 485 3
838 785 2
839 21 6
840 106 6
840 545 13
841 32 188
841 370 5
842 200 2
843 939 4
845 624 2
848 90 8
848 313 2
848 899 103
849 792 5
850 776 2
851 195 17
852 2 11
852 72 2
852 824 4
854 681 2
856 256 2
856 866 3
857 42 4
862 130 2
863 516 4
864 23 8
864 786 602
866 260 4
867 998 2
868 332 2
870 68 2656
871 264 2
872 50 3
872 165 129
873 9 2
874 360 2
880 611 3
882 42 2
882 591 5
882 778 7
884 802 4
894 392 2
895 603 8
896 868 5
897 39 3
897 1002 2
898 699 4
899 736 20
900 4 53
900 162 2
900 313 22
902 131 2
902 420 2497
903 339 5
904 112 70
904 231 2
904 552 3
904 929 82
905 12 94
905 196 2
905 572 2
906 194 2
906 210 2
906 328 24
907 276 35
910 614 2
911 5 23
911 10 2
912 2 3
912 129 2
912 388 2
914 669 3
914 776 11
914 968 5
915 431 2
916 777 20
917 560 2
917 912 4
918 0 2
921 272 31
921 320 29
922 8 2
922 784 2
924 33 1776
924 196 2
927 190 3
928 64 8
928 384 9
928 518 1053
929 10 6
929 257 18
929 316 2
930 720 168
931 657 3
932 274 7
932 783 2
933 657 35
934 94 8
938 316 2
938 552 2
940 512 8
941 771 18
944 165 2
945 456 61
947 568 2
948 9 2
951 818 3
953 905 2
954 22 2
956 846 2
958 844 2
961 131 2
961 291 2
961 333 2
961 472 5
963 130 2
965 937 3
966 29 4
966 192 2
966 555 3
968 51 96
968 352 33
969 313 6
969 769 3
970 180 2
971 566 2
976 779 2
977 22 12
977 34 2
977 549 860
978 817 4
984 324 9
984 483 24
985 268 2
986 772 3
987 962 4
988 366 2
996 36 2
996 836 3
998 127 2
998 179 18
1000 260 2
1001 286 2
1002 652 1469
1002 912 5
1011 36 2
1013 316 5
1020 371 2
1020 385 8
1021 643 15
