0 4 8
0 9 2
0 29 2
0 47 4
0 112 2
0 135 3
0 166 16
0 215 2
0 259 2
0 265 2
0 274 10
0 321 9
0 352 2566
0 415 2
0 618 2
0 646 2
0 670 7
0 674 14
0 679 11629
0 704 39
0 843 6
0 917 5
0 936 6
1 7 46
1 15 2
1 30 18
1 37 476
1 70 4
1 82 2
1 135 3
1 228 2
1 481 8
1 565 2
1 644 2
1 705 72129
1 768 13
1 825 5
1 920 2
2 0 24
2 3 23
2 8 9
2 48 2
2 132 4
2 260 5
2 267 15
2 328 2
2 523 4
2 826 3
3 24 12
3 272 1961
3 277 3
3 530 6
3 652 11
3 817 11
4 0 39919
4 4 2
4 24 2
4 60 23
4 293 2
4 576 2
4 683 4
4 774 2
4 808 2
5 18 2
5 216 26
5 887 2
6 3 1696
6 148 12
6 259 6
6 267 2
6 466 4
6 512 2
6 798 2
6 1002 2
7 81 2
7 110 3
7 715 3
8 1 2
8 2 6
8 19 6
8 32 2
8 42 2
8 58 3
8 202 2
8 272 2
8 273 4
8 386 32
8 393 8
8 486 2
8 552 231655
8 642 2
8 735 2
8 902 21
9 43 2
9 274 2
9 416 2
9 526 2
9 572 50
9 823 2
9 907 25
10 13 2
10 40 90
10 75 2
10 160 5
10 176 14
10 518 23
10 523 2
10 584 2
10 599 3
10 680 14
10 778 2
11 779 12
12 0 2
12 55 3
12 65 271
12 366 17
12 634 5
12 781 2
13 66 7
13 192 13
13 224 2
13 320 30
14 127 2
14 152 2
14 210 2
14 321 2
14 376 3
14 584 45
14 616 2
15 352 2
15 485 117
15 659 2
15 854 2
16 9 2
16 24 6
16 64 5
16 96 25
16 516 2
16 643 11
16 806 27
17 48 40
17 129 3
17 258 2
18 51 3
18 203 5
18 215 14
18 290 2
18 641 19
18 645 4
19 7 17
20 1 8
20 10 7
20 28 14
20 36 3
20 194 184
20 323 2
20 786 14
21 258 2
21 308 8
22 24 18
22 97 2
22 133 12
22 281 9
22 320 2
22 565 5
23 886 9
24 9 2
24 781 2
24 786 77
24 848 2
24 944 4
25 523 6
25 592 23
26 20 2
26 22 2
26 109 2
27 210 2
27 547 6
27 549 4
28 42 4
28 72 9
28 146 11
28 203 6
28 624 19
28 647 4
29 1 59
29 5 2
29 327 3
29 532 96
29 809 3
30 21 4
30 52 19
30 588 2
31 77 2
31 561 20
32 42 2
32 211 2
32 219 2
32 276 18
32 388 2
32 414 6
32 514 2
32 612 3
32 641 1316
32 721 72
32 759 2
32 803 6
32 848 5
33 2 2
33 3 55
33 26 2
33 31 26
33 64 2
33 277 6
33 320 181790
33 945 3
34 292 2
34 324 3
34 561 3
34 663 81
34 720 11
34 800 34
35 65 2
35 551 9
35 689 2
36 12 2
36 34 18
36 48 8
36 257 2
36 320 2
36 555 2
36 858 2
37 2 2
37 364 2
37 520 10
37 640 11
37 673 2
38 1 32804
38 180 4
38 204 2
39 3 2
39 520 22
39 982 4
40 9 3
40 20 832
40 39 17
40 65 6
40 512 2
40 605 30
40 645 6
40 672 2
40 756 18
40 761 2
40 840 11
40 980 8
41 96 6
41 263 2
41 276 3
41 321 3
41 513 2
41 987 7
42 140 2
42 411 2
42 839 2
43 1 2
43 546 11
44 10 2
44 12 2
44 47 3
44 430 2
44 524 2
44 794 2
45 50 74
45 266 3
45 615 7844
45 808 7
45 844 10
46 57 2
47 80 38
47 1022 3
48 67 2
48 168 6
48 176 43
48 193 13
48 198 4
48 226 2
48 646 6
48 789 4
48 932 2
49 4 3
49 310 2
49 516 14
50 9 2
50 113 5
50 528 4
51 70 16
51 377 9
51 516 17
52 46 10
52 256 8
52 285 30
52 390 2
52 899 31823
53 146 2
53 245 2
54 112 2
54 718 2
55 278 7
56 89 21
56 472 94
57 5 9
57 33 2
57 128 12
57 448 23
58 470 2
59 58 17
59 292 2
59 453 25
60 3 2
60 5 2
60 33 2
60 112 7
60 948 2
61 644 2
62 521 3
62 612 2
64 1 2
64 26 10
64 41 4
64 194 2
64 197 5
64 203 59
64 272 169
64 370 5
64 481 31
64 514 2
64 686 2
64 771 35
64 780 2
64 790 4
65 25 24
65 61 5
65 96 6
65 104 10
65 218 45
65 241 3
65 274 2
65 421 10
65 515 33
65 571 11
65 614 2
66 140 2
66 545 2
67 16 7
67 20 2
67 37 3
67 73 2
67 453 7
67 482 2
67 840 2
68 192 3
68 226 4
68 284 2
68 322 2
69 138 96
69 276 12
69 529 2
69 572 2
69 768 4
70 109 2
70 212 16
70 431 29
70 608 74
70 642 8
70 646 2
70 648 4
70 672 46
71 409 4
72 8 12
72 65 2
72 280 5
72 533 2
72 961 18154
73 640 2
73 870 25
73 999 7
74 512 9
74 548 454
74 600 5
74 768 6
74 1012 7
75 259 9
75 576 2
76 76 2
76 84 2
76 133 2
76 262 132
76 586 9
76 855 64
77 267 37
77 450 2
77 456 5
78 288 17
78 517 10
78 784 2
78 919 19
79 165 3
80 0 2
80 51 4
80 82 2
80 132 7
80 211 2
80 677 2
80 920 2
81 807 9
81 852 3
82 280 2
82 283 26
83 115 2
83 124 29
83 304 39
83 617 296
83 784 3
84 64 2
84 74 44
84 216 22
84 490 2
85 31 2
85 65 3
86 234 3
86 524 3
87 353 19
87 462 5
87 512 4
87 515 2
88 330 3
88 782 2
89 2 10
89 4 16
89 76 2
90 20 457
90 274 26
90 843 2
90 977 2
90 988 103
91 154 14
91 652 3
91 951 2
92 91 2
93 134 2
93 669 6
94 869 10
94 954 5
95 20 2
95 34 2
96 32 3
96 80 3
96 103 8
96 148 2
96 208 4
96 220 2
96 276 9
96 304 2
96 321 2
96 356 76
96 547 3
96 776 25
96 820 2
97 48 4
97 195 3
97 286 36
97 473 5
97 525 24
98 14 8
98 352 66
98 401 2
98 671 28
98 928 2
99 117 3
99 134 16285
99 249 11
100 128 2
100 294 2
100 768 8
100 901 94
101 70 2
101 124 50
101 161 6
101 169 2
101 392 13
101 599 372
102 6 2
102 78 2
102 166 21
102 264 181
103 704 5
104 26 33
104 28 4
104 48 2
104 64 2
104 132 5
104 313 8
104 512 8
104 673 5
105 3 2
105 296 2622
105 779 2
106 516 2
106 652 6
107 3 4
108 514 3
108 825 2
109 707 2
111 12 3
112 0 4
112 1 2
112 3 12
112 28 2
112 84 5
112 107 5
112 165 13
112 776 2
114 68 2
114 452 2
114 497 6
114 872 2
116 33 19
117 106 22
117 803 5
118 565 2
119 446 3
119 836 2
120 0 40
120 76 24711
121 536 2
122 24 2
122 80 2
122 185 2
122 294 2
123 600 2
124 348 62
125 268 2
128 1 3
128 10 3
128 58 7
128 134 123
128 200 7
128 208 14
128 320 18
128 362 2
128 375 2
128 376 8
128 433 2
128 453 2
128 628 2
128 806 2
129 0 11
129 39 34
129 88 5078
129 163 2
129 584 111
129 707 2
130 78 3
130 272 13
130 273 3
130 528 11
130 540 5
130 675 67
130 772 2
130 980 2
132 17 2
132 94 2
132 372 8
132 516 13
132 713 4
132 916 10
132 957 11
133 23 7
133 138 13
133 614 4
134 67 2
134 84 2
134 224 2
134 377 5
134 390 3
134 516 2
134 768 10
135 544 2
136 21 10
136 39 2
136 81 2
136 160 2
136 482 4
136 610 7
136 657 2
136 831 7
137 148 3
137 256 2
137 259 2
137 325 3
137 678 2
137 778 2
138 415 2
138 590 6
139 87 3
139 426 7
139 865 9
140 72 598580
140 143 19
140 168 24
140 464 13
140 724 5
140 776 43
141 2 33
141 954 15
142 641 3
143 116 6
143 144 2
143 187 520
143 286 6
143 642 2
144 18 87
144 68 10
144 248 2
144 257 9
144 418 262
144 433 29
144 520 4
144 800 3
145 1 2
145 2 4
145 94 2
145 184 4
145 216 2
145 273 2
145 513 7
146 69 2
146 146 88
146 396 12
146 910 1182
147 513 13
148 24 2
148 130 2
148 139 188
148 146 74
148 278 36
148 464 2
148 515 2
148 912 5
149 20 11
149 633 2
149 649 81
150 160 20
150 656 2
151 102 9
151 132 7
151 207 9
153 26 2
153 592 4
153 598 6
153 961 2
156 133 92
156 521 3
156 814 2
157 404 14
158 104 7
159 526 2
160 34 3
160 144 14
160 452 2
160 644 2
161 21 28
161 40 2
161 326 2
161 576 13
161 717 2
161 898 3
162 290 2
162 306 2
162 517 14
163 361 45
164 38 3
164 87 3
164 264 448
164 329 2
164 481 2
164 636 89
164 646 390
165 141 8
167 104 6
167 289 5
167 384 9
167 456 19
168 8 15
168 67 14
168 98 17
168 480 7
169 72 3
169 351 7
171 144 36
171 810 71
172 32 166
172 569 5
174 493 3
174 582 63
175 863 514
176 137 2
176 270 2
176 824 3
176 932 4
177 128 12
177 280 4
177 560 5
177 611 912
178 100 2
178 144 68
178 580 2
179 429 2
180 19 2
180 152 62
180 600 2
181 97 208
181 331 8
181 964 4
182 300 189
182 672 102
182 728 2
184 141 1489
184 161 3
184 664 422
185 5 2
185 391 7
186 272 2
186 582 5
187 800 13
188 4 11
188 199 5
192 43 2
192 52 76
192 72 2
192 177 2
192 388 14
192 392 6
192 524 4
192 536 3
192 713 35
192 898 2
192 904 14
192 999 2
193 8 2
193 120 5
193 131 10
193 162 2
193 375 2
193 422 4
193 718 6
193 775 11
194 592 2
194 677 2
196 286 12
196 377 8
197 61 10
197 100 2
197 592 5
197 611 2
198 3 25
198 196 5
198 812 9
200 577 2
201 39 2
201 98 2
201 140 2
202 11 2
203 654 2
204 520 2
205 457 5
206 80 3
208 12 58
208 14 4
208 88 2
208 534 4
209 55 2
209 513 4
209 564 2
210 1 2
210 882 2
211 4 2
212 69 4
212 262 3
212 673 14
214 369 6
216 792 2
217 923 2
218 86 2
219 389 4
220 176 27
220 658 2
222 532 29
222 852 2
225 257 47
225 316 4
225 948 2
226 35 292
226 157 5
227 336 18
228 32 4
228 294 8
230 9 2
231 290 3
232 5 8
232 130 31
232 480 2
233 212 9
233 912 7
233 973 124
234 917 2
235 645 2
237 91 2
239 370 40
239 560 50
240 18 2
240 66 2
240 799 4
240 914 2
241 206 2492
241 245 2
242 156 8238
244 33 16
244 356 2
244 932 2
245 705 3
246 64 2
247 626 6
248 0 2
248 557 2
248 902 19
250 46 2
253 636 20
256 1 2609
256 4 2
256 5 3
256 68 18
256 69 2
256 160 2
256 212 4
256 262 12
256 312 2
256 416 3
256 512 12
256 522 2
256 616 51
256 705 2
256 764 2
256 804 2
256 904 7
256 963 4
256 992 2
257 0 11
257 156 7
257 268 2
257 680 2
257 806 15
257 912 2
257 920 2
257 945 2
258 24 2
258 34 4
258 36 9
258 138 3
258 265 6
258 673 2
258 880 22
259 7 5
259 165 12
259 226 42
259 532 3
260 256 2
260 295 2
260 545 3
260 678 2
260 978 2
261 8 2
261 67 19
261 72 2
261 356 17
261 672 2
261 995 4
262 134 3
262 193 11
262 256 2
262 906 4
262 1013 2
264 4 9
264 296 21
264 320 7
265 264 4
265 339 7
265 632 2
266 11 4
266 56 2
266 242 2
266 326 2
266 336 2
267 523 2
267 581 15
268 12 3
268 34 2
268 192 274
268 512 6
268 524 10
268 577 3
269 444 2
269 640 2
270 73 17
270 532 32
270 642 10
272 41 8
272 162 2
272 208 3
272 225 9
272 234 40
272 259 3
272 280 9
272 378 2
272 520 2
272 554 2
272 640 2
272 684 22
272 899 4
273 47 187
273 693 2
273 903 4
274 334 6
275 4 2
275 16 2
275 116 6
275 133 2
275 401 36
275 485 2
275 512 9
276 392 21
276 394 2
276 628 2
276 661 2
277 8 2
277 128 3
277 385 30
278 258 15
279 18 561
279 901 3
280 36 2
280 82 7
280 600 2
280 674 29
281 101 20
282 136 3
282 576 55
282 717 2
283 35 25
284 835 2
286 624 156
286 832 2
287 448 15
288 47 58
288 132 2
288 224 2
288 292 4
288 341 15
288 545 649
289 36 2
289 156 13
289 468 20
289 472 2
289 648 2
289 753 4
289 788 6
290 0 2
290 258 2
290 388 2
291 610 12
291 768 2
291 967 33
292 7 93
292 19 5
292 134 2
292 162 9
292 593 2
293 256 33
293 960 4
294 742 272
294 864 2
296 57 2
296 84 6
296 131 3
296 231 3
296 260 13
296 288 53
296 336 2
296 409 10
296 516 2
297 167 2
297 389 2
297 544 2
297 742 2
299 78 5
299 291 2
300 29 2
300 140 3
301 274 2
301 777 4
303 292 3
304 6 35
304 8 2
304 42 9
304 63 4
304 106 10
304 212 14
304 258 26
304 292 2
305 11 2
305 34 4
305 163 6
305 576 2
306 36 6
306 550 46
306 918 4
308 583 2
308 692 2
308 832 2
308 848 2
309 77 7
310 44 2
312 514 123
314 109 3128
314 376 97
314 518 2
315 739 2
316 452 2
318 914 28
320 29 22160
320 315 2
320 407 6
320 428 2
320 641 3
321 4 3
321 262 12
321 337 2
321 768 7
321 834 2
321 1008 12
322 80 276
322 196 2
322 272 393
322 416 3
322 899 2
322 902 2
323 360 3
323 515 19
324 16 25
324 106 2
324 167 3609
324 200 2
324 513 20
324 530 2
325 6 2
325 74 2
325 614 9
326 16 16
326 116 3
326 280 181
326 443 3
327 675 3
328 45 4
329 35 2
329 836 21
331 512 6
332 456 8
334 265 15
334 288 2
335 83 5
335 391 2
336 18 15
336 100 20
336 576 21
336 632 209
337 352 2
337 768 108
338 33 2
338 160 2
340 106 3285
340 704 2
340 763 2
342 15 12
342 168 4
342 272 3
343 475 9736
344 188 3
345 32 2
345 728 2
345 992 2
346 11 38
347 11 23
347 149 2
347 313 5
348 128 2
349 12 2
352 419 2
352 514 5
352 680 2
352 794 9
352 860 17
353 389 2
353 684 32
354 25 3
354 30 2
354 288 19
354 836 2
355 134 2
355 634 3
356 800 5
357 433 25
357 641 2
358 3 2
358 168 2
358 197 2
360 514 7
360 555 211
360 732 2
360 784 233
360 810 2
361 266 2
361 316 26
362 34 26
363 162 7
364 740 2
366 657 3
368 49 6
368 738 2
368 925 14
371 112 3
371 705 3
371 772 2
372 352 33
375 77 3
376 193 2
379 333 6
381 531 45
382 562 12
384 6 17
384 156 20
384 168 2
384 312 14
384 332 4
384 423 195
384 457 3
384 481 13
384 531 2
384 571 8
384 597 2
384 692 7
384 841 2
384 962 2
385 2 5
385 75 5
385 213 2
385 214 2
385 513 603
385 563 2
386 73 2
386 158 3
386 160 28
386 206 4
386 846 2
386 849 10
386 912 2
387 297 4
387 545 32
387 1016 14
388 332 9
390 566 10
391 8 2
391 461 3
391 800 4
392 38 4
392 336 4
392 553 27
392 674 9
393 461 8
394 80 2
394 211 7
394 590 6
395 558 3
395 647 2
396 6 3
396 536 8
396 546 2
396 777 2
397 132 2
397 518 13
398 943 29
399 9 2
400 10 5
400 21 2
400 712 11
401 58 2
401 284 2
401 673 21
402 68 34
402 80 2
402 769 2
403 20 5
404 209 390
404 298 2
406 677 2
406 928 3
407 591 3
408 66 3
408 405 16
408 576 2
409 66 24
409 105 8
409 888 2
410 520 5
411 20 2
412 6 32
413 640 3
414 932 2
415 101 59
416 52 43
416 292 5
416 832 3
417 577 31
418 16 2
419 7 2
420 32 38
420 114 13
420 288 6
420 424 4
420 538 2
420 545 87
422 736 2
423 651 2
424 481 2
425 161 2
425 261 2957
425 746 35
425 776 31
426 644 25
427 580 27
428 32 3
428 194 4
428 620 2
428 880 6
430 8 2
430 68 3
430 203 3
433 24 2
433 197 3
433 398 32
434 734 8
436 597 78
437 2 2
441 21 7
442 691 2
444 769 2
444 801 2
448 92 2
448 513 7
448 655 2
449 321 3
450 450 27
452 48 5
452 136 22
452 205 99
452 488 2
452 512 9
452 513 28
453 368 4
453 661 2
454 9 645
454 437 5
454 634 2
454 782 13
455 640 3
456 105 2
456 367 33
456 376 3
456 774 2
458 101 2
460 197 7
460 462 2
460 566 4
461 625 3
461 901 2
462 516 2
462 641 2
463 916 348889
464 265 3
465 531 2
465 761 9
465 902 6
467 211 2
467 300 51
470 713 2
472 226 6
473 6 23
473 600 2
473 800 11
476 775 36
480 0 10
480 731 10
480 928 49
481 288 104
481 416 4
482 64 2
482 285 39
483 555 18
488 3 6
488 269 6
488 334 945
488 565 2
489 64 5
491 112 2
501 519 4
504 267 2
505 332 2
506 706 11
512 1 2
512 5 17
512 36 5
512 65 21
512 173 24
512 266 119
512 420 44
512 438 10
512 453 32
512 482 3
512 522 12
512 685 2
513 5 12
513 42 97
513 47 4
513 65 6
513 100 5
513 304 2
513 340 27
513 548 5
513 644 4
514 36 5
514 160 5
514 401 3
514 452 3
514 780 6
515 93 2
515 157 2
515 273 4
516 33 24
516 69 15
516 72 20982
516 169 30986
516 357 389
516 385 5
516 442 28
516 582 108
516 605 3
516 779 3
516 785 2
517 0 12
517 3 5
517 8 6
517 34 35
517 132 2
517 177 2
517 525 2
517 534 7
517 672 2
517 676 2121
517 768 12
518 0 4
518 41 2
518 66 7
518 517 12
519 944 14
519 967 5
520 9 6
520 164 4
520 328 4
520 436 2
520 785 9
520 812 2
521 131 2
521 229 5
521 450 24
521 554 4
521 560 8
521 609 4
522 1 3277
522 121 2
522 234 2
522 549 20
522 652 2
525 134 2
525 820 4
526 776 2
527 36 3
527 713 40
528 10 6
528 33 2
528 36 6
528 97 2
528 156 2
528 344 6
528 406 2
528 512 158
528 580 2
528 611 23
528 720 2
528 801 158
529 16 2
529 148 6
529 260 2
529 423 13
529 517 11
529 520 15
529 836 3
530 20 2
530 86 5
530 132 7
530 278 6
530 325 2
530 522 2
530 696 6
532 11 2
532 134 5
532 292 5
532 550 43
532 853 2
533 5 8
533 787 25
534 6 2
534 425 2
534 786 2
534 928 2
535 10 3
536 10 2
536 244 6
536 687 6
536 902 11006
537 99 2
537 138 2
537 257 41
537 478 4
538 74 7
538 84 11
538 820 38
540 256 49
541 344 2
541 793 4
544 21 3
544 151 3
544 160 72
544 416 4
544 429 11
544 536 9
544 542 2
544 551 17
544 597 5
545 209 3
545 226 15
545 743 2
545 914 5
546 4 2
546 263 71
546 612 3
546 650 2
546 758 5
546 900 5
547 265 2
547 427 13
547 577 4
548 169 18
548 512 12
548 577 2
548 586 2
549 68 133
549 97 46
549 530 7
550 36 95
550 649 2
550 800 2
551 4 58
551 40 256
551 89 27
552 136 10
552 640 4
552 656 6
553 36 2
553 102 12
553 933 2
554 4 8
554 137 5
554 296 15
555 52 13
557 6 6
557 370 8
557 400 2
557 512 2
557 557 3
559 557 44
560 32 13
560 168 32247
560 354 3
561 521 2
562 162 78
562 977 5
562 992 63
563 20 3
563 410 2
564 659 2
565 105 6
566 4 3
566 44 4
566 132 5
567 793 2
569 385 2
569 522 2
571 100 2
571 457 15
572 36 6
572 64 3
572 257 2
572 370 206
572 777 7
573 886 2
574 533 12
574 696 2
576 4 3
576 5 564
576 48 2
576 76 13
576 133 2
576 172 324
576 228 2
576 325 2
576 371 17
576 525 2
576 547 2
576 607 4
577 72 5
577 222 2
577 236 4
577 292 2
577 577 2
578 26 58755
578 96 2
578 120 2
578 136 8
578 554 3
578 572 78
578 575 318
579 80 24
579 136 6
579 621 2
579 789 41
580 64 322
580 528 2
580 598 9
581 645 5
582 633 2
583 129 5
584 432 2
584 833 5
585 64 2
585 208 2
585 217 7
585 354 544
585 389 2
586 64 193
586 530 2
586 658 2
587 608 26
588 784 13
589 389 15
590 276 2
590 520 2
590 788 20
592 2 6
592 4 3
592 148 18
592 322 2
592 566 76
592 585 3
593 429 540
595 557 2
596 11 2
596 33 2
596 91 2
596 154 2
597 387 2
600 68 5616
600 562 48
600 573 4
600 575 4
601 335 8
601 431 21
602 480 2
604 913 2
604 1006 2
605 80 2
606 281 2
606 807 2
607 288 10
607 393 8
608 176 2
608 185 492
608 522 2
608 576 2
608 648 8
609 28 2
609 225 2
609 768 2
611 125 2
612 170 7
612 534 2
613 840 8
614 265 2
614 936 5364
616 450 190
616 806 2
617 374 30
617 908 2
618 70 8
618 1004 2
619 76 2
619 140 2
619 231 2
621 293 30
623 1000 2
624 579 2
625 5 2
625 261 2
625 530 4
626 8 2
626 104 2
626 114 2
626 528 7
626 608 469
627 3 3
627 418 15
627 977 4
628 76 2
629 446 6
629 528 680
631 24 3
633 812 30
635 546 2
637 73 6
638 161 2
640 4 16
640 16 13
640 160 2
640 181 17
640 246 7
640 369 2
640 421 124
640 467 2
640 525 2
640 584 8
640 659 2
640 732 5
640 938 2
642 512 10
642 562 4
642 724 2
643 73 5
643 775 356
644 48 6
644 387 507
644 660 4
644 756 4
644 769 2
645 4 14
645 25 2
645 195 2
645 548 2
646 289 19
646 388 2
648 76 2
648 98 2
648 210 4
648 369 2
648 694 6
648 769 4
649 4 3
649 48 11
650 108 3
650 953 2
652 257 5
652 594 4
654 129 50
654 565 3
655 384 5
655 761 3
656 3 4
656 278 9
656 370 15
656 833 62
657 79 74
657 201 9
658 10 5
658 26 2
658 226 4
660 36 3
660 69 3
660 85 2
662 374 2
664 16 6
664 205 3
664 539 7
664 781 2
665 3 8
665 260 13
666 66 8
668 163 27
668 464 27
668 749 2
670 515 161
672 1 9
672 64 6
672 129 2
672 514 2
672 608 39
672 717 2
674 259 5
674 288 2
674 672 2
675 257 34
675 470 9
676 52 4
677 121 2
677 641 2
679 556 10
680 20 2
680 39 14
680 450 2
680 540 13
681 6 61
681 33 164
682 14 4
684 1008 2
686 426 2
686 593 2
690 110 13
691 12 2
692 914 12
693 397 6
693 522 3
694 6 2
694 768 263
694 976 4
695 585 2
697 710 2
700 18 9
700 229 2
700 864 2
701 34 1390
701 941 31
704 34 69
704 76 4
704 135 12
704 292 227
704 514 3
705 596 388
705 854 5
706 17 5
706 732 2
708 108 7
709 325 2
709 354 5
709 843 3
710 2 5
711 19 7
712 141 2
712 283 2
712 294 100
712 862 44
713 593 4
713 837 15
716 98 2
716 339 2
716 649 4
716 842 7821
719 512 15
720 7 2
720 144 5
720 803 2
721 0 12
721 170 5
721 323 3
721 584 8
722 100 7
722 146 82
722 393 2
723 142 11
724 20 2
724 596 2
725 44 5472
728 227 5139
728 350 3
728 712 13
732 834 2
737 25 7
737 64 2
737 610 2
740 778 2
740 801 2
741 45 2
742 97 8
743 787 9
744 124 2
744 280 8
744 762 23
745 63 8
746 386 12
746 536 38
752 261 2
752 494 2
752 786 5
754 32 21
759 130 2
760 40 18
760 220 2
760 257 12
760 300 6
761 435 3
763 668 43496
765 513 2
768 68 14
768 326 2
768 502 34
768 608 24
768 666 5
768 926 3
769 34 2
769 277 3
769 350 2
769 640 4
769 773 2
770 211 2
770 256 2
770 663 2
771 128 2
771 800 23
772 0 2
772 32 2
772 130 2
773 1 2
774 8 5
775 48 3
775 921 2
776 101 23
776 586 6
776 697 22
777 6 2
777 84 2
777 318 3
777 554 11
777 608 2
777 641 7
778 330 3
778 389 2
780 14 2
780 552 18
780 707 4
781 222 6
781 496 2
782 226 19
782 405 10
784 1 12
784 514 2
784 549 76
784 634 147
785 45 17
785 257 59
786 142 7
787 199 2
788 324 9
788 332 4
792 16 2
792 274 2
792 540 45
792 594 2
793 52 8
795 422 2
795 661 16
798 776 7
800 9 2
800 45 4
800 73 3
800 97 2
800 133 2
800 824 3
801 34 49
801 312 2
801 642 2
802 769 3
804 0 4
804 104 2
804 337 3
804 433 2
804 779 2
806 43 2
806 134 6
806 232 2
806 326 3
808 526 15
808 777 2
808 937 7
808 945 2
810 17 3
810 394 3
810 416 2
812 778 13
814 161 2
814 264 503
814 523 27815
814 905 4
816 18 2
816 24 2
817 784 6
818 253 17
819 69 10
819 538 2
821 236 4
822 211 6
824 392 23
824 609 6
824 978 3
828 592 2
830 356 2
832 16 6
832 21 2
832 30 2
832 43 2
832 304 2
832 328 13
832 427 16
832 518 9
833 147 2
833 999 2
834 0 918
834 32 3
834 67 14
834 148 6
834 912 9
835 264 13
835 583 2
836 86 2
836 388 7
836 485 2
838 785 2
839 21 14
840 106 3
840 545 12
841 32 2
841 370 11
842 200 2
843 939 10
845 624 3
848 90 2
848 313 35
848 899 28879
849 792 3
850 776 3
851 195 3
852 2 4
852 72 143
852 824 13
854 681 668
856 256 156
856 866 77
857 42 3
862 130 2
863 516 25
864 23 2
864 786 2
866 260 2
867 998 2
868 332 238
870 68 2
871 264 2
872 50 10
872 165 2
873 9 4
874 360 45
880 611 2
882 42 3
882 591 40
882 778 2
884 802 2
894 392 2
895 603 2
896 868 2
897 39 73
897 1002 7
898 699 11
899 736 162
900 4 2
900 162 2
900 313 25
902 131 2
902 420 3
903 339 2
904 112 6
904 231 2
904 552 9
904 929 2
905 12 2832
905 196 5
905 572 93
906 194 15
906 210 5
906 328 65
907 276 9
910 614 107
911 5 102
911 10 2
912 2 2
912 129 4
912 388 5
914 669 2
914 776 8
914 968 6
915 431 2
916 777 19
917 560 70
917 912 3
918 0 3
921 272 2
921 320 8
922 8 2
922 784 2
924 33 2
924 196 174
927 190 2
928 64 2
928 384 5
928 518 743
929 10 2
929 257 5
929 316 2
930 720 11
931 657 7
932 274 21
932 783 78
933 657 2
934 94 4
938 316 3
938 552 48
940 512 5
941 771 15
944 165 3
945 456 3
947 568 72
948 9 26
951 818 2
953 905 72
954 22 2
956 846 91
958 844 4
961 131 8
961 291 15
961 333 6
961 472 3
963 130 2
965 937 7
966 29 28
966 192 8
966 555 2
968 51 23773
968 352 28
969 313 43
969 769 3
970 180 2
971 566 9
976 779 3
977 22 2
977 34 2
977 549 25
978 817 16
984 324 12
984 483 4
985 268 2
986 772 3
987 962 2
988 366 85
996 36 20
996 836 3
998 127 29
998 179 3
1000 260 2
1001 286 2
1002 652 506
1002 912 2
1011 36 8
1013 316 2
1020 371 2
1020 385 2
1021 643 21
