0 4 2
0 9 2
0 17 2
0 18 16
0 29 233
0 47 32
0 112 4
0 150 4
0 215 4
0 256 11
0 259 3
0 274 2
0 321 6
0 352 2
0 415 25
0 552 2
0 618 2
0 670 2
0 674 5
0 679 2
0 843 5
0 902 2
1 15 2
1 30 9
1 37 17
1 82 13
1 135 2
1 292 3
1 357 4
1 481 15
1 535 32
1 565 6
1 644 2
1 825 39
1 920 2
2 0 3
2 3 5
2 8 4
2 48 2
2 260 557
2 328 48
2 523 1073
2 826 2
3 24 2
3 272 26
3 277 2
3 652 7
3 817 2
4 0 3
4 4 8
4 15 2
4 24 19
4 50 9
4 60 2
4 64 2
4 248 12
4 293 2
4 368 2
4 576 525
4 683 2
4 774 3
4 808 17
5 216 3
5 584 4
5 887 4
6 3 2
6 148 2
6 259 5
6 267 23
6 268 57
6 512 6
6 798 2
6 1002 5
7 81 2
7 110 296
7 715 8
8 1 39397
8 2 12
8 19 2
8 32 12
8 42 2
8 58 2
8 202 2
8 272 19
8 273 14
8 386 3
8 393 12
8 486 2
8 552 104
8 642 8
8 735 4
8 850 38
8 902 40
9 39 2
9 43 17
9 274 2
9 416 7
9 526 4
9 572 325
9 823 27
10 13 2
10 40 5
10 75 2
10 84 3
10 160 4
10 176 7
10 518 1230
10 523 9
10 584 4
10 599 2
10 680 14
11 204 90
11 586 116
11 752 16
12 0 3
12 24 5
12 65 2
12 116 9
12 128 2
12 269 4
12 366 2
12 634 5
13 66 3
13 192 8
13 224 3
13 320 5
13 780 3
14 127 2
14 210 2
14 376 2349
14 584 27
14 616 93
15 352 15
15 485 3
15 854 3
16 9 5
16 24 4
16 64 7
16 96 5
16 148 10
16 198 2
16 516 2
16 643 33
16 806 28
17 48 2
17 258 4
18 215 7
18 290 2
18 645 14
19 7 2
19 24 2
19 657 2
19 709 942
20 1 11
20 28 15
20 36 5
20 69 33
20 176 2
20 786 2
21 258 18
22 24 2
22 68 2
22 97 2
22 107 10
22 281 5
22 320 3
22 331 2
22 565 2
23 328 2
23 770 5
23 886 2
24 9 2
24 533 2
24 781 21
24 786 4
24 944 2
25 523 2
25 592 2
26 109 5
26 801 6
27 210 2
27 547 2
28 72 3
28 192 2
28 203 2
28 624 3
28 647 4
29 1 14
29 5 11
29 327 12
29 532 10
29 809 805
30 21 27
30 52 2
30 129 4
30 588 2
32 16 7
32 33 2
32 42 417
32 72 11
32 196 2
32 204 901
32 211 2
32 219 2
32 388 2
32 414 69
32 514 12
32 612 2
32 641 164
32 721 2
32 803 13
32 848 3
32 960 8
33 2 42386
33 3 24
33 26 14
33 31 4
33 64 876
33 276 12
33 320 2
33 785 6
33 898 2
33 945 6
34 144 9
34 292 2
34 324 3
34 561 6
34 663 2
34 720 187
35 65 6
35 551 3
35 689 2
36 12 4
36 34 3
36 48 3
36 257 2
36 266 4
36 288 6
36 320 3
36 448 2
36 555 9
36 705 9
36 858 7
37 2 2
37 13 43
37 364 3
37 594 48
38 180 12
38 204 2
38 544 27
39 3 2
39 48 2
39 520 2
39 982 2
40 20 2
40 39 2
40 65 3
40 256 47
40 512 2
40 528 14
40 605 2
40 645 17
40 756 253
40 761 2
40 840 2
40 980 48
41 96 2
41 263 3
41 321 7
41 513 2
41 987 19
42 42 3
42 140 1294
42 329 2
42 411 2
42 839 2
43 1 2
43 546 2
44 12 11
44 47 22
44 430 2
44 524 2
45 23 3
45 50 2
45 266 2
45 615 65
45 808 2
45 844 303
46 57 2
47 80 10
48 67 8
48 168 34
48 176 12
48 193 5
48 198 2
48 226 2
48 646 2
48 708 2
48 789 2
48 843 2
49 4 2
49 17 3
49 313 6
49 516 2
50 9 2
50 113 2
51 377 9
51 516 3
52 46 3
52 188 9
52 256 67
52 285 4
52 390 5
52 899 2
53 146 4
54 112 2
54 718 8
55 278 15
56 89 4
56 267 38
56 472 36
56 544 2
56 560 4
57 128 2
57 448 2
58 113 14
58 470 3
59 58 2
59 292 2
59 453 2
59 583 3
60 3 2
60 112 4
60 948 13
61 644 3
61 648 5
62 612 26
64 1 2
64 26 7
64 41 20
64 192 7
64 194 2
64 197 3
64 203 6
64 272 224
64 370 2
64 465 2
64 481 2
64 514 2
64 686 4
64 756 32
64 780 2
64 790 2
65 25 10
65 61 2
65 96 3
65 118 2
65 218 2
65 241 8
65 265 2
65 274 39
65 421 20
65 515 5
65 571 405
65 614 2
66 140 3
66 545 7
67 2 43
67 20 69
67 37 2
67 73 4
67 453 12
67 482 2
67 840 2
68 153 2
68 192 2
68 284 3
68 322 2
68 576 2
69 138 2
69 529 3
69 572 6
69 768 6
70 109 6
70 212 11
70 431 2
70 608 4
70 646 2
70 672 2
71 1 7
71 264 19
71 409 9
71 700 2
72 8 2
72 37 5
72 65 3
72 280 31
72 437 2
72 533 2
72 961 2
73 640 2
73 999 4
74 512 2
74 548 2
74 600 369
74 768 2
74 1012 2
75 259 2
75 576 2
76 76 763
76 133 5
76 262 47
76 855 2
77 256 2
77 267 2
77 450 2
77 456 5
78 288 2
78 517 6
78 784 22
78 919 5
79 165 3
80 0 14
80 51 14
80 82 14
80 132 60
80 211 56
80 528 13
80 677 2
80 920 2
81 807 34
81 852 2
82 280 2
82 283 2
83 115 25
83 124 2
83 304 26
83 617 9
83 784 2
84 64 2
84 74 4
84 490 2
85 31 5
86 234 7
86 524 2
87 353 2
87 462 28
87 512 1133
87 515 2
88 330 2
88 782 7
89 2 10
90 20 3
90 274 4
90 843 3
90 977 44
90 988 2
91 154 6
91 652 23
91 951 27
92 38 3
92 91 5
93 49 10
93 134 2
94 869 93
95 20 2
95 34 15
96 32 8
96 80 2
96 148 4
96 220 2
96 276 4
96 304 4
96 321 25
96 356 14
96 547 100
97 18 2
97 48 3
97 130 2
97 144 19
97 167 2
97 195 3
97 286 52067
97 473 2
97 525 3
98 14 24
98 352 2
98 401 2
98 671 9
98 928 211
99 117 20
99 134 4389
99 249 31
100 128 2
100 294 5
100 901 7
101 70 2
101 124 2
101 161 14
101 169 2
102 6 2
102 78 2
102 166 7
102 264 23
103 704 14
104 26 2
104 28 1661
104 48 2
104 64 2
104 132 2
104 313 2
104 512 148
105 3 2
105 296 3
106 516 2
107 129 6
108 133 16
108 514 2220
108 825 3
111 12 2
112 0 2
112 1 2
112 3 2
112 28 706
112 84 5
112 107 3
112 165 2
112 776 10
114 68 63
114 416 23
114 452 3
114 497 33
114 872 5
116 33 2
117 803 2
118 565 3
119 446 2
119 836 3
120 0 2
120 76 2
121 536 79
122 24 2
122 80 109388
122 185 13
122 294 22
123 600 2
124 304 2
124 348 8
125 268 21
128 1 2
128 10 17
128 58 8
128 134 3
128 200 4
128 208 3
128 362 40
128 375 4
128 376 10
128 453 15
128 770 9
128 806 33
129 0 15
129 10 2
129 37 2
129 39 2
129 163 128
129 584 2
129 707 6
130 78 39
130 272 11
130 273 7
130 368 2
130 520 4
130 528 59
130 532 2
130 540 5
130 675 6
130 772 3
130 980 2
131 581 5
132 6 19
132 17 2
132 94 9
132 137 9
132 372 2
132 516 2
132 713 14
132 916 3
133 23 2
133 138 2
133 614 448
134 67 2
134 84 5
134 208 4
134 224 2
134 377 7
134 390 11
134 768 20
135 258 16
135 544 6
136 21 3
136 39 18
136 81 8
136 160 4
136 482 6
136 610 13
136 657 3
136 684 2
136 831 2
137 148 2
137 256 3
137 259 21
137 325 2
137 678 64
137 778 4
138 266 2
138 415 16
138 590 124
138 902 5
139 426 5
139 865 6
140 72 10
140 135 19
140 143 2
140 168 9
140 464 2
140 724 2
140 776 3
141 2 4
141 521 2
142 641 7
143 116 2
143 144 2
143 187 3
143 286 35
143 642 10
144 18 5
144 68 18
144 248 10
144 257 13
144 433 2403
144 520 5
144 800 9436
145 1 2
145 2 2
145 94 14
145 184 12
145 216 8
145 392 5
145 513 7
145 576 2
146 69 7
146 146 9
146 396 3
146 910 5951
147 513 8
147 522 4
148 1 2
148 24 18221
148 130 2
148 139 22
148 146 69109
148 278 3
148 464 2
148 515 2
148 912 3
149 20 8
149 633 702
149 649 2
150 141 22
150 160 2
150 656 12
151 102 7
151 132 3
151 207 2
151 250 10
153 26 2
153 151 19
153 171 3
153 592 2
153 598 2
153 833 16
153 961 2
156 54 3
156 133 2
156 521 9
156 814 15
157 404 6
159 526 2
160 34 2
160 81 9
160 644 5
160 801 2
161 326 21
161 376 2
161 717 2
161 898 15
162 160 2
162 290 2
162 306 23
163 227 3
163 361 3
163 601 2
164 87 2
164 217 6
164 264 13
164 280 99
164 329 3
164 636 2
164 646 2
165 141 2
167 104 12
167 289 2
167 384 14
167 456 12
167 712 8
168 8 452
168 52 11
168 67 2
168 68 5945
168 98 6
168 480 3
169 25 3
169 72 3
169 351 5
169 514 2
171 144 2
171 810 2
172 569 9
172 664 7
173 261 84
174 493 119216
174 582 3
175 863 10477
176 32 7
176 137 15
176 270 13
176 273 2
176 824 3
176 864 29
176 932 5
177 128 4
177 280 16
177 744 4
178 100 2
178 144 12
178 580 3
178 797 24
179 429 2
180 600 2
180 973 3
181 97 42
181 331 2
181 964 4
182 672 24
182 728 91
184 141 5
184 161 5
184 664 5
185 5 2
185 42 59
185 391 2
186 272 7
186 582 141
188 4 30
188 199 2
192 43 44
192 52 48
192 177 5
192 392 3
192 524 42
192 536 38
192 713 2
192 898 5
192 904 2
192 999 2720325
193 8 60
193 120 3
193 162 2
193 375 2
193 718 8
193 775 2
194 321 3
194 592 2
194 677 3
196 81 3
196 286 2
196 377 3
197 61 13
197 100 2
197 297 2
197 592 7
197 611 2
197 769 2
198 196 5
198 812 15
200 445 2
200 577 11
202 11 40
203 654 4
204 6 9
204 520 11
205 457 2
206 80 7
206 530 6
208 12 3
208 14 2
208 88 10
208 534 2
209 55 11
209 513 60
209 564 4
210 882 3
212 34 37
212 69 12
212 112 3
212 262 2
212 285 18
212 673 2
216 66 4
216 792 4
217 923 8
218 86 3
219 389 2
220 176 346
222 532 2
225 257 4
225 316 2
225 948 2
226 157 117
227 336 2
227 592 6
227 838 14
228 294 2
230 9 2
231 261 34
231 290 325
232 5 84
232 65 2
232 80 4
232 130 2
232 480 71
233 212 2
233 973 11
234 917 6
235 281 6
235 645 497
237 91 23
238 620 2
239 370 2
239 560 2
240 799 16
240 914 101
241 206 2
241 245 2
244 33 2
244 356 14
244 932 2
245 705 27
246 64 2
248 557 2
248 902 3
250 46 11
253 636 2
256 4 200
256 5 7
256 68 4
256 69 14
256 97 14
256 212 5
256 243 5
256 416 2
256 512 33
256 522 111
256 616 15
256 705 3
256 764 7
256 772 2
256 804 65
256 963 3
256 992 12
257 0 6
257 268 54
257 272 6
257 544 2
257 680 2
257 806 10
257 912 2
257 920 2
258 34 95
258 36 5
258 265 4
258 673 13
258 810 13
259 7 2
259 100 183
259 165 7
259 226 42
259 532 2
260 131 6
260 256 14
260 295 7
260 545 3
260 678 2
260 978 96
261 8 14
261 67 43
261 72 3
261 356 3
261 672 4
261 995 7
262 32 2
262 134 5
262 193 8
262 256 2
262 906 2
262 1013 2
264 1 3
264 296 7
264 320 7
264 568 10
265 264 2
265 632 2
266 56 2
266 242 18
266 272 11
266 326 14
266 336 2
266 504 5
267 523 11
268 12 13
268 34 13
268 177 3
268 512 2
268 524 3
268 577 5
269 444 2
269 640 2
270 73 8
270 532 3444
270 642 4
272 41 15
272 162 5
272 208 2
272 234 2
272 259 2
272 280 2
272 378 2
272 520 4
272 554 4
272 684 2
273 47 7
273 581 2
273 693 2
273 809 5
273 903 8
274 98 57
274 334 2
275 4 6
275 16 2
275 116 4
275 133 2
275 401 9
275 485 2
276 392 2
276 538 37
276 628 2
276 661 9
277 8 2
277 27 3
277 128 3
277 385 4
278 258 68
279 18 4
279 901 2
280 36 5
280 82 2
280 674 4
281 101 2
282 136 2
282 576 2
282 717 90
282 787 104
283 514 93
284 835 5
285 104 4
286 624 89
286 832 2
287 448 3
288 47 25
288 132 2
288 224 3
288 292 74
288 341 3
289 60 2
289 156 2
289 345 2
289 468 3
289 472 2
289 648 13
289 753 2
290 0 2
290 258 22
291 32 2
291 768 21
291 967 2
292 7 7
292 19 17
292 134 5
292 162 2
292 593 2
293 256 18
293 960 84
294 27 4
294 742 6
296 57 2
296 84 5
296 131 40
296 231 2
296 260 4
296 336 35
296 409 2
296 516 2
297 167 7
297 325 2
297 389 2
297 544 2
298 800 129
299 78 2
300 29 2
300 140 5
301 274 2
301 777 2
303 292 2
304 6 2
304 8 7
304 42 5
304 63 2
304 106 2
304 212 2
304 258 4
304 292 4
305 11 2040
305 34 2
305 163 2
305 576 18
306 36 5
306 550 3
306 918 11
307 514 24
308 583 37
308 692 10
308 832 2
308 848 4
309 77 2
309 774 2
310 44 13
310 936 18
312 514 2
314 109 93
314 156 7
314 376 7
314 518 3
315 739 2
316 452 2
318 532 3
318 914 7
320 29 2
320 315 2
320 407 2
320 428 2
320 641 2
321 4 3
321 262 8
321 768 111128
321 834 2
321 1008 2
322 0 15
322 80 20064
322 272 2
322 416 7
322 899 931
322 902 16
323 360 2
323 515 8
324 106 6
324 167 4
324 179 16
324 200 7
324 513 7
324 530 2
325 6 9
325 74 1919
325 145 2
325 192 6
326 16 10
326 32 34
326 116 11
326 280 2
327 675 2
327 698 4
328 45 2
328 853 74
329 35 22
329 258 104
330 8 12
330 204 7
332 456 2
334 265 2
335 83 5
335 391 28
336 18 2
336 100 2
336 576 6
336 632 3
337 352 2
337 768 342
337 833 108
338 33 2
338 160 2
338 169 3
339 42 2
340 0 2
340 106 2
341 576 2
342 15 6
342 168 2
342 536 16
343 475 3
344 676 10
345 32 2
345 992 13
346 11 2
346 89 2
347 11 19
347 149 6
347 296 23
348 128 13
349 12 2
352 419 2
352 514 5
352 680 2
352 794 4
352 860 87
353 138 2
353 389 3
353 684 17
354 25 5
354 30 2
354 288 4
354 836 5
354 969 11
355 134 4816
355 634 25
356 800 727
358 3 3
358 197 3
360 732 90
361 266 31
361 316 6
362 34 7
363 162 10
363 424 2
364 740 11
366 657 2
368 49 2
368 738 17
368 925 2
371 112 3
371 705 4
372 352 1166
375 77 4
376 193 2
379 333 7
380 339 2
381 531 6
382 562 19
384 5 2
384 156 1230
384 168 5
384 332 2
384 423 2
384 457 5
384 481 2
384 531 2
384 571 22
384 597 2
384 692 2
384 841 2
384 962 35
385 2 2
385 75 3
385 213 5
385 214 2
385 563 10
386 73 2
386 158 2
386 160 170
386 206 5
386 275 4
386 846 2
386 912 5
387 147 2
387 297 2
387 545 3
387 1016 102
388 332 2
389 596 2
390 566 2
391 8 8
391 800 2
392 38 2
392 336 2
392 553 24
393 461 2
394 80 2
394 211 2
394 590 30
395 4 1200
395 647 2
396 6 8
396 454 20
396 536 2
396 546 18
396 915 2
396 960 23
397 132 5
397 305 4
397 518 4
398 943 11
399 9 36
400 10 2
400 21 6
400 144 3
400 712 2
401 16 38
401 58 1041
401 284 2
401 673 2
401 932 409
402 68 2
402 80 4
402 769 2
403 98 12
405 160 2
406 677 5
406 928 6
407 591 2
408 66 18
408 405 5
408 576 2
409 66 3330
409 105 6
409 417 4
409 888 4
410 520 2
411 20 8
412 6 5
413 640 3
414 932 2
416 279 3
416 292 3
416 531 2
416 832 2
417 577 20
418 16 119
419 7 2
419 62 8
419 844 36
420 32 17
420 288 2
420 424 5
420 538 20
420 545 18
421 400 2
422 736 11
423 384 24
423 651 2
424 481 14
425 161 9
425 746 2
425 776 6
426 644 23
427 580 36
428 32 2
428 194 2
428 620 7
428 880 3
430 8 151
430 68 2
430 203 3
433 24 3
433 398 6875
434 734 2
436 597 2
436 641 4
441 21 3
442 146 16
442 691 4
444 769 2
444 801 2
448 513 245
449 321 2
450 450 4
452 48 3
452 136 4
452 512 4
452 513 8
453 368 11
453 661 11
454 9 22
454 437 3
454 634 12
454 782 503
455 640 28
456 105 166
456 367 10
456 376 6
456 774 10
458 101 2
460 197 2
460 462 13
460 566 4
461 625 3
461 901 2
462 516 12
462 641 20
463 916 63
464 265 4
464 928 28
465 531 19
465 761 12
465 902 9181
467 211 2
467 300 2
473 6 12
473 600 2
473 800 3
476 775 2
480 0 8
480 731 7
480 928 2
481 288 3
481 416 2
482 64 2
482 208 10
482 285 2
483 276 10
484 841 6
485 134 16
488 3 2
488 269 21
489 64 7
491 112 3
496 433 7
496 978 1908
501 519 3250
504 267 2
505 332 2
506 706 9
512 1 5
512 36 4
512 52 4
512 65 100
512 96 2
512 153 2
512 173 18
512 266 6
512 438 11
512 453 4
512 514 4
512 522 29
512 685 2
512 936 2
513 5 442
513 42 6
513 47 3
513 100 2
513 304 2
513 315 2
513 340 12
513 548 17
513 640 8
513 644 2
514 4 27
514 11 2
514 36 5
514 401 16
514 452 2
514 522 11
514 572 2
515 93 4
515 157 2
515 273 2
515 598 5
516 33 2
516 69 2
516 72 356
516 357 5
516 442 2
516 555 53
516 582 9
516 605 10
516 779 5
516 785 15
517 0 2
517 3 8
517 8 2
517 177 31
517 281 84
517 525 35
517 534 20
517 672 34
517 676 7
517 768 2
518 41 4
518 66 7
518 517 2
519 944 3
519 967 22
520 9 12
520 94 2
520 164 2
520 328 15
520 436 22
520 812 2
520 896 4
521 81 4
521 131 6
521 229 3
521 450 4
521 546 2
521 560 3
522 1 10
522 234 2
522 549 4
522 652 2
523 650 2
524 173 12
525 134 29
525 820 9
526 776 14
527 36 2
527 713 5
528 10 3
528 33 5
528 36 111512
528 97 8
528 144 2
528 156 39
528 171 2
528 512 103
528 580 178
528 582 16
528 611 2
528 720 105
528 801 9
529 16 12
529 260 2
529 423 7
529 520 5
529 737 3
529 836 5
530 86 2
530 132 17
530 278 3
530 325 327133
530 522 4
530 696 13
532 134 2
532 292 57
533 5 13
533 37 11
533 787 6
534 6 22
534 786 3
534 928 49
535 10 2
536 244 251
536 412 2
536 687 3410
536 902 2
537 99 4
537 138 2
537 478 32
538 84 11162
538 820 4
540 256 8
541 344 2
544 6 13
544 24 50
544 151 2
544 160 2
544 401 3
544 416 414466
544 429 6
544 536 6
544 542 17
544 551 2
544 597 5
544 718 3
545 209 9
545 226 8
545 520 17
545 743 20
545 914 5
546 2 26
546 263 29
546 900 2
547 265 2
547 427 3
547 577 31
548 141 4
548 512 3
548 577 3
549 68 2
549 97 6
549 146 2
549 530 2
550 36 3
550 649 2
550 800 3
551 4 5
551 40 2
551 89 2
552 136 20364
552 640 5
552 656 5
552 932 13
553 36 2
553 102 2
553 933 54
554 4 2
554 137 5
554 296 6
555 52 2
555 418 5
556 409 2
557 6 6
557 15 2
557 400 7175
557 512 28
557 557 82
557 770 10
559 557 4
560 18 2
560 32 22
560 96 6
560 104 28
560 168 6
560 354 3
561 10 73
561 444 20
561 521 2
561 786 3
562 162 13
562 977 2
562 992 2
563 20 23
563 410 4
564 656 10
564 659 6
565 105 8
566 44 2
566 132 19
567 793 2
569 385 7619
569 522 2
571 100 2
571 457 42
572 36 2
572 64 2
572 257 304
572 370 37
572 777 2
573 886 2
574 18 13
574 533 2
574 696 4
576 4 2
576 5 8
576 76 5
576 133 97
576 172 9
576 228 2
576 547 3
576 607 3
577 72 6
577 222 2
577 292 2
577 401 2
577 577 29
577 661 2
577 997 2
578 26 5
578 96 6
578 120 25
578 136 2
578 554 10
578 572 5
579 136 2
579 621 15
580 64 3
580 507 3
580 528 2
580 598 10
581 645 14
583 129 13
584 432 2
585 208 3
585 217 2
585 354 47
585 389 6
586 64 7
586 658 3
587 608 14
588 784 285
590 276 3
590 520 10
590 788 10
591 147 2
592 2 2
592 4 6
592 148 3
592 322 16
592 528 2
592 585 19
593 429 2
595 557 43
596 11 8
596 33 9
596 91 3
599 92 5
599 176 23
599 569 7
600 68 22
600 115 12
600 562 6
600 573 2
600 575 2
601 335 2
601 431 44
602 480 2
604 913 3
606 281 3
606 807 7
607 288 2
607 393 2
608 176 66
608 185 33
608 522 19
608 576 4
608 648 9
609 28 19
609 210 17
609 225 2
609 526 5
609 768 2
611 125 3
612 170 2
612 534 10
613 840 56
614 936 389
616 806 9
617 374 3
617 908 23
618 70 2
618 1004 3
619 140 47
619 231 2
621 293 2
623 1000 3
624 579 2
625 5 1576
625 261 7
625 530 2
626 8 11
626 104 2
626 114 7
626 528 646
626 608 2
627 3 7
627 418 10
627 769 2
627 977 14
628 76 6
631 24 13
633 812 4
635 546 2
637 73 14
640 4 2
640 6 4
640 16 2
640 160 2
640 181 13
640 246 9
640 258 7
640 369 7
640 421 2
640 525 2
640 659 6
640 732 2
640 938 7
640 952 55
641 192 2
642 512 2
642 562 2
643 73 2
643 775 58
644 48 6
644 387 11
644 660 5
644 769 12
645 4 2
645 25 3
645 548 2
645 963 4
646 289 10
648 76 2
648 98 7
648 210 2
648 301 4
648 369 113
648 512 3
648 694 3
648 769 10
649 4 3
650 108 2
650 216 2
650 953 2
651 290 2
652 594 36
654 565 7
655 384 2
655 761 2
656 3 5
656 278 7
656 370 4
658 10 23
658 226 6
658 640 13
660 36 2
660 52 6
661 244 2
661 608 2
662 374 16
664 16 5
664 781 3
665 3 147
665 260 2
666 66 16
667 587 4
668 163 8
668 464 3
668 749 2
670 515 2
672 1 2
672 514 12
672 608 6
672 717 42
673 656 36
674 259 2
674 401 5
674 672 2
675 257 2
675 470 2
676 52 2
677 121 2
677 641 2
678 237 80
679 556 3
680 20 3
680 39 5
680 105 2
680 450 37
680 540 2
681 6 2
681 33 2
682 14 12
683 278 4
684 1008 7
686 426 17
686 593 3
688 385 9
689 80 2
692 260 2
692 914 9
693 522 104
694 6 2
694 931 2
694 976 17
695 517 5
695 585 4
697 710 17
700 18 14
700 864 2
704 34 2
704 76 2
704 135 28
704 292 181
704 370 2
704 514 3
705 596 2
706 17 4
706 161 3
706 460 5
708 108 2
709 325 2
709 354 2
709 644 26
709 843 15
711 19 2
712 35 273
712 141 3
712 283 5
712 294 6
712 862 2
713 837 2
716 98 2
716 339 2
716 649 2
716 842 18
719 512 7
720 7 19
720 144 23
720 803 7
721 0 6
721 104 2
721 170 4
721 323 2
722 82 12
722 100 6
722 146 51
722 393 5
723 142 15
724 20 17
724 596 9
725 44 12
725 65 1380
726 322 2
727 200 6
728 350 2
728 712 5
732 834 2
736 24 9
737 25 5
737 64 9
737 288 24
737 610 2
738 970 3
740 235 4
740 801 30
741 45 4
741 260 2
742 97 7196
743 787 4
744 280 2
744 762 4
751 506 46
752 494 6
752 786 3
754 32 2
760 40 3
760 220 2
760 300 2
761 435 7
763 668 51
768 226 4
768 502 19
768 608 6
768 666 68
768 736 6
768 738 27
768 926 5
769 34 2
769 350 6
769 640 64
769 773 7
770 211 2
770 256 3
770 515 3
770 663 2
771 128 2
772 0 2
772 32 33
772 130 2
774 8 5
774 936 2
775 48 6
775 921 2
776 101 9
776 155 8
776 586 3
776 697 2
777 6 692424
777 84 58
777 200 9
777 318 2
777 539 44
777 554 88
777 608 5
777 641 97
778 330 5
778 389 387
780 14 4
780 193 11
780 552 4
780 707 2
781 222 930
781 496 62
782 226 18
782 405 6
784 1 2
784 514 11
784 549 2
784 604 5
784 634 23
784 841 5
785 45 10
785 257 2
786 521 2
786 576 24
786 914 4
787 199 16
788 332 2
792 274 2
792 594 9
793 52 4
793 498 3
793 628 217
795 422 6
798 776 4
800 45 5
800 97 3
800 824 4772
801 34 5
801 312 7
801 592 4
802 660 2
802 769 2
803 512 5
804 0 20
804 104 3
804 337 2
804 779 4
805 387 2
805 781 34
806 43 2
806 134 2
806 232 2
806 480 74
808 302 11
808 526 19
808 777 12
808 937 2
810 17 19
810 394 2
810 416 4
812 778 3
814 161 2
814 264 827
814 523 2
814 905 2
816 18 4
816 24 40
817 784 19
819 69 438
819 538 6
821 236 2
822 211 2
828 592 4
830 356 16
832 16 2
832 21 2
832 281 3
832 304 2
832 427 2
832 548 4
833 147 9
833 999 2
834 0 2
834 32 364
834 912 6
835 264 9
835 392 9171
835 583 2
836 86 3
836 485 17
838 785 2
839 21 2
840 96 14
840 106 2
840 545 21
840 800 19
841 32 42
841 370 2
842 200 2
844 584 3
845 624 2
848 90 41
848 391 8
848 899 2
849 792 3
850 308 2
850 776 10
851 195 2
852 2 2
852 72 5
852 824 6
856 256 3
856 866 2
857 42 2
863 516 5
864 23 7
864 786 2
867 998 2
868 332 50
870 6 2
871 264 3
872 32 2
872 50 14
872 165 2
873 9 2
874 360 2
875 164 5
882 778 3
884 802 17
894 392 5
896 330 604
896 868 2
897 39 15
897 115 4
897 1002 3
898 336 2
898 699 653
899 736 17
900 4 3
900 162 5
900 313 2
902 131 5
902 420 2
903 339 2
904 112 7
904 231 17
904 888 3
904 929 28
905 12 9
905 196 5
905 248 23
905 540 2
905 572 506
906 194 11
906 210 474
906 328 2
907 276 271
908 456 2
911 5 5
911 10 18
912 2 2
912 85 18
912 129 4
912 388 16
914 216 2
914 669 3
914 776 2
914 968 2
916 742 2
916 777 19
917 560 2
918 0 7
920 200 7
921 272 3
921 320 2
922 8 11
922 784 2
924 33 2
924 196 2
928 384 2
928 516 2
928 518 2
929 10 2
929 257 2
929 316 43
930 547 182
930 720 2
931 230 3
931 657 2
932 274 14
934 94 755
938 261 2
938 316 2
938 552 2
940 512 63
941 771 10
944 165 2
944 756 2
945 456 67
947 568 12
948 9 3
951 818 2
952 37 3
956 846 5
958 844 6
960 358 2
961 291 11
961 333 10
961 481 2
963 130 4
966 29 2
966 192 239
966 197 2
966 555 2
968 51 8
968 352 2
968 360 2
969 769 2
971 566 2
975 205 79
976 321 8
976 779 11
977 22 2
977 34 2
984 324 6
984 483 2
985 268 5
986 772 19
987 962 11
988 366 2
996 836 2
998 127 18
998 179 2
1000 260 6
1003 684 9
1011 36 2
1013 316 4
1020 371 3
1020 385 2
1021 643 2
