0 4 2
0 9 5
0 17 16
0 18 33
0 29 2
0 47 4
0 112 8
0 150 3
0 215 4
0 256 24
0 259 4
0 274 43
0 321 2
0 352 2
0 415 2
0 552 33543
0 618 3
0 670 2
0 674 7
0 679 2
0 843 7
0 902 2
1 15 1979
1 30 2
1 37 3
1 82 11
1 135 18
1 292 25
1 357 37
1 481 2
1 535 4
1 565 52
1 644 2
1 825 3
1 920 2
2 0 14
2 3 12
2 8 2
2 48 2
2 260 2
2 328 2381
2 523 41
2 826 5
3 24 3
3 272 2
3 277 2
3 652 5
3 817 2
4 0 485
4 4 4
4 15 2
4 24 4
4 50 24
4 60 2
4 64 2
4 248 5
4 293 2
4 368 2
4 576 2
4 683 57
4 774 2
4 808 9
5 216 417
5 584 4
5 887 2
6 3 12
6 148 95
6 259 4
6 267 2
6 268 31
6 512 15
6 798 2
6 1002 4
7 81 2
7 110 2
7 715 15
8 1 2
8 2 35
8 19 101
8 32 2
8 42 3
8 58 12
8 202 2
8 272 21
8 273 14
8 386 3
8 393 3
8 486 8
8 552 2
8 642 5
8 735 25
8 850 63
8 902 2
9 39 2
9 43 20
9 274 2
9 416 2
9 526 11
9 572 5
9 823 9
10 13 2
10 40 2
10 75 2
10 84 2
10 160 2
10 176 3
10 518 8
10 523 4
10 584 4
10 599 23
10 680 51
11 204 2
11 586 2
11 752 2
12 0 2
12 24 13
12 65 13981
12 116 2
12 128 2
12 269 6
12 366 140
12 634 2
13 66 2
13 192 8
13 224 2
13 320 18
13 780 12
14 127 2
14 210 3
14 376 921
14 584 235
14 616 19
15 352 8
15 485 20
15 854 5
16 9 20
16 24 18
16 64 8
16 96 2
16 148 2
16 198 2
16 516 137
16 643 6
16 806 308
17 48 37
17 258 41
18 215 10
18 290 2
18 645 2
19 7 3
19 24 2448
19 657 2
19 709 2
20 1 2
20 28 9
20 36 2
20 69 2
20 176 26
20 786 41
21 258 15
22 24 2
22 68 5
22 97 10
22 107 12
22 281 4
22 320 2
22 331 36
22 565 3
23 328 8
23 770 10
23 886 2
24 9 3
24 533 7
24 781 2
24 786 2
24 944 2
25 523 6
25 592 4
26 109 75
26 801 15
27 210 2
27 547 5
28 72 5
28 192 4
28 203 377
28 624 4
28 647 5
29 1 65
29 5 12
29 327 3
29 532 12
29 809 2
30 21 32
30 52 9528
30 129 26
30 588 953
32 16 2
32 33 21
32 42 2
32 72 3
32 196 2
32 204 2
32 211 572
32 219 2
32 388 2
32 414 26
32 514 2
32 612 2
32 641 83405
32 721 2
32 803 2
32 848 2
32 960 2
33 2 2643
33 3 11
33 26 15
33 31 11
33 64 15
33 276 2
33 320 2
33 785 7
33 898 87
33 945 3
34 144 2
34 292 142
34 324 2
34 561 10
34 663 5
34 720 3
35 65 3
35 551 11
35 689 2
36 12 2
36 34 32
36 48 5
36 257 2
36 266 2
36 288 4
36 320 2
36 448 4
36 555 30
36 705 57
36 858 2
37 2 2
37 13 2
37 364 76
37 594 2
38 180 4
38 204 4
38 544 3
39 3 2
39 48 3
39 520 2
39 982 8
40 20 2
40 39 4
40 65 2
40 256 326
40 512 2
40 528 4
40 605 2
40 645 2
40 756 8
40 761 2
40 840 2
40 980 119
41 96 3
41 263 2
41 321 9
41 513 2
41 987 17
42 42 11
42 140 49
42 329 11123
42 411 767
42 839 81
43 1 4
43 546 2
44 12 2
44 47 2
44 430 7
44 524 2
45 23 7
45 50 91
45 266 35
45 615 2
45 808 3
45 844 2
46 57 2
47 80 2
48 67 2
48 168 2
48 176 6
48 193 7
48 198 5
48 226 4
48 646 2
48 708 6
48 789 2
48 843 2
49 4 309
49 17 2
49 313 2
49 516 10
50 9 3
50 113 2
51 377 2
51 516 5
52 46 8
52 188 5
52 256 2
52 285 2
52 390 2
52 899 2
53 146 13
54 112 3
54 718 963
55 278 7
56 89 6
56 267 2
56 472 112
56 544 2
56 560 7
57 128 2
57 448 4
58 113 6
58 470 4
59 58 2
59 292 3
59 453 2
59 583 2
60 3 2
60 112 6
60 948 5
61 644 3
61 648 2
62 612 6
64 1 2
64 26 13
64 41 8
64 192 2
64 194 7
64 197 2
64 203 8
64 272 2
64 370 2
64 465 16
64 481 2
64 514 34
64 686 26
64 756 3
64 780 2
64 790 20
65 25 8
65 61 10
65 96 2
65 118 2
65 218 2
65 241 12
65 265 2
65 274 2
65 421 3
65 515 4
65 571 14
65 614 497
66 140 19
66 545 3
67 2 6
67 20 3
67 37 2
67 73 2
67 453 4
67 482 4
67 840 2
68 153 5
68 192 2
68 284 4
68 322 3
68 576 14
69 138 3
69 529 4
69 572 3
69 768 5
70 109 5
70 212 15
70 431 11
70 608 279
70 646 2
70 672 21
71 1 6
71 264 4
71 409 2
71 700 2
72 8 14
72 37 2
72 65 2
72 280 29
72 437 2
72 533 3
72 961 2
73 640 2
73 999 23
74 512 13
74 548 2
74 600 2
74 768 2
74 1012 3
75 259 2
75 576 2
76 76 2
76 133 5
76 262 2
76 855 30
77 256 2
77 267 2
77 450 2
77 456 7
78 288 2
78 517 8352
78 784 5
78 919 4
79 165 4
80 0 5
80 51 8
80 82 8
80 132 2
80 211 2
80 528 4
80 677 6
80 920 2
81 807 4
81 852 2
82 280 33
82 283 61
83 115 2
83 124 13
83 304 11
83 617 2
83 784 2
84 64 2
84 74 8
84 490 8
85 31 7
86 234 13
86 524 16
87 353 2
87 462 3
87 512 13
87 515 2
88 330 3
88 782 2
89 2 2
90 20 16
90 274 2
90 843 3
90 977 4
90 988 2
91 154 2
91 652 9
91 951 12
92 38 2
92 91 4
93 49 7
93 134 252
94 869 2
95 20 2
95 34 2
96 32 16
96 80 2
96 148 2
96 220 6
96 276 5
96 304 2
96 321 2
96 356 17
96 547 33
97 18 8
97 48 2
97 130 2
97 144 2
97 167 8
97 195 5
97 286 2
97 473 5
97 525 5
98 14 2
98 352 5
98 401 3
98 671 2
98 928 2
99 117 2
99 134 1473102
99 249 19
100 128 2
100 294 4
100 901 4
101 70 6
101 124 9
101 161 7
101 169 3
102 6 2
102 78 8
102 166 5
102 264 14
103 704 2
104 26 31
104 28 111
104 48 2
104 64 6
104 132 3
104 313 17
104 512 5
105 3 2
105 296 3
106 516 2
107 129 3
108 133 3
108 514 2
108 825 2
111 12 2
112 0 63
112 1 2
112 3 16
112 28 2
112 84 7
112 107 11
112 165 2
112 776 2
114 68 2
114 416 12
114 452 4
114 497 4
114 872 3
116 33 2
117 803 2
118 565 6
119 446 2
119 836 8
120 0 2
120 76 2
121 536 2
122 24 4
122 80 60519
122 185 34
122 294 3
123 600 2
124 304 12
124 348 6
125 268 11
128 1 22
128 10 2
128 58 11
128 134 7
128 200 3
128 208 2
128 362 22
128 375 16
128 376 4
128 453 7
128 770 4
128 806 67
129 0 2
129 10 2
129 37 3
129 39 51
129 163 2
129 584 8
129 707 10
130 78 2
130 272 341
130 273 3
130 368 54407
130 520 14
130 528 4
130 532 20
130 540 3
130 675 3
130 772 8
130 980 2
131 581 3
132 6 58
132 17 6889
132 94 26
132 137 21
132 372 2
132 516 16
132 713 11
132 916 2
133 23 2
133 138 444
133 614 4
134 67 2
134 84 2
134 208 2
134 224 2
134 377 28
134 390 2
134 768 2
135 258 1008
135 544 6
136 21 3
136 39 2
136 81 5
136 160 7
136 482 75
136 610 10
136 657 4
136 684 2169
136 831 2
137 148 2
137 256 20
137 259 2
137 325 2
137 678 2
137 778 2
138 266 2
138 415 15
138 590 6
138 902 5
139 426 2
139 865 2
140 72 6
140 135 6
140 143 2
140 168 2
140 464 15
140 724 2
140 776 9
141 2 22
141 521 2
142 641 10
143 116 46
143 144 3
143 187 4
143 286 2
143 642 4
144 18 2
144 68 40
144 248 3
144 257 34
144 433 6
144 520 23
144 800 66
145 1 2
145 2 296
145 94 10
145 184 7
145 216 5
145 392 2
145 513 3
145 576 2
146 69 6
146 146 12
146 396 23
146 910 71
147 513 12
147 522 12
148 1 11
148 24 442
148 130 389
148 139 14
148 146 6381
148 278 2
148 464 2
148 515 2
148 912 8
149 20 2
149 633 2
149 649 2
150 141 3
150 160 7
150 656 12
151 102 9
151 132 6
151 207 5
151 250 7
153 26 2
153 151 43
153 171 32
153 592 2
153 598 2
153 833 150
153 961 63
156 54 20
156 133 5
156 521 5
156 814 8
157 404 3
159 526 2
160 34 2
160 81 10
160 644 9
160 801 2
161 326 2
161 376 2
161 717 2
161 898 6
162 160 8
162 290 3
162 306 10
163 227 2
163 361 2
163 601 2
164 87 2
164 217 2
164 264 2
164 280 2
164 329 4
164 636 2
164 646 4
165 141 15
167 104 10
167 289 16016
167 384 31
167 456 16
167 712 10
168 8 2
168 52 11
168 67 28
168 68 14
168 98 5
168 480 4
169 25 3
169 72 3
169 351 2
169 514 2
171 144 15
171 810 2
172 569 26
172 664 3
173 261 9
174 493 2803
174 582 3
175 863 2
176 32 9
176 137 5
176 270 2
176 273 14
176 824 5
176 864 2
176 932 38
177 128 13
177 280 3
177 744 12
178 100 21
178 144 3
178 580 8
178 797 93
179 429 2
180 600 2
180 973 13
181 97 7
181 331 2
181 964 4
182 672 7
182 728 5698
184 141 2
184 161 19
184 664 10
185 5 2
185 42 2
185 391 3
186 272 4
186 582 199
188 4 15
188 199 2
192 43 21
192 52 8
192 177 19
192 392 12
192 524 9
192 536 2
192 713 9
192 898 54
192 904 2
192 999 2
193 8 2
193 120 2
193 162 43
193 375 19
193 718 3
193 775 16
194 321 583
194 592 2
194 677 9
196 81 2
196 286 2
196 377 3
197 61 4
197 100 2
197 297 2
197 592 12
197 611 2
197 769 8
198 196 2
198 812 3
200 445 2
200 577 2
202 11 7
203 654 104
204 6 4
204 520 6
205 457 71
206 80 2
206 530 3
208 12 2
208 14 2
208 88 2
208 534 271
209 55 2
209 513 3
209 564 5
210 882 7
212 34 2
212 69 3
212 112 5
212 262 55
212 285 3
212 673 2
216 66 2
216 792 3
217 923 2
218 86 11
219 389 25
220 176 3
222 532 8
225 257 2
225 316 8
225 948 81
226 157 6
227 336 2
227 592 2
227 838 4
228 294 2
230 9 2
231 261 16
231 290 5
232 5 2
232 65 114
232 80 2
232 130 3
232 480 680
233 212 2
233 973 21
234 917 3
235 281 2
235 645 4
237 91 16
238 620 2
239 370 44
239 560 2
240 799 3
240 914 2
241 206 3
241 245 8
244 33 2
244 356 9
244 932 2
245 705 2
246 64 9
248 557 84
248 902 2
250 46 2
253 636 6
256 4 10
256 5 2
256 68 6
256 69 3
256 97 4
256 212 3
256 243 2
256 416 9
256 512 4
256 522 2
256 616 94
256 705 7
256 764 2
256 772 2
256 804 3
256 963 88
256 992 2
257 0 10
257 268 5
257 272 4
257 544 618
257 680 2
257 806 2
257 912 80
257 920 2
258 34 3
258 36 5
258 265 13
258 673 15
258 810 2
259 7 6
259 100 2
259 165 2
259 226 5
259 532 13
260 131 11
260 256 2
260 295 256
260 545 4
260 678 2
260 978 2
261 8 6
261 67 2
261 72 6
261 356 19
261 672 180
261 995 23
262 32 2257
262 134 2
262 193 4
262 256 13
262 906 94
262 1013 183
264 1 18
264 296 17
264 320 54
264 568 9
265 264 2
265 632 5
266 56 7
266 242 12
266 272 12
266 326 7
266 336 3
266 504 182
267 523 2
268 12 10
268 34 449
268 177 2
268 512 3
268 524 3
268 577 3
269 444 3
269 640 7
270 73 9
270 532 2
270 642 3
272 41 2
272 162 11
272 208 5
272 234 2
272 259 2
272 280 8
272 378 4
272 520 5
272 554 4
272 684 33
273 47 5
273 581 2
273 693 4
273 809 11
273 903 19
274 98 61
274 334 31
275 4 14
275 16 2
275 116 4
275 133 7
275 401 2
275 485 2
276 392 1048
276 538 2
276 628 4
276 661 12
277 8 2
277 27 3
277 128 6
277 385 20
278 258 2
279 18 3
279 901 2
280 36 22
280 82 2
280 674 4
281 101 2
282 136 8
282 576 2
282 717 2
282 787 28
283 514 2
284 835 71
285 104 6
286 624 2
286 832 4
287 448 4
288 47 2
288 132 130
288 224 2
288 292 6
288 341 2
289 60 2
289 156 2
289 345 3
289 468 22
289 472 2
289 648 11
289 753 26
290 0 2
290 258 8
291 32 2
291 768 213
291 967 2
292 7 2
292 19 11
292 134 4
292 162 2
292 593 4
293 256 11
293 960 3
294 27 12
294 742 4
296 57 2
296 84 7
296 131 8
296 231 2
296 260 10
296 336 490
296 409 2
296 516 31
297 167 7
297 325 29
297 389 80
297 544 2
298 800 31
299 78 9
300 29 2
300 140 2
301 274 2
301 777 3
303 292 2
304 6 2
304 8 2
304 42 5
304 63 38
304 106 58
304 212 3
304 258 25
304 292 8
305 11 4
305 34 2
305 163 2
305 576 5
306 36 5
306 550 3
306 918 6
307 514 2
308 583 24
308 692 118
308 832 2
308 848 4
309 77 4
309 774 2
310 44 8
310 936 2
312 514 2
314 109 80
314 156 11
314 376 7
314 518 3
315 739 2
316 452 67
318 532 27
318 914 12
320 29 51
320 315 50
320 407 19
320 428 2
320 641 71
321 4 2
321 262 12
321 768 60173
321 834 2
321 1008 3
322 0 2
322 80 2
322 272 235
322 416 4
322 899 76
322 902 3
323 360 2
323 515 11
324 106 10
324 167 67
324 179 2
324 200 2
324 513 4
324 530 6
325 6 19
325 74 2
325 145 2
325 192 22
326 16 2
326 32 38
326 116 2
326 280 30
327 675 2
327 698 3
328 45 10
328 853 195
329 35 8
329 258 2
330 8 2
330 204 2
332 456 2365
334 265 4
335 83 2
335 391 6
336 18 1322
336 100 20
336 576 16
336 632 2
337 352 2
337 768 2
337 833 6
338 33 685
338 160 2
338 169 2
339 42 3
340 0 7
340 106 2
341 576 11
342 15 2
342 168 6
342 536 4
343 475 9
344 676 2
345 32 2
345 992 4
346 11 10
346 89 2
347 11 54
347 149 2
347 296 10
348 128 4
349 12 2
352 419 2
352 514 3
352 680 12
352 794 5
352 860 143
353 138 3
353 389 2
353 684 21
354 25 3
354 30 3
354 288 19
354 836 2
354 969 35
355 134 1344
355 634 2
356 800 2
358 3 2
358 197 2
360 732 2
361 266 7
361 316 8
362 34 2
363 162 13
363 424 5
364 740 8
366 657 2
368 49 3
368 738 2
368 925 69
371 112 4
371 705 3
372 352 4
375 77 4
376 193 20
379 333 16
380 339 2
381 531 2
382 562 8
384 5 158
384 156 43
384 168 5
384 332 2
384 423 2
384 457 8
384 481 2
384 531 2
384 571 7
384 597 18
384 692 5
384 841 2
384 962 2
385 2 4
385 75 2
385 213 16
385 214 248
385 563 2
386 73 6
386 158 2
386 160 4
386 206 11
386 275 4
386 846 2
386 912 2
387 147 66
387 297 2
387 545 19
387 1016 2
388 332 2
389 596 201
390 566 2
391 8 10
391 800 2
392 38 20
392 336 6
392 553 19
393 461 2
394 80 2
394 211 193485
394 590 3
395 4 110
395 647 59
396 6 2
396 454 8
396 536 3
396 546 65708
396 915 121
396 960 13
397 132 3
397 305 2
397 518 14
398 943 4
399 9 5
400 10 8
400 21 58
400 144 2
400 712 2
401 16 2
401 58 70
401 284 2
401 673 20
401 932 2
402 68 4
402 80 2
402 769 9
403 98 2
405 160 2
406 677 12
406 928 2
407 591 2
408 66 42664
408 405 77
408 576 2
409 66 8
409 105 2
409 417 10
409 888 2
410 520 2
411 20 2
412 6 12
413 640 40
414 932 2
416 279 34
416 292 28
416 531 2
416 832 2
417 577 17
418 16 505
419 7 183233
419 62 3
419 844 2
420 32 2
420 288 272
420 424 16
420 538 4
420 545 2
421 400 6
422 736 5
423 384 2
423 651 7
424 481 2
425 161 5
425 746 511
425 776 2
426 644 2
427 580 20
428 32 8
428 194 2
428 620 3
428 880 2
430 8 2
430 68 2
430 203 19461
433 24 4
433 398 2
434 734 2
436 597 2
436 641 37
441 21 167
442 146 6
442 691 3
444 769 35
444 801 78
448 513 4
449 321 2
450 450 2
452 48 2
452 136 2
452 512 7
452 513 3
453 368 3
453 661 3
454 9 11
454 437 2
454 634 2
454 782 4
455 640 2
456 105 2
456 367 3
456 376 2
456 774 10
458 101 2
460 197 5
460 462 25
460 566 5
461 625 7
461 901 2
462 516 11
462 641 2
463 916 2
464 265 9
464 928 6
465 531 2
465 761 8
465 902 2
467 211 5
467 300 2
473 6 9
473 600 15
473 800 5
476 775 31
480 0 18
480 731 3
480 928 17
481 288 6
481 416 17
482 64 3
482 208 8
482 285 15
483 276 2
484 841 2
485 134 11
488 3 2
488 269 12
489 64 10
491 112 6
496 433 5
496 978 3
501 519 2
504 267 14
505 332 2
506 706 7
512 1 2
512 36 4
512 52 18
512 65 2
512 96 40
512 153 2
512 173 8
512 266 4
512 438 2
512 453 2
512 514 2
512 522 632
512 685 24
512 936 15
513 5 95
513 42 27
513 47 19
513 100 2
513 304 2
513 315 3
513 340 3521
513 548 9
513 640 6
513 644 2
514 4 7
514 11 2
514 36 2
514 401 11
514 452 2
514 522 3
514 572 2
515 93 3
515 157 3
515 273 2
515 598 1094
516 33 26
516 69 4
516 72 2
516 357 35
516 442 13
516 555 9
516 582 2
516 605 13
516 779 5
516 785 5
517 0 6
517 3 12
517 8 8
517 177 3188
517 281 2
517 525 88
517 534 3
517 672 15
517 676 2
517 768 2
518 41 2
518 66 5
518 517 7
519 944 5
519 967 17
520 9 4
520 94 2
520 164 2
520 328 4
520 436 2
520 812 2
520 896 3
521 81 4
521 131 7
521 229 2
521 450 25
521 546 82
521 560 2
522 1 7
522 234 5
522 549 2
522 652 2
523 650 12
524 173 5
525 134 2
525 820 15
526 776 22
527 36 11
527 713 9
528 10 3
528 33 13
528 36 28786581
528 97 10
528 144 14
528 156 43
528 171 2
528 512 2
528 580 14
528 582 10
528 611 4
528 720 2
528 801 5
529 16 140
529 260 22
529 423 2
529 520 1106
529 737 3
529 836 2
530 86 49
530 132 2
530 278 91
530 325 2
530 522 6
530 696 5
532 134 2
532 292 225
533 5 11
533 37 10
533 787 4
534 6 4
534 786 4
534 928 2
535 10 17477
536 244 33
536 412 4
536 687 2
536 902 2
537 99 42
537 138 3
537 478 5
538 84 2
538 820 7
540 256 3
541 344 2
544 6 2
544 24 6
544 151 4
544 160 14
544 401 461
544 416 2
544 429 2
544 536 4
544 542 4
544 551 6
544 597 4
544 718 1631
545 209 12
545 226 6
545 520 3
545 743 3
545 914 5
546 2 2
546 263 15
546 900 2
547 265 2
547 427 2
547 577 9
548 141 4
548 512 20
548 577 11
549 68 3
549 97 24
549 146 97
549 530 154
550 36 2
550 649 2
550 800 8
551 4 7
551 40 2
551 89 19
552 136 27
552 640 11
552 656 2
552 932 2
553 36 307
553 102 6
553 933 2
554 4 2
554 137 4
554 296 3
555 52 210
555 418 32
556 409 2
557 6 3
557 15 4
557 400 2
557 512 4
557 557 2
557 770 2
559 557 2
560 18 225
560 32 5
560 96 3
560 104 2
560 168 28
560 354 14
561 10 2
561 444 9
561 521 2
561 786 6
562 162 4
562 977 12
562 992 6
563 20 13
563 410 3
564 656 5
564 659 2
565 105 5
566 44 5
566 132 3
567 793 4
569 385 308
569 522 2
571 100 2
571 457 15
572 36 2
572 64 16
572 257 2
572 370 2
572 777 37
573 886 2
574 18 2
574 533 2
574 696 2
576 4 140
576 5 10
576 76 18
576 133 5
576 172 2
576 228 25
576 547 31
576 607 2
577 72 2
577 222 14
577 292 2
577 401 3
577 577 8
577 661 8
577 997 2
578 26 2
578 96 16
578 120 5
578 136 4
578 554 9
578 572 11
579 136 104
579 621 2
580 64 2
580 507 3
580 528 2
580 598 4
581 645 204
583 129 15
584 432 2
585 208 2
585 217 5
585 354 12
585 389 4
586 64 14
586 658 28
587 608 2
588 784 2
590 276 2
590 520 22
590 788 3
591 147 2
592 2 38
592 4 204
592 148 87
592 322 12
592 528 2
592 585 3
593 429 2
595 557 9
596 11 2
596 33 5
596 91 7
599 92 39
599 176 7
599 569 3
600 68 2
600 115 4
600 562 18
600 573 2
600 575 2
601 335 10
601 431 2
602 480 2
604 913 2
606 281 70
606 807 2
607 288 4
607 393 8
608 176 2
608 185 18
608 522 4
608 576 3
608 648 2
609 28 6
609 210 36
609 225 2
609 526 2
609 768 2
611 125 3
612 170 29
612 534 2
613 840 2
614 936 2
616 806 2
617 374 4
617 908 2
618 70 2
618 1004 3
619 140 3
619 231 2
621 293 7
623 1000 2
624 579 2
625 5 61
625 261 12
625 530 4
626 8 2
626 104 2
626 114 2
626 528 186
626 608 2
627 3 3
627 418 20
627 769 39
627 977 22
628 76 4
631 24 72
633 812 9
635 546 2
637 73 7
640 4 3
640 6 6
640 16 18
640 160 2
640 181 23
640 246 10
640 258 2
640 369 51
640 421 22
640 525 2
640 659 4
640 732 19
640 938 14
640 952 198
641 192 6
642 512 4
642 562 2
643 73 5
643 775 61
644 48 4
644 387 5
644 660 40
644 769 9
645 4 16
645 25 2
645 548 2
645 963 31
646 289 7
648 76 4
648 98 2
648 210 2
648 301 2
648 369 5
648 512 15
648 694 10
648 769 10
649 4 4
650 108 2
650 216 4
650 953 566
651 290 2
652 594 11
654 565 4
655 384 7
655 761 7015
656 3 5
656 278 29
656 370 8
658 10 2
658 226 2
658 640 101
660 36 2
660 52 37
661 244 2
661 608 179
662 374 5
664 16 11
664 781 3
665 3 2
665 260 195
666 66 2
667 587 25
668 163 2
668 464 4
668 749 2
670 515 5
672 1 2
672 514 8
672 608 7
672 717 2
673 656 8
674 259 751
674 401 8
674 672 26
675 257 6
675 470 2
676 52 2
677 121 2
677 641 15
678 237 397
679 556 10
680 20 2
680 39 2
680 105 7
680 450 9
680 540 3
681 6 82
681 33 7
682 14 7
683 278 28
684 1008 16
686 426 5
686 593 14
688 385 28
689 80 87
692 260 9
692 914 2
693 522 6
694 6 2
694 931 3
694 976 15
695 517 2
695 585 49
697 710 2
700 18 66
700 864 8
704 34 4
704 76 3
704 135 2
704 292 2
704 370 2
704 514 14
705 596 2
706 17 6
706 161 2
706 460 3
708 108 11
709 325 2
709 354 4
709 644 3
709 843 14
711 19 2
712 35 4
712 141 14
712 283 3
712 294 2
712 862 2
713 837 316
716 98 2
716 339 6
716 649 7
716 842 2
719 512 2
720 7 2
720 144 7
720 803 3
721 0 4
721 104 2
721 170 6
721 323 6
722 82 2
722 100 2
722 146 4
722 393 16
723 142 5
724 20 2
724 596 16
725 44 2
725 65 86
726 322 2
727 200 3
728 350 657
728 712 6
732 834 29
736 24 14
737 25 3
737 64 2
737 288 2
737 610 97
738 970 2
740 235 3
740 801 235
741 45 2
741 260 8
742 97 3
743 787 2
744 280 3
744 762 5
751 506 2
752 494 14
752 786 12
754 32 3
760 40 4
760 220 148
760 300 634
761 435 2
763 668 100
768 226 22
768 502 8
768 608 3
768 666 2
768 736 10
768 738 34
768 926 4
769 34 4
769 350 11
769 640 4
769 773 4
770 211 2
770 256 21
770 515 4
770 663 11
771 128 8
772 0 2
772 32 3
772 130 2
774 8 2
774 936 2
775 48 3
775 921 2172
776 101 3
776 155 13
776 586 2
776 697 2
777 6 2
777 84 2
777 200 3
777 318 14
777 539 7
777 554 2
777 608 2
777 641 2
778 330 3
778 389 2
780 14 18
780 193 18
780 552 2
780 707 7
781 222 2
781 496 2
782 226 8
782 405 2
784 1 2
784 514 10
784 549 2
784 604 4
784 634 2
784 841 3
785 45 2
785 257 2
786 521 5
786 576 2
786 914 11
787 199 2
788 332 3
792 274 6
792 594 2
793 52 3
793 498 9
793 628 2
795 422 34
798 776 3
800 45 4
800 97 38
800 824 2
801 34 6
801 312 13
801 592 1020
802 660 18
802 769 2
803 512 3
804 0 2
804 104 3
804 337 5
804 779 6
805 387 12
805 781 2
806 43 2
806 134 2
806 232 2
806 480 2
808 302 13
808 526 4
808 777 2
808 937 2
810 17 8
810 394 2
810 416 56
812 778 2
814 161 2
814 264 2
814 523 24
814 905 13
816 18 2
816 24 6
817 784 16
819 69 2
819 538 2
821 236 10
822 211 4
828 592 296
830 356 11
832 16 6
832 21 2
832 281 31
832 304 2
832 427 2
832 548 4
833 147 2
833 999 2
834 0 111
834 32 2
834 912 4
835 264 11
835 392 2
835 583 9
836 86 52
836 485 2
838 785 12
839 21 2
840 96 3
840 106 12
840 545 3
840 800 5
841 32 4
841 370 2
842 200 2
844 584 3
845 624 2
848 90 2
848 391 3
848 899 2
849 792 21
850 308 11
850 776 2
851 195 3
852 2 4
852 72 11
852 824 3
856 256 4
856 866 2
857 42 2
863 516 6
864 23 7
864 786 2
867 998 3
868 332 2
870 6 4
871 264 2
872 32 2
872 50 4
872 165 2
873 9 4
874 360 6736
875 164 3
882 778 5
884 802 2
894 392 17
896 330 2
896 868 4
897 39 86
897 115 12
897 1002 5
898 336 2
898 699 2
899 736 34
900 4 27
900 162 3
900 313 2
902 131 2
902 420 13
903 339 12
904 112 2
904 231 2
904 888 6
904 929 2
905 12 7
905 196 16
905 248 6
905 540 2
905 572 2
906 194 5
906 210 2
906 328 21
907 276 2
908 456 6
911 5 2
911 10 27
912 2 125
912 85 3
912 129 12
912 388 3
914 216 3
914 669 2
914 776 2
914 968 17
916 742 3
916 777 9
917 560 2
918 0 8
920 200 8
921 272 3
921 320 3
922 8 4
922 784 2
924 33 2
924 196 2
928 384 119
928 516 2
928 518 2
929 10 2
929 257 29
929 316 131
930 547 18
930 720 2
931 230 29
931 657 2
932 274 278
934 94 15
938 261 4
938 316 2
938 552 2
940 512 6
941 771 9
944 165 9
944 756 20
945 456 2
947 568 2
948 9 4
951 818 2
952 37 2
956 846 4
958 844 12
960 358 13
961 291 11
961 333 217
961 481 5
963 130 2
966 29 5104
966 192 2
966 197 2
966 555 2
968 51 6
968 352 4
968 360 5
969 769 2
971 566 7
975 205 30
976 321 18
976 779 6
977 22 2
977 34 2
984 324 2
984 483 24
985 268 47
986 772 11
987 962 3
988 366 2
996 836 2
998 127 7
998 179 2
1000 260 8
1003 684 7
1011 36 9
1013 316 80
1020 371 244
1020 385 2
1021 643 2
