0 4 2
0 9 4
0 17 2
0 18 2
0 29 2
0 47 2
0 112 2
0 150 2
0 215 23
0 256 18
0 259 2
0 274 2
0 321 2
0 352 16944
0 415 2
0 552 2
0 618 2
0 670 4
0 674 6
0 679 2
0 843 31
0 902 2
1 15 1088
1 30 24
1 37 13
1 82 17
1 135 8
1 292 9
1 357 23
1 481 2296
1 535 7
1 565 6
1 644 2
1 825 8
1 920 2
2 0 18
2 3 27
2 8 14
2 48 6
2 260 8
2 328 2
2 523 2
2 826 4
3 24 2
3 272 5
3 277 3
3 652 9
3 817 2
4 0 2
4 4 21
4 15 2
4 24 2
4 50 5
4 60 2
4 64 2
4 248 5
4 293 6
4 368 2
4 576 2
4 683 2
4 774 988
4 808 5
5 216 2
5 584 11
5 887 8
6 3 9677
6 148 2
6 259 6
6 267 22
6 268 11
6 512 27
6 798 2
6 1002 36
7 81 3408
7 110 9
7 715 4
8 1 2
8 2 22
8 19 2
8 32 3
8 42 2
8 58 11
8 202 20
8 272 17
8 273 5
8 386 12
8 393 13
8 486 2
8 552 2
8 642 10
8 735 34
8 850 13
8 902 4
9 39 5
9 43 15
9 274 185
9 416 24
9 526 4
9 572 2
9 823 10
10 13 25
10 40 28
10 75 3
10 84 5
10 160 2
10 176 4
10 518 3
10 523 4
10 584 2
10 599 9
10 680 27
11 204 5
11 586 8
11 752 13
12 0 3
12 24 4
12 65 2
12 116 2
12 128 2
12 269 6
12 366 2
12 634 2
13 66 2
13 192 2
13 224 2
13 320 3
13 780 4
14 127 2
14 210 13
14 376 2
14 584 2
14 616 3
15 352 4
15 485 326
15 854 2
16 9 6
16 24 13
16 64 2
16 96 2
16 148 7
16 198 2
16 516 72
16 643 3
16 806 3
17 48 14
17 258 2
18 215 2
18 290 543
18 645 40
19 7 7
19 24 2
19 657 2
19 709 2
20 1 3
20 28 8
20 36 10
20 69 63
20 176 5
20 786 2
21 258 13
22 24 2
22 68 2
22 97 2
22 107 4
22 281 14
22 320 2
22 331 7
22 565 4
23 328 2
23 770 2
23 886 2
24 9 5
24 533 2
24 781 11
24 786 4
24 944 2
25 523 4
25 592 2
26 109 2
26 801 4
27 210 2
27 547 2
28 72 2
28 192 11
28 203 8
28 624 4
28 647 12
29 1 4
29 5 4
29 327 4
29 532 8
29 809 75
30 21 13
30 52 308
30 129 2
30 588 2
32 16 25
32 33 3
32 42 9960
32 72 5
32 196 2
32 204 2
32 211 19
32 219 6412
32 388 4
32 414 13
32 514 2
32 612 148
32 641 2
32 721 6
32 803 6
32 848 2
32 960 2
33 2 15
33 3 2
33 26 2
33 31 2
33 64 2
33 276 2
33 320 2
33 785 24
33 898 4
33 945 6
34 144 2
34 292 2
34 324 20
34 561 2
34 663 6
34 720 4
35 65 2
35 551 10
35 689 18
36 12 2
36 34 4
36 48 15
36 257 2
36 266 2
36 288 7
36 320 2
36 448 49
36 555 20
36 705 79
36 858 2
37 2 2
37 13 131
37 364 2
37 594 24
38 180 5
38 204 4
38 544 6
39 3 173
39 48 4
39 520 2
39 982 15
40 20 19
40 39 12
40 65 2
40 256 2
40 512 3
40 528 14
40 605 4
40 645 2
40 756 9
40 761 2
40 840 9
40 980 249
41 96 7
41 263 6
41 321 8
41 513 4
41 987 2
42 42 3
42 140 2
42 329 3
42 411 22943
42 839 4
43 1 3
43 546 519
44 12 4
44 47 3
44 430 9
44 524 2
45 23 3
45 50 211
45 266 159
45 615 2
45 808 2
45 844 2
46 57 25
47 80 2
48 67 3
48 168 3
48 176 18
48 193 11
48 198 2
48 226 2
48 646 2
48 708 10
48 789 2
48 843 6
49 4 2
49 17 44
49 313 3
49 516 5
50 9 7
50 113 3
51 377 22
51 516 64
52 46 4
52 188 4
52 256 7869
52 285 35
52 390 2
52 899 2
53 146 10
54 112 2
54 718 16
55 278 22
56 89 5
56 267 5
56 472 2
56 544 2
56 560 28
57 128 2
57 448 2
58 113 2
58 470 15
59 58 2
59 292 8
59 453 16
59 583 2
60 3 11
60 112 3
60 948 52
61 644 3
61 648 4
62 612 3
64 1 7
64 26 14
64 41 4
64 192 2
64 194 4
64 197 2
64 203 5
64 272 46
64 370 2
64 465 10
64 481 24
64 514 2
64 686 3
64 756 9
64 780 2
64 790 3
65 25 10
65 61 2
65 96 4
65 118 2
65 218 5
65 241 8
65 265 2
65 274 69
65 421 2
65 515 4
65 571 2
65 614 2
66 140 22
66 545 8
67 2 2
67 20 2
67 37 2
67 73 3
67 453 2
67 482 11
67 840 2
68 153 2
68 192 2
68 284 6
68 322 2
68 576 2
69 138 2
69 529 5
69 572 2
69 768 16
70 109 3
70 212 18
70 431 2
70 608 2
70 646 161
70 672 2
71 1 13
71 264 2837
71 409 2
71 700 2
72 8 2
72 37 2
72 65 8
72 280 28
72 437 9
72 533 2
72 961 2
73 640 2
73 999 3
74 512 5
74 548 2
74 600 2
74 768 2
74 1012 3
75 259 22
75 576 2
76 76 28
76 133 2
76 262 41
76 855 15
77 256 2
77 267 2
77 450 18
77 456 4
78 288 2
78 517 1008
78 784 9
78 919 3
79 165 12
80 0 5
80 51 7
80 82 10
80 132 2
80 211 6
80 528 14
80 677 13
80 920 14
81 807 3
81 852 12
82 280 2
82 283 2
83 115 4
83 124 17
83 304 839
83 617 2
83 784 20
84 64 3
84 74 60
84 490 4
85 31 4
86 234 12
86 524 2
87 353 7
87 462 2
87 512 13
87 515 2
88 330 2
88 782 14
89 2 134
90 20 4
90 274 4
90 843 4
90 977 4
90 988 264
91 154 28
91 652 2
91 951 4
92 38 264
92 91 6
93 49 3
93 134 60
94 869 2
95 20 2
95 34 5
96 32 25
96 80 10
96 148 11
96 220 13
96 276 2
96 304 2
96 321 39
96 356 4
96 547 2
97 18 4
97 48 2
97 130 12
97 144 5
97 167 2
97 195 30
97 286 13
97 473 2
97 525 2
98 14 3
98 352 2
98 401 80
98 671 2
98 928 16
99 117 85
99 134 132
99 249 2
100 128 2
100 294 6
100 901 4
101 70 2
101 124 21
101 161 2
101 169 1121
102 6 2
102 78 2
102 166 6
102 264 2
103 704 5
104 26 16
104 28 2
104 48 3
104 64 5
104 132 2
104 313 2
104 512 2
105 3 2
105 296 3
106 516 4197
107 129 3
108 133 3
108 514 5
108 825 2
111 12 3
112 0 2
112 1 2
112 3 3
112 28 2
112 84 2
112 107 3
112 165 2336
112 776 2
114 68 11347
114 416 37
114 452 21
114 497 2
114 872 2
116 33 24
117 803 2
118 565 4
119 446 3
119 836 38
120 0 2
120 76 2
121 536 133
122 24 19
122 80 14814
122 185 2
122 294 15
123 600 3
124 304 4
124 348 10
125 268 3
128 1 40
128 10 2
128 58 17
128 134 4
128 200 5
128 208 21
128 362 3
128 375 2
128 376 3
128 453 2
128 770 3
128 806 10
129 0 11
129 10 55
129 37 2
129 39 2
129 163 2
129 584 2
129 707 5
130 78 16
130 272 2
130 273 7
130 368 1149
130 520 39
130 528 4
130 532 2
130 540 2
130 675 11
130 772 8
130 980 3
131 581 11
132 6 5
132 17 2
132 94 7
132 137 4
132 372 118
132 516 2
132 713 2
132 916 25
133 23 31
133 138 2
133 614 7
134 67 2
134 84 2
134 208 45
134 224 2
134 377 4
134 390 3
134 768 35
135 258 8538
135 544 2
136 21 2
136 39 8
136 81 2
136 160 2
136 482 2
136 610 12
136 657 3
136 684 2
136 831 2
137 148 900
137 256 2
137 259 2
137 325 2
137 678 2
137 778 6
138 266 444
138 415 3
138 590 11
138 902 17
139 426 36
139 865 61
140 72 2
140 135 16
140 143 2
140 168 2
140 464 2
140 724 2
140 776 4
141 2 9
141 521 2
142 641 4
143 116 2
143 144 2
143 187 18
143 286 2
143 642 2
144 18 5
144 68 39
144 248 4
144 257 2
144 433 2
144 520 2
144 800 893665
145 1 2
145 2 2
145 94 5
145 184 2
145 216 7
145 392 7
145 513 5
145 576 6
146 69 4
146 146 5
146 396 2
146 910 8917
147 513 4
147 522 14
148 1 6
148 24 5
148 130 74
148 139 4
148 146 3
148 278 3
148 464 2
148 515 3
148 912 3
149 20 9
149 633 473
149 649 2
150 141 3
150 160 2
150 656 8
151 102 4
151 132 17
151 207 8
151 250 5
153 26 2
153 151 583
153 171 19
153 592 2
153 598 2
153 833 26
153 961 2
156 54 7
156 133 3
156 521 3
156 814 5
157 404 2
159 526 2
160 34 2
160 81 2
160 644 3
160 801 25
161 326 9
161 376 6
161 717 3
161 898 4
162 160 34
162 290 2
162 306 10
163 227 12
163 361 14
163 601 38
164 87 2
164 217 6
164 264 15
164 280 2
164 329 2
164 636 12
164 646 2
165 141 2
167 104 12
167 289 2
167 384 3
167 456 3
167 712 2
168 8 4
168 52 6
168 67 8
168 68 30
168 98 3
168 480 5
169 25 6
169 72 6
169 351 4
169 514 2
171 144 29
171 810 3
172 569 2
172 664 5
173 261 13
174 493 47
174 582 3
175 863 19
176 32 22
176 137 291
176 270 2
176 273 3
176 824 8
176 864 5
176 932 2
177 128 14
177 280 6
177 744 2
178 100 60
178 144 8
178 580 2
178 797 30
179 429 57
180 600 8
180 973 14
181 97 2
181 331 3
181 964 12
182 672 9
182 728 2
184 141 8
184 161 262
184 664 2
185 5 2
185 42 11
185 391 2
186 272 4
186 582 316
188 4 7
188 199 2
192 43 6
192 52 3
192 177 2
192 392 16
192 524 2
192 536 104
192 713 2
192 898 50
192 904 2
192 999 2
193 8 3
193 120 2
193 162 3
193 375 16
193 718 4
193 775 28
194 321 13
194 592 2
194 677 4
196 81 4
196 286 2
196 377 11
197 61 20
197 100 2
197 297 2
197 592 25
197 611 13
197 769 2
198 196 2
198 812 3
200 445 2
200 577 27
202 11 3
203 654 14
204 6 28
204 520 19
205 457 2
206 80 3
206 530 2
208 12 2
208 14 2
208 88 2
208 534 8
209 55 6
209 513 7
209 564 6
210 882 38
212 34 80
212 69 8
212 112 2
212 262 2
212 285 7
212 673 2
216 66 3
216 792 58
217 923 2
218 86 9
219 389 1412
220 176 375
222 532 8
225 257 3
225 316 10
225 948 2
226 157 2
227 336 2
227 592 23
227 838 2
228 294 6
230 9 2
231 261 2
231 290 2
232 5 12
232 65 10
232 80 2
232 130 2
232 480 2
233 212 10
233 973 2
234 917 5
235 281 3
235 645 2
237 91 7
238 620 2
239 370 68
239 560 5
240 799 11
240 914 9
241 206 4
241 245 5
244 33 30
244 356 2
244 932 2
245 705 2
246 64 5
248 557 21
248 902 29
250 46 2
253 636 4
256 4 19
256 5 4
256 68 14
256 69 7
256 97 6
256 212 3
256 243 2
256 416 2
256 512 2
256 522 207
256 616 2
256 705 2
256 764 2
256 772 2
256 804 2
256 963 142
256 992 226822
257 0 11
257 268 498
257 272 27
257 544 526
257 680 12
257 806 2
257 912 2
257 920 2
258 34 97
258 36 7
258 265 7
258 673 22
258 810 7
259 7 12
259 100 2
259 165 3
259 226 2
259 532 2
260 131 17
260 256 314
260 295 3
260 545 6
260 678 2
260 978 584
261 8 29
261 67 9
261 72 5
261 356 33
261 672 3
261 995 2
262 32 60
262 134 2
262 193 20
262 256 12
262 906 2
262 1013 28
264 1 2
264 296 25
264 320 23
264 568 22
265 264 5
265 632 4
266 56 198
266 242 24
266 272 18
266 326 10
266 336 2
266 504 86
267 523 2
268 12 9
268 34 2
268 177 2
268 512 3
268 524 2
268 577 2
269 444 16
269 640 2
270 73 20
270 532 2
270 642 2
272 41 2
272 162 9
272 208 6
272 234 2
272 259 2
272 280 3
272 378 2
272 520 63
272 554 2
272 684 3
273 47 19
273 581 18
273 693 4
273 809 2
273 903 16
274 98 17
274 334 5
275 4 11
275 16 2
275 116 10
275 133 2
275 401 2
275 485 2
276 392 2
276 538 19
276 628 12
276 661 13
277 8 3
277 27 2
277 128 2
277 385 2
278 258 37
279 18 19
279 901 2
280 36 17
280 82 2
280 674 12
281 101 2
282 136 4
282 576 2
282 717 15
282 787 22
283 514 2
284 835 4
285 104 4
286 624 8
286 832 2
287 448 2
288 47 17
288 132 6
288 224 2
288 292 44
288 341 109
289 60 4
289 156 113
289 345 4
289 468 9
289 472 2
289 648 4
289 753 5
290 0 2
290 258 9
291 32 7
291 768 2
291 967 116
292 7 2
292 19 2
292 134 17
292 162 2
292 593 2
293 256 2
293 960 2
294 27 5
294 742 3
296 57 5
296 84 18
296 131 19
296 231 2
296 260 2
296 336 3
296 409 36
296 516 7
297 167 6
297 325 2
297 389 206
297 544 2
298 800 3
299 78 4
300 29 2
300 140 137
301 274 21
301 777 2
303 292 2
304 6 5
304 8 8
304 42 8
304 63 3
304 106 2
304 212 126
304 258 2
304 292 7
305 11 101
305 34 2
305 163 2
305 576 2
306 36 2
306 550 5
306 918 4
307 514 7
308 583 26
308 692 2
308 832 2
308 848 4
309 77 8
309 774 2
310 44 581
310 936 16
312 514 2
314 109 2
314 156 37
314 376 2
314 518 12
315 739 2
316 452 4
318 532 4
318 914 3
320 29 2
320 315 3
320 407 2
320 428 43
320 641 2
321 4 2
321 262 18
321 768 2
321 834 2
321 1008 4
322 0 2
322 80 2
322 272 11934
322 416 2
322 899 3
322 902 11
323 360 2
323 515 4
324 106 3
324 167 4
324 179 11
324 200 624403
324 513 2
324 530 3
325 6 10
325 74 2
325 145 2
325 192 3
326 16 2
326 32 5
326 116 4
326 280 2
327 675 8
327 698 10
328 45 2
328 853 405
329 35 10
329 258 21
330 8 2
330 204 2
332 456 2765
334 265 2
335 83 5
335 391 5
336 18 3
336 100 6
336 576 3
336 632 2
337 352 10
337 768 2
337 833 6
338 33 2
338 160 2
338 169 17
339 42 16
340 0 3
340 106 2
341 576 2
342 15 2
342 168 2
342 536 5
343 475 292
344 676 44
345 32 5
345 992 4
346 11 38
346 89 2
347 11 59
347 149 7
347 296 8
348 128 4
349 12 29
352 419 4
352 514 8
352 680 4
352 794 5
352 860 2
353 138 3906
353 389 243
353 684 22
354 25 3
354 30 12
354 288 4
354 836 37
354 969 2
355 134 2
355 634 3
356 800 35
358 3 4
358 197 4
360 732 4
361 266 7
361 316 26
362 34 2
363 162 2
363 424 183
364 740 14
366 657 3
368 49 27
368 738 3
368 925 9
371 112 6
371 705 4
372 352 2
375 77 6
376 193 13
379 333 6
380 339 949453
381 531 98
382 562 4
384 5 2
384 156 118
384 168 4
384 332 3
384 423 2
384 457 4
384 481 2
384 531 322661
384 571 12
384 597 6
384 692 6
384 841 417
384 962 2
385 2 2
385 75 19
385 213 6
385 214 2
385 563 4
386 73 3
386 158 2
386 160 2
386 206 2
386 275 2
386 846 6
386 912 3
387 147 2
387 297 338
387 545 3
387 1016 21
388 332 2
389 596 350
390 566 2
391 8 24
391 800 2
392 38 30
392 336 2
392 553 6
393 461 5
394 80 3
394 211 2
394 590 10
395 4 2
395 647 2
396 6 2
396 454 24
396 536 22
396 546 4
396 915 2
396 960 4
397 132 10
397 305 2
397 518 16
398 943 17
399 9 3
400 10 2
400 21 96
400 144 18
400 712 2
401 16 2
401 58 591
401 284 2
401 673 2
401 932 666
402 68 5
402 80 21
402 769 2
403 98 2
405 160 2
406 677 3
406 928 3
407 591 2
408 66 139
408 405 2
408 576 14
409 66 5
409 105 2
409 417 15
409 888 48
410 520 2
411 20 5
412 6 4
413 640 8
414 932 2
416 279 13
416 292 133
416 531 6
416 832 2
417 577 5
418 16 29
419 7 2
419 62 3
419 844 2
420 32 19
420 288 53233
420 424 25
420 538 24
420 545 2
421 400 2
422 736 2
423 384 2
423 651 4
424 481 95
425 161 28
425 746 2
425 776 4
426 644 2
427 580 2
428 32 4
428 194 2
428 620 3
428 880 3
430 8 2
430 68 2
430 203 3
433 24 2
433 398 2
434 734 2
436 597 2
436 641 2
441 21 2
442 146 30
442 691 4
444 769 2
444 801 2
448 513 33
449 321 20
450 450 2
452 48 28
452 136 2
452 512 2
452 513 5
453 368 6
453 661 2
454 9 6
454 437 2
454 634 18
454 782 19
455 640 2
456 105 2
456 367 6
456 376 2
456 774 5
458 101 3
460 197 2
460 462 10
460 566 27
461 625 9
461 901 27
462 516 2
462 641 2
463 916 2
464 265 8
464 928 18
465 531 2
465 761 11
465 902 2
467 211 237
467 300 2
473 6 2
473 600 6
473 800 3
476 775 2
480 0 13
480 731 8
480 928 2
481 288 11
481 416 2
482 64 4
482 208 5
482 285 3
483 276 2
484 841 2
485 134 2
488 3 4
488 269 30
489 64 15
491 112 4
496 433 2
496 978 4154
501 519 2
504 267 2
505 332 2
506 706 2
512 1 85
512 36 4
512 52 18
512 65 114
512 96 5
512 153 2
512 173 7
512 266 7
512 438 197
512 453 8
512 514 2
512 522 4
512 685 6
512 936 3
513 5 704
513 42 15
513 47 4
513 100 3
513 304 841
513 315 6
513 340 6
513 548 3
513 640 2
513 644 382386
514 4 5
514 11 2
514 36 2
514 401 3
514 452 2
514 522 21
514 572 2
515 93 2
515 157 23
515 273 2
515 598 32
516 33 2
516 69 16
516 72 218
516 357 2
516 442 26
516 555 10
516 582 139
516 605 22
516 779 2
516 785 2
517 0 2
517 3 7
517 8 2
517 177 2
517 281 2
517 525 2
517 534 2
517 672 14
517 676 2
517 768 62
518 41 14
518 66 7
518 517 9
519 944 14
519 967 6
520 9 25
520 94 4
520 164 2
520 328 101
520 436 2
520 812 82
520 896 8
521 81 9
521 131 2
521 229 5
521 450 10628
521 546 4
521 560 3
522 1 2
522 234 16
522 549 31
522 652 2
523 650 2
524 173 4
525 134 22
525 820 8
526 776 3
527 36 4
527 713 15
528 10 5
528 33 4
528 36 159
528 97 11
528 144 2
528 156 9
528 171 2
528 512 2
528 580 8
528 582 8
528 611 209
528 720 2
528 801 45
529 16 371
529 260 164
529 423 2
529 520 5
529 737 4
529 836 6
530 86 17
530 132 2
530 278 61
530 325 2
530 522 3
530 696 2
532 134 7
532 292 15
533 5 7
533 37 10
533 787 4
534 6 12
534 786 3
534 928 23
535 10 11
536 244 17
536 412 7
536 687 2
536 902 2
537 99 12
537 138 10
537 478 2
538 84 2
538 820 7
540 256 2
541 344 4
544 6 2
544 24 10
544 151 13
544 160 4
544 401 22
544 416 2
544 429 11
544 536 3
544 542 21
544 551 15
544 597 5
544 718 6
545 209 2
545 226 4
545 520 9
545 743 7
545 914 57
546 2 23
546 263 16
546 900 2
547 265 2
547 427 2
547 577 5
548 141 7
548 512 30
548 577 2
549 68 2
549 97 7
549 146 2
549 530 2
550 36 2
550 649 12
550 800 2
551 4 4
551 40 25
551 89 6
552 136 2
552 640 2
552 656 3
552 932 2
553 36 2
553 102 2
553 933 2
554 4 56
554 137 3
554 296 2
555 52 2
555 418 28
556 409 2
557 6 3
557 15 2
557 400 6
557 512 3
557 557 2
557 770 3
559 557 8
560 18 11
560 32 18
560 96 2
560 104 2
560 168 19
560 354 4
561 10 3
561 444 2
561 521 19
561 786 22
562 162 9
562 977 66
562 992 1002
563 20 73
563 410 5
564 656 2
564 659 2
565 105 2
566 44 6
566 132 2
567 793 3
569 385 2
569 522 4
571 100 2
571 457 5
572 36 2
572 64 2
572 257 2
572 370 44
572 777 17
573 886 2
574 18 21
574 533 3
574 696 2
576 4 264
576 5 40
576 76 8
576 133 2
576 172 4
576 228 2
576 547 9
576 607 9
577 72 67
577 222 4
577 292 9
577 401 7
577 577 7
577 661 4
577 997 4
578 26 316
578 96 4
578 120 26
578 136 154
578 554 2
578 572 5
579 136 15
579 621 2
580 64 3
580 507 8
580 528 2
580 598 8
581 645 2
583 129 20
584 432 2
585 208 3
585 217 2
585 354 2
585 389 2
586 64 6
586 658 2
587 608 7
588 784 11
590 276 2
590 520 18
590 788 2
591 147 7
592 2 45
592 4 32
592 148 2
592 322 2
592 528 2
592 585 21
593 429 2
595 557 3
596 11 32
596 33 2
596 91 6
599 92 3
599 176 2
599 569 6
600 68 7
600 115 4
600 562 2
600 573 5
600 575 2
601 335 15
601 431 4
602 480 51
604 913 2
606 281 2
606 807 2
607 288 2
607 393 744
608 176 2
608 185 2
608 522 4
608 576 4
608 648 4
609 28 2
609 210 3
609 225 8
609 526 2
609 768 2
611 125 7
612 170 2
612 534 2
613 840 25
614 936 2
616 806 168
617 374 3
617 908 12
618 70 461
618 1004 2
619 140 13
619 231 90
621 293 5
623 1000 12
624 579 1918
625 5 2
625 261 5
625 530 4
626 8 2
626 104 2
626 114 2
626 528 2
626 608 9
627 3 3
627 418 11
627 769 2
627 977 14
628 76 3
631 24 2
633 812 6
635 546 2
637 73 18
640 4 13
640 6 3
640 16 2
640 160 4
640 181 5
640 246 5
640 258 42
640 369 2
640 421 2
640 525 119
640 659 7
640 732 7
640 938 5
640 952 35
641 192 2
642 512 3
642 562 3348
643 73 20
643 775 2
644 48 4
644 387 8
644 660 2
644 769 23
645 4 2
645 25 2
645 548 2
645 963 6
646 289 32
648 76 2
648 98 15
648 210 2
648 301 12
648 369 7
648 512 11
648 694 3
648 769 3
649 4 14
650 108 4
650 216 3
650 953 2
651 290 2
652 594 2
654 565 2
655 384 5
655 761 4
656 3 2
656 278 9
656 370 6
658 10 64
658 226 2
658 640 57
660 36 6
660 52 5
661 244 3
661 608 3
662 374 65
664 16 22
664 781 14
665 3 12
665 260 2
666 66 223
667 587 23
668 163 2
668 464 2
668 749 33071
670 515 2
672 1 42
672 514 9
672 608 4
672 717 39
673 656 9
674 259 2
674 401 26
674 672 5
675 257 224
675 470 5080006
676 52 7
677 121 16
677 641 11
678 237 37
679 556 15
680 20 5
680 39 5
680 105 2
680 450 8
680 540 2
681 6 2
681 33 5
682 14 19
683 278 5
684 1008 12
686 426 100
686 593 59
688 385 24
689 80 135
692 260 5
692 914 6
693 522 2
694 6 3
694 931 2
694 976 2
695 517 4
695 585 23
697 710 11
700 18 24
700 864 2
704 34 4
704 76 2
704 135 21
704 292 15
704 370 67
704 514 22
705 596 5
706 17 12
706 161 2
706 460 4
708 108 11
709 325 22
709 354 14
709 644 6
709 843 7
711 19 3
712 35 40
712 141 15
712 283 2
712 294 2
712 862 2
713 837 2
716 98 18
716 339 37
716 649 2
716 842 2
719 512 2
720 7 2
720 144 151
720 803 8
721 0 4
721 104 35
721 170 20
721 323 818
722 82 2
722 100 4
722 146 2
722 393 27
723 142 3
724 20 2
724 596 2
725 44 8
725 65 2
726 322 7
727 200 3
728 350 2
728 712 2
732 834 2
736 24 6
737 25 2
737 64 9
737 288 2
737 610 2
738 970 13
740 235 8
740 801 24
741 45 5
741 260 2
742 97 2
743 787 5
744 280 2
744 762 6
751 506 2
752 494 8
752 786 2
754 32 4
760 40 9
760 220 4360
760 300 19
761 435 14
763 668 17
768 226 7
768 502 16
768 608 5
768 666 2
768 736 10
768 738 31
768 926 13
769 34 2
769 350 4
769 640 12
769 773 4
770 211 109167
770 256 2
770 515 19
770 663 12
771 128 2
772 0 2
772 32 4
772 130 2
774 8 22
774 936 13
775 48 3
775 921 13588
776 101 11
776 155 15
776 586 2
776 697 2
777 6 2
777 84 214
777 200 4
777 318 7
777 539 18
777 554 2
777 608 7
777 641 2
778 330 10
778 389 2
780 14 2
780 193 3
780 552 8
780 707 6
781 222 314
781 496 3
782 226 7
782 405 3
784 1 43
784 514 12
784 549 13950
784 604 97
784 634 868
784 841 2
785 45 238
785 257 2
786 521 2
786 576 2
786 914 2
787 199 2
788 332 2
792 274 2
792 594 2
793 52 2
793 498 11
793 628 247
795 422 10
798 776 6
800 45 6
800 97 8
800 824 180
801 34 2
801 312 2
801 592 3
802 660 20
802 769 13
803 512 2
804 0 2
804 104 4
804 337 3
804 779 30
805 387 3
805 781 14
806 43 81
806 134 2
806 232 2
806 480 2
808 302 3
808 526 4
808 777 2
808 937 2
810 17 5
810 394 7
810 416 2
812 778 21
814 161 2
814 264 232
814 523 340
814 905 2
816 18 105
816 24 7
817 784 2
819 69 2
819 538 3
821 236 14
822 211 5
828 592 2
830 356 14
832 16 2
832 21 75
832 281 3
832 304 2
832 427 2
832 548 7
833 147 10
833 999 142
834 0 2
834 32 5
834 912 4
835 264 3
835 392 697
835 583 4
836 86 7
836 485 2
838 785 305
839 21 2
840 96 14
840 106 2
840 545 3
840 800 12
841 32 2
841 370 286
842 200 2
844 584 3
845 624 27
848 90 2
848 391 17
848 899 234
849 792 6
850 308 3
850 776 3
851 195 653
852 2 2
852 72 10
852 824 10
856 256 16
856 866 100
857 42 8
863 516 9
864 23 4
864 786 2
867 998 2
868 332 2
870 6 2
871 264 2
872 32 20
872 50 2
872 165 18
873 9 31
874 360 2
875 164 2
882 778 8
884 802 2
894 392 5
896 330 2
896 868 25
897 39 15
897 115 9
897 1002 2
898 336 19
898 699 2
899 736 2
900 4 3
900 162 4
900 313 120
902 131 1509
902 420 7
903 339 2
904 112 3
904 231 2
904 888 20
904 929 2
905 12 4
905 196 4
905 248 2
905 540 4
905 572 5
906 194 2
906 210 2
906 328 2
907 276 2
908 456 11
911 5 2
911 10 7
912 2 480
912 85 3
912 129 15
912 388 484
914 216 4
914 669 3
914 776 2
914 968 14
916 742 2
916 777 3
917 560 2
918 0 2
920 200 22
921 272 3
921 320 115
922 8 2
922 784 2
924 33 3
924 196 4
928 384 2
928 516 2
928 518 2
929 10 2
929 257 6
929 316 7
930 547 2
930 720 2
931 230 3
931 657 7
932 274 2
934 94 3
938 261 2
938 316 20
938 552 2710
940 512 5
941 771 2
944 165 39
944 756 2
945 456 71
947 568 2
948 9 3
951 818 2
952 37 2
956 846 3
958 844 3
960 358 9
961 291 2
961 333 3
961 481 6
963 130 8
966 29 23
966 192 3
966 197 2
966 555 2
968 51 11
968 352 4
968 360 3
969 769 2
971 566 2
975 205 2
976 321 30
976 779 31
977 22 2
977 34 2
984 324 2
984 483 5
985 268 25
986 772 2
987 962 8
988 366 2
996 836 2
998 127 13
998 179 6
1000 260 13
1003 684 24
1011 36 2
1013 316 307
1020 371 7
1020 385 22
1021 643 2
