0 4 507
0 9 11
0 17 9
0 18 17
0 29 347
0 47 2
0 112 5
0 150 2
0 215 8
0 256 7
0 259 2
0 274 2
0 321 8
0 352 2
0 415 8
0 552 4996
0 618 2
0 670 2
0 674 2
0 679 370
0 843 2
0 902 2
1 15 56
1 30 18
1 37 19
1 82 6
1 135 5
1 292 2
1 357 10
1 481 7420
1 535 3
1 565 22
1 644 5
1 825 8
1 920 2
2 0 2
2 3 7
2 8 3
2 48 2
2 260 2
2 328 8
2 523 273
2 826 6
3 24 2
3 272 5
3 277 3
3 652 14
3 817 10
4 0 95
4 4 3
4 15 2
4 24 4
4 50 3
4 60 2
4 64 11
4 248 3
4 293 2
4 368 10
4 576 3
4 683 2
4 774 2
4 808 11
5 216 225
5 584 6
5 887 2
6 3 2
6 148 44
6 259 3
6 267 10
6 268 2
6 512 9
6 798 2
6 1002 7
7 81 2
7 110 31
7 715 32
8 1 2
8 2 8
8 19 2
8 32 3
8 42 2
8 58 12
8 202 27
8 272 6
8 273 3
8 386 3
8 393 13
8 486 2
8 552 26
8 642 2
8 735 12
8 850 10
8 902 2
9 39 2
9 43 16
9 274 31
9 416 2
9 526 2
9 572 14
9 823 6
10 13 2
10 40 9
10 75 49
10 84 2
10 160 35
10 176 11
10 518 29390
10 523 4
10 584 11
10 599 9
10 680 46
11 204 9
11 586 2
11 752 7
12 0 129
12 24 15
12 65 178
12 116 2
12 128 2
12 269 2
12 366 2
12 634 5
13 66 2
13 192 5
13 224 8972
13 320 9
13 780 2
14 127 623
14 210 18
14 376 2
14 584 27
14 616 2
15 352 6
15 485 2
15 854 2
16 9 6
16 24 3
16 64 11
16 96 13
16 148 3
16 198 8
16 516 3
16 643 5
16 806 3
17 48 89
17 258 7
18 215 5
18 290 2
18 645 3
19 7 2
19 24 2
19 657 27
19 709 9
20 1 5
20 28 2
20 36 9
20 69 3
20 176 2
20 786 4
21 258 3
22 24 539
22 68 7
22 97 2
22 107 5
22 281 7
22 320 9
22 331 4
22 565 2
23 328 3
23 770 4
23 886 2
24 9 3
24 533 237495
24 781 7
24 786 3
24 944 2
25 523 31671
25 592 2
26 109 2
26 801 2
27 210 2
27 547 4
28 72 35
28 192 7
28 203 6
28 624 2
28 647 4
29 1 4
29 5 8
29 327 3
29 532 2
29 809 5
30 21 3
30 52 438
30 129 2
30 588 2
32 16 5
32 33 2
32 42 482
32 72 2
32 196 629
32 204 19
32 211 17
32 219 2
32 388 2
32 414 6
32 514 2
32 612 6
32 641 4
32 721 9
32 803 2
32 848 2
32 960 5
33 2 14
33 3 14
33 26 30
33 31 2
33 64 4
33 276 2
33 320 2
33 785 47
33 898 2
33 945 4
34 144 8
34 292 2
34 324 3
34 561 5
34 663 2
34 720 49
35 65 20
35 551 4
35 689 47
36 12 2
36 34 2
36 48 5
36 257 41
36 266 746
36 288 52
36 320 2
36 448 4
36 555 4
36 705 2
36 858 14
37 2 11
37 13 3
37 364 10
37 594 5
38 180 14
38 204 4
38 544 124
39 3 81
39 48 7
39 520 2
39 982 4
40 20 10
40 39 4
40 65 2
40 256 2
40 512 2
40 528 31
40 605 2
40 645 10
40 756 7
40 761 2
40 840 2
40 980 65
41 96 2
41 263 7
41 321 7
41 513 2
41 987 4
42 42 3
42 140 2
42 329 8
42 411 25
42 839 10
43 1 2
43 546 3
44 12 19
44 47 5
44 430 2
44 524 3
45 23 12
45 50 3
45 266 2
45 615 2
45 808 3
45 844 2
46 57 3
47 80 2
48 67 3
48 168 2
48 176 7
48 193 2
48 198 2
48 226 6
48 646 2
48 708 10
48 789 46
48 843 2
49 4 2
49 17 6
49 313 1273837
49 516 2
50 9 9
50 113 2
51 377 4
51 516 2
52 46 3
52 188 13
52 256 2
52 285 3
52 390 2
52 899 2
53 146 4
54 112 15
54 718 82
55 278 4
56 89 2
56 267 2
56 472 4
56 544 2
56 560 2
57 128 3
57 448 2
58 113 2
58 470 6
59 58 2
59 292 24
59 453 25
59 583 12
60 3 2
60 112 12
60 948 17
61 644 4
61 648 2
62 612 4
64 1 2
64 26 16
64 41 4
64 192 2
64 194 2
64 197 2
64 203 13
64 272 38
64 370 2
64 465 19
64 481 15
64 514 2
64 686 2
64 756 2
64 780 17
64 790 2
65 25 3
65 61 11
65 96 2
65 118 2
65 218 2
65 241 18
65 265 3
65 274 2
65 421 16
65 515 4
65 571 179
65 614 2
66 140 13
66 545 2
67 2 34
67 20 2
67 37 2
67 73 2
67 453 2
67 482 2
67 840 114
68 153 3
68 192 3
68 284 4
68 322 2
68 576 2
69 138 2
69 529 2
69 572 2
69 768 3
70 109 9
70 212 11
70 431 3
70 608 2
70 646 359
70 672 2
71 1 4
71 264 2
71 409 2
71 700 2
72 8 3
72 37 3
72 65 252
72 280 22
72 437 140
72 533 19
72 961 7
73 640 99
73 999 22
74 512 39
74 548 2
74 600 2
74 768 2
74 1012 5
75 259 3
75 576 2
76 76 2
76 133 3
76 262 2
76 855 6
77 256 4
77 267 27
77 450 2
77 456 4
78 288 6247
78 517 2
78 784 6
78 919 3
79 165 28
80 0 3
80 51 7
80 82 3
80 132 6
80 211 4
80 528 27
80 677 2
80 920 223
81 807 4
81 852 8
82 280 4
82 283 15
83 115 19
83 124 7
83 304 2
83 617 285
83 784 10
84 64 2
84 74 6
84 490 2
85 31 9
86 234 6
86 524 3
87 353 2
87 462 7
87 512 140
87 515 2
88 330 3
88 782 2
89 2 2
90 20 2
90 274 2
90 843 4
90 977 16
90 988 5
91 154 2
91 652 15
91 951 4
92 38 13
92 91 35
93 49 5
93 134 2
94 869 35
95 20 2
95 34 2
96 32 4
96 80 2
96 148 9
96 220 9
96 276 2
96 304 30
96 321 2
96 356 2
96 547 7
97 18 34
97 48 2
97 130 2
97 144 7
97 167 2
97 195 3
97 286 2
97 473 2
97 525 6
98 14 109
98 352 3
98 401 2
98 671 3
98 928 2
99 117 2
99 134 43
99 249 458
100 128 2
100 294 26
100 901 8
101 70 12
101 124 23
101 161 3
101 169 2
102 6 2
102 78 3
102 166 2
102 264 3
103 704 21
104 26 9
104 28 2
104 48 2
104 64 5
104 132 3
104 313 12
104 512 3
105 3 2
105 296 3
106 516 3
107 129 5
108 133 6
108 514 845
108 825 31
111 12 2
112 0 6
112 1 7
112 3 2
112 28 2
112 84 2
112 107 2
112 165 14
112 776 2
114 68 118
114 416 9
114 452 2
114 497 13
114 872 3
116 33 141
117 803 2
118 565 3
119 446 2
119 836 2
120 0 12
120 76 44
121 536 143
122 24 9
122 80 483
122 185 4
122 294 31
123 600 4
124 304 5
124 348 7
125 268 7
128 1 3
128 10 13
128 58 12
128 134 4
128 200 2
128 208 2
128 362 4
128 375 2
128 376 4
128 453 151
128 770 14
128 806 2
129 0 6
129 10 283
129 37 12
129 39 2
129 163 2431
129 584 3
129 707 9
130 78 377
130 272 2
130 273 2
130 368 2
130 520 2
130 528 10
130 532 16
130 540 2
130 675 2
130 772 4
130 980 2
131 581 6
132 6 8
132 17 2
132 94 2
132 137 6
132 372 3
132 516 2
132 713 2
132 916 2
133 23 2
133 138 3
133 614 657
134 67 2
134 84 2
134 208 2
134 224 4
134 377 6
134 390 6
134 768 2
135 258 44
135 544 9
136 21 10
136 39 2
136 81 12
136 160 2
136 482 5
136 610 10
136 657 3
136 684 5
136 831 2
137 148 2
137 256 2
137 259 9
137 325 2
137 678 435
137 778 7
138 266 8180
138 415 3
138 590 2971873
138 902 5
139 426 2
139 865 10
140 72 2
140 135 16
140 143 5414
140 168 3
140 464 15
140 724 8
140 776 6
141 2 50
141 521 2
142 641 3
143 116 4
143 144 2
143 187 4
143 286 14
143 642 2
144 18 5
144 68 19
144 248 4
144 257 56
144 433 21
144 520 19
144 800 2
145 1 2
145 2 11
145 94 9
145 184 2
145 216 2
145 392 3
145 513 10
145 576 2
146 69 9
146 146 2
146 396 11
146 910 15
147 513 4
147 522 6
148 1 2
148 24 43
148 130 2
148 139 14
148 146 2
148 278 2
148 464 2
148 515 2
148 912 9
149 20 2
149 633 4
149 649 5
150 141 4
150 160 3
150 656 2
151 102 6
151 132 3
151 207 9
151 250 4
153 26 480
153 151 888
153 171 35
153 592 2
153 598 54
153 833 2
153 961 7
156 54 18
156 133 2
156 521 7
156 814 3
157 404 2
159 526 31
160 34 2
160 81 12
160 644 10
160 801 2
161 326 25
161 376 2
161 717 4
161 898 4
162 160 2
162 290 6
162 306 3
163 227 6
163 361 10
163 601 4
164 87 2
164 217 5
164 264 5
164 280 345
164 329 3
164 636 2088
164 646 2
165 141 2
167 104 3
167 289 2
167 384 5
167 456 6
167 712 3
168 8 2
168 52 3
168 67 10
168 68 2
168 98 3
168 480 19
169 25 9
169 72 3
169 351 7
169 514 2
171 144 16
171 810 3207
172 569 2
172 664 3
173 261 3
174 493 2
174 582 2
175 863 2099
176 32 6
176 137 38
176 270 8
176 273 2
176 824 7
176 864 5
176 932 11
177 128 10
177 280 5
177 744 8
178 100 16
178 144 14
178 580 2
178 797 52
179 429 2
180 600 14
180 973 13
181 97 2
181 331 2
181 964 10
182 672 13
182 728 2
184 141 140
184 161 3
184 664 8
185 5 2
185 42 106
185 391 30
186 272 4
186 582 2
188 4 9
188 199 2
192 43 13
192 52 2
192 177 30
192 392 37
192 524 11
192 536 2
192 713 15
192 898 88
192 904 2
192 999 2
193 8 5
193 120 7
193 162 9
193 375 6
193 718 4
193 775 2
194 321 121
194 592 2
194 677 2
196 81 2
196 286 4
196 377 7
197 61 10
197 100 2
197 297 9
197 592 2
197 611 7
197 769 46
198 196 10
198 812 15
200 445 2
200 577 2
202 11 70
203 654 2
204 6 13
204 520 34
205 457 2
206 80 2
206 530 3
208 12 133
208 14 7
208 88 2
208 534 2
209 55 5
209 513 3
209 564 2
210 882 2
212 34 16
212 69 9
212 112 3
212 262 2
212 285 2
212 673 2
216 66 3
216 792 2
217 923 5
218 86 2
219 389 2
220 176 2
222 532 8
225 257 267
225 316 2
225 948 3
226 157 2
227 336 236
227 592 11
227 838 2
228 294 35
230 9 2
231 261 2
231 290 14
232 5 2
232 65 10
232 80 22
232 130 4
232 480 2
233 212 2
233 973 25
234 917 10
235 281 2
235 645 6
237 91 4
238 620 2
239 370 2
239 560 2
240 799 3
240 914 4
241 206 8
241 245 18
244 33 6
244 356 3
244 932 562
245 705 2
246 64 2
248 557 2
248 902 7
250 46 4
253 636 5
256 4 37
256 5 3
256 68 5
256 69 2
256 97 7
256 212 3
256 243 2
256 416 18
256 512 3
256 522 2
256 616 2
256 705 13
256 764 2
256 772 2
256 804 2
256 963 2
256 992 20
257 0 34
257 268 2
257 272 44
257 544 5
257 680 2
257 806 154
257 912 2
257 920 2
258 34 40
258 36 2
258 265 12
258 673 13
258 810 2
259 7 13
259 100 2
259 165 22
259 226 12
259 532 15
260 131 6
260 256 2
260 295 154
260 545 3
260 678 2
260 978 2
261 8 103
261 67 38
261 72 6
261 356 3
261 672 2
261 995 5
262 32 2
262 134 14
262 193 20
262 256 11
262 906 221
262 1013 2
264 1 2
264 296 10
264 320 2
264 568 5
265 264 2
265 632 3
266 56 14
266 242 23
266 272 8
266 326 11
266 336 2
266 504 47
267 523 3
268 12 15
268 34 26
268 177 2
268 512 28
268 524 2
268 577 25
269 444 20
269 640 2
270 73 4
270 532 3
270 642 5
272 41 2
272 162 5
272 208 6
272 234 2
272 259 4
272 280 5
272 378 7
272 520 3273
272 554 2
272 684 2
273 47 10
273 581 240
273 693 2
273 809 16
273 903 32
274 98 4
274 334 11
275 4 2
275 16 2
275 116 6
275 133 8
275 401 3
275 485 7
276 392 2
276 538 4
276 628 2
276 661 35
277 8 2
277 27 3
277 128 7
277 385 12
278 258 5
279 18 3
279 901 47
280 36 3
280 82 1108
280 674 4
281 101 2
282 136 3
282 576 2
282 717 75
282 787 2
283 514 2
284 835 4
285 104 10
286 624 40
286 832 6
287 448 2
288 47 29
288 132 2
288 224 2
288 292 12
288 341 378
289 60 124
289 156 2
289 345 4
289 468 12
289 472 2
289 648 4
289 753 2
290 0 3
290 258 26
291 32 2
291 768 2
291 967 38
292 7 11
292 19 4
292 134 10
292 162 2
292 593 2
293 256 3
293 960 6
294 27 11
294 742 5
296 57 2
296 84 6
296 131 6
296 231 12
296 260 2
296 336 9
296 409 5
296 516 109
297 167 6
297 325 26
297 389 496
297 544 2
298 800 2
299 78 16
300 29 216
300 140 2
301 274 2
301 777 3
303 292 2
304 6 44
304 8 10
304 42 3
304 63 3
304 106 3
304 212 31
304 258 9
304 292 6
305 11 6
305 34 2
305 163 2
305 576 6
306 36 2
306 550 6
306 918 7
307 514 9
308 583 7
308 692 2
308 832 2
308 848 2
309 77 7
309 774 4
310 44 6
310 936 2
312 514 2
314 109 2
314 156 3
314 376 2
314 518 6
315 739 61
316 452 123
318 532 3
318 914 6
320 29 2
320 315 2
320 407 7
320 428 2
320 641 4
321 4 2
321 262 10
321 768 1888
321 834 2
321 1008 4
322 0 2
322 80 440
322 272 2
322 416 53
322 899 2
322 902 4
323 360 7
323 515 15
324 106 4
324 167 11
324 179 2
324 200 3
324 513 2
324 530 2
325 6 16
325 74 123
325 145 2
325 192 83
326 16 8
326 32 2
326 116 6
326 280 5
327 675 2
327 698 3
328 45 4
328 853 2
329 35 8
329 258 467
330 8 38
330 204 40
332 456 5
334 265 3
335 83 28
335 391 17
336 18 63459
336 100 8
336 576 5
336 632 87
337 352 2
337 768 2
337 833 2
338 33 2
338 160 2
338 169 7
339 42 3
340 0 22
340 106 2
341 576 28
342 15 3
342 168 14
342 536 7
343 475 2
344 676 10
345 32 2
345 992 2
346 11 19
346 89 2
347 11 2
347 149 2
347 296 13
348 128 3
349 12 5
352 419 2
352 514 2
352 680 2
352 794 19
352 860 2
353 138 4
353 389 2
353 684 8
354 25 2
354 30 2
354 288 65
354 836 28
354 969 9
355 134 2
355 634 3
356 800 2
358 3 21
358 197 4
360 732 61
361 266 7
361 316 2
362 34 2
363 162 25
363 424 2
364 740 2
366 657 2
368 49 5
368 738 3
368 925 2
371 112 2
371 705 4
372 352 2
375 77 11
376 193 5
379 333 12
380 339 2
381 531 17
382 562 2
384 5 2
384 156 9
384 168 3
384 332 39
384 423 2
384 457 4
384 481 2
384 531 2
384 571 4
384 597 9
384 692 6
384 841 723
384 962 2
385 2 2
385 75 331
385 213 6
385 214 14
385 563 3
386 73 21
386 158 2
386 160 232
386 206 16
386 275 2
386 846 9
386 912 3
387 147 93
387 297 13
387 545 2
387 1016 2
388 332 2
389 596 6
390 566 2
391 8 2
391 800 2
392 38 9
392 336 2
392 553 10
393 461 2
394 80 4
394 211 58
394 590 8
395 4 2
395 647 2
396 6 12
396 454 26
396 536 2
396 546 7
396 915 49
396 960 10
397 132 2
397 305 2
397 518 31
398 943 19
399 9 2
400 10 2
400 21 7
400 144 2
400 712 2
401 16 2
401 58 104
401 284 2
401 673 319766
401 932 65
402 68 5
402 80 2
402 769 15
403 98 8
405 160 2
406 677 21
406 928 4
407 591 3
408 66 11
408 405 2
408 576 2
409 66 2
409 105 37
409 417 8
409 888 2278
410 520 6
411 20 4
412 6 43
413 640 2
414 932 30
416 279 2
416 292 2
416 531 3
416 832 75
417 577 15
418 16 4
419 7 2
419 62 19
419 844 2
420 32 42
420 288 2
420 424 5
420 538 4
420 545 48
421 400 2
422 736 2
423 384 5
423 651 2
424 481 44
425 161 2
425 746 84
425 776 5
426 644 13
427 580 2
428 32 2
428 194 5
428 620 26
428 880 2
430 8 2
430 68 2
430 203 23
433 24 13
433 398 2
434 734 3
436 597 9
436 641 2
441 21 2
442 146 4
442 691 14
444 769 2
444 801 25
448 513 3
449 321 2
450 450 2
452 48 2
452 136 5
452 512 2
452 513 13
453 368 16
453 661 2
454 9 108
454 437 2
454 634 4
454 782 242
455 640 3
456 105 4
456 367 2
456 376 6
456 774 9
458 101 2
460 197 136
460 462 3
460 566 14
461 625 9
461 901 2
462 516 9
462 641 4
463 916 2
464 265 4
464 928 23
465 531 2
465 761 7
465 902 2
467 211 11
467 300 2
473 6 464
473 600 33
473 800 3
476 775 2
480 0 6
480 731 2
480 928 8
481 288 7
481 416 32
482 64 2
482 208 3
482 285 68
483 276 2
484 841 5
485 134 6
488 3 2
488 269 12
489 64 2
491 112 47
496 433 12
496 978 2
501 519 4
504 267 16
505 332 2
506 706 9
512 1 11
512 36 2
512 52 4
512 65 2
512 96 18
512 153 2
512 173 3
512 266 26
512 438 2
512 453 7
512 514 6
512 522 250
512 685 23
512 936 3
513 5 2
513 42 14
513 47 3
513 100 98
513 304 2
513 315 2
513 340 5
513 548 10
513 640 2
513 644 2
514 4 8
514 11 2
514 36 4
514 401 5
514 452 11
514 522 3
514 572 2
515 93 7
515 157 4
515 273 103974
515 598 158
516 33 2
516 69 1022
516 72 3
516 357 2
516 442 2
516 555 17
516 582 4
516 605 9
516 779 2
516 785 3
517 0 2
517 3 15
517 8 2
517 177 2
517 281 2
517 525 2
517 534 25
517 672 13
517 676 2
517 768 3
518 41 26
518 66 10
518 517 23
519 944 3
519 967 13
520 9 2
520 94 2
520 164 2
520 328 8
520 436 2
520 812 2
520 896 20
521 81 32
521 131 33
521 229 2
521 450 2
521 546 2
521 560 6
522 1 10
522 234 2
522 549 3
522 652 6
523 650 2
524 173 5
525 134 12
525 820 7
526 776 2
527 36 3
527 713 22
528 10 2
528 33 4
528 36 2
528 97 5
528 144 2
528 156 9
528 171 2
528 512 2
528 580 7
528 582 3
528 611 2
528 720 39
528 801 3
529 16 2
529 260 50
529 423 2
529 520 6
529 737 4
529 836 2
530 86 7
530 132 30
530 278 2
530 325 4
530 522 4
530 696 3
532 134 2
532 292 2
533 5 9
533 37 35
533 787 2
534 6 17
534 786 5
534 928 32
535 10 23
536 244 72
536 412 3
536 687 3703
536 902 16
537 99 14
537 138 6
537 478 111
538 84 2
538 820 8
540 256 3
541 344 2
544 6 2
544 24 9
544 151 2
544 160 2
544 401 17
544 416 2
544 429 2
544 536 4
544 542 2
544 551 4
544 597 19
544 718 2
545 209 3
545 226 6
545 520 7
545 743 23
545 914 2
546 2 8
546 263 28
546 900 2
547 265 17
547 427 2
547 577 7
548 141 8
548 512 6
548 577 33
549 68 2
549 97 4
549 146 2
549 530 36
550 36 7
550 649 108
550 800 5
551 4 7
551 40 2
551 89 7
552 136 2
552 640 3
552 656 378
552 932 2
553 36 5
553 102 2
553 933 2
554 4 2
554 137 2
554 296 2
555 52 2
555 418 9
556 409 2
557 6 2
557 15 2
557 400 12
557 512 6
557 557 3
557 770 18
559 557 3
560 18 466
560 32 29
560 96 10
560 104 297
560 168 3
560 354 15
561 10 2
561 444 2
561 521 7
561 786 2
562 162 3
562 977 2704
562 992 2
563 20 123
563 410 6
564 656 18
564 659 3
565 105 3
566 44 3
566 132 7
567 793 2
569 385 15
569 522 2
571 100 9
571 457 7
572 36 2
572 64 9
572 257 2
572 370 2
572 777 2
573 886 3
574 18 2
574 533 2
574 696 2
576 4 2001772
576 5 4
576 76 23
576 133 25
576 172 20
576 228 2
576 547 2
576 607 2
577 72 4
577 222 41
577 292 2
577 401 3
577 577 8
577 661 8
577 997 5
578 26 5
578 96 10
578 120 2
578 136 2
578 554 4
578 572 3
579 136 2
579 621 2
580 64 4
580 507 2
580 528 2
580 598 33
581 645 2
583 129 22
584 432 2
585 208 2
585 217 3
585 354 10
585 389 7
586 64 2
586 658 94
587 608 5
588 784 2
590 276 2
590 520 16
590 788 9
591 147 2
592 2 2
592 4 4
592 148 4
592 322 2
592 528 18829
592 585 2
593 429 11
595 557 2
596 11 7
596 33 4
596 91 6
599 92 2
599 176 18
599 569 8
600 68 23
600 115 8
600 562 51
600 573 44
600 575 2
601 335 29
601 431 4014
602 480 2
604 913 2
606 281 1102
606 807 61
607 288 2
607 393 2
608 176 3
608 185 3
608 522 2
608 576 5
608 648 6
609 28 32
609 210 3
609 225 56
609 526 2
609 768 3
611 125 2
612 170 11
612 534 3
613 840 2
614 936 2
616 806 2
617 374 5
617 908 23
618 70 2
618 1004 4
619 140 2
619 231 67
621 293 15
623 1000 3
624 579 4
625 5 5
625 261 8
625 530 2
626 8 2
626 104 2
626 114 2
626 528 2
626 608 2
627 3 2
627 418 8
627 769 2
627 977 5
628 76 16
631 24 2
633 812 7
635 546 216
637 73 7
640 4 16
640 6 16
640 16 8
640 160 2
640 181 9
640 246 6
640 258 2
640 369 2
640 421 2
640 525 24
640 659 7
640 732 11
640 938 2
640 952 2
641 192 2
642 512 3
642 562 2
643 73 7
643 775 17
644 48 18
644 387 2
644 660 24
644 769 8
645 4 2
645 25 28
645 548 1051
645 963 5
646 289 6
648 76 2
648 98 2
648 210 3
648 301 2
648 369 3
648 512 9
648 694 9
648 769 4
649 4 13
650 108 154
650 216 4
650 953 2
651 290 5
652 594 2
654 565 2
655 384 7
655 761 2
656 3 7
656 278 14
656 370 24
658 10 2
658 226 18
658 640 8
660 36 2
660 52 9
661 244 10
661 608 5
662 374 11
664 16 18
664 781 20
665 3 85
665 260 6
666 66 136
667 587 14
668 163 1796
668 464 2
668 749 22
670 515 2
672 1 54
672 514 25
672 608 5
672 717 13
673 656 5
674 259 176
674 401 7
674 672 24
675 257 2
675 470 53
676 52 5
677 121 148
677 641 24
678 237 2
679 556 2
680 20 4
680 39 4
680 105 3
680 450 12
680 540 4
681 6 4
681 33 7
682 14 20
683 278 10
684 1008 5
686 426 2
686 593 2
688 385 14
689 80 2
692 260 101
692 914 2
693 522 15
694 6 25
694 931 2
694 976 2
695 517 8
695 585 2
697 710 2
700 18 20
700 864 28
704 34 4
704 76 2
704 135 2
704 292 182
704 370 2
704 514 2
705 596 311
706 17 10
706 161 12
706 460 14
708 108 18
709 325 2
709 354 2
709 644 2
709 843 7
711 19 2
712 35 2
712 141 17
712 283 2
712 294 2
712 862 2
713 837 3
716 98 75
716 339 2
716 649 84
716 842 102
719 512 4
720 7 2
720 144 2
720 803 5
721 0 3
721 104 63
721 170 14
721 323 2
722 82 2
722 100 2
722 146 2
722 393 2
723 142 4
724 20 2
724 596 2
725 44 12
725 65 29
726 322 2
727 200 2
728 350 2
728 712 2
732 834 2
736 24 7
737 25 4
737 64 2
737 288 5
737 610 199
738 970 4
740 235 3
740 801 4
741 45 2
741 260 5
742 97 2
743 787 2
744 280 3
744 762 4
751 506 2
752 494 13
752 786 2
754 32 5
760 40 9
760 220 4
760 300 5
761 435 23
763 668 2
768 226 5
768 502 7
768 608 8
768 666 7
768 736 6
768 738 3
768 926 13
769 34 11
769 350 3
769 640 8
769 773 6
770 211 2
770 256 21
770 515 2
770 663 14
771 128 4
772 0 2
772 32 2
772 130 2
774 8 14
774 936 16
775 48 3
775 921 2
776 101 7
776 155 4
776 586 69
776 697 4
777 6 2
777 84 5
777 200 3
777 318 5
777 539 2
777 554 2
777 608 5
777 641 2
778 330 19
778 389 2
780 14 25
780 193 14
780 552 10
780 707 2
781 222 2
781 496 13
782 226 8
782 405 12
784 1 574
784 514 4
784 549 2
784 604 259
784 634 3
784 841 3
785 45 2
785 257 6
786 521 2
786 576 72
786 914 2
787 199 36
788 332 2
792 274 3
792 594 10
793 52 45
793 498 6
793 628 168
795 422 2
798 776 2
800 45 14
800 97 5
800 824 3
801 34 2
801 312 6
801 592 42
802 660 34
802 769 2
803 512 2
804 0 7
804 104 16
804 337 3
804 779 18
805 387 7
805 781 2
806 43 26
806 134 5
806 232 4
806 480 3
808 302 2
808 526 6
808 777 2
808 937 19
810 17 3
810 394 2
810 416 2
812 778 4
814 161 1746
814 264 2
814 523 2
814 905 5
816 18 2
816 24 2
817 784 2
819 69 2
819 538 9
821 236 10
822 211 3
828 592 2
830 356 38
832 16 2
832 21 16
832 281 10
832 304 2
832 427 2
832 548 3
833 147 6
833 999 2
834 0 269
834 32 6
834 912 10
835 264 2
835 392 9
835 583 3
836 86 7
836 485 5
838 785 2
839 21 3
840 96 9
840 106 2
840 545 12
840 800 9
841 32 3
841 370 9
842 200 9
844 584 17
845 624 4
848 90 2
848 391 2
848 899 2
849 792 4
850 308 7
850 776 2
851 195 4
852 2 2
852 72 2
852 824 18
856 256 7
856 866 2
857 42 2
863 516 4
864 23 2
864 786 2
867 998 4
868 332 94
870 6 2
871 264 4
872 32 5
872 50 4
872 165 2
873 9 4
874 360 12
875 164 2
882 778 2
884 802 2
894 392 2
896 330 65
896 868 4
897 39 11
897 115 7
897 1002 4
898 336 2
898 699 3
899 736 2
900 4 29
900 162 4
900 313 2
902 131 2
902 420 2
903 339 2
904 112 2
904 231 18
904 888 4
904 929 2
905 12 4
905 196 6
905 248 2
905 540 2
905 572 2
906 194 11
906 210 2
906 328 2
907 276 3
908 456 2
911 5 2
911 10 13
912 2 2
912 85 2
912 129 7
912 388 2
914 216 4
914 669 2
914 776 3
914 968 23
916 742 4
916 777 8
917 560 4
918 0 4
920 200 17
921 272 5
921 320 181
922 8 19
922 784 3
924 33 4
924 196 628
928 384 10
928 516 2
928 518 2
929 10 2
929 257 2
929 316 8
930 547 6432
930 720 4
931 230 2
931 657 4
932 274 4
934 94 6
938 261 3
938 316 3
938 552 4
940 512 2
941 771 7
944 165 32
944 756 2
945 456 4
947 568 2
948 9 5
951 818 2
952 37 2
956 846 2
958 844 5
960 358 6
961 291 2
961 333 2
961 481 3
963 130 4
966 29 2
966 192 2
966 197 3
966 555 65
968 51 5
968 352 4
968 360 2
969 769 2
971 566 2
975 205 124
976 321 2
976 779 11
977 22 743
977 34 2
984 324 35
984 483 2
985 268 6
986 772 4
987 962 5
988 366 63
996 836 2
998 127 14
998 179 13
1000 260 25
1003 684 2
1011 36 2
1013 316 56
1020 371 2
1020 385 39
1021 643 2
