0 4 1877
0 9 2
0 17 22
0 18 6
0 29 29
0 47 2
0 112 6
0 150 2
0 215 5
0 256 16
0 259 2
0 274 4
0 321 5
0 352 2
0 415 2
0 552 482
0 618 2
0 670 3
0 674 7
0 679 2
0 843 2
0 902 2
1 15 2
1 30 32
1 37 2
1 82 3
1 135 3
1 292 4
1 357 4
1 481 2
1 535 7
1 565 4
1 644 3
1 825 7
1 920 18
2 0 12
2 3 17
2 8 3
2 48 4
2 260 32742
2 328 3135
2 523 14
2 826 8
3 24 78
3 272 3
3 277 2
3 652 3
3 817 5
4 0 2
4 4 5
4 15 65
4 24 2
4 50 47
4 60 2
4 64 2
4 248 3
4 293 2
4 368 2
4 576 6
4 683 2
4 774 255
4 808 21
5 216 2
5 584 5
5 887 55
6 3 2
6 148 3
6 259 6
6 267 13
6 268 56
6 512 8
6 798 2
6 1002 13
7 81 2
7 110 4
7 715 2
8 1 14
8 2 2
8 19 2
8 32 3
8 42 2
8 58 2
8 202 9
8 272 4
8 273 14
8 386 2
8 393 12
8 486 5
8 552 4
8 642 3
8 735 17
8 850 7
8 902 2
9 39 27
9 43 30
9 274 2
9 416 49
9 526 28
9 572 19
9 823 3
10 13 2
10 40 3
10 75 2
10 84 1634
10 160 11
10 176 11
10 518 216
10 523 2
10 584 2
10 599 2
10 680 14
11 204 2
11 586 2
11 752 5
12 0 4
12 24 24
12 65 2
12 116 49
12 128 2
12 269 3
12 366 2
12 634 725
13 66 12489
13 192 10
13 224 8
13 320 2
13 780 3
14 127 497222
14 210 12
14 376 2
14 584 2
14 616 2
15 352 7
15 485 15
15 854 2
16 9 5
16 24 12
16 64 13
16 96 5
16 148 8
16 198 35
16 516 2
16 643 2
16 806 557
17 48 2
17 258 2
18 215 4
18 290 174
18 645 5
19 7 2
19 24 2
19 657 2
19 709 2
20 1 2
20 28 15
20 36 9
20 69 2
20 176 2
20 786 121
21 258 2
22 24 2
22 68 2
22 97 18
22 107 3
22 281 8
22 320 26
22 331 55
22 565 2
23 328 2
23 770 18
23 886 3
24 9 5
24 533 2
24 781 2
24 786 79
24 944 7
25 523 2
25 592 2
26 109 2
26 801 3
27 210 20
27 547 2
28 72 38
28 192 6
28 203 2
28 624 5
28 647 14
29 1 59
29 5 25
29 327 5
29 532 10
29 809 6
30 21 14
30 52 204
30 129 25
30 588 4
32 16 2
32 33 4
32 42 3
32 72 5
32 196 993
32 204 783
32 211 2
32 219 2
32 388 4
32 414 2
32 514 15
32 612 589
32 641 2
32 721 4
32 803 85
32 848 6
32 960 15
33 2 2
33 3 195
33 26 8
33 31 4
33 64 26
33 276 8
33 320 2
33 785 2
33 898 1029
33 945 6
34 144 2
34 292 33
34 324 4
34 561 6
34 663 6
34 720 127
35 65 59
35 551 9
35 689 129
36 12 13
36 34 6
36 48 12
36 257 2
36 266 209
36 288 2
36 320 2
36 448 28
36 555 18
36 705 2
36 858 2
37 2 2
37 13 2
37 364 5
37 594 2
38 180 6
38 204 2
38 544 6
39 3 2
39 48 7
39 520 2
39 982 4
40 20 7
40 39 2
40 65 6
40 256 18
40 512 2
40 528 4
40 605 2
40 645 2
40 756 13
40 761 4
40 840 2
40 980 2
41 96 2
41 263 2
41 321 6
41 513 2
41 987 2
42 42 11
42 140 2
42 329 2
42 411 2
42 839 2
43 1 4
43 546 2
44 12 2
44 47 3
44 430 10
44 524 119
45 23 4
45 50 2
45 266 2
45 615 1337
45 808 2
45 844 14154
46 57 2
47 80 9
48 67 2
48 168 2
48 176 3
48 193 11
48 198 2
48 226 4
48 646 2
48 708 14
48 789 2
48 843 2
49 4 2
49 17 2
49 313 2
49 516 9
50 9 75
50 113 2
51 377 4
51 516 36
52 46 4
52 188 13
52 256 2
52 285 2
52 390 21674
52 899 2
53 146 2
54 112 2
54 718 371
55 278 6
56 89 2
56 267 327
56 472 3
56 544 51
56 560 3
57 128 20
57 448 9
58 113 5
58 470 17
59 58 3
59 292 5
59 453 4910
59 583 7
60 3 2
60 112 4
60 948 2
61 644 3
61 648 4
62 612 3
64 1 2
64 26 3
64 41 2
64 192 7
64 194 6
64 197 4
64 203 4
64 272 2
64 370 4
64 465 13
64 481 19
64 514 2
64 686 3
64 756 2
64 780 5
64 790 2
65 25 2
65 61 3
65 96 2
65 118 2
65 218 1328
65 241 2
65 265 8
65 274 2
65 421 66
65 515 6
65 571 7
65 614 1357
66 140 3
66 545 10
67 2 9
67 20 2
67 37 13
67 73 5
67 453 427
67 482 56
67 840 2
68 153 24
68 192 88
68 284 70
68 322 2
68 576 2
69 138 2
69 529 28
69 572 6
69 768 2
70 109 2
70 212 12
70 431 3
70 608 87
70 646 217
70 672 2
71 1 4
71 264 2
71 409 2
71 700 9
72 8 2
72 37 4
72 65 3
72 280 7
72 437 104
72 533 2
72 961 2
73 640 7
73 999 6
74 512 8
74 548 12
74 600 57
74 768 2
74 1012 5
75 259 13
75 576 2
76 76 76
76 133 2
76 262 32
76 855 37
77 256 68
77 267 42
77 450 2
77 456 12
78 288 17276
78 517 443
78 784 4
78 919 3
79 165 3
80 0 6
80 51 7
80 82 3
80 132 2
80 211 7
80 528 4
80 677 2
80 920 130
81 807 6
81 852 2
82 280 2
82 283 187
83 115 21
83 124 2
83 304 2
83 617 17
83 784 5
84 64 88
84 74 14
84 490 10
85 31 2
86 234 4
86 524 11
87 353 3
87 462 7
87 512 2
87 515 2
88 330 5
88 782 2
89 2 8
90 20 6
90 274 2
90 843 7
90 977 2
90 988 2
91 154 2
91 652 11
91 951 4
92 38 2
92 91 2
93 49 5
93 134 2
94 869 4
95 20 2
95 34 5
96 32 2
96 80 2
96 148 11
96 220 3
96 276 4
96 304 2
96 321 2
96 356 3
96 547 2
97 18 2
97 48 2
97 130 2
97 144 2
97 167 2
97 195 11
97 286 2
97 473 5
97 525 2
98 14 2
98 352 2
98 401 2
98 671 2
98 928 2
99 117 10
99 134 2
99 249 110
100 128 2
100 294 79
100 901 12
101 70 5
101 124 4
101 161 2
101 169 3
102 6 2
102 78 185
102 166 24
102 264 3
103 704 7
104 26 28
104 28 2
104 48 2
104 64 18
104 132 4
104 313 2
104 512 18
105 3 2
105 296 13
106 516 2
107 129 5
108 133 5
108 514 268
108 825 7
111 12 2
112 0 482314
112 1 2
112 3 9
112 28 2
112 84 7
112 107 9
112 165 2
112 776 81
114 68 20
114 416 23
114 452 2
114 497 2
114 872 6
116 33 4
117 803 7
118 565 2
119 446 1445
119 836 1757
120 0 2
120 76 1381
121 536 2
122 24 3
122 80 2
122 185 2
122 294 8
123 600 9
124 304 3
124 348 3
125 268 189
128 1 32
128 10 2
128 58 21
128 134 10
128 200 4
128 208 3
128 362 31
128 375 2
128 376 11
128 453 2
128 770 5
128 806 3
129 0 11
129 10 78
129 37 2
129 39 2
129 163 2
129 584 2
129 707 2
130 78 2
130 272 2
130 273 2
130 368 192
130 520 10
130 528 3
130 532 4
130 540 7
130 675 14
130 772 4
130 980 2
131 581 3
132 6 18
132 17 2
132 94 2
132 137 4
132 372 2
132 516 11
132 713 5
132 916 2
133 23 16
133 138 2
133 614 2
134 67 2
134 84 3
134 208 2
134 224 2
134 377 6
134 390 7
134 768 4
135 258 11
135 544 18
136 21 5
136 39 2
136 81 3
136 160 4
136 482 7
136 610 2
136 657 30
136 684 2
136 831 2
137 148 247
137 256 2
137 259 8
137 325 2
137 678 4
137 778 9
138 266 2
138 415 5
138 590 15
138 902 27
139 426 2
139 865 28
140 72 185
140 135 17
140 143 7
140 168 8
140 464 2
140 724 1878
140 776 2
141 2 45
141 521 1190
142 641 7
143 116 3
143 144 2
143 187 2
143 286 10
143 642 2
144 18 5
144 68 4
144 248 18
144 257 2
144 433 8993
144 520 9
144 800 257
145 1 2
145 2 2
145 94 19
145 184 2
145 216 16
145 392 4
145 513 5
145 576 15
146 69 4
146 146 5
146 396 5
146 910 2
147 513 13
147 522 2
148 1 3
148 24 4
148 130 17
148 139 9
148 146 2
148 278 2
148 464 2
148 515 22
148 912 13
149 20 98
149 633 26
149 649 446
150 141 25
150 160 5
150 656 5
151 102 26
151 132 11
151 207 4
151 250 2
153 26 3
153 151 2
153 171 3
153 592 7
153 598 2
153 833 2
153 961 2
156 54 18
156 133 5
156 521 9
156 814 5
157 404 2
159 526 2
160 34 2
160 81 4
160 644 3
160 801 2
161 326 15
161 376 10
161 717 2
161 898 2
162 160 125177
162 290 2
162 306 6
163 227 3
163 361 6
163 601 3
164 87 4
164 217 14
164 264 23
164 280 7
164 329 2
164 636 9
164 646 2
165 141 2
167 104 6
167 289 5
167 384 15
167 456 10
167 712 10
168 8 4
168 52 2
168 67 2
168 68 2
168 98 2
168 480 4
169 25 10
169 72 18
169 351 10
169 514 2
171 144 2
171 810 2
172 569 6
172 664 17
173 261 10
174 493 2197
174 582 4
175 863 6
176 32 3
176 137 256
176 270 2
176 273 13
176 824 13
176 864 30
176 932 2
177 128 6
177 280 12
177 744 2
178 100 10
178 144 4
178 580 2
178 797 2
179 429 20
180 600 4
180 973 3
181 97 2
181 331 2
181 964 3
182 672 6
182 728 21
184 141 167
184 161 16
184 664 4
185 5 2
185 42 3
185 391 1631
186 272 26
186 582 13
188 4 3
188 199 4
192 43 7
192 52 2
192 177 11
192 392 7
192 524 3
192 536 28
192 713 2
192 898 5
192 904 2
192 999 2
193 8 2
193 120 2
193 162 212
193 375 28
193 718 20
193 775 2
194 321 2
194 592 2
194 677 3
196 81 2
196 286 2
196 377 10
197 61 36
197 100 34
197 297 454
197 592 2
197 611 4
197 769 2
198 196 2
198 812 6
200 445 2
200 577 2
202 11 22
203 654 2
204 6 31
204 520 3
205 457 2
206 80 3
206 530 4
208 12 255
208 14 47
208 88 36
208 534 10866143
209 55 9
209 513 91
209 564 2
210 882 2
212 34 3
212 69 5
212 112 2
212 262 2
212 285 2
212 673 3
216 66 19
216 792 2
217 923 18
218 86 2
219 389 2
220 176 60
222 532 2
225 257 2
225 316 2
225 948 25
226 157 2
227 336 2
227 592 7
227 838 5
228 294 133
230 9 2
231 261 16
231 290 10
232 5 2
232 65 35
232 80 2
232 130 4
232 480 2
233 212 4
233 973 6
234 917 41
235 281 9
235 645 2
237 91 7
238 620 6
239 370 18
239 560 58
240 799 5
240 914 2
241 206 10
241 245 18
244 33 2
244 356 5
244 932 2
245 705 2
246 64 2
248 557 3
248 902 15
250 46 2
253 636 4
256 4 181
256 5 5
256 68 4
256 69 5
256 97 11
256 212 3
256 243 4
256 416 15
256 512 2
256 522 118
256 616 2
256 705 3
256 764 2
256 772 2
256 804 2
256 963 3
256 992 3349
257 0 2
257 268 2
257 272 3
257 544 1750
257 680 7
257 806 2
257 912 731
257 920 2
258 34 2
258 36 5
258 265 6
258 673 6
258 810 2
259 7 4
259 100 4
259 165 4
259 226 9
259 532 3
260 131 15
260 256 3
260 295 33
260 545 4
260 678 2
260 978 5
261 8 2
261 67 2
261 72 2
261 356 27
261 672 2
261 995 4
262 32 13677
262 134 2
262 193 104
262 256 2
262 906 2
262 1013 139
264 1 12
264 296 5
264 320 28
264 568 8
265 264 7538
265 632 2
266 56 273
266 242 3
266 272 4
266 326 22
266 336 2
266 504 12
267 523 4
268 12 19
268 34 2
268 177 5
268 512 7
268 524 4
268 577 36
269 444 3
269 640 5
270 73 12
270 532 21
270 642 3
272 41 30
272 162 10
272 208 3
272 234 2
272 259 2
272 280 9
272 378 15
272 520 90
272 554 2
272 684 2
273 47 8
273 581 3
273 693 2
273 809 2
273 903 11
274 98 5
274 334 9
275 4 5
275 16 2
275 116 24
275 133 21
275 401 2
275 485 31
276 392 185
276 538 2
276 628 2
276 661 2
277 8 2
277 27 12
277 128 8
277 385 7
278 258 2
279 18 3
279 901 3
280 36 5
280 82 70
280 674 2
281 101 2
282 136 11
282 576 971
282 717 5
282 787 2
283 514 2
284 835 2
285 104 4
286 624 2
286 832 6
287 448 68
288 47 2
288 132 61
288 224 2
288 292 8
288 341 2
289 60 2
289 156 2
289 345 3
289 468 7
289 472 2
289 648 35
289 753 2
290 0 2
290 258 11
291 32 2
291 768 2
291 967 66
292 7 13
292 19 3
292 134 5
292 162 4
292 593 2
293 256 8
293 960 2
294 27 3
294 742 3
296 57 2
296 84 15
296 131 2
296 231 7
296 260 2
296 336 4
296 409 11
296 516 4
297 167 2
297 325 2
297 389 2
297 544 3
298 800 2
299 78 2
300 29 46
300 140 22
301 274 2
301 777 2
303 292 2
304 6 2
304 8 11
304 42 2
304 63 7
304 106 2
304 212 2
304 258 4
304 292 4
305 11 2
305 34 2
305 163 73
305 576 4
306 36 2
306 550 7
306 918 24
307 514 23
308 583 7
308 692 2
308 832 4
308 848 2
309 77 2
309 774 2
310 44 19
310 936 3
312 514 5
314 109 2
314 156 6
314 376 71
314 518 8
315 739 2
316 452 877
318 532 11
318 914 9
320 29 4
320 315 4
320 407 25
320 428 2
320 641 2
321 4 3
321 262 3
321 768 2
321 834 2
321 1008 5
322 0 9
322 80 18
322 272 5
322 416 12
322 899 15
322 902 19
323 360 7
323 515 11
324 106 3
324 167 6
324 179 6
324 200 3
324 513 2
324 530 18
325 6 18
325 74 8
325 145 2
325 192 21
326 16 2
326 32 4
326 116 3
326 280 39
327 675 2
327 698 3
328 45 3
328 853 8
329 35 8
329 258 5
330 8 10
330 204 6
332 456 2
334 265 2
335 83 10
335 391 3
336 18 2
336 100 6
336 576 12
336 632 2
337 352 4
337 768 2
337 833 2
338 33 2
338 160 2
338 169 3
339 42 8
340 0 2
340 106 4
341 576 2
342 15 2
342 168 18
342 536 2
343 475 33
344 676 2
345 32 11
345 992 7
346 11 2
346 89 2
347 11 2
347 149 5
347 296 8
348 128 13
349 12 2
352 419 2
352 514 2
352 680 16
352 794 24
352 860 2
353 138 2
353 389 2
353 684 29
354 25 3
354 30 2
354 288 2
354 836 35
354 969 2
355 134 3
355 634 301
356 800 2
358 3 8
358 197 2
360 732 2
361 266 6
361 316 2
362 34 2
363 162 10
363 424 2
364 740 39
366 657 2
368 49 14
368 738 5
368 925 153
371 112 2
371 705 2
372 352 2
375 77 13
376 193 11
379 333 3
380 339 2
381 531 7
382 562 2
384 5 2
384 156 27
384 168 4
384 332 2
384 423 24
384 457 8
384 481 4
384 531 3
384 571 4
384 597 8
384 692 21
384 841 1397
384 962 55
385 2 4
385 75 2
385 213 2
385 214 2
385 563 4
386 73 4
386 158 2
386 160 2
386 206 30
386 275 2
386 846 3
386 912 3
387 147 12
387 297 49
387 545 3
387 1016 3
388 332 49
389 596 2
390 566 4
391 8 3
391 800 5
392 38 4
392 336 2
392 553 5
393 461 2
394 80 50
394 211 2
394 590 19
395 4 2
395 647 9
396 6 5
396 454 2
396 536 3
396 546 2
396 915 2
396 960 2
397 132 10
397 305 2
397 518 4
398 943 2
399 9 12
400 10 1733
400 21 9
400 144 2
400 712 12
401 16 2
401 58 2
401 284 2783
401 673 462
401 932 40
402 68 7
402 80 6
402 769 6
403 98 3
405 160 3
406 677 4
406 928 2
407 591 2
408 66 2
408 405 12
408 576 2
409 66 2
409 105 2
409 417 6
409 888 158
410 520 4
411 20 5
412 6 4
413 640 2
414 932 2
416 279 22
416 292 2
416 531 58
416 832 2
417 577 11
418 16 2
419 7 6
419 62 5
419 844 3
420 32 9
420 288 1289
420 424 5
420 538 4
420 545 2
421 400 2
422 736 5
423 384 146
423 651 2
424 481 2
425 161 2
425 746 2
425 776 2
426 644 2
427 580 10
428 32 4
428 194 2
428 620 4
428 880 2
430 8 2
430 68 3
430 203 7
433 24 2
433 398 2
434 734 6
436 597 2
436 641 335
441 21 2
442 146 14
442 691 8
444 769 1387
444 801 17
448 513 15
449 321 2
450 450 2
452 48 18
452 136 2
452 512 2
452 513 6
453 368 12
453 661 5
454 9 306
454 437 2
454 634 2
454 782 2
455 640 2
456 105 12
456 367 11
456 376 2
456 774 20
458 101 2
460 197 2
460 462 2
460 566 3
461 625 6
461 901 4420
462 516 4
462 641 9
463 916 2
464 265 3
464 928 129
465 531 2
465 761 6
465 902 2
467 211 7
467 300 2
473 6 2
473 600 2
473 800 7
476 775 2
480 0 4
480 731 5
480 928 2
481 288 3
481 416 2
482 64 2
482 208 2
482 285 2
483 276 4
484 841 12
485 134 8
488 3 2
488 269 7
489 64 6
491 112 17
496 433 6
496 978 2
501 519 2765
504 267 2
505 332 50
506 706 203
512 1 30
512 36 3
512 52 6
512 65 2
512 96 6
512 153 2
512 173 4
512 266 64
512 438 11
512 453 6
512 514 2
512 522 2
512 685 2
512 936 22
513 5 3
513 42 5
513 47 5
513 100 2
513 304 43
513 315 2
513 340 5
513 548 21
513 640 3
513 644 2
514 4 8
514 11 43
514 36 2
514 401 11
514 452 2
514 522 4
514 572 224
515 93 2
515 157 10
515 273 1085
515 598 524
516 33 176
516 69 17
516 72 2
516 357 2
516 442 2
516 555 4
516 582 2
516 605 11
516 779 7
516 785 11
517 0 69
517 3 11
517 8 21313
517 177 2
517 281 2
517 525 2
517 534 2
517 672 4
517 676 2
517 768 12
518 41 24
518 66 5
518 517 7
519 944 10
519 967 39
520 9 56
520 94 30
520 164 2
520 328 2
520 436 27
520 812 7383
520 896 22
521 81 12
521 131 12
521 229 2
521 450 2
521 546 5
521 560 13
522 1 4
522 234 2
522 549 3
522 652 2
523 650 2
524 173 2
525 134 2
525 820 9
526 776 23
527 36 5
527 713 10
528 10 3
528 33 5
528 36 2
528 97 7
528 144 5
528 156 2
528 171 10
528 512 2
528 580 2
528 582 9
528 611 2
528 720 2
528 801 2
529 16 6
529 260 91
529 423 2
529 520 7
529 737 5
529 836 2
530 86 41
530 132 10
530 278 24
530 325 2
530 522 4
530 696 7
532 134 4
532 292 3
533 5 2
533 37 10
533 787 12
534 6 31
534 786 11
534 928 19
535 10 16
536 244 8
536 412 9
536 687 2
536 902 3
537 99 10
537 138 14
537 478 7
538 84 2
538 820 10
540 256 6
541 344 2
544 6 5
544 24 31
544 151 10
544 160 3
544 401 4
544 416 2
544 429 3
544 536 8
544 542 15
544 551 8
544 597 9
544 718 92
545 209 4
545 226 3
545 520 9
545 743 4
545 914 689
546 2 10
546 263 8
546 900 215224
547 265 2
547 427 2
547 577 9
548 141 2
548 512 2
548 577 3
549 68 2
549 97 6
549 146 826
549 530 2
550 36 2
550 649 2
550 800 3
551 4 5
551 40 2
551 89 11
552 136 15
552 640 10
552 656 44
552 932 3
553 36 3
553 102 2
553 933 2
554 4 17
554 137 3
554 296 7
555 52 2
555 418 3
556 409 2
557 6 16
557 15 2
557 400 2
557 512 8
557 557 2
557 770 7
559 557 6
560 18 2
560 32 15
560 96 9
560 104 2
560 168 23
560 354 2
561 10 2
561 444 2
561 521 11
561 786 4
562 162 3
562 977 2
562 992 746
563 20 2
563 410 3
564 656 2
564 659 2
565 105 5
566 44 3
566 132 2
567 793 2
569 385 164564
569 522 2
571 100 2
571 457 5
572 36 4
572 64 2
572 257 2
572 370 108
572 777 2
573 886 16
574 18 2
574 533 2
574 696 4
576 4 3
576 5 2
576 76 15
576 133 75
576 172 2
576 228 6
576 547 72
576 607 119
577 72 2
577 222 2
577 292 25
577 401 3
577 577 2
577 661 4
577 997 2
578 26 2
578 96 8
578 120 4
578 136 36
578 554 2
578 572 10
579 136 2
579 621 2
580 64 13
580 507 5
580 528 2
580 598 2
581 645 2
583 129 2
584 432 2
585 208 2
585 217 6
585 354 2
585 389 7
586 64 12
586 658 8
587 608 3
588 784 388
590 276 4
590 520 2
590 788 30
591 147 2
592 2 19
592 4 7
592 148 3
592 322 2
592 528 2
592 585 7
593 429 2
595 557 196
596 11 2
596 33 6
596 91 21
599 92 2
599 176 2
599 569 2
600 68 2
600 115 2
600 562 86
600 573 2
600 575 2709
601 335 3
601 431 354
602 480 2
604 913 2
606 281 2
606 807 2
607 288 2
607 393 3
608 176 2
608 185 2
608 522 96
608 576 6
608 648 9
609 28 11
609 210 4
609 225 5
609 526 254
609 768 2
611 125 2
612 170 2
612 534 3
613 840 2
614 936 3
616 806 289
617 374 7
617 908 4
618 70 2
618 1004 15
619 140 2
619 231 79012
621 293 2
623 1000 9
624 579 2
625 5 10
625 261 6
625 530 2
626 8 2
626 104 2
626 114 3
626 528 28
626 608 31
627 3 3
627 418 2
627 769 2
627 977 6
628 76 11
631 24 2
633 812 5
635 546 2
637 73 2
640 4 13
640 6 9
640 16 3
640 160 2
640 181 9
640 246 8
640 258 2
640 369 5
640 421 2
640 525 2
640 659 6
640 732 17
640 938 2
640 952 2
641 192 3
642 512 36
642 562 231
643 73 2
643 775 12
644 48 10
644 387 2
644 660 6
644 769 2
645 4 57
645 25 3
645 548 2
645 963 6
646 289 5
648 76 2
648 98 3
648 210 38
648 301 8
648 369 6
648 512 6
648 694 10
648 769 2
649 4 2
650 108 2
650 216 16
650 953 2
651 290 2
652 594 14
654 565 2
655 384 31
655 761 117
656 3 13
656 278 8
656 370 8
658 10 141
658 226 2
658 640 4
660 36 54
660 52 8
661 244 8
661 608 2
662 374 25
664 16 15
664 781 16
665 3 53
665 260 6
666 66 7
667 587 2
668 163 23
668 464 2
668 749 33
670 515 5
672 1 21
672 514 15
672 608 5
672 717 12
673 656 4
674 259 381
674 401 12
674 672 2
675 257 172
675 470 4
676 52 4
677 121 3
677 641 8
678 237 38
679 556 5
680 20 3
680 39 2
680 105 4
680 450 5
680 540 5
681 6 2
681 33 112
682 14 8
683 278 2
684 1008 5
686 426 2
686 593 7
688 385 4
689 80 2
692 260 202
692 914 2
693 522 6
694 6 2
694 931 3
694 976 13
695 517 11
695 585 2
697 710 4
700 18 65
700 864 5
704 34 32
704 76 3
704 135 69
704 292 3
704 370 63
704 514 2
705 596 596
706 17 4
706 161 2
706 460 9
708 108 8
709 325 2
709 354 2
709 644 12
709 843 22
711 19 2
712 35 8
712 141 5
712 283 214
712 294 410
712 862 13
713 837 2
716 98 231
716 339 68
716 649 2
716 842 2
719 512 35
720 7 3
720 144 2
720 803 2
721 0 2
721 104 45
721 170 4
721 323 2
722 82 2
722 100 3
722 146 120
722 393 4
723 142 7
724 20 4
724 596 11
725 44 2
725 65 2
726 322 61
727 200 16
728 350 24471
728 712 2
732 834 2
736 24 11
737 25 2
737 64 6
737 288 913
737 610 18
738 970 2
740 235 6
740 801 84
741 45 2
741 260 15
742 97 108010
743 787 4
744 280 7
744 762 30
751 506 2
752 494 7
752 786 2
754 32 3
760 40 11
760 220 1034
760 300 401
761 435 2
763 668 2
768 226 15
768 502 13
768 608 2
768 666 9
768 736 2
768 738 5
768 926 6
769 34 4
769 350 6
769 640 2
769 773 6
770 211 2
770 256 49
770 515 2
770 663 6
771 128 2
772 0 3
772 32 28
772 130 21
774 8 2
774 936 2
775 48 2
775 921 2
776 101 2
776 155 11
776 586 6
776 697 2
777 6 2
777 84 2
777 200 71
777 318 6
777 539 2
777 554 2
777 608 16
777 641 56
778 330 2
778 389 8026
780 14 5
780 193 3
780 552 4
780 707 5
781 222 2
781 496 43
782 226 11
782 405 5
784 1 548
784 514 3
784 549 2
784 604 2
784 634 15
784 841 3
785 45 2
785 257 2
786 521 7
786 576 3
786 914 3
787 199 5
788 332 2
792 274 2
792 594 2
793 52 2
793 498 16
793 628 26206
795 422 2
798 776 13
800 45 23
800 97 8
800 824 2
801 34 3
801 312 2
801 592 979
802 660 3
802 769 14
803 512 2
804 0 14
804 104 15
804 337 3
804 779 17
805 387 14
805 781 8
806 43 2
806 134 2
806 232 2
806 480 4
808 302 3
808 526 5
808 777 2
808 937 2
810 17 3
810 394 5
810 416 11
812 778 4
814 161 3
814 264 3
814 523 2
814 905 2
816 18 2
816 24 3
817 784 17
819 69 5678
819 538 8
821 236 3
822 211 4
828 592 252
830 356 3
832 16 3
832 21 2
832 281 2
832 304 1049
832 427 2
832 548 8
833 147 5
833 999 3
834 0 2
834 32 2
834 912 4
835 264 4
835 392 2706
835 583 4
836 86 12
836 485 7
838 785 472
839 21 5
840 96 2
840 106 3
840 545 21
840 800 6
841 32 47
841 370 2
842 200 2
844 584 8
845 624 2
848 90 2
848 391 16
848 899 47
849 792 12
850 308 2
850 776 2
851 195 2
852 2 2
852 72 2
852 824 2
856 256 17
856 866 2
857 42 2
863 516 2
864 23 2
864 786 2
867 998 9
868 332 2
870 6 3
871 264 2
872 32 40
872 50 2
872 165 3
873 9 2
874 360 2
875 164 3
882 778 2
884 802 2
894 392 2
896 330 2
896 868 5
897 39 4
897 115 4
897 1002 2
898 336 1451
898 699 2
899 736 3
900 4 6
900 162 11
900 313 6
902 131 1288
902 420 2
903 339 3
904 112 2
904 231 30
904 888 13
904 929 2
905 12 2
905 196 14
905 248 5
905 540 5
905 572 5311
906 194 4
906 210 2
906 328 2
907 276 62
908 456 8
911 5 2
911 10 8
912 2 85
912 85 2
912 129 12
912 388 2
914 216 5
914 669 4
914 776 2
914 968 18
916 742 2
916 777 11
917 560 2
918 0 7
920 200 12
921 272 6
921 320 3
922 8 2
922 784 4
924 33 5
924 196 48
928 384 2
928 516 2
928 518 7
929 10 4
929 257 65
929 316 3
930 547 37
930 720 2
931 230 2
931 657 2
932 274 18
934 94 5
938 261 106
938 316 2
938 552 129
940 512 3
941 771 3
944 165 7
944 756 2
945 456 1731
947 568 1550
948 9 6
951 818 351160
952 37 3
956 846 2
958 844 7
960 358 31
961 291 2
961 333 2
961 481 3
963 130 2
966 29 2
966 192 2
966 197 3
966 555 2590
968 51 7
968 352 36
968 360 3
969 769 2
971 566 3
975 205 10
976 321 3
976 779 18
977 22 2
977 34 2
984 324 2
984 483 2
985 268 17
986 772 6
987 962 23
988 366 2
996 836 2
998 127 5
998 179 18
1000 260 5
1003 684 4
1011 36 4
1013 316 2
1020 371 2
1020 385 41
1021 643 2
