0 4 3510
0 9 108
0 17 18
0 18 7
0 29 2
0 47 279
0 112 5
0 150 627
0 215 24
0 256 10
0 259 3
0 274 17
0 321 5
0 352 2
0 415 12
0 552 2
0 618 9
0 670 4
0 674 4
0 679 2
0 843 10
0 902 3
1 15 2
1 30 6
1 37 3
1 82 12
1 135 2
1 292 7
1 357 3
1 481 2
1 535 7
1 565 3
1 644 5
1 825 8
1 920 21
2 0 3
2 3 10
2 8 9
2 48 2
2 260 888
2 328 2
2 523 14
2 826 2
3 24 2
3 272 2
3 277 2
3 652 3
3 817 19
4 0 10
4 4 32
4 15 2
4 24 3
4 50 7
4 60 5
4 64 2
4 248 5
4 293 6
4 368 2
4 576 2
4 683 2
4 774 2
4 808 2
5 216 2
5 584 5
5 887 2
6 3 2
6 148 8
6 259 9
6 267 8
6 268 19
6 512 7
6 798 113
6 1002 7
7 81 2
7 110 3
7 715 2
8 1 2
8 2 8
8 19 7
8 32 4
8 42 2
8 58 2
8 202 22
8 272 9
8 273 13
8 386 2
8 393 23
8 486 3
8 552 15
8 642 72
8 735 24
8 850 4
8 902 3
9 39 2
9 43 9
9 274 2
9 416 5
9 526 7
9 572 2
9 823 15
10 13 2
10 40 5
10 75 6
10 84 6
10 160 10
10 176 36
10 518 711
10 523 8
10 584 3
10 599 3
10 680 36
11 204 2
11 586 2
11 752 11
12 0 19
12 24 4
12 65 7
12 116 2
12 128 2
12 269 3
12 366 30
12 634 129
13 66 2
13 192 2
13 224 98
13 320 5
13 780 7
14 127 2
14 210 3
14 376 2
14 584 7
14 616 2
15 352 12
15 485 29
15 854 20
16 9 2
16 24 4
16 64 4
16 96 2
16 148 8
16 198 107
16 516 341
16 643 2
16 806 3
17 48 43
17 258 61
18 215 6
18 290 2
18 645 5
19 7 3
19 24 1593
19 657 15
19 709 2
20 1 2
20 28 15
20 36 14
20 69 4
20 176 2
20 786 6
21 258 6
22 24 2
22 68 6
22 97 2
22 107 4
22 281 18
22 320 3
22 331 49
22 565 2
23 328 2
23 770 22
23 886 11
24 9 2
24 533 62
24 781 4
24 786 53
24 944 4
25 523 5
25 592 2
26 109 29
26 801 2
27 210 3
27 547 17
28 72 91
28 192 7
28 203 5
28 624 1310
28 647 3
29 1 2
29 5 2
29 327 2
29 532 63
29 809 2
30 21 11
30 52 353
30 129 2
30 588 2
32 16 9
32 33 53
32 42 2
32 72 2
32 196 28
32 204 2
32 211 2
32 219 2
32 388 9
32 414 4
32 514 2
32 612 128
32 641 30
32 721 9
32 803 4
32 848 3
32 960 3
33 2 7
33 3 19
33 26 2
33 31 2
33 64 2
33 276 26
33 320 17020
33 785 4
33 898 2
33 945 3
34 144 2
34 292 2
34 324 5
34 561 16
34 663 8
34 720 2
35 65 2
35 551 12
35 689 4
36 12 3
36 34 5
36 48 7
36 257 17
36 266 20
36 288 2
36 320 4
36 448 31
36 555 2
36 705 2
36 858 2
37 2 2
37 13 3
37 364 2
37 594 2
38 180 2
38 204 9
38 544 2
39 3 6
39 48 5
39 520 2
39 982 4
40 20 2
40 39 24
40 65 3
40 256 2
40 512 2
40 528 43
40 605 2
40 645 2
40 756 2
40 761 164
40 840 2
40 980 2
41 96 2
41 263 4
41 321 3
41 513 9
41 987 2
42 42 32
42 140 15
42 329 2
42 411 159
42 839 2
43 1 2
43 546 250
44 12 5
44 47 2
44 430 2
44 524 468
45 23 2
45 50 11
45 266 12
45 615 21844
45 808 3
45 844 2
46 57 6
47 80 146
48 67 3
48 168 12
48 176 14
48 193 10
48 198 4
48 226 5
48 646 2
48 708 13
48 789 52
48 843 2
49 4 2
49 17 2
49 313 2
49 516 5
50 9 2
50 113 2
51 377 2
51 516 2
52 46 7
52 188 16
52 256 2
52 285 11
52 390 2
52 899 2
53 146 3
54 112 2
54 718 2
55 278 8
56 89 38
56 267 2
56 472 13
56 544 2
56 560 4
57 128 28
57 448 2
58 113 2
58 470 8
59 58 3
59 292 3
59 453 121
59 583 2
60 3 3
60 112 8
60 948 39
61 644 3
61 648 22
62 612 16
64 1 2
64 26 6
64 41 3
64 192 2
64 194 2
64 197 9
64 203 3
64 272 2
64 370 2
64 465 6
64 481 3
64 514 2
64 686 2
64 756 20
64 780 6
64 790 5
65 25 3
65 61 3
65 96 9
65 118 2
65 218 10
65 241 122
65 265 2
65 274 123
65 421 2
65 515 3
65 571 3
65 614 105
66 140 4
66 545 5
67 2 2
67 20 130
67 37 2
67 73 2
67 453 2
67 482 3
67 840 2
68 153 2
68 192 2
68 284 3
68 322 2
68 576 259
69 138 2
69 529 490
69 572 2
69 768 7
70 109 19
70 212 6
70 431 2
70 608 2
70 646 3893
70 672 667
71 1 85
71 264 13562
71 409 2
71 700 15
72 8 3
72 37 11
72 65 120
72 280 4
72 437 2
72 533 9
72 961 2
73 640 63
73 999 9
74 512 3
74 548 2
74 600 2
74 768 3
74 1012 8
75 259 5
75 576 2
76 76 37
76 133 3
76 262 4
76 855 2
77 256 24632
77 267 2
77 450 2
77 456 2
78 288 21
78 517 12
78 784 18
78 919 9
79 165 6
80 0 8
80 51 3
80 82 8
80 132 31549
80 211 11
80 528 10
80 677 19
80 920 2
81 807 9
81 852 41388
82 280 2
82 283 2
83 115 8
83 124 2
83 304 7
83 617 2
83 784 2
84 64 2
84 74 4
84 490 20
85 31 7
86 234 18
86 524 9
87 353 4
87 462 2
87 512 24
87 515 2
88 330 2
88 782 2
89 2 2
90 20 19
90 274 2
90 843 12
90 977 2
90 988 115
91 154 2
91 652 21
91 951 2
92 38 73
92 91 3
93 49 21
93 134 3
94 869 2
95 20 2
95 34 4
96 32 7
96 80 2
96 148 14
96 220 22
96 276 10
96 304 2
96 321 15
96 356 9
96 547 2
97 18 2
97 48 4
97 130 2
97 144 2
97 167 12
97 195 4
97 286 2
97 473 2
97 525 41
98 14 4
98 352 3
98 401 8
98 671 2
98 928 7
99 117 6
99 134 2
99 249 12
100 128 29
100 294 25
100 901 3
101 70 8
101 124 5
101 161 12
101 169 2
102 6 11
102 78 2
102 166 12
102 264 7
103 704 8
104 26 2
104 28 2
104 48 2
104 64 409
104 132 2
104 313 2
104 512 2
105 3 3
105 296 11
106 516 2
107 129 5
108 133 4
108 514 2
108 825 8
111 12 6
112 0 2
112 1 131
112 3 3
112 28 4
112 84 9
112 107 17
112 165 5
112 776 19412
114 68 2
114 416 8
114 452 3
114 497 2
114 872 17
116 33 2
117 803 2
118 565 2
119 446 5
119 836 2
120 0 2
120 76 410
121 536 19
122 24 6
122 80 3
122 185 2
122 294 7
123 600 4
124 304 6
124 348 7
125 268 2
128 1 4
128 10 2
128 58 2
128 134 9
128 200 14
128 208 15
128 362 16
128 375 2
128 376 4
128 453 5
128 770 5
128 806 35
129 0 5
129 10 4
129 37 2
129 39 2
129 163 2
129 584 2
129 707 13
130 78 48
130 272 416
130 273 2
130 368 2
130 520 88
130 528 4
130 532 2
130 540 4
130 675 3
130 772 21
130 980 55
131 581 3
132 6 81
132 17 2
132 94 2
132 137 6
132 372 2
132 516 2
132 713 15
132 916 11
133 23 18
133 138 2
133 614 2
134 67 6
134 84 23
134 208 271
134 224 2
134 377 2
134 390 5
134 768 238
135 258 4
135 544 2
136 21 2
136 39 3
136 81 2
136 160 2
136 482 7
136 610 5
136 657 15
136 684 12
136 831 31
137 148 2
137 256 5
137 259 26
137 325 2
137 678 2
137 778 4
138 266 2
138 415 5
138 590 2
138 902 4
139 426 8
139 865 2
140 72 5
140 135 18
140 143 2
140 168 2
140 464 4
140 724 16
140 776 7
141 2 4
141 521 3
142 641 12
143 116 2
143 144 11938
143 187 86
143 286 2
143 642 6
144 18 12
144 68 31
144 248 4
144 257 7
144 433 90
144 520 24
144 800 2
145 1 4
145 2 2
145 94 5
145 184 2
145 216 9
145 392 11
145 513 7
145 576 33
146 69 2
146 146 12
146 396 26
146 910 2
147 513 14
147 522 9
148 1 2
148 24 89
148 130 360
148 139 5
148 146 2
148 278 2
148 464 10
148 515 2
148 912 3
149 20 1792
149 633 3
149 649 4
150 141 2
150 160 2
150 656 8
151 102 2
151 132 5
151 207 8
151 250 3
153 26 17
153 151 34
153 171 3
153 592 1325
153 598 2
153 833 46
153 961 4
156 54 18
156 133 2
156 521 2
156 814 4
157 404 4
159 526 2
160 34 2
160 81 3
160 644 24
160 801 3
161 326 6
161 376 2
161 717 2
161 898 4
162 160 15
162 290 31
162 306 8
163 227 2
163 361 15
163 601 2
164 87 2
164 217 16
164 264 10
164 280 2
164 329 4
164 636 189
164 646 3
165 141 65
167 104 29
167 289 30
167 384 8
167 456 3
167 712 2
168 8 3
168 52 10
168 67 3
168 68 151
168 98 3
168 480 8
169 25 3
169 72 9
169 351 2
169 514 2
171 144 3
171 810 2
172 569 6
172 664 9
173 261 11
174 493 2
174 582 5
175 863 1115
176 32 17
176 137 12
176 270 38
176 273 3
176 824 11
176 864 3
176 932 2
177 128 20
177 280 4
177 744 5
178 100 19
178 144 3
178 580 15
178 797 2
179 429 2
180 600 15
180 973 15
181 97 2
181 331 7
181 964 7
182 672 6
182 728 2
184 141 2
184 161 2
184 664 3
185 5 3
185 42 2
185 391 2
186 272 165
186 582 2
188 4 8
188 199 2
192 43 4
192 52 3
192 177 2
192 392 24
192 524 15
192 536 2
192 713 4
192 898 53
192 904 9
192 999 7
193 8 2
193 120 7
193 162 40
193 375 2
193 718 7
193 775 2
194 321 2
194 592 3
194 677 2
196 81 4
196 286 3
196 377 5
197 61 13
197 100 2
197 297 2
197 592 4
197 611 3
197 769 73
198 196 2
198 812 8
200 445 419661
200 577 23
202 11 3
203 654 2
204 6 2
204 520 6
205 457 2
206 80 3
206 530 7
208 12 2
208 14 15
208 88 2
208 534 2
209 55 2
209 513 14
209 564 4
210 882 2
212 34 3
212 69 3
212 112 7
212 262 44
212 285 43
212 673 2
216 66 9
216 792 2
217 923 2
218 86 3
219 389 2
220 176 1038
222 532 8
225 257 2
225 316 9
225 948 2
226 157 2
227 336 17
227 592 7
227 838 6
228 294 317
230 9 3
231 261 14
231 290 2
232 5 491
232 65 2
232 80 2
232 130 12
232 480 3
233 212 2
233 973 29
234 917 5
235 281 8
235 645 2
237 91 17
238 620 2
239 370 2
239 560 2
240 799 3
240 914 2
241 206 3
241 245 12
244 33 2
244 356 2
244 932 2
245 705 2
246 64 2
248 557 12
248 902 2
250 46 18
253 636 7
256 4 2
256 5 3
256 68 2
256 69 8
256 97 12
256 212 2
256 243 2
256 416 4
256 512 2
256 522 73
256 616 81
256 705 2
256 764 3
256 772 44
256 804 3
256 963 308
256 992 2
257 0 10
257 268 3
257 272 2
257 544 2
257 680 2
257 806 2
257 912 875
257 920 2
258 34 88
258 36 4
258 265 5
258 673 13
258 810 2
259 7 17
259 100 15
259 165 2
259 226 2
259 532 220
260 131 13
260 256 2
260 295 2
260 545 4
260 678 2
260 978 63
261 8 3
261 67 2
261 72 9
261 356 2
261 672 2
261 995 6
262 32 704
262 134 2
262 193 42
262 256 6
262 906 2
262 1013 24
264 1 53
264 296 2
264 320 31
264 568 32
265 264 2
265 632 2
266 56 2
266 242 10
266 272 2
266 326 2
266 336 2
266 504 4
267 523 3
268 12 7
268 34 3
268 177 8
268 512 11
268 524 14
268 577 2
269 444 13
269 640 2
270 73 7
270 532 2
270 642 4
272 41 8
272 162 10
272 208 2
272 234 50
272 259 2
272 280 22
272 378 2
272 520 2
272 554 2
272 684 19
273 47 10
273 581 2
273 693 2
273 809 3
273 903 14
274 98 2
274 334 2
275 4 5
275 16 2
275 116 11
275 133 2
275 401 360
275 485 60
276 392 2
276 538 11
276 628 6
276 661 3
277 8 28
277 27 4
277 128 13
277 385 2
278 258 2
279 18 4
279 901 2
280 36 411
280 82 2
280 674 9
281 101 2
282 136 7
282 576 2
282 717 19
282 787 2
283 514 2
284 835 2
285 104 5
286 624 4
286 832 2
287 448 322
288 47 2
288 132 5
288 224 898
288 292 75
288 341 6
289 60 2
289 156 20
289 345 2
289 468 4
289 472 2
289 648 9
289 753 2
290 0 2
290 258 12
291 32 4
291 768 864
291 967 25
292 7 2
292 19 2
292 134 6
292 162 2
292 593 3
293 256 9
293 960 2
294 27 3
294 742 13
296 57 2
296 84 2
296 131 10
296 231 2
296 260 2
296 336 4
296 409 2
296 516 21
297 167 2
297 325 2
297 389 2
297 544 2
298 800 2
299 78 6
300 29 2352
300 140 4
301 274 34
301 777 2
303 292 2
304 6 2
304 8 5
304 42 2
304 63 103
304 106 2
304 212 26
304 258 3
304 292 14
305 11 373
305 34 2
305 163 2
305 576 9
306 36 4
306 550 18
306 918 5
307 514 3
308 583 2
308 692 2
308 832 876
308 848 5
309 77 3
309 774 3
310 44 2
310 936 7
312 514 2
314 109 2
314 156 14
314 376 2
314 518 11
315 739 2
316 452 2
318 532 5
318 914 20
320 29 2
320 315 2
320 407 6
320 428 22
320 641 2
321 4 4
321 262 12
321 768 2
321 834 4
321 1008 6
322 0 3
322 80 2
322 272 2
322 416 2
322 899 2
322 902 2
323 360 2
323 515 3
324 106 6
324 167 8
324 179 2
324 200 90
324 513 241
324 530 35
325 6 15
325 74 2
325 145 2
325 192 53
326 16 2
326 32 3
326 116 3
326 280 36
327 675 2
327 698 23
328 45 5
328 853 61
329 35 4
329 258 11
330 8 2
330 204 82
332 456 3
334 265 7
335 83 2
335 391 12
336 18 10
336 100 20
336 576 12
336 632 8
337 352 2
337 768 2
337 833 12
338 33 47
338 160 2
338 169 3
339 42 9
340 0 27
340 106 2
341 576 2
342 15 86
342 168 6
342 536 8
343 475 4
344 676 9
345 32 2
345 992 2
346 11 2
346 89 5
347 11 49
347 149 2
347 296 7
348 128 2
349 12 4
352 419 2
352 514 4
352 680 7
352 794 15
352 860 2
353 138 2
353 389 2
353 684 5
354 25 7
354 30 37
354 288 30
354 836 2
354 969 2
355 134 2
355 634 2
356 800 22
358 3 17
358 197 2
360 732 2
361 266 12
361 316 3
362 34 2
363 162 5
363 424 3
364 740 5
366 657 1039
368 49 29
368 738 4
368 925 2
371 112 2
371 705 9
372 352 3363
375 77 2
376 193 2
379 333 9
380 339 19
381 531 912
382 562 2
384 5 2
384 156 2
384 168 5
384 332 4
384 423 13
384 457 3
384 481 3
384 531 20
384 571 2
384 597 2
384 692 23
384 841 2
384 962 3
385 2 11
385 75 15541
385 213 16
385 214 7
385 563 9
386 73 6
386 158 26721
386 160 2
386 206 37
386 275 4
386 846 2
386 912 5
387 147 2
387 297 23
387 545 9
387 1016 4
388 332 14
389 596 39
390 566 1003
391 8 3
391 800 4
392 38 2
392 336 1415
392 553 3
393 461 2
394 80 7
394 211 22
394 590 21
395 4 2
395 647 25
396 6 2
396 454 2
396 536 2
396 546 2
396 915 2
396 960 5
397 132 4
397 305 2
397 518 5
398 943 2
399 9 69
400 10 882
400 21 5
400 144 2
400 712 2
401 16 3
401 58 2
401 284 2
401 673 2
401 932 2
402 68 4
402 80 2
402 769 2
403 98 2
405 160 2
406 677 4
406 928 2
407 591 4
408 66 2
408 405 2
408 576 2
409 66 2
409 105 2
409 417 26
409 888 2
410 520 2
411 20 7
412 6 56
413 640 2
414 932 2
416 279 2
416 292 2
416 531 3
416 832 2
417 577 6
418 16 22
419 7 15
419 62 2
419 844 23
420 32 8
420 288 3181
420 424 10
420 538 7
420 545 6
421 400 3
422 736 2
423 384 2
423 651 5
424 481 2
425 161 2
425 746 2
425 776 2
426 644 19
427 580 3
428 32 9
428 194 2
428 620 23
428 880 2
430 8 2
430 68 2
430 203 2
433 24 3
433 398 4
434 734 2
436 597 284
436 641 2
441 21 2
442 146 8
442 691 6
444 769 2
444 801 9
448 513 2
449 321 77
450 450 24
452 48 5
452 136 780
452 512 2
452 513 3
453 368 3
453 661 14
454 9 820
454 437 2
454 634 6
454 782 2
455 640 3
456 105 4
456 367 2
456 376 2
456 774 12
458 101 2
460 197 2
460 462 13
460 566 3
461 625 2
461 901 2
462 516 110
462 641 2
463 916 2
464 265 15
464 928 78
465 531 5
465 761 5
465 902 2
467 211 3
467 300 36
473 6 2
473 600 2
473 800 9
476 775 2
480 0 7
480 731 3
480 928 3
481 288 6
481 416 2
482 64 2
482 208 2
482 285 16
483 276 2
484 841 3
485 134 16
488 3 3
488 269 10
489 64 19
491 112 18
496 433 8
496 978 2
501 519 2
504 267 2
505 332 2
506 706 2
512 1 4
512 36 5
512 52 2
512 65 2
512 96 2
512 153 7
512 173 5
512 266 7
512 438 22
512 453 2
512 514 2
512 522 2
512 685 2
512 936 2
513 5 1739
513 42 36
513 47 4
513 100 18
513 304 2
513 315 2
513 340 48
513 548 4
513 640 2
513 644 2
514 4 9
514 11 10
514 36 2
514 401 9
514 452 2
514 522 4
514 572 2
515 93 2
515 157 45
515 273 55
515 598 19
516 33 2
516 69 2
516 72 2
516 357 18
516 442 2
516 555 12
516 582 2
516 605 4
516 779 2
516 785 13
517 0 2
517 3 12
517 8 66
517 177 2
517 281 329
517 525 2
517 534 24
517 672 2
517 676 2
517 768 134
518 41 14
518 66 2
518 517 5
519 944 16
519 967 10
520 9 5
520 94 6
520 164 2
520 328 3
520 436 7
520 812 2
520 896 6
521 81 2
521 131 11
521 229 4
521 450 2
521 546 3
521 560 5
522 1 14
522 234 2
522 549 2
522 652 2
523 650 2
524 173 18
525 134 2
525 820 3
526 776 33
527 36 4
527 713 10
528 10 5
528 33 16
528 36 4
528 97 8
528 144 2
528 156 5
528 171 4
528 512 34
528 580 2
528 582 4
528 611 690
528 720 2
528 801 5
529 16 4
529 260 2
529 423 9
529 520 28
529 737 8
529 836 10
530 86 2
530 132 3
530 278 2
530 325 2
530 522 15
530 696 2
532 134 30
532 292 2
533 5 17
533 37 2
533 787 5
534 6 7
534 786 10
534 928 3
535 10 2
536 244 2
536 412 5
536 687 1475
536 902 3
537 99 5
537 138 9
537 478 3
538 84 208
538 820 21
540 256 5
541 344 39
544 6 2
544 24 77
544 151 2
544 160 30
544 401 2
544 416 2
544 429 2
544 536 6
544 542 21
544 551 9
544 597 20
544 718 57
545 209 5
545 226 4
545 520 2
545 743 18
545 914 2
546 2 8
546 263 2
546 900 2
547 265 2
547 427 14
547 577 15
548 141 2
548 512 2
548 577 15
549 68 5
549 97 3
549 146 2
549 530 4
550 36 4
550 649 10
550 800 4
551 4 3
551 40 2
551 89 9
552 136 2
552 640 8
552 656 3
552 932 3
553 36 10
553 102 2
553 933 17
554 4 10
554 137 12
554 296 5
555 52 2
555 418 8
556 409 27
557 6 3
557 15 2
557 400 10
557 512 13
557 557 192
557 770 11
559 557 6
560 18 3573
560 32 4
560 96 16
560 104 50
560 168 6
560 354 13
561 10 80
561 444 11
561 521 96
561 786 2
562 162 3
562 977 385
562 992 2
563 20 19
563 410 2
564 656 28
564 659 39
565 105 7
566 44 6
566 132 19
567 793 3
569 385 2
569 522 13
571 100 2
571 457 3
572 36 2
572 64 3
572 257 2
572 370 696
572 777 2
573 886 10
574 18 5
574 533 2
574 696 123
576 4 99
576 5 24
576 76 8
576 133 2
576 172 14
576 228 242
576 547 52
576 607 2
577 72 10
577 222 3
577 292 2
577 401 5
577 577 8
577 661 2
577 997 29
578 26 12
578 96 7
578 120 38
578 136 2
578 554 3
578 572 11
579 136 2
579 621 7
580 64 2
580 507 2
580 528 2
580 598 2
581 645 2
583 129 2
584 432 3
585 208 2
585 217 27
585 354 8
585 389 2
586 64 9
586 658 73
587 608 8
588 784 2
590 276 2
590 520 5
590 788 11
591 147 2
592 2 3
592 4 3
592 148 2
592 322 2
592 528 2
592 585 2
593 429 2
595 557 52
596 11 4
596 33 4
596 91 36
599 92 4
599 176 9
599 569 28
600 68 3
600 115 6
600 562 2
600 573 2
600 575 2
601 335 2
601 431 2
602 480 2
604 913 2
606 281 3
606 807 8
607 288 6
607 393 2
608 176 37
608 185 2
608 522 2
608 576 13
608 648 3
609 28 11
609 210 4
609 225 6
609 526 2781
609 768 2
611 125 3
612 170 1332
612 534 2
613 840 20
614 936 2
616 806 8
617 374 4
617 908 19
618 70 3
618 1004 5
619 140 4
619 231 2
621 293 6
623 1000 2
624 579 2
625 5 2
625 261 19
625 530 2
626 8 2
626 104 3752
626 114 8
626 528 26
626 608 9
627 3 5
627 418 2
627 769 2
627 977 6
628 76 2
631 24 2
633 812 17
635 546 2
637 73 6
640 4 10
640 6 5
640 16 5
640 160 4
640 181 2
640 246 7
640 258 2
640 369 2
640 421 3
640 525 2
640 659 14
640 732 19
640 938 4
640 952 2
641 192 2
642 512 4
642 562 3
643 73 15
643 775 6
644 48 7
644 387 9
644 660 18
644 769 18
645 4 41
645 25 59
645 548 3
645 963 10
646 289 26
648 76 8
648 98 12
648 210 2
648 301 6
648 369 7
648 512 2
648 694 10
648 769 2
649 4 3
650 108 2
650 216 2
650 953 12
651 290 67
652 594 2
654 565 2
655 384 9
655 761 34
656 3 6
656 278 8
656 370 23
658 10 2
658 226 4
658 640 8
660 36 4
660 52 10
661 244 19
661 608 2
662 374 9
664 16 10
664 781 5
665 3 64
665 260 2
666 66 58
667 587 5
668 163 125
668 464 4
668 749 2
670 515 6
672 1 2
672 514 3
672 608 7
672 717 2
673 656 5
674 259 2
674 401 5
674 672 2
675 257 17
675 470 2
676 52 2
677 121 2
677 641 2
678 237 2
679 556 21
680 20 4
680 39 3
680 105 2
680 450 17
680 540 4
681 6 250098
681 33 2
682 14 21
683 278 10
684 1008 6
686 426 2
686 593 2
688 385 6
689 80 161
692 260 70
692 914 3
693 522 3
694 6 5
694 931 2
694 976 2
695 517 9
695 585 4
697 710 255
700 18 2
700 864 4
704 34 23
704 76 2
704 135 2
704 292 2
704 370 6
704 514 2
705 596 620
706 17 2
706 161 2
706 460 6
708 108 2
709 325 2027
709 354 2
709 644 8
709 843 3
711 19 2
712 35 18
712 141 2
712 283 2
712 294 125
712 862 16
713 837 2
716 98 5
716 339 2
716 649 78
716 842 17
719 512 470
720 7 2
720 144 4
720 803 23
721 0 11
721 104 12
721 170 34
721 323 2
722 82 2
722 100 24
722 146 78
722 393 3
723 142 6
724 20 11
724 596 11
725 44 2
725 65 2
726 322 2
727 200 12
728 350 4
728 712 2
732 834 2
736 24 31
737 25 2
737 64 2
737 288 2
737 610 89
738 970 84
740 235 2
740 801 21
741 45 2
741 260 34
742 97 7364
743 787 106
744 280 5
744 762 3
751 506 267
752 494 5
752 786 7
754 32 2
760 40 2
760 220 2
760 300 2
761 435 22
763 668 3
768 226 34
768 502 7
768 608 7
768 666 11
768 736 2
768 738 8
768 926 4
769 34 9
769 350 2
769 640 10
769 773 10
770 211 28
770 256 2
770 515 2
770 663 14
771 128 4
772 0 2
772 32 18
772 130 2
774 8 16
774 936 2
775 48 5
775 921 2
776 101 7
776 155 4
776 586 2
776 697 2
777 6 2
777 84 2
777 200 6
777 318 3
777 539 2
777 554 2
777 608 6
777 641 2
778 330 8
778 389 883
780 14 6
780 193 8
780 552 2
780 707 49
781 222 2
781 496 2
782 226 4
782 405 3
784 1 2
784 514 10
784 549 2
784 604 2
784 634 2
784 841 2
785 45 2
785 257 168
786 521 2
786 576 64
786 914 2
787 199 9
788 332 2
792 274 20
792 594 1523
793 52 19
793 498 7
793 628 412
795 422 3
798 776 15
800 45 17
800 97 11
800 824 386
801 34 2
801 312 2
801 592 2
802 660 2
802 769 2
803 512 3
804 0 8
804 104 33
804 337 5
804 779 2
805 387 10
805 781 123
806 43 79
806 134 2
806 232 2
806 480 6
808 302 8
808 526 5
808 777 2
808 937 2
810 17 3
810 394 2
810 416 2
812 778 3
814 161 2
814 264 2
814 523 36
814 905 6
816 18 6
816 24 2
817 784 24
819 69 2
819 538 4
821 236 3
822 211 3
828 592 2
830 356 18
832 16 3
832 21 2
832 281 4
832 304 149
832 427 2
832 548 3
833 147 2
833 999 1973
834 0 2
834 32 2
834 912 5
835 264 2
835 392 2
835 583 3
836 86 46
836 485 2
838 785 640
839 21 103
840 96 12
840 106 2
840 545 12
840 800 12
841 32 15
841 370 483
842 200 4
844 584 2
845 624 4
848 90 2
848 391 4
848 899 2
849 792 6
850 308 3
850 776 3
851 195 5
852 2 2
852 72 2
852 824 2
856 256 8
856 866 243
857 42 2
863 516 20
864 23 2
864 786 2
867 998 4
868 332 2
870 6 2
871 264 2
872 32 49
872 50 8
872 165 69
873 9 8
874 360 4908
875 164 2
882 778 62
884 802 2
894 392 2
896 330 2
896 868 2
897 39 2
897 115 3
897 1002 8
898 336 2
898 699 2
899 736 3
900 4 2
900 162 27
900 313 2
902 131 732347
902 420 2
903 339 2
904 112 2
904 231 6
904 888 7
904 929 2
905 12 16
905 196 5
905 248 2
905 540 2
905 572 70383
906 194 9
906 210 18
906 328 7
907 276 3
908 456 2
911 5 2
911 10 13
912 2 2
912 85 6
912 129 16
912 388 2
914 216 38
914 669 2
914 776 5
914 968 2
916 742 2
916 777 6
917 560 3
918 0 25
920 200 4
921 272 22
921 320 2
922 8 71
922 784 2
924 33 5
924 196 5
928 384 2
928 516 11
928 518 2
929 10 67
929 257 2
929 316 3
930 547 2
930 720 6
931 230 2
931 657 2
932 274 7
934 94 2
938 261 5
938 316 11
938 552 2
940 512 11
941 771 4
944 165 28
944 756 2
945 456 23
947 568 2
948 9 5
951 818 783
952 37 2
956 846 3
958 844 14
960 358 6
961 291 2
961 333 2
961 481 2
963 130 4
966 29 2
966 192 2
966 197 2
966 555 2
968 51 4
968 352 3
968 360 4
969 769 13
971 566 75
975 205 2
976 321 619
976 779 4
977 22 74
977 34 70
984 324 2
984 483 7
985 268 16
986 772 2
987 962 2
988 366 2
996 836 6
998 127 2
998 179 8
1000 260 3
1003 684 10
1011 36 2
1013 316 10
1020 371 2
1020 385 4
1021 643 3
