0 4 2
0 9 5
0 17 5
0 18 2
0 29 2
0 47 24
0 112 2
0 150 2
0 215 5
0 256 4
0 259 23
0 274 3
0 321 6
0 352 29
0 415 3
0 552 2
0 618 2
0 670 10
0 674 25
0 679 35
0 843 13
0 902 27
1 15 2
1 30 2
1 37 4
1 82 17
1 135 2
1 292 2
1 357 2
1 481 24
1 535 13
1 565 50
1 644 2
1 825 2
1 920 16
2 0 6
2 3 10
2 8 5
2 48 4
2 260 4
2 328 6366
2 523 2
2 826 5
3 24 2
3 272 5
3 277 3
3 652 12
3 817 13
4 0 16
4 4 25
4 15 2
4 24 8
4 50 18
4 60 7
4 64 10998
4 248 2
4 293 4
4 368 2
4 576 25
4 683 530
4 774 2
4 808 39
5 216 2
5 584 11
5 887 2
6 3 55
6 148 2
6 259 4
6 267 16
6 268 5
6 512 34
6 798 4
6 1002 22
7 81 2
7 110 7
7 715 3
8 1 8
8 2 9
8 19 6
8 32 2
8 42 2
8 58 60
8 202 12
8 272 49
8 273 9
8 386 2
8 393 4
8 486 13
8 552 2
8 642 33
8 735 29
8 850 20
8 902 2
9 39 2
9 43 19
9 274 2
9 416 2
9 526 2
9 572 8
9 823 5
10 13 4
10 40 4
10 75 4
10 84 6
10 160 2
10 176 8
10 518 12
10 523 3
10 584 4
10 599 13
10 680 2
11 204 4
11 586 6
11 752 3
12 0 12
12 24 2
12 65 5706
12 116 10392
12 128 4
12 269 3
12 366 2
12 634 2
13 66 789
13 192 8
13 224 4
13 320 2
13 780 12
14 127 2
14 210 4
14 376 2
14 584 35
14 616 141
15 352 10
15 485 2
15 854 6
16 9 8
16 24 7
16 64 2
16 96 7
16 148 5
16 198 53
16 516 36
16 643 11
16 806 2
17 48 3
17 258 3
18 215 9
18 290 2
18 645 104
19 7 2
19 24 2
19 657 2
19 709 18
20 1 2
20 28 20
20 36 20
20 69 22
20 176 2
20 786 2
21 258 7
22 24 4666
22 68 2
22 97 2
22 107 4
22 281 38
22 320 2
22 331 654
22 565 2
23 328 2
23 770 2
23 886 2
24 9 7
24 533 265
24 781 6
24 786 5
24 944 2
25 523 53
25 592 2
26 109 2
26 801 2
27 210 2
27 547 8
28 72 2
28 192 5
28 203 2
28 624 13
28 647 7
29 1 209
29 5 7
29 327 2
29 532 12
29 809 4
30 21 8
30 52 2
30 129 2
30 588 2
32 16 10
32 33 9
32 42 2
32 72 27
32 196 1045
32 204 2
32 211 5
32 219 28
32 388 5
32 414 9
32 514 2
32 612 3
32 641 2
32 721 8
32 803 2
32 848 10
32 960 12
33 2 2
33 3 2
33 26 3
33 31 5
33 64 7
33 276 2
33 320 2
33 785 3
33 898 2
33 945 4
34 144 5
34 292 3
34 324 13
34 561 13
34 663 17
34 720 8
35 65 4
35 551 5
35 689 45
36 12 2
36 34 2
36 48 16
36 257 17
36 266 50
36 288 2
36 320 4
36 448 5
36 555 2
36 705 2
36 858 2
37 2 2
37 13 29
37 364 1159
37 594 2
38 180 2
38 204 5
38 544 2
39 3 2
39 48 2
39 520 2
39 982 4
40 20 6
40 39 2
40 65 20
40 256 2
40 512 2
40 528 36
40 605 2
40 645 63
40 756 6
40 761 7
40 840 8
40 980 2
41 96 2
41 263 2
41 321 11
41 513 2
41 987 3
42 42 2
42 140 2
42 329 2
42 411 2
42 839 11
43 1 2
43 546 2
44 12 2
44 47 4
44 430 5
44 524 16052
45 23 5
45 50 2
45 266 2
45 615 2
45 808 38
45 844 253
46 57 10
47 80 3
48 67 2
48 168 9
48 176 3
48 193 3
48 198 2
48 226 4
48 646 2
48 708 4
48 789 2
48 843 3
49 4 23
49 17 2
49 313 2
49 516 2
50 9 2
50 113 2
51 377 2
51 516 4
52 46 37
52 188 19
52 256 2
52 285 8
52 390 2
52 899 2
53 146 2
54 112 16606
54 718 4
55 278 4
56 89 11
56 267 7
56 472 2
56 544 2
56 560 4
57 128 2
57 448 14
58 113 31
58 470 2
59 58 7
59 292 8
59 453 2
59 583 3
60 3 47
60 112 4
60 948 11
61 644 2
61 648 156
62 612 2
64 1 3
64 26 11
64 41 2
64 192 2
64 194 39
64 197 8
64 203 2
64 272 9
64 370 2
64 465 9
64 481 2
64 514 3
64 686 2
64 756 2
64 780 2
64 790 4
65 25 3
65 61 2
65 96 9
65 118 2
65 218 2
65 241 18
65 265 111
65 274 32
65 421 2
65 515 9
65 571 7
65 614 6
66 140 14
66 545 4
67 2 6
67 20 5280
67 37 2
67 73 8
67 453 5
67 482 2
67 840 3
68 153 2
68 192 2
68 284 2
68 322 9
68 576 4
69 138 2
69 529 7
69 572 2
69 768 17
70 109 17
70 212 2
70 431 3
70 608 22
70 646 370
70 672 2
71 1 5
71 264 2
71 409 32
71 700 2
72 8 15
72 37 3
72 65 2
72 280 81
72 437 2
72 533 2
72 961 5
73 640 87
73 999 14
74 512 2
74 548 4
74 600 2
74 768 2
74 1012 2
75 259 3
75 576 2
76 76 47
76 133 9
76 262 2
76 855 4
77 256 2
77 267 6
77 450 3
77 456 14
78 288 2
78 517 2
78 784 5
78 919 3
79 165 6
80 0 5
80 51 3
80 82 8
80 132 2
80 211 6
80 528 7
80 677 3
80 920 76
81 807 8
81 852 2
82 280 2
82 283 7
83 115 4
83 124 14
83 304 2
83 617 32
83 784 2
84 64 3
84 74 7
84 490 2
85 31 10
86 234 2
86 524 5
87 353 30
87 462 2
87 512 47
87 515 2
88 330 3
88 782 2
89 2 52
90 20 3
90 274 2
90 843 4
90 977 2
90 988 43
91 154 2
91 652 19
91 951 2
92 38 3
92 91 2
93 49 19
93 134 2
94 869 92
95 20 11
95 34 45
96 32 2
96 80 2
96 148 6
96 220 2
96 276 2
96 304 4
96 321 259
96 356 8
96 547 2
97 18 4
97 48 2
97 130 4
97 144 19
97 167 7
97 195 4
97 286 5
97 473 2
97 525 14
98 14 2
98 352 7
98 401 55
98 671 7
98 928 2
99 117 2
99 134 2
99 249 4
100 128 2
100 294 2
100 901 2
101 70 9
101 124 108
101 161 6
101 169 2
102 6 5
102 78 2
102 166 4
102 264 2
103 704 2
104 26 41
104 28 124
104 48 12
104 64 2
104 132 2
104 313 2
104 512 8
105 3 2
105 296 9
106 516 942
107 129 3
108 133 4
108 514 355
108 825 5
111 12 8
112 0 311
112 1 2
112 3 265
112 28 2
112 84 20
112 107 8
112 165 2
112 776 1118
114 68 34
114 416 14
114 452 2
114 497 3
114 872 2
116 33 2
117 803 392
118 565 4
119 446 2
119 836 3
120 0 2
120 76 2
121 536 890
122 24 7
122 80 246
122 185 2
122 294 67
123 600 41
124 304 2
124 348 3
125 268 42
128 1 49
128 10 4
128 58 242
128 134 3
128 200 3
128 208 3
128 362 2
128 375 9
128 376 20
128 453 10
128 770 2
128 806 5
129 0 9
129 10 3
129 37 37
129 39 2
129 163 2
129 584 12
129 707 3
130 78 4
130 272 2
130 273 6
130 368 2
130 520 2
130 528 3
130 532 2
130 540 6
130 675 2
130 772 2
130 980 75
131 581 2
132 6 21
132 17 2
132 94 2
132 137 3
132 372 2
132 516 5
132 713 2
132 916 22
133 23 2
133 138 2
133 614 7
134 67 2
134 84 5
134 208 4
134 224 2
134 377 2
134 390 3
134 768 30
135 258 678
135 544 13
136 21 3
136 39 4
136 81 12
136 160 2
136 482 12
136 610 2
136 657 8
136 684 4
136 831 26
137 148 2
137 256 5
137 259 8
137 325 2
137 678 12
137 778 2
138 266 2
138 415 4
138 590 2
138 902 30
139 426 2
139 865 2
140 72 4
140 135 22
140 143 2
140 168 3
140 464 2
140 724 4
140 776 2
141 2 2
141 521 191
142 641 11
143 116 34628
143 144 2
143 187 4
143 286 17
143 642 33
144 18 3
144 68 18
144 248 3
144 257 6
144 433 20
144 520 10
144 800 2037
145 1 2
145 2 106
145 94 18
145 184 2
145 216 9
145 392 6
145 513 3
145 576 275
146 69 2
146 146 8
146 396 2
146 910 2
147 513 24
147 522 4
148 1 2
148 24 109
148 130 26
148 139 7
148 146 2
148 278 2
148 464 2
148 515 3
148 912 3
149 20 515
149 633 20
149 649 2
150 141 11
150 160 3
150 656 20
151 102 6
151 132 8
151 207 4
151 250 16
153 26 34
153 151 8
153 171 16
153 592 8
153 598 13
153 833 2
153 961 3
156 54 11
156 133 6
156 521 4
156 814 3
157 404 19
159 526 2
160 34 5
160 81 4
160 644 15
160 801 4
161 326 5
161 376 201
161 717 14
161 898 5
162 160 31
162 290 2
162 306 7
163 227 6
163 361 3
163 601 2
164 87 4
164 217 7
164 264 5
164 280 125
164 329 24
164 636 15
164 646 2
165 141 2
167 104 8
167 289 2
167 384 7
167 456 21
167 712 2
168 8 15
168 52 5
168 67 7
168 68 2
168 98 2
168 480 20
169 25 6
169 72 15
169 351 2
169 514 2
171 144 13
171 810 2
172 569 3
172 664 2
173 261 5
174 493 2
174 582 4
175 863 3
176 32 16
176 137 2
176 270 7
176 273 11
176 824 4
176 864 2
176 932 9
177 128 18
177 280 17
177 744 13
178 100 2
178 144 4
178 580 2
178 797 2
179 429 2
180 600 6
180 973 5
181 97 2
181 331 13
181 964 4
182 672 9
182 728 6
184 141 13
184 161 33
184 664 2
185 5 2
185 42 47
185 391 4
186 272 3
186 582 431
188 4 16
188 199 2
192 43 5
192 52 2
192 177 61
192 392 8
192 524 5
192 536 3
192 713 2
192 898 2
192 904 3
192 999 4
193 8 3
193 120 2
193 162 3
193 375 3
193 718 8
193 775 2
194 321 2
194 592 2
194 677 288
196 81 11
196 286 3
196 377 9
197 61 2
197 100 2
197 297 31
197 592 24
197 611 26
197 769 2
198 196 2
198 812 10
200 445 74
200 577 3
202 11 244
203 654 2
204 6 4
204 520 6
205 457 2
206 80 4
206 530 5
208 12 2
208 14 8
208 88 4
208 534 2
209 55 3
209 513 23
209 564 3
210 882 80
212 34 9
212 69 7
212 112 2
212 262 2
212 285 2
212 673 2
216 66 7
216 792 3
217 923 3
218 86 68
219 389 3
220 176 17
222 532 5
225 257 2
225 316 2
225 948 6
226 157 2
227 336 333
227 592 10
227 838 30
228 294 2
230 9 2
231 261 2
231 290 2
232 5 18
232 65 34
232 80 947
232 130 5
232 480 2
233 212 3
233 973 56
234 917 6
235 281 6
235 645 1317
237 91 2
238 620 12
239 370 45
239 560 2
240 799 8
240 914 2
241 206 3
241 245 3
244 33 3
244 356 2
244 932 2
245 705 2
246 64 131
248 557 2
248 902 11
250 46 5
253 636 15
256 4 2
256 5 16
256 68 2
256 69 11
256 97 5
256 212 2
256 243 2
256 416 2
256 512 2
256 522 2
256 616 10
256 705 2
256 764 2
256 772 2
256 804 2
256 963 5
256 992 2
257 0 8
257 268 11
257 272 4
257 544 2
257 680 1141
257 806 6
257 912 51
257 920 2
258 34 2
258 36 14
258 265 7
258 673 3
258 810 2
259 7 4
259 100 2
259 165 2
259 226 2
259 532 8
260 131 2
260 256 9
260 295 20
260 545 23
260 678 6
260 978 2
261 8 15
261 67 26
261 72 6
261 356 757
261 672 7
261 995 9
262 32 150
262 134 2
262 193 12
262 256 3
262 906 12
262 1013 2
264 1 3
264 296 6
264 320 2
264 568 11
265 264 18
265 632 2
266 56 4
266 242 10
266 272 3
266 326 24
266 336 2
266 504 2
267 523 2
268 12 32
268 34 91
268 177 2
268 512 2
268 524 2
268 577 436
269 444 2
269 640 147
270 73 13
270 532 871
270 642 75
272 41 8
272 162 10
272 208 2
272 234 2
272 259 2
272 280 2
272 378 2
272 520 15
272 554 2
272 684 2
273 47 16
273 581 2
273 693 2
273 809 2
273 903 2
274 98 2
274 334 2
275 4 18
275 16 2
275 116 3
275 133 3
275 401 213
275 485 2
276 392 85
276 538 8
276 628 2
276 661 5
277 8 24
277 27 3
277 128 2
277 385 2
278 258 2
279 18 10
279 901 7
280 36 8
280 82 2
280 674 2
281 101 3
282 136 3
282 576 1416
282 717 23
282 787 40
283 514 18
284 835 2
285 104 4
286 624 80
286 832 2
287 448 2
288 47 2
288 132 2
288 224 2
288 292 2
288 341 2
289 60 2
289 156 6
289 345 4
289 468 2
289 472 2
289 648 11
289 753 42
290 0 5
290 258 5
291 32 313
291 768 5
291 967 3
292 7 3
292 19 24
292 134 2
292 162 2
292 593 2
293 256 23
293 960 2
294 27 3
294 742 9
296 57 12
296 84 12
296 131 26
296 231 3
296 260 2
296 336 4
296 409 2
296 516 2
297 167 7
297 325 2
297 389 366
297 544 2
298 800 159
299 78 2
300 29 53
300 140 2
301 274 52
301 777 2
303 292 2
304 6 80
304 8 3
304 42 2
304 63 2
304 106 23
304 212 2
304 258 24
304 292 3
305 11 2
305 34 2
305 163 30489
305 576 5
306 36 2
306 550 4
306 918 21
307 514 8
308 583 3
308 692 4
308 832 8
308 848 2
309 77 4
309 774 2
310 44 28
310 936 3
312 514 2
314 109 228
314 156 4
314 376 2
314 518 3
315 739 2
316 452 7
318 532 2
318 914 5
320 29 2
320 315 151
320 407 11
320 428 2
320 641 2
321 4 7
321 262 11
321 768 10
321 834 2
321 1008 3
322 0 3
322 80 2
322 272 8
322 416 224
322 899 8
322 902 3
323 360 2
323 515 3
324 106 16
324 167 2
324 179 6
324 200 2
324 513 151
324 530 71
325 6 2
325 74 2
325 145 2
325 192 9
326 16 2
326 32 26
326 116 6
326 280 123
327 675 2
327 698 2
328 45 3
328 853 2
329 35 2
329 258 2
330 8 4
330 204 3
332 456 2
334 265 3
335 83 9
335 391 18
336 18 109
336 100 2
336 576 5
336 632 43
337 352 2
337 768 27
337 833 4
338 33 2
338 160 6
338 169 2
339 42 19
340 0 61
340 106 7
341 576 2
342 15 2
342 168 7
342 536 5
343 475 50
344 676 3
345 32 2
345 992 24
346 11 68
346 89 8
347 11 10
347 149 3
347 296 18
348 128 4
349 12 2
352 419 1015
352 514 2
352 680 3
352 794 24
352 860 2
353 138 2
353 389 2
353 684 18
354 25 3
354 30 7
354 288 4
354 836 32
354 969 3
355 134 2
355 634 2
356 800 2
358 3 7
358 197 2518
360 732 5
361 266 14
361 316 6
362 34 2
363 162 11
363 424 2
364 740 5
366 657 174
368 49 29
368 738 2
368 925 41
371 112 2
371 705 4
372 352 2
375 77 3
376 193 11
379 333 3
380 339 20
381 531 92
382 562 16
384 5 157
384 156 275
384 168 6
384 332 2
384 423 12
384 457 4
384 481 2
384 531 85
384 571 61
384 597 3
384 692 8
384 841 1742
384 962 4
385 2 2
385 75 10
385 213 10
385 214 2
385 563 4
386 73 13
386 158 2
386 160 12
386 206 23
386 275 3
386 846 3
386 912 10
387 147 2
387 297 2
387 545 2
387 1016 2
388 332 2
389 596 6
390 566 2
391 8 5
391 800 8
392 38 8
392 336 95465
392 553 7
393 461 2
394 80 2
394 211 7808
394 590 3
395 4 4
395 647 20
396 6 14
396 454 16
396 536 2
396 546 2
396 915 6
396 960 5
397 132 6
397 305 5
397 518 8
398 943 10
399 9 2
400 10 15
400 21 7
400 144 2
400 712 2
401 16 3
401 58 2
401 284 3
401 673 2
401 932 5
402 68 4
402 80 2
402 769 3
403 98 2
405 160 2
406 677 21
406 928 2
407 591 2
408 66 40
408 405 34
408 576 6
409 66 2
409 105 8
409 417 16
409 888 84
410 520 2
411 20 11
412 6 4
413 640 4
414 932 667
416 279 18
416 292 9
416 531 2
416 832 2
417 577 8
418 16 9
419 7 3
419 62 8
419 844 4
420 32 14
420 288 6
420 424 4
420 538 12
420 545 4
421 400 2
422 736 3
423 384 2
423 651 3
424 481 126
425 161 2
425 746 2
425 776 2
426 644 2
427 580 14
428 32 2
428 194 49
428 620 7
428 880 4
430 8 2
430 68 2
430 203 14
433 24 7
433 398 2
434 734 2
436 597 2
436 641 2
441 21 3
442 146 10
442 691 14
444 769 2
444 801 4
448 513 3
449 321 2
450 450 2
452 48 2
452 136 590
452 512 7
452 513 8
453 368 5
453 661 2
454 9 2
454 437 6236
454 634 2
454 782 2
455 640 2
456 105 2
456 367 2
456 376 4
456 774 34
458 101 2
460 197 7
460 462 6
460 566 6
461 625 7
461 901 2
462 516 3
462 641 2
463 916 2
464 265 5
464 928 3
465 531 2
465 761 28
465 902 2137
467 211 2
467 300 2
473 6 89
473 600 2
473 800 17
476 775 2
480 0 5
480 731 6
480 928 2
481 288 2
481 416 2
482 64 2
482 208 2
482 285 18
483 276 13
484 841 2
485 134 2
488 3 6
488 269 3
489 64 4
491 112 3
496 433 14
496 978 16
501 519 2
504 267 2
505 332 646
506 706 75
512 1 2
512 36 2
512 52 10
512 65 2
512 96 5
512 153 3
512 173 11
512 266 39
512 438 42
512 453 7
512 514 2
512 522 2
512 685 2
512 936 2
513 5 2
513 42 36
513 47 11
513 100 187
513 304 21
513 315 2
513 340 15
513 548 2
513 640 9
513 644 983
514 4 31
514 11 4
514 36 2
514 401 2
514 452 2
514 522 22
514 572 2
515 93 7
515 157 9
515 273 765111
515 598 460
516 33 2
516 69 44
516 72 172
516 357 15018
516 442 2
516 555 2
516 582 6
516 605 14
516 779 27
516 785 2
517 0 2
517 3 8
517 8 2
517 177 3387150
517 281 2
517 525 2
517 534 2
517 672 8
517 676 2
517 768 4
518 41 2
518 66 7
518 517 2
519 944 8
519 967 10
520 9 5
520 94 133
520 164 2
520 328 23
520 436 22
520 812 2
520 896 4
521 81 30
521 131 3
521 229 6
521 450 16
521 546 2
521 560 2
522 1 4
522 234 267
522 549 5
522 652 2
523 650 2
524 173 11
525 134 10
525 820 7
526 776 2
527 36 2
527 713 5
528 10 5
528 33 11
528 36 2
528 97 13
528 144 2
528 156 3
528 171 2
528 512 2
528 580 1659
528 582 4
528 611 8444
528 720 2
528 801 7
529 16 231
529 260 63
529 423 2
529 520 2
529 737 9
529 836 2
530 86 9
530 132 2
530 278 13
530 325 2
530 522 4
530 696 3
532 134 2
532 292 2
533 5 15
533 37 3
533 787 20
534 6 8
534 786 6
534 928 2
535 10 2
536 244 16
536 412 4
536 687 659
536 902 2
537 99 2
537 138 8
537 478 2
538 84 2
538 820 2
540 256 3
541 344 109
544 6 177
544 24 2
544 151 69
544 160 8
544 401 147
544 416 2
544 429 3
544 536 9
544 542 2
544 551 3
544 597 3
544 718 2
545 209 4
545 226 12
545 520 2
545 743 15
545 914 21
546 2 6
546 263 2
546 900 2
547 265 273
547 427 2
547 577 23
548 141 11
548 512 7
548 577 4
549 68 2
549 97 8
549 146 8
549 530 11
550 36 2
550 649 3
550 800 3
551 4 2
551 40 2
551 89 2
552 136 48
552 640 7
552 656 2
552 932 6
553 36 3
553 102 8
553 933 27
554 4 41
554 137 7
554 296 3
555 52 2
555 418 10
556 409 2
557 6 2
557 15 2
557 400 2
557 512 5
557 557 2
557 770 7
559 557 8
560 18 8
560 32 11
560 96 3
560 104 7
560 168 5
560 354 6
561 10 2
561 444 17
561 521 2
561 786 2
562 162 5
562 977 25
562 992 2
563 20 2
563 410 2
564 656 13
564 659 10
565 105 2
566 44 42
566 132 5
567 793 2
569 385 2
569 522 5
571 100 5
571 457 8
572 36 76
572 64 2
572 257 3
572 370 161
572 777 2
573 886 3
574 18 2
574 533 2
574 696 2
576 4 20
576 5 5
576 76 9
576 133 6
576 172 2
576 228 93121
576 547 10
576 607 2
577 72 9
577 222 3
577 292 3
577 401 3
577 577 2
577 661 6
577 997 2
578 26 133
578 96 10
578 120 325
578 136 2
578 554 6
578 572 3
579 136 4
579 621 2
580 64 2
580 507 2
580 528 5
580 598 2
581 645 2
583 129 14
584 432 27
585 208 6
585 217 19
585 354 152
585 389 4
586 64 13
586 658 42
587 608 4
588 784 2
590 276 2
590 520 4
590 788 18
591 147 38
592 2 10
592 4 4
592 148 2
592 322 254
592 528 2
592 585 9
593 429 2
595 557 2
596 11 3
596 33 6
596 91 3
599 92 2
599 176 2
599 569 6
600 68 2
600 115 32
600 562 2
600 573 2
600 575 2
601 335 8
601 431 521
602 480 2
604 913 2
606 281 318
606 807 2
607 288 2
607 393 15
608 176 2
608 185 42
608 522 2
608 576 2
608 648 26
609 28 9
609 210 2
609 225 2
609 526 42
609 768 2
611 125 4
612 170 624
612 534 2
613 840 21
614 936 4
616 806 1051
617 374 2
617 908 15
618 70 2
618 1004 2
619 140 4
619 231 2
621 293 5
623 1000 13
624 579 2
625 5 2
625 261 4
625 530 20
626 8 2
626 104 2
626 114 2
626 528 2
626 608 3
627 3 2
627 418 17
627 769 2
627 977 2
628 76 15
631 24 7536
633 812 6
635 546 58
637 73 8
640 4 2
640 6 2
640 16 10
640 160 2
640 181 13
640 246 31
640 258 2
640 369 11
640 421 588
640 525 2
640 659 17
640 732 15
640 938 2
640 952 2
641 192 42
642 512 7
642 562 146
643 73 2
643 775 8
644 48 19
644 387 3
644 660 5
644 769 10
645 4 7
645 25 11
645 548 3
645 963 9
646 289 23
648 76 12
648 98 8
648 210 2
648 301 11
648 369 6
648 512 7
648 694 2
648 769 27
649 4 3
650 108 527
650 216 5
650 953 3
651 290 22
652 594 6
654 565 2
655 384 7
655 761 2
656 3 2
656 278 5
656 370 2
658 10 2
658 226 2
658 640 2
660 36 4
660 52 3
661 244 153
661 608 3
662 374 2
664 16 2
664 781 2
665 3 2
665 260 10
666 66 2
667 587 6
668 163 2
668 464 25
668 749 2
670 515 6
672 1 21
672 514 31
672 608 31
672 717 16
673 656 24
674 259 2
674 401 12
674 672 28
675 257 2
675 470 2
676 52 2
677 121 2
677 641 2
678 237 16
679 556 9
680 20 2
680 39 20
680 105 9
680 450 2
680 540 3
681 6 745
681 33 3
682 14 14
683 278 12
684 1008 21
686 426 2
686 593 3
688 385 2
689 80 17
692 260 2
692 914 25
693 522 2
694 6 21
694 931 2
694 976 2
695 517 6
695 585 2
697 710 2
700 18 2
700 864 2
704 34 7
704 76 3
704 135 4
704 292 159
704 370 2
704 514 4
705 596 6
706 17 5
706 161 2
706 460 5
708 108 5
709 325 233
709 354 2
709 644 11
709 843 6
711 19 14
712 35 2
712 141 5
712 283 2
712 294 88
712 862 27
713 837 6
716 98 2
716 339 2257
716 649 2
716 842 41
719 512 24
720 7 22
720 144 2
720 803 6
721 0 6
721 104 20
721 170 9
721 323 2
722 82 54
722 100 10
722 146 33
722 393 9
723 142 3
724 20 2
724 596 4
725 44 4
725 65 3
726 322 2
727 200 6
728 350 2
728 712 3
732 834 2
736 24 17
737 25 6
737 64 2
737 288 7
737 610 4064
738 970 1353
740 235 2
740 801 3
741 45 2
741 260 3
742 97 78504
743 787 7
744 280 7
744 762 24
751 506 2
752 494 29
752 786 2
754 32 4
760 40 3
760 220 7
760 300 2
761 435 2
763 668 8
768 226 11
768 502 13
768 608 2
768 666 5
768 736 2
768 738 10
768 926 6
769 34 4
769 350 3
769 640 7
769 773 6
770 211 2
770 256 7
770 515 2
770 663 5
771 128 4
772 0 2
772 32 3
772 130 2
774 8 5
774 936 2
775 48 5
775 921 5
776 101 3
776 155 13
776 586 7
776 697 2
777 6 2
777 84 2
777 200 59
777 318 8
777 539 3
777 554 412
777 608 18
777 641 2
778 330 12
778 389 2
780 14 22
780 193 4
780 552 8
780 707 5
781 222 1100
781 496 3
782 226 3
782 405 12
784 1 14
784 514 32
784 549 10
784 604 2
784 634 2
784 841 9
785 45 3150
785 257 2
786 521 12
786 576 2
786 914 34
787 199 3
788 332 8
792 274 12
792 594 1965
793 52 10
793 498 18
793 628 2
795 422 120
798 776 16
800 45 7
800 97 4
800 824 2
801 34 43
801 312 6
801 592 3
802 660 11
802 769 2
803 512 3
804 0 17
804 104 2
804 337 2
804 779 12
805 387 3
805 781 2
806 43 5
806 134 61
806 232 241
806 480 2
808 302 12
808 526 11
808 777 2
808 937 5
810 17 7
810 394 5
810 416 22
812 778 6
814 161 2
814 264 2
814 523 2
814 905 2
816 18 2
816 24 13
817 784 10
819 69 3
819 538 3
821 236 5
822 211 4
828 592 12
830 356 3
832 16 2
832 21 2
832 281 28
832 304 66712007
832 427 10
832 548 15
833 147 66
833 999 2
834 0 2
834 32 2
834 912 3
835 264 2
835 392 1191
835 583 24
836 86 8
836 485 2
838 785 8722
839 21 2
840 96 6
840 106 3
840 545 5
840 800 7
841 32 4
841 370 2
842 200 4
844 584 2
845 624 2
848 90 2
848 391 13
848 899 6806
849 792 18
850 308 11
850 776 2
851 195 5
852 2 31
852 72 11
852 824 24
856 256 2
856 866 18
857 42 3
863 516 8
864 23 2
864 786 2
867 998 2
868 332 2
870 6 3
871 264 281
872 32 16
872 50 15
872 165 52
873 9 2
874 360 2
875 164 13
882 778 2
884 802 3
894 392 23
896 330 3948
896 868 3
897 39 13
897 115 2
897 1002 3
898 336 5782
898 699 2
899 736 6
900 4 2
900 162 20
900 313 2
902 131 2
902 420 2
903 339 2
904 112 7
904 231 4
904 888 21
904 929 2
905 12 18
905 196 10
905 248 2
905 540 2
905 572 2
906 194 17
906 210 2
906 328 2
907 276 4
908 456 31
911 5 2
911 10 13
912 2 31
912 85 4
912 129 5
912 388 24
914 216 2
914 669 5
914 776 2
914 968 11
916 742 4
916 777 11
917 560 3
918 0 5
920 200 6
921 272 31
921 320 2
922 8 2
922 784 2
924 33 5
924 196 62
928 384 2
928 516 2
928 518 2
929 10 2
929 257 4
929 316 2
930 547 2
930 720 2
931 230 4
931 657 2
932 274 2
934 94 70
938 261 11
938 316 2
938 552 68
940 512 4
941 771 3
944 165 18
944 756 49
945 456 80
947 568 2
948 9 3
951 818 2
952 37 7
956 846 20
958 844 4
960 358 31
961 291 1519
961 333 224
961 481 2
963 130 3
966 29 57
966 192 2
966 197 2
966 555 2
968 51 2
968 352 2
968 360 6
969 769 17
971 566 2
975 205 8
976 321 2
976 779 5
977 22 10
977 34 2
984 324 2762
984 483 2
985 268 5
986 772 945
987 962 17
988 366 8
996 836 5
998 127 10
998 179 2
1000 260 23
1003 684 4
1011 36 2
1013 316 2
1020 371 2
1020 385 2
1021 643 2
