0 4 3
0 9 3
0 17 5
0 18 5
0 29 20
0 47 2
0 112 2
0 150 2
0 215 13
0 256 4
0 259 2
0 274 2
0 321 9
0 352 5
0 415 2
0 552 2
0 618 22
0 670 2
0 674 2
0 679 2
0 843 15
0 902 2
1 15 24764
1 30 2
1 37 3
1 82 8
1 135 2
1 292 6
1 357 33
1 481 6
1 535 5
1 565 5
1 644 2
1 825 23
1 920 2
2 0 4
2 3 21
2 8 10
2 48 5
2 260 8
2 328 23
2 523 171
2 826 14
3 24 2
3 272 7
3 277 2
3 652 8
3 817 3
4 0 4
4 4 2
4 15 2
4 24 5
4 50 9
4 60 2
4 64 2
4 248 10
4 293 2
4 368 5
4 576 1960
4 683 2
4 774 67
4 808 8
5 216 3
5 584 3
5 887 2
6 3 2
6 148 357
6 259 2
6 267 16
6 268 3
6 512 6
6 798 2
6 1002 2
7 81 2
7 110 2
7 715 2
8 1 2
8 2 2
8 19 4
8 32 7
8 42 63
8 58 4
8 202 4
8 272 20
8 273 6
8 386 725
8 393 11
8 486 13
8 552 36
8 642 8
8 735 9
8 850 9
8 902 2
9 39 2
9 43 2
9 274 2
9 416 10
9 526 2
9 572 20
9 823 4
10 13 39
10 40 4
10 75 34
10 84 417
10 160 3
10 176 10
10 518 2
10 523 2
10 584 4
10 599 6
10 680 61
11 204 27
11 586 2
11 752 7
12 0 11
12 24 7
12 65 3
12 116 3
12 128 2
12 269 2
12 366 2
12 634 2
13 66 2
13 192 11
13 224 6845
13 320 2
13 780 5
14 127 44
14 210 3
14 376 2
14 584 5
14 616 21
15 352 24
15 485 2
15 854 7
16 9 17
16 24 4
16 64 6
16 96 5
16 148 3
16 198 2
16 516 4
16 643 2
16 806 13
17 48 6
17 258 492
18 215 5
18 290 2
18 645 4
19 7 4
19 24 2
19 657 2
19 709 2
20 1 2
20 28 5
20 36 5
20 69 3
20 176 4
20 786 2
21 258 7
22 24 2
22 68 5
22 97 2
22 107 2
22 281 23
22 320 25
22 331 3
22 565 2
23 328 2
23 770 19
23 886 5
24 9 7
24 533 2
24 781 7
24 786 10
24 944 2
25 523 2
25 592 2
26 109 50
26 801 2
27 210 2
27 547 12
28 72 2
28 192 4
28 203 12
28 624 11
28 647 3
29 1 5
29 5 12
29 327 252
29 532 13
29 809 6
30 21 5
30 52 2
30 129 2
30 588 156
32 16 2
32 33 11
32 42 2
32 72 8
32 196 2
32 204 6
32 211 2
32 219 2
32 388 6
32 414 2
32 514 49
32 612 5
32 641 2
32 721 5
32 803 7
32 848 2
32 960 7
33 2 2
33 3 2
33 26 3
33 31 2
33 64 92
33 276 3
33 320 2
33 785 29
33 898 59
33 945 7
34 144 12
34 292 2
34 324 27
34 561 8
34 663 2
34 720 4
35 65 7
35 551 7
35 689 29
36 12 6
36 34 6
36 48 3
36 257 34
36 266 13689
36 288 2
36 320 121
36 448 2
36 555 2
36 705 17
36 858 2
37 2 2
37 13 2
37 364 12011
37 594 2
38 180 7
38 204 6
38 544 21
39 3 2
39 48 2
39 520 2
39 982 5
40 20 14
40 39 20
40 65 2
40 256 16855
40 512 2
40 528 19
40 605 2
40 645 10
40 756 3
40 761 2016
40 840 6
40 980 4
41 96 9
41 263 2
41 321 4
41 513 4
41 987 2
42 42 5
42 140 2
42 329 2
42 411 2
42 839 7
43 1 3
43 546 23
44 12 6
44 47 7
44 430 5
44 524 421
45 23 14
45 50 7
45 266 15
45 615 4
45 808 2
45 844 2
46 57 15
47 80 18
48 67 3
48 168 2
48 176 2
48 193 6
48 198 7
48 226 2
48 646 2
48 708 7
48 789 2
48 843 4
49 4 2
49 17 90409
49 313 4
49 516 15
50 9 2
50 113 2
51 377 3
51 516 2
52 46 2
52 188 2
52 256 539
52 285 9
52 390 556
52 899 4
53 146 5
54 112 2
54 718 2
55 278 35
56 89 2
56 267 2
56 472 12
56 544 66
56 560 2
57 128 5
57 448 94
58 113 3
58 470 12
59 58 2
59 292 5
59 453 2
59 583 5
60 3 2
60 112 13
60 948 5
61 644 6
61 648 2
62 612 2
64 1 67
64 26 4
64 41 4
64 192 3
64 194 3
64 197 2
64 203 32
64 272 6529
64 370 2
64 465 16
64 481 2
64 514 2
64 686 22
64 756 3
64 780 2
64 790 5
65 25 4
65 61 2
65 96 2
65 118 15
65 218 3
65 241 2
65 265 2
65 274 3
65 421 15
65 515 4
65 571 123
65 614 2
66 140 4
66 545 2
67 2 65
67 20 2
67 37 4
67 73 4
67 453 2
67 482 11
67 840 6
68 153 787
68 192 14
68 284 2
68 322 5
68 576 176
69 138 5
69 529 2
69 572 78
69 768 7
70 109 2
70 212 2
70 431 2
70 608 27
70 646 2
70 672 2
71 1 7
71 264 2
71 409 3
71 700 2
72 8 12
72 37 2
72 65 2
72 280 8
72 437 2
72 533 8
72 961 2
73 640 235
73 999 4
74 512 12
74 548 4
74 600 2
74 768 2
74 1012 2
75 259 2
75 576 4
76 76 8464
76 133 11
76 262 4
76 855 12
77 256 315451
77 267 4
77 450 4
77 456 10
78 288 2
78 517 2
78 784 7
78 919 4
79 165 11
80 0 11
80 51 26
80 82 4
80 132 2
80 211 4
80 528 10
80 677 2
80 920 1253
81 807 9
81 852 2
82 280 62
82 283 100
83 115 13
83 124 2
83 304 6
83 617 4
83 784 9
84 64 11
84 74 5
84 490 22
85 31 15
86 234 45
86 524 2
87 353 4
87 462 4
87 512 2
87 515 5
88 330 8
88 782 2
89 2 2
90 20 5
90 274 18
90 843 12
90 977 2
90 988 2
91 154 6
91 652 6
91 951 2
92 38 2
92 91 5
93 49 6
93 134 2
94 869 2
95 20 2
95 34 2
96 32 7
96 80 2
96 148 7
96 220 3
96 276 4
96 304 2
96 321 262
96 356 2
96 547 21
97 18 2
97 48 3
97 130 2
97 144 10
97 167 9
97 195 6
97 286 2
97 473 27
97 525 2
98 14 2
98 352 5
98 401 138
98 671 56
98 928 2
99 117 2
99 134 1954
99 249 2
100 128 14
100 294 2
100 901 3
101 70 3
101 124 7
101 161 9
101 169 523721
102 6 5
102 78 11
102 166 9
102 264 2
103 704 30
104 26 2
104 28 2
104 48 5
104 64 2
104 132 8
104 313 2
104 512 44
105 3 4
105 296 6
106 516 67
107 129 4
108 133 5
108 514 267099
108 825 39
111 12 5
112 0 3
112 1 9
112 3 4
112 28 3
112 84 4
112 107 15
112 165 2
112 776 2
114 68 794
114 416 5
114 452 12
114 497 2
114 872 2
116 33 2
117 803 5
118 565 7
119 446 3
119 836 16935
120 0 2
120 76 2
121 536 51
122 24 8
122 80 2
122 185 5
122 294 7
123 600 636
124 304 2
124 348 35
125 268 17
128 1 2
128 10 29
128 58 2
128 134 15
128 200 3
128 208 2
128 362 12
128 375 2
128 376 11
128 453 8
128 770 2
128 806 17
129 0 5
129 10 607
129 37 17
129 39 2
129 163 2
129 584 2
129 707 22
130 78 2
130 272 2
130 273 6
130 368 7991
130 520 5
130 528 277
130 532 2
130 540 5
130 675 5
130 772 4
130 980 8
131 581 2
132 6 2
132 17 2
132 94 3
132 137 14
132 372 2
132 516 40
132 713 5
132 916 2
133 23 22
133 138 2
133 614 2
134 67 2
134 84 2
134 208 2
134 224 5
134 377 9
134 390 2
134 768 3
135 258 67
135 544 5
136 21 8
136 39 2
136 81 3
136 160 5
136 482 5
136 610 7
136 657 10
136 684 54
136 831 5
137 148 2
137 256 2
137 259 36
137 325 177
137 678 2349
137 778 2
138 266 1657
138 415 2
138 590 2
138 902 10
139 426 4
139 865 898
140 72 3
140 135 9
140 143 2
140 168 2
140 464 2
140 724 1959
140 776 20
141 2 6
141 521 2
142 641 3
143 116 2
143 144 2
143 187 114
143 286 2
143 642 2
144 18 3
144 68 4
144 248 6
144 257 6
144 433 3
144 520 10
144 800 43709
145 1 2
145 2 104
145 94 3
145 184 2
145 216 4
145 392 4
145 513 8
145 576 2
146 69 8
146 146 5
146 396 37
146 910 2
147 513 6
147 522 18
148 1 2
148 24 9
148 130 2
148 139 7
148 146 17742
148 278 18
148 464 4
148 515 6
148 912 7
149 20 5
149 633 2
149 649 2
150 141 14
150 160 7
150 656 21
151 102 6
151 132 51
151 207 5
151 250 2
153 26 796
153 151 17
153 171 17
153 592 2
153 598 2
153 833 2
153 961 2
156 54 8
156 133 3
156 521 5
156 814 9
157 404 4
159 526 2
160 34 43
160 81 6
160 644 2
160 801 141
161 326 4
161 376 4
161 717 3
161 898 2
162 160 4886
162 290 2
162 306 4
163 227 3
163 361 10
163 601 12
164 87 2
164 217 4
164 264 2
164 280 4
164 329 2
164 636 2
164 646 2
165 141 2
167 104 4
167 289 2
167 384 31
167 456 25
167 712 10
168 8 2
168 52 19
168 67 18
168 68 2
168 98 2
168 480 21
169 25 3
169 72 3
169 351 16
169 514 12
171 144 3
171 810 2
172 569 4
172 664 13
173 261 2
174 493 2
174 582 7
175 863 249
176 32 8
176 137 16
176 270 2
176 273 4
176 824 8
176 864 11
176 932 2
177 128 3
177 280 3
177 744 3
178 100 9
178 144 8
178 580 2
178 797 2
179 429 48199
180 600 4
180 973 6
181 97 83
181 331 5
181 964 13
182 672 12
182 728 952
184 141 2
184 161 2
184 664 3
185 5 2
185 42 16
185 391 2594
186 272 9
186 582 2
188 4 3
188 199 25
192 43 7
192 52 2
192 177 33
192 392 15
192 524 13
192 536 2
192 713 4
192 898 2
192 904 3
192 999 2
193 8 131
193 120 6
193 162 4
193 375 27
193 718 4
193 775 5
194 321 2
194 592 15
194 677 96
196 81 10
196 286 2
196 377 9
197 61 9
197 100 5
197 297 469
197 592 27
197 611 2
197 769 583
198 196 3
198 812 12
200 445 2
200 577 12
202 11 2
203 654 2
204 6 10
204 520 29
205 457 2
206 80 4
206 530 2
208 12 2
208 14 2
208 88 3
208 534 3
209 55 3
209 513 13
209 564 3
210 882 26
212 34 24
212 69 25
212 112 14
212 262 2
212 285 2
212 673 2
216 66 2
216 792 4
217 923 2
218 86 13
219 389 2
220 176 564
222 532 9
225 257 34
225 316 2
225 948 3
226 157 2
227 336 14
227 592 19
227 838 12
228 294 2
230 9 10
231 261 2
231 290 2
232 5 3
232 65 14
232 80 11
232 130 5
232 480 2
233 212 3
233 973 7
234 917 15
235 281 4
235 645 116
237 91 2
238 620 9527
239 370 3472
239 560 2
240 799 3
240 914 2
241 206 2
241 245 5
244 33 3
244 356 15
244 932 224
245 705 2
246 64 2
248 557 2
248 902 8
250 46 5
253 636 4
256 4 2
256 5 5
256 68 2
256 69 11
256 97 4
256 212 3
256 243 2
256 416 26
256 512 3
256 522 2
256 616 2
256 705 2
256 764 2
256 772 2
256 804 2
256 963 7
256 992 2
257 0 3
257 268 2
257 272 7
257 544 2
257 680 2
257 806 215
257 912 2
257 920 2
258 34 2
258 36 3
258 265 6
258 673 11
258 810 2
259 7 27
259 100 7
259 165 2
259 226 18
259 532 3
260 131 2
260 256 3
260 295 11
260 545 7
260 678 2
260 978 2
261 8 7
261 67 53
261 72 7
261 356 14
261 672 465
261 995 15
262 32 2
262 134 12
262 193 2
262 256 2
262 906 2
262 1013 2
264 1 2
264 296 2
264 320 8
264 568 5
265 264 17
265 632 2
266 56 2078
266 242 15
266 272 2
266 326 2
266 336 18
266 504 2
267 523 7
268 12 9
268 34 2
268 177 4
268 512 3
268 524 3
268 577 2
269 444 2
269 640 2
270 73 18
270 532 2
270 642 2
272 41 7
272 162 2
272 208 5
272 234 33
272 259 3
272 280 28
272 378 4
272 520 2
272 554 2
272 684 8
273 47 15
273 581 7
273 693 53
273 809 2
273 903 18
274 98 2
274 334 2
275 4 4
275 16 2
275 116 8
275 133 7
275 401 2
275 485 2
276 392 21
276 538 13
276 628 5
276 661 5
277 8 30
277 27 4
277 128 11
277 385 2
278 258 2
279 18 7
279 901 2
280 36 2
280 82 2
280 674 2
281 101 17
282 136 2
282 576 2
282 717 19
282 787 72
283 514 7
284 835 2
285 104 2
286 624 57
286 832 2
287 448 2
288 47 18
288 132 2
288 224 11
288 292 2
288 341 2
289 60 111
289 156 45
289 345 4
289 468 7
289 472 63
289 648 2
289 753 5
290 0 24
290 258 34
291 32 2
291 768 2
291 967 10
292 7 4
292 19 11
292 134 4
292 162 41
292 593 54
293 256 6
293 960 2
294 27 6
294 742 2
296 57 2
296 84 9
296 131 8
296 231 2
296 260 2
296 336 2
296 409 6
296 516 416
297 167 2
297 325 35
297 389 2
297 544 3
298 800 2
299 78 2
300 29 33
300 140 5
301 274 6
301 777 7
303 292 2
304 6 16
304 8 2
304 42 4
304 63 10
304 106 2
304 212 11
304 258 5
304 292 11
305 11 33
305 34 2
305 163 27
305 576 2
306 36 2
306 550 7
306 918 9
307 514 9
308 583 2
308 692 2
308 832 2
308 848 4
309 77 2
309 774 557
310 44 2
310 936 14
312 514 18
314 109 106
314 156 2
314 376 161
314 518 6
315 739 2
316 452 6
318 532 2
318 914 5
320 29 2
320 315 2
320 407 47
320 428 42
320 641 2
321 4 2
321 262 21
321 768 3
321 834 2
321 1008 2
322 0 2
322 80 2
322 272 3
322 416 40
322 899 2
322 902 4
323 360 3
323 515 2
324 106 6
324 167 2
324 179 9
324 200 36
324 513 2
324 530 5
325 6 13
325 74 865
325 145 2
325 192 4
326 16 2
326 32 4
326 116 18
326 280 2
327 675 4
327 698 15
328 45 3
328 853 13
329 35 2
329 258 7
330 8 9
330 204 15
332 456 2
334 265 2
335 83 8
335 391 3
336 18 64071
336 100 5
336 576 6
336 632 2
337 352 22
337 768 1210
337 833 2
338 33 2
338 160 18
338 169 35
339 42 2
340 0 28
340 106 5
341 576 2
342 15 6
342 168 16
342 536 3
343 475 2
344 676 2
345 32 2
345 992 4
346 11 1077
346 89 4
347 11 10
347 149 2
347 296 7
348 128 10
349 12 3
352 419 152
352 514 2
352 680 26
352 794 7
352 860 2
353 138 15
353 389 2
353 684 2
354 25 2
354 30 12
354 288 32
354 836 3
354 969 40
355 134 2
355 634 156
356 800 2
358 3 6
358 197 2
360 732 2
361 266 6
361 316 3
362 34 22
363 162 2
363 424 2
364 740 7
366 657 2
368 49 376
368 738 4
368 925 231
371 112 16
371 705 3
372 352 2
375 77 5
376 193 11
379 333 8
380 339 2
381 531 2
382 562 2
384 5 2
384 156 20
384 168 5
384 332 69
384 423 6
384 457 2
384 481 2
384 531 60
384 571 2
384 597 2
384 692 5
384 841 2
384 962 2
385 2 2
385 75 166
385 213 23
385 214 2
385 563 11
386 73 2
386 158 2
386 160 84
386 206 15
386 275 4
386 846 6
386 912 2
387 147 3
387 297 2
387 545 2
387 1016 7
388 332 2
389 596 2
390 566 45
391 8 2
391 800 2
392 38 7
392 336 2
392 553 11
393 461 2
394 80 18
394 211 2
394 590 13
395 4 3
395 647 59
396 6 2
396 454 12
396 536 12
396 546 722
396 915 2
396 960 3
397 132 5
397 305 2
397 518 2
398 943 6
399 9 48
400 10 2
400 21 10
400 144 2
400 712 4
401 16 2
401 58 3
401 284 14
401 673 2
401 932 8865
402 68 5
402 80 5
402 769 15
403 98 4
405 160 2
406 677 3
406 928 16
407 591 2
408 66 20068
408 405 2
408 576 20
409 66 2
409 105 2
409 417 13
409 888 2
410 520 2
411 20 2
412 6 35
413 640 5
414 932 29
416 279 8
416 292 2
416 531 3
416 832 9
417 577 3
418 16 11
419 7 3
419 62 11
419 844 2
420 32 40
420 288 2
420 424 4
420 538 17
420 545 2
421 400 3
422 736 2
423 384 10
423 651 2
424 481 209
425 161 2
425 746 58
425 776 9
426 644 3
427 580 40
428 32 5
428 194 2
428 620 17
428 880 2
430 8 40
430 68 4
430 203 1746
433 24 24
433 398 4
434 734 2
436 597 2
436 641 2
441 21 15
442 146 6
442 691 3
444 769 2
444 801 20
448 513 11
449 321 10
450 450 2
452 48 2
452 136 58
452 512 3
452 513 4
453 368 3
453 661 2
454 9 4
454 437 2
454 634 4
454 782 2
455 640 3
456 105 2
456 367 2
456 376 6
456 774 7
458 101 2
460 197 2
460 462 3
460 566 8
461 625 7
461 901 2
462 516 2
462 641 18
463 916 2
464 265 3
464 928 21
465 531 12
465 761 2
465 902 23
467 211 79
467 300 4
473 6 2
473 600 12
473 800 22
476 775 17
480 0 8
480 731 8
480 928 8
481 288 3
481 416 7
482 64 2
482 208 8
482 285 5
483 276 3
484 841 2
485 134 4
488 3 3
488 269 4
489 64 5
491 112 21
496 433 10
496 978 2
501 519 2
504 267 2
505 332 4023
506 706 7
512 1 7
512 36 4
512 52 10
512 65 282
512 96 4
512 153 3
512 173 9
512 266 28
512 438 8
512 453 3
512 514 2
512 522 2
512 685 5
512 936 3
513 5 381
513 42 3
513 47 6
513 100 19
513 304 8
513 315 7
513 340 2
513 548 4
513 640 2
513 644 2
514 4 3
514 11 2
514 36 2
514 401 19
514 452 5
514 522 3
514 572 17
515 93 5
515 157 4
515 273 2
515 598 20
516 33 1070
516 69 2
516 72 54
516 357 2
516 442 16081
516 555 6
516 582 2
516 605 2
516 779 13
516 785 5
517 0 11
517 3 9
517 8 2378
517 177 2
517 281 2
517 525 2
517 534 2
517 672 2
517 676 2
517 768 18
518 41 9
518 66 5
518 517 4
519 944 15
519 967 13
520 9 9
520 94 9
520 164 2
520 328 2
520 436 2
520 812 33
520 896 4
521 81 53
521 131 57
521 229 31
521 450 2
521 546 3
521 560 11
522 1 8
522 234 5
522 549 7
522 652 85
523 650 27
524 173 22
525 134 2
525 820 8
526 776 23
527 36 2
527 713 11
528 10 6
528 33 3
528 36 2
528 97 2
528 144 17
528 156 5
528 171 2
528 512 9
528 580 2
528 582 14
528 611 16790
528 720 4487
528 801 4
529 16 3
529 260 5
529 423 3
529 520 48
529 737 3
529 836 137
530 86 222
530 132 7
530 278 2
530 325 74594
530 522 4
530 696 4
532 134 12
532 292 2
533 5 2
533 37 4
533 787 24
534 6 20
534 786 36
534 928 99
535 10 2
536 244 2
536 412 12
536 687 2
536 902 2
537 99 13
537 138 5
537 478 8
538 84 2
538 820 11
540 256 9
541 344 232
544 6 2
544 24 2
544 151 8
544 160 25
544 401 3
544 416 2
544 429 3
544 536 3
544 542 7
544 551 5
544 597 7
544 718 1695
545 209 3
545 226 3
545 520 10
545 743 10
545 914 181
546 2 11
546 263 7
546 900 2
547 265 2
547 427 2
547 577 4
548 141 3
548 512 3
548 577 2
549 68 3
549 97 8
549 146 56
549 530 2
550 36 6
550 649 2
550 800 3
551 4 16
551 40 5
551 89 14
552 136 12
552 640 12
552 656 2
552 932 3
553 36 2
553 102 2
553 933 2
554 4 4
554 137 6
554 296 6
555 52 2
555 418 26
556 409 2
557 6 2
557 15 3
557 400 2
557 512 7
557 557 2
557 770 11
559 557 7
560 18 190
560 32 37
560 96 12
560 104 22
560 168 12
560 354 22
561 10 3
561 444 2
561 521 422
561 786 2
562 162 5
562 977 2
562 992 2
563 20 66
563 410 2
564 656 3
564 659 266
565 105 6
566 44 4
566 132 2
567 793 2
569 385 2
569 522 2
571 100 2
571 457 5
572 36 2
572 64 2
572 257 2
572 370 2
572 777 2
573 886 3
574 18 4
574 533 2
574 696 2
576 4 2
576 5 2
576 76 2
576 133 5
576 172 8
576 228 67
576 547 7
576 607 564
577 72 9
577 222 2
577 292 2
577 401 12
577 577 2
577 661 3
577 997 4
578 26 84
578 96 11
578 120 15
578 136 14
578 554 2
578 572 2
579 136 5
579 621 4
580 64 3
580 507 3
580 528 2
580 598 4
581 645 4
583 129 7
584 432 2
585 208 2
585 217 8
585 354 2
585 389 10
586 64 24
586 658 11
587 608 15
588 784 2
590 276 2
590 520 2
590 788 40
591 147 7
592 2 6
592 4 96
592 148 2
592 322 140
592 528 2
592 585 4
593 429 23
595 557 3
596 11 5
596 33 4
596 91 26
599 92 2
599 176 7
599 569 10
600 68 13
600 115 3
600 562 2
600 573 2
600 575 8
601 335 2
601 431 274
602 480 2
604 913 7
606 281 2
606 807 60
607 288 8
607 393 3
608 176 48
608 185 9
608 522 145
608 576 11
608 648 19
609 28 2
609 210 3
609 225 3
609 526 4
609 768 2
611 125 3
612 170 2
612 534 34
613 840 18
614 936 3
616 806 212
617 374 4
617 908 2
618 70 3
618 1004 3
619 140 3
619 231 41
621 293 9
623 1000 3
624 579 10
625 5 5
625 261 7
625 530 102
626 8 2
626 104 17
626 114 3
626 528 2
626 608 2
627 3 2
627 418 5
627 769 2
627 977 9
628 76 17
631 24 2
633 812 8
635 546 2
637 73 5
640 4 3
640 6 2
640 16 8
640 160 2
640 181 21
640 246 3
640 258 37
640 369 2
640 421 61
640 525 2
640 659 6
640 732 3
640 938 8
640 952 3
641 192 210
642 512 3
642 562 2
643 73 2
643 775 4
644 48 8
644 387 10
644 660 3
644 769 8
645 4 2
645 25 23
645 548 2
645 963 8
646 289 14
648 76 2
648 98 5
648 210 2
648 301 8
648 369 2
648 512 5
648 694 2
648 769 14
649 4 4
650 108 2
650 216 2
650 953 2
651 290 2
652 594 2
654 565 6
655 384 8
655 761 2
656 3 2
656 278 6
656 370 27
658 10 2
658 226 3
658 640 3
660 36 40
660 52 10
661 244 38
661 608 2
662 374 3
664 16 4
664 781 7
665 3 5
665 260 2
666 66 2
667 587 2
668 163 2
668 464 5
668 749 703
670 515 9
672 1 2
672 514 9
672 608 3
672 717 2
673 656 4
674 259 2
674 401 5
674 672 9
675 257 2
675 470 2984
676 52 3
677 121 2
677 641 39
678 237 4
679 556 9
680 20 14
680 39 2
680 105 5
680 450 3
680 540 10
681 6 2
681 33 9
682 14 2
683 278 2
684 1008 11
686 426 3
686 593 2
688 385 13
689 80 2
692 260 2
692 914 11
693 522 4
694 6 2
694 931 181
694 976 8
695 517 5
695 585 2
697 710 18
700 18 11
700 864 2
704 34 3
704 76 2
704 135 2
704 292 2
704 370 2
704 514 5
705 596 2
706 17 4
706 161 4
706 460 19
708 108 2
709 325 2
709 354 4
709 644 2
709 843 5
711 19 6
712 35 2
712 141 2
712 283 2
712 294 2
712 862 2
713 837 3
716 98 31
716 339 5
716 649 2
716 842 6
719 512 2
720 7 35
720 144 2
720 803 21
721 0 2
721 104 2
721 170 2
721 323 2083
722 82 40
722 100 10
722 146 26
722 393 19
723 142 14
724 20 7
724 596 8
725 44 13
725 65 2
726 322 2
727 200 3
728 350 2
728 712 2
732 834 350
736 24 3
737 25 3
737 64 5
737 288 2
737 610 35
738 970 2
740 235 3
740 801 33
741 45 42
741 260 2
742 97 109
743 787 3
744 280 5
744 762 23
751 506 6256
752 494 10
752 786 2
754 32 4
760 40 2
760 220 422
760 300 2
761 435 2
763 668 8
768 226 10
768 502 9
768 608 22
768 666 2
768 736 14
768 738 5
768 926 9
769 34 3
769 350 5
769 640 47
769 773 8
770 211 424530
770 256 12
770 515 11
770 663 6
771 128 2
772 0 3
772 32 10
772 130 19
774 8 3
774 936 2
775 48 2
775 921 2
776 101 2
776 155 5
776 586 2
776 697 2
777 6 2
777 84 2
777 200 2
777 318 6
777 539 2
777 554 2
777 608 6
777 641 6
778 330 7
778 389 2
780 14 6
780 193 3
780 552 29
780 707 3
781 222 2
781 496 12
782 226 4
782 405 5
784 1 19
784 514 22
784 549 10
784 604 10
784 634 2
784 841 2
785 45 2
785 257 2
786 521 4
786 576 2
786 914 2
787 199 35
788 332 4
792 274 2
792 594 15
793 52 2
793 498 27
793 628 2
795 422 2
798 776 4
800 45 7
800 97 3
800 824 14619
801 34 51
801 312 10
801 592 2
802 660 18
802 769 71
803 512 3
804 0 10
804 104 2
804 337 5
804 779 4
805 387 15
805 781 2
806 43 2
806 134 242
806 232 2
806 480 9
808 302 10
808 526 4
808 777 26
808 937 17
810 17 6
810 394 3
810 416 2
812 778 4
814 161 3
814 264 2
814 523 2
814 905 2
816 18 2
816 24 4
817 784 24
819 69 2
819 538 21
821 236 32
822 211 2
828 592 20
830 356 4
832 16 3
832 21 75
832 281 6
832 304 27
832 427 4
832 548 5
833 147 10
833 999 81
834 0 17
834 32 2
834 912 11
835 264 2
835 392 2
835 583 3
836 86 12
836 485 2
838 785 2
839 21 2
840 96 12
840 106 2
840 545 3
840 800 5
841 32 19
841 370 2
842 200 134
844 584 2
845 624 6
848 90 2
848 391 43
848 899 304
849 792 4
850 308 12
850 776 2
851 195 5
852 2 2
852 72 11
852 824 2
856 256 8
856 866 29
857 42 29
863 516 14
864 23 2
864 786 4
867 998 2
868 332 14
870 6 2
871 264 2
872 32 23
872 50 52
872 165 2
873 9 2
874 360 2
875 164 4
882 778 1175
884 802 2
894 392 3
896 330 2
896 868 18
897 39 2
897 115 3
897 1002 2
898 336 2
898 699 17
899 736 2
900 4 18
900 162 16
900 313 2
902 131 9308
902 420 5
903 339 14
904 112 6
904 231 2
904 888 4
904 929 8
905 12 2
905 196 11
905 248 4
905 540 10
905 572 2
906 194 23
906 210 74368
906 328 2
907 276 55
908 456 2
911 5 2
911 10 11
912 2 138
912 85 8
912 129 4
912 388 2
914 216 2
914 669 14
914 776 35
914 968 9
916 742 3
916 777 5
917 560 54
918 0 2
920 200 10
921 272 18
921 320 11
922 8 2
922 784 2
924 33 2
924 196 2
928 384 2
928 516 2
928 518 7
929 10 7369
929 257 49
929 316 2
930 547 1678
930 720 2
931 230 148
931 657 4
932 274 3
934 94 2
938 261 2
938 316 25
938 552 2
940 512 16
941 771 16
944 165 6
944 756 103
945 456 2
947 568 2
948 9 16
951 818 5
952 37 2
956 846 18
958 844 2
960 358 6
961 291 11
961 333 2
961 481 5
963 130 6
966 29 1125991
966 192 89
966 197 2
966 555 2
968 51 7
968 352 15
968 360 14
969 769 297
971 566 2
975 205 157
976 321 41
976 779 43
977 22 3
977 34 2
984 324 2
984 483 2
985 268 5
986 772 2
987 962 17
988 366 2
996 836 2
998 127 5
998 179 2
1000 260 5
1003 684 4
1011 36 7
1013 316 2
1020 371 115
1020 385 2
1021 643 2
