0 4 85
0 9 3
0 17 10
0 18 3
0 29 2
0 47 2
0 112 4
0 150 2
0 215 12
0 256 8
0 259 2
0 274 35
0 321 5
0 352 56356
0 415 3
0 552 2
0 618 2
0 670 2
0 674 23
0 679 2
0 843 7
0 902 2
1 15 124
1 30 2
1 37 2
1 82 15
1 135 2
1 292 2
1 357 2
1 481 2
1 535 3
1 565 8
1 644 2
1 825 4
1 920 2
2 0 7
2 3 28
2 8 10
2 48 5
2 260 540
2 328 2
2 523 3
2 826 3
3 24 2
3 272 2
3 277 2
3 652 10
3 817 2
4 0 2
4 4 8
4 15 81723
4 24 7
4 50 9
4 60 756
4 64 12
4 248 2
4 293 2
4 368 12
4 576 2
4 683 2
4 774 2
4 808 12
5 216 23
5 584 10
5 887 2
6 3 2
6 148 28
6 259 3
6 267 3
6 268 2
6 512 13
6 798 3
6 1002 2
7 81 386
7 110 2
7 715 2
8 1 2
8 2 17
8 19 20
8 32 3
8 42 2
8 58 23
8 202 2
8 272 2
8 273 5
8 386 2
8 393 6
8 486 2
8 552 20
8 642 57
8 735 6
8 850 11
8 902 2
9 39 2
9 43 13
9 274 12
9 416 38
9 526 9
9 572 38
9 823 7
10 13 3
10 40 7
10 75 5
10 84 2
10 160 2
10 176 4
10 518 304
10 523 10
10 584 6
10 599 4
10 680 2
11 204 67
11 586 4
11 752 4
12 0 4
12 24 7
12 65 19
12 116 2
12 128 874
12 269 6
12 366 2
12 634 184
13 66 34
13 192 3
13 224 2
13 320 2
13 780 11
14 127 2
14 210 30
14 376 2
14 584 12
14 616 4
15 352 3
15 485 2919
15 854 3
16 9 10
16 24 2
16 64 13
16 96 8
16 148 6
16 198 47
16 516 2
16 643 2
16 806 2
17 48 10
17 258 2
18 215 15
18 290 6157
18 645 6
19 7 5
19 24 2
19 657 89
19 709 54
20 1 21
20 28 2
20 36 9
20 69 13
20 176 2
20 786 2
21 258 7
22 24 2
22 68 2
22 97 4
22 107 8
22 281 4
22 320 2
22 331 2
22 565 3563
23 328 11
23 770 3
23 886 2
24 9 7
24 533 2
24 781 8
24 786 3
24 944 1468
25 523 2
25 592 923
26 109 2
26 801 5
27 210 4
27 547 8
28 72 2
28 192 4
28 203 9
28 624 34
28 647 3
29 1 119
29 5 2
29 327 2
29 532 96
29 809 7
30 21 5
30 52 2
30 129 2
30 588 29
32 16 478
32 33 4
32 42 2
32 72 5
32 196 43
32 204 335
32 211 86
32 219 2
32 388 7
32 414 2
32 514 2
32 612 2
32 641 2
32 721 9
32 803 2
32 848 5
32 960 3
33 2 2
33 3 17
33 26 22
33 31 10
33 64 2
33 276 2
33 320 2
33 785 36
33 898 116
33 945 5
34 144 38
34 292 2
34 324 12
34 561 3
34 663 12
34 720 2
35 65 2
35 551 63
35 689 5
36 12 2
36 34 17
36 48 20
36 257 2
36 266 2
36 288 4495
36 320 2
36 448 2
36 555 2
36 705 42
36 858 2
37 2 2
37 13 10
37 364 7
37 594 2
38 180 4
38 204 2
38 544 2
39 3 4
39 48 82
39 520 17
39 982 2
40 20 2
40 39 2
40 65 4
40 256 3
40 512 2
40 528 28
40 605 2
40 645 2
40 756 2
40 761 2
40 840 2
40 980 166
41 96 395
41 263 2
41 321 3
41 513 5
41 987 3
42 42 13
42 140 2
42 329 2
42 411 53
42 839 2
43 1 2
43 546 2
44 12 7
44 47 40
44 430 3
44 524 2
45 23 3
45 50 2
45 266 1187
45 615 2
45 808 3
45 844 3079
46 57 2
47 80 3
48 67 7
48 168 2
48 176 6
48 193 16
48 198 2
48 226 3
48 646 2
48 708 10
48 789 3
48 843 2
49 4 2
49 17 1349
49 313 2
49 516 2
50 9 2
50 113 2
51 377 2
51 516 5
52 46 2
52 188 12
52 256 2
52 285 2
52 390 2
52 899 2
53 146 3
54 112 2
54 718 2498
55 278 3
56 89 4
56 267 2
56 472 2
56 544 2
56 560 22
57 128 2
57 448 152
58 113 2
58 470 7
59 58 2
59 292 3
59 453 2
59 583 10
60 3 6
60 112 3
60 948 12
61 644 4
61 648 4
62 612 4
64 1 2
64 26 7
64 41 10
64 192 2
64 194 4
64 197 2
64 203 8
64 272 9
64 370 2
64 465 4
64 481 7
64 514 2
64 686 2
64 756 5
64 780 2
64 790 3
65 25 2
65 61 2
65 96 28
65 118 2
65 218 1008
65 241 7
65 265 2
65 274 92
65 421 2
65 515 22
65 571 3
65 614 2
66 140 9
66 545 2
67 2 54
67 20 2
67 37 260
67 73 9
67 453 13
67 482 2
67 840 57
68 153 2
68 192 13
68 284 2
68 322 3
68 576 5544968
69 138 150
69 529 2
69 572 4
69 768 9
70 109 11
70 212 14
70 431 2
70 608 2
70 646 2
70 672 2
71 1 7
71 264 2
71 409 2
71 700 2
72 8 108
72 37 2
72 65 50
72 280 2
72 437 2
72 533 2
72 961 2
73 640 999
73 999 17
74 512 13
74 548 3
74 600 2
74 768 36
74 1012 6
75 259 5
75 576 2
76 76 2
76 133 2
76 262 65
76 855 3
77 256 18856
77 267 6
77 450 2
77 456 3
78 288 2
78 517 2
78 784 7
78 919 4
79 165 3
80 0 2
80 51 5
80 82 13
80 132 149642
80 211 4
80 528 2
80 677 2
80 920 2
81 807 25
81 852 127
82 280 2
82 283 10
83 115 2
83 124 2
83 304 2
83 617 17
83 784 2
84 64 106
84 74 34
84 490 75
85 31 8
86 234 3
86 524 4
87 353 6
87 462 2
87 512 5
87 515 3
88 330 2
88 782 8
89 2 2
90 20 8
90 274 2
90 843 10
90 977 2
90 988 5
91 154 2
91 652 4
91 951 3
92 38 4
92 91 2
93 49 15
93 134 2
94 869 2
95 20 2
95 34 2
96 32 4
96 80 4
96 148 2
96 220 23
96 276 12
96 304 37813
96 321 427
96 356 13
96 547 2
97 18 12
97 48 8
97 130 2
97 144 2
97 167 15
97 195 12
97 286 2
97 473 42
97 525 2
98 14 281
98 352 11
98 401 28
98 671 2
98 928 2
99 117 4
99 134 595
99 249 2
100 128 2
100 294 29
100 901 3
101 70 7
101 124 9
101 161 43
101 169 2
102 6 2
102 78 6
102 166 4
102 264 4
103 704 5
104 26 73
104 28 2
104 48 15
104 64 2
104 132 6
104 313 2
104 512 2
105 3 2
105 296 11
106 516 24
107 129 2
108 133 2
108 514 2
108 825 5
111 12 2
112 0 2252
112 1 2
112 3 105
112 28 2
112 84 13
112 107 3
112 165 2
112 776 2
114 68 16
114 416 4
114 452 3
114 497 3
114 872 3
116 33 858
117 803 2
118 565 4
119 446 2
119 836 5
120 0 14
120 76 9
121 536 2
122 24 58
122 80 3
122 185 2
122 294 10
123 600 14
124 304 2
124 348 7
125 268 4
128 1 11
128 10 2
128 58 28
128 134 5
128 200 2
128 208 3
128 362 2
128 375 37
128 376 30
128 453 2
128 770 9
128 806 2
129 0 13
129 10 127
129 37 37
129 39 2
129 163 2
129 584 2
129 707 5
130 78 2
130 272 2
130 273 4
130 368 1521
130 520 28
130 528 28
130 532 4
130 540 3
130 675 2
130 772 7
130 980 2
131 581 33
132 6 66
132 17 3
132 94 188
132 137 3
132 372 2
132 516 44
132 713 4
132 916 2
133 23 6
133 138 121
133 614 2
134 67 2
134 84 2
134 208 7619213
134 224 2
134 377 57
134 390 8
134 768 625
135 258 6
135 544 15
136 21 10
136 39 2
136 81 3
136 160 4
136 482 25
136 610 17
136 657 19
136 684 4
136 831 2
137 148 6
137 256 3
137 259 2
137 325 164
137 678 2
137 778 17
138 266 2
138 415 4
138 590 2
138 902 3
139 426 6
139 865 2
140 72 30
140 135 14
140 143 2
140 168 2
140 464 2604
140 724 2
140 776 4
141 2 2
141 521 2
142 641 6
143 116 2
143 144 2
143 187 4
143 286 11
143 642 15
144 18 3
144 68 5
144 248 9
144 257 7
144 433 24838
144 520 8
144 800 2
145 1 7
145 2 2
145 94 16
145 184 3
145 216 4
145 392 8
145 513 8
145 576 3
146 69 3
146 146 2
146 396 2
146 910 8715
147 513 25
147 522 12
148 1 2
148 24 2
148 130 56
148 139 6
148 146 2
148 278 7
148 464 2
148 515 3
148 912 2
149 20 4
149 633 6440
149 649 2
150 141 7
150 160 4
150 656 14
151 102 2
151 132 6
151 207 5
151 250 10
153 26 3
153 151 6
153 171 29
153 592 13
153 598 3
153 833 2
153 961 2
156 54 2
156 133 3
156 521 13
156 814 8
157 404 2
159 526 34
160 34 2
160 81 11
160 644 2
160 801 76
161 326 3
161 376 2
161 717 2
161 898 10
162 160 2
162 290 2
162 306 29
163 227 5
163 361 20
163 601 129
164 87 12
164 217 4
164 264 5
164 280 30
164 329 4
164 636 2
164 646 2
165 141 2
167 104 5
167 289 63
167 384 14
167 456 7
167 712 31
168 8 2
168 52 6
168 67 5
168 68 651
168 98 19
168 480 5
169 25 9
169 72 17
169 351 7
169 514 4
171 144 130
171 810 2
172 569 2
172 664 9
173 261 34
174 493 2
174 582 3
175 863 2
176 32 4
176 137 5
176 270 2
176 273 4
176 824 4
176 864 2
176 932 4
177 128 6
177 280 15
177 744 8
178 100 2
178 144 2
178 580 2
178 797 2
179 429 2
180 600 4
180 973 11
181 97 2
181 331 8
181 964 6
182 672 12
182 728 15
184 141 2
184 161 91
184 664 3
185 5 2
185 42 3
185 391 3
186 272 3
186 582 2
188 4 11
188 199 2
192 43 7
192 52 2
192 177 9
192 392 4
192 524 18
192 536 77
192 713 3
192 898 9
192 904 2
192 999 2
193 8 11
193 120 2
193 162 3
193 375 4
193 718 2
193 775 1001
194 321 7
194 592 2
194 677 106
196 81 11
196 286 2
196 377 7
197 61 4
197 100 6
197 297 2
197 592 2
197 611 7
197 769 2
198 196 2
198 812 3
200 445 8690
200 577 3
202 11 12
203 654 2
204 6 3
204 520 7
205 457 17
206 80 2
206 530 9
208 12 2
208 14 26
208 88 3
208 534 2
209 55 3
209 513 7
209 564 9
210 882 2
212 34 2
212 69 5
212 112 4
212 262 272
212 285 2
212 673 12
216 66 2
216 792 46
217 923 6
218 86 2
219 389 3
220 176 2
222 532 13
225 257 2
225 316 2
225 948 10
226 157 4
227 336 2
227 592 3
227 838 19
228 294 3
230 9 2
231 261 27
231 290 27
232 5 2
232 65 463
232 80 2
232 130 5
232 480 134
233 212 4
233 973 30
234 917 46
235 281 2
235 645 152
237 91 2
238 620 39
239 370 263
239 560 25
240 799 2
240 914 1812
241 206 2
241 245 6
244 33 3
244 356 11
244 932 2
245 705 2
246 64 645
248 557 10
248 902 2
250 46 7
253 636 2
256 4 5
256 5 2
256 68 4
256 69 2
256 97 4
256 212 2
256 243 2
256 416 2
256 512 3
256 522 2
256 616 258
256 705 2
256 764 2
256 772 2
256 804 48
256 963 55
256 992 21
257 0 12
257 268 2
257 272 19
257 544 2
257 680 12
257 806 140
257 912 454
257 920 18
258 34 2
258 36 11
258 265 20
258 673 33
258 810 2
259 7 9
259 100 2
259 165 2
259 226 7
259 532 121
260 131 4
260 256 24
260 295 55
260 545 3
260 678 2
260 978 2
261 8 2
261 67 2
261 72 2
261 356 3
261 672 2
261 995 7
262 32 29
262 134 5
262 193 7
262 256 2
262 906 473
262 1013 217
264 1 2
264 296 10
264 320 80
264 568 26
265 264 2
265 632 2
266 56 2
266 242 11
266 272 2
266 326 12
266 336 2
266 504 22
267 523 2
268 12 35
268 34 440
268 177 4
268 512 5
268 524 2
268 577 101
269 444 18
269 640 2
270 73 5
270 532 819
270 642 7
272 41 2
272 162 6
272 208 55
272 234 2
272 259 2
272 280 2
272 378 2
272 520 2
272 554 4
272 684 2
273 47 7
273 581 3
273 693 9
273 809 11
273 903 3
274 98 5
274 334 2
275 4 4
275 16 188
275 116 6
275 133 2
275 401 2
275 485 23
276 392 2
276 538 12
276 628 3
276 661 6
277 8 2
277 27 6
277 128 2
277 385 324
278 258 2
279 18 13
279 901 6
280 36 2
280 82 4174
280 674 11
281 101 3
282 136 2
282 576 2
282 717 8
282 787 2
283 514 2
284 835 42
285 104 13
286 624 2
286 832 40
287 448 2
288 47 2
288 132 2
288 224 7
288 292 3
288 341 10
289 60 55
289 156 8
289 345 7
289 468 17
289 472 2
289 648 3
289 753 5
290 0 2
290 258 2
291 32 2
291 768 10
291 967 2
292 7 2
292 19 2
292 134 8
292 162 2
292 593 2
293 256 5
293 960 8
294 27 5
294 742 12
296 57 2
296 84 4
296 131 5
296 231 34
296 260 2
296 336 2
296 409 113
296 516 3
297 167 7
297 325 7
297 389 531
297 544 2
298 800 2
299 78 2
300 29 5
300 140 2
301 274 6
301 777 20
303 292 2
304 6 6
304 8 5
304 42 4
304 63 49
304 106 49
304 212 2
304 258 6
304 292 5
305 11 6
305 34 2
305 163 2
305 576 2
306 36 3
306 550 12
306 918 32
307 514 4
308 583 2
308 692 2
308 832 2
308 848 2
309 77 2
309 774 9
310 44 1313
310 936 31
312 514 2
314 109 10
314 156 2
314 376 2
314 518 34
315 739 8
316 452 25
318 532 5
318 914 5
320 29 2
320 315 5
320 407 12
320 428 14
320 641 18
321 4 2
321 262 6
321 768 538
321 834 2
321 1008 4
322 0 32
322 80 2
322 272 2
322 416 2
322 899 7
322 902 2
323 360 4
323 515 4
324 106 14
324 167 3
324 179 6
324 200 15
324 513 2
324 530 2
325 6 4
325 74 57
325 145 4
325 192 5
326 16 2
326 32 4
326 116 2
326 280 1432
327 675 2
327 698 7
328 45 6
328 853 8
329 35 2
329 258 2
330 8 411
330 204 5
332 456 2
334 265 6
335 83 2
335 391 14
336 18 6
336 100 6
336 576 12
336 632 78
337 352 2
337 768 2
337 833 2
338 33 2
338 160 113
338 169 2
339 42 6
340 0 5
340 106 5
341 576 2
342 15 2
342 168 40
342 536 2
343 475 2
344 676 8
345 32 2
345 992 3
346 11 528
346 89 2
347 11 2
347 149 8
347 296 15
348 128 3
349 12 5
352 419 657277
352 514 4
352 680 2
352 794 33
352 860 2
353 138 2
353 389 2
353 684 14
354 25 2
354 30 2
354 288 21
354 836 2
354 969 2
355 134 2
355 634 2
356 800 57
358 3 5
358 197 34
360 732 3
361 266 9
361 316 40
362 34 2
363 162 7
363 424 3
364 740 2
366 657 347
368 49 11
368 738 2
368 925 2
371 112 14
371 705 4
372 352 7
375 77 4
376 193 15
379 333 3
380 339 2
381 531 2
382 562 2
384 5 2
384 156 5
384 168 3
384 332 496
384 423 2
384 457 5
384 481 4
384 531 32
384 571 5
384 597 2
384 692 8
384 841 204
384 962 5
385 2 9
385 75 1555
385 213 5
385 214 2
385 563 2
386 73 4
386 158 3
386 160 7
386 206 5
386 275 14
386 846 9
386 912 3
387 147 2
387 297 4
387 545 5
387 1016 2
388 332 2
389 596 2
390 566 79
391 8 7
391 800 2
392 38 12
392 336 2
392 553 3
393 461 2
394 80 3
394 211 2
394 590 6
395 4 2042
395 647 2
396 6 282
396 454 7
396 536 2
396 546 299
396 915 92
396 960 8
397 132 3
397 305 6
397 518 20
398 943 2
399 9 9
400 10 3
400 21 200
400 144 2
400 712 7
401 16 2
401 58 6
401 284 2
401 673 48
401 932 89
402 68 4
402 80 7
402 769 2
403 98 2
405 160 5
406 677 8
406 928 5
407 591 2
408 66 2
408 405 82
408 576 3
409 66 2
409 105 6
409 417 4
409 888 5
410 520 107
411 20 2
412 6 2
413 640 3
414 932 2
416 279 2
416 292 2
416 531 2
416 832 2
417 577 5
418 16 2
419 7 2
419 62 2
419 844 9
420 32 10
420 288 2
420 424 8
420 538 7
420 545 2
421 400 2
422 736 16
423 384 2
423 651 2
424 481 146
425 161 2
425 746 3
425 776 2
426 644 3
427 580 2
428 32 9
428 194 3
428 620 8
428 880 2
430 8 2
430 68 2
430 203 2
433 24 4
433 398 2
434 734 2
436 597 12
436 641 23
441 21 2
442 146 7
442 691 5
444 769 2
444 801 2
448 513 13
449 321 11
450 450 2
452 48 2
452 136 44
452 512 2
452 513 5
453 368 2
453 661 2
454 9 2
454 437 2
454 634 15
454 782 2
455 640 5
456 105 21
456 367 2
456 376 21
456 774 3
458 101 4
460 197 2
460 462 15
460 566 14
461 625 4
461 901 2
462 516 252
462 641 12
463 916 2
464 265 11
464 928 2
465 531 5
465 761 32
465 902 2
467 211 9
467 300 61
473 6 2
473 600 41
473 800 7
476 775 2
480 0 8
480 731 6
480 928 80
481 288 4
481 416 2
482 64 3
482 208 2
482 285 3
483 276 2
484 841 6
485 134 4
488 3 3
488 269 11
489 64 5
491 112 3
496 433 4
496 978 2
501 519 2
504 267 6
505 332 2
506 706 14
512 1 5
512 36 8
512 52 5
512 65 2
512 96 9
512 153 2
512 173 4
512 266 4
512 438 2
512 453 7
512 514 2
512 522 7
512 685 2
512 936 2
513 5 4713
513 42 2
513 47 6
513 100 6
513 304 2
513 315 2
513 340 15
513 548 3
513 640 11
513 644 2
514 4 8
514 11 3
514 36 4
514 401 21
514 452 2
514 522 11
514 572 2
515 93 3
515 157 22
515 273 73
515 598 2
516 33 2
516 69 2
516 72 2
516 357 3
516 442 4888
516 555 3
516 582 137
516 605 49
516 779 73
516 785 17
517 0 3
517 3 6
517 8 2
517 177 66975
517 281 2
517 525 38
517 534 10
517 672 6
517 676 22
517 768 2
518 41 13
518 66 5
518 517 27
519 944 3
519 967 3
520 9 3
520 94 2
520 164 643
520 328 67
520 436 2
520 812 2
520 896 7
521 81 6
521 131 6
521 229 293
521 450 2
521 546 6
521 560 4
522 1 6
522 234 2
522 549 26
522 652 3
523 650 2
524 173 9
525 134 3
525 820 5
526 776 18
527 36 4
527 713 24
528 10 8
528 33 2
528 36 24
528 97 12
528 144 2
528 156 2
528 171 6
528 512 2
528 580 2
528 582 2
528 611 2
528 720 2
528 801 4
529 16 25
529 260 47
529 423 5
529 520 2
529 737 2
529 836 10
530 86 45
530 132 2
530 278 2
530 325 485
530 522 3
530 696 3
532 134 2
532 292 2
533 5 48
533 37 3
533 787 16
534 6 27
534 786 4
534 928 2
535 10 11
536 244 2
536 412 6
536 687 3174
536 902 2
537 99 2
537 138 17
537 478 9
538 84 2
538 820 6
540 256 6
541 344 2
544 6 2
544 24 2
544 151 2
544 160 2
544 401 5
544 416 2
544 429 4
544 536 8
544 542 2
544 551 3
544 597 3
544 718 2
545 209 12
545 226 4
545 520 5
545 743 6
545 914 35
546 2 2
546 263 2
546 900 2
547 265 2
547 427 2
547 577 8
548 141 3
548 512 2
548 577 5
549 68 2
549 97 14
549 146 1523
549 530 2
550 36 99
550 649 9
550 800 16
551 4 2
551 40 2
551 89 2
552 136 11
552 640 4
552 656 34
552 932 5
553 36 2
553 102 3
553 933 2
554 4 36
554 137 7
554 296 4
555 52 2
555 418 30
556 409 2
557 6 6
557 15 9
557 400 17
557 512 3
557 557 9
557 770 11
559 557 20
560 18 2
560 32 117
560 96 12
560 104 8
560 168 14
560 354 7
561 10 2
561 444 2
561 521 2
561 786 3
562 162 5
562 977 252
562 992 2223
563 20 2
563 410 2
564 656 59
564 659 8
565 105 6
566 44 3
566 132 4
567 793 16
569 385 110
569 522 9
571 100 41
571 457 5
572 36 2
572 64 25
572 257 2
572 370 2
572 777 2
573 886 2
574 18 6
574 533 2
574 696 2
576 4 1044
576 5 3
576 76 8
576 133 89
576 172 2
576 228 2
576 547 17
576 607 554
577 72 52
577 222 2
577 292 21
577 401 9
577 577 2
577 661 3
577 997 48
578 26 2
578 96 19
578 120 2
578 136 2
578 554 7
578 572 16
579 136 2
579 621 2
580 64 6
580 507 3
580 528 15
580 598 24
581 645 28
583 129 11
584 432 2
585 208 2
585 217 2
585 354 2
585 389 2
586 64 34
586 658 2
587 608 17
588 784 2
590 276 2
590 520 6
590 788 2
591 147 3
592 2 2
592 4 2
592 148 7
592 322 57
592 528 3
592 585 85
593 429 2
595 557 52
596 11 6
596 33 5
596 91 16
599 92 116
599 176 20
599 569 5
600 68 16
600 115 3
600 562 7
600 573 2
600 575 2
601 335 78
601 431 16
602 480 3
604 913 6
606 281 2
606 807 35
607 288 2
607 393 2
608 176 2
608 185 7
608 522 2
608 576 3
608 648 3
609 28 8
609 210 2
609 225 164
609 526 2
609 768 2
611 125 2
612 170 2
612 534 2
613 840 2
614 936 2
616 806 91
617 374 2
617 908 6
618 70 2
618 1004 8
619 140 2
619 231 2
621 293 10
623 1000 2
624 579 2
625 5 2
625 261 14
625 530 11
626 8 2
626 104 2
626 114 5
626 528 31
626 608 3
627 3 9
627 418 9
627 769 2
627 977 21
628 76 9
631 24 2
633 812 11
635 546 9
637 73 5
640 4 4
640 6 4
640 16 28
640 160 2
640 181 8
640 246 4
640 258 14
640 369 2
640 421 2
640 525 3
640 659 25
640 732 2
640 938 6
640 952 2
641 192 2
642 512 3
642 562 2
643 73 2
643 775 2
644 48 6
644 387 20
644 660 16
644 769 13
645 4 43
645 25 10
645 548 8
645 963 3
646 289 2
648 76 2
648 98 4
648 210 4
648 301 5
648 369 2
648 512 4
648 694 7
648 769 20
649 4 4
650 108 2
650 216 3
650 953 87
651 290 2
652 594 59
654 565 2
655 384 25
655 761 146
656 3 14
656 278 25
656 370 7
658 10 3
658 226 17
658 640 6
660 36 52
660 52 6
661 244 54
661 608 409
662 374 2
664 16 19
664 781 8
665 3 562
665 260 2
666 66 30
667 587 50
668 163 2
668 464 2
668 749 2
670 515 9
672 1 2
672 514 47
672 608 17
672 717 24
673 656 18
674 259 2
674 401 3
674 672 2
675 257 4
675 470 723
676 52 2
677 121 2
677 641 7
678 237 3
679 556 2
680 20 9
680 39 2
680 105 2
680 450 5
680 540 2
681 6 2
681 33 6
682 14 7
683 278 5
684 1008 12
686 426 2
686 593 9
688 385 6
689 80 2
692 260 92
692 914 6
693 522 2
694 6 648
694 931 243
694 976 2
695 517 6
695 585 5
697 710 2
700 18 3
700 864 2
704 34 6
704 76 2
704 135 2
704 292 20
704 370 14
704 514 3
705 596 2760
706 17 4
706 161 12
706 460 12
708 108 2
709 325 149
709 354 2
709 644 4
709 843 7
711 19 7
712 35 26
712 141 11
712 283 2
712 294 7
712 862 2
713 837 31
716 98 2
716 339 2
716 649 2
716 842 2
719 512 4
720 7 2
720 144 2
720 803 5
721 0 7
721 104 4
721 170 42
721 323 2
722 82 89
722 100 2
722 146 3
722 393 5
723 142 16
724 20 5
724 596 2
725 44 3
725 65 2
726 322 2
727 200 3
728 350 12
728 712 8
732 834 2
736 24 14
737 25 3
737 64 2
737 288 5
737 610 24
738 970 2927
740 235 2
740 801 2
741 45 2
741 260 2
742 97 2
743 787 7
744 280 2
744 762 2
751 506 2
752 494 11
752 786 3
754 32 3
760 40 2
760 220 26
760 300 3
761 435 5
763 668 2
768 226 2
768 502 7
768 608 4
768 666 2
768 736 23
768 738 13
768 926 6
769 34 2
769 350 2
769 640 2
769 773 6
770 211 2
770 256 2
770 515 2
770 663 8
771 128 17
772 0 3
772 32 5
772 130 2
774 8 13
774 936 2
775 48 10
775 921 24
776 101 2
776 155 11
776 586 6
776 697 2
777 6 13
777 84 3
777 200 74
777 318 18
777 539 4
777 554 182
777 608 15
777 641 2
778 330 18
778 389 2
780 14 3
780 193 2
780 552 2
780 707 9
781 222 5
781 496 2
782 226 4
782 405 9
784 1 10603
784 514 4
784 549 2
784 604 2
784 634 2
784 841 6
785 45 2
785 257 26
786 521 16
786 576 2
786 914 2
787 199 166
788 332 6
792 274 3
792 594 600
793 52 8
793 498 2
793 628 28
795 422 2
798 776 17
800 45 3
800 97 11
800 824 19
801 34 3
801 312 4
801 592 228
802 660 2
802 769 2
803 512 4
804 0 12
804 104 6
804 337 10
804 779 9
805 387 8
805 781 2
806 43 2
806 134 27
806 232 825
806 480 6
808 302 11
808 526 7
808 777 2
808 937 4
810 17 2
810 394 2
810 416 2
812 778 4
814 161 3
814 264 2250
814 523 18
814 905 2
816 18 2
816 24 9
817 784 8
819 69 27
819 538 2
821 236 16
822 211 20
828 592 2
830 356 7
832 16 2
832 21 2
832 281 2
832 304 203748
832 427 2
832 548 8
833 147 3
833 999 4
834 0 23
834 32 2
834 912 5
835 264 4
835 392 16
835 583 3
836 86 14
836 485 2
838 785 11
839 21 2
840 96 3
840 106 2
840 545 2
840 800 31
841 32 13
841 370 276
842 200 529
844 584 5
845 624 3
848 90 2
848 391 2
848 899 2
849 792 3
850 308 5
850 776 4
851 195 2
852 2 2
852 72 2
852 824 4
856 256 2
856 866 322
857 42 2
863 516 2
864 23 2
864 786 2
867 998 2
868 332 2
870 6 6
871 264 10
872 32 35
872 50 74
872 165 4
873 9 43
874 360 40216
875 164 2
882 778 12
884 802 6
894 392 4
896 330 2
896 868 4
897 39 10
897 115 9
897 1002 2
898 336 2
898 699 9835
899 736 5
900 4 2
900 162 8
900 313 2
902 131 2
902 420 40
903 339 3
904 112 2
904 231 3
904 888 8
904 929 2
905 12 6
905 196 4
905 248 4
905 540 115
905 572 2
906 194 3
906 210 4
906 328 18
907 276 7
908 456 2
911 5 2
911 10 5
912 2 72
912 85 2
912 129 7
912 388 2
914 216 5
914 669 15
914 776 3
914 968 7
916 742 3
916 777 7
917 560 9
918 0 2
920 200 7
921 272 3
921 320 2
922 8 2
922 784 2
924 33 3
924 196 4
928 384 671
928 516 2
928 518 2
929 10 2
929 257 4
929 316 2
930 547 20
930 720 5
931 230 15
931 657 4
932 274 4
934 94 272
938 261 13
938 316 9
938 552 2
940 512 3
941 771 21
944 165 4
944 756 4
945 456 2
947 568 4
948 9 3
951 818 2
952 37 2
956 846 6
958 844 19
960 358 15
961 291 4
961 333 43
961 481 2
963 130 2
966 29 4
966 192 2
966 197 3
966 555 17
968 51 2
968 352 3
968 360 2
969 769 2
971 566 2
975 205 28
976 321 2
976 779 8
977 22 2
977 34 141
984 324 2
984 483 2
985 268 7
986 772 3
987 962 11
988 366 2
996 836 3
998 127 4
998 179 2
1000 260 9
1003 684 17
1011 36 3
1013 316 141
1020 371 5
1020 385 2
1021 643 4
