0 4 2
0 9 76
0 17 14
0 18 3
0 29 27
0 47 2
0 112 15
0 150 44
0 215 4
0 256 2
0 259 2
0 274 2
0 321 3
0 352 2
0 415 109
0 552 2
0 618 6
0 670 15
0 674 4
0 679 2
0 843 10
0 902 2
1 15 140
1 30 73
1 37 2
1 82 6
1 135 4
1 292 6
1 357 5
1 481 4
1 535 16
1 565 4
1 644 147
1 825 50
1 920 2
2 0 2
2 3 13
2 8 4
2 48 11
2 260 409
2 328 2
2 523 2
2 826 2
3 24 2
3 272 3
3 277 2
3 652 16
3 817 40
4 0 5
4 4 11
4 15 618108
4 24 2
4 50 4
4 60 41
4 64 2
4 248 4
4 293 3
4 368 2
4 576 2
4 683 6
4 774 4
4 808 3
5 216 5
5 584 19
5 887 103
6 3 3
6 148 2
6 259 14
6 267 8
6 268 6
6 512 7
6 798 2
6 1002 9
7 81 23
7 110 2
7 715 15
8 1 31
8 2 62
8 19 2
8 32 2
8 42 2
8 58 2
8 202 2
8 272 10
8 273 4
8 386 20
8 393 5
8 486 7
8 552 2
8 642 5
8 735 13
8 850 4
8 902 2
9 39 5
9 43 2
9 274 2
9 416 10
9 526 10
9 572 2
9 823 8
10 13 4
10 40 4
10 75 6
10 84 26
10 160 2
10 176 6
10 518 2
10 523 11
10 584 2
10 599 13
10 680 2
11 204 2
11 586 233
11 752 18
12 0 2
12 24 41
12 65 2
12 116 9
12 128 2
12 269 6
12 366 6
12 634 3
13 66 3
13 192 4
13 224 2
13 320 4
13 780 6
14 127 8340
14 210 6
14 376 361
14 584 8
14 616 3
15 352 2
15 485 32
15 854 5
16 9 11
16 24 20
16 64 4
16 96 3
16 148 3
16 198 11
16 516 86
16 643 2
16 806 104
17 48 11
17 258 99
18 215 15
18 290 5
18 645 2
19 7 7
19 24 2
19 657 3
19 709 2
20 1 131
20 28 2
20 36 12
20 69 26
20 176 2
20 786 2
21 258 11
22 24 8528
22 68 3
22 97 14
22 107 2
22 281 12
22 320 2
22 331 2
22 565 16
23 328 2
23 770 5
23 886 2
24 9 6
24 533 10
24 781 11
24 786 4
24 944 3397
25 523 2
25 592 2
26 109 8
26 801 2
27 210 3
27 547 5
28 72 2
28 192 17
28 203 2
28 624 2
28 647 3
29 1 3
29 5 2
29 327 27
29 532 2
29 809 3
30 21 14
30 52 9016
30 129 2
30 588 21
32 16 5
32 33 4
32 42 4
32 72 14
32 196 2
32 204 2
32 211 2
32 219 2
32 388 3
32 414 9
32 514 15
32 612 2
32 641 4
32 721 2
32 803 2
32 848 23
32 960 7
33 2 8
33 3 2
33 26 2
33 31 27
33 64 12
33 276 13
33 320 1592
33 785 2
33 898 2
33 945 8
34 144 2
34 292 2
34 324 3
34 561 4
34 663 2
34 720 2
35 65 7
35 551 2
35 689 39
36 12 2
36 34 13
36 48 7
36 257 2
36 266 2
36 288 3
36 320 4
36 448 2
36 555 2
36 705 7
36 858 4
37 2 5
37 13 2
37 364 63
37 594 4
38 180 2
38 204 4
38 544 31
39 3 2
39 48 4
39 520 303
39 982 2
40 20 5
40 39 2
40 65 11
40 256 2
40 512 2
40 528 2
40 605 2
40 645 15
40 756 21
40 761 27
40 840 2
40 980 2
41 96 2
41 263 3
41 321 4
41 513 29
41 987 2
42 42 7
42 140 2
42 329 2151
42 411 2
42 839 7
43 1 4
43 546 2
44 12 4
44 47 2
44 430 2
44 524 2
45 23 4
45 50 16
45 266 2
45 615 3
45 808 2
45 844 4
46 57 737
47 80 2
48 67 2
48 168 3
48 176 9
48 193 7
48 198 12
48 226 7
48 646 2
48 708 11
48 789 4
48 843 2
49 4 2
49 17 132
49 313 2
49 516 2
50 9 2
50 113 2
51 377 7
51 516 2
52 46 8
52 188 7
52 256 2
52 285 2
52 390 3
52 899 2
53 146 2
54 112 4
54 718 3
55 278 7
56 89 2
56 267 2
56 472 2
56 544 38
56 560 5
57 128 2
57 448 8
58 113 2
58 470 8
59 58 9
59 292 31
59 453 2
59 583 2
60 3 2
60 112 4
60 948 11
61 644 18
61 648 2
62 612 2
64 1 2
64 26 5
64 41 9
64 192 2
64 194 3
64 197 4
64 203 4
64 272 2
64 370 2
64 465 16
64 481 24
64 514 4
64 686 2
64 756 3
64 780 80
64 790 28
65 25 11
65 61 2
65 96 24
65 118 3
65 218 2
65 241 23
65 265 2
65 274 44
65 421 2
65 515 2
65 571 124
65 614 24
66 140 4
66 545 2
67 2 3
67 20 2
67 37 2
67 73 8
67 453 6
67 482 2
67 840 2
68 153 2
68 192 3
68 284 2
68 322 5
68 576 2
69 138 2
69 529 2
69 572 2
69 768 4
70 109 18
70 212 30
70 431 2
70 608 38
70 646 4227
70 672 2
71 1 2
71 264 2
71 409 2
71 700 2
72 8 4
72 37 6
72 65 2
72 280 228
72 437 2
72 533 21
72 961 51
73 640 571
73 999 2
74 512 4
74 548 5
74 600 2
74 768 3
74 1012 3
75 259 2
75 576 4
76 76 2
76 133 3
76 262 15
76 855 16
77 256 2
77 267 8
77 450 4
77 456 39
78 288 2
78 517 2
78 784 2
78 919 2
79 165 2
80 0 6
80 51 9
80 82 2
80 132 2
80 211 11
80 528 4
80 677 2
80 920 3
81 807 9
81 852 2
82 280 45
82 283 2
83 115 60
83 124 3
83 304 2
83 617 3
83 784 3
84 64 3
84 74 3
84 490 2
85 31 2
86 234 10
86 524 9
87 353 2
87 462 2
87 512 2
87 515 6
88 330 7
88 782 102
89 2 2
90 20 13
90 274 2
90 843 18
90 977 73
90 988 16
91 154 2
91 652 9
91 951 18
92 38 7
92 91 2
93 49 16
93 134 2
94 869 2
95 20 95
95 34 2
96 32 30
96 80 2
96 148 6
96 220 27
96 276 5
96 304 4
96 321 9
96 356 4
96 547 10
97 18 2
97 48 124
97 130 4
97 144 5
97 167 12
97 195 10
97 286 2
97 473 2
97 525 4
98 14 2
98 352 5
98 401 2
98 671 360
98 928 2
99 117 3
99 134 2
99 249 11
100 128 858
100 294 2
100 901 6
101 70 11
101 124 12
101 161 6
101 169 37
102 6 17
102 78 2
102 166 10
102 264 9
103 704 7
104 26 2
104 28 12
104 48 2
104 64 50
104 132 6
104 313 2
104 512 2
105 3 2
105 296 11
106 516 3
107 129 5
108 133 3
108 514 2
108 825 3
111 12 14
112 0 8
112 1 20
112 3 2
112 28 2
112 84 4
112 107 6
112 165 2
112 776 2
114 68 1122
114 416 12
114 452 3
114 497 2
114 872 7
116 33 2
117 803 528
118 565 3
119 446 7892
119 836 1554
120 0 15
120 76 1994
121 536 3
122 24 15
122 80 378123
122 185 188
122 294 30
123 600 67
124 304 9
124 348 2
125 268 6
128 1 4
128 10 2
128 58 2
128 134 5
128 200 6
128 208 2
128 362 2
128 375 2
128 376 2
128 453 2
128 770 2
128 806 11
129 0 8
129 10 2
129 37 149
129 39 2
129 163 2
129 584 18
129 707 8
130 78 5
130 272 2
130 273 4
130 368 127
130 520 4
130 528 17
130 532 4
130 540 2
130 675 3
130 772 25
130 980 2
131 581 25
132 6 2
132 17 2
132 94 4
132 137 3
132 372 2
132 516 6
132 713 2
132 916 46
133 23 27
133 138 2
133 614 2
134 67 2
134 84 2
134 208 2
134 224 4
134 377 7
134 390 3
134 768 2
135 258 2
135 544 5
136 21 13
136 39 164
136 81 6
136 160 6
136 482 6
136 610 13
136 657 2
136 684 2
136 831 2
137 148 2
137 256 2
137 259 2
137 325 2
137 678 121
137 778 4
138 266 2
138 415 6
138 590 2
138 902 9
139 426 2
139 865 2
140 72 2
140 135 30
140 143 34
140 168 2
140 464 2
140 724 3829
140 776 5
141 2 4
141 521 12627
142 641 5
143 116 11
143 144 2
143 187 4
143 286 2
143 642 3
144 18 3
144 68 5
144 248 3
144 257 3
144 433 2
144 520 3
144 800 2
145 1 2
145 2 2
145 94 3
145 184 2
145 216 23
145 392 7
145 513 17
145 576 2
146 69 11
146 146 14
146 396 2
146 910 2
147 513 7
147 522 6
148 1 2
148 24 3
148 130 50
148 139 3
148 146 3735
148 278 3
148 464 13
148 515 2
148 912 5
149 20 2
149 633 2
149 649 165
150 141 33
150 160 4
150 656 6
151 102 32
151 132 10
151 207 4
151 250 3
153 26 48
153 151 134
153 171 29
153 592 3
153 598 68
153 833 16
153 961 8
156 54 12
156 133 2
156 521 9
156 814 18
157 404 9
159 526 2
160 34 2
160 81 11
160 644 20
160 801 2
161 326 17
161 376 103
161 717 9
161 898 3
162 160 8
162 290 2
162 306 8
163 227 2
163 361 3
163 601 2
164 87 2
164 217 3
164 264 14
164 280 146
164 329 3
164 636 2
164 646 2
165 141 2
167 104 6
167 289 2
167 384 24
167 456 10
167 712 11
168 8 8
168 52 16
168 67 35
168 68 6
168 98 2
168 480 8
169 25 2
169 72 18
169 351 3
169 514 7
171 144 2
171 810 2
172 569 6
172 664 5
173 261 2
174 493 2
174 582 30
175 863 2
176 32 2
176 137 302
176 270 2
176 273 2
176 824 5
176 864 2
176 932 2
177 128 4
177 280 5
177 744 9
178 100 3
178 144 8
178 580 2
178 797 43
179 429 2
180 600 3
180 973 15
181 97 6
181 331 2
181 964 2
182 672 3
182 728 1397
184 141 2
184 161 32
184 664 5
185 5 3
185 42 5
185 391 6
186 272 5
186 582 11329
188 4 11
188 199 2
192 43 2
192 52 2
192 177 2
192 392 2
192 524 4
192 536 2
192 713 2
192 898 4
192 904 4
192 999 2
193 8 147
193 120 2
193 162 9
193 375 27
193 718 11
193 775 2
194 321 15
194 592 2
194 677 58
196 81 2
196 286 2
196 377 6
197 61 9
197 100 6
197 297 10
197 592 6
197 611 2
197 769 2
198 196 3
198 812 4
200 445 2
200 577 2
202 11 25
203 654 2
204 6 4
204 520 17
205 457 16
206 80 2
206 530 6
208 12 2
208 14 3
208 88 2
208 534 2
209 55 5
209 513 7
209 564 3
210 882 15
212 34 37
212 69 31
212 112 6
212 262 2
212 285 2
212 673 28
216 66 6
216 792 2
217 923 3
218 86 2
219 389 43
220 176 2
222 532 8
225 257 2
225 316 2
225 948 2
226 157 2
227 336 55
227 592 14
227 838 29
228 294 2
230 9 3
231 261 4
231 290 3
232 5 7
232 65 2
232 80 5
232 130 4
232 480 2
233 212 2
233 973 3
234 917 8
235 281 2
235 645 2
237 91 3
238 620 2
239 370 4
239 560 2
240 799 3
240 914 14
241 206 7
241 245 70
244 33 3
244 356 55
244 932 2
245 705 2
246 64 2
248 557 2
248 902 40
250 46 6
253 636 7
256 4 5
256 5 6
256 68 8
256 69 15
256 97 10
256 212 2
256 243 2
256 416 5
256 512 3
256 522 9
256 616 2
256 705 8
256 764 3
256 772 6
256 804 2
256 963 2
256 992 5
257 0 22
257 268 2
257 272 27
257 544 2
257 680 2
257 806 29
257 912 3
257 920 106
258 34 8
258 36 3
258 265 27
258 673 10
258 810 6
259 7 12
259 100 2
259 165 5
259 226 10
259 532 2
260 131 2
260 256 2
260 295 2
260 545 11
260 678 2
260 978 2
261 8 3
261 67 15
261 72 12
261 356 8
261 672 3351
261 995 3
262 32 3
262 134 2
262 193 3
262 256 2
262 906 2
262 1013 3
264 1 2
264 296 3
264 320 2
264 568 9
265 264 2
265 632 4
266 56 3
266 242 6
266 272 12
266 326 4
266 336 2
266 504 3
267 523 2
268 12 19
268 34 134
268 177 2
268 512 8
268 524 5
268 577 2
269 444 2
269 640 19
270 73 4
270 532 482
270 642 2
272 41 37
272 162 34
272 208 2
272 234 5589
272 259 2
272 280 2
272 378 2
272 520 2
272 554 110
272 684 6
273 47 12
273 581 2
273 693 10
273 809 12
273 903 4
274 98 2
274 334 17
275 4 3
275 16 100
275 116 11
275 133 10
275 401 7
275 485 2
276 392 3
276 538 8
276 628 7
276 661 8
277 8 2
277 27 2
277 128 13
277 385 175
278 258 2
279 18 6
279 901 3
280 36 2
280 82 5
280 674 16
281 101 31
282 136 3
282 576 2
282 717 27
282 787 339
283 514 17
284 835 2
285 104 3
286 624 19
286 832 2
287 448 1265
288 47 23
288 132 5
288 224 2
288 292 3
288 341 272
289 60 2
289 156 2
289 345 4
289 468 29
289 472 2
289 648 25
289 753 18
290 0 2
290 258 2
291 32 12
291 768 110
291 967 2
292 7 5
292 19 6
292 134 3
292 162 6
292 593 4
293 256 3
293 960 37
294 27 3
294 742 13
296 57 7
296 84 50
296 131 4
296 231 19
296 260 2
296 336 2
296 409 2
296 516 2
297 167 22
297 325 2
297 389 33
297 544 2
298 800 2
299 78 3
300 29 2
300 140 7
301 274 52
301 777 2
303 292 2
304 6 2
304 8 3
304 42 9
304 63 2
304 106 3
304 212 2
304 258 14
304 292 8
305 11 2
305 34 2
305 163 3
305 576 3
306 36 2
306 550 4
306 918 4
307 514 2
308 583 9
308 692 6
308 832 50
308 848 8
309 77 4
309 774 4321
310 44 2
310 936 6
312 514 3
314 109 143
314 156 13
314 376 3
314 518 7
315 739 3
316 452 3
318 532 10
318 914 11
320 29 2
320 315 4
320 407 43
320 428 19
320 641 5
321 4 2
321 262 3
321 768 86
321 834 2
321 1008 7
322 0 2
322 80 193
322 272 852
322 416 2
322 899 4
322 902 2
323 360 28
323 515 30
324 106 28
324 167 2
324 179 2
324 200 2231
324 513 2
324 530 321
325 6 7
325 74 2
325 145 2
325 192 2
326 16 2
326 32 7
326 116 5
326 280 16
327 675 22
327 698 2
328 45 2
328 853 2
329 35 2
329 258 2
330 8 8
330 204 3
332 456 2
334 265 16
335 83 2
335 391 9
336 18 4
336 100 4
336 576 8
336 632 2
337 352 157
337 768 62
337 833 3
338 33 2
338 160 2
338 169 22
339 42 2
340 0 17
340 106 2
341 576 404
342 15 8
342 168 2
342 536 18
343 475 170
344 676 4
345 32 5
345 992 4
346 11 431
346 89 2
347 11 26
347 149 2
347 296 12
348 128 4
349 12 24
352 419 2
352 514 2
352 680 2
352 794 22
352 860 41
353 138 5296
353 389 3
353 684 6
354 25 2
354 30 16
354 288 65
354 836 2
354 969 2
355 134 9
355 634 15
356 800 148
358 3 7
358 197 2
360 732 3
361 266 8
361 316 27
362 34 3
363 162 9
363 424 46
364 740 6
366 657 2
368 49 4
368 738 4
368 925 2
371 112 4
371 705 2
372 352 2
375 77 2
376 193 22
379 333 2
380 339 2
381 531 73
382 562 15
384 5 13
384 156 2
384 168 3
384 332 4
384 423 10
384 457 15
384 481 4
384 531 2
384 571 5
384 597 2
384 692 20
384 841 355
384 962 15
385 2 34
385 75 8
385 213 2
385 214 377
385 563 7
386 73 3
386 158 2
386 160 13
386 206 26
386 275 15
386 846 2
386 912 10
387 147 8
387 297 2
387 545 6
387 1016 2
388 332 8
389 596 2
390 566 5
391 8 12
391 800 2
392 38 4
392 336 2
392 553 5
393 461 6
394 80 4
394 211 2
394 590 5
395 4 2
395 647 5
396 6 2
396 454 19
396 536 2
396 546 2
396 915 2
396 960 3
397 132 13
397 305 2
397 518 11
398 943 46
399 9 2
400 10 25255
400 21 2
400 144 7
400 712 22
401 16 108
401 58 635
401 284 2
401 673 592
401 932 11
402 68 2
402 80 17
402 769 10
403 98 87
405 160 5
406 677 34
406 928 204
407 591 2
408 66 2
408 405 2
408 576 5
409 66 2
409 105 5
409 417 13
409 888 1544
410 520 2
411 20 14
412 6 2
413 640 5
414 932 523
416 279 25
416 292 2
416 531 4
416 832 2
417 577 8
418 16 2
419 7 2
419 62 26
419 844 6
420 32 2
420 288 3
420 424 8
420 538 4
420 545 6
421 400 2
422 736 2
423 384 2
423 651 7
424 481 9
425 161 2
425 746 106
425 776 3
426 644 3
427 580 4
428 32 2
428 194 2
428 620 5
428 880 37
430 8 2
430 68 15
430 203 2
433 24 2
433 398 2
434 734 2
436 597 2
436 641 293
441 21 53
442 146 4
442 691 11
444 769 164
444 801 5
448 513 3
449 321 2
450 450 2
452 48 10
452 136 2
452 512 6
452 513 5
453 368 16
453 661 3
454 9 2
454 437 2
454 634 2
454 782 4
455 640 2
456 105 38
456 367 5
456 376 2
456 774 8
458 101 2
460 197 9
460 462 6
460 566 11
461 625 5
461 901 2
462 516 3
462 641 5
463 916 62
464 265 2
464 928 3
465 531 2
465 761 6
465 902 53062
467 211 2
467 300 3
473 6 34
473 600 84
473 800 2
476 775 3
480 0 7
480 731 2
480 928 14
481 288 14
481 416 2
482 64 3
482 208 3
482 285 28
483 276 19
484 841 4
485 134 3
488 3 6
488 269 4
489 64 9
491 112 4
496 433 20
496 978 7
501 519 2
504 267 3
505 332 114
506 706 2
512 1 6
512 36 2
512 52 12
512 65 2
512 96 5
512 153 2
512 173 11
512 266 9
512 438 30
512 453 5
512 514 5
512 522 19
512 685 2
512 936 29
513 5 2
513 42 16
513 47 2
513 100 2
513 304 4
513 315 8
513 340 13
513 548 16
513 640 5
513 644 2
514 4 5
514 11 14
514 36 2
514 401 2
514 452 9
514 522 3
514 572 2
515 93 2
515 157 13
515 273 2
515 598 2
516 33 2
516 69 3
516 72 2
516 357 2
516 442 2
516 555 2
516 582 2
516 605 11
516 779 10
516 785 4
517 0 2
517 3 2
517 8 5631
517 177 2
517 281 24
517 525 91
517 534 2
517 672 2
517 676 16
517 768 14
518 41 2
518 66 2
518 517 24
519 944 5
519 967 3
520 9 4
520 94 8
520 164 2
520 328 17
520 436 3
520 812 14
520 896 5
521 81 2
521 131 7
521 229 5121
521 450 3
521 546 2
521 560 2
522 1 15
522 234 2
522 549 3
522 652 3
523 650 2
524 173 12
525 134 2
525 820 7
526 776 4
527 36 61
527 713 2
528 10 4
528 33 3
528 36 2
528 97 5
528 144 3
528 156 3
528 171 2
528 512 2
528 580 2
528 582 20
528 611 2
528 720 2
528 801 16
529 16 4
529 260 6
529 423 2
529 520 4
529 737 21
529 836 2
530 86 2
530 132 6
530 278 46
530 325 2
530 522 3
530 696 6
532 134 12
532 292 2
533 5 2
533 37 9
533 787 18
534 6 4
534 786 8
534 928 2
535 10 2
536 244 9
536 412 4
536 687 2
536 902 2
537 99 6
537 138 15
537 478 32
538 84 2
538 820 22
540 256 11
541 344 5
544 6 2
544 24 2
544 151 8
544 160 6
544 401 16
544 416 2
544 429 10
544 536 6
544 542 22
544 551 3
544 597 5
544 718 14
545 209 4
545 226 2
545 520 2
545 743 7
545 914 46
546 2 11
546 263 4
546 900 2
547 265 2
547 427 11
547 577 6
548 141 2
548 512 11
548 577 3
549 68 21
549 97 3
549 146 2
549 530 24
550 36 16
550 649 4
550 800 12
551 4 2
551 40 2
551 89 9
552 136 2
552 640 6
552 656 13
552 932 58
553 36 9
553 102 2
553 933 2
554 4 9
554 137 3
554 296 22
555 52 2
555 418 9
556 409 3
557 6 2
557 15 2
557 400 524
557 512 7
557 557 36467
557 770 12
559 557 6
560 18 2
560 32 17
560 96 5
560 104 3
560 168 7
560 354 3
561 10 2
561 444 17
561 521 19
561 786 3
562 162 3
562 977 2
562 992 2
563 20 2
563 410 5
564 656 10
564 659 2
565 105 4
566 44 2
566 132 2
567 793 2
569 385 2
569 522 2
571 100 2
571 457 3
572 36 56
572 64 141
572 257 2
572 370 2
572 777 2
573 886 2
574 18 14
574 533 2
574 696 2
576 4 7
576 5 21
576 76 25
576 133 11
576 172 3
576 228 3
576 547 5
576 607 2
577 72 2
577 222 5
577 292 14
577 401 5
577 577 46
577 661 12
577 997 2
578 26 35
578 96 2
578 120 4
578 136 16
578 554 5
578 572 8
579 136 2
579 621 15
580 64 17
580 507 2
580 528 81
580 598 13
581 645 2
583 129 4
584 432 16
585 208 2
585 217 36
585 354 2
585 389 5
586 64 11
586 658 13
587 608 13
588 784 10
590 276 7
590 520 2
590 788 20
591 147 7
592 2 3
592 4 2
592 148 2
592 322 2
592 528 642
592 585 2
593 429 65
595 557 15
596 11 2
596 33 9
596 91 8
599 92 3
599 176 8
599 569 3
600 68 10
600 115 9
600 562 2
600 573 12
600 575 2
601 335 2
601 431 12
602 480 5
604 913 5
606 281 2
606 807 9
607 288 2
607 393 61
608 176 2
608 185 4
608 522 61
608 576 3
608 648 3
609 28 8
609 210 23
609 225 2
609 526 2
609 768 5
611 125 26
612 170 8
612 534 2
613 840 4
614 936 450
616 806 432
617 374 4
617 908 68
618 70 3
618 1004 9
619 140 3
619 231 43
621 293 6
623 1000 14
624 579 2
625 5 6
625 261 3
625 530 6
626 8 2
626 104 2
626 114 3
626 528 9
626 608 2
627 3 2
627 418 2
627 769 2
627 977 2
628 76 5
631 24 2
633 812 6
635 546 286
637 73 2
640 4 4
640 6 4
640 16 12
640 160 9
640 181 4
640 246 3
640 258 2
640 369 28
640 421 12
640 525 798
640 659 27
640 732 2
640 938 4
640 952 2
641 192 7
642 512 11
642 562 12
643 73 3
643 775 13
644 48 10
644 387 7
644 660 31
644 769 3
645 4 3
645 25 2
645 548 169
645 963 4
646 289 5
648 76 18
648 98 7
648 210 4
648 301 4
648 369 2
648 512 12
648 694 6
648 769 4
649 4 3
650 108 2
650 216 2
650 953 2
651 290 2
652 594 2
654 565 4
655 384 4
655 761 2
656 3 28
656 278 2
656 370 10
658 10 2
658 226 5
658 640 9
660 36 32
660 52 18
661 244 3
661 608 2
662 374 2
664 16 8
664 781 4
665 3 2
665 260 53
666 66 16
667 587 3
668 163 3721
668 464 2
668 749 78
670 515 5
672 1 2
672 514 26
672 608 13
672 717 12
673 656 4
674 259 2
674 401 8
674 672 2
675 257 3
675 470 2
676 52 2
677 121 67
677 641 4
678 237 2
679 556 26
680 20 10
680 39 9
680 105 10
680 450 11
680 540 2
681 6 2
681 33 2
682 14 22
683 278 4
684 1008 7
686 426 9
686 593 3
688 385 11
689 80 59
692 260 12
692 914 6
693 522 2
694 6 2
694 931 253
694 976 3
695 517 3
695 585 8
697 710 2
700 18 3
700 864 2
704 34 10
704 76 2
704 135 66
704 292 2
704 370 5
704 514 88
705 596 2
706 17 2
706 161 4
706 460 2
708 108 3
709 325 5
709 354 11
709 644 4
709 843 5
711 19 2
712 35 2
712 141 2
712 283 23
712 294 32
712 862 2
713 837 2
716 98 20213
716 339 2148
716 649 2
716 842 2
719 512 2
720 7 5
720 144 2
720 803 12
721 0 6
721 104 2
721 170 6
721 323 2
722 82 2
722 100 16
722 146 2
722 393 12
723 142 25
724 20 21
724 596 68
725 44 2
725 65 461
726 322 2
727 200 2
728 350 756
728 712 3
732 834 2
736 24 13
737 25 2
737 64 2
737 288 58
737 610 62
738 970 2
740 235 2
740 801 2
741 45 142
741 260 2
742 97 2
743 787 4
744 280 7
744 762 3
751 506 2
752 494 41
752 786 7
754 32 5
760 40 2
760 220 4
760 300 2
761 435 638
763 668 128
768 226 54
768 502 12
768 608 5
768 666 2
768 736 5
768 738 11
768 926 5
769 34 4
769 350 3
769 640 2
769 773 10
770 211 2
770 256 3
770 515 7
770 663 2
771 128 22
772 0 2
772 32 5
772 130 4
774 8 6
774 936 125
775 48 3
775 921 2
776 101 4
776 155 20
776 586 2
776 697 2
777 6 387
777 84 2
777 200 21
777 318 3
777 539 2
777 554 1018312
777 608 21
777 641 2
778 330 19
778 389 1001
780 14 2
780 193 6
780 552 2
780 707 9
781 222 2
781 496 3
782 226 16
782 405 2
784 1 2
784 514 4
784 549 15
784 604 38
784 634 75
784 841 6
785 45 2
785 257 4
786 521 9
786 576 52
786 914 2
787 199 2
788 332 2
792 274 24
792 594 92
793 52 2
793 498 19
793 628 2
795 422 2
798 776 17
800 45 7
800 97 2
800 824 2
801 34 11
801 312 3
801 592 2
802 660 15
802 769 2
803 512 6
804 0 10
804 104 4
804 337 29
804 779 9
805 387 16
805 781 2
806 43 2
806 134 2
806 232 2
806 480 13
808 302 3
808 526 2
808 777 2
808 937 12
810 17 26
810 394 2
810 416 2
812 778 4
814 161 9
814 264 17
814 523 3
814 905 10
816 18 2
816 24 2
817 784 2
819 69 2
819 538 2
821 236 5
822 211 2
828 592 4
830 356 7
832 16 2
832 21 2
832 281 2
832 304 1039967
832 427 2
832 548 6
833 147 2
833 999 11948
834 0 2
834 32 2
834 912 3
835 264 2
835 392 4333
835 583 4
836 86 2
836 485 19
838 785 2
839 21 2
840 96 2
840 106 2
840 545 19
840 800 7
841 32 5
841 370 2
842 200 2
844 584 12
845 624 2
848 90 2
848 391 8
848 899 35
849 792 11
850 308 11
850 776 2
851 195 2
852 2 10
852 72 2
852 824 28
856 256 5
856 866 6
857 42 479
863 516 7
864 23 2
864 786 34
867 998 3
868 332 2
870 6 2
871 264 2
872 32 3
872 50 2
872 165 2
873 9 4
874 360 3
875 164 56
882 778 2
884 802 9
894 392 34
896 330 70
896 868 5
897 39 17
897 115 3
897 1002 2
898 336 634
898 699 2
899 736 2
900 4 3
900 162 3
900 313 15
902 131 2
902 420 2
903 339 2
904 112 7
904 231 9
904 888 11
904 929 11
905 12 10
905 196 2
905 248 3
905 540 2
905 572 95
906 194 18
906 210 2
906 328 2
907 276 2
908 456 5
911 5 6
911 10 14
912 2 2
912 85 2
912 129 5
912 388 233
914 216 2
914 669 2
914 776 2
914 968 18
916 742 4
916 777 13
917 560 8
918 0 8
920 200 3
921 272 13
921 320 2
922 8 3
922 784 4
924 33 6
924 196 23
928 384 2
928 516 2
928 518 2
929 10 2
929 257 2
929 316 15
930 547 77
930 720 2
931 230 8
931 657 2
932 274 2
934 94 45
938 261 2
938 316 3
938 552 17
940 512 87
941 771 8
944 165 10
944 756 2
945 456 9424
947 568 14
948 9 9
951 818 2
952 37 2
956 846 98
958 844 2
960 358 11
961 291 508
961 333 37
961 481 2
963 130 3
966 29 2
966 192 2
966 197 7
966 555 9
968 51 9
968 352 10
968 360 2
969 769 32
971 566 33
975 205 326
976 321 4
976 779 15
977 22 2
977 34 89
984 324 2
984 483 2
985 268 5
986 772 3
987 962 3
988 366 2
996 836 2
998 127 11
998 179 2
1000 260 30
1003 684 13
1011 36 2
1013 316 59
1020 371 31
1020 385 3
1021 643 2
