0 4 2
0 8 2
0 9 18
0 29 19
0 47 6
0 112 5
0 135 200
0 150 23
0 166 4
0 215 2
0 256 64
0 259 2
0 415 2
0 618 2
0 646 2
0 670 10
0 674 2
0 679 87
0 704 3
0 843 17
0 902 3
0 936 2
1 7 2
1 30 2
1 37 13
1 135 7
1 228 8
1 292 11
1 481 19
1 535 3
1 565 3390
1 644 2
1 768 4
1 825 29
1 920 2
2 0 2
2 3 2
2 8 2
2 48 3
2 267 2
2 328 20
2 523 2
2 826 196
3 24 45
3 131 2
3 272 2
3 277 35
3 530 1555
3 592 5
3 652 3
3 817 2
4 0 2
4 4 4
4 15 2
4 24 8
4 50 7
4 60 2
4 64 4
4 248 2
4 284 2
4 293 10
4 368 5
4 517 2
4 576 2
4 683 3
4 774 5
4 803 7
4 808 15
5 18 13
5 216 2
5 584 2
5 887 2
6 3 3
6 148 2
6 212 60
6 259 2
6 267 7
6 268 9
6 512 2
6 798 2
6 1002 789
7 81 2
7 110 14
7 237 2
7 715 12
8 1 2
8 2 22
8 19 2
8 32 2
8 42 12
8 58 24
8 202 42
8 273 4
8 386 16
8 393 5
8 486 2
8 552 2
8 642 3
8 656 11
8 735 2
8 850 2
8 902 2
9 43 45
9 274 2
9 416 37
9 526 2
9 907 25
10 13 3
10 40 42
10 75 61
10 84 161
10 160 6
10 518 2
10 584 3
10 599 31
10 680 409
11 204 3
11 752 7
11 779 29
12 0 5
12 24 2
12 55 4
12 65 3
12 128 2
12 269 11
12 366 2
12 634 2
13 66 17
13 224 23
13 320 978
14 127 5
14 152 22
14 210 17
14 321 19
14 376 3
14 584 122
14 616 16
15 352 2
15 854 2
16 24 11
16 64 6
16 96 3
16 132 2
16 148 3
16 643 15
17 48 278
17 258 3
18 203 6
18 215 8
18 290 10
18 641 255
18 645 15
19 7 2
19 657 18
19 709 27
20 1 7
20 10 1176029
20 36 3
20 323 2
20 786 35
21 116 2
21 258 3
21 308 1148
22 24 62024
22 133 2
22 281 22
22 565 2
23 770 2
23 886 9
24 9 149
24 533 2
24 781 47
24 786 2
24 848 2
24 944 2
25 523 10
25 592 5
26 20 5
26 22 3
26 109 78
27 130 2
27 210 3
27 547 2
27 549 3
28 42 8
28 72 15
28 146 5
28 192 9
28 624 2
28 647 2
29 1 2
29 5 2
29 809 8
30 52 2
30 129 2
30 588 11
31 77 18
31 561 2
32 16 76
32 33 2
32 42 2
32 72 4
32 196 11
32 204 16
32 211 2
32 219 2
32 276 1292
32 388 2
32 414 2
32 514 15
32 641 2
32 759 14
32 803 2
32 848 10
33 2 2
33 3 2
33 26 11
33 277 2
33 320 15
33 544 2
33 785 3
33 898 6
34 324 187
34 561 38
34 663 2
34 720 3
34 800 2
35 65 14
35 266 11
35 689 2
36 12 2
36 48 13
36 257 58
36 288 66
36 320 2
36 448 2
36 555 5
36 705 321
37 13 6
37 364 23
37 520 8
37 594 13
37 640 3
37 673 51
38 180 2
38 204 2
38 544 2
39 3 362
39 48 7
39 520 508
40 9 2
40 20 3
40 256 2879
40 512 14
40 528 4
40 605 2
40 645 11
40 756 2
40 761 2
40 840 37
40 980 2
41 96 3
41 263 12
41 276 2
41 321 5
41 513 19
41 987 2
42 42 2
42 140 2
42 411 10
42 778 3
42 839 11
43 1 10
43 546 2
44 12 11
44 47 2
44 430 5
44 524 4
44 794 73
45 23 13
45 50 4
45 266 2
45 615 19273
45 808 2
45 844 62
46 57 11
47 1022 3
48 168 2
48 176 12
48 193 9
48 198 5
48 226 2
48 646 888
48 789 6
48 843 2
48 932 2
49 4 2
49 17 2
49 310 2
49 313 11
50 9 7
50 528 2
51 377 12
51 516 2
52 46 2
52 256 8
52 390 308
52 899 2
53 146 2
54 718 79
56 89 3
56 267 3
56 544 2
56 560 2
57 5 2
57 33 9
57 448 4
58 113 2
58 470 122
59 58 2
59 453 4
59 583 4
60 3 3
60 5 2
60 33 9
60 112 2
60 948 2
61 644 8
61 648 15
62 521 6
62 612 13
64 1 2
64 26 5
64 192 2
64 194 64
64 197 25
64 203 17
64 272 2
64 370 2
64 465 2
64 481 2
64 686 2
64 756 95
64 771 5
64 780 2
64 790 3
65 25 5
65 96 4
65 104 4
65 118 2
65 218 2
65 241 1332
65 274 15
65 421 33
65 571 2
65 614 16
66 140 2
66 545 27
67 2 2
67 16 6
67 20 11
67 37 2
67 482 2
67 840 9
68 153 349774
68 192 2
68 226 7
68 284 7
68 576 2
69 138 20
69 466 2
69 529 5
69 572 165
69 768 2
70 109 255
70 212 20
70 431 11
70 608 2
70 642 73
70 646 27
70 648 2
70 672 13
71 1 4
71 264 5
71 409 6
71 700 9
72 8 14
72 37 2
72 280 10
72 437 2
72 533 225
72 961 3
73 39 27
73 999 3
74 512 14
74 548 49
74 600 4
74 768 15
74 1012 9
75 576 2
76 84 36
76 133 2
76 262 7
76 855 59
77 256 150
77 267 8
77 456 7
78 288 2
78 517 2
78 919 3
79 165 3
80 0 96
80 51 117690
80 82 6
80 132 2
80 211 2
80 528 8
80 920 2
81 807 10
82 280 2
82 283 2
83 115 17
83 124 5
83 304 2
83 617 65
83 784 2
84 64 6
84 74 2
84 216 5
85 31 2
85 65 3
86 234 44
86 524 3
87 353 2
87 462 4
87 512 2
87 515 2
88 330 2
89 2 23
89 4 2
89 76 2
90 20 3
90 274 2
90 843 6
90 977 1993
91 652 7
92 38 6
92 91 6
93 49 11
93 134 2
93 669 7
94 869 158
94 954 2
95 20 4
95 34 4
96 32 5
96 80 2
96 103 2
96 148 2
96 276 10
96 304 17
96 321 14
96 356 17
96 547 4
96 776 3
96 820 39
97 18 2
97 48 2
97 167 6
97 195 2
97 525 2
98 14 7
98 352 115
98 401 2
98 928 4
99 117 2
99 134 2
99 249 11
100 128 202
100 752 4
100 768 2
100 901 2
101 70 7
101 124 2
101 169 2
101 392 2
101 599 2
102 6 20
102 78 2
102 166 31
102 264 1582
103 704 17
104 26 2
104 64 163
104 132 5
104 313 4
104 512 6
104 673 7
105 3 3
105 296 137
106 516 17
106 652 8
107 3 4
107 129 2
108 514 2
108 825 2
109 707 3
112 0 5
112 1 3
112 3 3
112 28 8
112 84 9
112 107 2
112 776 2
114 68 109
114 416 2
114 452 2
114 497 2
114 872 2
116 33 2
117 106 10
117 803 8
118 565 2
119 446 2
119 836 3
120 0 3
120 76 2
121 536 2
122 24 2
122 80 105
122 185 3
122 294 7
123 600 2
124 304 2
125 268 20
128 10 2
128 58 2
128 200 2
128 320 9
128 376 2783
128 453 2
128 770 2
128 806 4
129 37 2
129 39 13
129 88 2
129 163 15
129 584 5
129 707 2
130 78 33
130 272 3
130 273 2
130 368 2
130 528 2
130 675 4
130 772 38
131 581 8
132 6 2
132 17 2
132 94 128
132 137 10
132 372 135
132 516 7
132 916 8
133 138 2
133 614 2
134 67 4
134 224 2
134 377 8
134 390 11
134 516 2
134 768 3
135 544 2
136 21 2
136 81 10
136 160 2
136 610 2
136 684 2
136 831 2
137 148 5679
137 259 2
137 325 7
137 678 749
137 778 4
138 266 2
138 415 2
138 590 113
138 902 2
139 426 7
139 865 85898
140 72 2
140 143 2
140 464 2
140 724 2
140 776 3
141 2 7
141 521 2
142 641 5
143 116 2
143 144 14101
143 187 2
143 286 2
143 642 5
144 18 2
144 68 10
144 248 2
144 257 7
144 433 3
144 520 2
144 800 3
145 2 2887
145 67 2
145 94 43
145 184 2
145 216 202
145 273 2
145 392 1029
145 513 4
145 576 28
146 69 2
146 146 152
146 396 38
147 513 8
147 522 3
148 1 2
148 24 2
148 130 2
148 139 3
148 146 69
148 464 2
148 515 2
148 912 18
149 20 3
149 633 4
149 649 7
150 141 2
150 160 5
150 656 2
151 102 255
151 132 10
151 207 10
151 250 2
153 26 3
153 151 9
153 171 3
153 592 2
153 598 4
153 833 2
153 961 3
156 54 4
156 133 35
156 521 29
156 814 3
157 404 3
158 104 10
159 526 2
160 34 2
160 81 2
160 144 2
160 452 5
160 644 15
160 801 4
161 40 6
161 376 6
161 524 112
161 576 11
161 717 11
161 898 218
162 306 2
163 227 14
163 361 4
163 601 23
164 34 33
164 264 2
164 280 2
164 329 10
164 636 3
164 646 19480
165 141 8
165 397 2
166 686 77
167 104 2
167 289 2
167 384 2
167 456 8
167 712 2252
168 52 2
168 67 5
168 68 2
168 98 2
168 480 2
169 351 2
169 514 2
171 144 5
171 810 25965
172 8 2
172 32 2
172 569 6
172 664 2
174 493 2
174 582 2
175 863 2
176 137 24
176 270 78
176 824 33
176 864 4
176 916 20
177 128 2
177 280 9
177 560 2
177 744 2
178 100 14
178 144 2
178 580 3
178 797 2
179 429 2
180 19 18
180 152 8
180 600 5
181 331 3
181 768 2
181 964 7
182 300 14
182 672 7516
182 728 2
184 161 58
184 664 126
185 5 27
185 42 2
185 391 15
186 272 9
186 582 3
187 800 41
188 4 27
192 43 20
192 72 2
192 177 10
192 392 146150
192 524 3
192 536 13
192 713 19
192 898 4078
192 904 4
192 999 58
193 8 24
193 28 2
193 120 11
193 131 26
193 162 3
193 375 338
193 422 2
193 775 2
194 321 9
194 677 2
196 81 10
196 377 10
197 297 61
197 592 2
197 611 7
197 769 2
198 3 2
198 196 2
198 812 2
200 146 2
200 445 2
200 577 70
200 924 2
201 98 2
203 654 165
204 520 2
205 457 4
206 80 2
206 530 2
208 14 2
208 534 11
209 55 20
209 513 177
209 564 13
210 1 2
210 882 7
211 4 22
212 34 27
212 69 7
212 285 2
212 673 2
213 64 3
214 585 8
216 66 26
216 792 2
218 86 4
219 389 24
220 176 2
222 532 2
222 852 6
225 257 2
225 316 77
225 948 2
226 35 4
226 157 2
227 592 2
227 838 2
228 32 2
230 9 11
231 261 2
231 290 2
232 5 415
232 80 2
232 130 2
232 480 3
233 212 8
233 912 93
234 848 2
234 917 12
235 281 4
237 91 5
238 642 10
239 370 7
239 560 6
240 18 2
240 799 2
240 914 11
241 206 10
242 156 94
244 33 9
244 932 6
245 705 3
246 64 11
247 626 2
248 0 7
248 290 8
248 902 2
250 46 84
253 636 2
256 1 23
256 4 4
256 5 2
256 68 285
256 69 52
256 243 4
256 262 24
256 344 57
256 416 7
256 512 2
256 616 2
256 705 2
256 764 93
256 772 2
256 804 50
256 904 4
256 963 16
256 992 2
257 0 9
257 156 10
257 268 2
257 272 8
257 544 21
257 806 2
257 912 15
257 920 2
257 945 2
258 24 2
258 34 5
258 36 16
258 138 8
258 265 2
258 673 33
258 810 11
258 880 12
259 100 15
259 226 6
259 268 12
259 327 3
259 532 7
260 131 5
260 256 2
260 295 31
260 522 4
260 545 2
260 678 2
261 67 12
261 72 5
261 356 84
261 672 2
261 995 6
262 32 8
262 134 19
262 193 4
262 1013 7
264 1 10
264 320 33
264 568 425
265 264 2
265 339 9
265 632 2
266 56 9
266 242 2
266 272 2
266 326 4
266 336 2
267 523 2
267 581 2502
268 12 2
268 34 2595
268 177 3
268 192 37
268 512 9
268 524 4
268 577 2
269 444 5
269 640 24
270 73 7
270 532 999
272 41 2
272 162 57
272 208 4
272 234 3
272 259 21
272 280 9
272 378 3
272 520 2
272 554 31
272 684 2
272 899 24
273 47 16
273 581 13
273 693 17
273 903 19
274 98 151
274 334 2
275 4 18
275 16 6
275 116 4
275 133 2
275 485 5
275 512 2
276 394 4
276 538 10
276 661 3
277 8 2
277 27 17
277 128 6
278 258 41623
279 18 3
280 36 5
280 82 2
280 600 2
281 101 2
282 136 636
282 576 4
282 717 2
283 35 2
285 104 491
286 12 5
286 624 2
286 832 6
287 448 6
287 802 2
288 47 2
288 50 5
288 132 6
288 224 4
288 341 6
288 545 40
288 776 2
289 36 669426
289 60 25
289 156 2
289 345 21
289 472 4
289 648 13
289 753 4
290 0 2
290 258 3
290 328 2
290 388 61
291 610 12
291 768 2
291 967 2
292 7 2
292 19 4
292 134 2
292 162 17
292 524 2
292 593 5
293 256 2
293 960 3
294 742 20
294 864 2082
296 57 2432
296 84 22
296 260 2
296 288 2
296 336 2
296 516 2
297 389 140
297 544 2
297 742 2
298 75 9
299 291 2
301 274 2
304 6 2
304 8 5
304 63 2
304 212 6
304 258 22
304 292 3601
305 11 2
305 34 6
305 163 2
305 576 2
306 36 2
306 550 8
308 583 2
308 640 5
308 692 3
308 832 3
308 848 89
310 44 1377
312 514 22
314 376 2
314 518 2
315 739 5
316 452 4
318 532 10
318 914 18
320 29 3
320 315 2
320 407 3
320 428 2
320 468 2
320 641 57
321 4 2
321 262 3
321 337 7
321 768 2
321 834 2
321 1008 2
322 0 2
322 80 2
322 272 2
322 416 30
322 899 25
322 902 2
323 360 4
323 515 8
324 16 8
324 106 11
324 179 2
324 200 6
324 513 2
324 530 16
325 6 3
325 74 2
325 145 2
325 192 3
326 11 2
326 32 2
326 116 2
326 280 3
326 443 4
327 698 2
328 45 16
329 258 11
329 836 21
330 8 16
330 204 131
331 512 8
332 456 32
334 265 3
334 288 2
335 83 10
336 18 2
336 100 8
336 576 3
337 833 2
338 33 30
338 169 37
340 0 9
340 106 5
340 704 6
340 763 8
341 576 2589
342 15 2
342 168 2
343 475 19
344 676 28
345 728 45
346 11 6
346 89 7
347 11 2
347 149 6
347 313 19
348 128 2
348 395 2
349 12 2
352 409 5
352 419 13
352 514 2
352 680 16
352 794 2
352 860 49
353 389 2
353 684 2
354 25 2
354 30 10
354 836 2778
355 134 4
355 634 20
356 800 2
357 433 2
357 641 2
357 690 2
358 168 3
360 514 44
360 555 5
360 732 3
360 784 2
360 810 12
361 266 2
361 316 3
362 34 12
363 162 7
363 424 3
368 49 3
368 738 2
368 925 3
371 705 2
372 352 2
375 77 167
379 333 16
380 339 2
381 531 64
384 5 7
384 6 14
384 156 2
384 168 14
384 312 4
384 332 7
384 423 11
384 457 2
384 481 114
384 531 3
384 571 2
384 597 2
385 2 2
385 75 21
385 213 3
385 214 2
385 513 7548
385 563 6
386 64 2
386 73 2
386 158 18
386 160 30
386 206 4
386 846 3
386 849 2
386 912 8
387 297 2
387 545 7
387 1016 2
388 332 2
389 596 3
390 566 22
391 8 787
391 461 2
392 38 16
392 336 9
392 553 11
392 674 108
393 461 20
393 577 2
394 80 2
394 211 15
394 590 2
395 4 2
395 558 2
395 647 2
396 454 9
396 536 4
396 546 5
396 777 2
396 960 4
397 132 27
397 305 19
397 518 2
399 9 12
400 10 8
400 144 12
400 712 4
401 16 2
401 58 110
401 277 14
401 284 2
401 673 2
402 68 4
402 80 56
402 769 6
403 20 4
404 209 641
404 298 3
406 677 2
406 928 25
408 66 2
408 405 2
408 576 23
409 66 2
409 417 3
410 520 4
411 20 2
412 6 2
413 640 2
414 932 6
416 52 10
416 279 4
416 292 6
416 832 6
417 577 5
418 16 4
419 7 2
419 62 2
419 844 3
420 32 6
420 114 2
420 288 2
420 424 3
420 538 3
420 545 4
421 400 13
422 736 3
423 384 4
423 651 9
424 481 7
425 161 2
425 261 8
425 746 10
425 776 2
426 644 2
427 580 2
428 32 3
428 194 34
428 620 2
428 880 4
430 8 14
430 68 2
430 203 15
433 24 10
433 398 2
434 734 2
436 597 2
436 641 2
437 2 2
441 21 3
442 146 18
442 691 25
444 769 2
444 801 2
448 92 5
448 513 9
449 321 3
450 450 11
452 48 4
452 136 13
452 488 13
452 513 16
453 368 2
453 661 4
454 9 2
454 437 2
455 640 5599
456 367 2
456 376 5
456 774 16
457 906 10
458 101 6
460 197 3
460 462 3
460 566 2
461 625 2
463 916 2
464 265 27
464 928 121
465 531 4
465 761 10
465 902 2
467 211 2
470 713 17
472 226 5
472 256 2
473 6 2
473 800 16528
476 775 12
480 665 6
480 731 17
480 928 7
481 288 2
481 416 2
482 64 3
482 208 2
485 134 3
488 3 7
488 269 2
488 334 2
489 64 2
491 112 7
496 433 32
501 519 5
505 332 2
506 706 17
512 1 2
512 5 5
512 36 2
512 52 2
512 65 2
512 96 2
512 153 14
512 173 2
512 266 204
512 420 7
512 438 9
512 453 259
512 482 10
512 514 2
512 685 2
513 5 2
513 42 2
513 47 2
513 65 2
513 100 2
513 112 4
513 304 28
513 315 5
513 340 2
513 548 9
513 644 4
514 11 2
514 36 2
514 401 11
514 452 6
514 522 11
514 572 2
514 780 2
515 93 2
515 157 2
515 273 2
515 598 2
516 33 2
516 69 2
516 72 2
516 169 5
516 357 13
516 582 10
516 605 2
516 779 19
516 785 597
517 0 2
517 8 9
517 34 3
517 177 172234
517 233 23
517 281 2
517 525 2
517 676 2
517 768 3
518 0 2
518 41 5
518 66 148
518 517 12
519 517 10
519 944 4
520 164 2
520 296 3
520 328 16
520 436 2
520 785 9
520 812 2
520 896 2
521 131 2
521 229 9
521 450 2
521 546 9
521 554 9
521 560 10
521 609 2
522 1 2
522 121 4
522 549 6
523 650 8
524 173 36
524 520 9
525 820 6
526 776 4
527 36 2
527 713 2
528 10 4
528 33 4
528 36 6
528 97 3
528 144 2
528 156 7761
528 171 9
528 344 2
528 406 140
528 512 46
528 580 6
528 582 12
528 611 5
528 720 9
528 801 2
529 16 11
529 260 652
529 520 39
529 737 7
530 20 101
530 86 5
530 132 2
530 278 2
530 325 7
530 522 2
530 696 11
532 11 5
532 134 3
532 292 4
532 550 2
532 853 3
533 5 14
533 37 8
533 787 2
534 6 2
534 425 2
534 786 10
534 928 3
535 10 7
536 244 10
536 412 8
536 687 27
536 902 10
537 99 6
537 138 4
537 478 2
538 84 2
538 820 813
540 256 17
541 344 24
541 793 2
544 6 2
544 21 49
544 160 3
544 416 2
544 429 2
544 542 2
544 551 3
544 597 15
544 718 36
545 209 2
545 226 2
545 520 6
545 914 2
546 2 2
546 4 2
546 263 10
546 758 14
546 900 6
547 265 383
547 427 14
547 577 4
548 512 3
548 577 5
548 586 3
549 68 31
549 97 15
549 146 2
549 288 3
549 530 5
550 36 12
550 800 2
551 40 3
551 89 2
552 136 2
552 656 7
552 932 28
553 36 16
553 102 2
553 933 198
554 4 2
554 137 3
554 296 5
555 418 2
556 409 15
557 6 9
557 15 361
557 370 6
557 512 5
557 770 5
557 938 3
560 18 16720
560 32 3
560 96 13
560 168 2
560 354 2
561 10 8
561 444 48
561 521 6
561 993 7
562 977 2
562 992 2
563 20 2
563 410 5
564 28 2
564 659 2
566 4 2
566 132 50
567 793 3
569 385 2
569 522 6
571 457 4
572 36 2
572 64 32857
572 370 439
572 777 2
573 797 11
573 886 7
574 18 3
574 533 43
574 696 14
576 4 2
576 5 6
576 19 2
576 76 2
576 133 2
576 172 2
576 193 4
576 228 14
576 325 6
576 371 120
576 525 2
576 547 8
576 607 7
577 72 2
577 222 2
577 236 3
577 577 27
577 997 18
578 26 2
578 96 10
578 120 2
578 136 6
578 554 2
578 572 34
579 80 2
579 621 5
579 789 6
580 64 2
580 507 2
580 528 2
580 598 2
581 645 2
582 633 2
583 129 8
585 64 3
585 208 7
585 217 234
585 354 14
586 64 2
586 658 10
587 608 4
588 784 21
590 276 4
590 520 4
591 147 23
592 2 478
592 4 2
592 148 6
592 528 2
592 566 9
592 585 2
592 856 2
593 429 8
595 58 3
595 557 6
596 11 22
596 91 2
596 154 2
596 385 5
597 387 3
599 92 2
599 569 4
600 68 3
600 573 2
600 575 2
601 335 3
602 480 6
604 913 4
604 1006 2
605 80 3
607 288 2
607 393 11
608 176 6
608 522 13
608 576 4
608 648 8
609 28 2
609 210 2
609 225 16
609 526 2
609 768 12
610 24 5
611 125 2
612 170 9
612 534 2
614 265 5
614 936 2
616 450 2
617 374 3
617 908 2
618 70 10
618 1004 2
619 76 2
619 140 9
619 231 2
621 293 7
625 5 6
625 261 6797
626 8 6
626 114 2
626 528 3
626 608 6
627 3 12
627 418 3
627 769 28
629 446 170
631 24 3
632 18 2
633 812 3
635 546 2
637 73 22
638 161 20
640 16 2
640 160 2
640 246 48
640 258 15
640 421 2
640 467 12
640 525 2
640 732 3
640 952 6
641 192 2
642 512 26
642 562 17
642 724 4
643 73 11
643 775 3
644 48 2
644 387 2
644 660 4
644 756 2
644 769 38
645 4 6
645 25 45
645 195 2
645 548 3
645 963 14
646 289 2
646 388 2
648 76 2
648 98 6
648 210 2
648 369 12
648 512 2
648 694 2
648 769 11
649 4 26
650 108 2
650 216 6
650 953 2
651 290 2
652 257 2
652 594 277
654 129 2
654 565 4
655 384 2
655 761 2
656 3 352
656 259 4
656 278 12
656 370 40
658 10 2
658 26 2
658 226 4
660 36 4
660 52 23
660 85 2
660 648 2
661 244 9
661 608 3
664 205 13007
664 539 14
664 781 5
667 587 6
668 163 6
668 464 8
668 749 8
670 515 11
672 64 2
672 129 2
672 608 2
673 104 2
673 656 4
674 259 3
674 288 2
674 401 6
674 672 2
675 257 8
675 470 5
676 52 40
677 121 34
677 641 5
678 237 25
679 556 4
680 20 2
680 450 3
680 540 28
681 6 5
681 33 6
682 14 17
682 156 3
683 278 2
684 1008 24
686 426 2
686 593 2
688 385 8
690 110 2
692 260 136
692 914 7
693 397 3
693 522 6
694 6 3
694 768 55
694 931 27
695 517 18
695 585 14
696 885 3
697 710 6
700 18 3
700 229 2
700 864 10
701 34 21
701 941 3
704 34 6
704 76 29
704 135 2
704 292 375
704 370 3
704 673 3
705 596 4
706 17 4
706 161 11
706 460 2
709 325 2
709 354 69
709 644 114
709 843 8
710 2 8
711 19 4
712 141 2
712 294 8
712 862 1787
713 593 3
713 837 2
716 842 7
719 512 5
720 7 2
720 144 2
720 803 3
721 104 2
721 323 3
721 584 3
722 82 2
722 100 16
722 258 2
722 393 3
722 398 7
722 464 2
724 20 20
724 596 17
725 44 8
725 65 13908
728 227 18
729 578 2
730 332 3
732 834 2
736 24 14
737 64 9
737 288 3
737 610 8
738 970 2
740 235 4
740 778 41
740 801 150
741 260 11575
743 787 7
744 124 2
744 280 2
744 762 156
745 63 2
746 386 2
751 506 43
752 261 2
752 786 2
754 32 2
759 130 4
760 220 2
760 257 34808
760 300 2
761 435 2
763 668 14
765 513 511
768 68 2
768 226 13
768 326 2
768 502 2
768 666 5
768 736 2
768 738 18
769 34 2
769 773 2
770 256 18
770 515 7
770 663 6
771 128 6
771 793 36
771 800 2
772 0 4
772 32 2
773 1 9
774 8 2
775 48 2
775 921 5
776 101 2
776 155 13
776 586 3
776 697 5
777 6 2
777 84 2
777 200 2
777 554 52
777 608 2
777 641 2
778 389 3
780 14 2
780 16 4
780 552 2
780 707 7
780 901 7
781 222 2
782 226 2
782 405 3
784 1 4
784 514 3
784 549 2
784 604 80
784 841 12
785 45 25
785 257 2
786 142 2
786 521 2
786 576 2
786 914 2
787 199 4
788 324 10
788 332 2
792 16 13
792 274 2
792 540 2
793 52 12
793 628 2
795 422 6
795 661 417
798 776 49
799 433 3
800 9 2
800 73 2
800 97 2
800 133 2
800 824 3
801 312 17
801 592 5
801 642 2
802 769 9
804 0 2
804 104 5
804 337 2
804 433 2
804 779 2
805 781 2
806 134 229
806 232 4
806 326 6
806 480 10
808 777 15
808 937 2
808 945 18
810 17 2
810 416 3
812 778 2
814 161 8
814 264 3531
814 523 4
814 905 2
816 24 30
817 784 3
818 253 23
819 538 12
821 236 2
822 211 11
824 392 5
828 592 29
830 356 9
832 16 2
832 21 21
832 30 7
832 43 5
832 281 2
832 328 2
832 427 5
832 518 2
832 548 2
833 999 4
834 67 5
834 104 4
834 148 2
834 912 4
835 264 26
835 392 37
835 583 29
836 86 2
836 388 2
836 485 4
839 21 2
840 96 35
840 545 2
840 800 2
841 32 28
841 370 6
842 132 2
842 200 4
843 939 1784
844 584 18
845 561 15
845 624 6
848 90 2
848 899 2
849 792 337
849 1018 44
850 308 6
850 776 2
851 195 4
852 2 13
852 72 7
852 824 10
854 681 5
856 866 4
857 42 2
862 130 13
863 516 3
864 23 2
864 786 2
867 998 2
868 332 2
870 6 2
870 68 2
871 264 6
872 32 4
872 50 2
873 9 9
874 360 4
875 164 2
878 258 26
882 42 11
882 591 2
882 778 8
895 603 10
896 330 81
896 868 34
897 39 2
897 115 5
897 523 16
898 336 2
898 699 4
899 537 2
900 4 2
902 131 1267
902 420 7
903 339 5
904 112 2
904 231 36
904 552 2
904 888 2
904 929 8
905 196 2
905 248 15
905 540 2
905 572 44483
906 137 50
906 194 2
906 328 2
908 456 24
910 614 2
911 5 4
911 10 6
911 896 27
912 85 5
914 216 2
914 669 3
914 968 10
915 431 4
916 742 6
916 777 25
917 560 2
917 912 5
918 0 2
921 272 2
921 320 11
922 8 2
922 784 2
924 33 16
928 384 5
929 10 2
929 316 2
930 547 2
930 720 7
931 230 418
931 657 10
932 274 26
933 657 5
934 94 2
938 316 230448
938 552 22
941 771 2
944 165 2
944 756 5
945 456 2
947 568 2
948 9 18
951 818 92
960 358 4
961 131 3
961 291 8
961 472 4
961 481 16
965 937 2
966 192 9
966 197 9
966 555 876
968 51 4
968 352 4
968 360 2
969 313 2
969 769 37
970 180 2
975 205 6
976 321 6
976 779 13
977 22 3
977 34 2
977 549 3
984 324 24
984 483 10
985 268 3
986 772 17
987 962 4
988 366 2
990 35 3
996 36 14
996 836 20
998 179 235
1000 260 17
1002 912 3
1004 129 2
1011 36 3
1013 316 618
1018 358 3
1020 371 9
1020 385 8
1021 643 2
