0 4 3
0 8 5
0 9 742
0 29 2
0 47 12
0 112 41
0 135 4
0 150 2
0 166 65
0 215 9
0 256 33
0 259 2
0 415 6
0 618 2
0 646 35
0 670 5
0 674 2
0 679 2
0 704 9
0 843 2
0 902 26
0 936 2
1 7 5
1 30 2
1 37 3
1 135 2
1 228 2
1 292 8
1 481 3
1 535 73
1 565 393
1 644 58
1 768 26
1 825 8
1 920 2
2 0 2
2 3 4
2 8 2
2 48 3
2 267 2
2 328 2
2 523 3
2 826 28
3 24 119
3 131 10
3 272 2
3 277 7
3 530 2
3 592 2
3 652 17
3 817 2
4 0 16
4 4 14
4 15 2
4 24 7
4 50 4
4 60 2
4 64 14
4 248 3
4 284 2
4 293 3
4 368 2
4 517 2
4 576 2
4 683 9
4 774 2
4 803 14
4 808 6
5 18 9
5 216 2
5 584 2
5 887 845
6 3 4
6 148 2
6 212 44
6 259 4
6 267 2
6 268 15
6 512 3151
6 798 2
6 1002 16
7 81 33
7 110 20
7 237 9
7 715 3
8 1 2
8 2 2
8 19 2
8 32 8
8 42 8
8 58 2
8 202 2
8 273 5
8 386 4
8 393 58
8 486 3
8 552 2
8 642 12
8 656 16
8 735 2
8 850 2
8 902 2
9 43 3
9 274 2
9 416 5
9 526 11
9 907 14
10 13 15
10 40 4
10 75 27
10 84 2
10 160 4
10 518 2
10 584 102
10 599 3
10 680 2
11 204 3
11 752 2
11 779 13
12 0 3
12 24 2
12 55 2
12 65 128
12 128 2
12 269 9
12 366 3
12 634 2
13 66 34
13 224 181976
13 320 2
14 127 4
14 152 2
14 210 2
14 321 19
14 376 45
14 584 16
14 616 2
15 352 2
15 854 24
16 24 11
16 64 2
16 96 15
16 132 2
16 148 2
16 643 2
17 48 2
17 258 6
18 203 15
18 215 3
18 290 19
18 641 17548
18 645 2
19 7 4
19 657 2
19 709 2
20 1 12
20 10 4
20 36 2
20 323 6
20 786 2
21 116 18
21 258 14
21 308 2
22 24 2
22 133 2
22 281 8
22 565 2
23 770 2
23 886 2
24 9 6
24 533 3
24 781 2
24 786 7
24 848 3
24 944 2
25 523 2
25 592 7
26 20 28
26 22 54
26 109 22
27 130 10
27 210 6
27 547 3
27 549 2
28 42 2
28 72 2
28 146 2
28 192 3
28 624 2
28 647 13
29 1 2
29 5 2
29 809 10
30 52 2
30 129 5
30 588 7
31 77 2
31 561 2
32 16 2
32 33 2
32 42 5
32 72 2
32 196 9
32 204 2
32 211 2
32 219 2
32 276 2
32 388 4
32 414 73
32 514 2
32 641 19
32 759 5
32 803 2
32 848 3
33 2 2
33 3 2
33 26 2
33 277 15
33 320 4
33 544 2
33 785 8
33 898 11
34 324 2
34 561 14
34 663 77
34 720 8
34 800 2
35 65 2
35 266 3
35 689 58
36 12 2
36 48 2
36 257 24
36 288 4
36 320 750
36 448 20
36 555 41
36 705 60
37 13 39
37 364 67
37 520 4
37 594 3
37 640 17
37 673 5
38 180 3156
38 204 25
38 544 21
39 3 291
39 48 3
39 520 2
40 9 2
40 20 99
40 256 2
40 512 9
40 528 6
40 605 2
40 645 9
40 756 2
40 761 51
40 840 2
40 980 2
41 96 2
41 263 4
41 276 2
41 321 2
41 513 20
41 987 2
42 42 2
42 140 2
42 411 2
42 778 2
42 839 27
43 1 3
43 546 8
44 12 8
44 47 240
44 430 35
44 524 3
44 794 2
45 23 8
45 50 15
45 266 5
45 615 59
45 808 2
45 844 38
46 57 4
47 1022 2
48 168 6
48 176 14
48 193 35
48 198 13
48 226 51
48 646 2
48 789 2
48 843 8
48 932 7
49 4 7
49 17 2
49 310 16
49 313 313
50 9 3
50 528 168
51 377 2
51 516 29
52 46 5
52 256 4
52 390 2
52 899 61057
53 146 4
54 718 2
56 89 9
56 267 3
56 544 2
56 560 4
57 5 7
57 33 2
57 448 34
58 113 38
58 470 2
59 58 3
59 453 9
59 583 3
60 3 2
60 5 2
60 33 8
60 112 2
60 948 4
61 644 2
61 648 8
62 521 409
62 612 3
64 1 2
64 26 46
64 192 39015
64 194 3
64 197 9
64 203 18
64 272 2
64 370 88
64 465 49
64 481 3
64 686 3
64 756 4
64 771 2
64 780 30
64 790 3
65 25 12
65 96 2
65 104 4
65 118 4
65 218 2
65 241 310
65 274 124
65 421 15
65 571 34
65 614 2
66 140 2
66 545 3336
67 2 2
67 16 10
67 20 2
67 37 13
67 482 3
67 840 2
68 153 2
68 192 1087
68 226 9
68 284 2
68 576 36269
69 138 2
69 466 3
69 529 2
69 572 3
69 768 2
70 109 14071
70 212 4
70 431 8
70 608 2
70 642 2
70 646 2
70 648 6
70 672 2
71 1 2
71 264 2
71 409 2
71 700 19
72 8 4
72 37 547
72 280 4
72 437 2
72 533 2
72 961 5
73 39 35
73 999 6
74 512 6
74 548 4
74 600 2
74 768 13
74 1012 2
75 576 8
76 84 12
76 133 2
76 262 8
76 855 2
77 256 2
77 267 2
77 456 2
78 288 111
78 517 3
78 919 2
79 165 16
80 0 2
80 51 1040
80 82 12
80 132 4
80 211 2
80 528 2
80 920 2
81 807 2
82 280 23
82 283 25
83 115 10
83 124 16
83 304 2
83 617 2
83 784 174
84 64 4
84 74 9
84 216 14
85 31 3
85 65 2
86 234 12
86 524 3
87 353 2
87 462 2
87 512 2
87 515 2
88 330 6
89 2 12
89 4 2
89 76 78
90 20 2
90 274 11
90 843 3
90 977 3
91 652 14
92 38 2
92 91 3
93 49 5
93 134 2
93 669 3
94 869 9
94 954 15
95 20 13
95 34 4
96 32 3
96 80 2
96 103 2
96 148 189
96 276 3
96 304 4
96 321 31
96 356 4
96 547 6
96 776 4
96 820 11
97 18 21
97 48 5
97 167 2
97 195 35
97 525 3
98 14 11
98 352 3
98 401 4
98 928 4
99 117 4
99 134 4
99 249 7
100 128 5
100 752 2
100 768 7
100 901 2
101 70 2
101 124 4
101 169 5
101 392 2
101 599 20
102 6 2
102 78 7
102 166 12
102 264 2
103 704 26
104 26 204
104 64 2
104 132 9
104 313 4
104 512 13
104 673 3
105 3 3
105 296 2
106 516 8
106 652 23
107 3 10
107 129 17
108 514 2
108 825 2
109 707 3
112 0 65
112 1 3
112 3 13
112 28 2
112 84 19
112 107 2
112 776 9
114 68 2
114 416 2
114 452 4
114 497 7
114 872 2
116 33 2
117 106 2
117 803 3
118 565 2
119 446 31
119 836 39
120 0 4
120 76 4
121 536 2
122 24 2
122 80 3
122 185 2
122 294 2
123 600 2
124 304 4
125 268 2
128 10 2
128 58 3
128 200 2
128 320 10
128 376 24
128 453 7
128 770 19
128 806 6
129 37 2
129 39 17
129 88 2
129 163 32
129 584 35
129 707 7
130 78 2
130 272 6
130 273 6
130 368 2
130 528 4
130 675 2
130 772 7
131 581 3
132 6 864
132 17 2
132 94 38
132 137 27
132 372 8
132 516 2
132 916 10
133 138 2
133 614 2
134 67 2
134 224 2
134 377 9
134 390 10
134 516 2
134 768 2
135 544 138
136 21 3
136 81 2
136 160 4
136 610 5
136 684 2
136 831 20
137 148 5
137 259 2
137 325 14
137 678 14
137 778 5
138 266 7
138 415 2
138 590 278444
138 902 2
139 426 7
139 865 4
140 72 705
140 143 2
140 464 2
140 724 21
140 776 2
141 2 3
141 521 2
142 641 3
143 116 2
143 144 3
143 187 32
143 286 2
143 642 5
144 18 2
144 68 2
144 248 4
144 257 2
144 433 2
144 520 2
144 800 6
145 2 5
145 67 2
145 94 2
145 184 2
145 216 2
145 273 2
145 392 2
145 513 4
145 576 22
146 69 3
146 146 6
146 396 4
147 513 7
147 522 2
148 1 2
148 24 2
148 130 8
148 139 2
148 146 2
148 464 2
148 515 181
148 912 14
149 20 19
149 633 6
149 649 2
150 141 11
150 160 2
150 656 7
151 102 6647
151 132 2
151 207 4
151 250 2
153 26 151
153 151 11
153 171 2
153 592 2
153 598 10
153 833 8
153 961 2
156 54 6
156 133 2
156 521 3
156 814 2
157 404 30
158 104 11
159 526 2
160 34 7
160 81 2
160 144 7
160 452 2
160 644 4
160 801 12
161 40 2
161 376 14
161 524 24
161 576 4
161 717 2
161 898 30
162 306 2
163 227 4
163 361 2
163 601 29
164 34 16
164 264 3
164 280 6
164 329 19
164 636 13
164 646 2
165 141 6
165 397 2
166 686 99
167 104 23
167 289 3
167 384 3
167 456 2
167 712 16
168 52 564
168 67 7
168 68 8
168 98 11
168 480 2
169 351 3
169 514 2
171 144 2
171 810 5
172 8 9
172 32 4
172 569 10
172 664 6
174 493 2
174 582 2
175 863 5
176 137 279
176 270 31
176 824 17
176 864 2
176 916 5
177 128 2
177 280 4
177 560 5
177 744 2
178 100 3
178 144 2
178 580 13
178 797 12
179 429 2221
180 19 11
180 152 2
180 600 20
181 331 2
181 768 2
181 964 80
182 300 2
182 672 2
182 728 2
184 161 2
184 664 2
185 5 2
185 42 2
185 391 12
186 272 3
186 582 4
187 800 19
188 4 2
192 43 2
192 72 2
192 177 9
192 392 2
192 524 5
192 536 8
192 713 1043
192 898 56
192 904 7
192 999 2
193 8 6
193 28 2
193 120 2
193 131 2
193 162 12
193 375 97
193 422 2
193 775 7
194 321 48
194 677 13
196 81 8
196 377 23
197 297 2
197 592 3
197 611 5
197 769 3
198 3 2
198 196 2
198 812 2
200 146 15
200 445 6656
200 577 52
200 924 4
201 98 34
203 654 47
204 520 39
205 457 2
206 80 9
206 530 2
208 14 3
208 534 2
209 55 4
209 513 2
209 564 11
210 1 59
210 882 6
211 4 2
212 34 3
212 69 9
212 285 18
212 673 10
213 64 3
214 585 8
216 66 9
216 792 2
218 86 3
219 389 10
220 176 3
222 532 40
222 852 2
225 257 2
225 316 202
225 948 29
226 35 8
226 157 6
227 592 8
227 838 9
228 32 2
230 9 6
231 261 3
231 290 2
232 5 77
232 80 4
232 130 2
232 480 7
233 212 2
233 912 2
234 848 54
234 917 7
235 281 2
237 91 2
238 642 8
239 370 7
239 560 7
240 18 2
240 799 5
240 914 6
241 206 15
242 156 13
244 33 4
244 932 5
245 705 2
246 64 8
247 626 29
248 0 6
248 290 5
248 902 2
250 46 2
253 636 2
256 1 16
256 4 2
256 5 5
256 68 2
256 69 12
256 243 5
256 262 37
256 344 4
256 416 3
256 512 85
256 616 2
256 705 5
256 764 41
256 772 2
256 804 114
256 904 7
256 963 7
256 992 2
257 0 10
257 156 2
257 268 10
257 272 2
257 544 40
257 806 2
257 912 5
257 920 31
257 945 13
258 24 2
258 34 2
258 36 5
258 138 18
258 265 2
258 673 10
258 810 2
258 880 14
259 100 18
259 226 4
259 268 7
259 327 2792
259 532 14
260 131 3
260 256 2
260 295 43
260 522 2
260 545 2
260 678 13
261 67 3
261 72 9
261 356 76
261 672 2
261 995 3
262 32 4
262 134 38
262 193 2
262 1013 2
264 1 20
264 320 313
264 568 6
265 264 32
265 339 2
265 632 19
266 56 9
266 242 11
266 272 2
266 326 17
266 336 66211
267 523 13
267 581 142537
268 12 67
268 34 2
268 177 19
268 192 465
268 512 5
268 524 3
268 577 7
269 444 15
269 640 4
270 73 5
270 532 2
272 41 2
272 162 2
272 208 10
272 234 522
272 259 5
272 280 3
272 378 32
272 520 5
272 554 271
272 684 2
272 899 18
273 47 17
273 581 3
273 693 458
273 903 4
274 98 2
274 334 5
275 4 12
275 16 38
275 116 3
275 133 30
275 485 10
275 512 2
276 394 5
276 538 2
276 661 3
277 8 461
277 27 19
277 128 21
278 258 15
279 18 2
280 36 4
280 82 3
280 600 4
281 101 2
282 136 24
282 576 4
282 717 2
283 35 8
285 104 2
286 12 18
286 624 2
286 832 50
287 448 5
287 802 14
288 47 2
288 50 4
288 132 2
288 224 12
288 341 10
288 545 2
288 776 8
289 36 2
289 60 2
289 156 72
289 345 2
289 472 2
289 648 3
289 753 3
290 0 2
290 258 2
290 328 2
290 388 22
291 610 3
291 768 2
291 967 2
292 7 120
292 19 12
292 134 2
292 162 8
292 524 2
292 593 7
293 256 2
293 960 7
294 742 2
294 864 2
296 57 2
296 84 10
296 260 6
296 288 2
296 336 9
296 516 2
297 389 241
297 544 3
297 742 43
298 75 21
299 291 2
301 274 2
304 6 2
304 8 2
304 63 2
304 212 93
304 258 7
304 292 2
305 11 478
305 34 2
305 163 5
305 576 3
306 36 2
306 550 3
308 583 3
308 640 2
308 692 2
308 832 11
308 848 2
310 44 2
312 514 2
314 376 2
314 518 2
315 739 2
316 452 9
318 532 2
318 914 10
320 29 2
320 315 2
320 407 8
320 428 862
320 468 2
320 641 2
321 4 2
321 262 8
321 337 5
321 768 2
321 834 5
321 1008 8
322 0 2
322 80 10
322 272 10
322 416 2
322 899 2
322 902 20
323 360 4
323 515 2
324 16 10
324 106 110
324 179 91
324 200 2
324 513 6
324 530 2
325 6 2
325 74 2
325 145 2
325 192 3
326 11 2
326 32 42
326 116 2
326 280 5
326 443 11
327 698 2
328 45 2
329 258 7
329 836 18
330 8 27
330 204 2
331 512 29
332 456 6
334 265 5
334 288 16
335 83 13
336 18 8
336 100 3
336 576 8
337 833 2
338 33 2
338 169 2
340 0 2
340 106 8
340 704 7
340 763 4
341 576 2
342 15 2
342 168 5
343 475 2
344 676 50
345 728 4
346 11 2
346 89 4
347 11 2
347 149 2
347 313 2
348 128 101900
348 395 4
349 12 6
352 409 2
352 419 4
352 514 3
352 680 3
352 794 5
352 860 15
353 389 2
353 684 2
354 25 2
354 30 9
354 836 2
355 134 8
355 634 11
356 800 2
357 433 2
357 641 39
357 690 2
358 168 2
360 514 2
360 555 4
360 732 5
360 784 7
360 810 4
361 266 2
361 316 1414406
362 34 3
363 162 24
363 424 2
368 49 2
368 738 2
368 925 2
371 705 12
372 352 2
375 77 2
379 333 5
380 339 9
381 531 69
384 5 289
384 6 2
384 156 2
384 168 3
384 312 4
384 332 6
384 423 2
384 457 2
384 481 563
384 531 8
384 571 3
384 597 4
385 2 4
385 75 18
385 213 2
385 214 475
385 513 2
385 563 2
386 64 7
386 73 4
386 158 6
386 160 4
386 206 11
386 846 6
386 849 2
386 912 10
387 297 4
387 545 2
387 1016 2
388 332 155
389 596 2
390 566 2
391 8 3
391 461 3
392 38 3
392 336 3
392 553 22
392 674 99
393 461 7
393 577 2
394 80 14133
394 211 8
394 590 2
395 4 16233
395 558 2
395 647 2
396 454 8
396 536 3
396 546 8
396 777 35
396 960 2
397 132 6
397 305 110
397 518 3369
399 9 6
400 10 21
400 144 2
400 712 20
401 16 14
401 58 2
401 277 2
401 284 20
401 673 2
402 68 2
402 80 2
402 769 2
403 20 4
404 209 2
404 298 20
406 677 2
406 928 3
408 66 2
408 405 2
408 576 2
409 66 2
409 417 3
410 520 13
411 20 2
412 6 22
413 640 8
414 932 14
416 52 26
416 279 87
416 292 2
416 832 2
417 577 9
418 16 3
419 7 71
419 62 2
419 844 2
420 32 3
420 114 2
420 288 2
420 424 4
420 538 9
420 545 5
421 400 2
422 736 2
423 384 2
423 651 3
424 481 13
425 161 18
425 261 2
425 746 15
425 776 10
426 644 1306
427 580 2
428 32 2
428 194 2
428 620 5
428 880 6
430 8 2
430 68 74
430 203 5
433 24 2895
433 398 2
434 734 2
436 597 25
436 641 2
437 2 2
441 21 10
442 146 4
442 691 9
444 769 8
444 801 2
448 92 2
448 513 2
449 321 2
450 450 12
452 48 13
452 136 12
452 488 2
452 513 41
453 368 2
453 661 2
454 9 2
454 437 2
455 640 2
456 367 2
456 376 10
456 774 4
457 906 10
458 101 2
460 197 7
460 462 3
460 566 2
461 625 5
463 916 2
464 265 136
464 928 2
465 531 3
465 761 4
465 902 6
467 211 2
470 713 3
472 226 7
472 256 2
473 6 13
473 800 2
476 775 2
480 665 3
480 731 88
480 928 4
481 288 15
481 416 125
482 64 3
482 208 362
485 134 7
488 3 7
488 269 5
488 334 11
489 64 2
491 112 2
496 433 220
501 519 2
505 332 45
506 706 10
512 1 11
512 5 9
512 36 5
512 52 7
512 65 33
512 96 3
512 153 3
512 173 2
512 266 79
512 420 6
512 438 38
512 453 2
512 482 3
512 514 2
512 685 1457
513 5 2
513 42 2
513 47 13
513 65 2
513 100 9
513 112 10
513 304 2
513 315 2
513 340 182
513 548 9
513 644 4
514 11 2
514 36 2
514 401 33
514 452 7
514 522 2
514 572 2
514 780 2
515 93 10
515 157 26
515 273 2
515 598 2
516 33 114
516 69 5
516 72 39
516 169 4
516 357 12
516 582 2
516 605 2
516 779 3
516 785 2
517 0 3
517 8 8
517 34 10
517 177 2
517 233 2
517 281 10
517 525 2
517 676 2
517 768 7
518 0 3
518 41 3
518 66 2
518 517 27
519 517 2
519 944 4
520 164 2
520 296 6
520 328 6
520 436 35
520 785 23
520 812 2
520 896 2
521 131 26
521 229 4
521 450 5
521 546 13
521 554 10
521 560 2
521 609 2
522 1 4
522 121 13
522 549 5
523 650 25
524 173 4
524 520 8
525 820 9
526 776 11
527 36 2
527 713 2
528 10 7
528 33 12
528 36 86
528 97 66
528 144 4
528 156 60
528 171 8
528 344 2
528 406 4275
528 512 2
528 580 2
528 582 13
528 611 4
528 720 2
528 801 2
529 16 12
529 260 2
529 520 2
529 737 6
530 20 10
530 86 7
530 132 2
530 278 2
530 325 6
530 522 2
530 696 17
532 11 27
532 134 9
532 292 15
532 550 3
532 853 3
533 5 6
533 37 8
533 787 3
534 6 2
534 425 10
534 786 78
534 928 9
535 10 46
536 244 11
536 412 7
536 687 2
536 902 3
537 99 4
537 138 4
537 478 2
538 84 2
538 820 2
540 256 2
541 344 20
541 793 15
544 6 2
544 21 2
544 160 5297
544 416 326
544 429 2
544 542 2
544 551 3
544 597 2
544 718 35
545 209 3
545 226 7
545 520 8
545 914 2
546 2 43
546 4 12
546 263 3
546 758 2
546 900 5
547 265 2
547 427 3
547 577 4
548 512 5
548 577 2
548 586 2
549 68 2
549 97 9
549 146 70
549 288 3
549 530 2
550 36 21
550 800 2
551 40 8
551 89 6
552 136 1946
552 656 2
552 932 2
553 36 17
553 102 2
553 933 198
554 4 5
554 137 10
554 296 9
555 418 2
556 409 10
557 6 14
557 15 169
557 370 6
557 512 4
557 770 2
557 938 13
560 18 2
560 32 7
560 96 5
560 168 3
560 354 11
561 10 12796
561 444 32
561 521 3
561 993 3
562 977 2
562 992 5
563 20 52
563 410 3
564 28 4
564 659 2
566 4 2
566 132 22
567 793 2
569 385 2
569 522 2
571 457 3
572 36 694
572 64 233
572 370 2
572 777 2
573 797 5
573 886 4
574 18 3
574 533 2
574 696 23
576 4 18
576 5 6
576 19 4
576 76 2
576 133 80
576 172 2
576 193 4
576 228 9
576 325 2
576 371 2
576 525 12942
576 547 31
576 607 21
577 72 2
577 222 3
577 236 4
577 577 3790
577 997 2
578 26 10
578 96 8
578 120 5
578 136 6
578 554 3
578 572 29
579 80 2
579 621 17
579 789 15
580 64 403
580 507 3
580 528 2
580 598 2
581 645 32
582 633 2
583 129 13
585 64 7
585 208 8
585 217 3
585 354 2
586 64 2
586 658 2
587 608 29
588 784 4
590 276 5
590 520 17
591 147 2
592 2 2
592 4 3
592 148 2
592 528 2
592 566 2
592 585 7
592 856 6
593 429 11
595 58 2
595 557 8
596 11 24
596 91 32
596 154 6
596 385 11
597 387 2
599 92 2
599 569 2
600 68 2
600 573 2
600 575 2
601 335 28
602 480 2
604 913 70
604 1006 2
605 80 2
607 288 6
607 393 2
608 176 4
608 522 237
608 576 13
608 648 8
609 28 2
609 210 67
609 225 2
609 526 7
609 768 2
610 24 21
611 125 2
612 170 21
612 534 5
614 265 627
614 936 2
616 450 69
617 374 2
617 908 10
618 70 5
618 1004 2
619 76 148
619 140 3
619 231 3
621 293 7
625 5 6
625 261 492
626 8 2
626 114 5
626 528 91
626 608 17
627 3 8
627 418 2
627 769 3
629 446 2
631 24 19
632 18 2
633 812 5
635 546 10
637 73 2
638 161 3
640 16 2
640 160 2
640 246 5
640 258 28
640 421 2
640 467 19
640 525 2
640 732 3
640 952 8
641 192 2
642 512 2
642 562 4
642 724 22
643 73 3
643 775 2
644 48 2
644 387 2
644 660 2
644 756 2
644 769 2
645 4 4
645 25 2
645 195 14
645 548 9
645 963 2
646 289 252
646 388 2
648 76 20
648 98 61
648 210 2
648 369 19
648 512 42
648 694 3
648 769 24
649 4 36
650 108 2
650 216 22
650 953 2
651 290 2
652 257 33
652 594 4
654 129 29
654 565 5
655 384 4
655 761 4
656 3 2
656 259 3
656 278 8
656 370 9
658 10 3
658 26 8
658 226 16
660 36 25
660 52 8
660 85 2
660 648 57
661 244 12
661 608 2
664 205 1177
664 539 11
664 781 3
667 587 3
668 163 20
668 464 2
668 749 12
670 515 23
672 64 2
672 129 3
672 608 2
673 104 11
673 656 7
674 259 10
674 288 68
674 401 24
674 672 2
675 257 10
675 470 4
676 52 3
677 121 51
677 641 11
678 237 2
679 556 11
680 20 17
680 450 9
680 540 2
681 6 25
681 33 3
682 14 4
682 156 4
683 278 3
684 1008 2
686 426 2
686 593 3
688 385 20
690 110 8
692 260 2
692 914 11
693 397 4
693 522 2
694 6 2
694 768 3
694 931 2
695 517 2
695 585 3
696 885 4
697 710 8
700 18 2
700 229 2
700 864 4
701 34 28
701 941 22
704 34 6
704 76 5
704 135 2
704 292 325
704 370 2
704 673 2
705 596 18
706 17 6
706 161 3
706 460 7
709 325 2
709 354 2
709 644 823
709 843 10
710 2 4
711 19 6
712 141 2
712 294 2
712 862 2
713 593 2
713 837 2
716 842 3
719 512 15
720 7 4
720 144 949
720 803 2
721 104 2
721 323 2
721 584 2
722 82 623
722 100 9
722 258 2
722 393 2
722 398 6
722 464 6
724 20 4
724 596 7
725 44 5
725 65 2
728 227 5
729 578 8
730 332 9
732 834 2
736 24 2
737 64 8
737 288 6
737 610 2
738 970 94
740 235 3
740 778 13
740 801 2
741 260 2
743 787 5
744 124 2
744 280 2
744 762 2
745 63 2
746 386 154
751 506 92
752 261 2
752 786 13
754 32 5
759 130 2
760 220 7
760 257 236367
760 300 2
761 435 1722
763 668 8
765 513 53
768 68 35
768 226 2
768 326 2
768 502 6
768 666 2
768 736 2
768 738 3
769 34 12
769 773 2
770 256 2
770 515 9
770 663 5
771 128 3
771 793 2
771 800 33
772 0 5
772 32 2
773 1 4
774 8 330
775 48 2
775 921 2
776 101 903
776 155 2
776 586 2
776 697 15
777 6 6
777 84 2
777 200 8
777 554 11
777 608 36
777 641 11
778 389 3
780 14 455
780 16 2
780 552 2
780 707 8
780 901 8
781 222 18
782 226 2
782 405 2
784 1 2
784 514 13
784 549 3
784 604 94
784 841 11
785 45 2
785 257 5
786 142 7
786 521 3
786 576 11
786 914 2
787 199 2
788 324 138
788 332 2
792 16 5
792 274 2
792 540 2
793 52 2
793 628 2
795 422 13
795 661 2
798 776 8
799 433 14
800 9 2
800 73 16
800 97 3
800 133 2
800 824 8
801 312 5
801 592 13
801 642 2
802 769 3
804 0 2
804 104 3
804 337 18
804 433 2
804 779 5
805 781 2
806 134 5
806 232 8
806 326 2
806 480 11
808 777 5
808 937 6
808 945 2
810 17 2
810 416 2
812 778 2
814 161 2
814 264 66
814 523 14
814 905 2
816 24 3
817 784 10
818 253 2
819 538 13
821 236 3
822 211 1275
824 392 8
828 592 20
830 356 5
832 16 2
832 21 12
832 30 57
832 43 2
832 281 3
832 328 2
832 427 4
832 518 2
832 548 2
833 999 16
834 67 3
834 104 5
834 148 2
834 912 4
835 264 4
835 392 11
835 583 2
836 86 5
836 388 6
836 485 2
839 21 794
840 96 2
840 545 2
840 800 2
841 32 860
841 370 4
842 132 4
842 200 2
843 939 2
844 584 8
845 561 18
845 624 5
848 90 2
848 899 4
849 792 3
849 1018 3
850 308 9
850 776 2
851 195 6
852 2 6
852 72 3
852 824 2
854 681 6
856 866 11
857 42 2
862 130 6
863 516 4
864 23 2
864 786 2
867 998 2
868 332 3
870 6 19
870 68 2
871 264 2
872 32 15
872 50 3
873 9 2
874 360 3
875 164 2
878 258 3
882 42 2
882 591 2
882 778 2
895 603 2
896 330 398
896 868 7
897 39 46
897 115 11
897 523 4
898 336 2
898 699 5
899 537 6
900 4 2
902 131 275942
902 420 2
903 339 3
904 112 110
904 231 2
904 552 120
904 888 2
904 929 45
905 196 8
905 248 11
905 540 2
905 572 23
906 137 39
906 194 2
906 328 19
908 456 68
910 614 21
911 5 6
911 10 5
911 896 18
912 85 2
914 216 4
914 669 32
914 968 2
915 431 4
916 742 4
916 777 14
917 560 2
917 912 5
918 0 166
921 272 2
921 320 5
922 8 2
922 784 25
924 33 7
928 384 5
929 10 2
929 316 3
930 547 251
930 720 4
931 230 2
931 657 4
932 274 16
933 657 2
934 94 3
938 316 2
938 552 11
941 771 2
944 165 2
944 756 2
945 456 2
947 568 6
948 9 2
951 818 2
960 358 5
961 131 29
961 291 2
961 472 13
961 481 96
965 937 5
966 192 4
966 197 2
966 555 2
968 51 3
968 352 6
968 360 2
969 313 8
969 769 31050
970 180 898
975 205 2
976 321 6
976 779 13
977 22 3
977 34 33
977 549 97
984 324 7
984 483 2
985 268 3
986 772 22
987 962 31
988 366 7
990 35 2
996 36 2
996 836 3
998 179 437
1000 260 8
1002 912 2
1004 129 2
1011 36 130
1013 316 578
1018 358 39
1020 371 2
1020 385 3
1021 643 3
