0 4 1623
0 8 9
0 9 2
0 29 59
0 47 11
0 112 4
0 135 7
0 150 7
0 166 2
0 215 13
0 256 2
0 259 104
0 415 14
0 618 2
0 646 3
0 670 4
0 674 2
0 679 2
0 704 11
0 843 2
0 902 10
0 936 37
1 7 4
1 30 2
1 37 13
1 135 6
1 228 10
1 292 15
1 481 8
1 535 2
1 565 1136
1 644 121
1 768 12
1 825 2
1 920 2
2 0 14
2 3 2
2 8 2
2 48 4
2 267 10
2 328 4
2 523 3
2 826 2
3 24 2
3 131 19
3 272 2
3 277 2
3 530 2
3 592 3
3 652 2
3 817 2
4 0 7
4 4 388
4 15 4
4 24 5
4 50 3
4 60 2
4 64 4
4 248 3
4 284 59
4 293 6
4 368 13
4 517 2
4 576 9
4 683 2
4 774 3
4 803 4
4 808 2
5 18 4
5 216 2
5 584 5
5 887 2
6 3 2
6 148 2
6 212 2
6 259 2
6 267 2
6 268 3
6 512 3
6 798 3
6 1002 179
7 81 26
7 110 4
7 237 7
7 715 5
8 1 15
8 2 22
8 19 6
8 32 5
8 42 12
8 58 101
8 202 2
8 273 2
8 386 4
8 393 6
8 486 10
8 552 3
8 642 5
8 656 7
8 735 2
8 850 2
8 902 26
9 43 2
9 274 3
9 416 7
9 526 4
9 907 3
10 13 20
10 40 2
10 75 30
10 84 16
10 160 4
10 518 3
10 584 2
10 599 2
10 680 116
11 204 9
11 752 16
11 779 5
12 0 2
12 24 2
12 55 9
12 65 2
12 128 2
12 269 34
12 366 26
12 634 32
13 66 49
13 224 2
13 320 2
14 127 2
14 152 3
14 210 3
14 321 3
14 376 3
14 584 47
14 616 6
15 352 3
15 854 2
16 24 8
16 64 5
16 96 14
16 132 11
16 148 2
16 643 2
17 48 2
17 258 11
18 203 7
18 215 9
18 290 4
18 641 81
18 645 24
19 7 3
19 657 2
19 709 2
20 1 21
20 10 2
20 36 268
20 323 7728
20 786 2
21 116 2
21 258 42
21 308 2
22 24 2
22 133 2
22 281 2
22 565 2
23 770 2
23 886 2
24 9 11
24 533 11
24 781 2
24 786 5
24 848 3
24 944 2
25 523 3
25 592 2
26 20 10
26 22 12
26 109 35
27 130 4
27 210 23
27 547 2
27 549 7
28 42 2
28 72 2
28 146 2
28 192 2
28 624 613
28 647 5
29 1 37
29 5 8
29 809 20
30 52 2
30 129 2
30 588 6
31 77 70
31 561 2
32 16 2145
32 33 4
32 42 2
32 72 11
32 196 5
32 204 2
32 211 5
32 219 2
32 276 53
32 388 4
32 414 5
32 514 2
32 641 8
32 759 9
32 803 2
32 848 15
33 2 1068
33 3 2
33 26 17
33 277 2
33 320 14
33 544 2
33 785 2
33 898 9
34 324 15
34 561 12
34 663 2
34 720 2
34 800 2
35 65 2
35 266 8
35 689 2
36 12 2
36 48 2
36 257 2
36 288 2
36 320 148
36 448 308
36 555 2
36 705 2
37 13 2
37 364 17
37 520 7
37 594 2
37 640 3
37 673 2
38 180 2
38 204 2
38 544 21
39 3 2
39 48 10
39 520 20
40 9 2
40 20 2
40 256 2
40 512 3
40 528 5
40 605 2
40 645 2
40 756 2
40 761 59
40 840 2
40 980 33
41 96 2
41 263 5
41 276 1130
41 321 2
41 513 4
41 987 2
42 42 5
42 140 2
42 411 9
42 778 13
42 839 14
43 1 4
43 546 4
44 12 12
44 47 3
44 430 3
44 524 2
44 794 2
45 23 2
45 50 2
45 266 2
45 615 2
45 808 6
45 844 35
46 57 8
47 1022 19
48 168 5
48 176 2
48 193 12
48 198 5
48 226 12
48 646 120
48 789 8
48 843 3
48 932 3
49 4 4
49 17 2
49 310 39
49 313 56
50 9 13
50 528 2
51 377 3
51 516 2
52 46 10
52 256 4
52 390 41
52 899 2
53 146 5
54 718 10
56 89 17
56 267 4
56 544 2
56 560 28
57 5 2
57 33 4
57 448 5
58 113 2
58 470 17
59 58 13
59 453 6
59 583 2
60 3 4
60 5 4
60 33 3
60 112 42
60 948 2
61 644 4
61 648 5
62 521 2
62 612 3
64 1 2
64 26 2
64 192 549
64 194 71
64 197 2
64 203 13
64 272 92
64 370 2
64 465 31
64 481 2
64 686 2
64 756 4
64 771 2
64 780 3
64 790 2
65 25 43
65 96 5
65 104 10
65 118 10
65 218 2
65 241 2
65 274 2
65 421 2
65 571 2
65 614 2
66 140 2
66 545 2
67 2 3
67 16 6
67 20 2
67 37 2
67 482 23
67 840 9558
68 153 18
68 192 39
68 226 22
68 284 2
68 576 7
69 138 2
69 466 2
69 529 2
69 572 22
69 768 2
70 109 275
70 212 6
70 431 7
70 608 2
70 642 2
70 646 2
70 648 7
70 672 8
71 1 5
71 264 5
71 409 8
71 700 11
72 8 12
72 37 613
72 280 174
72 437 2
72 533 9
72 961 3
73 39 2
73 999 13
74 512 11
74 548 2
74 600 7
74 768 11
74 1012 4
75 576 21
76 84 4
76 133 6
76 262 17
76 855 2
77 256 5
77 267 4
77 456 10
78 288 2
78 517 7
78 919 9
79 165 26
80 0 2
80 51 91400
80 82 19
80 132 19
80 211 2
80 528 3
80 920 3
81 807 2
82 280 8
82 283 733749
83 115 4
83 124 17
83 304 2
83 617 3
83 784 2
84 64 30
84 74 6
84 216 9
85 31 4
85 65 2
86 234 30
86 524 4
87 353 3
87 462 2
87 512 2
87 515 2
88 330 2
89 2 22
89 4 2
89 76 2
90 20 2
90 274 6
90 843 28
90 977 2
91 652 26
92 38 2
92 91 93
93 49 15
93 134 2
93 669 14
94 869 1656
94 954 2
95 20 7
95 34 9
96 32 11
96 80 2
96 103 9
96 148 2
96 276 8
96 304 40
96 321 27
96 356 3
96 547 3
96 776 8
96 820 13
97 18 3
97 48 4
97 167 7
97 195 5
97 525 2023
98 14 18
98 352 8
98 401 2
98 928 15
99 117 19
99 134 20
99 249 2
100 128 2
100 752 3
100 768 2
100 901 2
101 70 12
101 124 11
101 169 13
101 392 2
101 599 2
102 6 2
102 78 23
102 166 10
102 264 6
103 704 2
104 26 2
104 64 5
104 132 2
104 313 31
104 512 2
104 673 10
105 3 2
105 296 2
106 516 3
106 652 7
107 3 4
107 129 2
108 514 11110
108 825 16
109 707 2
112 0 2
112 1 16
112 3 74
112 28 2
112 84 2
112 107 2
112 776 2
114 68 3
114 416 10
114 452 2
114 497 4
114 872 1023
116 33 2
117 106 11
117 803 41
118 565 2
119 446 2
119 836 2
120 0 4
120 76 2
121 536 242
122 24 57
122 80 2
122 185 12
122 294 2
123 600 22
124 304 5
125 268 2
128 10 3
128 58 2
128 200 2
128 320 12
128 376 24
128 453 7
128 770 16
128 806 8
129 37 56
129 39 9
129 88 9
129 163 2
129 584 19
129 707 6
130 78 3
130 272 15
130 273 2
130 368 2
130 528 4
130 675 3
130 772 4
131 581 20
132 6 114
132 17 2
132 94 4
132 137 2
132 372 2
132 516 2
132 916 6
133 138 11
133 614 2
134 67 6
134 224 2
134 377 4
134 390 36
134 516 11
134 768 2
135 544 2
136 21 2
136 81 7
136 160 18
136 610 3
136 684 5
136 831 17
137 148 22670
137 259 6
137 325 6
137 678 2
137 778 65
138 266 3
138 415 2
138 590 2
138 902 10
139 426 2
139 865 12548
140 72 2
140 143 2
140 464 154
140 724 16
140 776 2
141 2 25
141 521 2
142 641 6
143 116 3
143 144 3
143 187 8
143 286 2
143 642 5
144 18 219
144 68 82
144 248 4
144 257 2
144 433 2
144 520 8
144 800 9
145 2 48
145 67 312
145 94 6
145 184 2
145 216 5
145 273 265412
145 392 1183
145 513 4
145 576 2
146 69 2
146 146 2
146 396 66
147 513 25
147 522 72
148 1 2
148 24 7
148 130 10
148 139 83
148 146 61
148 464 2
148 515 2
148 912 9
149 20 11
149 633 3
149 649 2
150 141 2
150 160 6
150 656 34
151 102 236
151 132 13
151 207 2
151 250 2
153 26 2
153 151 6
153 171 2
153 592 23
153 598 9
153 833 10
153 961 6
156 54 3
156 133 2
156 521 16
156 814 8
157 404 9
158 104 9
159 526 52
160 34 2
160 81 39457
160 144 2
160 452 2
160 644 10
160 801 2
161 40 3
161 376 6
161 524 2
161 576 6
161 717 2
161 898 6
162 306 2
163 227 4
163 361 34
163 601 19
164 34 15
164 264 7
164 280 2
164 329 13
164 636 2
164 646 2
165 141 6
165 397 2
166 686 8
167 104 3
167 289 26
167 384 15
167 456 2
167 712 4
168 52 2
168 67 12
168 68 4
168 98 91
168 480 31
169 351 2
169 514 3
171 144 2
171 810 2
172 8 2
172 32 2
172 569 2
172 664 17
174 493 2
174 582 2
175 863 4
176 137 138
176 270 3
176 824 11
176 864 2
176 916 8
177 128 16
177 280 2
177 560 2
177 744 2
178 100 9
178 144 3
178 580 2
178 797 2
179 429 3
180 19 2
180 152 2
180 600 16
181 331 3
181 768 2
181 964 2
182 300 5
182 672 2
182 728 116
184 161 37
184 664 2
185 5 2
185 42 2
185 391 8
186 272 5
186 582 2
187 800 6
188 4 2
192 43 2
192 72 2
192 177 34
192 392 4
192 524 17
192 536 9
192 713 5
192 898 8
192 904 2
192 999 4
193 8 7
193 28 2
193 120 8
193 131 8
193 162 14
193 375 9
193 422 21
193 775 3
194 321 2
194 677 2
196 81 4
196 377 2
197 297 3
197 592 24
197 611 9
197 769 5
198 3 68
198 196 2
198 812 4
200 146 12
200 445 5
200 577 5
200 924 13
201 98 2
203 654 14
204 520 7
205 457 39
206 80 3
206 530 2
208 14 155
208 534 2
209 55 2
209 513 2
209 564 9
210 1 2
210 882 4
211 4 18
212 34 13
212 69 16
212 285 16
212 673 96
213 64 17
214 585 8
216 66 10
216 792 2
218 86 3
219 389 2
220 176 147394
222 532 11
222 852 2
225 257 2
225 316 18
225 948 9
226 35 2
226 157 3
227 592 11
227 838 4
228 32 3
230 9 39
231 261 9
231 290 3
232 5 2
232 80 5
232 130 2
232 480 9
233 212 49
233 912 2
234 848 68
234 917 4
235 281 2
237 91 2
238 642 222
239 370 8
239 560 12
240 18 2
240 799 6
240 914 5
241 206 9
242 156 3
244 33 16
244 932 19
245 705 30
246 64 2
247 626 3
248 0 12
248 290 3
248 902 46
250 46 235
253 636 2
256 1 7
256 4 2
256 5 27
256 68 502
256 69 2
256 243 3
256 262 20
256 344 2
256 416 15
256 512 5
256 616 2
256 705 4
256 764 3
256 772 2
256 804 2
256 904 2
256 963 15
256 992 2
257 0 7
257 156 5
257 268 6
257 272 78
257 544 2
257 806 2
257 912 4
257 920 2
257 945 5
258 24 10
258 34 9
258 36 2
258 138 2
258 265 2
258 673 30
258 810 5
258 880 16
259 100 2
259 226 3
259 268 3
259 327 2
259 532 21
260 131 6
260 256 2
260 295 35
260 522 110
260 545 2
260 678 4
261 67 18
261 72 7
261 356 2
261 672 2
261 995 10
262 32 13
262 134 2
262 193 2
262 1013 96
264 1 9
264 320 3
264 568 1554
265 264 1303
265 339 2
265 632 2
266 56 12
266 242 2
266 272 12
266 326 12
266 336 2
267 523 2
267 581 2
268 12 2
268 34 4
268 177 2
268 192 40
268 512 7
268 524 12
268 577 2
269 444 2
269 640 9
270 73 3
270 532 2
272 41 2
272 162 2
272 208 22
272 234 2
272 259 16
272 280 6
272 378 3
272 520 3
272 554 2
272 684 40
272 899 2
273 47 8
273 581 12
273 693 2
273 903 25
274 98 2
274 334 2
275 4 7
275 16 2
275 116 2
275 133 76
275 485 16
275 512 3
276 394 9
276 538 2
276 661 8
277 8 2
277 27 2
277 128 3
278 258 2
279 18 3
280 36 6
280 82 2
280 600 4
281 101 16
282 136 5
282 576 7
282 717 3
283 35 2
285 104 2
286 12 2
286 624 2
286 832 56
287 448 2
287 802 41
288 47 2
288 50 7
288 132 19
288 224 7
288 341 12
288 545 5
288 776 5
289 36 811
289 60 31
289 156 9
289 345 3
289 472 14
289 648 9
289 753 6
290 0 8
290 258 2
290 328 3
290 388 22
291 610 21
291 768 6
291 967 2
292 7 4
292 19 2
292 134 2
292 162 2
292 524 2
292 593 4
293 256 2
293 960 14
294 742 2
294 864 3
296 57 8
296 84 25
296 260 2
296 288 8631
296 336 9
296 516 3
297 389 2
297 544 2
297 742 2
298 75 2
299 291 2
301 274 2
304 6 56
304 8 2
304 63 5
304 212 2
304 258 6
304 292 3
305 11 8
305 34 2
305 163 2
305 576 2
306 36 2
306 550 3
308 583 2
308 640 51
308 692 2
308 832 3
308 848 113
310 44 2
312 514 3
314 376 1836
314 518 302
315 739 3
316 452 2
318 532 13
318 914 11
320 29 38
320 315 16
320 407 2
320 428 13644
320 468 2
320 641 2
321 4 2
321 262 3
321 337 11
321 768 18
321 834 80
321 1008 9
322 0 3
322 80 33954
322 272 16
322 416 4
322 899 2
322 902 2
323 360 4
323 515 24
324 16 27
324 106 2
324 179 5
324 200 5
324 513 2
324 530 2
325 6 2
325 74 93
325 145 8
325 192 6
326 11 2
326 32 2
326 116 25
326 280 5
326 443 13
327 698 45
328 45 4
329 258 13
329 836 2
330 8 7
330 204 26
331 512 13
332 456 25
334 265 2
334 288 3
335 83 5
336 18 6
336 100 2
336 576 2
337 833 4
338 33 164
338 169 3
340 0 4
340 106 4
340 704 12
340 763 36
341 576 2
342 15 2
342 168 7
343 475 4
344 676 3
345 728 2
346 11 5
346 89 2
347 11 50
347 149 2
347 313 2
348 128 2
348 395 15
349 12 3
352 409 2
352 419 10
352 514 3
352 680 12
352 794 2
352 860 252
353 389 2
353 684 2
354 25 12
354 30 4
354 836 9
355 134 2
355 634 3
356 800 10
357 433 21
357 641 2
357 690 7
358 168 2
360 514 2
360 555 149
360 732 2
360 784 11
360 810 3
361 266 216
361 316 477
362 34 27
363 162 40
363 424 2
368 49 9
368 738 2
368 925 2
371 705 8
372 352 3
375 77 44
379 333 11
380 339 2
381 531 2
384 5 1188
384 6 3
384 156 4
384 168 17
384 312 2
384 332 18
384 423 8
384 457 3
384 481 37
384 531 6
384 571 2
384 597 9
385 2 7
385 75 87
385 213 12
385 214 95131
385 513 2
385 563 97
386 64 2
386 73 20
386 158 4
386 160 5
386 206 3
386 846 5
386 849 3
386 912 2
387 297 2
387 545 86
387 1016 2
388 332 4
389 596 2
390 566 4
391 8 2
391 461 3
392 38 16
392 336 11
392 553 2
392 674 41
393 461 7
393 577 2
394 80 42
394 211 2
394 590 2
395 4 2
395 558 137
395 647 18
396 454 19
396 536 14
396 546 2
396 777 2
396 960 4
397 132 200
397 305 3
397 518 2
399 9 2
400 10 2
400 144 3
400 712 2
401 16 7
401 58 2
401 277 12
401 284 26
401 673 2
402 68 9
402 80 2
402 769 120
403 20 6
404 209 6931
404 298 14
406 677 60500
406 928 8
408 66 29
408 405 5
408 576 106
409 66 2
409 417 2
410 520 6
411 20 34
412 6 2
413 640 2
414 932 5
416 52 12
416 279 7861
416 292 2
416 832 2
417 577 2
418 16 2
419 7 2
419 62 2
419 844 2
420 32 10
420 114 2
420 288 11
420 424 5
420 538 2
420 545 2
421 400 2
422 736 2
423 384 2
423 651 5
424 481 2
425 161 48
425 261 6
425 746 9
425 776 2
426 644 2
427 580 2
428 32 2
428 194 115
428 620 2
428 880 2
430 8 5
430 68 12
430 203 15
433 24 4
433 398 2
434 734 14
436 597 8
436 641 2
437 2 2
441 21 6
442 146 2
442 691 4
444 769 11
444 801 20
448 92 11
448 513 26
449 321 2
450 450 7
452 48 25
452 136 2
452 488 134
452 513 2
453 368 4
453 661 14
454 9 43
454 437 1094
455 640 2
456 367 17
456 376 17
456 774 4
457 906 2
458 101 3
460 197 15
460 462 2
460 566 69
461 625 2
463 916 6
464 265 2
464 928 2
465 531 4
465 761 7
465 902 3
467 211 2
470 713 6
472 226 2
472 256 2
473 6 3
473 800 2
476 775 2
480 665 2
480 731 2
480 928 10
481 288 4
481 416 17
482 64 6
482 208 2
485 134 14
488 3 10
488 269 10
488 334 12
489 64 5
491 112 192
496 433 37
501 519 3
505 332 2
506 706 19
512 1 363
512 5 2
512 36 16
512 52 2
512 65 2
512 96 2
512 153 26
512 173 2
512 266 11
512 420 4
512 438 2
512 453 3
512 482 2
512 514 2
512 685 2
513 5 2
513 42 9
513 47 5
513 65 2
513 100 7
513 112 12
513 304 72
513 315 21
513 340 2
513 548 5
513 644 6
514 11 2
514 36 2
514 401 15
514 452 3
514 522 188
514 572 2
514 780 2
515 93 5
515 157 4
515 273 2
515 598 159
516 33 17
516 69 2
516 72 353
516 169 2
516 357 12
516 582 2
516 605 2
516 779 2
516 785 6
517 0 19
517 8 6
517 34 2
517 177 2
517 233 15
517 281 2
517 525 2
517 676 2
517 768 3
518 0 2
518 41 5
518 66 2
518 517 5
519 517 4
519 944 2
520 164 2
520 296 50
520 328 7
520 436 2
520 785 26
520 812 2
520 896 2
521 131 2
521 229 16
521 450 4
521 546 4
521 554 5
521 560 2
521 609 4
522 1 60
522 121 4
522 549 12
523 650 14
524 173 2
524 520 10
525 820 4
526 776 12
527 36 2
527 713 2
528 10 6
528 33 17
528 36 2
528 97 52
528 144 13
528 156 2
528 171 3
528 344 2
528 406 23
528 512 2
528 580 154
528 582 7
528 611 7
528 720 2
528 801 2
529 16 2
529 260 82
529 520 2
529 737 31
530 20 2
530 86 3
530 132 2
530 278 560
530 325 2
530 522 2
530 696 2
532 11 9
532 134 191
532 292 7
532 550 44
532 853 2
533 5 2
533 37 3
533 787 2
534 6 18
534 425 3
534 786 4
534 928 25
535 10 2
536 244 2
536 412 4
536 687 51
536 902 6
537 99 3
537 138 3
537 478 16
538 84 2
538 820 4791
540 256 5
541 344 23
541 793 2
544 6 2
544 21 2
544 160 179230
544 416 13
544 429 25
544 542 2
544 551 7
544 597 15
544 718 13
545 209 81
545 226 12607
545 520 8
545 914 655
546 2 4
546 4 3
546 263 5
546 758 2
546 900 14
547 265 46
547 427 3
547 577 2
548 512 8
548 577 4
548 586 9
549 68 75
549 97 3
549 146 2
549 288 2
549 530 5
550 36 2
550 800 5
551 40 8
551 89 4
552 136 316
552 656 19
552 932 64
553 36 22
553 102 2
553 933 61
554 4 2
554 137 2
554 296 27
555 418 208
556 409 7
557 6 2
557 15 2
557 370 4
557 512 5
557 770 8
557 938 6
560 18 395
560 32 4
560 96 3
560 168 4
560 354 13
561 10 2
561 444 97
561 521 11
561 993 11
562 977 2
562 992 2
563 20 2
563 410 2
564 28 2
564 659 9
566 4 5
566 132 2
567 793 2
569 385 8357
569 522 2
571 457 2
572 36 2
572 64 2
572 370 71
572 777 113
573 797 5
573 886 25
574 18 8
574 533 2
574 696 14
576 4 2
576 5 2
576 19 7
576 76 3723
576 133 152
576 172 2
576 193 3
576 228 6
576 325 2
576 371 4
576 525 39
576 547 8
576 607 2
577 72 2
577 222 24
577 236 7
577 577 2
577 997 19
578 26 3
578 96 20
578 120 2
578 136 3
578 554 7
578 572 8
579 80 75
579 621 60
579 789 37
580 64 8
580 507 2
580 528 3
580 598 9
581 645 2
582 633 16
583 129 15
585 64 5
585 208 2
585 217 16
585 354 2
586 64 2
586 658 5
587 608 3
588 784 17
590 276 5
590 520 14
591 147 2
592 2 2
592 4 2
592 148 2
592 528 6
592 566 28
592 585 2
592 856 4
593 429 7
595 58 12
595 557 5
596 11 4
596 91 71
596 154 3
596 385 2
597 387 2
599 92 2
599 569 4
600 68 2
600 573 5
600 575 6
601 335 6
602 480 4
604 913 21
604 1006 5
605 80 31
607 288 2
607 393 2
608 176 2
608 522 6
608 576 2
608 648 2
609 28 84
609 210 2
609 225 4
609 526 294
609 768 4
610 24 2
611 125 2
612 170 4
612 534 2
614 265 2
614 936 22
616 450 2
617 374 2
617 908 2
618 70 2
618 1004 5
619 76 2
619 140 3
619 231 2
621 293 15
625 5 4
625 261 4
626 8 9
626 114 20
626 528 625
626 608 4
627 3 8
627 418 2
627 769 20
629 446 20451
631 24 2
632 18 6
633 812 2
635 546 2
637 73 2
638 161 2
640 16 2
640 160 2
640 246 10
640 258 2
640 421 7
640 467 11
640 525 2
640 732 12
640 952 8
641 192 2
642 512 26
642 562 6
642 724 253
643 73 5
643 775 10
644 48 2
644 387 2
644 660 3
644 756 2
644 769 3
645 4 2
645 25 56
645 195 2
645 548 5
645 963 11
646 289 4
646 388 2
648 76 109
648 98 2
648 210 2
648 369 5
648 512 2
648 694 2
648 769 8
649 4 2
650 108 78
650 216 3
650 953 2
651 290 4
652 257 2
652 594 2
654 129 8
654 565 2
655 384 27
655 761 2
656 3 4
656 259 8
656 278 15
656 370 4
658 10 10
658 26 3
658 226 6
660 36 2
660 52 47
660 85 3498
660 648 3
661 244 20
661 608 3
664 205 2
664 539 3
664 781 21
667 587 9
668 163 4
668 464 3
668 749 3
670 515 23
672 64 2
672 129 2
672 608 2417
673 104 6
673 656 5
674 259 6
674 288 1020
674 401 14
674 672 58
675 257 5
675 470 2
676 52 2
677 121 2
677 641 2
678 237 425
679 556 4
680 20 29
680 450 32
680 540 2
681 6 6
681 33 5
682 14 22
682 156 2
683 278 2
684 1008 30
686 426 8
686 593 8
688 385 5
690 110 2
692 260 4
692 914 18
693 397 14
693 522 3
694 6 249
694 768 2
694 931 21
695 517 3
695 585 2
696 885 14
697 710 7
700 18 8
700 229 9
700 864 2
701 34 5
701 941 19
704 34 2
704 76 12
704 135 2
704 292 2
704 370 2
704 673 12
705 596 2
706 17 2
706 161 13
706 460 2
709 325 10
709 354 2
709 644 2
709 843 7
710 2 2
711 19 8
712 141 6
712 294 14
712 862 2
713 593 2
713 837 2
716 842 7
719 512 2
720 7 2
720 144 2
720 803 2
721 104 2
721 323 52
721 584 2
722 82 2
722 100 7
722 258 2
722 393 7
722 398 4
722 464 1640
724 20 10
724 596 4
725 44 19
725 65 2
728 227 17
729 578 2
730 332 13
732 834 5
736 24 6945
737 64 9
737 288 19
737 610 10
738 970 2
740 235 2
740 778 145
740 801 2
741 260 771
743 787 2
744 124 33
744 280 2
744 762 2
745 63 2
746 386 277
751 506 3
752 261 3
752 786 23
754 32 126
759 130 5
760 220 2
760 257 1182
760 300 13
761 435 148
763 668 4
765 513 2
768 68 55
768 226 2
768 326 4
768 502 58
768 666 12
768 736 77
768 738 3
769 34 56106
769 773 4
770 256 2
770 515 2
770 663 7
771 128 10
771 793 7
771 800 2
772 0 3
772 32 439
773 1 3
774 8 2
775 48 3
775 921 8
776 101 95
776 155 43
776 586 105
776 697 11
777 6 6
777 84 2
777 200 5
777 554 2
777 608 7
777 641 2
778 389 3
780 14 2
780 16 5
780 552 2
780 707 3
780 901 11
781 222 2
782 226 2
782 405 2
784 1 2
784 514 3
784 549 7
784 604 2
784 841 2
785 45 219
785 257 12
786 142 9
786 521 27
786 576 3
786 914 2
787 199 136
788 324 2
788 332 22
792 16 3
792 274 2
792 540 2
793 52 2
793 628 2
795 422 2
795 661 2
798 776 6
799 433 25
800 9 60056
800 73 19
800 97 12
800 133 2
800 824 4
801 312 4
801 592 8
801 642 4
802 769 2
804 0 2
804 104 21
804 337 7
804 433 34
804 779 4
805 781 234
806 134 2
806 232 4
806 326 2
806 480 3
808 777 3
808 937 3
808 945 6
810 17 2
810 416 24
812 778 2
814 161 7
814 264 2
814 523 12
814 905 9
816 24 2
817 784 15
818 253 2
819 538 2
821 236 2
822 211 2
824 392 5
828 592 12
830 356 2
832 16 9
832 21 16
832 30 178
832 43 2
832 281 27
832 328 2
832 427 4
832 518 15
832 548 2
833 999 2
834 67 2
834 104 5
834 148 2
834 912 2
835 264 3
835 392 3
835 583 2
836 86 3
836 388 5
836 485 2
839 21 3097
840 96 2
840 545 2
840 800 2
841 32 2
841 370 2
842 132 2
842 200 176
843 939 2
844 584 4
845 561 13
845 624 4
848 90 2
848 899 2
849 792 7
849 1018 3
850 308 2
850 776 2
851 195 10
852 2 2
852 72 2
852 824 8
854 681 2
856 866 5
857 42 2
862 130 6
863 516 26
864 23 2
864 786 242
867 998 10
868 332 2
870 6 3
870 68 2
871 264 17
872 32 3
872 50 5
873 9 2
874 360 11
875 164 42
878 258 4
882 42 113
882 591 5
882 778 23
895 603 8
896 330 3
896 868 7
897 39 16
897 115 2
897 523 3
898 336 6
898 699 5
899 537 17
900 4 289
902 131 3
902 420 2
903 339 3
904 112 76
904 231 2
904 552 3
904 888 15
904 929 2
905 196 99
905 248 15
905 540 2
905 572 306
906 137 18632
906 194 2
906 328 23
908 456 8
910 614 2
911 5 3
911 10 4
911 896 4
912 85 5
914 216 4
914 669 2
914 968 2
915 431 8
916 742 2
916 777 2
917 560 2
917 912 7
918 0 9
921 272 2
921 320 2
922 8 22
922 784 2
924 33 5
928 384 7
929 10 2
929 316 2
930 547 2
930 720 2
931 230 6
931 657 2
932 274 3
933 657 7
934 94 2
938 316 8635
938 552 14
941 771 15
944 165 18
944 756 13
945 456 60
947 568 2
948 9 2
951 818 113
960 358 9
961 131 2
961 291 13
961 472 9
961 481 2
965 937 14
966 192 6
966 197 2
966 555 124
968 51 2
968 352 3
968 360 2
969 313 30
969 769 2
970 180 1491
975 205 2
976 321 5
976 779 14
977 22 2
977 34 3
977 549 12
984 324 6
984 483 3
985 268 3
986 772 11
987 962 2
988 366 2
990 35 2
996 36 2
996 836 14
998 179 2
1000 260 11
1002 912 2
1004 129 7
1011 36 2
1013 316 217
1018 358 39
1020 371 11
1020 385 18
1021 643 2
