0 4 12
0 8 2
0 9 5
0 17 2
0 18 2
0 29 2
0 47 7
0 112 20
0 135 2
0 150 2
0 156 12
0 256 2
0 265 2
0 274 2
0 321 2
0 352 19
0 415 7
0 552 2
0 618 2
0 646 2
0 674 3
0 843 9
0 917 2
0 936 3
1 15 3
1 30 5
1 37 78
1 135 2
1 357 2
1 481 7
1 535 2
1 644 2
1 768 2
1 825 28
1 920 2
2 0 2
2 8 2
2 48 33
2 132 3
2 167 2
2 260 11
2 267 2
2 328 2
2 523 2
2 826 2
3 24 2
3 277 10
3 530 274774
3 652 4
3 817 11
4 0 2
4 4 2
4 15 31
4 24 6
4 50 509873
4 60 33
4 64 6
4 248 2
4 284 2
4 293 11
4 517 5
4 683 5
4 803 10
4 808 79
5 18 2
5 216 3
5 584 2
5 887 3
6 3 2
6 148 16
6 212 3
6 259 2
6 267 126
6 268 2
6 512 2
6 798 14
6 1002 2
7 237 60
7 715 2
8 1 2
8 2 2
8 19 2
8 32 24
8 42 5
8 58 145
8 202 4
8 273 2
8 386 179
8 486 2
8 552 10
8 642 11
8 656 3
8 735 16
8 850 20
8 902 17
9 39 5
9 43 13
9 416 49
9 572 3
9 823 29
9 907 2
10 13 2
10 40 2
10 75 4
10 84 3
10 160 2
10 176 15
10 208 6
10 523 8
10 599 3
10 680 10
10 778 2
11 204 2
11 586 73
11 752 3
12 0 2
12 24 2
12 116 2
12 128 2
12 269 19
12 366 7
12 634 2
12 781 151
13 66 9
13 192 149
13 224 375
13 780 6
14 152 2
14 210 2
14 321 2
14 376 3
14 616 2
15 352 2
15 485 25590
16 9 2
16 24 2
16 64 9
16 132 17
16 148 96
16 198 3
16 516 15
16 643 10
16 806 6
17 129 2
17 258 2
18 51 2
18 215 11
18 290 6
18 641 20
18 645 14
19 7 4
19 24 2
19 657 2
19 709 2
20 10 5
20 28 4
20 36 35
20 176 6
20 323 3
20 786 6
21 308 19
22 24 3
22 97 2
22 133 2
22 281 4
22 331 331
22 565 32
23 328 14787
23 770 4
23 886 5
24 9 129
24 533 4
24 781 954
24 786 3
24 848 2
24 944 111
25 523 11
25 592 2
26 20 5
26 109 36
26 801 2
27 130 35
27 549 11
28 42 4
28 72 2
28 203 2
28 647 7
29 1 2
29 327 61
29 532 2
30 52 2
30 129 2
31 77 9
31 561 2
32 16 350
32 33 3
32 42 4
32 72 3
32 196 9
32 204 2
32 211 2
32 219 2
32 276 8
32 414 89
32 514 2
32 612 474
32 641 3
32 721 2
32 759 14
32 803 7
32 848 191
33 2 3
33 3 5
33 31 4
33 64 4
33 276 3
33 320 2
33 544 3339
33 785 2
33 898 2
33 945 6
34 292 70
34 324 5
34 561 2
34 663 2
34 720 2
35 65 2
35 266 5
35 689 2
36 12 7
36 34 11
36 48 8
36 257 13
36 266 559
36 288 2
36 320 2
36 555 2
36 705 11
36 858 3
37 2 8
37 13 4
37 364 21
37 594 2
37 640 4
37 673 12
38 180 8
38 204 23
39 3 9
39 48 2
39 520 5
39 982 2
40 20 2
40 39 92
40 65 4
40 256 2
40 512 18174
40 528 4
40 605 2
40 672 2
40 756 2
40 761 3
40 840 3
40 980 20
41 96 2
41 263 3
41 276 3
41 321 3
42 42 2
42 140 2
42 329 6
42 411 47
42 778 5
43 1 2
43 546 20
44 10 2
44 12 2
44 430 2
44 524 2
44 794 4
45 23 2
45 50 2
45 266 2
45 615 13
45 808 3
47 80 2
48 168 4
48 176 7
48 193 10
48 198 2
48 226 4
48 646 3
48 708 2
48 789 2
48 932 6
49 17 2
49 313 17
49 516 13
50 9 2
50 113 9
51 70 4
51 377 2
52 46 314
52 188 8
52 256 2
52 390 2
53 146 2
54 718 4
56 89 39
56 267 2
56 472 10
56 544 3
56 560 6
57 5 23
57 33 4
57 128 2
58 113 10
58 470 2
59 58 2
59 292 2
59 453 2
59 583 2
60 3 9
60 5 5
60 33 10
60 948 3
61 644 2
61 648 1318
62 521 2
62 612 2
64 1 5
64 26 2
64 192 2
64 197 5520
64 203 2
64 272 2
64 465 9
64 686 2
64 756 2
64 771 3
64 780 2
64 790 11
65 25 6
65 61 2
65 96 5
65 104 26
65 118 10
65 241 21
65 274 2
65 515 9
65 571 17
65 614 13
66 140 96
66 545 3
67 2 22
67 16 3
67 20 2
67 37 79
67 73 59
67 453 2
67 482 16
67 840 1073
68 153 25
68 192 2
68 226 2
68 322 9
68 576 13
69 138 6
69 466 3
69 529 2
69 572 3
70 109 7
70 212 2
70 431 2
70 642 2
70 646 2
70 648 63650
70 672 2
71 264 9
71 409 5
71 700 2
72 37 12
72 65 2
72 280 21
72 437 2
72 533 7
73 39 3
73 640 2
73 870 2
73 999 6
74 512 15
74 548 3
75 259 2
75 576 2
76 76 2
76 133 2
76 262 7
77 256 2
77 267 2
77 450 2
77 456 2
78 288 72753
78 517 2
78 784 18
78 919 17
79 165 144
80 0 2
80 51 4
80 82 9
80 132 191
80 528 2
80 677 7
80 920 12
81 807 2
81 852 8
82 280 2
82 283 2
83 115 2
83 124 4464
83 304 2
83 617 2
83 784 2
84 64 4
84 74 2
84 216 7
84 490 7
85 31 3
86 234 2
86 524 4
87 353 3
87 462 23
87 512 8
87 515 25
88 330 2
88 782 2
89 2 2
89 4 2
90 20 76
90 274 37
90 843 3
90 977 88
90 988 2
91 154 26
91 652 2
91 951 4
92 38 2
92 91 6
93 134 2
93 669 5
94 869 22
94 954 2
95 20 2
96 32 5
96 148 2
96 208 3
96 220 68
96 276 2
96 304 13
96 321 15
96 356 15
97 48 7
97 144 11
97 167 2
97 195 94
97 286 13
97 473 4
98 14 4
98 352 2
98 401 2
98 671 16
98 928 2
99 117 2
99 134 3
99 249 5
100 128 11
100 294 2
100 752 3
100 768 2
101 70 7
101 124 2
101 161 10
101 169 140
101 392 2
101 599 2
102 6 2
102 78 4
102 166 2
102 264 28
103 704 2
104 26 4
104 28 12
104 48 7
104 64 3
104 132 32999
104 313 2
104 512 7
104 673 2
105 3 4
105 296 8
105 779 12
106 516 6
106 652 11
107 3 5
107 129 42
108 514 18
108 825 8
109 707 806
111 12 2
112 0 2
112 1 2
112 3 2
112 28 279
112 84 2
112 107 2
112 165 23
112 776 2
114 68 5
114 416 14
114 452 2
114 497 2
114 872 2
116 33 21
117 106 3
119 446 2
119 836 2
120 0 14
120 76 4
122 185 4
122 294 6
123 600 374
124 304 2
124 348 2
125 268 3
128 1 2
128 10 2
128 58 2
128 134 14
128 208 2
128 320 2
128 362 2
128 375 4
128 453 2
128 628 2
128 770 7
128 806 5
129 0 2
129 10 2
129 37 3
129 88 2
129 163 314
129 584 2
129 707 2
130 78 4
130 272 2
130 273 2
130 368 19
130 520 5
130 528 7
130 532 3
130 540 9
130 675 7
130 772 51
130 980 58
131 581 12
132 6 19
132 94 2
132 137 2
132 372 16
132 516 2
132 713 6
132 916 19
132 957 16
133 23 2
133 138 2
133 614 87
134 67 2
134 224 3
134 377 2
134 390 101
134 516 4
134 768 7
135 544 2
136 21 5
136 39 2
136 160 14
136 482 15
136 610 2
136 684 8
136 831 5
137 148 25
137 256 4
137 259 2
137 325 15
137 678 79
137 778 25
138 266 2
138 415 2
138 590 2
138 902 4
139 426 11
139 865 2
140 72 19
140 135 2
140 464 8
140 776 5
141 2 2
141 521 19
141 954 16
143 116 2
143 187 2
143 286 132
143 642 2
144 18 5
144 68 2
144 248 2
144 257 4
144 418 6
144 800 8
145 1 2
145 2 2
145 94 2
145 184 10
145 216 134
145 273 4
145 392 5
145 513 2
145 576 2
146 69 4
146 146 27
146 396 2
146 910 2
147 513 4
147 522 2
148 24 2
148 130 6
148 139 2
148 146 2
148 464 6
148 515 2
148 912 3
149 20 6
150 141 4
150 160 9
151 132 4
151 207 4
151 250 3
153 26 4
153 151 9
153 171 2
153 592 9
153 598 2
153 833 5589
153 961 16
156 54 2
156 521 2
156 814 2
157 404 5
158 104 3
160 34 2
160 81 2
160 144 8
160 452 9
160 644 7
160 801 2
161 21 3
161 40 2
161 326 40
161 376 7
161 524 4
161 576 8
161 717 600
161 898 9
162 160 16
162 306 2
162 517 4
163 361 6
163 601 2
164 34 8
164 38 2
164 217 2
164 329 2
164 481 3
164 646 20
165 141 7
165 397 3
166 686 2
167 104 45
167 289 2
167 384 9
167 456 8
167 712 2
168 8 9
168 67 2
168 68 2
168 98 3
169 72 22
169 351 6
169 514 11
171 144 32
171 810 6
172 8 1142
172 32 2
172 569 17
172 664 3
173 261 7
174 493 5
174 582 19
175 863 3
176 32 2
176 137 2
176 273 2
176 916 3
176 932 7
177 128 2
177 280 3
177 611 3
177 744 13
178 100 2
178 144 60942
178 580 20
178 797 16
179 429 3
180 19 5
180 152 3
180 600 288
180 973 2
181 97 12
181 768 2
181 964 504
182 300 2
182 672 2
182 728 6
184 141 5
184 161 2
184 664 2
185 5 22
185 42 2
185 391 6
186 272 14
186 582 21
188 199 6
192 43 2
192 52 21
192 72 2
192 177 10
192 388 8
192 392 3
192 524 2
192 536 32
192 713 5
192 898 8
192 904 20
192 999 4
193 8 2
193 28 6
193 120 2
193 131 2
193 162 3
193 375 6
193 422 7
193 718 56
193 775 19
194 321 61
194 592 36
194 677 2
196 81 2
196 286 2
196 377 2
197 61 8
197 100 5
197 297 14
197 611 4
197 769 2
198 3 34
198 196 3
198 812 2
200 146 28
200 924 12
201 140 3
202 11 8
203 654 13
204 6 2
204 520 11
206 80 4
208 14 11
208 534 2
209 55 9
209 513 2
209 564 2
210 1 20
210 882 2
211 4 2
212 69 25
212 262 2
212 285 9
212 673 70
213 64 4
214 369 3
214 585 2
216 138 8
216 792 2
217 923 6
219 389 3
220 176 2
222 532 2
225 257 218
225 316 33
225 948 2
226 157 394
227 336 37
227 592 7
227 838 3
230 9 2
231 290 2
232 5 2
232 65 6
232 80 9
232 480 2
233 212 31
233 912 4
234 848 2
235 281 41
235 645 2
237 91 2
238 620 2
238 642 207
239 370 2
239 560 6
240 18 2
240 66 2
240 914 4
241 206 3
242 156 11
244 33 18
244 356 2
245 705 61
246 64 104
247 626 2
248 0 5
248 290 2
256 1 3
256 5 10
256 68 15
256 69 139
256 160 2
256 243 2
256 262 5
256 312 2
256 512 31
256 522 2
256 616 2
256 705 2
256 764 28
256 772 2
256 904 2
256 992 2
257 0 9
257 156 2
257 268 2
257 272 2
257 544 47
257 680 4
257 806 4
257 912 2
257 945 2
258 24 2
258 34 5
258 36 2
258 138 3
258 673 6
258 810 2
258 880 17
259 226 2
259 327 3
259 532 3
260 256 6
260 295 103
260 522 4
260 545 2
260 678 15
261 72 4
261 356 7
261 672 2
261 995 2
262 32 3
262 134 104
262 193 10
262 256 2
262 906 2
262 1013 15
264 1 2
264 4 4
264 320 6
265 632 2
266 11 5
266 56 3
266 272 2
266 336 2
268 12 2
268 177 8
268 524 83
268 577 22
269 444 2
269 640 2
270 532 2
270 642 2
272 162 2
272 208 7
272 225 2
272 234 2
272 259 18
272 378 2
272 520 37
272 640 2
272 684 3
272 899 3
273 693 11
273 809 74
273 903 2
274 98 15
274 334 2
275 4 150
275 16 4
275 116 2
275 485 2
275 512 2
276 288 7
276 392 22
276 538 2
276 628 2
276 661 33
277 8 2
277 27 7
277 128 39
278 258 7
279 18 19
279 901 2
280 82 13
280 600 150
280 674 2
281 101 2
282 136 768
282 576 30
282 717 2
285 104 6
286 12 2
286 624 2
286 832 2
287 448 2
287 802 2
288 47 2
288 50 2
288 132 262
288 224 2
288 292 2
288 341 14
288 545 2
289 36 2
289 60 5
289 156 22
289 468 2
289 472 4
289 753 2
289 788 3
290 0 2
290 258 2
290 328 31
290 388 4
291 32 5
291 610 6
291 768 2
291 967 2
292 7 2
292 19 9
292 134 6
292 162 5
292 524 6
293 256 2
293 960 2
294 742 6
294 864 2
296 57 2
296 131 19
296 231 129
296 260 150
296 288 48
296 336 11
296 409 2
296 516 2
297 167 24
297 325 9
297 389 4
297 742 2
298 75 4
298 800 2
299 78 2
299 291 17
300 140 2
301 274 11
303 292 2
304 6 5
304 8 2
304 42 7
304 63 4
304 106 2
304 212 3
304 258 6
304 292 2126935
305 11 2
305 34 2
305 576 5
306 36 36
306 918 2
307 514 2
308 583 4
308 640 3
308 692 2
308 832 9
308 848 13
309 77 2
310 44 5
310 936 12
312 514 2
314 109 334
314 156 3
314 376 8
314 518 88
315 739 2
316 452 2
318 532 10
318 914 18
320 29 2
320 407 2
320 428 6
320 468 16
320 641 2
320 720 14
321 4 8
321 262 5
321 337 18
321 768 2
321 1008 2
322 0 28
322 80 2
322 196 2
322 902 2
323 515 55
324 16 2
324 106 4
324 167 13
324 179 2
324 200 3
324 513 10
324 530 2
325 6 43
325 74 2
325 145 3
325 614 13
325 720 9
326 11 2
326 16 10
326 32 2
326 116 58
327 675 18
327 698 2
328 45 10
328 853 4
329 35 10
329 258 14
329 836 2
330 8 2
330 204 2
331 512 2
332 456 17
332 643 206
334 265 2
334 288 2
335 83 2
335 391 5
336 18 7
336 100 2
336 576 21
336 632 2
337 352 1276
337 833 2
338 33 2
338 160 2
338 169 4
339 42 6
340 0 24
340 106 11
340 704 29
340 763 6
341 576 2
342 15 2
342 272 2
342 536 5
343 475 2
344 188 46
344 676 3
345 32 46
345 728 2
345 992 6
346 11 2
346 89 2
347 11 11
347 149 2
347 313 2
348 395 25
349 12 2
352 419 2
352 514 2
352 680 6
352 794 2
352 860 2
353 389 2
353 684 8
354 25 14
354 30 2
354 288 8
354 969 2
355 134 2
355 634 157
356 800 35
357 641 2
358 3 8
358 168 2
358 197 2
360 514 4
360 555 32
360 732 3
360 810 2
361 266 5
361 316 3
362 34 12
363 162 3
363 424 24
364 740 2
366 657 2
368 49 2
368 738 2
368 925 2
371 112 2
371 705 2
371 772 471
372 352 2
375 77 2
376 193 2
379 333 13
380 339 3
381 531 2
384 5 2
384 6 2
384 156 2
384 168 2
384 332 2
384 457 7
384 481 2
384 531 9
384 571 9615
384 597 2
384 692 2
384 841 409
385 2 25
385 213 2
385 214 2851
385 513 2
385 563 2
386 64 228
386 73 12
386 158 274
386 160 2
386 275 5
386 846 18
386 912 6
387 147 2
387 297 74
387 545 7
387 1016 11
388 332 35
389 596 2
391 8 3
392 336 2
392 553 12
392 674 10
393 577 2
394 80 2
394 211 4
394 590 6
395 4 2
395 558 4
395 647 2
396 6 2
396 454 2
396 536 5
396 546 6
396 777 2
396 915 2
396 960 3
397 132 7
397 305 33
397 518 2
398 943 2
399 9 2
400 10 5
400 21 19
400 144 3
400 712 73
401 16 11
401 58 2
401 277 2
401 673 66
401 932 2
402 80 2
402 769 2
403 20 2
404 209 44
405 160 8
406 677 2
406 928 2
407 591 235
408 66 2
408 405 2
408 576 3
409 66 2
409 417 2
409 888 2
410 520 10
411 20 181
412 6 22
413 640 2
416 52 11
416 279 2
416 292 2
416 531 94
416 832 2
417 577 2
418 16 12
419 7 2
419 62 2
419 844 2
420 32 13
420 114 3
420 288 7
420 538 2
420 545 2
421 400 29
423 384 2
423 651 2
425 161 19
425 261 2
425 776 7
426 644 14
427 580 2
428 32 75
428 194 2
428 620 15
428 880 4
430 68 3
430 203 2
433 24 2
433 197 2
434 734 8
436 597 2
437 2 2
442 146 127
442 691 2
444 769 40
444 801 2
448 92 3
448 513 2
448 655 6
452 48 2
452 136 2
452 205 4
452 488 2
452 512 2
452 513 31
453 368 16
453 661 4
454 9 2
454 437 35
454 634 321
455 640 3
456 105 2
456 376 7
456 774 15
457 906 2
458 101 668
458 743 14
460 197 17
460 566 2
462 516 2
462 641 2
463 916 2
464 265 4534
464 928 11
465 531 2
465 761 7
467 211 2
467 300 9
469 425 8
472 226 7
472 256 2
472 801 8
473 6 2
473 800 6
480 0 31
480 665 11
480 928 2
481 288 2
482 64 19
482 208 3
482 285 28
483 276 6
485 134 3
488 3 2
488 565 7
489 64 2
491 112 3
496 433 2457
496 978 2
501 519 10
504 267 4
505 332 2
506 706 4
512 1 2
512 5 10
512 65 6
512 96 23
512 153 6
512 173 23
512 266 41
512 420 2
512 438 2
512 453 114
512 482 2
512 514 12
512 522 103
512 685 33
512 936 24
513 5 4
513 47 6
513 65 80
513 112 2
513 304 14
513 315 33
513 340 2
513 548 2
513 640 3
514 11 2
514 36 2
514 160 2086
514 401 6
514 452 3
514 522 2
514 572 2
514 780 7
515 93 2
515 157 107
515 273 2
516 33 7
516 72 2
516 169 2
516 357 3
516 385 6
516 442 26
516 555 15
516 582 2
516 605 5
516 779 4
516 785 2
517 0 2
517 8 5
517 34 16
517 177 4
517 281 2
517 525 2
517 672 11
517 676 12
517 768 7
518 0 3
518 41 2
518 66 7
519 517 5
519 944 6
519 967 5
520 9 2
520 94 7
520 164 8
520 296 28
520 328 52
520 436 15
520 785 2
520 812 2
520 896 4
521 81 6
521 229 7
521 546 2
521 554 2
521 560 11
521 609 56
522 121 6
522 234 2631
522 549 4
522 652 7
523 650 3045
524 173 2
524 520 4
525 134 2
525 820 2
526 548 2
526 776 3
527 36 9
527 713 2
528 10 13
528 33 2
528 36 3
528 97 15
528 144 32
528 156 6
528 344 2
528 406 3
528 512 2
528 580 563
528 582 6
528 720 9
528 801 18
529 16 2
529 260 2
529 423 21
529 517 2
529 520 11
529 836 4
530 86 2
530 132 2
530 325 9
530 696 5
532 134 238
532 292 9
532 550 2
532 853 17
533 5 10
533 37 3
533 787 186
534 425 2
534 786 8
534 928 3
535 10 2
536 10 3
536 412 12
536 687 110
536 902 55
537 99 2
537 138 7
537 257 2
537 478 2
538 74 9
538 84 9
538 820 3
540 256 2
540 481 2
541 344 3
541 793 1266
544 6 2
544 21 8
544 24 2
544 151 2
544 160 7
544 401 87
544 416 3
544 536 2
544 542 2
544 597 12
544 718 2
545 209 4
545 226 12
545 914 2
546 2 2
546 4 6
546 263 3
546 612 4
546 650 2
546 758 28
546 900 11
547 265 10
547 427 32
547 577 3
548 141 7
548 169 3
548 577 3
548 586 2
549 68 2
549 97 2
549 288 10
549 530 3
549 647 5
550 649 3
550 800 2
551 40 28
551 89 140
552 136 2
552 656 7
552 932 4
553 102 72
553 933 2
555 52 3
556 409 2
557 6 2
557 370 2
557 400 6
557 557 2
557 770 2
557 938 207
559 557 10
560 18 13
560 32 8
560 168 13
560 354 5
561 10 2
561 444 19
561 521 27
561 786 2
562 977 2
562 992 18
563 20 2
563 410 2
564 659 3
565 105 80
566 4 16
566 132 2
567 793 2
569 385 25
569 522 8
571 100 11
571 457 5
572 36 3
572 64 3
572 257 2
572 370 2
572 777 912
573 797 9
573 886 30
574 18 20
576 4 25
576 5 5
576 19 2
576 48 4
576 76 204532
576 133 2
576 172 12
576 193 2
576 371 2
576 547 3
576 607 2
577 72 62
577 236 2
577 401 2
577 661 40
577 997 2
578 26 24
578 96 10
578 120 2
578 136 2
578 554 3
578 572 4
578 575 105
579 136 4
579 621 9
579 789 2
580 64 2
580 507 2019
580 598 2
581 645 4
582 633 3
583 129 3
585 64 14
585 208 2
585 354 100
586 64 26
586 530 2
586 658 2
588 784 5
589 389 5
590 276 2
590 300 3
590 520 3
590 788 2
591 147 24
592 4 2
592 148 5
592 322 18
592 528 4
592 585 2
593 429 21
595 58 2
595 557 42
596 33 2
596 91 2
596 385 2
597 387 2
599 176 2
599 569 8
600 562 2
600 575 10
601 335 9
601 431 60
602 480 5
604 913 3
605 80 2
606 281 10
606 807 3
607 288 3
607 393 4
608 176 8
608 522 7
608 648 11
609 28 166
609 210 3
609 225 2
609 526 4
610 24 3
611 125 4
612 170 65
612 534 2
613 840 7
614 265 107
614 936 2
616 81 125
616 450 8
616 806 2
617 374 2
617 908 8
618 70 4
619 76 2
619 231 3
621 293 3
623 1000 3
624 579 3143
625 5 26
625 261 2
625 530 2
626 104 5
626 528 19
627 418 2
627 769 27
627 977 24
629 446 24
629 528 2
631 24 2
632 18 11
633 812 2
637 73 8
638 161 77
640 4 14
640 6 12
640 160 5
640 181 13
640 258 2
640 369 18
640 421 88
640 467 2
640 525 7
640 584 5
640 659 2
640 732 14
640 952 2
641 192 3
642 512 2
642 562 2
642 724 30
643 775 2
644 660 9
644 756 20
644 769 31
645 4 9
645 25 2
645 548 5
645 963 2005
646 289 2
646 388 2
648 76 2
648 98 2
648 210 2
648 301 4
648 369 14
648 512 3
648 694 14
648 769 15
649 4 17
649 48 21
650 108 109
650 953 2
651 290 11
652 594 4
655 384 4
655 761 2
656 3 2
656 259 2
656 278 3
656 370 4
657 79 2
657 201 2
658 10 6
658 26 2
658 226 6614
658 640 137
660 36 82
660 52 9
660 69 3
660 85 2
661 244 4
661 608 3
662 374 5
664 16 2
664 205 2
664 539 41
664 781 178
665 260 8
666 66 5
667 587 26
668 464 3
668 749 2
670 515 4
672 1 112
672 129 2
672 514 2
672 608 5
672 717 2
673 656 3
674 259 3
674 288 27
674 401 4
674 672 2
675 257 2
675 470 2
676 52 5
677 121 2
677 641 5
678 237 2
679 556 6
680 20 7
680 39 4
680 450 2
680 540 12
681 33 4
682 156 2
683 278 10
684 1008 25
686 426 16
686 593 6
688 385 6
689 80 2
690 110 16
691 12 3
692 260 2
692 914 2
693 397 93
693 522 3
694 6 3
694 768 18
694 976 6
695 517 13
695 585 3
696 885 2
697 710 2
700 18 3
700 229 2
700 864 6
701 34 4
701 941 4
704 34 9
704 135 2
704 292 7
704 370 14
704 514 65
704 673 5
705 596 454
705 854 2
706 17 3
706 161 3
708 108 5
709 325 2
709 354 6
709 644 12
709 843 2
710 2 2
711 19 5
712 35 11
712 141 14
712 283 2
712 862 12
713 837 22
716 98 2
716 339 2
716 649 23
719 512 2
720 7 2
720 144 2
720 803 6
721 0 2
721 170 2
721 323 6
721 584 2
722 82 3
722 100 2
722 104 4
722 146 6
722 258 20
722 393 3
722 398 5
722 464 17
723 142 2
724 20 2
725 44 9
725 65 2187
726 322 249
727 200 2
728 227 2
728 350 6
728 712 2
729 578 2
730 332 2
736 24 6
737 25 3
737 64 3
737 288 2
737 610 31
738 970 3
740 235 9
740 778 7
741 45 2
741 260 2
742 97 49
743 787 2
744 124 3
745 63 2
746 536 60
752 261 8
752 494 2
752 786 2
754 32 21580
759 130 7
760 40 357
760 220 10
760 257 36
760 300 2
763 668 10
768 68 10
768 226 9
768 502 2
768 608 2
768 666 2
768 736 4
768 738 2
769 34 2
769 350 2
769 773 39
770 67 29
770 211 5
770 515 17
771 128 7
771 793 2
771 800 2
772 32 5
772 130 8
773 1 2
774 8 3
774 936 2
775 48 14
776 101 6
776 586 3
776 697 2
777 6 2
777 84 2
777 318 2
777 539 2
777 554 9
777 608 14
777 641 2
778 707 2
780 14 2
780 16 2134
780 193 10
780 552 2
780 707 2
780 901 14
781 222 2
781 496 11
782 226 3587
782 405 8
784 1 2
784 514 2
784 549 2
784 569 2
784 604 2
784 634 2
784 841 15
785 45 2
786 142 2
786 521 7
786 576 222
786 914 4
787 199 4
788 25 3
788 332 27
792 16 2
792 540 2
792 594 2
793 52 2
793 498 2
793 628 2
795 422 17
795 661 3
798 776 3
800 9 16
800 45 6
800 73 4
800 97 11
800 133 5
800 824 2
801 34 81
801 312 2
801 592 2
801 642 2
802 660 23
802 769 5
804 0 15
804 337 3
804 779 2
805 387 751
805 781 871
806 43 2
806 134 45
806 232 2
806 326 2
808 302 2
808 526 661
808 777 2
808 937 47
808 945 64
810 17 3
810 416 3
812 778 2
814 264 2
814 523 18
814 905 151
816 18 2
816 24 2
817 784 20
818 253 2
819 69 8
819 538 2
821 236 2
824 609 6
824 978 5
828 592 7
830 356 4
832 30 2
832 43 2
832 281 4
832 304 3
832 328 22
832 427 2
832 518 2
833 999 17
834 32 7
834 148 3
834 912 18
836 86 2
836 388 9
836 485 2
838 785 2
839 21 2
840 96 8
840 545 2
840 800 6
841 32 2
841 370 3
842 132 16
842 200 2
844 584 176
845 624 23
848 90 10
848 188 8
848 313 22
848 899 2
849 792 6
849 1018 17
851 195 5
852 2 16
852 64 17
852 72 2
852 824 45
854 681 2
856 256 14
856 866 34
857 42 2
862 130 2
863 516 2
864 23 2
866 260 56
867 998 463
868 332 2
870 6 10
870 68 29
871 264 4
872 32 2
872 50 2
872 165 3
873 9 2
874 360 7
875 164 2
878 258 4
880 611 55
882 42 5
884 802 15
885 601 2
894 392 279
895 603 2
896 330 11
896 868 2
897 39 15
897 115 8
897 1002 2
898 699 22
899 537 2
899 736 2
900 4 7
900 162 8
900 313 2
902 131 6
902 420 5
904 112 2
904 231 2
904 552 4
904 888 26
904 929 7
905 12 2
905 196 3
905 248 19
905 540 2
905 572 2
906 137 2
906 194 8
906 210 2
907 276 6
908 456 35
910 614 4
911 5 2
911 896 9
912 2 2
912 85 30
912 129 3
912 388 3
914 216 14
914 669 2
914 968 2
915 431 9
916 742 2
916 777 2
917 560 2
917 912 30
918 0 3
920 200 13
921 272 2
921 320 37
922 784 5
924 33 42
927 190 3
928 64 4
928 384 2
928 516 33
928 518 5
929 10 7
929 257 2
929 316 4
930 547 77
930 720 1383
931 230 8
931 657 2
932 274 3
932 783 8
933 657 2
934 94 2
938 261 2
938 552 3
940 512 5
941 771 3
944 165 2
944 756 5
945 456 2
946 205 39
947 568 2
948 9 2
952 37 3
953 905 6
954 22 2
956 846 2
960 358 2
961 131 43
961 291 2
961 472 50
961 481 137
963 130 2
965 937 5
966 29 15
966 192 3
966 197 2
966 555 2
968 51 11
968 352 3
969 313 2
969 769 26
970 180 26
971 566 2
975 205 2
976 779 2
977 22 2
977 549 2
984 324 4
984 483 10
986 772 2
987 962 2
988 366 21
990 35 33
996 836 6
998 179 6
1000 260 2
1001 286 9
1002 652 38
1002 912 2
1004 129 10
1011 36 3
1013 316 2
1018 358 2
1020 371 5
1021 643 3
