1020 0.02091301234324297 
712 0.02091301234324297 
66 0.020934394647500482 
1300 0.020955776994282877 
1580 0.02091301234324297 
586 0.02080609690171377 
1738 0.02089161764661519 
1602 0.02091301234324297 
1493 0.02091301234324297 
488 0.02091301234324297 
388 0.02091301234324297 
305 0.02091301234324297 
840 0.02091301234324297 
150 0.02091301234324297 
1673 0.020934394647500482 
1301 0.021105450433267038 
1872 0.02091301234324297 
163 0.02091301234324297 
929 0.02091301234324297 
1708 0.02091301234324297 
1166 0.020784714707051923 
1259 0.02091301234324297 
1528 0.02091301234324297 
1670 0.02091301234324297 
493 0.02097716325068852 
1203 0.02091301234324297 
1092 0.020934394647500482 
1500 0.02091301234324297 
1896 0.020955776994282877 
1199 0.02091301234324297 
1797 0.02091301234324297 
408 0.02091301234324297 
1742 0.02091301234324297 
1362 0.02091301234324297 
987 0.0209771593834447 
218 0.020955776994282877 
1043 0.021105450433267038 
1990 0.02091301234324297 
1292 0.02091301234324297 
181 0.02091301234324297 
