0 18 6 1 4
0 112 4 1 4
0 135 10 1 4
0 674 1 3 16
1 37 7 1 4
1 920 7 3 52
2 523 1 4 35
4 774 4 1 5
5 887 9 2 22
6 1002 8 2 16
9 274 8 1 4
10 518 7 1 4
10 599 5 6 3820
11 204 10 1 4
12 128 3 1 4
14 321 9 4 455
15 352 4 1 4
16 64 4 1 3
18 51 7 1 4
18 290 7 1 4
24 9 5 1 7
26 801 6 1 4
28 624 1 4 38
32 42 9 1 7
32 960 6 3 79
36 858 1 3 22
38 180 7 8 304029
40 20 8 5 2920
40 512 5 1 4
41 321 9 3 56
44 10 8 2 37
45 615 2 9 2042700
47 1022 8 1 4
48 168 8 1 4
52 285 1 4 34
52 390 1 4 85
64 1 10 5 1383
64 26 8 1 4
65 241 6 8 997445
66 140 1 2 5
67 840 4 7 30692
68 576 7 1 4
70 109 9 6 17846
71 1 5 2 22
73 999 2 1 3
74 548 8 1 4
76 855 1 5 180
77 267 5 1 4
80 677 10 1 11
80 920 1 6 1947
87 512 9 7 55086
90 20 3 1 4
90 274 7 1 4
92 91 6 1 4
96 547 2 2 4
96 776 7 5 2220
98 14 2 2 4
100 901 3 3 38
104 313 2 2 4
104 673 9 3 49
129 88 4 3 26
130 540 5 3 38
134 390 8 2 29
135 544 5 1 5
136 610 9 1 11
136 657 9 1 4
137 778 10 1 4
138 266 8 3 95
140 72 7 2 13
141 2 3 5 377
143 144 7 1 8
145 67 9 3 183
146 69 6 2 13
146 910 5 4 114
151 102 7 1 4
153 26 7 4 528
156 54 7 1 4
162 306 1 4 46
165 397 7 1 3
167 712 3 6 12800
171 810 8 1 4
176 137 4 1 4
177 128 8 1 4
180 19 8 1 4
182 672 8 2 41
182 728 5 1 3
184 141 3 1 4
186 272 8 1 4
192 72 2 2 4
193 8 3 5 2017
193 422 8 1 4
200 577 10 1 5
201 98 4 2 14
206 80 10 3 153
208 534 3 2 11
212 69 2 2 4
212 112 6 1 10
214 585 8 1 4
216 792 8 1 4
238 642 3 1 4
240 914 9 1 4
256 243 7 1 4
256 616 5 6 16785
257 912 4 2 8
261 995 7 1 4
265 264 7 1 4
268 177 6 3 75
268 192 5 3 28
272 684 2 2 5
273 809 7 2 25
278 258 6 1 3
280 674 2 2 4
289 36 5 1 4
289 156 2 2 4
289 468 5 5 1284
292 593 7 4 155
296 260 10 1 4
296 336 2 2 4
301 777 5 2 22
320 641 3 3 24
320 720 3 2 13
324 200 3 1 5
331 512 3 3 59
340 763 10 1 4
345 728 4 1 5
345 992 5 2 19
347 11 8 1 4
352 680 6 3 63
357 641 5 1 3
360 514 7 3 38
368 738 9 6 12317
381 531 9 1 4
384 156 10 2 30
384 332 4 1 4
385 563 8 1 4
386 73 1 2 4
386 275 7 1 4
386 846 3 1 4
387 1016 1 5 142
388 332 10 4 932
389 596 10 1 5
392 38 10 1 4
393 461 9 3 172
399 9 3 1 5
401 284 9 6 18827
416 52 1 2 3
416 832 5 1 4
426 644 9 1 4
448 513 2 2 4
448 655 6 1 4
449 321 2 10 67660483
454 9 3 3 56
460 566 7 3 47
464 265 9 6 20076
464 928 10 4 359
480 0 4 3 31
488 334 8 1 4
489 64 10 1 4
496 433 9 1 4
512 153 2 2 4
512 514 4 1 5
512 936 5 1 4
514 4 5 7 27609
514 36 9 1 4
516 605 7 2 16
519 944 5 1 4
520 94 6 6 25377
520 785 8 2 17
520 812 1 3 19
522 1 1 2 4
523 650 8 1 4
524 159 10 2 19
526 548 9 4 216
529 836 2 2 7
530 20 9 2 41
533 787 1 2 4
534 786 7 1 3
536 687 10 3 116
541 793 5 1 4
544 416 5 2 10
545 226 4 3 39
548 586 9 1 4
550 36 9 1 4
551 4 7 1 4
554 296 4 1 4
557 15 3 2 7
557 512 5 1 4
561 786 7 1 10
564 659 7 1 5
566 132 7 2 21
576 228 1 9 564738
577 236 7 1 4
577 577 8 1 10
580 64 8 2 23
590 300 9 1 4
601 335 9 1 7
608 648 10 1 4
611 125 6 1 4
618 1004 10 4 496
619 140 5 1 4
626 528 5 1 4
640 4 9 1 4
640 369 8 6 13123
648 512 10 3 64
665 3 5 1 4
670 515 9 1 4
672 1 3 1 4
672 64 6 3 34
678 237 5 1 4
704 135 7 2 31
706 161 2 2 4
708 108 7 4 178
712 283 3 1 4
722 258 9 1 8
725 44 8 6 22803
740 235 5 1 4
761 435 9 6 32886
771 128 7 1 5
771 793 2 1 3
772 32 10 1 7
774 8 7 8 2297909
777 641 6 1 4
781 222 3 1 4
786 576 2 2 8
804 104 2 3 26
804 779 9 1 3
806 326 5 4 128
808 937 9 1 14
816 18 8 1 4
819 69 4 3 53
834 912 10 1 4
849 792 6 4 296
852 2 7 3 127
852 824 8 1 4
864 786 7 1 4
875 164 5 1 4
896 868 4 1 4
898 336 4 2 13
900 4 4 4 183
902 131 8 1 4
904 112 6 3 124
930 720 1 3 20
947 568 6 1 4
965 937 4 3 23
968 51 4 7 65252
975 205 3 5 1366
984 483 1 2 4
