825 0.004477483853833653 
1614 0.004642538527266347 
505 0.004674569370839006 
1430 0.004609527301319778 
937 0.004905329734008651 
1419 0.004700717117067165 
1608 0.0046418848381487845 
245 0.004639923771161086 
61 0.004775892615652777 
1994 0.004605278342452257 
1964 0.004830150648298613 
1880 0.004824920912454966 
493 0.00476772130363374 
1152 0.004604297813826572 
1604 0.004692872781286058 
1215 0.0045827262163986165 
420 0.004629464756384865 
31 0.004793869567497203 
1698 0.004667378759875849 
1690 0.0046163910092440405 
1061 0.00469973657451636 
1869 0.004727518680999199 
1428 0.004740592665354804 
233 0.004646787508021291 
1507 0.004761511117986297 
464 0.004536641645336221 
1888 0.004675549909321085 
1526 0.0045418710861407 
529 0.004572267282174141 
776 0.0048435519006273 
678 0.004858260691977783 
1312 0.004687643229871497 
1455 0.0044536247736221305 
1766 0.004637309016025764 
1423 0.004834072957750862 
1623 0.004621947348914395 
1807 0.004643192216444896 
166 0.004719674306887202 
941 0.004700717117067165 
946 0.004681759989908247 
932 0.004656592858209209 
33 0.00420883016675541 
1194 0.004505265077345305 
862 0.004647441197598589 
1285 0.004711829944523351 
1343 0.004760857414791221 
589 0.0047245770392994645 
1149 0.004657573394004449 
1054 0.004652670716447543 
1618 0.004316355185314017 
1823 0.0045578862710648005 
1812 0.004697121795193489 
1389 0.004757262049071368 
480 0.004718040063775147 
318 0.004711176248175309 
1218 0.004773604646506463 
1317 0.00466411030297341 
1633 0.004698102337301587 
1615 0.004675223063143615 
944 0.004723596492444253 
863 0.004752686133512254 
119 0.004268638548710632 
1491 0.004708888311570777 
1746 0.004701370812193965 
1476 0.004621293661675558 
779 0.0046088736151823325 
714 0.004663783457372394 
729 0.004729806625732941 
70 0.004760203711700494 
1448 0.0046739156786013755 
173 0.004611815203253989 
660 0.004571613599262184 
50 0.004757915751698131 
647 0.004662802920666213 
1133 0.004922327340722404 
1266 0.004774585204539617 
1666 0.004747783372215338 
7 0.004720981701743649 
1397 0.004602336756960894 
1472 0.004742880616310613 
