0 89 6 1 4
0 198 5 3 107
0 342 2 8 155618
1 18 5 1 4
1 503 7 1 8
2 115 3 7 49200
2 217 8 3 73
3 218 10 4 1102
3 363 4 3 52
3 430 10 1 16
4 361 2 4 56
4 414 9 6 7415
5 214 10 5 1483
8 303 5 9 2482179
9 129 3 3 44
9 171 7 7 42961
10 223 6 5 1213
10 416 2 4 58
10 462 5 5 1461
11 30 3 7 39444
11 297 8 3 62
11 438 4 1 7
11 477 4 2 8
12 343 6 2 11
12 499 3 4 118
13 207 4 1 4
13 280 5 5 671
13 397 7 3 49
14 173 7 5 4378
14 265 3 5 598
15 160 5 2 13
15 414 10 1 4
16 25 4 2 11
16 114 2 3 28
16 232 8 3 53
16 357 9 7 120189
16 370 8 1 5
17 83 4 1 4
17 131 3 3 43
17 316 5 4 554
18 90 9 4 285
19 33 1 5 160
19 180 10 1 7
20 139 10 6 36510
20 283 3 10 16560581
21 209 5 5 776
21 259 1 3 10
22 226 9 1 4
22 451 3 2 7
23 108 8 1 13
23 304 3 3 59
24 52 8 1 4
24 418 9 1 7
24 503 7 2 22
25 126 6 2 22
25 234 8 7 288953
25 309 2 2 4
25 320 10 7 60725
25 408 2 8 90683
26 142 8 1 7
26 296 3 2 10
27 342 4 3 41
27 378 5 2 11
28 407 9 1 7
29 40 2 3 22
30 182 8 5 3552
30 403 6 1 8
31 66 3 2 7
32 177 10 2 43
33 489 2 4 55
34 84 2 7 12414
34 129 5 2 19
34 199 5 4 157
34 231 4 6 5612
34 282 6 3 97
34 317 9 1 10
35 151 1 4 26
35 446 8 5 2097
35 458 6 1 10
35 479 8 8 1053831
36 162 2 4 89
36 341 6 7 79786
36 374 6 5 4008
36 444 7 1 10
38 277 2 4 49
38 390 8 1 7
38 488 7 1 5
39 467 8 2 17
39 490 3 5 1107
40 75 10 6 7143
40 103 4 3 28
40 148 3 6 7012
40 464 10 3 152
40 486 2 6 1425
41 429 4 4 196
42 45 5 5 2911
42 316 3 2 14
43 123 2 8 114042
44 327 7 5 3352
45 98 2 4 182
45 108 1 7 6707
46 106 10 3 113
46 139 5 7 81866
47 99 6 6 15866
47 246 10 1 4
47 505 2 5 567
49 66 5 2 22
50 169 5 3 40
50 177 4 2 8
50 474 6 2 19
51 134 6 3 49
51 342 10 2 49
52 78 6 1 4
52 181 7 2 17
52 207 3 5 1036
52 277 1 3 13
52 500 9 1 8
54 464 6 4 134
55 151 5 5 2064
56 234 7 5 952
56 435 5 5 2339
58 65 7 2 13
58 164 9 1 7
58 249 9 4 453
59 199 4 10 938191386
59 276 6 6 13223
60 384 10 1 4
61 396 5 2 17
62 489 3 7 41034
63 335 10 3 92
64 89 1 6 1424
64 91 6 1 4
64 179 1 6 705
64 501 8 5 2871
65 236 5 5 877
65 267 3 2 7
65 386 1 5 142
65 397 3 5 390
66 185 2 2 5
66 376 1 2 4
67 70 6 6 18451
68 209 5 4 257
68 221 3 4 71
68 267 7 1 7
68 363 4 3 71
68 432 10 5 4064
68 474 1 7 16809
69 72 5 1 3
69 89 7 3 52
69 462 7 4 241
70 295 7 1 4
70 505 4 9 4201072
71 228 1 4 28
72 167 5 2 10
74 220 8 8 739049
74 411 9 2 44
74 451 8 4 324
75 330 4 5 2243
75 392 9 4 829
76 153 3 8 1042916
76 322 5 6 3810
77 337 9 8 728467
77 340 2 3 17
78 209 6 3 94
78 267 7 5 2233
79 262 4 2 8
80 86 1 3 22
80 368 8 1 4
80 420 5 5 719
82 84 10 1 4
82 464 3 4 230
82 488 5 4 118
83 402 5 5 641
83 407 7 6 27829
84 257 2 5 438
84 295 9 3 70
85 244 2 2 4
86 118 3 6 6748
86 145 10 3 107
87 133 10 5 5220
88 404 4 2 16
89 305 5 4 176
89 349 6 3 106
90 292 4 3 32
90 402 5 3 32
91 280 5 7 49359
92 477 2 5 1261
93 161 7 1 8
94 427 6 3 122
95 182 5 1 8
95 486 2 2 10
97 319 4 1 7
97 351 5 7 62010
98 113 2 8 130445
99 172 1 4 26
99 402 3 3 23
100 291 9 1 4
101 165 1 8 156674
102 259 4 3 46
103 117 2 2 10
103 186 9 5 4759
103 192 3 1 4
103 273 6 6 6724
103 277 7 1 8
104 166 9 4 327
104 327 2 3 13
105 242 2 2 10
105 496 1 4 94
106 198 8 4 262
106 249 2 3 38
107 241 3 4 79
107 277 9 1 4
107 335 10 4 402
107 350 7 8 577711
107 359 7 6 14713
108 404 10 9 3859869
109 143 7 4 214
109 367 8 2 20
109 408 9 2 22
109 437 6 2 14
111 198 2 3 16
111 273 4 1 4
112 236 6 2 20
112 446 3 3 16
114 205 10 3 73
114 327 3 10 132796964152
115 180 2 7 14763
115 193 9 1 11
115 198 7 2 22
116 207 10 1 7
117 314 7 3 73
118 221 6 3 88
118 260 9 3 184
118 285 8 1 10
118 346 8 1 8
118 390 1 3 7
119 293 2 4 70
119 417 6 7 185982
119 423 5 1 5
119 506 6 1 10
120 475 2 4 94
122 258 2 6 9306
122 371 10 3 64
122 383 5 3 109
123 173 10 4 851
123 377 4 2 14
124 280 2 3 32
124 471 1 7 27131
125 154 4 6 2848
125 445 2 3 17
125 507 5 1 4
126 251 5 1 8
126 277 3 2 7
126 466 10 1 4
127 250 5 4 337
127 311 7 3 151
128 355 3 6 2248
128 385 3 7 29545
129 206 2 3 23
129 276 7 2 29
129 406 2 5 239
129 480 9 2 16
130 277 4 4 286
131 194 8 1 13
132 385 1 3 8
132 434 4 6 10390
132 475 7 5 3897
134 226 10 3 107
135 167 5 2 10
135 169 4 3 25
136 405 3 5 432
137 160 5 4 492
137 201 7 5 3541
137 250 7 2 35
138 470 6 3 50
139 455 3 4 118
140 510 1 3 16
141 278 10 1 13
141 351 1 7 20969
141 353 4 2 17
141 390 9 1 7
141 418 7 6 18719
142 322 5 2 13
143 192 4 3 32
143 223 8 1 7
143 270 5 6 8405
143 286 7 2 20
144 505 1 9 3403233
146 215 4 4 163
146 288 1 5 483
146 362 3 1 4
146 365 8 4 235
147 402 1 5 172
147 467 2 3 28
148 162 4 3 55
148 359 5 3 82
149 196 6 3 62
149 224 7 2 19
149 304 6 3 85
149 458 8 6 7381
150 430 4 8 911655
150 458 2 2 7
151 285 2 3 16
151 307 5 5 1191
151 387 2 3 31
151 399 10 5 2703
151 463 6 3 83
152 167 3 2 7
152 196 3 3 16
152 421 2 3 26
152 433 10 3 92
153 200 4 4 92
153 257 7 1 7
153 409 8 1 8
154 273 2 5 632
155 412 3 6 5732
155 418 2 4 127
156 160 9 6 8252
156 400 6 1 8
156 507 1 4 35
157 385 8 1 4
159 189 9 2 25
159 331 4 5 865
159 353 7 1 7
161 423 10 1 10
163 181 7 1 7
163 293 7 3 151
163 333 3 6 4790
164 241 4 3 74
164 291 7 2 31
165 281 6 5 2280
165 323 10 1 7
165 484 7 10 2626023355
165 501 8 1 5
166 170 4 2 8
168 209 4 7 143924
169 266 5 3 68
171 319 3 1 4
172 480 8 1 7
173 266 7 3 89
173 274 9 9 3815902
174 352 9 2 34
174 501 6 1 10
175 205 3 4 119
175 272 1 4 67
176 393 7 1 7
176 462 1 3 10
177 250 5 2 14
177 459 5 5 832
178 182 9 3 68
178 254 10 1 11
178 409 8 5 2280
178 486 7 2 37
179 223 7 4 593
179 255 6 4 139
179 473 9 1 13
180 197 2 3 28
180 421 9 1 4
180 448 9 3 83
181 436 1 6 1619
182 277 3 2 14
183 463 6 3 50
186 237 10 1 17
187 440 9 6 8473
189 252 6 1 4
189 275 5 5 1110
189 474 10 3 80
190 424 5 8 1413633
191 352 9 3 56
191 368 7 2 13
191 401 1 5 399
191 416 1 4 23
192 437 6 1 4
194 346 3 5 1485
195 363 2 6 3754
196 439 2 5 683
197 230 4 2 17
198 267 8 3 74
198 279 2 3 14
198 353 10 1 7
198 478 2 5 706
200 210 8 1 8
200 342 4 6 6590
200 448 1 3 11
201 238 7 1 4
202 254 5 4 191
202 442 5 3 95
204 245 2 6 3265
204 472 1 2 4
206 410 5 1 5
206 436 6 7 29887
208 275 3 7 15821
208 303 7 4 409
208 506 10 5 1155
209 223 6 2 28
209 274 10 2 29
209 492 5 2 10
210 380 7 6 5842
211 386 10 2 47
212 238 6 1 8
213 443 7 3 64
214 231 7 1 10
214 511 4 4 145
215 393 8 1 4
215 417 5 8 1740212
218 254 4 3 44
218 447 8 3 167
219 234 8 5 1302
219 478 4 2 11
219 498 8 5 5280
221 351 1 6 2704
222 430 1 6 1225
223 412 9 4 765
223 435 6 5 1834
223 478 10 1 14
223 491 6 9 11566045
223 508 9 3 85
227 273 3 8 241166
227 397 10 7 69978
228 299 1 3 16
229 452 1 3 20
230 482 2 2 7
231 349 9 8 1173510
231 378 4 6 9838
232 248 10 3 179
233 247 1 4 92
233 366 9 1 10
237 407 7 2 13
238 319 4 3 26
239 323 9 4 312
241 345 1 3 7
242 285 7 1 4
242 312 9 2 20
243 249 9 2 20
243 492 2 3 19
246 254 7 4 460
246 500 9 5 1131
248 431 3 3 35
249 404 7 10 61481424
250 395 5 5 716
250 441 3 4 315
252 502 5 1 7
253 296 4 3 25
253 500 6 2 19
255 392 4 5 1378
256 288 1 2 4
256 476 9 1 10
258 267 1 7 4984
258 478 5 2 10
259 373 1 4 26
260 283 5 1 4
260 316 2 3 16
260 327 3 3 35
260 400 7 3 85
262 299 6 2 26
262 414 3 3 20
262 487 3 3 46
264 339 9 5 1083
265 430 9 4 205
266 294 10 4 394
267 463 1 2 4
267 475 8 4 267
269 336 2 7 25351
270 335 1 3 7
270 395 6 3 52
271 489 7 1 4
272 320 2 3 31
272 404 1 4 50
275 280 7 1 8
275 323 8 7 39929
276 335 5 3 80
277 279 10 3 89
277 359 2 3 29
279 392 8 3 55
280 385 6 1 7
281 345 10 4 372
284 333 8 5 3531
289 366 2 3 29
291 454 10 5 6593
293 489 6 3 113
294 451 6 2 16
295 463 9 1 4
295 478 8 3 131
297 441 6 2 20
298 347 1 3 17
298 354 7 1 8
298 501 3 8 288082
299 363 2 2 10
299 382 1 4 53
303 376 1 5 187
303 400 5 3 29
304 474 3 4 204
305 411 5 2 14
305 416 5 5 992
306 481 1 9 501438
307 394 6 5 1288
309 400 6 2 28
311 330 10 3 71
311 342 6 2 28
311 432 3 2 7
312 313 6 2 16
312 409 9 7 108868
312 466 7 3 146
313 451 5 3 91
313 463 1 6 2554
314 418 3 7 52586
314 499 7 1 10
315 435 4 2 10
317 318 1 3 19
318 481 2 3 22
321 365 3 5 448
322 354 10 5 5370
325 352 5 1 4
325 422 4 5 2210
326 446 2 3 32
332 368 9 2 26
336 444 7 3 112
337 451 6 6 14698
338 341 7 1 7
338 461 4 2 13
339 342 7 3 44
339 475 10 3 61
341 435 2 8 387042
341 469 6 4 426
343 415 2 4 118
349 431 2 4 170
350 452 3 1 4
351 497 9 1 8
352 373 6 5 2142
353 371 4 5 639
354 363 8 5 1204
354 457 1 3 14
355 428 3 9 4895189
355 464 4 4 396
357 421 4 1 7
357 467 4 1 5
358 420 1 4 32
358 432 7 7 192620
358 447 8 1 7
360 431 7 6 7131
361 510 6 9 3698925
362 456 4 3 80
362 493 4 6 4761
367 499 5 1 7
368 438 7 2 14
368 482 4 3 49
370 419 3 2 7
372 477 3 2 13
373 436 1 2 4
374 489 1 6 2561
379 434 9 1 10
380 462 1 5 128
381 501 10 1 4
383 387 8 2 28
383 504 1 7 23419
384 450 4 6 3638
385 425 10 1 7
385 498 9 6 15366
386 394 2 2 4
386 448 8 4 433
386 468 4 6 3255
386 482 9 1 4
388 418 3 3 31
388 472 9 7 82843
389 500 5 5 2615
391 404 1 6 2198
391 429 4 3 64
393 488 5 2 14
394 399 4 5 2429
395 423 6 3 121
396 468 3 1 4
398 413 7 2 25
398 484 8 1 4
399 410 10 1 17
400 407 3 5 451
400 492 5 6 11596
402 433 6 5 1947
404 443 10 4 508
405 474 3 5 385
406 407 3 4 243
408 439 7 3 109
410 473 8 2 31
412 455 10 1 7
414 416 8 1 14
415 472 5 3 29
417 503 8 5 5296
425 450 6 3 64
427 505 5 2 16
429 432 3 3 40
432 455 3 2 7
438 501 1 4 23
444 468 7 1 7
447 485 3 3 37
448 494 1 7 8063
449 452 4 6 6732
450 475 2 2 7
453 471 1 7 10376
453 479 5 3 73
455 479 8 1 14
458 490 2 3 17
461 503 6 1 10
463 468 6 3 56
466 481 8 5 2746
466 501 7 2 20
474 480 6 1 4
485 501 2 2 4
501 504 10 5 2133
507 509 6 6 18129
