1872 0.0028033222796707813 
862 0.002818893550472574 
911 0.002805917449632442 
1694 0.0028033222796707813 
363 0.0028033297598948756 
1626 0.0028033222796707813 
1854 0.002805917449632442 
19 0.0028033222796707813 
1461 0.002813707211472657 
1438 0.0028111078406643556 
1073 0.0028085126367365463 
1512 0.0028033222796707813 
787 0.0028033222796707813 
364 0.0028033222796707813 
1917 0.0028033222796707813 
711 0.002805917449632442 
323 0.0028033222796707813 
873 0.0028033222796707813 
991 0.0028085126367365463 
1006 0.0028111078406643556 
43 0.0028033244967656974 
1703 0.002805917449632442 
1386 0.0028033222796707813 
1206 0.0028033222796707813 
424 0.0027981319925328946 
15 0.0028033222796707813 
1247 0.0028033222796707813 
1295 0.0028033222796707813 
393 0.0028085126367365463 
759 0.0028033244967656974 
1651 0.0028033222796707813 
550 0.0028033222796707813 
31 0.0028033222796707813 
994 0.0028033222796707813 
1722 0.0028033222796707813 
37 0.0028033222796707813 
1249 0.0028033222796707813 
1692 0.002805917449632442 
457 0.0028033186561814798 
50 0.002818893550472574 
1890 0.0028033222796707813 
657 0.0028033222796707813 
1376 0.0028033222796707813 
292 0.002805917449632442 
539 0.0028033222796707813 
860 0.0028033222796707813 
551 0.0028033222796707813 
1636 0.0028033222796707813 
8 0.002798136994610511 
1630 0.0028033222796707813 
975 0.0028033222796707813 
378 0.0028033222796707813 
237 0.002805917449632442 
1362 0.002805917449632442 
1732 0.0028033222796707813 
1101 0.0028033222796707813 
1515 0.0028033222796707813 
1920 0.0028033222796707813 
1152 0.0028085126367365463 
34 0.0028033222796707813 
582 0.002805917449632442 
1137 0.002805917449632442 
1258 0.0028033222796707813 
269 0.0028033222796707813 
1277 0.0028033222796707813 
815 0.0028033222796707813 
485 0.0028033222796707813 
1199 0.0028033222796707813 
1983 0.0028033222796707813 
1793 0.0028033222796707813 
196 0.0028033222796707813 
702 0.0028033222796707813 
1183 0.0028033222796707813 
1533 0.0028033222796707813 
650 0.002818893550472574 
289 0.002805917449632442 
498 0.0028033222796707813 
718 0.0028033222796707813 
1221 0.0028033222796707813 
352 0.0028033222796707813 
1298 0.0028033222796707813 
337 0.002805917449632442 
1058 0.0028033222796707813 
1814 0.0028033222796707813 
1550 0.002805917449632442 
1751 0.0028033203333431497 
1445 0.0028033222796707813 
1286 0.0028033222796707813 
358 0.0028085126367365463 
530 0.0028085126367365463 
1413 0.0028033222796707813 
468 0.0028033222796707813 
1768 0.0028085170620105247 
1847 0.0028033222796707813 
756 0.0028033222796707813 
316 0.0028033222796707813 
1610 0.002805917449632442 
46 0.0028033222796707813 
122 0.0028033222796707813 
629 0.0028033222796707813 
1089 0.0028033222796707813 
1464 0.002805917449632442 
1664 0.0028085126367365463 
1964 0.0028033222796707813 
1306 0.0028033222796707813 
1037 0.0028033222796707813 
627 0.002805917449632442 
920 0.0028033222796707813 
1922 0.0028033222796707813 
241 0.0028033297598948756 
1787 0.0028033222796707813 
1293 0.002805946815922154 
210 0.0028033222796707813 
1007 0.0028033222796707813 
1808 0.0028137030611147373 
737 0.002805917449632442 
1999 0.0028033222796707813 
494 0.0028033222796707813 
451 0.002813707211472657 
350 0.0028033222796707813 
1721 0.0028033222796707813 
1507 0.0028033222796707813 
543 0.0028085126367365463 
1416 0.002805917449632442 
892 0.0028033222796707813 
1525 0.0028033222796707813 
1476 0.0028033222796707813 
659 0.0027955299142413174 
1529 0.0028033222796707813 
1262 0.0028033222796707813 
1226 0.0028033222796707813 
1835 0.0028033222796707813 
968 0.002805917449632442 
506 0.0028033222796707813 
497 0.0028137030611147373 
1763 0.0028033222796707813 
675 0.0028033222796707813 
654 0.0028033222796707813 
995 0.0028033222796707813 
1898 0.0028033222796707813 
437 0.0028033222796707813 
1068 0.0028033222796707813 
369 0.0028033222796707813 
450 0.0028033222796707813 
81 0.0028033222796707813 
887 0.0028033222796707813 
896 0.0028033222796707813 
245 0.0028033222796707813 
211 0.0028033222796707813 
1829 0.0028033222796707813 
235 0.002805917449632442 
1600 0.0028033222796707813 
199 0.0028033222796707813 
839 0.0028033222796707813 
1105 0.0028033222796707813 
614 0.0028033222796707813 
53 0.0028033222796707813 
1053 0.0028033222796707813 
1397 0.0028033222796707813 
1374 0.0028033222796707813 
190 0.0028033222796707813 
818 0.002805917449632442 
1212 0.0028033222796707813 
998 0.0028033222796707813 
93 0.0028033222796707813 
155 0.0028033222796707813 
1232 0.0028085126367365463 
1839 0.0028033222796707813 
1021 0.0028033222796707813 
1227 0.0028033222796707813 
1605 0.0028033222796707813 
10 0.0028033203333431497 
1103 0.0028033222796707813 
1621 0.0028033222796707813 
343 0.0028033222796707813 
753 0.0027955299142413174 
1874 0.0028033222796707813 
792 0.0028033222796707813 
1444 0.0028033222796707813 
1454 0.0028033222796707813 
445 0.0028033186561814798 
365 0.0028033222796707813 
634 0.0028033222796707813 
1800 0.002805917449632442 
636 0.0028033222796707813 
1723 0.0028033222796707813 
1251 0.0028033222796707813 
932 0.0028033203333431497 
1322 0.0028033222796707813 
1973 0.0028085126367365463 
987 0.0028033222796707813 
1138 0.0028033222796707813 
1741 0.0028033222796707813 
1326 0.0028137030611147373 
1713 0.0028033222796707813 
128 0.0028033222796707813 
1026 0.0028033222796707813 
1028 0.0028033222796707813 
954 0.0028033244967656974 
156 0.0028033222796707813 
894 0.0028111078406643556 
1302 0.0028085126367365463 
1554 0.0028033222796707813 
889 0.0028033222796707813 
1121 0.0028033222796707813 
1849 0.002805917449632442 
901 0.0028033186561814798 
490 0.0028033222796707813 
29 0.0028033222796707813 
622 0.002805917449632442 
172 0.002805917449632442 
817 0.0028033244967656974 
1949 0.0028033222796707813 
1734 0.0028033222796707813 
1941 0.0028033222796707813 
754 0.0028033222796707813 
39 0.0028033222796707813 
1406 0.0028085126367365463 
1746 0.002805917449632442 
377 0.002805917449632442 
775 0.0028033222796707813 
1755 0.0028033222796707813 
1294 0.0028033222796707813 
861 0.0028033222796707813 
467 0.0028033222796707813 
1859 0.0028033222796707813 
1091 0.002805917449632442 
354 0.0028033222796707813 
949 0.0028033222796707813 
1869 0.0028033222796707813 
710 0.0028033222796707813 
984 0.002818893550472574 
1583 0.0028033222796707813 
691 0.0028033222796707813 
610 0.0028033222796707813 
86 0.0028033222796707813 
1049 0.0028033222796707813 
1219 0.0028033222796707813 
1054 0.0028085126367365463 
686 0.0028033222796707813 
1210 0.0028033222796707813 
564 0.0028085126367365463 
1119 0.0028033222796707813 
1223 0.0028033222796707813 
1457 0.0028033222796707813 
1431 0.0028033222796707813 
537 0.0028033222796707813 
1201 0.0028033222796707813 
304 0.0028033222796707813 
1889 0.0028085126367365463 
658 0.0028033222796707813 
1863 0.0027981319925328946 
1840 0.0028085126367365463 
674 0.0028033222796707813 
217 0.0028033222796707813 
126 0.0028033222796707813 
1327 0.0028033222796707813 
1649 0.0028033222796707813 
705 0.0028085126367365463 
801 0.0028033222796707813 
1757 0.0028033222796707813 
1555 0.0028033222796707813 
1530 0.0028033222796707813 
1881 0.0028033222796707813 
679 0.0028033222796707813 
829 0.0028033222796707813 
1409 0.002805917449632442 
432 0.0028033222796707813 
442 0.0028033222796707813 
879 0.0028033222796707813 
214 0.0028033222796707813 
1106 0.002805917449632442 
1519 0.0028033222796707813 
1164 0.002805917449632442 
1494 0.002805917449632442 
148 0.0028162982978051187 
255 0.0028033222796707813 
76 0.0028033222796707813 
1565 0.0028033222796707813 
796 0.002798136994610511 
252 0.0028033222796707813 
992 0.0028033222796707813 
23 0.0028085126367365463 
899 0.0028033222796707813 
1419 0.002805917449632442 
979 0.0028033222796707813 
1274 0.0028033222796707813 
640 0.0028033222796707813 
730 0.0028033222796707813 
1589 0.002813707211472657 
1953 0.0028033222796707813 
443 0.002805917449632442 
848 0.0028214888188750928 
216 0.002805917449632442 
1845 0.0028033222796707813 
883 0.002805917449632442 
282 0.0028033222796707813 
1656 0.0028033222796707813 
1876 0.0028033222796707813 
1938 0.0028033222796707813 
