0 89 9 2 32
0 198 1 8 198317
0 342 1 8 155820
1 18 6 1 7
1 503 1 3 21
2 115 6 1 4
2 217 6 1 7
3 218 10 7 386655
3 363 7 3 118
3 430 4 5 1126
4 361 8 6 7864
4 414 1 6 1990
5 214 7 5 1555
8 303 4 9 2485600
9 129 2 2 4
9 451 3 1 4
10 223 2 2 4
10 416 5 1 4
10 462 1 3 8
11 30 10 4 766
11 297 4 2 11
11 438 7 1 7
11 477 5 3 34
12 499 1 5 271
13 207 2 2 4
13 280 6 1 7
13 397 2 2 4
14 173 5 1 4
14 265 2 2 8
15 160 10 1 4
15 414 4 1 4
16 25 6 4 616
16 114 1 2 4
16 232 2 7 11046
16 357 2 5 372
16 370 3 1 4
17 83 7 1 4
17 131 2 3 25
17 316 5 4 539
18 90 2 3 20
19 33 4 1 4
19 180 8 8 1968954
20 139 9 3 79
20 283 9 2 29
21 209 10 1 10
21 259 1 4 67
22 451 7 6 32951
23 108 2 5 262
23 304 8 5 1240
23 418 10 2 32
24 52 6 1 4
24 418 3 10 63708646
24 503 9 1 7
25 126 7 1 11
25 234 5 1 4
25 309 2 2 4
25 320 9 1 7
25 408 7 6 4964
26 142 2 2 4
26 296 8 1 7
27 342 7 2 14
27 378 1 4 92
28 407 3 2 7
29 40 4 1 7
30 182 4 1 4
30 403 6 4 187
31 66 10 1 8
32 105 1 5 128
32 177 2 5 819
33 489 4 3 70
34 84 7 1 4
34 129 9 2 20
34 199 9 4 550
34 231 7 5 2601
34 282 3 3 17
34 317 1 5 530
35 151 1 3 14
35 479 2 5 631
36 162 2 2 10
36 341 9 1 4
36 444 8 1 4
38 170 10 1 7
38 277 4 1 4
38 488 1 2 4
39 467 6 1 8
40 75 4 1 4
40 103 7 2 13
40 486 7 4 341
41 429 9 4 276
42 45 10 5 2914
42 316 10 1 13
43 123 3 3 49
44 327 2 2 4
45 98 1 3 10
45 108 2 3 23
45 408 6 3 46
46 106 4 3 29
46 139 7 3 97
47 99 1 7 15452
47 246 7 2 37
48 344 5 4 365
49 66 1 2 4
49 370 8 4 264
50 169 2 7 49233
50 177 6 7 32868
50 474 7 1 4
51 134 2 4 82
51 342 10 1 17
52 78 10 1 4
52 181 9 3 121
52 207 10 1 8
52 277 10 3 61
52 500 2 2 10
54 464 10 1 17
55 151 5 2 14
56 234 8 1 7
56 435 6 8 1450652
58 65 4 1 7
58 164 4 2 17
59 276 8 2 28
61 396 8 2 19
62 444 1 3 10
63 335 1 4 26
64 89 10 2 20
64 91 10 2 26
64 179 10 1 5
64 501 2 2 7
65 236 4 2 10
65 277 3 7 34107
65 386 7 8 648341
65 397 2 2 7
65 409 3 1 4
66 185 5 2 19
66 376 1 4 43
67 70 5 1 4
68 132 3 5 837
68 209 1 4 71
68 221 10 4 559
68 267 6 4 464
68 290 1 4 34
68 363 2 5 599
68 432 4 5 2638
68 474 1 7 16695
69 72 2 3 25
69 89 8 1 7
69 462 4 4 94
70 295 4 5 894
70 505 2 4 93
71 228 3 2 11
74 220 2 2 7
74 411 8 2 41
74 451 1 5 364
75 330 5 5 2186
76 153 10 4 276
76 322 2 2 4
77 337 6 1 4
77 340 6 4 139
78 209 8 1 8
78 267 4 1 4
78 308 3 5 1021
79 262 5 6 6569
79 319 3 5 1481
80 420 3 4 86
82 84 6 1 8
82 464 8 2 16
82 488 8 1 11
83 407 8 1 8
84 257 9 7 169154
84 295 4 2 13
85 244 5 6 19205
86 118 3 3 17
86 145 1 3 11
88 404 9 1 7
89 305 1 2 4
89 349 6 7 54434
90 292 9 1 14
90 402 8 3 74
91 280 2 5 855
92 477 1 4 34
93 161 5 3 47
94 427 2 2 4
95 182 10 1 10
95 486 6 3 109
97 319 9 2 28
97 351 9 1 7
98 113 10 1 8
99 154 2 6 4666
99 402 9 3 91
100 291 7 4 157
101 165 9 3 65
102 259 10 1 16
103 117 10 3 134
103 186 5 5 2959
103 192 1 3 11
103 273 8 2 17
103 277 6 3 95
104 166 1 5 440
104 327 2 4 59
105 242 10 1 7
105 496 2 2 7
106 249 10 5 3863
107 241 6 1 7
107 335 3 7 15774
107 350 3 8 578486
108 404 4 2 14
109 143 2 2 4
109 354 4 1 4
109 408 4 3 34
109 437 2 4 76
111 198 9 1 7
111 273 8 1 4
112 236 4 3 59
112 446 5 5 1244
113 430 3 3 35
114 205 10 1 4
114 327 4 1 7
115 180 7 10 113277839
115 193 9 10 835222833
115 198 10 1 4
116 207 2 6 4521
117 314 2 3 17
118 221 7 1 4
118 285 10 1 8
118 346 3 3 20
118 390 4 2 8
119 293 4 5 1308
119 417 3 3 38
119 423 9 2 31
119 506 10 3 83
122 371 2 2 8
122 383 8 2 17
123 173 4 5 454
123 377 7 3 76
124 471 7 6 13541
125 154 1 3 7
125 445 9 1 8
125 507 9 2 34
126 251 2 2 8
126 277 10 4 304
126 466 2 7 12330
127 250 8 3 100
127 311 7 4 412
129 206 5 1 4
129 276 3 2 7
129 406 7 1 10
129 480 6 6 18591
130 277 4 1 3
132 385 1 8 153043
132 434 1 5 399
132 475 5 2 10
134 226 8 2 34
135 167 10 6 10546
135 169 8 2 40
136 405 6 6 4930
137 160 2 2 4
137 201 1 3 7
137 250 2 2 4
138 470 4 4 377
140 510 6 1 8
141 278 3 1 4
141 351 3 2 8
141 353 8 1 4
141 390 8 3 107
141 418 5 6 18655
142 322 6 1 10
143 192 8 2 26
143 270 6 5 1411
143 286 5 2 17
144 505 2 9 941621
146 215 3 4 223
146 288 5 1 4
146 365 1 3 10
147 402 7 5 1046
147 480 6 2 13
148 162 9 6 15490
148 238 9 1 7
148 359 3 2 14
149 196 8 1 4
149 224 9 1 7
149 304 3 2 7
149 458 6 2 28
150 430 7 7 87382
150 458 6 1 4
151 285 8 1 4
151 307 3 4 181
151 399 8 3 55
151 463 7 4 523
152 167 9 1 4
152 196 1 4 44
152 421 3 2 13
152 433 7 2 34
153 257 8 1 7
153 409 2 3 34
154 273 1 5 627
154 507 4 1 4
155 412 1 6 742
155 418 4 3 74
156 160 2 4 91
156 400 6 1 4
156 507 10 2 37
157 385 6 3 126
159 331 7 5 846
159 353 5 2 23
159 451 9 4 294
163 181 4 1 4
163 293 8 1 4
163 333 5 2 22
164 241 5 7 77622
164 291 1 5 289
165 281 5 4 446
165 323 5 4 246
165 484 4 3 52
165 501 5 5 569
166 170 6 1 7
168 209 8 1 13
169 266 9 1 10
171 506 8 1 4
172 480 8 2 25
173 266 2 6 4198
173 274 2 9 2018482
174 352 3 1 4
174 501 3 2 14
176 393 2 3 13
176 462 8 3 80
177 250 5 1 7
177 459 9 5 2822
178 182 9 1 10
178 254 7 4 456
178 409 1 6 780
178 486 6 2 19
179 223 4 6 5820
179 255 9 1 14
179 473 8 1 11
180 197 8 1 5
180 346 4 1 4
180 421 1 2 4
180 448 8 1 13
181 436 10 1 4
183 463 8 1 4
186 237 6 2 20
187 440 2 3 13
189 275 10 1 4
190 424 8 4 237
191 352 9 1 4
191 368 4 3 38
191 401 6 6 5653
191 416 7 1 7
192 437 8 1 13
194 346 10 2 20
195 363 2 3 40
198 279 6 1 10
198 353 5 2 19
198 478 6 9 15722640
200 210 10 2 23
200 342 4 3 55
200 448 8 3 114
201 238 7 6 18580
202 254 4 3 50
202 442 7 2 34
204 245 8 3 52
204 472 1 2 4
205 345 6 6 20099
206 410 10 1 17
206 436 6 2 20
208 275 4 1 7
208 303 4 3 22
208 506 6 2 22
209 223 9 2 41
209 492 1 8 137792
210 380 8 3 98
211 386 7 3 68
212 238 10 4 261
213 443 5 2 26
214 231 7 6 12510
214 511 10 4 307
215 393 3 2 13
215 417 7 1 4
218 254 2 7 11933
218 447 2 5 277
219 234 2 5 350
219 478 3 2 8
219 498 7 6 5003
221 351 6 1 4
223 412 5 3 94
223 435 2 6 1834
223 478 5 4 163
223 491 10 1 16
227 273 2 5 463
227 397 7 4 622
229 452 10 2 25
230 482 4 2 20
231 349 4 5 1889
232 248 10 3 154
233 247 3 2 7
233 366 1 5 426
235 354 5 5 1906
237 407 3 3 19
238 319 3 3 23
239 323 6 6 11891
241 345 5 3 80
242 257 4 1 5
242 285 8 1 4
243 249 4 2 19
243 492 5 1 4
246 254 7 7 77082
246 500 5 1 5
248 431 2 3 13
249 404 9 2 16
250 395 2 8 575966
250 441 9 1 13
252 502 4 3 37
253 296 3 1 5
253 500 1 3 8
255 392 2 2 8
258 267 8 1 7
258 478 8 4 409
259 373 3 1 4
260 283 3 9 3174877
260 316 9 1 7
260 327 2 4 50
262 299 4 4 97
262 414 2 3 35
262 487 9 4 1020
264 339 2 5 555
265 281 5 2 20
265 430 4 1 4
267 463 8 1 10
267 475 3 1 4
269 336 10 1 4
270 335 6 1 7
270 395 8 2 35
271 489 5 7 37838
272 320 6 2 13
272 404 4 4 106
275 280 6 4 155
275 323 9 6 13154
276 335 1 3 8
277 279 8 3 159
277 359 3 8 321542
279 392 10 1 4
280 385 5 3 101
281 345 10 4 259
281 464 1 4 31
284 333 9 4 300
288 505 10 3 55
289 366 10 2 20
290 427 8 3 154
291 454 5 1 7
294 451 2 4 168
295 463 6 1 8
295 478 5 1 7
297 405 10 1 4
297 441 8 1 4
298 347 10 1 8
298 354 7 1 4
298 501 4 2 17
299 363 5 1 4
299 382 1 2 4
303 305 2 7 18309
303 400 4 2 16
304 474 1 3 8
305 411 3 2 10
305 416 4 1 4
306 481 7 8 502297
307 394 9 6 9678
309 400 2 2 4
311 330 3 3 50
311 432 1 7 25387
312 313 9 6 9690
312 409 4 1 7
312 466 2 5 231
313 451 8 1 4
314 418 10 5 1484
314 499 2 2 4
315 435 3 3 17
317 318 6 2 13
318 481 4 3 32
321 365 9 1 5
322 354 2 2 10
325 352 3 2 7
325 422 6 1 8
326 446 4 4 373
332 368 8 7 132406
336 444 1 7 20205
338 341 9 3 49
338 461 2 2 4
339 342 4 5 1922
339 475 1 2 4
341 435 6 4 423
341 469 3 1 4
343 415 4 3 26
349 431 5 1 7
351 497 4 2 16
352 373 3 3 52
353 371 5 7 170152
354 457 7 4 157
355 428 4 2 13
355 464 6 3 124
357 467 1 2 4
358 432 10 3 71
358 447 9 2 37
361 510 8 2 29
362 456 9 2 22
362 493 5 4 219
367 499 6 3 106
368 438 5 4 544
368 482 4 2 19
370 419 1 4 38
371 421 7 1 4
372 477 9 3 65
373 436 7 2 23
374 489 9 2 17
379 434 2 2 7
383 504 10 2 31
384 450 7 4 571
385 425 1 3 22
385 498 2 6 7431
386 394 1 2 4
386 448 5 4 404
386 468 6 5 3362
386 482 1 3 14
388 418 4 1 3
388 472 3 4 74
391 429 1 2 4
391 511 5 1 4
393 488 2 3 25
394 399 6 3 35
395 423 8 4 417
396 468 2 8 677391
398 413 1 3 7
398 484 8 5 2110
399 410 6 4 404
400 407 1 5 118
400 492 3 6 11598
402 433 2 2 4
404 443 4 1 4
405 474 1 2 4
406 407 4 1 7
408 439 5 7 134836
410 473 10 3 150
412 455 7 1 7
414 416 8 1 4
415 472 8 3 46
417 503 4 6 5068
425 450 7 5 1930
427 505 9 7 53821
429 432 2 4 181
438 501 7 1 8
444 468 2 2 10
447 485 10 8 2090890
448 494 6 2 11
449 452 10 5 4721
450 475 9 2 22
453 471 1 3 14
453 479 2 2 4
455 479 8 1 11
458 490 3 4 226
461 503 1 3 11
463 468 1 3 14
466 481 4 4 112
466 501 1 4 25
474 480 4 2 10
485 501 8 1 13
501 504 3 8 384901
507 509 1 3 7
