697 0.0027839579792669536 
809 0.0028094549132827874 
284 0.0027708119876740486 
1627 0.0027832158661397197 
1165 0.0028368072265442194 
1037 0.002818837382635182 
1443 0.00280447213752235 
1004 0.002777862052451456 
1670 0.0028616152116276556 
692 0.002791697163812676 
408 0.0028310823164322727 
691 0.002775582707353264 
1601 0.0028183603076573564 
1650 0.002796679930978444 
1208 0.0027935524490536445 
1123 0.002870944726627893 
869 0.0027976870864626865 
603 0.002799648389646197 
1690 0.0027951426939302314 
372 0.002838874556104775 
1149 0.002749025748792142 
534 0.002796679930978444 
1704 0.002792386269702669 
1656 0.002794347571447806 
91 0.0027682676053213773 
313 0.0028100910125478966 
621 0.0027754766913217054 
1504 0.0028247213096359936 
1863 0.0028073875910318803 
932 0.0027852301733886204 
415 0.0027685856530585444 
1729 0.002790902041715515 
1926 0.0028415779877842416 
1839 0.002797581070089362 
773 0.002820745682824948 
1172 0.0027863963515422597 
1162 0.002820427632762488 
1668 0.002834792905895106 
1481 0.0027331234383213177 
1900 0.0028183603076573564 
29 0.0028239791924872934 
267 0.0027895238302937373 
134 0.0027580900865326616 
759 0.0028230780503237965 
1859 0.0028477799811201074 
38 0.0028216998330859665 
473 0.0027862903353382575 
1061 0.0028067514919893916 
505 0.0027361978812310405 
993 0.002861774237379426 
1779 0.002805744335280262 
1518 0.002828643929933983 
1371 0.002803464981115665 
517 0.002861774237379426 
529 0.0027405445105592747 
1683 0.0027905309847675976 
973 0.002809613938094187 
25 0.0029411283742806975 
289 0.0028100910125478966 
613 0.0028004435127073958 
1974 0.0027166911038712925 
933 0.0028252513933537922 
1248 0.002819791532674507 
1021 0.0027934994408971812 
105 0.0028578516029125907 
258 0.002755492701729428 
255 0.002819632507660222 
132 0.0027704409318496923 
325 0.00283622413367773 
589 0.0028926782879143587 
1268 0.0028829776929801625 
628 0.002880380267377236 
1402 0.0027876685461178797 
801 0.0027932874082752706 
1513 0.0027748936031793217 
1961 0.002781943672397747 
499 0.0027914321231036526 
13 0.002769963860107823 
1295 0.0027838519631009266 
1465 0.00279933034044571 
1072 0.0027947186285953106 
1584 0.002784806108654913 
442 0.0028087127975393498 
1032 0.0028329376109669517 
963 0.0028404118014706613 
386 0.0028215938163848537 
1486 0.0026805931940222503 
1101 0.002806857508492808 
1387 0.0027815196078707877 
1828 0.0028983502243615893 
1667 0.0028142256590290627 
1446 0.0028024578248437917 
85 0.0027965739146198023 
424 0.002830393207134613 
639 0.00289750208415259 
703 0.002859812919951773 
673 0.002521206406348006 
478 0.0027775440042502584 
1787 0.002793711473525397 
37 0.0027863433434400535 
314 0.002443931073548332 
200 0.0027727732831088923 
1702 0.0024716498420124856 
540 0.0027904779766337825 
1928 0.002824403259421365 
477 0.0030300246958830626 
1884 0.0028056383187923 
39 0.00282350211721215 
924 0.0027512520760127625 
1073 0.002873648167215614 
1114 0.002837973412391527 
1790 0.0027736214110525635 
1932 0.002829757106293245 
1301 0.002802881890625997 
375 0.0027440960274418783 
1562 0.0027836399307738626 
1535 0.002805585310548872 
219 0.0027985882256980677 
95 0.002808076698387337 
1910 0.0028849390147651995 
49 0.0027289888456597123 
1733 0.0027349256977319152 
1621 0.0024539478852419 
1132 0.0028334676951921435 
166 0.002853239858991854 
1055 0.002778551156940446 
781 0.0028487871428210174 
171 0.0028485751087697626 
1243 0.0027086869879697456 
998 0.002789205781542691 
283 0.0027809365191902445 
1038 0.002770228899959925 
1293 0.0028048962034179534 
1752 0.0027271335808519083 
815 0.002789258789666857 
791 0.0028610851258067302 
1811 0.0028260995273716276 
360 0.00276402697040019 
1419 0.0027830568419087965 
292 0.0028111511781050446 
733 0.0028021927837421127 
1856 0.002777172948035129 
785 0.0028025638412870926 
1145 0.0027871384650161217 
1379 0.002896017838938168 
1166 0.002878471955088231 
1351 0.0027623837251651447 
165 0.002793022367506761 
1734 0.0028378143870397585 
40 0.002863258477851173 
699 0.002792174237113984 
357 0.002795460742947829 
1096 0.0028870063543241036 
185 0.002857321517293441 
1614 0.0027576660236281335 
4 0.0027865553758513358 
1639 0.0029138287940182256 
1020 0.002865749881992268 
510 0.0027984292011190527 
1898 0.002811310202951007 
