1428 0.002805803819587297 
1131 0.0028211417801492786 
1611 0.0030003072006378395 
616 0.0029818569108829803 
1237 0.0029311749147015328 
918 0.002872492606951783 
744 0.002914947879055782 
1574 0.0028951641459960147 
1703 0.0029271742821408726 
552 0.0028369234276857712 
681 0.002819808466275452 
1141 0.002890051012656377 
935 0.0027515647447696138 
621 0.00290561424925736 
1575 0.0028809370727663924 
1981 0.002765564623206446 
1709 0.002910279276383725 
43 0.0029391777601880885 
846 0.002915615266550908 
173 0.002900498985493812 
497 0.002869377979205666 
1433 0.0029196155859250715 
1900 0.0028462594547724457 
1815 0.0028971643717911836 
696 0.0029100571348841327 
1229 0.003045655653700089 
1061 0.003002751942219102 
872 0.0028378138252635413 
738 0.002894277332464062 
1104 0.003008754242265169 
1025 0.002891608048742047 
1939 0.0028418136009490474 
44 0.0028058084755183373 
516 0.002819806564123318 
328 0.002935178615723517 
539 0.0028869395432054787 
802 0.0029538483328536125 
998 0.002802690810361608 
656 0.0028115827071206714 
1298 0.002918948897149407 
1602 0.0028624870015410905 
1773 0.002824475600201436 
1819 0.0029165061618729015 
184 0.002898943443717566 
741 0.0028002457845129215 
724 0.002917392949939134 
1746 0.0028871616807490683 
1987 0.002852924605677376 
129 0.002872712216859152 
713 0.002914947116280641 
957 0.002880493112800207 
1985 0.002858487115030117 
1129 0.0028838268893623263 
1809 0.0027886867513861467 
312 0.0028927196726511602 
1327 0.0028587079210733255 
863 0.0029316198751693106 
1729 0.0028980534716242165 
1021 0.0029080571508628703 
501 0.002832257617659833 
817 0.0029185057569910116 
1116 0.0028198072263491496 
1027 0.002859375099681227 
195 0.00290205574030866 
1624 0.002838034752831871 
860 0.0028722676812144724 
1463 0.00292517323976401 
1915 0.002859597372031295 
1045 0.0028493724391314154 
533 0.002834034136919784 
751 0.002813360678929524 
111 0.0028933867969852547 
1282 0.0028489280729416823 
1198 0.002822032023974897 
213 0.002874045943774896 
495 0.0029113904302062944 
177 0.0028796033669779533 
1304 0.0028144738757476897 
255 0.0029325089681389244 
1478 0.0028633766816709726 
807 0.0027008835863322244 
1007 0.0028909404904141245 
1065 0.002800468435871444 
418 0.0029382878634108354 
1665 0.0027762388476950763 
49 0.0029067214041020735 
1121 0.002909167705095154 
1644 0.002854040621998694 
1193 0.0029251726724149733 
773 0.002929840940999458 
1713 0.002816915257986172 
830 0.0028164737249485885 
619 0.0027544573725166808 
1965 0.0027751270620701768 
679 0.00286115332834469 
1306 0.0028609319375104167 
1119 0.0029818589582396985 
1562 0.0028853829396330907 
1884 0.002854039656808074 
45 0.002803579333608207 
1476 0.002903612253356743 
1946 0.0030212023285496243 
871 0.0028211421287495033 
1600 0.0028538180937458333 
1098 0.0029325083992386095 
903 0.0027953562396759797 
446 0.0027635681030794114 
1365 0.0030114218652859803 
214 0.002964741526214247 
1015 0.002870269881475659 
955 0.002978745189876577 
1529 0.002945180036158596 
774 0.0030794432193146223 
200 0.0028044690639975373 
1912 0.002895163576028378 
1279 0.002819363311789939 
135 0.002834257469516556 
482 0.002796244580918638 
1700 0.002892051694813227 
1454 0.002836034407898914 
879 0.0028338138651207386 
1019 0.002772459950218292 
1588 0.0030832236487892523 
1547 0.0029120579672504785 
1870 0.0027877984103864997 
594 0.002848705754857714 
942 0.0028844943043077496 
938 0.002780464612500613 
1723 0.0028878281250611874 
241 0.0028518170981465044 
386 0.002900276533975841 
1209 0.002828699229334703 
8 0.002750674892743375 
1105 0.0028467043776947416 
1844 0.002868935140326801 
390 0.002968519970147809 
206 0.002802471131601499 
739 0.002836478903474802 
399 0.0028989424018776616 
1271 0.002866488901288081 
1853 0.0028384795235813663 
1513 0.002802024258286494 
1266 0.0030260929866948003 
1264 0.0028502609281995813 
709 0.002922727998222636 
513 0.002896719761486618 
1898 0.002892940986607817 
1876 0.002923840549276153 
1935 0.002932508604674001 
83 0.002901832474697939 
460 0.002828921089436477 
749 0.0029562944570259695 
1171 0.002857596980238429 
332 0.0026462011177376802 
1351 0.0028591522792873257 
488 0.0028909405007091233 
22 0.0028302553349118273 
845 0.0028667105185069502 
1003 0.0028867166138403363 
364 0.002882048075369236 
