1200 0.007161945135600201 
1550 0.007626814415013438 
748 0.007310099298046277 
550 0.007394331327588696 
1143 0.007381027452070706 
852 0.007114849074129124 
457 0.007334686611717714 
215 0.007557993463846316 
136 0.007388754486112031 
1266 0.007588182826307255 
1764 0.007500409692346408 
1513 0.007227238793165317 
30 0.007440001625627712 
1095 0.007633133747852183 
205 0.00769002647389019 
329 0.007392243911047288 
521 0.006767306588415691 
1699 0.007456167565392941 
613 0.007418238161041683 
1904 0.007722330755937865 
1352 0.007088151714149522 
160 0.007433697200037424 
106 0.007525685516939477 
1254 0.007749007672574877 
731 0.007745505180199737 
1076 0.0076949391871095766 
424 0.0074428051684326466 
1829 0.007481430329317153 
1256 0.007532013478294369 
1140 0.007456872349123282 
1674 0.0077195131761504665 
1583 0.006938524523684355 
1365 0.0082518813872179 
1573 0.007415421487939181 
1748 0.0067260351248120565 
1039 0.007613473457100085 
1719 0.007916167161244133 
739 0.0075334203405644515 
568 0.007407709994557794 
906 0.007523584260763365 
1496 0.007494789676270196 
735 0.007535523441781886 
1933 0.0076808936576963855 
1670 0.0075994310361746815 
1114 0.007605749708123401 
781 0.0075186687127066255 
973 0.007472302765432112 
1083 0.00741683125691283 
1624 0.007368399948783586 
392 0.007548867241172798 
1966 0.007479330197452534 
1026 0.007559394132704324 
804 0.007432994874757856 
1104 0.00806014402975831 
1361 0.007142932790165426 
1672 0.007494090371169591 
113 0.00734240515224094 
346 0.007270069617643173 
1064 0.007577664252176269 
984 0.007722325197030934 
702 0.006775669775019704 
636 0.007401364379618759 
1803 0.007420354919161577 
565 0.00700112050832858 
29 0.00734592050988458 
1835 0.00746388644555168 
1056 0.0077405890673575405 
1619 0.007162621087456088 
20 0.00783961726705353 
64 0.007546743712165298 
849 0.007540438146573499 
600 0.00785577049928309 
173 0.007583980723403953 
1571 0.0073992696689950685 
285 0.007305882978656469 
1813 0.007378220524114584 
1935 0.007749720657099544 
1458 0.007291134410534824 
1272 0.007206154749897111 
534 0.006994000569758969 
