0 4 5 1 6
0 17 9 1 7
0 112 9 1 12
0 156 2 2 4
0 670 4 1 4
0 843 5 3 32
1 30 10 2 27
1 37 1 5 562
1 135 2 2 4
1 228 8 1 3
1 292 2 5 669
1 481 10 1 4
1 565 4 1 4
1 705 2 3 25
1 768 3 1 4
2 0 7 1 7
2 3 2 2 7
2 8 3 3 21
2 328 2 2 4
3 131 7 3 82
3 530 8 1 4
4 4 8 5 3719
4 24 2 2 6
4 60 8 1 4
4 248 3 1 4
4 293 3 1 4
4 808 1 4 29
5 18 9 1 4
5 216 3 4 168
6 268 9 1 4
7 110 9 1 4
7 715 7 1 4
8 19 6 2 12
8 642 4 3 24
8 656 6 3 47
8 735 3 1 4
9 572 7 1 11
10 40 4 4 99
10 84 4 3 77
10 160 2 2 4
10 518 9 2 29
10 599 8 4 289
10 778 6 7 32004
11 752 3 1 4
12 55 3 2 14
12 116 2 2 4
12 128 2 2 4
12 269 2 5 333
14 321 9 1 5
15 352 6 1 4
16 9 9 1 4
16 24 3 2 11
16 148 9 1 4
16 516 7 1 4
17 48 10 3 61
17 129 1 2 4
19 24 10 5 3948
19 709 5 1 4
20 36 5 1 4
20 194 10 1 4
21 258 4 2 9
21 308 7 1 7
22 68 5 1 3
22 97 1 4 60
22 320 6 1 9
22 565 1 3 7
25 592 1 3 9
26 22 2 2 4
26 801 7 4 179
28 42 10 1 4
29 1 6 1 4
29 5 9 1 12
29 327 7 1 4
29 532 3 1 4
30 21 4 3 34
31 561 7 1 10
32 42 6 5 939
32 185 1 2 4
32 196 8 1 4
32 219 6 1 7
32 514 9 3 117
32 612 10 1 9
32 721 3 2 14
32 803 8 2 42
32 848 2 2 4
32 960 6 1 4
33 277 7 1 4
33 544 10 1 4
33 945 5 5 887
34 144 9 1 3
34 663 8 1 8
34 720 2 3 11
34 800 10 1 7
35 65 1 2 4
35 551 6 1 4
35 689 5 8 290507
36 12 3 1 5
36 48 1 5 255
36 257 10 2 33
36 266 1 3 6
36 320 6 1 7
36 858 3 2 7
37 2 5 1 4
37 13 10 1 10
37 520 9 1 4
39 3 3 4 128
40 605 3 1 5
41 96 3 6 2932
41 513 10 2 25
41 987 9 1 4
42 42 2 2 4
42 411 4 2 9
42 778 6 4 135
44 430 5 1 4
45 615 9 1 7
45 844 2 2 7
46 57 1 2 4
47 1022 5 1 4
48 67 8 1 7
48 176 8 2 17
48 226 4 5 2664
49 4 4 6 10454
49 310 2 6 8543
49 313 10 1 9
49 516 4 4 130
50 528 6 3 43
52 46 8 1 4
52 256 1 7 7151
53 245 9 1 4
55 278 4 2 12
56 267 6 1 4
56 544 5 1 4
56 560 7 1 4
57 33 4 4 180
57 448 4 2 10
60 3 5 3 37
60 112 5 4 134
61 644 9 2 38
61 648 9 1 4
64 370 10 1 9
64 771 6 1 4
64 780 10 3 72
65 218 4 5 1271
66 140 7 1 9
66 545 9 4 304
68 284 2 1 3
68 322 8 1 4
69 138 3 2 9
69 466 8 1 7
69 529 7 2 24
70 109 10 1 4
70 648 8 1 4
71 1 9 3 88
72 65 8 1 4
72 280 5 2 14
73 870 5 1 4
74 512 9 1 7
74 548 8 1 4
74 1012 2 5 401
75 576 7 5 1210
78 517 1 2 4
78 784 6 1 4
79 165 10 1 7
80 82 5 1 4
80 132 4 2 18
80 211 4 6 3445
80 528 6 1 7
83 115 4 2 10
83 124 4 6 2847
83 304 6 1 4
83 617 4 2 9
84 64 1 2 4
84 216 3 1 4
85 65 4 1 5
87 462 2 6 5379
87 515 3 6 10726
90 843 4 1 4
90 988 1 3 7
91 652 1 2 4
91 951 8 1 4
92 38 3 1 4
93 134 10 1 4
95 34 1 2 4
96 547 5 5 814
96 776 10 3 75
97 144 8 1 4
97 286 2 2 7
98 14 6 6 19491
98 352 4 6 4493
99 134 1 9 465451
99 249 5 1 7
100 294 8 5 909
101 124 3 2 7
101 161 4 1 4
101 599 6 2 27
102 166 2 7 65374
103 704 1 2 4
104 26 8 4 554
104 48 8 1 7
105 3 3 3 38
108 514 2 2 4
108 825 6 1 4
111 12 7 1 4
112 1 6 1 4
114 68 8 6 10817
114 416 1 5 514
114 497 10 1 4
114 872 3 1 4
116 33 7 1 4
117 106 10 1 9
118 565 2 7 43585
120 0 2 2 9
123 600 5 1 7
124 304 9 2 18
124 348 9 1 14
125 268 3 1 4
128 10 4 1 4
128 134 4 6 6522
128 433 3 1 4
128 453 5 1 5
128 628 7 2 15
129 37 4 6 7899
129 39 10 2 19
130 78 8 3 130
130 272 3 3 29
130 520 10 1 15
130 528 7 3 49
130 772 9 2 22
130 980 5 10 281813849
132 17 6 7 44993
132 957 4 5 464
133 138 6 2 16
134 84 5 4 151
134 224 1 6 1887
134 377 1 5 431
136 81 9 1 4
136 160 3 1 4
136 482 10 1 14
136 610 9 1 4
140 135 10 1 5
140 143 10 2 32
140 724 10 5 3593
140 776 6 3 32
141 521 3 2 10
143 144 1 2 4
143 187 9 10 32757971
143 286 10 7 59892
144 18 4 3 23
144 68 2 4 183
144 257 7 5 1459
144 433 1 2 4
145 2 4 4 142
145 94 7 1 7
145 392 6 1 5
146 146 3 2 9
146 910 2 2 9
147 513 3 1 4
147 522 7 1 4
148 130 3 1 5
148 146 7 2 31
148 278 9 1 13
149 633 1 3 7
149 649 4 2 10
150 160 7 7 118303
150 656 9 1 4
151 132 4 2 8
151 207 3 5 1620
153 151 4 4 190
153 171 6 1 7
156 133 6 1 4
156 521 9 1 4
156 814 8 4 376
160 34 4 4 111
160 144 9 1 4
160 452 4 1 4
160 801 6 1 5
161 40 10 1 4
161 326 4 1 4
161 524 9 1 7
162 160 4 8 206533
162 290 9 1 4
162 306 5 1 4
163 361 7 1 4
164 34 6 1 4
164 481 3 1 4
164 636 2 2 4
164 646 9 2 30
167 289 3 1 4
167 384 10 1 4
167 712 8 7 71416
168 8 6 1 4
168 98 7 1 4
168 480 10 2 29
169 514 10 1 7
171 810 4 6 3003
172 32 4 1 4
174 582 5 1 7
176 270 5 7 192672
176 273 6 2 12
176 824 1 2 4
176 932 2 2 4
177 280 9 6 6822
177 611 4 1 4
178 144 9 1 10
179 429 2 2 7
180 152 1 7 8560
180 600 4 1 4
181 964 5 1 4
185 5 4 1 4
185 42 8 2 15
185 391 2 3 19
188 199 9 1 12
192 898 7 1 4
192 999 7 2 31
193 162 2 2 4
193 422 10 3 69
197 61 4 2 9
197 592 4 1 4
197 611 2 7 17683
200 445 1 3 17
200 924 10 1 4
201 39 4 1 7
205 457 3 2 10
208 88 4 1 4
209 55 2 2 5
209 564 1 2 4
210 882 1 3 9
212 34 6 1 4
212 112 1 4 47
212 285 6 1 4
213 64 8 3 69
220 658 4 1 4
225 316 4 1 4
225 948 2 3 12
227 592 9 1 4
231 290 5 1 5
232 5 2 4 85
232 130 3 2 7
233 212 3 1 4
233 912 3 3 57
234 848 5 1 4
237 91 5 1 4
240 66 1 3 7
240 799 5 2 9
244 33 6 2 14
244 932 2 6 9237
246 64 7 3 47
248 0 8 1 4
248 902 8 1 4
253 636 1 5 472
256 5 1 2 5
256 97 10 1 10
256 243 1 7 31859
256 344 1 3 7
256 705 2 3 43
256 772 6 1 5
258 138 9 1 4
258 810 3 3 25
258 880 2 4 77
260 131 10 1 4
260 545 7 2 20
260 678 8 1 4
262 256 6 1 4
262 906 6 3 120
262 1013 9 1 4
264 568 1 2 4
265 339 9 5 2648
266 56 2 2 9
266 336 5 1 4
268 34 5 1 4
268 524 4 7 140665
269 444 4 1 5
270 73 7 4 172
270 532 6 1 4
272 208 6 1 4
272 259 2 5 230
272 280 9 2 35
272 554 3 1 4
272 640 2 2 4
272 899 5 2 13
273 693 5 5 670
274 98 2 2 4
275 401 4 4 393
276 288 3 1 4
277 8 5 8 1759132
277 27 2 6 3728
278 258 1 2 5
279 18 5 1 4
280 600 4 3 26
281 101 3 2 9
282 136 4 2 10
284 835 5 1 6
285 104 1 5 304
287 448 6 1 3
288 50 8 1 4
288 132 4 1 7
288 224 9 1 7
289 36 6 2 24
289 60 8 4 393
289 753 10 1 4
290 258 2 2 4
290 388 2 4 205
291 768 3 3 26
291 967 5 6 9114
292 524 3 1 4
292 593 1 5 219
294 742 7 1 3
296 57 4 8 182947
296 131 2 4 108
296 288 2 2 5
296 336 4 2 9
296 516 8 6 36161
297 389 10 1 4
298 75 4 1 4
299 291 7 1 4
304 106 3 7 26330
304 212 5 3 73
304 258 2 3 24
305 34 4 1 4
308 21 6 2 12
308 848 3 1 4
309 77 1 2 4
309 774 7 6 11096
310 936 10 9 7790337
314 156 10 4 357
314 376 7 1 4
320 29 3 2 10
321 834 2 4 66
321 1008 9 3 75
322 196 1 2 4
324 16 8 5 1261
325 74 1 4 43
325 145 3 1 4
326 280 3 2 7
326 443 1 2 4
327 698 4 2 8
329 35 4 2 9
329 258 6 1 5
329 836 3 2 10
334 288 5 4 158
336 18 1 2 4
336 100 10 1 4
336 576 1 4 32
336 632 5 1 4
337 768 8 3 132
337 833 6 1 5
338 160 2 1 3
340 106 10 1 4
340 763 1 2 4
342 168 5 2 10
342 536 2 2 4
343 475 5 6 3759
345 32 5 1 7
345 728 10 1 4
345 992 6 3 80
346 89 6 1 4
348 128 1 2 4
349 12 10 4 603
352 419 1 2 4
352 860 6 1 5
355 634 3 3 20
357 433 8 1 6
357 641 8 1 4
358 168 8 8 781252
360 555 5 2 17
360 784 9 1 4
360 810 5 1 4
361 266 8 1 4
361 316 7 6 9817
366 657 8 9 3916426
368 738 10 4 403
371 112 3 1 4
372 352 8 1 4
382 562 6 2 14
384 5 10 3 94
384 156 7 1 7
384 312 5 1 4
384 332 4 1 4
384 457 4 1 4
384 531 7 3 141
384 597 6 1 4
384 962 6 5 1264
385 213 10 1 3
385 214 2 2 4
385 513 1 3 11
386 206 4 2 11
387 1016 6 4 435
390 566 3 3 18
392 336 8 5 1118
392 553 5 1 4
395 647 4 3 67
396 915 4 1 4
396 960 9 2 22
397 132 7 1 4
397 305 9 1 9
400 144 5 1 4
401 277 9 2 44
401 932 8 1 5
402 68 4 1 4
402 769 1 2 4
405 160 3 1 5
406 677 1 4 39
406 928 1 8 107486
408 576 4 1 4
409 888 2 2 4
412 6 2 2 4
414 932 7 1 4
415 101 1 2 5
418 16 7 1 3
419 7 7 1 3
419 62 9 1 4
419 844 8 1 4
420 114 8 1 4
420 424 1 2 4
420 545 6 6 6608
422 736 5 1 4
423 384 10 1 4
423 651 9 1 4
425 261 10 5 1305
425 776 2 2 4
427 580 1 2 4
428 32 8 1 4
428 620 1 5 152
430 8 8 1 4
433 197 3 2 9
434 734 10 1 4
436 597 2 7 21824
442 146 6 1 4
452 512 10 1 4
452 513 7 1 4
453 368 1 3 11
454 437 7 1 5
456 376 8 1 4
456 774 2 4 208
458 101 2 3 36
460 462 5 3 83
460 566 4 2 15
461 901 6 4 477
462 641 8 1 4
465 531 8 1 13
467 211 1 7 5982
469 425 7 6 13641
472 801 10 1 4
473 6 3 2 14
481 288 4 1 4
481 416 9 4 563
483 276 1 4 24
505 332 4 2 10
506 706 10 1 4
512 1 2 3 19
512 52 2 2 4
512 173 5 1 4
512 420 1 2 5
512 438 8 5 2149
512 453 8 1 7
512 685 6 3 35
513 47 8 1 4
513 100 1 3 22
513 112 6 1 4
513 548 6 1 3
513 640 10 1 4
513 644 6 1 4
514 572 4 1 4
515 93 10 8 1487871
515 598 4 1 7
516 605 3 3 40
517 0 6 4 260
517 8 8 1 5
517 34 1 3 19
517 233 6 1 7
518 0 8 2 18
519 944 10 2 24
520 9 7 1 4
520 328 6 1 10
520 436 7 1 4
520 785 6 1 4
520 812 9 1 4
520 896 4 1 7
521 81 8 2 16
521 560 10 1 4
522 652 6 4 152
524 520 5 3 94
528 97 5 1 3
528 344 9 1 4
528 406 2 2 6
528 512 6 5 2436
528 611 2 3 20
528 720 7 1 4
529 423 6 4 247
530 278 5 3 61
530 325 6 1 4
532 11 10 4 227
532 292 4 2 10
533 5 8 5 2067
533 787 7 1 4
534 6 3 3 22
534 425 4 2 9
535 10 1 2 5
536 902 3 2 7
537 478 4 1 6
540 256 10 1 4
540 481 3 3 21
544 21 8 1 4
544 24 5 1 5
544 416 2 3 14
544 429 9 1 5
545 520 7 1 5
545 743 8 1 4
546 2 7 1 5
546 758 3 3 58
546 900 9 1 7
548 512 4 1 4
548 577 4 1 4
549 68 9 1 4
549 97 8 1 4
549 647 1 2 5
550 649 4 2 10
550 800 1 2 4
552 640 6 1 4
552 932 9 1 15
553 36 5 1 7
553 933 8 1 4
555 418 4 4 388
556 409 5 1 4
557 400 9 3 66
557 512 10 1 4
559 557 8 8 2061614
560 32 5 2 23
561 10 2 3 38
561 786 7 2 20
562 162 4 1 4
563 410 1 3 12
571 100 2 3 20
572 36 5 1 4
576 76 8 1 4
576 228 8 1 4
576 525 8 3 120
577 72 3 3 27
577 222 8 7 40865
577 236 10 2 32
578 575 3 1 4
579 80 6 1 7
579 136 7 1 3
579 789 2 2 4
580 64 1 2 4
580 598 1 3 7
582 633 7 1 4
584 833 7 3 42
585 64 10 1 4
585 208 6 5 993
585 354 6 1 4
585 389 1 4 69
586 64 4 1 5
589 389 3 1 4
590 276 5 1 5
590 520 2 2 4
590 788 9 2 29
592 2 5 2 26
592 4 2 2 4
592 322 8 1 7
592 528 8 2 19
595 58 9 1 4
596 33 2 4 85
596 91 4 1 5
596 154 5 1 5
600 562 5 1 4
600 575 1 4 89
601 335 4 1 3
601 431 1 4 40
602 480 8 3 52
606 281 10 1 7
606 807 3 1 4
607 288 8 2 24
608 176 8 1 4
608 185 8 1 4
608 522 1 3 22
608 576 8 2 17
608 648 9 1 4
609 28 3 4 135
610 24 8 1 4
611 125 4 4 99
613 840 8 1 7
614 936 2 3 13
616 81 7 5 1172
616 450 4 1 4
617 374 10 1 4
618 1004 7 7 224205
619 140 3 2 6
619 231 1 5 252
623 1000 1 2 4
626 8 4 1 4
626 114 6 1 4
626 528 10 1 4
627 769 10 1 4
627 977 6 1 4
629 528 6 1 4
633 812 4 2 14
638 161 4 2 12
640 4 3 3 16
640 16 2 2 7
640 421 3 1 4
640 525 3 4 267
640 584 6 1 5
642 562 4 2 9
643 73 4 1 4
644 387 2 2 10
645 548 5 1 5
646 388 8 1 4
648 76 10 1 4
648 301 2 2 4
648 369 5 3 52
648 694 5 1 5
650 953 8 1 4
652 257 2 3 12
652 594 3 10 21418167
654 565 3 3 52
656 370 9 1 5
658 226 5 1 4
660 85 6 5 2973
662 374 9 5 5776
670 515 8 3 48
672 608 1 3 12
673 656 6 1 4
674 401 2 2 10
675 470 1 4 47
676 52 1 2 4
677 641 7 2 34
678 237 8 2 40
679 556 9 6 11023
680 20 5 1 4
680 39 8 1 5
682 156 8 1 5
686 426 2 4 53
689 80 5 1 4
692 260 4 1 4
694 768 10 1 7
694 976 2 5 246
696 885 10 1 4
700 229 7 4 641
701 941 8 1 10
704 34 9 1 7
704 292 7 2 20
704 370 8 1 4
706 17 2 2 4
706 161 1 3 10
706 460 3 2 15
706 732 7 3 134
709 325 5 1 4
710 2 1 4 55
712 141 9 1 5
712 283 3 2 14
712 862 2 3 14
721 0 8 1 4
721 323 6 3 100
724 20 3 1 4
724 596 8 1 4
725 44 5 9 6486871
728 227 4 5 1231
728 712 2 2 10
729 578 1 2 4
732 834 4 1 4
741 260 7 1 4
744 280 10 1 4
744 762 4 2 17
745 63 1 4 45
746 536 3 2 7
754 32 6 6 10110
760 40 10 1 12
760 220 2 2 4
761 435 6 1 4
765 513 7 1 4
768 68 3 4 208
768 226 7 1 7
768 326 7 3 70
768 608 5 1 4
768 736 3 5 824
769 350 7 1 4
770 515 9 1 14
771 800 7 1 4
776 697 5 1 6
777 318 9 3 49
777 608 6 1 4
778 707 3 4 81
781 222 7 3 101
784 514 2 2 4
784 569 4 2 20
784 634 6 1 4
785 257 3 1 4
786 142 1 2 4
786 914 8 1 7
788 25 4 3 29
792 540 3 3 38
792 594 1 4 46
793 498 3 1 4
798 776 8 2 17
800 133 6 3 46
800 824 4 1 4
801 312 9 3 87
802 660 5 4 414
804 0 1 2 4
804 433 10 4 269
805 781 3 4 118
808 777 4 1 4
808 945 3 2 7
810 17 1 2 4
810 416 3 7 28450
812 778 6 2 29
814 161 8 1 4
816 18 4 1 4
816 24 1 2 4
819 69 1 2 4
824 392 1 3 9
828 592 2 2 7
832 16 10 2 49
832 21 5 1 4
832 30 3 3 24
832 304 2 10 43047424
832 518 8 1 7
834 32 6 6 20237
841 370 7 1 11
842 132 5 2 14
842 200 4 6 3675
848 90 3 2 7
851 195 4 1 4
854 681 6 2 11
862 130 4 1 4
868 332 8 1 9
870 6 7 1 4
871 264 4 1 4
872 165 4 3 38
873 9 5 1 4
878 258 7 1 4
880 611 10 1 4
882 778 1 4 25
884 802 9 4 620
894 392 10 1 7
896 330 9 2 20
898 699 4 1 4
899 537 8 3 47
899 736 3 2 7
900 4 1 4 24
902 131 8 3 55
902 420 3 2 10
903 339 7 5 914
905 12 6 4 318
905 196 3 1 4
905 540 4 1 4
905 572 3 1 4
906 210 2 7 12828
908 456 7 1 4
911 10 3 2 9
912 2 8 3 46
914 216 8 1 4
914 669 7 3 54
914 968 1 2 4
915 431 5 2 17
917 912 5 2 9
921 320 8 1 10
922 8 8 2 22
924 196 10 1 5
928 384 4 2 14
929 10 2 4 198
931 230 9 1 4
938 552 2 2 9
945 456 7 1 4
948 9 7 1 7
958 844 8 1 11
961 131 8 4 829
961 333 1 3 9
966 29 2 2 5
966 197 9 1 3
969 769 6 4 417
971 566 9 1 4
984 324 2 2 4
986 772 3 1 5
996 36 1 3 12
1002 912 7 5 1900
1004 129 4 1 3
1020 385 3 3 25
1021 643 3 1 4
