1991 0.01075699596801229 
646 0.011115806247382952 
429 0.010996198554730958 
424 0.010866247337302983 
364 0.010991025615016213 
383 0.00992844412577408 
912 0.011055277551054468 
513 0.01100431939417102 
677 0.010814589559534583 
937 0.01090539125515321 
570 0.010914993620948025 
1516 0.011089966380106283 
1450 0.010707550783523262 
1744 0.011010226763036044 
395 0.010996199548141126 
921 0.010819012710165169 
423 0.010021015413094707 
1055 0.011013179441922292 
1784 0.011019834988256724 
347 0.010985862135584726 
1592 0.011101038322262499 
81 0.010792440378038436 
41 0.010771032599245686 
1169 0.011091457877686065 
1656 0.011310044186311161 
448 0.010791703668466466 
470 0.011084797366496316 
1118 0.01090316908038752 
1992 0.011270116327685592 
1933 0.010858870670741545 
1268 0.010948210399303573 
1657 0.010771041972041897 
672 0.010813845391511917 
750 0.010881768065743796 
875 0.011013919991485403 
858 0.010965252802718123 
991 0.010537718949472367 
159 0.01072744536865882 
958 0.010857407299478292 
1090 0.01091720554173752 
