263 0.012141466106523644 
1833 0.012085197773765745 
0 0.012466546377446838 
1970 0.012033894218438698 
1448 0.012278117995309491 
552 0.011791089087402997 
1794 0.012015926119489637 
1465 0.012054226395420498 
1598 0.012062028427802967 
126 0.011865325582754258 
429 0.012023727943890186 
870 0.011958948578686613 
1137 0.0120088335362505 
976 0.012121843133508649 
1580 0.01211120415574433 
1105 0.011850903689697248 
1281 0.011973606708210056 
1658 0.012077395890460647 
196 0.012141702500899817 
1928 0.012148085915725632 
684 0.012045478840988381 
207 0.011962494888380215 
1262 0.011933414954169637 
1327 0.01193932547563463 
1503 0.01192963201384749 
916 0.012522578333120676 
822 0.012150686616369017 
281 0.012118296821348911 
569 0.012014271201745598 
765 0.011887312871110695 
1993 0.011907881463800707 
293 0.012245018931823544 
574 0.012025855948042145 
1195 0.011975261842620724 
719 0.011850430879651833 
1951 0.01193483341972742 
845 0.012065101871182005 
1021 0.012163216945719122 
948 0.01170952350851092 
617 0.012223740973511692 
