0 9 1 5 131
0 18 2 2 4
0 112 9 1 4
0 259 2 2 9
0 265 8 1 6
0 274 5 1 4
0 552 10 1 4
0 646 7 1 9
0 674 7 1 4
0 704 2 3 26
0 843 5 1 4
0 936 5 1 7
1 70 4 1 4
1 82 3 6 2085
1 535 10 1 4
1 565 1 3 20
1 768 5 4 481
1 825 3 1 4
2 8 4 2 9
2 167 4 1 4
2 260 2 2 4
2 267 5 1 5
3 272 4 4 249
4 15 5 3 39
4 248 3 1 4
4 576 10 2 48
4 803 7 5 2096
5 584 10 3 170
6 259 5 1 7
6 267 7 1 6
6 1002 7 3 56
7 715 8 1 7
8 1 9 3 53
8 58 7 1 4
8 202 7 1 7
8 386 1 2 4
8 552 9 1 7
8 642 7 2 17
9 39 10 1 4
9 274 6 2 16
9 526 10 1 9
10 518 4 3 73
10 599 1 3 14
10 680 5 7 42722
10 778 2 2 9
11 204 9 1 4
11 779 8 5 1542
12 128 6 1 9
13 66 2 7 16828
13 224 3 3 21
13 320 5 1 4
14 321 2 2 4
15 659 6 8 747798
16 64 3 3 48
16 516 6 2 11
17 48 9 3 106
17 129 4 4 119
17 258 4 1 7
18 203 10 1 11
18 645 6 1 7
19 657 2 2 4
19 709 3 6 4482
20 10 1 4 35
21 116 8 5 1639
21 258 1 6 3009
22 97 4 1 4
22 107 2 3 43
22 133 7 1 6
22 281 6 1 4
24 786 1 3 9
25 592 3 1 4
26 20 7 1 7
26 22 4 1 4
27 547 7 1 6
27 549 7 1 4
28 72 6 1 4
28 203 3 2 7
28 647 5 1 7
29 1 10 1 4
29 5 2 2 6
30 52 9 7 109665
31 561 7 9 2550626
32 185 10 5 3198
32 388 4 1 4
32 514 6 3 90
32 803 1 3 9
33 277 6 9 21667752
33 785 5 2 11
33 945 10 1 7
34 324 4 1 4
34 561 9 5 1498
34 800 10 1 4
35 65 7 1 9
36 320 4 1 4
37 2 7 1 4
37 673 8 4 325
39 3 6 3 62
40 65 4 2 12
40 256 7 5 1849
40 512 6 1 5
40 645 2 2 4
40 756 5 1 7
41 987 9 1 4
42 140 2 4 89
42 411 4 1 4
42 839 2 2 10
44 12 10 1 4
44 47 7 2 36
44 524 7 2 24
45 23 7 8 293514
45 74 10 5 1844
45 808 6 1 4
45 844 7 2 19
47 80 8 1 14
48 67 5 8 301778
48 193 3 1 4
48 198 1 2 4
48 708 10 1 4
48 843 8 4 191
49 4 10 5 2906
49 516 8 2 19
50 113 2 2 4
51 377 9 1 4
52 188 10 6 11819
52 256 5 1 4
53 146 4 1 4
53 245 5 4 378
56 89 9 2 23
57 5 4 5 658
59 292 10 3 200
60 948 6 1 4
61 648 6 4 548
64 197 1 6 1751
64 481 4 2 14
64 514 4 3 39
64 780 8 3 92
65 104 3 2 7
65 571 2 2 4
66 140 3 3 17
67 2 3 2 6
67 20 8 1 6
67 73 10 1 4
68 576 4 1 4
70 212 7 3 58
70 646 3 3 57
70 648 9 4 619
71 409 2 4 197
71 700 5 3 72
72 37 5 3 61
72 65 3 1 4
73 870 7 2 27
74 512 8 4 869
74 600 2 2 4
74 768 5 4 442
74 1012 4 1 4
76 262 10 1 11
77 450 8 1 4
80 51 10 1 11
80 132 3 2 7
83 124 7 1 4
86 524 1 2 4
87 353 5 1 4
87 462 6 1 4
87 512 3 1 5
88 782 8 1 14
89 4 5 5 2122
89 76 2 2 4
90 20 7 6 8902
90 274 10 1 4
90 843 2 2 4
90 988 9 4 326
91 154 2 2 4
94 954 7 3 86
96 32 8 7 112900
96 103 6 1 6
96 304 10 1 4
97 48 1 2 4
97 130 5 1 8
97 144 9 1 4
97 473 5 2 22
98 401 2 3 21
98 671 8 1 4
99 117 4 4 205
99 249 10 1 4
100 128 2 7 69118
101 124 2 3 15
101 161 10 1 9
101 169 9 5 1034
101 392 8 2 31
102 6 3 1 4
102 78 8 4 857
102 166 5 1 4
103 704 8 3 53
104 26 3 1 4
104 48 7 1 7
104 132 4 1 4
105 296 7 1 4
106 516 7 1 4
107 3 5 2 20
107 129 3 2 7
108 133 7 2 19
108 514 10 7 50943
109 707 1 3 16
112 0 3 3 37
112 1 1 2 4
112 84 4 3 41
114 68 2 2 4
114 416 7 1 4
114 497 7 5 1501
116 33 6 6 8638
121 536 10 3 97
123 600 1 3 17
125 268 7 1 4
128 1 8 4 327
129 10 7 1 7
130 273 2 2 4
130 368 4 1 4
130 528 9 1 4
130 540 8 1 12
130 772 6 1 7
131 581 5 2 14
132 6 4 1 6
132 17 1 2 4
132 94 7 1 4
132 137 8 3 54
134 224 2 2 9
134 516 5 3 58
134 768 1 4 32
135 544 3 1 4
136 39 8 2 32
136 610 5 1 7
136 684 8 1 10
137 148 3 3 26
137 256 5 1 4
137 325 6 1 5
137 678 2 2 4
137 778 3 1 4
138 902 1 3 9
141 2 6 4 265
142 641 1 7 15400
143 116 6 2 16
143 187 1 2 4
144 257 8 1 7
144 433 9 1 9
145 2 7 4 290
145 513 8 4 297
145 576 2 2 4
146 146 10 1 4
146 910 8 1 4
147 513 6 3 49
147 522 10 4 657
148 1 5 1 4
148 24 10 3 117
148 139 1 3 7
148 278 4 3 61
148 464 6 1 6
148 515 3 1 4
149 20 3 1 4
149 633 9 1 4
150 141 5 1 7
150 160 8 1 4
150 656 2 2 4
151 250 8 1 4
153 592 3 6 3275
153 961 3 1 4
156 54 5 1 4
156 133 5 1 7
156 521 2 3 25
160 34 6 1 7
160 81 4 3 27
160 144 4 3 59
160 452 6 5 727
160 644 6 1 5
161 576 5 2 9
161 898 9 1 4
167 104 1 2 4
167 289 4 1 4
167 712 5 6 6314
168 8 5 1 6
168 52 4 1 5
169 25 10 1 6
169 514 10 1 4
171 810 6 1 4
172 664 6 1 4
173 261 2 2 4
176 137 4 1 4
176 270 3 1 4
176 864 10 1 13
177 128 7 7 34717
177 280 7 1 4
177 560 3 3 29
178 144 8 1 4
180 973 8 1 7
181 964 1 2 4
182 300 6 5 1638
182 672 7 1 4
182 728 3 4 204
184 664 4 1 4
185 5 10 1 12
185 42 8 7 134108
186 582 4 2 16
192 43 3 1 4
192 52 6 1 4
192 392 9 1 4
193 8 10 3 94
194 321 9 1 4
194 592 3 5 1103
198 196 3 1 4
203 654 8 1 7
205 457 1 3 9
206 80 7 1 7
209 55 6 1 3
212 112 5 1 4
216 66 6 2 15
218 86 5 2 12
219 389 10 1 11
220 176 4 1 4
222 532 4 2 9
222 852 1 5 150
225 257 9 1 4
225 316 8 1 7
226 35 4 3 87
226 157 8 3 148
227 336 10 1 4
227 592 4 1 6
228 32 8 1 4
231 261 1 2 4
233 912 7 2 14
235 645 1 2 4
240 914 3 5 408
244 33 10 1 4
244 356 5 1 4
246 64 2 2 4
248 290 1 2 4
248 557 8 7 60780
256 1 5 1 4
256 5 9 1 4
256 212 6 6 12028
256 312 8 1 4
256 344 2 2 4
256 416 5 1 4
256 522 4 1 4
256 616 9 1 4
256 992 3 1 4
257 0 4 1 4
257 272 10 1 4
257 544 4 5 1718
257 912 9 4 268
258 34 9 1 6
258 36 1 3 22
258 265 9 1 4
258 673 8 1 11
260 256 4 2 16
260 522 2 2 5
260 545 4 2 11
260 978 8 8 890056
261 8 5 1 4
261 672 5 3 39
262 32 8 1 4
262 134 9 1 7
264 1 6 2 11
266 11 9 1 7
266 56 2 2 6
266 242 1 2 4
268 34 6 1 7
268 577 5 2 9
270 532 3 6 11683
272 41 10 3 84
272 225 2 3 20
272 234 1 8 80205
272 554 4 1 4
272 640 3 2 6
273 693 4 1 7
273 809 2 8 525190
274 98 1 3 17
275 133 9 2 18
276 538 1 7 28073
276 661 5 1 3
277 385 6 3 59
278 258 4 3 67
279 901 9 1 4
280 36 8 3 112
280 82 5 1 4
282 717 1 4 25
284 835 6 1 4
286 832 3 1 4
287 448 4 1 6
287 802 9 1 4
288 341 5 1 4
289 156 6 1 4
289 472 8 6 8004
290 0 3 1 4
290 258 4 4 100
291 967 2 3 21
292 19 9 1 6
292 524 9 1 4
293 256 8 1 4
294 742 7 1 7
296 84 1 2 4
296 336 3 3 32
296 409 10 1 17
298 800 9 1 4
299 78 7 6 18323
299 291 4 1 7
300 29 9 2 34
300 140 3 2 7
301 777 10 1 4
304 212 9 1 4
306 36 9 3 73
306 550 3 1 4
306 918 1 4 33
308 583 1 3 6
308 832 9 4 768
310 936 6 1 4
312 514 7 1 4
314 109 9 1 4
314 376 9 1 14
314 518 6 4 308
320 315 10 2 42
321 262 8 1 9
321 768 10 1 4
322 0 5 3 75
322 80 4 5 921
322 196 10 1 4
322 902 6 2 14
323 360 2 2 4
324 106 1 3 6
324 179 7 3 105
325 74 2 3 16
326 16 7 1 4
329 258 1 2 4
330 8 9 1 7
334 265 9 8 570378
334 288 10 1 9
338 33 10 7 332964
338 169 3 4 75
340 0 6 1 4
340 704 3 1 4
341 576 4 1 4
343 475 3 3 60
345 728 2 2 4
347 149 10 3 185
347 313 4 1 4
348 128 8 1 4
349 12 9 3 115
352 680 6 3 70
352 794 4 1 4
353 684 2 3 13
354 25 8 2 19
354 969 1 2 4
356 800 6 2 26
357 433 5 4 514
358 168 5 6 7559
360 514 9 1 3
360 555 2 2 8
360 732 4 1 4
360 810 10 1 4
363 162 10 1 4
368 49 7 2 22
368 738 6 6 6367
368 925 5 3 34
371 112 9 2 17
380 339 5 1 6
384 156 7 1 4
384 312 1 2 4
384 571 1 2 4
385 213 1 2 4
385 214 9 10 19213472599
386 64 7 3 137
386 160 10 1 4
386 846 6 1 4
386 849 8 1 4
386 912 1 2 4
388 332 6 3 57
389 596 9 1 4
392 38 3 1 4
392 674 9 1 7
393 577 5 1 4
394 590 2 2 7
395 558 1 4 42
396 6 1 3 6
396 546 9 1 4
397 132 4 4 90
397 518 6 2 26
399 9 6 1 7
400 10 7 1 7
400 144 9 1 7
401 277 5 2 19
401 284 9 1 4
401 673 7 1 4
402 80 2 2 4
402 769 7 4 378
403 98 7 6 5610
406 677 7 5 861
408 66 1 4 37
409 66 1 2 4
410 520 7 1 4
413 640 3 1 4
414 932 9 1 14
416 279 6 1 4
416 292 3 2 10
416 531 8 2 36
416 832 9 1 4
419 62 6 1 4
420 288 6 1 4
420 538 5 1 4
420 545 1 3 16
422 736 8 3 68
425 161 8 1 10
425 261 2 2 4
425 776 6 2 24
426 644 10 1 4
427 580 5 2 24
433 24 5 3 32
433 197 4 2 21
433 398 5 1 4
434 734 9 1 4
442 146 4 2 16
448 513 3 1 4
452 205 4 1 4
454 634 2 2 4
455 640 5 1 6
456 376 4 2 15
456 774 8 1 4
457 906 3 3 50
458 101 9 1 4
460 566 7 2 25
461 625 2 3 26
461 901 6 2 14
462 641 10 1 4
464 265 3 1 4
467 300 8 2 16
472 256 10 1 4
480 665 1 6 4693
480 731 3 2 6
480 928 10 1 4
481 416 5 5 621
482 64 9 1 4
485 134 8 5 1206
488 3 2 5 637
488 269 3 1 4
496 433 1 3 9
496 978 10 1 4
505 332 10 8 1216716
506 706 10 1 6
512 5 6 1 4
512 36 6 6 12590
512 96 1 7 22516
512 453 4 1 4
513 42 9 1 4
513 47 2 2 4
513 65 6 1 4
513 304 7 3 120
513 315 4 2 19
513 340 6 4 269
513 548 1 6 919
513 644 7 3 106
514 36 4 5 781
514 452 2 2 4
516 555 9 1 5
516 785 4 1 4
517 8 4 3 38
517 177 8 2 21
517 281 2 2 4
517 525 9 7 100038
517 534 5 1 4
517 676 7 3 151
518 0 7 1 4
519 967 6 1 3
520 164 7 1 4
520 296 8 1 6
520 436 3 2 7
521 131 6 1 4
521 229 4 1 4
521 546 9 6 34806
522 1 4 6 4762
522 652 10 2 18
524 173 5 6 5678
528 10 2 2 4
528 156 1 2 4
528 171 3 1 4
528 512 5 1 4
528 580 5 1 4
528 720 2 5 1118
529 16 9 1 5
529 148 10 1 9
529 517 1 3 7
529 520 7 1 4
532 134 4 1 7
532 550 2 2 4
534 786 5 1 6
534 928 1 2 4
536 10 9 1 5
536 412 1 2 4
537 99 8 1 4
538 84 7 8 640915
538 820 8 1 4
541 344 10 1 4
544 6 4 4 90
544 24 10 1 4
544 416 2 2 4
544 429 2 2 4
544 551 4 1 4
544 597 2 2 4
546 900 5 4 406
547 265 1 4 52
548 169 9 1 14
549 68 2 2 4
549 146 9 6 7017
549 530 1 3 15
551 4 5 1 4
551 89 8 1 4
552 136 10 3 207
553 36 1 3 6
557 15 1 2 4
557 557 8 3 50
559 557 10 2 25
560 96 6 1 7
560 168 6 4 176
561 10 7 1 4
561 993 2 6 7912
562 992 1 3 14
563 20 5 2 22
563 410 4 1 4
566 4 10 1 4
566 132 5 1 4
571 100 2 3 27
572 370 3 1 4
572 777 7 1 7
574 18 6 1 4
574 696 1 6 908
576 76 9 5 5557
576 133 7 5 2236
576 172 5 2 23
576 371 9 2 16
576 525 8 3 96
576 607 2 2 4
577 236 2 3 17
577 577 3 2 12
577 661 1 4 68
577 997 2 2 7
578 554 1 6 1154
578 575 7 1 4
579 136 3 1 4
579 621 2 2 4
580 528 4 5 1114
580 598 7 2 17
583 129 3 3 16
584 432 10 1 15
584 833 8 7 140839
585 389 9 1 4
586 64 4 2 16
587 608 1 3 7
590 276 1 5 388
590 520 8 1 4
592 2 1 2 4
592 528 4 2 20
592 566 4 1 4
593 429 5 1 7
595 58 2 2 4
596 11 4 2 9
596 91 4 3 86
600 115 6 1 4
600 562 8 1 4
600 573 8 2 21
604 913 1 3 9
604 1006 3 2 6
606 281 3 3 28
607 288 3 1 4
608 176 1 2 4
608 576 10 4 254
608 648 8 3 79
609 28 9 1 4
612 534 1 2 5
614 936 10 6 29225
616 450 9 1 4
618 70 7 1 4
618 1004 4 1 4
619 76 6 7 33170
624 579 10 1 6
625 530 9 1 4
626 8 10 1 4
631 24 5 1 4
638 161 5 7 48950
640 4 1 4 102
640 6 2 4 80
640 246 5 1 6
640 258 5 1 4
640 938 9 1 4
640 952 1 5 353
642 562 10 6 10955
644 660 4 2 11
644 769 9 1 4
645 963 6 1 4
648 76 5 2 17
648 210 8 6 6447
648 694 7 1 4
649 4 8 1 14
650 216 3 3 17
651 290 2 2 4
654 565 7 1 7
656 278 10 3 54
658 26 6 5 1193
660 69 1 2 4
661 244 7 1 4
664 781 5 3 80
665 260 7 1 7
668 163 3 1 4
672 608 2 6 4830
672 717 8 3 45
673 656 10 1 4
674 259 6 1 7
674 288 7 1 4
674 401 7 2 28
674 672 5 4 266
678 237 2 3 25
679 556 1 10 10426995
680 105 2 2 4
680 450 3 3 19
681 33 5 1 4
683 278 8 1 7
689 80 3 2 14
693 397 10 1 9
694 931 4 1 4
695 517 5 1 4
696 885 6 1 7
697 710 4 1 4
700 229 4 1 4
700 864 1 3 11
701 34 3 1 4
704 135 10 1 6
704 370 5 2 21
704 514 2 4 63
705 596 1 3 9
709 325 3 2 6
710 2 9 3 91
712 283 3 3 31
713 837 9 4 285
716 339 5 1 4
716 842 6 2 11
720 7 1 2 5
720 803 5 3 43
721 0 10 1 4
722 100 8 1 4
722 393 1 3 6
722 398 5 1 4
723 142 5 1 4
724 20 10 1 4
744 124 10 4 1071
751 506 7 1 4
760 40 6 1 6
761 435 4 1 4
763 668 10 6 36013
768 68 10 5 1889
768 666 8 2 31
768 736 10 1 4
768 738 6 1 4
768 926 5 2 14
769 34 9 1 4
769 277 7 3 50
769 350 1 6 4712
769 773 6 1 6
770 211 2 8 429342
770 256 8 1 4
771 793 5 2 15
772 130 10 1 11
773 1 10 1 4
775 48 8 1 4
776 586 7 5 2051
776 697 9 1 5
777 6 8 3 48
777 554 8 5 1576
780 707 4 1 7
780 901 4 1 4
781 496 10 1 4
782 226 3 1 4
784 514 1 3 18
784 569 7 1 4
784 604 1 4 42
784 634 5 1 7
784 841 9 1 4
785 257 3 4 91
786 576 5 2 12
787 199 1 2 4
793 628 6 1 4
795 422 10 2 23
798 776 3 1 4
800 9 5 5 1911
800 73 1 9 790194
800 97 4 3 82
800 133 6 1 4
800 824 6 1 4
801 312 2 2 10
801 592 8 1 4
801 642 2 2 4
803 512 10 2 24
805 781 1 5 147
806 43 8 1 4
806 480 8 2 42
808 777 8 1 9
810 17 2 2 7
812 778 5 1 7
814 161 4 1 4
814 264 4 1 4
814 523 3 3 16
817 784 10 1 4
824 392 6 1 6
824 609 4 5 527
828 592 5 7 25267
832 21 8 1 4
832 427 4 1 4
834 0 3 5 380
834 32 5 4 236
834 67 5 1 7
834 912 7 1 4
835 583 2 2 10
836 388 7 1 4
836 485 9 5 2470
838 785 4 1 4
840 96 7 1 4
840 545 7 1 4
840 800 6 1 4
848 90 7 3 68
848 313 10 1 4
848 899 4 3 24
852 72 3 8 255456
857 42 3 7 18766
867 998 9 1 4
870 68 4 6 12706
871 264 8 1 4
884 802 9 1 4
895 603 10 1 7
897 115 6 1 4
898 336 2 2 9
900 4 9 1 7
903 339 10 2 51
904 231 7 4 159
904 888 3 4 95
905 12 8 8 543519
906 137 7 1 4
906 328 9 2 16
907 276 6 1 4
911 5 2 3 17
912 2 2 2 10
912 129 3 1 3
914 669 8 1 4
914 776 8 2 16
915 431 9 5 1944
916 742 9 1 4
917 912 8 4 571
921 272 2 5 267
928 516 3 2 14
945 456 7 1 12
948 9 5 1 4
956 846 5 1 4
966 29 4 2 16
966 197 7 3 67
966 555 4 1 4
968 51 4 2 19
969 769 1 7 7704
976 779 5 1 4
986 772 9 1 4
987 962 9 1 5
998 179 6 1 4
1003 684 4 4 101
1020 371 1 4 70
