0 150 2 2 4
1 644 10 1 5
1 705 10 1 4
3 277 4 2 8
4 60 1 2 4
4 683 3 3 37
6 512 5 1 4
8 202 3 1 4
9 43 2 4 45
10 40 3 6 4281
12 269 7 3 67
12 366 9 3 165
13 192 5 1 4
16 24 9 5 1726
16 148 2 3 24
21 308 2 2 4
23 328 3 7 49465
24 944 4 1 3
26 801 3 3 17
27 210 4 1 7
27 547 5 1 4
28 624 2 2 8
29 327 10 1 10
30 52 2 2 4
32 211 3 3 26
32 721 1 2 5
32 759 7 1 8
32 848 11 9 33243247
36 705 10 1 4
37 364 5 1 4
37 640 8 1 4
40 20 2 2 4
40 512 8 1 7
40 840 8 1 4
41 987 9 2 23
43 1 7 1 4
45 74 1 3 13
48 176 4 1 7
51 516 4 2 11
52 285 2 2 5
54 112 2 3 12
62 612 1 3 16
64 686 5 1 4
65 104 4 1 4
65 241 2 4 94
65 515 2 2 4
67 16 9 1 7
70 431 2 2 4
76 262 9 1 5
77 267 1 2 5
78 517 3 1 4
80 211 5 1 4
83 115 4 1 4
88 330 10 1 4
90 20 10 1 4
91 154 2 2 4
94 869 2 2 4
96 148 6 1 4
107 3 7 1 4
117 106 1 3 16
133 138 10 1 4
135 258 2 2 4
136 482 3 1 4
140 72 5 1 4
144 68 7 4 623
145 216 3 1 4
148 146 4 1 4
148 515 1 2 4
149 20 1 2 4
153 598 3 1 4
156 521 1 3 17
160 801 10 1 4
161 326 9 1 3
161 376 10 3 128
164 280 8 3 125
167 384 1 2 4
168 8 1 4 104
168 67 6 3 36
168 68 3 6 10113
168 480 4 2 13
169 25 2 2 10
174 582 4 2 10
186 272 9 1 4
192 72 7 1 4
197 297 8 1 7
197 611 2 3 22
211 4 5 1 4
216 66 2 4 73
219 389 2 2 5
225 948 7 1 4
227 336 6 2 25
237 91 1 2 4
244 356 5 3 29
248 0 8 1 4
256 4 6 3 99
256 262 3 1 4
256 963 3 1 4
258 810 8 1 4
261 72 10 3 58
262 906 3 6 3641
268 512 4 1 4
273 809 9 2 26
276 538 10 1 4
277 8 1 3 11
277 128 8 1 4
284 835 4 2 15
288 132 8 1 11
292 593 6 1 3
296 260 6 1 4
303 292 3 6 2125
304 292 2 2 5
305 34 4 1 4
310 936 6 2 15
320 468 2 3 25
324 16 3 4 292
324 200 8 1 4
326 116 5 1 3
332 643 1 3 7
335 391 7 1 10
344 676 7 1 4
352 419 7 1 4
352 680 9 4 701
355 634 6 1 4
368 925 5 1 4
384 312 2 2 4
384 423 5 1 5
385 75 8 1 4
386 158 2 7 15870
386 206 4 1 4
388 332 3 6 3437
389 596 9 1 8
391 800 8 1 4
396 777 4 4 147
400 144 6 1 5
405 160 2 3 11
408 66 3 3 26
414 932 2 2 4
419 7 7 1 4
421 400 9 1 12
422 736 10 3 201
423 651 5 1 3
427 580 8 1 4
444 769 1 2 4
458 101 7 1 4
460 197 1 2 4
465 761 2 6 5146
472 801 5 3 29
482 208 3 1 4
484 841 5 3 28
506 706 10 6 31421
512 1 4 1 4
512 173 6 2 31
513 100 3 2 13
513 304 9 6 37394
514 11 9 1 4
514 36 9 1 3
516 785 3 1 4
517 177 6 7 142063
521 131 7 1 11
528 582 3 1 4
529 16 4 1 6
530 20 3 1 4
532 550 3 1 4
534 6 5 1 4
535 10 7 4 647
536 687 1 2 4
544 597 9 1 10
546 650 1 2 5
547 265 8 1 3
547 427 5 1 4
549 97 4 1 4
557 15 3 1 4
557 557 10 1 13
560 96 5 1 4
564 656 7 1 10
574 696 7 3 39
576 525 4 5 2415
578 554 9 1 4
580 507 2 2 5
586 530 5 1 4
592 2 9 2 19
592 4 6 1 5
596 11 3 1 4
599 92 1 2 4
608 576 7 1 3
609 768 7 1 4
625 5 6 1 4
626 104 10 1 8
633 812 8 3 133
640 181 9 1 3
640 584 3 1 4
644 48 7 3 59
644 769 1 3 10
648 76 2 3 13
648 301 5 1 4
656 278 4 3 37
657 79 1 2 4
666 66 7 3 116
674 672 8 3 142
677 121 2 5 239
692 914 9 1 4
706 460 4 1 5
709 325 3 5 1299
716 339 2 2 4
722 82 2 2 4
737 288 9 1 4
740 778 5 1 4
743 787 9 3 146
746 536 4 1 7
760 40 7 1 4
768 326 7 1 4
770 663 5 1 3
771 793 6 1 4
777 554 6 4 183
780 16 7 1 4
780 901 6 2 31
784 604 6 1 4
798 776 3 1 4
802 769 8 1 7
804 337 10 1 4
805 387 6 1 4
808 526 4 2 18
808 777 10 4 301
814 161 3 1 4
816 24 2 2 4
819 538 4 4 109
835 583 4 4 104
836 86 3 1 5
852 2 4 1 4
856 866 3 1 4
864 23 10 3 219
864 786 10 1 4
872 165 8 1 4
873 9 8 4 509
894 392 7 4 500
907 276 4 2 9
910 614 6 1 7
911 896 7 1 4
914 968 10 1 16
920 200 6 5 1356
961 472 5 1 4
966 555 6 1 4
975 205 5 2 13
998 179 4 1 4
