423 0.01019690777340531 
998 0.010497938601155683 
1264 0.010517864237436711 
1905 0.010710606947700138 
1679 0.0107225631648287 
1235 0.010872924575166233 
312 0.010574019169450858 
1861 0.010517139665886124 
5 0.010412803875341568 
698 0.010376577488768345 
711 0.010676912360380536 
554 0.010360638123942582 
1972 0.010501561431387262 
397 0.010538514617291104 
1497 0.0107225631648287 
1198 0.010728360131925165 
1883 0.010320428172846929 
1169 0.010706621550343078 
1393 0.01047873769860188 
1271 0.010827272136915676 
479 0.010360638123942582 
80 0.010234578367893746 
1817 0.010355204285507185 
679 0.010365709723117416 
1315 0.010313907742422282 
633 0.010363173921535565 
656 0.010259209794970248 
85 0.010197994407443605 
420 0.01038418496699641 
439 0.01048489646050635 
1231 0.01029579559334925 
836 0.010910968611493738 
260 0.010559527457977861 
678 0.010627639142788322 
1356 0.010303764909993175 
1680 0.010191112410226869 
1629 0.010244358433674921 
622 0.010673289305252848 
41 0.01067147777909518 
334 0.010507720255876919 
