0 9 6 1 4
0 47 9 1 11
0 166 5 1 4
0 679 2 2 4
1 135 2 2 4
1 228 8 1 4
2 267 4 1 4
2 523 1 4 29
3 131 4 2 13
3 652 8 1 7
4 808 10 1 7
8 272 7 1 4
10 599 3 1 4
11 204 5 1 3
11 752 5 1 4
12 24 3 1 4
16 64 2 2 4
16 806 6 1 4
18 203 10 1 4
21 308 7 1 10
22 68 6 2 14
22 320 4 2 8
23 770 9 1 5
24 533 3 1 4
30 52 3 2 8
32 414 6 1 4
32 612 7 1 4
33 320 3 2 7
35 689 1 4 56
36 12 10 1 4
37 364 4 1 4
37 640 5 3 80
38 204 10 1 4
40 65 9 1 4
40 605 10 1 4
40 761 5 1 4
44 10 1 3 8
44 794 3 5 366
45 844 1 2 3
47 1022 4 2 8
56 560 5 1 4
62 612 10 4 319
64 1 2 2 4
64 780 2 6 2659
65 61 5 1 4
70 431 2 2 10
70 646 4 4 151
74 768 1 2 4
77 256 1 9 2694282
77 450 2 5 992
78 288 3 5 873
78 919 3 1 4
80 132 9 1 4
85 31 5 1 7
90 274 7 1 4
96 80 9 1 4
96 820 1 4 23
97 130 2 2 7
98 14 8 1 4
98 352 2 2 4
98 401 10 1 4
101 169 7 8 322982
101 392 3 1 5
102 6 2 2 8
102 78 4 1 4
103 704 7 1 4
105 296 10 1 5
108 514 8 1 7
108 825 2 7 75172
112 776 8 1 4
128 10 7 7 49158
128 134 1 3 11
135 258 6 1 10
142 641 6 1 3
144 257 6 1 4
144 520 5 1 4
145 392 6 4 494
150 656 6 1 5
160 801 10 2 20
161 21 9 1 4
161 898 8 3 63
164 87 8 3 121
167 384 2 2 4
171 810 4 4 133
176 32 4 4 117
176 270 5 1 5
180 152 4 2 13
185 5 1 4 41
192 524 8 2 27
192 713 9 1 13
192 898 9 4 891
193 120 10 2 23
198 812 6 1 5
200 577 1 9 2495078
212 69 3 2 11
212 262 6 1 4
218 86 8 1 4
227 336 5 2 10
227 592 7 1 3
227 838 2 2 4
232 80 3 3 25
235 281 5 1 7
244 932 9 2 17
248 0 5 4 233
248 290 6 1 4
256 5 9 1 10
256 312 10 3 145
256 772 8 1 4
256 904 3 7 22975
256 992 4 2 17
257 945 8 4 186
266 56 7 2 13
266 326 7 3 40
268 177 8 1 4
276 628 4 8 485644
285 104 7 1 10
288 224 9 1 4
288 292 1 2 4
290 0 7 5 3595
292 7 7 1 4
292 162 5 1 4
294 742 3 1 5
294 864 2 5 433
296 516 5 1 4
297 389 9 1 4
304 212 2 4 208
308 848 7 6 22742
309 774 8 1 4
312 514 4 2 8
321 337 6 1 3
322 80 1 3 7
324 200 3 1 4
324 513 2 2 5
325 720 5 1 4
326 32 2 2 5
338 33 2 2 4
338 160 9 1 4
339 42 7 5 3074
342 15 6 1 4
342 536 7 1 4
343 475 3 1 5
347 149 1 2 4
354 836 7 3 61
371 705 4 8 1040772
376 193 8 1 4
379 333 4 1 4
384 5 2 2 5
384 168 5 5 798
396 454 10 1 4
396 915 10 6 31742
396 960 3 1 4
397 132 3 1 5
398 943 5 1 7
401 58 2 3 40
404 209 8 1 4
406 677 1 2 5
414 932 1 4 37
420 288 3 4 94
425 746 5 1 4
425 776 3 1 4
428 194 8 1 4
453 661 6 1 3
456 774 5 1 4
461 901 2 2 10
473 600 2 2 4
480 928 2 3 25
512 173 2 3 11
512 266 4 1 7
512 453 9 1 4
513 47 10 1 4
514 780 10 1 4
516 33 4 1 4
516 169 8 4 814
517 233 2 2 4
518 0 5 1 4
521 81 10 2 44
521 450 8 1 4
521 560 9 1 7
522 234 1 2 4
529 260 8 1 4
529 423 10 5 6353
529 520 10 1 6
532 853 2 1 3
538 84 9 1 4
544 536 1 5 132
552 640 10 1 5
556 409 1 2 4
557 370 9 9 17050070
557 938 6 1 4
560 96 7 2 31
576 19 1 2 4
576 76 4 2 10
577 401 7 1 5
578 120 5 1 3
581 645 3 1 4
582 633 5 4 203
585 64 8 5 3357
585 389 8 1 5
588 784 6 7 41475
608 576 6 1 7
609 28 4 1 4
609 210 1 2 4
616 450 10 1 4
627 3 7 1 4
628 76 8 1 4
640 160 4 5 1439
640 258 8 1 12
640 369 4 5 2020
640 584 9 1 4
642 562 1 5 217
655 761 9 6 16502
664 781 1 2 4
672 64 9 1 4
672 129 8 3 88
674 288 10 1 4
674 401 3 3 43
691 12 3 5 565
692 260 6 2 19
701 941 9 1 4
704 34 3 1 3
706 161 3 1 4
716 98 10 2 46
722 258 4 1 4
722 393 3 2 14
728 712 6 1 5
741 45 2 5 244
742 97 9 1 11
752 261 3 3 35
752 786 9 3 118
768 502 5 1 3
769 34 2 9 1424082
769 640 4 1 4
774 936 3 4 133
775 48 7 4 732
780 14 2 7 16248
785 45 5 1 4
792 594 8 2 22
806 134 9 1 4
806 232 9 1 5
808 937 4 3 58
816 24 1 6 1357
824 978 9 5 1437
828 592 4 1 4
832 30 2 6 2149
840 96 3 1 5
868 332 10 2 34
870 68 3 1 4
871 264 3 1 4
880 611 10 1 10
882 778 7 1 4
905 540 6 2 13
906 137 9 1 4
911 896 9 2 19
928 516 5 1 3
928 518 2 6 5132
932 783 2 3 13
938 552 4 5 1876
948 9 5 1 4
952 37 1 3 15
988 366 7 1 7
