1560 0.0029671194289121374 
56 0.003064672657118385 
1393 0.0029686047215772503 
1943 0.0030109438580233168 
1422 0.0030322364465186903 
762 0.002974796518156795 
1859 0.0029218145772899862 
1486 0.0030225811178251063 
383 0.002887643727648967 
1514 0.003119887346693215 
525 0.003040655573332122 
1845 0.003045359465665605 
205 0.0030587303078564074 
883 0.0029027464972883337 
278 0.003028525160185966 
1396 0.0030114398178979276 
1730 0.0031102305150375073 
1634 0.0030886883730368063 
977 0.003140933040124313 
1963 0.0030540251198838218 
1791 0.0030119342709469467 
1289 0.0031822808342101224 
1578 0.0030324841409168127 
387 0.0030614540186761187 
468 0.0029931169384867107 
586 0.003149102813678143 
1612 0.003037683752074247 
39 0.0030257998606913646 
1581 0.003037436116844991 
820 0.0030574915432942966 
794 0.0030295129396268787 
479 0.0030473420593453765 
997 0.0030542728847406755 
1971 0.003145141844699328 
1609 0.0029435992141695552 
1374 0.0032100143296629395 
1881 0.0031213726707081447 
75 0.003048082801347796 
1986 0.0030446172892588256 
104 0.003163713105869102 
905 0.0030735858110272256 
436 0.003126076440210805 
243 0.0030448641244774843 
464 0.0030656624432565797 
1524 0.0030337221602723123 
1797 0.0030223339597666046 
1871 0.003091908120593134 
1041 0.003011687003365146 
34 0.003074823325062173 
1683 0.003101812736027823 
1648 0.002984701524180357 
1203 0.0029846990237489815 
1563 0.003355105225562113 
754 0.003112210579294851 
172 0.0029958420522401196 
856 0.0030480828213184934 
600 0.0031228575661140555 
311 0.0029946031086181303 
1233 0.0030748232699759036 
1913 0.0031560361527628077 
148 0.003064671954462502 
1029 0.0029782657901190426 
798 0.0030768041229955615 
176 0.003104039582440875 
1585 0.0029636528502478784 
1722 0.0031290470067476773 
1054 0.0028381252726589036 
1005 0.0030461015514473286 
467 0.0030292654776531568 
1454 0.002811631940062267 
302 0.002970833282502238 
1821 0.0031003258783398793 
690 0.003053282452820533 
279 0.003053035007657512 
1188 0.003116419948899478 
1230 0.0033073196712998607 
457 0.002939639789632821 
926 0.0030711109146571744 
252 0.00307977610301829 
772 0.0030354554984584254 
4 0.0030446162734316094 
830 0.0030874525868422103 
738 0.0030614555410566936 
31 0.0030562539696590207 
889 0.003099583118697355 
1249 0.003202336371288865 
397 0.0030149050235743833 
1021 0.0029765289209070923 
1067 0.003031000974460144 
919 0.0029369150766733834 
41 0.003076803544642843 
1399 0.0028893756350523783 
527 0.002985193512627091 
1880 0.0032320486906057553 
594 0.0028977952511673065 
1664 0.0031141918915660064 
881 0.0030517979430622574 
258 0.0029072012793170095 
1898 0.003135237205802666 
1912 0.0030621962081390742 
1247 0.003019114303000341 
1766 0.0031052779160274375 
398 0.00308002337204134 
1138 0.0030517969505756237 
855 0.003059967601185746 
68 0.0029775188836147163 
1397 0.0030948798483836143 
1248 0.00311617218354034 
138 0.003037931808486348 
248 0.0029700913647354426 
315 0.003139447186960825 
1824 0.0031822816170242038 
1384 0.003047093170247757 
380 0.003191937053750832 
494 0.003095622615666734 
443 0.003032236827205659 
1242 0.0030807669381433247 
595 0.003319947979485349 
1920 0.0030352076028690453 
183 0.0030800234401621896 
54 0.003086460110073441 
280 0.003080518049513952 
270 0.003050807373818025 
1097 0.0030896793507414716 
1133 0.0030532824740232708 
301 0.0031609878273808033 
1310 0.0030956218948780504 
808 0.0032112509408376054 
1584 0.0029903929800306427 
743 0.0029968323386738538 
504 0.0029485537163846985 
1896 0.0030084683794074957 
1200 0.003085719122162192 
1108 0.0030463516428306994 
1295 0.0031575227943953553 
658 0.0030919074468007883 
1547 0.0031000791805367734 
1506 0.003069376156659967 
374 0.0030092101719348258 
834 0.003078289671777715 
416 0.0030924054262951592 
818 0.0030683871977310135 
1003 0.003024809546834944 
1666 0.0032038232407241847 
164 0.0030045056887706987 
341 0.0030594723088650127 
638 0.00303966469933283 
418 0.0030369420909397596 
93 0.0031770820775810626 
861 0.0031218668892506432 
1844 0.0029856894314909325 
1078 0.0030599682004180022 
869 0.0029918782479123546 
1267 0.0030262948593259057 
1668 0.0030555121595226354 
1137 0.0030144099331859643 
1349 0.003039416987686339 
607 0.00286436759227132 
1163 0.003157273345275606 
1968 0.003014410319278275 
