912 0.010879114259919933 
575 0.01074683301847273 
224 0.010756565113738323 
1700 0.010779899423231386 
1855 0.010961805348213277 
1082 0.010921207644242526 
1873 0.010755096922430728 
538 0.01043031620518105 
1436 0.010522036432942953 
1451 0.011024951352957595 
1797 0.010861836936830252 
1376 0.010709989644431027 
418 0.010618258086667495 
1658 0.010749806148061175 
1624 0.010932482880361588 
1104 0.010907683136884228 
1135 0.010879874697001657 
1367 0.011194089030872495 
153 0.010768619293501827 
817 0.01038329942388473 
481 0.010824247065409524 
1318 0.010765617667816774 
480 0.01094075352264552 
468 0.010669391528975336 
1831 0.011072310237138174 
914 0.010943016465763183 
962 0.01098511048977201 
887 0.011157255192297627 
1278 0.010790416147674271 
1167 0.010764866531385855 
264 0.01088137670180885 
241 0.010643854783101946 
1339 0.01056416234989215 
956 0.010732544183710951 
269 0.010790423413110074 
744 0.010646853617936297 
1281 0.010804707881613 
1128 0.011124179190787396 
1264 0.010648364799560411 
736 0.010860326640872124 
