0 89 2 5 376
0 198 3 4 77
0 342 1 2 4
1 18 3 8 371363
1 503 3 2 10
2 115 5 1 4
3 363 7 1 5
3 430 6 1 7
5 214 3 7 35606
8 303 7 6 7027
9 129 1 4 23
9 171 8 6 7002
9 451 9 2 17
10 416 7 1 11
10 462 8 1 4
11 30 10 3 89
11 297 8 1 11
11 438 3 3 32
12 343 10 1 7
12 499 5 2 19
13 207 1 3 17
13 280 6 4 424
13 397 3 1 4
14 173 8 1 4
14 265 8 1 4
15 160 8 5 1145
15 194 3 2 8
15 414 10 1 4
16 25 3 6 12692
16 114 4 8 1265321
16 232 2 4 66
16 357 3 1 4
16 370 4 1 4
17 83 2 7 15083
17 131 6 3 37
17 316 3 4 75
18 90 4 2 13
19 33 7 1 4
19 180 4 3 66
20 139 5 3 79
20 283 9 1 4
21 209 8 1 4
21 259 9 1 4
22 451 10 7 52125
23 108 3 3 66
23 418 10 1 5
24 52 6 1 4
24 386 4 5 769
24 418 10 1 14
25 234 7 1 7
25 408 5 3 76
26 142 10 1 4
26 296 1 6 712
27 342 2 2 7
27 378 10 1 13
28 407 3 3 46
30 182 7 2 14
30 403 8 1 10
31 66 2 8 150596
32 105 3 1 4
33 489 2 4 98
34 84 6 9 16705331
34 129 3 1 4
34 199 1 2 5
34 231 4 5 1079
34 282 7 1 4
34 317 1 5 311
35 151 9 3 191
35 446 5 4 126
35 479 10 1 7
36 374 10 2 35
36 444 4 2 14
38 170 5 3 49
38 277 2 2 4
38 488 8 1 4
39 467 6 2 26
39 490 4 6 9563
40 75 10 2 25
40 103 8 4 229
40 148 10 1 5
40 464 3 6 2258
40 486 9 1 11
41 429 1 7 12255
42 316 3 6 5901
43 123 6 1 4
44 327 3 8 848253
45 98 8 4 229
45 108 4 2 11
45 408 10 4 367
46 106 8 5 1156
46 139 10 1 7
47 99 10 3 54
47 246 9 1 7
47 505 7 2 14
48 344 8 4 225
49 370 3 2 14
50 169 7 1 8
50 177 1 3 7
50 474 4 6 6823
51 134 1 5 166
51 342 8 1 7
52 78 3 2 10
52 181 8 1 4
52 207 7 2 35
52 277 9 9 7530794
52 500 8 2 22
54 464 5 1 4
55 151 3 5 425
56 234 6 1 4
56 435 10 2 26
58 65 3 1 4
58 164 1 2 5
58 249 10 1 8
59 199 6 1 7
59 276 2 3 19
60 384 4 3 25
61 396 9 1 4
62 444 6 5 2801
62 489 6 1 7
64 89 1 6 2702
64 91 4 5 640
64 501 4 1 3
65 236 10 2 22
65 267 7 1 4
65 277 3 5 510
65 386 10 1 4
65 397 5 7 32268
66 185 4 4 98
66 376 8 1 4
67 70 5 1 7
68 209 6 7 52866
68 267 2 5 407
68 290 1 6 1273
68 363 10 6 24316
68 432 4 2 11
69 72 7 9 2927969
69 89 2 6 1432
69 462 10 1 10
70 295 10 3 151
70 505 7 6 8785
72 167 3 1 3
74 411 4 5 727
74 451 4 1 7
75 330 2 5 617
75 392 6 1 4
76 153 2 2 7
76 322 9 5 1315
77 337 3 2 7
77 340 3 9 5113167
78 209 5 3 71
78 267 7 1 10
79 262 7 3 54
79 319 8 2 17
80 86 5 1 4
80 368 1 8 155920
80 420 2 8 380564
82 84 10 1 16
82 464 6 2 19
82 488 3 6 11737
83 402 4 4 258
84 257 5 5 1248
84 295 7 2 23
85 244 10 1 4
86 118 3 4 160
86 145 1 3 7
87 133 6 2 19
88 404 1 5 115
89 305 9 4 217
89 349 8 4 329
90 292 3 3 16
90 402 3 4 90
91 280 9 1 4
92 477 9 1 4
93 161 3 1 4
94 427 2 4 63
95 486 8 1 7
96 488 4 4 161
97 319 9 7 49822
97 351 2 2 4
98 113 2 6 4150
99 154 8 1 13
100 291 5 5 2371
102 259 9 2 32
103 117 2 3 40
103 186 1 2 4
103 192 4 3 43
103 273 6 2 11
103 277 6 1 4
104 166 2 5 646
104 327 9 2 23
105 242 10 1 7
105 496 5 2 22
106 198 6 6 20204
106 249 2 6 1732
107 241 8 4 667
107 277 4 2 10
107 335 2 3 19
107 350 2 2 4
107 359 8 1 3
109 143 10 1 13
109 354 3 4 106
109 367 2 3 29
109 408 9 4 228
109 437 6 1 7
111 198 4 1 4
111 273 3 1 4
114 205 1 2 4
114 327 4 2 8
115 180 6 1 4
115 193 8 3 55
115 198 7 4 241
118 221 4 1 7
118 260 2 3 22
118 285 10 3 87
118 346 9 1 7
118 390 9 2 23
119 293 8 5 1927
119 417 8 1 4
119 423 2 2 4
119 506 1 3 7
120 475 4 6 6239
122 258 10 2 22
122 371 9 6 12336
122 383 2 2 4
123 173 7 1 3
123 377 4 1 4
124 280 6 1 10
124 471 9 6 7410
125 154 10 3 103
125 445 9 2 23
126 251 10 1 4
126 277 2 2 4
127 250 5 2 11
127 311 1 3 7
128 355 4 1 5
128 385 5 2 11
129 206 9 1 4
129 276 5 1 8
129 406 4 4 294
130 277 8 4 511
131 194 2 2 10
132 385 7 2 20
132 434 5 2 10
132 475 9 1 4
134 226 3 1 4
135 169 7 2 19
137 160 8 1 4
137 201 6 1 4
137 250 4 5 1897
138 470 8 2 16
139 455 2 4 57
140 510 8 1 4
141 278 3 3 16
141 351 5 4 437
141 390 10 1 4
141 418 2 2 7
142 322 3 2 10
143 192 4 3 23
143 223 10 4 341
143 286 8 1 4
146 215 2 3 26
146 362 5 1 4
146 365 4 1 4
147 402 10 1 7
147 480 4 1 7
148 162 8 1 7
148 238 8 1 7
148 359 10 1 10
149 196 8 3 112
149 224 9 1 4
150 458 5 2 10
151 307 7 2 19
151 399 6 1 4
151 463 2 8 90325
152 167 8 1 7
152 196 7 1 5
152 421 10 2 31
152 433 6 7 56343
153 200 3 2 10
153 257 1 2 3
153 409 10 4 291
154 507 8 2 17
155 412 6 3 35
155 418 2 6 2672
156 160 6 2 11
156 400 7 1 7
156 507 8 2 23
157 385 1 4 36
159 189 6 2 11
159 451 9 4 208
161 423 7 3 57
163 181 1 4 49
163 293 2 2 4
163 333 10 1 16
164 241 1 4 26
164 291 6 1 4
165 281 10 1 4
165 323 5 3 90
165 484 10 3 120
166 170 9 3 110
168 209 9 2 19
169 266 4 1 4
171 319 9 4 213
171 506 6 4 153
172 480 8 5 1574
173 266 2 2 4
173 274 7 5 813
174 352 3 6 11803
174 501 6 5 715
175 205 6 1 7
175 272 5 3 78
176 393 4 1 4
176 462 5 8 202495
177 250 8 1 7
177 459 8 2 39
178 182 10 1 7
178 254 7 2 23
178 409 4 7 61336
178 486 9 3 174
179 223 7 6 17777
179 473 10 1 4
180 197 5 1 3
180 421 4 4 261
181 436 10 2 28
182 277 6 2 13
183 463 3 3 26
187 440 2 2 7
189 252 7 4 255
189 275 1 7 13605
189 474 2 4 70
190 424 9 3 64
191 401 1 3 17
191 416 3 3 20
192 437 8 4 443
194 346 3 6 14612
195 363 7 4 563
197 230 5 6 8036
198 267 7 1 8
198 279 3 3 16
198 353 2 4 49
200 210 4 1 4
200 342 6 4 234
200 448 1 4 88
202 254 5 3 32
202 442 7 1 11
204 245 6 2 28
204 472 4 5 1454
205 345 4 1 4
206 436 10 1 10
209 223 6 2 17
209 492 6 3 84
210 380 2 7 12069
211 386 2 8 93191
212 238 4 1 4
213 443 9 5 2476
214 231 10 1 4
214 511 2 4 142
215 417 10 4 355
218 254 3 1 4
218 447 10 9 10272485
219 234 9 1 4
219 478 9 2 19
219 498 4 3 43
221 351 1 7 24292
222 430 6 1 4
223 435 10 1 7
223 478 4 4 113
223 491 1 4 37
223 508 2 2 4
227 273 7 8 1432752
227 397 6 5 963
228 299 3 2 8
230 482 10 1 8
231 378 9 1 4
233 247 8 1 7
233 366 4 6 15957
235 354 1 2 4
237 407 10 1 4
238 319 6 1 4
239 323 2 2 4
241 345 6 6 19362
242 257 5 4 126
242 285 2 4 73
243 249 9 1 11
243 492 3 2 11
246 500 4 3 43
249 404 5 1 4
250 395 10 1 8
250 441 6 1 7
253 296 3 2 7
253 500 9 2 17
256 288 9 6 16238
256 476 2 3 14
258 478 10 3 155
259 373 10 4 227
260 283 2 2 7
260 316 7 1 7
260 327 3 5 973
260 400 6 5 729
262 299 5 1 4
262 414 10 2 29
262 487 5 5 1236
264 339 2 3 16
264 473 5 1 8
265 281 1 4 32
265 430 8 1 7
266 294 2 3 16
267 463 1 9 3108846
269 336 1 6 4817
270 335 6 1 7
271 489 10 3 150
272 404 3 2 10
276 335 4 4 297
277 279 3 4 143
277 359 2 2 10
280 385 7 5 2290
281 345 2 3 28
281 464 6 2 20
288 505 9 1 7
290 427 4 1 4
291 454 10 5 3293
293 489 1 4 44
294 451 5 4 211
295 463 2 8 370100
295 478 8 1 4
297 405 7 3 46
297 441 5 2 11
298 347 8 2 29
298 354 8 6 16325
298 501 6 5 905
299 363 1 2 4
299 382 9 1 4
303 305 1 2 4
303 400 3 5 409
304 474 8 2 17
305 411 6 4 641
305 416 6 1 4
306 481 2 4 131
307 394 5 5 792
308 450 2 2 7
311 330 7 1 5
311 342 10 5 4857
312 313 1 6 2684
312 409 4 1 4
312 466 3 6 10491
313 451 2 3 13
313 463 8 8 691161
314 418 4 1 4
314 499 3 2 7
317 318 7 1 4
318 481 4 1 4
321 365 6 1 4
322 354 10 1 10
325 352 6 1 7
325 422 9 3 59
332 368 3 4 205
336 444 1 4 46
337 451 1 2 4
338 341 10 1 10
338 461 1 4 25
339 342 10 2 52
341 435 8 3 82
343 415 5 2 10
349 431 7 1 4
351 497 9 1 8
353 371 3 3 20
354 457 4 5 2042
355 428 1 3 10
355 464 8 1 8
357 421 8 1 10
357 467 6 2 11
358 420 9 4 620
358 432 1 3 13
358 447 7 1 4
360 431 1 3 7
361 510 9 2 35
362 456 4 1 4
367 499 9 1 7
368 438 1 4 46
368 482 9 1 10
370 419 7 4 174
371 421 2 6 2161
374 489 7 1 8
379 434 7 3 46
380 462 2 3 11
381 501 7 7 39201
383 387 2 3 23
383 504 9 1 13
384 450 2 2 4
385 425 7 1 7
385 498 5 2 14
386 394 5 1 4
386 482 4 1 4
388 418 9 7 117484
388 472 8 1 4
391 404 1 9 1598630
391 429 5 4 196
391 511 5 1 4
394 399 2 3 14
395 423 6 3 114
396 468 5 1 8
398 413 1 7 31259
398 484 6 6 7322
399 410 9 1 10
400 407 7 10 387932005
400 492 3 2 14
402 433 10 2 28
404 443 3 2 11
405 474 1 3 19
406 407 6 1 4
408 439 7 2 20
410 473 5 5 3144
414 416 7 1 4
414 461 8 1 4
415 472 7 6 10712
417 503 1 3 7
427 505 4 1 4
429 432 7 1 7
432 455 2 6 1765
438 501 8 1 8
444 468 1 3 14
447 485 4 1 4
448 494 4 1 4
449 452 8 1 5
450 475 5 6 24351
453 471 8 2 38
453 479 3 4 114
458 490 6 1 4
461 503 6 2 20
463 468 9 2 16
466 501 6 1 5
474 480 3 2 10
485 501 9 2 38
501 504 5 3 94
507 509 2 2 10
