1353 0.0027454274985847754 
620 0.0029384619068597703 
1203 0.002947415894808887 
1636 0.0029226045203313367 
125 0.0029550607885788795 
0 0.0030313253629266007 
73 0.003005998570487354 
1088 0.0029636167988548235 
90 0.0028563215093369725 
992 0.0029669821115179944 
664 0.0028866687167181018 
1499 0.002969035946160049 
61 0.002993506799324864 
1854 0.002966811690368281 
40 0.0029638442369950627 
283 0.0029293354091042036 
1917 0.0028551250791292405 
993 0.0029449067780210137 
25 0.003113009146452753 
418 0.0029461616344414548 
974 0.003011760029132757 
1432 0.0029072033869910908 
1533 0.002945078140437051 
1199 0.0030098209491930842 
938 0.0028751464524013723 
903 0.002974226363440423 
907 0.0030254497233642304 
198 0.0030561382990368048 
342 0.00293230097443707 
1403 0.002876229753424666 
806 0.00280110413397904 
1440 0.00300679703039814 
1436 0.002911024894101815 
1081 0.002923745134772867 
380 0.002988829275168383 
30 0.002982668388344296 
1218 0.0029567716706272633 
1231 0.0029587681183638388 
845 0.002962704068878446 
1674 0.0029577416760941137 
166 0.0029701199943992303 
1306 0.0028567219119925414 
832 0.0028321375472197888 
1830 0.0029613354746944004 
1210 0.0029486721165893444 
1932 0.0030020058283581263 
1541 0.003016608363452451 
627 0.0029351537076138237 
392 0.002934583069813777 
504 0.002893969971325638 
118 0.0029458200102748747 
1540 0.0029747401493723895 
9 0.0030199166264171864 
221 0.0028663619323677837 
1938 0.0030033179373456626 
1588 0.002994647579612259 
359 0.002907032192700209 
102 0.003007082612023286 
966 0.0029121654115366533 
852 0.0028035573583933384 
1475 0.0029400016324717154 
679 0.002909256512948352 
1266 0.0028875813249786375 
69 0.003019060604429061 
687 0.0029867186935961273 
874 0.0030307548805889256 
568 0.0029042944020004676 
241 0.0028763437462174237 
1744 0.002978789967761174 
1525 0.002951922814303747 
617 0.0029260838928979044 
36 0.002861798827002352 
929 0.0029891140657651656 
133 0.0030013782721452775 
946 0.0029198094618195208 
1171 0.002951295821844764 
1346 0.0028937413490050974 
1274 0.0029174701925303143 
1398 0.0029677808205678933 
1608 0.0029183829112187903 
8 0.002914390070496527 
763 0.002997727895078426 
367 0.0029202084958329625 
132 0.002870411934125913 
307 0.002944451138929765 
1378 0.002956714738950808 
1336 0.002877541698396728 
712 0.0029705190939799168 
1815 0.0029344121525665475 
736 0.002931274640028609 
1304 0.002906404579342577 
193 0.002948158604236249 
479 0.002971032513205363 
1531 0.0029316171872408084 
324 0.002956373015497045 
96 0.0029211210466149177 
1407 0.0029275095308630068 
1003 0.003006169979763611 
116 0.0029500412325569646 
432 0.0029192385177490257 
1520 0.003159555226632598 
447 0.002923516439256462 
187 0.0029305320320584076 
1362 0.003021513827365082 
1462 0.0029281944157836114 
872 0.0029746827235300993 
1175 0.002943538331597703 
1628 0.0029835812880669357 
1643 0.0029535206113527096 
360 0.0029645294622919582 
1756 0.0029758233388339503 
1701 0.0029580837754859704 
516 0.0028263755994556872 
305 0.002946219232987146 
1863 0.00296213378085085 
486 0.002967495599282448 
302 0.002935895015866171 
834 0.003046099014830099 
182 0.0029330999338166275 
1571 0.0029426255592217973 
1195 0.0029239730326006694 
298 0.0030044019712971645 
66 0.0029542616832780957 
1921 0.0029494140267617274 
1026 0.002979987921908967 
199 0.0030201447184298852 
615 0.0029994390261987936 
338 0.002875999643671512 
1635 0.0030111323835159288 
1354 0.002983923679698033 
922 0.0029028107857385433 
1501 0.0029065754267334786 
591 0.0030625269454108016 
709 0.003007424906558809 
892 0.0029092000441618532 
1101 0.0029417701873251335 
22 0.002920835696889664 
788 0.003004515448043211 
442 0.0029514098176161917 
596 0.002940857572144412 
147 0.0029763375722105206 
1343 0.0029236312806142587 
24 0.0029623052109145013 
309 0.0029091427237711675 
1342 0.0028518164466379654 
1602 0.002916957064785657 
1212 0.0029556311923960256 
406 0.0030051999937394437 
228 0.002991281335946341 
1616 0.0029538630737599167 
1812 0.002961050268231965 
1946 0.0031977159446463553 
1216 0.0029526647506560207 
1225 0.0029167293978074934 
423 0.00284303203483275 
554 0.0028847293180730518 
1438 0.0030001803829020606 
1493 0.002912963946028661 
1975 0.002994362309091845 
426 0.0029640162871368927 
