0 4 5 5 1515
0 8 5 5 1269
0 9 1 5 395
0 17 9 3 106
0 18 8 5 1012
0 29 8 2 34
0 47 3 2 8
0 112 9 2 18
0 135 2 2 4
0 150 9 1 15
0 166 3 2 8
0 256 9 1 11
0 259 8 1 8
0 274 2 2 8
0 321 8 1 4
0 352 10 4 925
0 415 6 3 46
0 552 2 2 4
0 618 7 2 13
0 646 1 2 4
0 670 2 5 501
0 674 10 1 4
0 679 6 1 10
0 704 6 2 11
0 843 2 5 565
0 902 2 8 666540
0 917 9 6 29399
0 936 4 1 4
1 7 2 2 8
1 15 3 7 103830
1 30 6 4 410
1 37 7 7 45468
1 70 9 1 9
1 135 10 5 1739
1 228 1 3 8
1 292 9 1 4
1 357 8 1 7
1 481 4 3 24
1 565 7 1 11
1 705 1 6 1445
1 920 8 1 7
2 3 6 1 4
2 8 9 2 20
2 167 8 1 4
2 260 3 1 4
2 328 6 2 11
2 523 10 2 48
3 131 10 2 18
3 272 1 3 11
3 277 9 1 7
3 530 9 1 4
3 652 6 5 683
3 817 6 3 58
4 0 9 2 22
4 15 5 5 2401
4 24 8 1 4
4 50 5 4 453
4 64 4 7 59406
4 248 7 3 127
4 284 6 3 36
4 368 4 4 273
4 517 8 1 8
4 576 8 1 4
4 774 5 4 225
4 808 8 2 41
5 18 2 3 31
5 216 3 3 46
5 584 9 1 8
6 3 8 1 13
6 148 3 5 509
6 212 4 4 239
6 259 2 6 5172
6 267 7 1 9
6 268 10 3 97
6 466 7 1 4
6 512 9 1 11
6 798 1 3 8
6 1002 4 6 5028
7 81 2 2 7
7 110 7 5 1608
7 237 9 2 38
8 1 7 1 4
8 2 2 2 4
8 32 8 2 19
8 42 10 2 29
8 58 10 1 4
8 202 5 2 23
8 272 4 2 15
8 273 4 3 32
8 386 6 5 2264
8 393 5 1 4
8 486 2 2 9
8 552 2 4 165
8 656 9 3 157
8 735 4 1 4
8 850 9 7 278339
8 902 1 4 52
9 43 8 2 23
9 274 2 4 135
9 416 4 3 75
9 526 2 2 4
9 823 5 1 8
9 907 1 3 9
10 13 9 6 37341
10 40 8 2 27
10 75 10 5 2593
10 84 4 2 16
10 160 10 2 21
10 176 6 1 9
10 518 9 1 4
10 584 6 5 2936
10 599 6 6 4861
10 680 10 1 4
10 778 10 5 2066
11 204 5 1 8
11 586 10 1 4
11 752 7 1 9
11 779 5 8 853080
12 24 6 1 4
12 55 4 4 238
12 65 3 1 4
12 116 4 2 13
12 128 5 3 56
12 269 5 5 817
12 366 5 2 16
12 634 10 7 56081
13 66 4 6 16878
13 192 6 3 62
13 224 9 1 4
13 320 6 2 13
13 780 9 1 4
14 152 5 2 11
14 210 5 2 16
14 376 5 3 29
14 584 10 4 476
15 352 4 3 34
15 659 10 3 147
15 854 4 1 4
16 9 6 4 281
16 24 6 5 1333
16 64 6 1 4
16 96 5 4 473
16 132 5 5 1631
16 198 7 1 8
16 516 8 3 54
16 643 4 2 8
17 48 1 6 1567
17 129 2 8 95709
17 258 1 6 3713
18 51 7 1 4
18 203 2 2 4
18 290 3 3 20
18 645 10 1 4
19 7 8 2 30
19 24 10 1 4
19 657 10 1 8
19 709 2 2 4
20 1 6 4 177
20 10 9 7 149716
20 28 9 1 4
20 36 2 2 4
20 69 2 5 526
20 194 3 2 13
20 786 10 2 23
21 116 5 5 1616
21 258 5 6 3952
21 308 5 2 23
22 24 1 5 479
22 68 4 1 4
22 97 6 1 8
22 133 7 1 4
22 281 5 1 4
22 320 6 1 4
22 331 6 4 264
22 565 2 7 11594
23 328 10 4 399
23 770 4 2 9
23 886 4 1 4
24 9 3 2 8
24 786 5 2 13
24 848 3 3 34
25 523 3 4 321
26 20 6 2 13
26 22 3 3 18
26 109 4 3 38
26 801 9 2 29
27 130 5 5 1332
27 210 9 3 72
27 547 9 1 6
28 42 4 7 63394
28 72 9 1 4
28 146 6 3 43
28 192 1 10 88932894
28 203 1 4 82
28 624 9 1 4
28 647 2 8 176548
29 1 9 1 8
29 5 2 3 15
29 327 4 2 13
29 532 6 3 83
29 809 4 2 18
30 52 5 4 124
30 129 2 2 8
30 588 6 5 3627
31 77 4 4 109
31 561 5 2 9
32 16 7 3 49
32 42 5 5 1003
32 72 4 1 4
32 196 5 1 8
32 204 9 2 18
32 211 2 7 39002
32 219 5 6 7632
32 276 3 9 5555801
32 388 8 7 134898
32 414 4 2 11
32 514 3 3 33
32 612 7 4 459
32 721 2 2 4
32 759 9 6 27781
32 848 3 3 59
33 2 5 1 8
33 3 2 4 71
33 26 9 8 471660
33 276 5 8 314497
33 277 10 5 2722
33 785 8 3 69
33 898 2 3 24
33 945 8 1 7
34 292 2 4 67
34 324 7 1 8
34 561 2 6 1775
34 663 10 2 26
34 720 10 1 4
34 800 8 1 4
35 65 1 2 4
35 266 8 1 4
35 551 10 6 13208
35 689 10 3 95
36 12 1 2 4
36 48 1 3 11
36 266 3 5 758
36 288 9 2 19
36 320 8 1 4
36 448 10 4 1114
36 555 5 3 27
36 705 8 1 8
36 858 7 6 7480
37 2 7 1 11
37 13 7 7 41901
37 364 2 8 118557
37 520 9 1 4
37 594 4 3 36
37 640 7 4 625
37 673 10 1 15
38 1 2 7 16124
38 180 10 2 42
38 204 2 3 21
38 544 7 2 16
39 3 4 6 13551
39 520 5 2 9
39 982 9 1 4
40 20 4 6 3580
40 39 8 8 1200080
40 256 3 5 1756
40 512 8 2 18
40 528 10 1 11
40 605 9 4 355
40 645 9 4 253
40 756 9 2 16
40 840 4 2 15
40 980 5 1 8
41 96 2 9 4045000
41 276 3 5 1369
41 321 8 8 899532
42 42 9 2 36
42 140 6 1 4
42 411 10 1 9
42 778 1 2 4
43 1 10 5 2889
43 546 4 1 4
44 10 5 1 4
44 12 7 1 7
44 47 4 3 23
44 430 1 5 687
44 524 2 8 234714
44 794 7 4 425
45 23 6 1 6
45 50 5 4 365
45 74 8 7 138541
45 266 10 4 1019
45 808 10 1 15
45 844 10 2 23
47 1022 2 2 6
48 67 5 9 3191353
48 176 8 3 79
48 193 10 3 97
48 198 5 2 14
48 226 9 2 27
48 646 1 4 27
48 708 1 4 42
48 789 7 1 8
48 843 7 1 9
48 932 9 1 7
49 4 10 1 4
49 17 8 2 22
49 310 1 7 9048
49 516 9 1 4
50 9 5 4 126
50 113 1 5 220
50 528 7 2 15
51 70 9 1 4
51 377 6 3 55
51 516 7 1 4
52 46 1 6 2929
52 188 10 5 1810
52 256 9 2 18
52 390 1 2 4
52 899 10 1 13
53 245 2 2 4
54 112 8 1 8
55 278 10 1 4
56 89 10 2 23
56 267 3 4 234
56 472 9 3 133
56 544 8 2 23
56 560 4 1 4
57 5 5 3 73
57 128 4 1 4
57 448 10 1 11
58 113 8 1 4
58 470 8 3 168
59 58 4 1 4
59 453 2 4 49
59 583 6 2 11
60 3 3 3 33
60 5 3 4 154
60 33 7 1 4
60 112 4 1 7
60 948 8 1 4
61 648 3 2 7
62 521 9 1 8
62 612 4 4 377
64 1 9 3 173
64 26 10 1 8
64 41 9 1 4
64 192 5 8 202002
64 194 7 1 4
64 197 10 1 4
64 203 1 2 4
64 370 10 3 184
64 465 2 3 15
64 481 6 5 2328
64 514 10 5 3502
64 686 8 7 191288
64 756 10 2 25
64 780 3 6 3075
64 790 1 5 487
65 25 1 7 5213
65 61 4 1 4
65 96 3 2 9
65 104 9 9 9862512
65 118 8 2 19
65 241 9 6 26086
65 265 7 1 8
65 274 3 2 13
65 421 6 1 8
65 515 4 3 26
65 614 4 6 14075
66 140 6 1 10
66 545 5 2 18
67 2 3 4 86
67 16 9 1 4
67 20 9 2 32
67 37 6 1 8
67 73 9 5 1526
67 453 3 4 116
67 482 7 1 7
67 840 3 2 6
68 226 7 4 260
68 284 5 5 631
68 576 7 2 27
69 276 7 1 4
69 572 5 1 8
69 768 3 4 160
70 109 5 5 873
70 212 1 8 103976
70 431 1 4 24
70 608 7 2 22
70 646 7 4 175
70 648 2 2 4
70 672 10 8 888796
71 264 1 3 18
71 409 8 1 4
72 8 5 2 20
72 65 5 1 8
72 280 2 2 6
72 437 7 7 139033
72 533 2 3 16
72 961 8 1 11
73 39 7 3 49
73 640 7 1 6
73 870 6 2 21
73 999 6 1 4
74 512 2 2 4
74 548 1 4 65
74 768 4 3 80
75 259 4 4 319
75 576 7 2 19
76 133 2 8 375626
76 262 3 3 18
76 586 6 2 14
77 267 2 2 4
77 450 2 5 1154
77 456 9 1 4
78 288 8 1 7
78 517 5 9 7716505
78 784 4 4 360
78 919 5 7 96369
79 165 2 2 4
80 0 4 3 42
80 82 7 1 9
80 211 2 3 22
80 528 7 1 7
80 920 9 4 529
81 807 10 1 4
82 280 5 1 7
82 283 1 3 11
83 115 1 4 48
83 124 5 1 4
83 304 3 2 6
83 617 2 3 11
83 784 10 6 10916
84 64 7 1 4
84 74 1 4 77
84 490 8 5 2073
85 31 3 4 120
85 65 9 1 13
86 234 6 4 181
86 524 2 2 4
87 353 5 3 30
87 462 6 1 8
87 512 8 3 79
87 515 5 1 6
88 330 8 3 120
88 782 3 3 36
89 4 1 4 32
89 76 7 4 596
90 20 3 2 8
90 274 2 4 61
90 843 5 3 68
90 977 6 1 6
90 988 4 1 4
91 154 5 2 16
91 652 10 1 16
91 951 7 1 4
92 38 5 3 37
92 91 3 3 18
93 134 1 3 13
94 869 9 3 50
94 954 3 7 17667
95 20 10 2 24
95 34 10 5 2367
96 32 7 1 4
96 80 5 4 222
96 148 9 2 20
96 220 1 3 8
96 276 9 6 24559
96 304 9 7 44907
96 321 2 7 51905
96 356 2 2 4
96 547 2 3 14
96 776 6 5 2495
96 820 10 3 158
97 18 1 2 4
97 48 7 2 22
97 130 8 1 4
97 144 2 2 4
97 167 4 1 4
97 286 3 1 4
97 473 9 2 34
97 525 10 1 14
98 14 9 1 8
98 352 5 4 182
98 401 8 5 5317
98 671 5 2 13
98 928 10 1 4
99 117 9 1 11
99 134 3 1 4
99 249 7 1 11
100 294 8 1 9
100 752 2 3 27
100 901 1 3 12
101 70 6 1 8
101 124 1 4 68
101 161 3 2 9
101 392 7 3 59
101 599 3 4 75
102 6 4 1 4
102 78 9 3 145
102 166 2 4 139
102 264 3 4 104
103 704 10 1 8
104 26 9 3 74
104 28 4 3 23
104 48 9 4 956
104 64 10 3 88
104 132 10 1 9
104 313 5 1 4
104 673 7 1 8
105 296 10 4 318
106 652 9 1 8
107 3 1 4 23
107 129 9 1 6
108 133 9 3 91
108 514 3 6 2414
109 707 4 2 13
111 12 1 2 4
112 1 5 4 208
112 3 10 1 13
112 28 4 4 133
112 84 4 2 15
112 107 6 4 347
112 165 5 2 21
112 776 1 3 7
114 68 10 6 8962
114 452 5 5 3082
114 497 6 3 59
116 33 6 1 8
117 106 8 1 6
117 803 9 3 72
118 565 4 1 4
119 446 1 3 9
119 836 1 9 388087
120 0 1 3 20
121 536 10 2 35
122 24 8 1 9
122 80 3 1 4
122 185 7 3 111
122 294 8 1 4
123 600 1 7 11567
124 304 7 5 4222
124 348 5 6 5280
125 268 7 1 8
128 1 4 2 11
128 10 1 3 14
128 58 8 2 27
128 134 1 2 4
128 200 5 1 7
128 208 1 4 24
128 320 1 8 46730
128 362 8 6 28071
128 376 3 3 18
128 433 9 1 11
128 453 10 1 7
128 628 8 2 20
128 770 7 4 494
129 10 1 7 8100
129 39 10 5 2035
129 88 3 3 64
129 163 5 1 4
129 584 4 3 23
129 707 7 1 11
130 78 3 3 44
130 272 8 3 156
130 368 9 3 64
130 528 10 4 872
130 532 5 1 8
130 540 10 1 4
130 675 7 1 4
130 772 5 1 4
130 980 9 1 4
131 581 9 10 42226622
132 6 2 3 13
132 17 3 2 8
132 94 10 1 4
132 137 2 4 66
132 516 2 4 97
132 713 9 2 21
133 23 5 2 16
133 138 5 2 16
133 614 2 6 7346
134 84 8 1 4
134 208 1 2 4
134 224 3 4 79
134 377 10 4 905
134 390 10 2 23
134 516 7 3 136
134 768 3 3 25
135 258 2 3 15
136 21 6 6 4724
136 81 3 1 4
136 160 3 5 1593
136 482 4 4 336
136 657 10 1 15
136 831 3 1 4
137 148 8 1 7
137 256 1 2 4
137 259 10 1 4
137 678 8 1 4
137 778 7 8 1300000
138 266 7 2 27
138 415 6 3 79
138 590 4 2 16
139 87 9 6 8785
139 426 2 5 544
139 865 10 2 47
140 72 1 3 20
140 135 6 5 1094
140 143 5 2 16
140 464 8 7 110387
140 724 8 5 4170
140 776 8 3 71
141 2 10 4 985
141 521 8 5 2406
141 954 7 6 5264
142 641 8 6 5819
143 116 10 3 66
143 144 5 3 53
143 187 2 10 34692274
143 286 6 2 31
143 642 4 4 216
144 18 5 5 741
144 68 10 3 197
144 248 1 3 7
144 257 3 2 11
144 433 5 4 125
144 520 5 6 4320
144 800 9 7 185082
145 1 10 6 7053
145 2 5 2 13
145 67 9 1 13
145 94 1 4 23
145 216 4 4 263
145 273 4 7 126508
145 392 6 1 8
145 513 1 4 57
145 576 1 6 3091
146 69 5 6 8651
146 146 6 4 148
146 396 5 1 4
146 910 5 1 4
147 513 5 3 36
147 522 5 5 674
148 1 10 1 4
148 24 2 3 29
148 130 10 1 4
148 139 7 1 4
148 278 1 4 35
148 464 10 1 4
148 515 3 3 16
148 912 1 2 4
149 20 9 1 7
149 633 8 2 18
150 141 7 2 20
150 160 2 5 994
150 656 6 7 112587
151 102 6 2 11
151 132 6 5 810
151 250 2 2 4
153 26 7 2 33
153 171 2 6 1422
153 592 9 8 435030
153 598 7 1 7
153 833 8 1 11
156 54 2 3 29
156 133 3 3 52
156 521 8 1 8
156 814 4 1 4
157 404 5 2 11
158 104 1 3 16
159 526 8 1 11
160 81 10 5 1324
160 144 4 2 16
160 452 2 5 380
160 644 6 2 23
160 801 5 2 13
161 21 3 2 14
161 40 9 8 1909560
161 524 6 1 4
161 576 5 2 9
161 717 5 2 16
162 160 5 2 16
162 290 4 2 13
162 306 3 3 55
162 517 9 1 15
163 227 9 1 4
163 361 6 5 1492
163 601 7 2 31
164 34 10 1 4
164 38 2 2 4
164 87 8 1 9
164 217 9 1 4
164 264 8 1 4
164 280 8 2 20
164 329 5 4 414
164 481 6 5 2106
164 636 7 1 4
164 646 1 5 241
165 141 6 1 4
165 397 4 3 57
167 104 3 2 9
167 289 3 4 168
167 384 1 7 17846
167 456 1 5 193
167 712 3 4 256
168 52 6 4 279
168 68 6 1 9
168 98 2 3 17
168 480 6 3 70
169 25 10 3 147
169 351 7 2 18
169 514 4 8 502559
171 144 9 1 9
172 32 5 2 16
172 569 3 3 43
172 664 2 2 4
174 493 5 1 8
175 863 1 6 2457
176 32 5 1 4
176 137 4 1 4
176 273 9 4 401
176 824 4 3 57
176 864 7 1 4
176 916 3 1 4
176 932 2 6 5797
177 280 4 6 3348
177 560 4 1 4
177 611 7 2 22
177 744 7 3 76
178 100 3 2 9
178 144 2 4 187
178 797 2 2 4
179 429 3 5 1353
180 600 10 1 4
181 97 10 4 328
181 331 8 5 4363
181 964 10 1 7
182 300 8 6 24130
182 672 10 3 127
182 728 7 2 23
184 141 10 1 8
184 664 4 2 13
185 5 6 5 838
185 42 4 1 4
185 391 2 2 8
186 272 9 3 68
186 582 2 5 465
187 800 4 5 782
188 4 10 1 4
188 199 4 4 131
192 43 8 5 1008
192 52 1 5 252
192 177 9 1 4
192 392 4 1 4
192 524 7 6 14182
192 713 5 5 2214
192 898 6 1 8
192 999 8 5 1840
193 8 10 5 2459
193 28 6 4 223
193 120 10 1 6
193 131 9 3 49
193 162 2 4 130
193 375 2 9 2899777
193 422 2 4 62
193 775 3 4 278
194 321 6 3 43
194 592 3 6 2347
194 677 8 1 7
196 81 1 6 2374
196 286 6 1 4
197 61 3 3 17
197 100 7 1 7
197 297 3 3 23
197 592 6 1 4
197 611 3 5 1445
197 769 7 2 21
198 3 5 1 6
198 196 8 2 36
198 812 6 1 4
200 146 4 1 4
200 445 9 8 614511
200 577 9 2 24
201 39 9 2 22
201 98 8 1 4
201 140 7 2 13
203 654 4 5 2549
204 520 10 1 8
205 457 2 4 60
206 80 3 2 15
206 530 4 1 4
208 12 4 4 345
208 88 8 2 27
209 55 4 5 900
209 513 5 1 4
209 564 8 2 26
210 882 5 3 110
211 4 4 2 8
212 34 5 2 22
212 69 9 1 4
212 112 5 3 62
212 262 10 1 9
212 285 5 1 6
213 64 3 1 4
214 585 5 2 18
216 66 5 3 92
216 138 2 7 16800
216 792 6 2 24
217 923 2 5 871
218 86 5 1 8
219 389 4 4 153
220 176 8 1 8
220 658 2 2 6
222 532 9 1 11
222 852 6 1 4
225 316 5 2 11
225 948 4 5 2616
226 157 5 3 53
227 336 5 1 4
227 592 6 1 9
227 838 10 2 41
228 32 3 4 130
228 294 9 6 28840
230 9 3 2 11
231 261 7 4 523
231 290 4 2 15
232 65 8 4 404
232 80 1 2 4
232 130 9 2 25
232 480 2 7 15691
233 212 10 1 8
233 912 9 1 13
233 973 3 4 205
234 848 4 9 1821689
235 645 7 8 591268
237 91 2 3 37
238 620 3 2 7
238 642 9 2 29
239 370 8 1 10
239 560 8 1 4
240 18 10 1 15
240 66 8 2 36
240 799 8 1 4
240 914 6 3 38
241 245 7 1 4
242 156 10 1 7
244 33 8 3 129
244 356 6 1 4
244 932 8 6 9786
245 705 8 1 9
247 626 2 3 11
248 0 6 5 1183
248 290 2 2 4
248 557 8 2 32
248 902 6 2 15
250 46 6 1 7
256 4 1 4 102
256 5 9 2 32
256 68 2 2 8
256 69 10 1 13
256 160 8 2 24
256 212 6 6 12076
256 243 9 4 203
256 262 4 2 8
256 312 6 5 1818
256 344 10 1 13
256 416 1 10 24414272
256 522 5 6 17786
256 616 3 7 20490
256 705 3 5 709
256 764 6 1 4
256 772 2 4 50
256 904 10 6 25000
256 963 9 3 123
256 992 5 3 66
257 0 3 3 23
257 156 7 1 4
257 272 6 5 2190
257 544 9 1 9
257 680 5 5 803
257 806 6 1 4
257 912 3 1 4
257 945 1 5 285
258 24 7 3 42
258 34 6 4 227
258 138 9 1 4
258 265 6 1 4
258 673 3 5 603
258 810 8 2 35
258 880 4 1 7
259 7 5 1 7
259 100 3 1 4
259 165 8 1 4
259 226 5 2 11
259 532 2 2 4
260 256 3 1 4
260 295 9 1 4
260 545 10 4 303
260 678 8 3 170
261 8 4 6 10574
261 67 1 4 30
261 72 5 3 80
261 356 6 1 4
261 995 3 2 6
262 32 10 1 6
262 134 2 2 4
262 906 6 2 11
264 1 9 3 49
264 4 8 8 571137
264 320 4 4 341
265 264 9 1 4
265 339 1 2 4
265 632 6 1 9
266 242 10 1 4
266 336 3 10 88633732
266 504 4 1 4
268 12 3 1 4
268 177 8 1 4
268 192 2 6 5870
268 512 4 1 4
268 577 5 5 596
269 444 3 5 443
269 640 2 4 66
270 73 2 3 25
270 532 10 2 36
270 642 6 3 99
272 41 7 8 553015
272 162 2 2 8
272 208 3 6 10794
272 225 3 9 4972034
272 280 4 5 745
272 378 8 2 20
272 554 6 2 21
272 640 5 1 4
272 684 4 2 11
272 899 4 3 29
273 693 2 3 44
273 809 5 2 10
273 903 3 2 8
274 98 6 2 16
274 334 5 1 4
275 4 5 3 70
275 16 7 5 2421
275 116 5 7 45192
275 133 4 2 8
275 401 10 1 4
275 485 2 2 4
276 288 9 4 359
276 392 6 4 182
276 394 5 8 370820
276 538 5 1 4
276 628 10 8 557614
276 661 9 5 1984
277 27 6 3 63
277 128 3 2 11
277 385 8 2 42
278 258 3 3 23
279 901 10 4 422
280 36 10 2 35
280 82 10 4 750
280 600 10 1 4
280 674 8 7 120394
281 101 1 5 188
282 136 8 1 13
282 576 5 6 9152
282 717 6 3 65
282 787 5 2 20
284 835 5 3 31
285 104 1 4 27
286 12 1 3 7
286 624 3 10 49634119
288 47 4 1 4
288 50 5 5 2091
288 132 6 1 7
288 224 1 3 11
288 292 2 6 5004
288 341 6 5 1854
288 545 7 6 28387
289 36 1 9 2246213
289 60 7 1 4
289 156 4 1 4
289 345 6 1 4
289 468 5 7 26667
289 472 6 2 24
289 648 6 1 4
289 753 6 2 13
289 788 8 1 4
290 0 7 5 3980
290 328 1 2 4
291 32 9 1 4
291 610 3 2 11
291 768 10 1 4
291 967 8 3 157
292 7 5 1 4
292 19 5 1 4
292 134 2 2 4
292 593 9 2 44
293 256 5 6 9427
293 960 2 2 4
294 27 4 1 4
294 864 7 2 18
296 57 6 3 34
296 131 7 5 2823
296 231 7 4 525
296 336 4 6 10557
296 409 5 1 5
296 516 8 1 8
297 167 5 3 70
297 389 3 3 22
297 742 9 1 8
298 75 2 3 11
298 800 10 1 17
299 78 3 6 5125
299 291 9 1 4
300 29 7 1 7
300 140 3 1 4
301 274 3 5 647
301 777 10 1 4
304 6 7 1 4
304 8 1 4 42
304 42 2 2 4
304 106 1 3 8
304 212 9 2 29
304 292 3 4 92
305 11 5 3 46
305 163 10 3 148
305 576 5 4 383
306 36 7 5 3146
306 550 1 3 11
307 514 3 2 11
308 640 3 3 25
308 692 6 2 27
308 832 6 1 4
308 848 8 7 54356
309 77 6 3 63
309 774 5 2 19
310 44 10 2 20
310 936 8 4 385
312 514 10 1 4
314 109 2 6 1970
314 156 6 2 11
314 518 8 1 8
315 739 5 3 54
316 452 9 1 6
318 914 9 3 60
320 29 4 6 3102
320 407 9 5 4137
320 428 6 1 4
320 468 6 1 4
320 641 9 2 37
321 4 5 5 2389
321 337 4 1 4
321 768 10 1 4
321 834 10 2 49
321 1008 10 1 4
322 0 8 1 4
322 196 9 1 7
322 272 1 6 697
322 416 8 1 8
322 899 10 2 35
322 902 9 7 249656
323 360 6 5 3016
324 16 4 1 7
324 106 8 2 42
324 179 1 4 53
324 200 8 2 16
324 513 5 2 11
324 530 3 8 171112
325 6 2 4 55
325 74 4 1 4
325 145 10 1 16
325 192 6 4 560
325 614 9 7 224636
325 720 10 1 8
326 11 7 3 45
326 16 3 3 23
326 32 4 2 16
326 116 8 1 4
326 443 8 1 8
327 675 3 3 17
327 698 10 1 7
328 853 6 1 8
329 258 6 2 11
329 836 6 2 23
330 8 3 1 4
330 204 1 3 9
331 512 5 2 11
332 456 4 2 13
332 643 5 7 45191
334 288 4 2 11
335 83 5 3 46
335 391 9 1 4
336 18 4 7 132175
336 100 9 2 18
336 632 1 3 16
337 352 10 1 4
337 768 3 1 4
337 833 1 6 1169
338 33 8 1 4
338 160 6 4 204
338 169 5 2 21
339 42 3 2 9
340 0 7 3 39
340 106 5 3 46
340 704 5 3 39
340 763 1 3 11
341 576 7 2 31
342 15 7 1 4
342 168 1 2 4
342 272 7 1 9
342 536 7 1 4
343 475 9 3 57
344 188 1 5 158
344 676 1 4 23
345 32 3 2 7
345 728 10 1 11
345 992 10 2 27
346 11 3 9 2520129
346 89 9 6 11563
347 11 10 2 31
347 149 3 2 9
348 128 2 6 2139
348 395 9 1 8
349 12 4 1 4
352 409 2 7 52883
352 419 1 5 662
352 514 8 1 9
352 794 2 2 4
352 860 4 5 1009
353 389 8 1 4
353 684 2 6 3864
354 30 2 3 19
354 288 3 3 61
355 134 10 1 8
355 634 2 3 29
356 800 5 2 17
357 433 9 1 8
357 641 9 7 270194
357 690 1 3 7
358 168 10 2 21
360 514 1 4 108
360 555 3 5 850
360 732 2 2 8
360 784 6 7 50824
360 810 3 2 9
361 266 5 2 9
361 316 1 8 49105
362 34 5 1 8
363 162 6 1 4
363 424 3 2 6
364 740 4 1 6
368 49 9 1 7
368 738 8 6 15848
371 112 10 1 16
371 705 7 2 20
375 77 3 3 22
376 193 6 2 25
379 333 7 2 23
380 339 8 3 66
381 531 3 7 25867
382 562 10 1 4
384 168 1 3 18
384 312 2 2 8
384 531 4 2 8
384 597 8 3 99
384 692 2 2 8
385 2 6 3 34
385 213 8 3 100
385 214 5 1 4
385 513 5 1 4
385 563 3 1 4
386 64 2 10 13559815
386 73 2 3 31
386 158 4 7 26387
386 160 3 1 4
386 206 9 5 1087
386 275 8 3 61
386 681 1 5 340
386 846 3 2 9
386 849 1 3 6
386 912 7 5 1515
387 147 10 1 4
387 545 3 1 4
387 1016 9 5 3957
388 332 4 5 1046
389 596 5 2 9
391 8 8 1 4
391 461 9 1 10
391 800 8 1 7
392 38 10 1 8
392 336 2 4 46
392 553 9 1 15
393 461 2 2 4
394 80 3 5 809
394 211 4 3 28
395 4 1 3 7
395 558 7 1 4
395 647 8 2 32
396 6 2 3 23
396 454 4 6 19020
396 546 7 3 50
396 777 10 7 237059
397 132 9 5 1169
397 305 10 4 971
397 518 2 8 433349
398 943 5 6 10030
399 9 9 5 1454
400 10 3 2 15
400 21 6 1 4
400 144 7 3 132
400 712 7 5 1426
401 16 3 1 4
401 277 1 7 26047
401 284 6 1 8
401 673 5 2 25
401 932 6 8 632686
402 68 3 3 23
402 80 4 5 1717
402 769 3 3 20
403 20 10 5 1473
403 98 10 9 4298500
404 209 3 10 224587526
404 298 6 1 4
405 160 7 1 7
406 677 1 2 4
406 928 3 2 8
408 66 9 5 3963
408 405 7 4 382
408 576 8 1 4
409 66 10 2 18
409 105 9 2 20
409 417 8 1 11
409 888 10 8 934183
410 520 1 6 4693
411 20 2 3 32
412 6 2 3 15
413 640 4 2 8
414 932 10 6 28422
415 101 3 3 26
416 52 1 3 13
416 292 8 1 6
416 531 10 1 4
416 832 7 2 28
418 16 10 1 6
419 7 3 3 25
419 62 3 2 6
420 32 4 6 5315
420 114 7 1 6
420 424 10 1 4
420 538 8 2 27
420 545 2 7 18457
421 400 4 2 16
424 481 3 4 96
425 161 1 9 1154632
425 261 8 2 34
425 746 9 5 1231
425 776 5 3 29
426 644 1 2 4
427 580 3 2 7
428 32 7 4 495
428 194 9 4 321
428 620 1 10 93700590
428 880 3 4 69
430 8 10 1 4
430 68 1 2 4
433 24 4 3 65
433 398 7 1 6
434 734 5 2 18
436 597 6 5 1083
436 641 5 2 20
437 2 5 1 4
441 21 2 2 8
442 691 10 5 2044
444 769 7 1 4
444 801 9 3 48
448 92 5 5 1365
448 513 3 1 4
448 655 8 1 4
449 321 2 9 1497350
450 450 10 1 4
452 48 1 3 17
452 136 7 2 20
452 488 7 2 13
452 512 1 8 256787
452 513 3 2 7
453 368 2 5 542
453 661 7 4 214
454 9 8 1 4
454 437 6 1 4
454 634 9 4 576
454 782 6 4 195
455 640 6 5 3357
456 105 5 4 321
456 376 5 1 8
456 774 8 1 4
458 101 2 5 245
458 743 5 3 92
460 197 1 3 13
460 462 5 3 31
460 566 2 3 42
461 625 7 2 20
461 901 8 6 6168
462 641 8 1 11
463 916 4 3 34
464 265 9 2 46
464 928 2 3 11
465 531 2 3 35
465 761 8 1 4
467 300 5 2 16
469 425 8 1 13
470 713 1 2 4
472 226 9 4 624
472 256 1 7 8048
472 801 1 4 53
473 6 6 1 4
473 600 6 3 105
473 800 5 1 7
476 775 1 5 144
480 0 6 1 4
480 665 3 3 43
480 731 6 2 21
481 288 3 1 4
481 416 8 3 152
482 64 8 5 1637
482 208 1 7 30593
482 285 1 2 4
483 276 4 1 4
483 555 9 1 7
484 841 1 6 3556
485 134 4 2 16
488 3 6 1 4
488 269 2 4 61
488 334 1 5 136
488 565 8 2 15
489 64 6 1 9
491 112 7 1 6
496 433 9 2 31
496 978 4 4 99
501 519 4 2 11
504 267 6 1 6
505 332 6 1 4
506 706 9 2 40
512 1 5 3 55
512 5 1 3 18
512 36 10 1 15
512 52 4 3 35
512 65 9 4 207
512 96 1 4 92
512 153 8 2 15
512 173 4 3 39
512 266 2 2 8
512 420 7 2 16
512 438 10 2 26
512 453 2 4 114
512 482 2 2 4
512 514 5 5 2617
512 522 3 2 7
512 685 10 2 35
512 936 8 2 17
513 5 10 1 11
513 42 5 5 897
513 47 10 6 16197
513 65 8 3 132
513 100 1 6 1858
513 112 8 1 4
513 304 2 4 120
513 315 8 3 130
513 340 4 1 4
513 548 3 4 91
513 644 2 2 4
514 4 5 1 4
514 11 2 3 15
514 36 9 3 52
514 160 6 1 4
514 401 4 1 4
514 572 10 6 19260
514 780 5 1 4
515 93 6 4 558
515 157 1 4 75
515 273 7 1 4
516 33 6 3 42
516 169 5 1 4
516 357 1 6 2978
516 442 6 6 11383
516 582 9 2 22
516 605 1 4 55
516 779 7 4 350
516 785 5 1 4
517 0 9 5 1161
517 3 10 1 8
517 8 9 2 37
517 34 8 4 871
517 132 8 1 4
517 177 4 3 53
517 233 1 9 1510006
517 281 5 5 633
517 525 4 7 61669
517 672 2 2 4
517 768 1 3 8
518 0 7 1 8
518 41 4 4 174
518 66 9 2 20
518 517 1 3 11
519 517 8 1 4
519 944 7 1 7
519 967 9 4 611
520 94 6 1 8
520 164 5 1 4
520 296 1 4 27
520 328 8 4 413
520 436 4 3 25
520 785 3 1 4
521 81 2 5 485
521 229 5 2 15
521 450 8 2 42
521 546 8 1 8
521 554 2 2 4
521 560 9 5 5506
521 609 1 2 4
522 1 6 3 39
522 121 2 2 8
522 234 5 4 282
522 549 4 1 4
522 652 3 2 11
524 173 1 4 32
525 134 3 3 25
525 820 2 2 4
526 776 5 1 4
527 36 1 5 217
527 713 7 1 4
528 10 3 1 4
528 33 7 2 31
528 97 1 3 7
528 156 10 1 4
528 406 6 4 192
528 580 8 1 8
528 582 7 1 4
528 611 1 2 4
528 720 6 1 4
528 801 6 3 81
529 16 3 1 4
529 148 4 2 9
529 260 8 7 80322
529 423 1 6 1353
529 517 7 2 23
529 520 6 1 4
529 737 6 5 1775
529 836 7 2 15
530 20 8 6 18801
530 86 7 1 4
530 132 6 3 55
530 278 9 1 4
530 522 1 2 4
530 696 3 5 599
532 11 8 1 4
532 134 2 3 37
532 292 2 2 4
532 550 9 1 4
532 853 7 2 22
533 5 8 1 4
533 37 3 2 11
533 787 9 1 4
534 6 7 4 246
534 425 7 3 69
534 786 5 5 981
534 928 2 6 1806
534 932 9 1 7
535 10 7 1 9
536 10 7 1 4
536 244 2 2 4
536 687 2 2 8
536 902 10 2 18
537 99 10 1 11
537 257 2 3 34
537 478 9 4 524
538 74 7 2 20
538 84 5 1 7
538 820 3 3 58
540 256 2 2 6
540 481 7 5 887
541 344 9 1 6
541 793 6 1 4
544 21 2 2 4
544 24 4 7 77918
544 151 3 1 4
544 160 10 1 4
544 416 2 2 4
544 429 9 7 231063
544 536 7 3 152
544 542 8 3 70
544 551 3 2 9
544 597 4 6 17443
544 718 6 1 4
545 209 6 2 11
545 226 6 4 418
545 520 3 6 2944
545 914 6 3 37
546 2 3 1 4
546 4 4 3 22
546 612 7 4 437
546 758 2 2 4
546 900 2 3 11
547 265 2 3 20
547 427 2 2 6
548 141 9 1 4
548 169 8 2 18
548 512 9 3 78
548 577 8 4 482
548 586 3 5 553
549 97 7 4 406
549 146 1 10 14875593
549 288 8 6 25358
549 530 2 3 11
549 647 6 1 4
550 36 7 5 3035
550 649 8 1 4
550 800 8 1 4
551 40 2 3 27
551 89 2 4 142
552 136 4 2 11
552 640 1 6 1621
552 932 3 3 18
553 36 6 2 25
553 102 4 1 4
553 933 7 1 9
554 4 7 1 4
554 296 10 1 4
555 52 4 2 11
555 418 3 1 4
556 409 4 1 4
557 6 2 2 4
557 370 3 2 9
557 400 9 2 37
557 557 5 1 4
557 770 9 1 9
557 938 7 2 32
559 557 6 2 25
560 18 6 2 11
560 104 7 5 4335
560 354 8 2 36
561 10 6 1 4
561 444 1 3 11
561 521 3 3 22
561 993 3 1 4
562 162 2 5 481
562 977 8 5 1535
562 992 7 1 6
563 20 9 1 4
563 410 4 2 8
564 659 1 3 6
565 105 5 4 307
566 4 9 3 53
566 44 10 2 20
566 132 2 6 9108
567 793 5 8 652180
569 385 6 2 21
569 522 10 3 67
571 100 5 2 25
571 457 1 4 60
572 36 9 4 234
572 370 2 3 13
572 777 8 1 4
573 886 4 3 29
574 18 8 1 7
574 533 4 1 4
574 696 7 2 13
576 4 1 8 45345
576 5 7 1 7
576 19 1 3 8
576 48 5 1 4
576 76 7 1 4
576 133 8 4 643
576 172 4 6 5934
576 193 4 2 8
576 228 1 9 688631
576 325 3 4 87
576 371 9 3 69
576 525 8 1 9
576 547 4 3 34
576 607 3 3 34
577 72 9 3 110
577 292 9 6 34702
577 401 10 1 9
577 661 7 4 155
577 997 5 3 30
578 26 6 2 11
578 96 7 1 4
578 120 6 1 4
578 572 7 5 3641
578 575 10 4 376
579 80 7 2 22
579 621 2 4 76
579 789 5 5 831
580 64 9 2 30
580 507 7 1 4
580 528 2 2 6
580 598 7 2 29
581 645 8 5 3715
584 432 8 2 16
584 833 3 1 4
585 64 10 1 11
585 208 6 1 9
585 217 4 2 18
585 354 7 1 8
585 389 5 2 13
586 64 6 1 8
586 658 4 1 4
587 608 7 1 9
588 784 5 2 25
590 276 1 4 39
590 300 3 10 22129622
590 520 6 3 48
590 788 3 5 847
591 147 4 2 16
592 2 2 4 47
592 148 1 8 90287
592 322 2 2 4
592 528 6 3 73
592 585 4 5 682
592 856 7 1 8
593 429 7 1 8
595 58 8 1 4
595 557 3 3 25
596 11 8 1 4
596 33 5 2 23
596 91 2 2 4
596 154 10 1 13
597 387 3 6 5588
599 92 10 2 46
599 176 3 2 8
599 569 4 1 4
600 68 10 5 1181
600 115 1 4 73
600 562 3 4 72
600 573 9 6 21632
600 575 10 3 55
602 480 2 2 4
604 913 5 5 1110
604 1006 3 1 4
605 80 4 3 50
606 807 1 3 8
607 288 2 6 4768
608 176 9 1 7
608 185 7 1 4
608 522 5 1 7
608 576 2 3 31
608 648 9 1 4
609 28 5 2 11
609 210 10 1 11
609 225 9 1 11
609 526 1 2 4
609 768 1 2 4
611 125 10 3 104
612 534 6 2 29
614 936 1 4 24
616 81 1 5 140
616 450 1 6 4085
616 806 6 5 2276
617 374 5 1 4
617 908 1 9 417576
618 70 10 2 42
618 1004 10 1 4
619 76 1 4 55
619 140 5 4 563
619 231 9 1 6
621 293 4 2 20
623 1000 7 5 3546
624 579 7 5 1193
625 5 4 2 11
625 261 1 5 211
626 8 3 4 189
626 104 10 1 4
626 528 9 1 8
627 3 9 8 1016151
627 418 6 1 6
627 769 2 2 8
627 977 5 2 17
629 528 6 3 59
631 24 8 1 4
632 18 1 3 13
633 812 3 3 20
637 73 4 7 26515
638 161 8 2 27
640 4 6 1 4
640 160 5 2 21
640 181 4 6 13609
640 246 3 3 44
640 258 1 5 162
640 369 3 6 14733
640 525 4 3 33
640 584 4 3 42
640 659 1 6 2347
640 732 7 2 20
640 938 9 1 4
640 952 8 6 6037
641 192 9 1 9
642 512 1 4 93
642 724 8 2 18
643 73 6 7 49198
643 775 9 7 81226
644 48 6 1 7
644 387 5 3 78
644 660 3 3 25
644 769 1 4 99
645 4 5 1 4
645 25 9 1 4
645 548 10 1 14
645 963 3 1 4
646 388 1 8 53429
648 76 8 1 8
648 98 6 4 193
648 210 3 5 1251
648 301 6 3 33
648 369 6 3 33
648 694 10 4 276
648 769 9 1 4
649 4 3 1 4
649 48 10 1 11
650 216 6 1 8
650 953 10 1 4
651 290 3 7 36821
652 257 5 6 10619
652 594 4 3 56
654 129 9 2 27
654 565 4 1 3
655 384 8 2 41
655 761 9 1 11
656 3 10 5 1383
656 278 3 3 25
656 370 2 4 54
657 79 10 1 6
657 201 10 2 31
658 10 10 1 16
658 26 2 2 8
658 226 3 7 26836
658 640 10 4 850
660 36 6 4 364
660 52 8 5 1402
660 85 3 2 6
660 648 1 2 4
661 244 6 2 20
661 608 3 2 7
662 374 2 5 230
664 16 3 4 130
664 205 9 1 4
664 539 3 1 4
665 3 2 4 53
665 260 8 1 7
666 66 2 2 8
668 163 1 6 4798
668 464 1 4 32
668 749 7 6 5016
670 515 9 1 6
672 64 10 5 4133
672 129 9 3 101
672 514 1 3 16
672 717 9 1 4
673 104 9 1 8
674 259 4 6 3993
674 288 6 1 4
674 401 1 4 53
674 672 2 2 4
675 470 7 6 15089
677 121 4 1 4
677 641 8 2 36
678 237 9 6 10533
680 20 5 1 4
680 39 4 3 79
680 450 5 2 11
681 33 2 2 4
682 156 2 7 13849
683 278 8 1 7
684 1008 1 3 8
686 426 9 2 18
686 593 4 1 4
688 385 6 4 209
689 80 5 3 30
690 110 6 5 1848
691 12 4 2 8
692 914 5 1 8
693 397 8 5 1593
693 522 10 3 133
694 6 1 2 4
694 768 3 5 781
694 931 4 3 25
694 976 1 5 197
695 517 9 1 4
695 585 9 1 4
696 885 8 3 130
697 710 8 2 25
700 18 1 5 296
700 229 4 3 26
701 941 7 3 49
704 34 9 1 9
704 76 5 1 4
704 135 7 2 15
704 292 1 8 94868
704 370 4 2 16
704 514 7 10 89331850
704 673 4 4 130
705 854 1 8 133822
706 161 6 1 8
709 325 4 5 852
709 354 7 1 9
709 644 3 1 4
709 843 6 1 4
710 2 4 2 21
711 19 7 3 45
712 35 7 1 8
712 141 9 1 6
712 283 4 2 17
712 294 9 1 4
712 862 10 6 34262
713 593 2 3 15
713 837 10 7 332593
716 339 3 7 74792
716 842 7 1 8
720 7 8 2 23
720 144 3 5 396
720 803 5 2 23
721 170 10 1 11
721 323 10 6 29352
721 584 10 1 4
722 82 7 5 3698
722 100 4 2 9
722 104 4 4 113
722 146 7 5 969
722 258 2 6 7877
722 393 10 8 2920293
722 398 8 1 11
722 464 7 1 7
724 596 4 2 8
725 44 1 9 1715858
725 65 7 1 6
726 322 5 6 6293
727 200 2 2 4
728 227 8 2 31
728 350 6 4 587
728 712 8 1 11
730 332 1 4 80
732 834 6 6 23613
736 24 3 4 76
737 64 6 1 4
737 288 8 4 457
737 610 6 1 4
740 235 8 4 502
740 778 1 5 311
740 801 2 3 22
741 45 4 5 691
741 260 9 2 31
742 97 10 1 4
743 787 8 5 1927
744 124 5 3 71
744 280 5 3 42
744 762 3 4 135
745 63 1 2 4
746 386 6 1 4
746 536 2 4 47
751 506 10 3 143
752 261 5 3 44
752 494 2 2 4
752 786 1 5 144
754 32 3 3 49
759 130 4 1 4
760 40 2 2 9
760 220 4 6 3631
760 257 3 2 15
760 300 3 2 11
761 435 2 2 4
763 668 7 7 55463
768 68 3 6 2829
768 226 4 2 8
768 326 1 9 580565
768 502 4 3 62
768 608 9 1 6
768 666 10 3 109
768 736 7 6 23196
768 738 4 4 154
769 34 1 3 8
769 640 9 1 4
769 773 4 1 4
770 67 2 8 290214
770 211 3 3 63
770 256 4 1 4
770 663 8 2 32
771 128 4 2 8
771 793 1 3 18
771 800 1 3 20
772 0 4 2 13
772 32 3 2 15
772 130 5 1 7
774 8 4 1 4
774 936 10 4 261
775 48 5 5 863
775 921 1 2 4
776 101 3 3 43
776 155 1 6 2000
776 586 6 4 154
776 697 1 2 4
777 6 9 1 4
777 84 3 1 4
777 200 6 1 9
777 318 2 2 8
777 539 1 3 8
777 554 1 2 4
777 608 1 5 239
777 641 1 2 4
778 389 9 5 5995
780 16 4 1 4
780 193 8 1 9
780 552 8 3 141
780 707 3 4 139
780 901 8 1 8
781 222 3 8 482717
781 496 5 2 20
782 226 9 5 1102
782 405 6 4 180
784 549 3 7 55023
784 634 5 3 35
784 841 9 1 9
785 45 5 1 8
785 257 10 2 19
786 521 10 3 184
786 914 3 1 4
787 199 7 1 8
788 324 6 9 12032941
788 332 9 4 353
792 274 1 4 45
792 540 6 3 60
792 594 2 3 24
793 628 7 6 5493
795 422 5 2 15
795 661 4 1 4
798 776 6 1 4
799 433 9 1 11
800 45 4 2 18
800 73 3 5 380
800 97 4 4 94
800 824 9 1 7
801 34 8 2 20
801 312 9 9 27272857
801 592 5 5 1249
801 642 6 1 8
802 769 1 2 4
803 512 9 1 4
804 0 3 2 7
804 104 9 1 4
804 337 6 5 1000
804 779 5 2 11
805 387 1 8 113600
805 781 8 6 6274
806 134 3 4 169
806 232 3 4 288
806 326 10 2 34
808 302 2 2 4
808 526 9 1 4
808 777 9 1 9
808 937 5 3 48
810 17 10 1 17
810 394 7 7 188815
810 416 1 2 4
812 778 3 1 4
814 264 7 1 8
814 523 9 1 14
814 905 5 2 13
816 18 7 1 9
816 24 3 4 161
817 784 10 1 14
818 253 3 5 413
819 69 1 4 107
819 538 3 1 4
821 236 2 4 183
822 211 7 8 361534
824 392 1 5 504
824 609 7 1 4
828 592 2 7 10149
832 21 7 3 43
832 30 4 1 4
832 43 5 1 4
832 304 2 4 73
832 328 7 1 11
832 518 1 3 8
832 548 3 1 4
833 147 7 1 4
833 999 6 1 8
834 0 9 4 291
834 67 7 2 15
834 104 1 2 4
835 264 5 1 4
835 392 9 1 9
835 583 9 2 29
836 388 1 2 4
836 485 6 2 11
838 785 9 5 1808
839 21 3 6 10316
840 96 1 3 16
840 545 1 5 566
840 800 1 2 4
841 32 1 2 4
841 370 8 2 27
842 132 6 1 8
842 200 6 5 1835
843 939 3 5 1400
844 584 8 8 331302
845 561 1 4 92
845 624 1 5 469
848 90 4 2 13
848 188 10 1 4
848 391 4 2 8
848 899 5 1 8
849 792 4 2 11
849 1018 10 4 926
850 308 10 1 8
850 776 5 1 4
851 195 6 1 4
852 72 5 5 2291
852 824 7 5 1925
854 681 2 3 14
856 256 4 4 333
862 130 2 4 153
864 23 10 1 4
864 786 4 4 205
866 260 4 1 4
867 998 10 4 565
868 332 8 4 394
870 68 4 5 930
871 264 7 6 14661
872 50 8 6 6574
872 165 2 6 4979
873 9 5 1 4
874 360 9 2 17
880 611 1 5 266
882 42 8 2 23
882 591 8 2 23
882 778 9 1 10
884 802 4 3 39
885 601 6 2 16
894 392 7 1 4
895 603 10 2 25
896 330 6 5 824
896 868 6 1 7
897 115 1 3 13
897 523 2 5 301
897 1002 8 1 6
898 336 10 1 13
898 699 2 3 20
899 537 5 1 6
900 4 4 6 3592
900 162 8 4 347
900 313 9 3 144
902 131 10 1 4
902 420 7 1 8
903 339 9 4 674
904 112 1 6 1013
904 888 3 3 36
904 929 10 4 583
905 12 5 1 4
905 196 10 1 6
905 540 1 3 14
906 137 2 2 10
906 194 2 2 4
906 210 2 9 1787748
906 328 7 4 420
907 276 3 5 1876
908 456 7 3 67
911 5 1 3 13
911 10 3 3 56
911 896 9 1 8
912 2 9 2 35
912 129 2 5 1245
914 216 3 1 4
914 776 3 7 45870
914 968 4 1 4
915 431 9 1 4
916 742 9 1 9
917 560 1 2 4
917 912 10 5 1208
918 0 3 1 4
921 320 2 3 12
922 8 7 1 8
924 33 4 7 21800
924 196 4 3 63
927 190 4 1 7
928 64 3 2 8
928 384 10 1 4
928 516 9 4 739
928 518 4 2 13
929 10 1 2 4
929 257 1 3 7
929 316 3 2 15
930 547 5 6 6868
931 657 1 2 4
932 274 7 1 11
932 783 3 3 18
933 657 5 5 1958
938 261 4 4 102
938 316 2 4 155
938 552 6 1 8
940 512 10 4 916
941 771 5 1 7
944 165 2 6 1407
944 756 1 4 39
945 456 4 1 4
946 205 4 2 11
947 568 8 1 14
948 9 2 2 4
952 37 3 3 32
953 905 9 1 9
956 846 9 2 36
958 844 7 1 6
960 358 8 4 373
961 131 5 5 617
961 291 9 6 7217
961 333 1 3 7
961 481 2 7 42893
965 937 2 2 4
966 29 9 6 26712
966 192 7 1 4
966 197 7 1 4
966 555 9 1 14
968 51 2 7 73216
968 360 8 6 11457
969 313 3 1 4
969 769 7 3 142
970 180 3 4 165
971 566 5 10 50209519
975 205 9 5 1538
976 321 8 1 8
976 779 5 3 43
977 22 7 4 267
977 34 9 2 16
977 549 9 4 704
984 324 8 1 11
984 483 10 1 4
985 268 7 3 102
987 962 9 3 95
988 366 4 5 1065
996 36 7 1 9
996 836 2 2 6
998 179 10 2 18
1001 286 1 5 240
1002 652 3 2 7
1002 912 9 2 17
1003 684 5 1 4
1004 129 10 1 16
1011 36 9 2 45
1020 371 2 3 37
1020 385 2 4 55
