0 89 9 4 502
0 198 2 1 3
0 342 5 6 5818
1 18 3 7 57990
1 503 1 4 80
2 115 10 1 10
2 217 4 5 490
3 218 10 5 3457
3 363 6 9 7270730
3 430 8 5 1774
4 361 10 3 85
4 414 2 2 4
5 214 3 10 96268725
8 303 8 8 1703444
9 129 1 4 24
9 171 9 1 4
9 451 6 4 149
10 223 9 3 52
10 416 6 3 110
10 462 8 1 10
11 30 3 5 355
11 297 1 5 464
11 438 1 7 27266
11 477 7 2 17
12 343 4 3 41
12 499 1 3 11
13 207 9 1 13
13 280 3 4 248
13 397 7 5 3968
14 173 7 5 1139
14 265 9 5 1156
15 160 10 6 41487
15 194 2 3 38
15 414 3 8 138186
16 25 4 7 23741
16 114 6 4 182
16 232 9 7 191747
16 357 2 3 26
16 370 2 8 132379
17 83 4 6 17108
17 131 9 8 1029624
17 316 10 4 292
18 90 2 8 379094
19 33 9 1 7
19 180 1 6 3532
20 139 4 4 98
20 283 8 5 1334
21 209 2 6 3436
21 259 9 3 50
22 226 6 6 5249
22 451 10 6 7446
23 108 8 6 5873
23 304 1 4 41
23 418 8 7 137121
24 52 10 2 45
24 386 2 4 49
24 418 7 1 8
24 503 5 4 150
25 126 7 1 4
25 234 5 5 1136
25 309 4 3 29
25 320 7 7 36952
25 408 3 7 63558
26 142 10 7 201843
26 296 1 8 94898
27 342 3 5 722
27 378 9 2 20
28 407 4 10 15362341
29 40 3 6 2921
30 182 2 6 5699
30 403 5 2 15
31 66 6 7 149741
32 105 9 5 2944
32 177 1 5 254
33 489 5 6 23584
34 84 1 5 116
34 129 2 4 106
34 199 7 4 646
34 231 2 5 1180
34 282 1 4 23
34 317 4 5 1561
35 151 5 4 121
35 446 4 4 109
35 458 8 5 3675
35 479 10 7 70182
36 162 2 3 42
36 341 4 9 13894482
36 374 5 3 33
36 444 8 5 1411
38 170 3 7 40236
38 277 7 4 410
38 390 3 6 5932
38 488 4 4 302
39 467 7 2 14
39 490 4 3 47
40 75 9 6 7684
40 103 6 4 200
40 148 5 6 8754
40 464 9 4 270
40 486 2 6 7157
41 429 7 5 2071
42 45 2 3 40
42 316 3 6 5892
43 123 9 6 7752
44 327 7 2 31
45 98 2 2 4
45 108 3 7 25680
45 408 3 3 61
46 106 9 2 36
46 139 1 4 28
47 99 6 2 26
47 246 7 2 13
47 505 5 2 11
48 344 5 5 1515
49 66 2 4 77
49 370 5 3 41
50 169 8 3 59
50 177 5 7 91575
50 474 6 3 49
51 134 5 1 8
51 342 1 6 773
52 78 1 5 431
52 181 6 2 20
52 207 2 5 860
52 277 8 3 62
52 500 2 2 4
54 464 1 5 353
55 151 10 5 1312
56 234 5 10 28836851
56 435 5 2 14
58 65 6 3 47
58 164 6 4 472
58 249 6 4 558
59 199 1 5 405
59 276 3 2 13
60 384 10 4 244
61 396 9 4 447
62 444 4 4 395
62 489 7 2 19
63 335 1 5 379
64 89 4 8 688080
64 91 4 3 55
64 179 4 5 2266
64 501 6 3 35
65 236 1 2 4
65 277 3 6 10667
65 386 5 8 819153
65 409 6 7 31456
66 185 8 5 2006
66 376 2 4 116
67 70 7 4 639
68 132 6 2 31
68 209 1 3 17
68 221 6 6 4894
68 267 3 3 34
68 290 2 6 1945
68 363 3 3 26
68 432 10 3 71
68 474 2 2 8
69 72 9 5 2931
69 89 3 8 250055
69 462 1 4 50
70 295 10 4 223
70 505 8 3 149
71 228 10 6 11808
72 167 5 5 596
74 220 8 2 40
74 411 3 7 36782
74 451 8 2 15
75 330 10 4 407
75 392 1 8 171617
76 153 3 3 43
76 322 7 6 29175
77 337 6 2 25
77 340 1 3 10
78 209 1 3 14
78 267 9 4 301
78 308 7 5 4276
79 262 3 9 3351344
79 319 5 5 2318
80 86 7 4 680
80 368 7 4 223
80 420 2 3 15
82 84 4 3 40
82 464 3 6 2861
82 488 3 2 7
83 402 4 4 139
83 407 1 4 62
84 257 9 4 437
84 295 4 4 149
85 244 1 3 10
86 118 5 7 38458
86 145 6 7 64634
87 133 2 7 68460
88 404 3 5 779
89 305 4 4 152
89 349 9 3 53
90 292 8 4 502
90 402 4 4 226
91 280 9 3 71
92 477 3 5 700
93 161 4 3 33
94 427 6 2 25
95 182 9 2 19
95 486 7 4 759
96 488 2 4 134
97 319 5 3 55
97 351 2 4 212
98 113 2 6 4080
99 154 3 4 185
99 172 4 2 14
99 402 7 7 35798
100 291 6 7 182783
101 165 6 4 221
102 259 2 6 2702
103 117 4 6 5419
103 186 4 6 4415
103 192 4 4 210
103 273 5 2 12
103 277 3 5 612
104 166 9 5 1463
104 327 5 5 1183
105 242 5 4 117
105 496 7 1 7
106 198 6 4 283
106 249 3 5 1045
107 241 4 5 1507
107 277 5 7 47330
107 335 2 4 76
107 350 8 3 62
107 359 4 2 8
108 404 4 4 113
109 143 5 3 29
109 354 9 1 7
109 367 10 3 195
109 408 8 7 195208
109 437 4 2 16
111 198 5 3 49
111 273 7 5 2327
112 236 8 5 2051
112 446 5 3 38
113 430 3 7 86460
114 205 3 3 16
114 327 3 6 4096
115 180 1 9 1045157
115 193 7 4 217
115 198 1 7 6873
116 207 8 9 7095441
117 314 1 5 155
118 221 5 8 483929
118 260 6 3 68
118 285 9 7 81940
118 346 1 4 29
118 390 8 5 1219
119 293 1 4 55
119 417 3 8 293362
119 423 3 4 128
119 506 6 3 71
120 475 2 3 13
122 258 9 3 95
122 371 7 3 50
122 383 8 6 5819
123 173 1 6 2588
123 377 10 9 5158323
124 280 2 2 8
124 471 6 6 7409
125 154 5 3 52
125 445 2 8 500680
125 507 3 2 7
126 251 10 8 2051221
126 277 3 5 772
126 466 5 2 12
127 250 8 4 272
127 311 8 6 16445
128 355 2 4 52
128 385 5 8 786660
129 206 2 4 73
129 276 8 5 1005
129 406 3 4 146
129 480 5 3 110
130 277 3 3 17
131 194 2 5 1127
132 385 8 2 31
132 434 7 2 13
132 475 2 5 336
134 226 5 1 4
135 167 6 3 34
135 169 1 9 1423321
136 405 10 3 100
137 160 1 4 25
137 201 4 1 4
137 250 8 6 6887
138 470 4 3 88
139 455 3 4 275
140 510 9 2 16
141 278 1 5 272
141 351 9 5 4116
141 353 1 8 239897
141 390 8 2 29
141 418 10 1 6
142 322 9 3 164
143 223 3 5 928
143 270 2 4 87
143 286 1 8 172576
144 505 7 1 11
146 215 7 5 1591
146 288 4 3 34
146 362 4 5 902
146 365 8 4 243
147 402 2 5 468
147 467 4 7 34686
147 480 4 7 125277
148 162 3 5 1352
148 238 1 3 19
148 359 5 2 10
149 196 2 8 404113
149 224 10 2 50
149 304 2 2 7
149 458 9 6 33792
150 430 5 6 20790
150 458 6 1 7
151 285 3 2 13
151 307 6 8 610496
151 387 3 2 11
151 399 8 2 31
151 463 7 3 135
152 167 9 2 38
152 196 10 5 3348
152 421 10 1 10
152 433 8 10 278519649
153 200 3 7 33656
153 257 10 4 326
153 409 7 3 90
154 273 5 2 19
154 507 3 3 49
155 412 9 7 116168
155 418 6 4 190
156 160 2 6 7114
156 400 10 1 13
156 507 7 4 158
157 385 9 7 89247
159 189 8 2 34
159 331 10 2 34
159 353 6 4 315
159 451 5 3 46
161 423 10 8 916571
162 273 9 2 17
163 181 9 5 3254
163 293 3 6 2593
163 333 7 4 493
164 241 6 4 460
164 291 4 3 26
165 281 8 8 2722473
165 323 7 7 50657
165 484 3 4 204
165 501 7 9 4906449
166 170 8 2 25
168 209 8 6 15765
169 266 1 4 25
171 319 3 7 16824
171 506 5 5 1534
172 480 8 6 9969
173 266 10 1 10
173 274 1 5 295
174 352 5 7 69577
174 501 8 2 41
175 205 9 4 860
175 272 3 3 37
176 393 9 2 20
176 462 5 3 32
177 250 7 4 217
177 459 8 4 257
178 182 4 5 1288
178 254 10 4 1116
178 409 2 2 10
178 486 10 4 788
179 223 10 2 27
179 255 7 4 164
179 473 7 4 450
180 197 5 7 30156
180 346 5 3 29
180 421 5 4 143
180 448 2 4 115
181 436 8 4 223
182 277 2 3 16
183 463 3 5 357
186 237 9 1 14
187 440 1 4 37
189 252 2 7 30557
189 275 6 5 2472
189 474 4 4 217
190 424 1 6 2705
191 352 1 4 74
191 368 3 5 1558
191 401 5 5 569
191 416 7 2 22
192 437 6 1 10
194 346 8 2 16
195 363 8 2 23
196 439 3 5 723
197 230 8 6 8058
198 267 1 7 39607
198 279 4 6 15003
198 353 2 7 22211
198 478 8 4 753
200 210 3 4 281
200 342 2 6 4658
200 448 8 5 2285
201 238 10 1 10
202 254 1 3 7
202 442 3 3 26
204 245 5 3 80
204 472 4 5 781
205 345 6 3 52
206 410 10 1 13
206 436 1 5 330
208 275 5 6 12460
208 303 3 3 16
208 506 4 6 11169
209 223 4 1 4
209 274 5 8 292237
209 492 4 4 109
210 380 6 5 3751
211 386 4 7 51845
212 238 2 7 31728
213 443 3 6 2464
214 231 6 1 4
214 511 8 4 397
215 393 7 5 4179
215 417 1 8 41496
218 254 2 9 1644895
218 447 6 8 362891
219 234 3 4 116
219 478 9 4 492
219 498 9 5 2712
221 351 4 4 185
222 430 2 4 213
223 412 10 7 58742
223 435 5 4 276
223 478 4 6 18124
223 491 2 4 207
223 508 1 5 451
227 273 9 3 179
227 397 7 3 128
228 299 7 5 1596
229 452 2 5 244
230 482 9 1 13
231 349 8 2 41
231 378 4 5 2535
232 248 5 4 132
233 247 7 3 97
233 366 7 5 3582
235 354 5 5 641
237 407 7 5 3912
238 319 6 2 14
239 323 9 2 19
241 345 1 7 22047
242 257 2 4 50
242 285 6 5 2385
242 312 1 6 1129
243 249 9 9 6092585
243 492 8 6 6320
246 254 6 7 70408
246 500 6 3 82
248 431 9 3 122
249 404 10 2 20
250 395 6 2 19
250 441 2 3 13
252 502 8 6 14351
253 296 9 3 71
253 500 4 3 38
255 392 9 6 39521
256 288 3 2 8
256 476 1 3 10
258 267 9 7 141440
258 478 5 8 361284
259 373 9 8 373387
260 283 3 7 97972
260 316 9 4 298
260 327 2 4 64
260 400 2 4 50
262 299 9 8 440788
262 414 1 3 8
262 487 10 5 6618
264 339 4 5 2404
264 473 8 6 19264
265 281 9 9 10590366
265 430 4 7 30817
266 294 1 6 2904
267 463 8 6 9384
267 475 1 6 1385
269 336 3 1 4
270 335 3 4 109
270 395 9 5 5284
271 489 4 4 435
272 320 7 3 51
272 404 7 1 4
275 280 10 3 110
275 323 9 4 770
276 335 8 5 2830
277 279 1 4 99
277 359 7 9 22016728
279 392 3 3 32
280 385 6 5 2342
281 345 10 3 151
281 464 2 4 80
284 333 8 4 440
288 505 6 6 13193
289 366 3 7 22745
290 427 1 6 1883
291 454 1 3 10
293 489 4 3 29
294 451 8 2 28
295 463 8 2 20
295 478 6 2 17
297 405 7 5 2767
297 441 1 3 8
298 347 6 5 1494
298 354 6 7 114609
298 501 2 4 67
299 363 2 4 83
299 382 8 6 6382
303 305 5 2 10
303 376 5 6 3481
303 400 8 4 375
304 474 6 2 31
305 411 10 6 23003
305 416 1 9 385165
306 481 3 3 28
307 394 7 5 2024
308 450 9 2 22
309 400 8 8 351974
311 330 9 3 50
311 342 7 7 123611
311 432 1 6 3382
312 313 8 4 262
312 409 10 3 80
312 466 4 6 10480
313 451 6 5 913
313 463 8 8 386352
314 418 10 6 36485
314 499 10 3 194
315 435 1 7 7486
317 318 7 7 38507
318 481 9 6 10467
321 365 3 3 25
322 354 8 3 46
325 352 6 5 1087
325 422 1 5 616
326 446 1 6 1209
332 368 8 7 193007
336 444 8 5 1162
337 451 6 2 17
338 341 6 5 1100
338 461 7 3 56
339 342 5 4 559
341 435 1 5 151
341 469 10 4 418
343 415 7 6 9560
349 431 9 6 13036
350 452 3 5 344
351 497 9 8 1378158
352 373 1 6 3982
353 371 5 4 371
354 363 9 5 5949
354 457 3 5 1249
355 428 1 7 6686
355 464 2 6 2922
357 421 10 2 46
357 467 8 3 104
358 420 4 8 222435
358 432 7 4 249
358 447 9 2 43
360 431 6 8 978518
361 510 6 3 32
362 456 4 3 82
362 493 3 7 15966
367 499 3 7 26482
368 438 4 7 33112
368 482 9 4 595
370 419 1 5 199
371 421 7 4 173
372 477 3 6 5746
373 436 3 7 73867
374 489 8 5 1246
379 434 10 7 65203
380 462 6 4 391
380 470 2 3 35
381 501 3 3 41
383 387 8 2 19
383 504 5 3 76
384 450 3 6 2701
385 425 10 4 739
385 498 9 4 261
386 394 10 4 704
386 448 4 5 556
386 468 8 1 10
386 482 5 8 899875
388 418 8 8 559550
388 472 8 6 31317
389 500 10 2 44
391 404 3 4 148
391 429 1 4 28
391 511 2 9 798097
393 488 1 4 29
394 399 2 4 100
395 423 6 4 377
396 468 1 3 11
398 413 2 5 326
398 484 4 3 52
399 410 2 4 125
400 407 9 4 966
400 492 2 5 1379
402 433 10 2 35
404 443 6 3 33
405 474 1 4 107
406 407 2 3 13
408 439 8 4 325
410 473 1 4 25
412 455 10 5 1542
414 416 6 2 17
414 461 7 2 13
415 472 3 3 58
417 503 2 5 796
425 450 6 1 4
427 505 4 2 11
429 432 7 4 189
432 455 1 6 1814
438 501 8 2 37
444 468 4 6 8772
447 485 8 2 29
448 494 7 2 19
449 452 3 3 22
450 475 3 4 106
453 471 4 3 47
453 479 8 4 746
455 479 10 3 200
458 490 1 4 28
461 503 5 8 1173381
463 468 6 2 25
466 481 7 2 20
466 501 6 4 248
474 480 8 2 17
485 501 4 5 1164
501 504 5 6 3807
507 509 2 6 3736
