922 0.008983234555274005 
101 0.009007038151264772 
229 0.00898561472844317 
992 0.008980853828966441 
853 0.009016554678920811 
623 0.008989184990102405 
847 0.008991564985587562 
268 0.009002276144676817 
132 0.008943956920890164 
604 0.00900108536143121 
986 0.008996325342907016 
717 0.008985614005291239 
673 0.008970144013910244 
1017 0.008940389397619108 
51 0.008993945342520763 
1227 0.009017747330910583 
1906 0.00897371506186173 
1008 0.008995134903203127 
1514 0.008985614183016499 
755 0.008984424828323527 
300 0.008991565532312153 
462 0.008991565165807335 
716 0.008999895269289472 
1834 0.008999894768352109 
666 0.008985615292079788 
305 0.008974901158794657 
303 0.008983234369977711 
1407 0.008947525446519533 
297 0.008982044099054185 
585 0.008984424457162105 
453 0.008977284510765059 
1775 0.008983234369977711 
53 0.008993945163745857 
1846 0.008996325880972962 
1766 0.008977283202489836 
783 0.008998705007632142 
1281 0.008978470272157724 
1317 0.008985615677851076 
219 0.00899870569896015 
1098 0.008977283566094105 
1891 0.008976093478979872 
701 0.008977283566094105 
75 0.009008226423800636 
781 0.008984424094124477 
1230 0.008980854196372557 
1586 0.008993944300534167 
629 0.009004653783578183 
1896 0.008976094820740426 
1009 0.008967759355530978 
1065 0.008977283566094105 
1037 0.008989184451204942 
1736 0.008958251318206042 
1650 0.008986804272160852 
562 0.008985613656015034 
1857 0.008989185359500388 
539 0.008963003526466316 
613 0.009017748734962115 
833 0.008997513780042342 
22 0.008976092408575383 
1109 0.00897014861149931 
1490 0.008995135431254648 
808 0.008989184275657877 
1809 0.008982044657118623 
1370 0.008979663741087808 
642 0.008973711062637725 
261 0.008999896509572232 
930 0.008997514915265065 
1226 0.008976094427306661 
433 0.008990374022816388 
681 0.008977283023775741 
758 0.009016561839470166 
356 0.008990375445779365 
962 0.008987994361557134 
752 0.008990373042478095 
476 0.008984425594769436 
1524 0.008995131244584991 
559 0.008999895788695275 
1383 0.009003465886376318 
1821 0.008995134903203127 
518 0.008991565532312153 
1014 0.008973714858703071 
468 0.00899513635174069 
1143 0.00896300106235347 
1562 0.00897728412682212 
1194 0.008989184990102405 
479 0.008986804272160852 
1597 0.008974902317319533 
1366 0.008980852607925973 
390 0.008983234186712142 
826 0.008935629449924874 
183 0.009001086967688138 
373 0.008964195070284132 
727 0.009001086967688138 
1951 0.008972520652034506 
1138 0.008973714065993637 
611 0.008995134064235641 
1841 0.008978471605654358 
1511 0.00898680481540927 
1981 0.00897966170206864 
1471 0.008991568965890583 
