0 17 2 2 7
0 215 9 1 7
0 679 3 8 480319
1 82 2 1 3
3 652 3 4 316
4 0 4 1 5
4 64 3 7 52596
8 642 8 1 10
10 75 8 2 16
11 204 1 8 256996
12 0 5 1 3
15 659 3 1 4
17 258 4 3 42
18 641 1 2 4
21 308 6 1 9
23 886 8 1 4
24 533 3 1 4
30 129 7 3 86
32 33 9 1 4
32 42 8 4 231
33 276 1 2 4
34 324 6 1 5
36 288 1 2 4
37 673 6 1 8
38 204 6 1 7
44 794 4 1 4
48 168 8 1 3
49 17 3 6 13394
52 285 1 2 4
56 472 3 5 470
64 194 4 1 4
65 25 1 4 30
65 421 7 3 49
65 571 1 2 4
67 16 9 1 4
67 482 6 2 23
68 284 7 1 4
68 576 4 2 8
69 138 3 1 4
69 529 6 5 1352
71 700 3 5 573
78 919 6 1 4
80 528 5 1 4
81 807 8 4 492
85 65 2 4 53
91 154 3 2 13
92 91 2 2 4
94 954 6 1 4
96 32 9 1 4
97 195 6 1 5
98 352 3 1 4
104 26 4 1 3
104 313 9 3 72
106 652 9 1 5
114 872 3 6 3409
132 94 1 10 4646698
132 713 1 2 5
134 67 4 3 62
134 390 6 1 4
136 160 2 2 4
137 778 9 1 3
140 143 9 3 57
140 464 2 3 34
145 392 3 1 4
145 576 7 3 79
146 910 6 1 5
147 513 6 1 3
148 1 3 1 3
151 250 3 1 3
153 961 5 1 5
156 814 1 2 4
159 526 5 1 4
162 290 8 1 4
164 38 5 2 16
167 384 6 5 1693
172 32 9 1 4
176 32 5 1 4
180 152 2 2 4
184 664 1 2 4
186 272 2 2 7
188 199 5 2 11
203 654 3 1 5
212 34 8 1 4
216 66 2 8 535392
250 46 10 1 5
256 312 7 1 4
256 616 9 1 15
256 705 9 4 595
258 673 2 2 7
260 678 2 4 196
262 32 2 2 5
266 504 8 1 4
275 4 9 1 14
278 258 4 5 590
291 768 7 1 11
294 742 2 2 4
296 57 8 1 9
303 292 5 1 3
304 258 9 1 4
309 77 10 8 2071736
310 936 3 1 4
314 156 5 2 13
320 428 2 2 4
323 515 8 1 4
324 179 10 1 11
325 6 10 5 1562
326 116 3 1 4
332 456 8 1 8
337 833 7 2 16
354 836 9 1 5
356 800 5 2 12
357 433 3 1 4
357 641 8 7 239215
358 197 4 1 4
363 162 3 1 4
366 657 2 3 13
384 168 6 1 4
384 312 6 1 4
386 160 4 3 39
386 206 6 1 4
391 800 3 2 12
396 546 10 5 3392
397 518 5 2 15
398 943 6 3 38
400 712 4 5 1263
402 80 5 8 947700
409 66 5 1 8
411 20 10 4 333
423 651 7 1 4
444 769 9 1 4
452 488 8 2 32
454 9 1 7 33589
454 634 6 1 4
462 516 10 1 6
463 916 5 1 4
472 226 4 4 416
482 64 10 1 7
488 269 1 4 31
488 334 8 4 862
491 112 5 1 4
504 267 10 7 79566
512 153 10 4 421
512 420 9 1 4
512 438 7 3 53
516 555 6 1 4
516 605 3 1 5
516 785 4 1 4
517 8 1 6 4255
517 676 3 1 4
518 0 7 1 4
520 94 1 2 4
520 328 2 2 4
520 436 9 1 4
528 720 1 2 4
529 148 10 7 117168
530 696 8 2 22
532 550 2 7 52473
533 787 10 2 50
534 425 3 3 22
540 481 1 2 4
544 160 2 2 4
544 429 6 3 61
544 542 5 10 55946754
546 900 4 3 58
548 141 1 3 7
548 169 6 1 10
548 586 5 1 4
549 68 9 1 4
550 649 7 4 206
551 40 10 3 122
552 136 8 1 8
552 640 7 1 5
557 512 5 1 3
557 938 10 1 4
561 10 7 3 135
572 64 3 1 4
576 172 3 1 4
576 193 6 1 3
576 325 4 7 25588
576 371 8 1 10
578 96 10 1 4
578 575 6 3 67
579 621 9 1 4
579 789 7 1 4
586 658 1 4 77
587 608 6 1 4
588 784 10 1 3
591 147 10 1 3
596 385 6 2 30
599 176 10 1 4
602 480 8 1 8
604 913 1 2 4
605 80 10 2 44
607 288 5 4 277
609 210 4 1 4
625 530 7 1 4
637 73 4 1 3
640 181 3 3 27
640 421 6 5 3625
644 48 9 6 28651
648 369 2 7 19769
657 201 6 1 5
658 226 10 5 2587
658 640 4 3 40
665 3 3 3 25
674 401 1 2 5
677 641 6 1 4
682 156 8 1 10
692 260 3 6 7016
704 292 2 2 5
712 862 7 3 60
719 512 4 3 31
721 104 5 8 324946
721 584 9 2 27
722 398 9 2 26
724 596 1 4 29
737 288 9 5 1980
741 45 5 6 15228
754 32 9 2 19
760 40 1 3 18
768 738 5 1 4
769 640 8 1 4
770 67 6 1 4
776 101 5 2 16
776 697 9 1 13
777 554 2 4 67
781 496 4 5 611
784 569 9 1 7
785 257 7 1 5
788 25 1 2 4
793 628 7 5 1524
814 523 10 1 4
814 905 2 3 13
832 281 10 1 3
836 388 8 1 5
850 308 9 1 5
851 195 2 4 144
856 256 6 1 4
867 998 9 1 4
884 802 1 2 4
900 4 8 1 4
910 614 5 5 969
917 912 2 6 4051
928 516 5 1 4
932 274 5 2 17
961 131 8 1 4
975 205 3 1 4
1004 129 10 1 4
