1212 0.0021713554617297254 
67 0.002197918872536134 
1827 0.0021973219246749815 
1381 0.0021191296543933468 
902 0.002243885831729565 
303 0.00225672135456799 
1218 0.002169863185376024 
238 0.0022128428005257147 
1147 0.0022391098818630227 
922 0.002117936026907783 
1385 0.002216424606193084 
569 0.0022065746978774115 
1733 0.002121218515161624 
829 0.002183890800981539 
1798 0.002186875460533289 
1783 0.002171057006003077 
1003 0.002198814295713216 
1714 0.002145390720516078 
1639 0.0022065746978774115 
133 0.002222394332982045 
1938 0.0022262746881456952 
832 0.0021773246232453325 
339 0.0021564329642382403 
673 0.0019598477269216186 
1955 0.0021057016595522025 
413 0.002178518466086916 
1005 0.002265377990433294 
597 0.0022585123750433356 
1240 0.002139123666486149 
627 0.0021438985536052853 
1108 0.0021716539176833047 
374 0.002159118968979722 
551 0.002264482472135408 
1924 0.002138825238456164 
84 0.002172847743756753 
1132 0.002187472394877186 
393 0.002153150097483185 
543 0.002149568824157018 
1911 0.0022161261215016335 
1388 0.0022304535599375363 
1562 0.002159715861670673 
1490 0.002237318909315498 
37 0.0021803092367874864 
73 0.0022012020988968675 
1651 0.0021627003398879555 
1624 0.0021919494277798973 
1988 0.0023220958154990283 
197 0.002177623083631614 
1125 0.0022003066713403587 
412 0.002252243821465816 
1418 0.002159118968979722 
1028 0.0022185140034741914 
1648 0.0019690894303841023 
265 0.0021826969429094346 
16 0.0021973219246749815 
99 0.002247169316203015 
36 0.0021304693726713927 
792 0.002162103442290575 
518 0.0022161261215016335 
155 0.0021606112025618933 
294 0.002195829558280086 
280 0.0021791153887992585 
729 0.0022080670965090106 
1261 0.002159118968979722 
631 0.0022098579804892033 
1780 0.002159118968979722 
976 0.002173444658141851 
1721 0.0021400189522964097 
126 0.0022053807820757365 
1060 0.002186278526995579 
1940 0.002254034831566818 
1839 0.0021552391909208666 
767 0.002162998789050049 
1312 0.0021003306625710207 
570 0.002164491038473186 
840 0.002239706873773205 
1257 0.002091677646130987 
1930 0.002197023451022785 
23 0.0021576267416120033 
400 0.0021803092367874864 
131 0.0021427048250690925 
1019 0.002147778201822785 
528 0.002157029852420286 
1620 0.0022074701365419856 
855 0.00209406465273341 
199 0.002287169212652393 
1012 0.002167774008134084 
594 0.0021513594560849465 
1248 0.0021913524875073844 
620 0.0021594174152011827 
742 0.0022331399922818538 
27 0.0022507513163006134 
1025 0.002176429243389848 
1472 0.002167774008134084 
552 0.0021492703864317343 
147 0.002235229447453573 
1016 0.002197023451022785 
1894 0.002193143310646182 
17 0.0021883677978964873 
598 0.0021695647307917103 
1615 0.0022546318358696352 
1700 0.002170460095232618 
732 0.002172549286900538 
621 0.002242094846648868 
1565 0.002204485347052292 
1436 0.0021456891547244174 
50 0.002199709720542295 
1352 0.002118831247025711 
1341 0.0022531393259877007 
881 0.002046329791314566 
1974 0.002157328296890211 
1708 0.002139123666486149 
1412 0.002210454943164808 
1506 0.002177026163075949 
696 0.002300900914282506 
425 0.0021695647307917103 
1621 0.0018588546668509194 
652 0.0022546318358696352 
710 0.0023391116820220105 
542 0.0022376174044065884 
1954 0.0021400189522964097 
705 0.0022029929588614646 
107 0.002162103442290575 
511 0.0022611989133134096 
744 0.0022489603140613255 
987 0.0021662817456587096 
198 0.0022158276369699465 
813 0.0021298725341043784 
1535 0.002150762577717311 
1126 0.002204783825218531 
1091 0.0021913524875073844 
1672 0.002164491038473186 
940 0.002141511101011697 
1863 0.0021794138504766043 
72 0.0021456891547244174 
1903 0.002177026163075949 
120 0.0021877708623502896 
1936 0.002197918872536134 
240 0.002168370914759699 
296 0.0020982419739826366 
530 0.002192247898206989 
1356 0.002096153303952392 
508 0.002170758550503871 
1342 0.002128977278552822 
958 0.0021695647307917103 
1933 0.002169863185376024 
825 0.0021373331026342873 
1001 0.002167774008134084 
1972 0.002154642305794425 
1851 0.0021883677978964873 
1756 0.0020701957723759166 
1811 0.0022026944817543134 
779 0.0021647894890766215 
109 0.0021826969429094346 
970 0.002237020414358585 
678 0.0022128428005257147 
1900 0.002223588285722229 
1722 0.0021847861967029232 
618 0.00214986726214879 
1610 0.002139720523406876 
