0 198 1 4 23
5 214 7 3 108
10 416 10 1 4
11 438 2 2 4
14 173 3 1 4
16 370 1 2 4
17 131 4 5 1060
18 90 5 2 20
19 180 9 8 1970816
20 283 10 1 4
21 259 7 3 58
23 304 8 4 514
24 418 3 2 7
25 126 10 1 4
25 234 9 2 28
26 142 4 7 20635
29 40 7 1 4
30 403 5 7 124650
32 105 1 2 4
32 177 8 1 10
34 129 3 2 13
34 282 3 3 32
34 317 5 4 531
35 458 4 1 5
40 103 5 1 7
42 316 4 1 7
44 327 5 2 16
45 98 6 3 74
46 106 5 1 7
47 99 5 1 4
51 134 6 4 312
52 78 3 1 5
55 151 9 1 11
56 435 3 1 4
58 164 10 1 10
59 276 9 2 25
65 397 1 2 4
65 409 6 2 22
67 70 4 6 18461
68 221 6 2 14
68 363 9 5 3355
68 474 2 6 6012
70 505 6 1 4
76 322 1 4 26
80 420 4 5 704
82 84 4 1 4
82 488 5 3 47
83 407 1 2 4
84 257 6 1 7
85 244 6 1 7
88 404 7 3 136
89 305 10 1 4
89 349 5 3 109
94 427 3 1 4
95 486 8 3 61
97 351 5 2 10
99 154 5 2 11
103 117 2 9 867970
103 273 3 2 8
104 327 4 1 4
107 241 3 3 20
107 359 1 7 13066
109 354 9 2 44
109 408 1 8 44291
109 437 8 1 4
111 273 9 1 4
112 236 4 1 4
113 430 6 1 4
115 180 4 1 4
115 198 5 4 252
117 314 4 2 11
118 221 7 1 11
118 346 1 3 17
119 506 9 1 4
120 475 9 3 71
124 280 7 1 11
126 251 5 1 4
128 355 6 1 4
128 385 7 1 4
129 276 7 1 4
129 406 3 2 11
132 385 5 1 7
132 434 1 2 4
132 475 3 1 4
136 405 9 2 31
137 160 7 1 4
139 455 7 3 47
140 510 4 1 4
141 353 9 1 4
141 418 4 1 4
143 223 6 1 4
146 288 9 2 25
146 365 8 1 5
147 402 4 4 138
148 162 9 1 7
150 430 5 5 1595
151 285 7 1 4
151 463 2 2 4
152 433 5 1 7
153 409 1 2 4
154 273 1 2 4
154 507 9 3 58
156 507 10 1 4
159 353 5 4 546
159 451 7 1 4
161 423 7 1 4
163 333 1 2 4
164 291 4 1 4
165 484 5 2 10
165 501 6 1 4
166 170 2 2 4
169 266 2 2 8
171 319 2 2 7
171 506 10 1 4
173 266 2 6 4162
176 393 10 1 4
177 459 10 1 7
178 182 7 1 7
178 254 4 1 7
178 409 10 1 4
179 223 7 6 5805
180 346 1 2 4
180 448 8 1 8
186 237 6 2 17
189 252 2 2 4
191 352 5 1 4
191 416 6 2 16
196 439 1 2 4
198 279 5 1 4
198 353 1 2 4
198 478 1 5 663
201 238 9 1 4
202 442 1 4 58
206 410 7 1 4
208 303 10 3 218
208 506 4 2 10
218 254 3 1 5
219 498 3 8 120809
223 412 10 1 4
223 435 1 4 52
223 508 7 1 4
229 452 9 1 8
230 482 7 1 5
231 378 3 1 4
233 366 5 3 58
239 323 10 1 4
243 249 10 1 7
246 254 8 1 4
253 296 2 6 2888
256 288 7 5 3256
256 476 9 2 17
258 267 7 3 67
260 283 9 5 4162
262 299 1 6 994
264 339 9 4 277
264 473 2 2 4
266 294 7 1 10
267 475 8 1 4
269 336 7 1 4
271 489 7 1 4
272 404 3 1 4
276 335 5 1 4
277 359 7 3 64
289 366 3 8 620808
293 489 2 2 7
297 441 4 3 43
298 347 9 4 290
298 354 10 1 4
307 394 1 4 74
311 432 9 6 35301
312 409 3 1 4
313 463 6 1 4
321 365 5 4 439
322 354 10 1 5
337 451 6 2 13
338 461 5 1 4
339 475 1 3 7
341 435 10 1 4
343 415 1 2 4
349 431 10 1 4
358 432 6 1 4
360 431 7 1 7
361 510 4 1 4
368 438 1 2 4
368 482 2 3 13
370 419 9 1 7
383 387 2 2 4
386 468 9 4 901
386 482 10 1 17
389 500 10 3 65
391 429 1 2 4
395 423 5 1 7
398 413 1 3 10
400 492 6 1 7
405 474 10 4 337
455 479 2 2 4
485 501 9 1 4
501 504 4 5 2427
