0 4 2 2 4
0 17 1 2 4
0 29 10 1 4
0 47 3 3 21
0 166 8 5 2423
0 215 6 7 89280
0 321 3 1 4
0 352 1 8 45946
0 674 8 6 10772
1 7 7 1 4
1 82 2 2 4
1 135 9 1 4
1 481 5 2 9
1 705 9 7 353124
1 825 4 2 17
2 8 1 2 4
2 48 3 1 4
2 826 2 7 15125
3 24 6 1 4
3 652 5 2 14
3 817 9 1 5
4 0 10 4 792
4 50 10 2 39
4 60 7 1 7
4 64 7 3 67
4 293 10 2 48
4 517 1 6 883
4 803 1 6 1434
5 18 10 1 4
5 584 9 2 23
6 148 6 1 6
6 466 8 1 5
6 798 10 1 7
7 110 5 1 4
8 19 6 5 1336
8 32 5 1 4
8 42 7 2 21
8 273 7 2 18
8 850 4 2 13
8 902 3 5 723
9 274 10 1 13
9 572 10 1 11
10 176 5 4 323
10 523 10 1 4
10 599 9 3 83
11 204 1 4 62
12 24 7 1 4
12 55 8 1 4
12 65 7 1 4
12 128 4 2 8
12 366 2 2 5
13 320 10 1 4
14 127 9 1 4
15 352 3 1 4
15 485 1 2 4
15 659 10 3 85
15 854 6 1 6
16 132 3 5 359
16 198 4 6 6613
16 516 9 1 13
16 806 8 1 4
17 48 10 3 67
17 129 7 3 63
18 215 7 1 4
18 290 10 1 9
18 645 6 1 4
20 1 8 5 1768
20 323 5 2 11
21 116 10 3 114
21 308 4 1 4
22 24 8 1 4
22 97 3 1 4
22 107 5 2 13
22 133 1 2 4
22 331 3 4 118
22 565 9 1 4
23 328 6 5 1832
23 886 1 2 4
24 533 2 2 4
24 781 6 2 21
24 786 8 2 17
26 22 8 3 153
27 130 8 1 12
29 1 4 1 4
29 327 9 1 6
30 21 4 5 599
30 52 8 5 3048
32 33 4 1 4
32 72 7 1 4
32 196 1 2 4
32 204 4 3 26
32 388 8 2 30
32 414 8 1 14
32 612 8 1 4
32 641 7 1 4
32 803 4 3 48
32 960 5 4 211
33 898 1 3 12
33 945 2 2 4
34 292 2 3 16
34 324 3 1 3
35 266 10 1 4
35 551 3 2 7
35 689 2 3 17
36 448 10 1 9
36 858 9 1 7
37 13 10 6 40824
37 594 7 1 4
37 640 8 1 7
39 48 5 2 17
39 520 10 8 1568199
40 20 7 2 14
40 39 8 1 4
40 65 5 1 4
40 528 3 1 4
40 605 6 2 11
40 840 8 1 4
41 96 5 2 10
41 276 1 4 87
41 987 9 1 4
42 329 4 1 7
42 411 10 2 32
42 839 7 2 17
44 12 1 2 4
44 47 7 1 4
45 23 10 1 14
45 50 9 3 163
45 74 7 9 9960457
45 808 6 1 4
47 1022 9 1 4
48 67 5 1 4
48 193 2 5 256
48 646 6 1 4
48 843 7 5 1586
49 17 1 4 69
49 313 9 1 4
50 528 8 1 4
52 188 3 3 20
52 899 7 1 12
54 718 7 4 190
56 89 6 1 6
56 267 4 1 4
57 33 7 1 7
57 128 1 3 9
59 58 2 2 4
59 292 3 5 1704
60 3 4 6 18213
64 194 6 2 27
64 481 9 1 12
64 686 6 1 10
64 780 9 4 567
64 790 1 2 4
65 25 8 1 4
65 241 1 6 1711
65 421 6 1 4
66 140 10 1 7
67 840 2 3 15
68 153 4 4 111
68 322 3 1 4
69 466 6 1 4
70 608 4 1 4
70 642 7 1 4
70 646 10 1 4
71 409 9 1 4
72 8 7 2 32
73 870 7 1 4
74 548 10 1 4
74 768 10 1 9
76 84 10 1 4
76 586 5 1 7
77 267 10 1 12
77 456 5 2 15
79 165 1 2 4
79 386 5 3 105
80 0 2 2 7
80 528 3 3 30
80 677 6 1 4
80 920 1 2 4
81 807 1 2 4
81 852 3 3 52
83 304 10 6 9900
84 74 9 3 181
84 216 2 2 4
87 512 2 2 4
89 2 8 1 7
90 977 7 1 4
91 951 7 1 12
92 91 8 1 4
94 869 3 1 4
94 954 5 3 35
95 20 3 6 2126
95 34 8 3 86
96 103 2 4 65
96 208 5 1 4
96 220 7 3 61
96 276 9 1 7
96 304 3 3 29
96 321 5 4 241
96 356 7 1 4
96 820 4 8 238240
97 48 6 1 4
97 525 10 1 12
98 352 6 4 423
99 117 5 2 10
100 768 4 1 4
101 161 9 1 4
101 392 3 3 26
104 28 3 1 4
104 48 9 1 4
106 516 8 1 4
108 133 6 3 66
108 825 4 1 6
112 1 4 2 16
112 3 9 3 59
112 165 4 3 52
114 872 8 1 4
116 33 2 2 4
117 106 4 1 4
117 803 9 3 54
118 565 8 1 4
119 446 8 3 85
120 76 5 1 5
121 536 3 1 4
122 24 10 2 44
128 1 4 1 4
128 208 2 2 6
128 375 3 1 4
128 770 8 1 7
128 806 7 1 4
129 0 3 1 4
129 163 10 1 4
129 584 5 3 45
130 272 5 1 4
130 273 1 6 1693
130 520 5 3 44
130 532 9 1 4
132 6 9 1 10
133 614 7 1 5
134 377 4 5 681
134 390 3 1 4
134 516 9 4 716
135 258 4 2 20
136 39 7 3 72
136 160 6 1 4
136 610 9 1 14
136 831 7 1 11
137 148 10 1 4
137 678 1 2 4
138 415 2 2 4
140 143 5 1 4
140 464 3 1 4
140 724 1 2 4
141 2 7 4 583
141 521 2 2 4
141 954 6 1 4
142 641 6 1 4
143 286 7 3 103
144 18 7 6 4886
144 68 8 1 9
144 248 4 1 7
144 800 8 1 7
145 1 10 4 580
147 522 4 1 4
148 139 4 4 123
148 464 1 6 1252
148 912 8 1 4
149 649 4 4 238
151 207 5 1 4
153 151 8 1 4
153 171 8 1 7
153 833 8 1 4
156 54 4 1 4
156 814 4 2 11
160 34 7 1 4
160 644 3 1 4
161 326 10 1 4
161 898 4 3 44
162 290 8 1 4
162 517 6 1 6
164 34 6 7 59824
164 87 10 1 4
164 217 2 2 4
164 264 4 1 4
167 712 9 7 72232
168 67 3 6 3113
168 68 7 1 4
168 98 8 3 106
169 514 10 1 4
172 569 3 2 14
172 664 9 1 4
176 32 3 1 4
176 270 4 1 4
177 560 4 4 352
178 100 1 3 9
178 797 5 1 4
180 152 6 2 15
180 600 2 3 12
181 964 7 1 4
182 672 1 2 4
184 141 9 5 1515
184 664 9 1 4
185 5 4 4 95
185 391 9 1 4
192 52 3 3 27
192 72 10 1 4
192 388 9 1 15
192 713 2 6 6395
193 131 7 1 4
193 775 2 3 13
197 100 4 2 16
198 3 7 1 4
200 146 5 1 5
201 39 7 1 4
201 140 10 1 4
209 513 6 2 21
209 564 10 2 19
212 69 10 1 4
213 64 10 1 4
216 66 2 3 11
216 792 2 2 4
218 86 10 2 23
220 176 8 1 9
222 852 5 4 491
225 257 5 1 6
225 316 6 1 4
226 35 6 1 4
226 157 1 4 70
227 592 4 6 5585
228 294 3 3 16
234 917 8 6 22898
235 645 8 1 4
237 91 3 1 4
238 620 8 1 4
238 642 6 1 4
239 370 3 3 28
239 560 1 2 4
241 206 3 1 4
241 245 2 2 4
242 156 5 6 12519
244 33 2 2 4
244 932 8 1 4
246 64 10 4 401
248 902 2 3 21
250 46 8 1 13
256 992 4 1 4
257 912 9 1 14
258 34 6 1 4
259 165 7 1 4
259 226 10 1 7
260 256 9 3 67
260 295 4 4 225
260 678 5 1 7
261 72 6 1 9
261 995 2 2 6
262 134 4 2 9
262 193 1 2 4
262 1013 8 1 14
264 1 7 1 4
264 320 1 4 52
266 272 10 8 638009
266 336 7 3 73
268 34 9 2 24
268 577 2 2 4
269 444 8 3 77
270 73 1 2 4
272 41 9 1 6
272 225 2 2 5
272 234 1 9 1343445
272 520 3 4 312
272 899 7 6 29378
273 581 10 6 17870
274 98 4 5 2180
275 116 8 1 4
275 485 4 1 5
275 512 8 1 14
276 538 6 1 4
277 8 3 2 6
280 36 8 1 5
280 600 5 1 4
280 674 2 3 15
282 787 3 5 367
286 624 6 2 24
287 448 9 6 14849
289 345 6 3 77
289 472 2 3 12
289 648 7 2 32
291 32 4 1 4
292 524 9 2 16
292 593 6 3 101
294 27 5 1 4
294 742 10 1 16
296 260 1 2 4
296 409 5 2 17
296 516 10 5 1504
297 544 10 1 7
298 75 4 6 4202
299 291 3 3 18
300 140 1 2 4
301 274 1 3 18
303 292 8 1 14
304 8 5 1 4
304 106 1 3 7
308 832 2 4 218
310 44 6 6 8271
315 739 7 1 4
320 315 5 1 4
320 428 4 1 4
320 468 9 1 9
321 4 5 1 4
321 768 8 3 88
322 0 1 3 7
322 416 5 2 23
323 360 4 3 82
324 167 5 1 5
324 179 8 1 6
325 74 9 2 16
326 280 6 3 40
327 698 2 3 41
328 853 2 2 4
329 258 7 2 21
332 456 9 6 6796
334 265 8 1 4
338 33 6 1 7
338 160 2 3 39
340 106 3 2 7
340 704 2 2 4
341 576 10 1 5
342 15 2 2 8
342 536 5 7 118254
343 475 2 7 62584
347 296 3 1 4
348 128 8 5 2928
348 395 2 6 3541
352 419 1 2 4
352 680 9 2 16
352 860 6 1 4
353 389 10 1 3
354 25 7 1 4
355 134 8 1 4
356 800 2 2 4
357 641 10 1 9
358 168 1 2 4
360 810 2 2 8
363 162 5 2 22
364 740 8 1 4
368 925 1 2 4
380 339 3 3 28
382 562 3 3 16
384 332 4 1 4
384 423 6 1 4
384 481 2 2 4
384 597 7 2 25
384 841 9 1 9
385 213 4 4 246
385 214 1 2 4
386 681 6 2 22
386 849 7 1 4
386 912 8 2 23
387 297 3 1 4
391 8 8 3 45
391 461 10 1 7
391 800 9 1 7
392 553 9 6 8709
395 647 7 3 44
396 960 9 1 4
397 132 1 9 403873
400 10 3 8 419726
400 144 4 1 4
401 673 5 1 4
402 769 7 1 9
409 417 5 2 12
409 888 4 3 24
412 6 5 1 4
413 640 1 6 3137
415 101 8 2 21
416 279 10 3 102
416 292 1 3 7
416 832 2 2 4
419 7 6 3 75
419 844 3 1 4
420 32 5 1 4
420 288 3 2 12
421 400 10 1 4
422 736 5 3 50
423 651 7 1 4
425 746 8 1 5
426 644 10 5 1505
427 580 2 2 4
428 194 9 1 10
428 880 1 2 4
430 203 7 6 7775
433 197 5 5 2452
436 641 10 1 12
437 2 3 2 6
444 769 2 2 7
448 92 9 1 7
448 513 2 3 27
448 655 9 2 19
449 321 8 1 4
452 48 5 1 4
453 661 7 1 4
454 437 1 4 38
456 774 2 4 211
457 906 1 7 19832
458 743 9 1 7
460 462 7 1 7
462 516 3 7 19446
463 916 10 3 80
465 902 1 2 4
472 256 8 1 4
473 800 5 3 47
480 731 4 1 4
480 928 9 3 106
482 64 7 1 4
482 208 7 1 4
482 285 10 2 32
485 134 5 2 11
489 64 3 1 4
504 267 4 3 81
512 1 4 1 4
512 65 10 1 4
512 96 2 3 35
512 514 6 1 4
512 522 5 1 4
512 685 5 1 7
513 42 5 1 7
513 65 4 1 6
513 112 3 1 4
514 4 8 5 1718
514 452 4 5 990
515 93 2 4 106
515 273 10 3 96
516 33 5 1 4
516 69 2 2 4
516 582 5 8 236363
517 8 7 1 4
517 34 1 4 89
517 132 9 1 4
517 525 4 1 4
517 534 10 7 65661
517 672 6 1 4
518 41 9 1 7
518 66 3 4 85
519 517 2 3 12
520 164 10 1 11
521 81 7 6 26037
521 450 5 2 16
521 609 9 2 25
522 121 8 1 3
522 652 5 4 161
524 159 2 7 14487
524 520 9 1 4
525 820 3 1 4
526 548 2 2 7
526 776 3 1 4
528 156 8 3 95
528 582 7 1 4
528 720 2 2 4
528 801 5 1 4
529 260 2 2 4
529 737 9 1 4
529 836 7 1 4
530 20 5 1 4
530 278 6 3 63
530 325 2 4 135
530 696 6 1 4
532 11 10 1 8
533 5 3 1 4
535 10 9 1 4
536 10 2 4 98
536 687 2 2 4
537 257 4 1 4
538 74 10 1 5
540 256 2 2 4
544 160 3 2 6
544 551 9 1 4
544 597 1 2 4
545 520 4 2 11
546 2 1 2 5
546 612 4 9 8510293
546 650 2 3 17
546 758 2 4 55
546 900 7 6 29153
547 577 8 8 2132623
548 577 2 3 21
548 586 6 1 7
550 800 1 2 4
551 40 8 1 4
552 932 2 2 4
554 137 5 1 5
556 409 9 1 4
557 15 10 1 4
557 400 7 1 7
557 557 2 3 32
560 18 6 1 4
560 96 5 3 44
560 104 10 1 17
560 354 6 1 4
562 162 5 3 44
563 20 2 2 4
563 410 9 1 4
566 4 1 3 18
571 457 4 1 4
572 64 9 1 4
572 257 5 1 4
574 696 9 4 618
576 4 7 1 4
576 5 3 4 208
576 76 6 1 4
576 172 1 2 4
576 228 4 1 4
576 525 1 2 4
576 547 2 3 11
577 292 1 4 103
577 401 3 1 4
577 577 7 3 60
577 997 5 1 3
578 136 7 5 1962
578 575 5 1 7
580 64 8 1 4
580 528 1 2 4
580 598 5 1 4
581 645 10 5 2359
583 129 9 1 4
584 432 8 1 7
584 833 10 1 4
585 64 5 1 4
585 217 5 1 4
586 64 6 1 7
586 658 6 1 4
590 300 1 10 21560828
590 520 9 2 17
592 528 4 2 19
593 429 9 1 4
595 58 9 1 4
595 557 5 3 33
596 11 8 1 11
596 91 6 1 7
596 154 6 2 24
596 385 3 1 3
599 569 9 1 11
600 575 5 5 1883
602 480 9 1 4
604 1006 1 2 4
607 288 3 5 1565
608 176 2 2 6
608 648 6 3 76
611 125 1 4 77
614 265 2 2 6
616 81 10 1 4
616 450 8 2 24
618 70 2 2 6
618 1004 9 1 6
619 76 5 5 1187
625 5 8 4 344
626 8 4 5 841
626 114 4 5 852
626 528 3 7 18002
627 3 8 8 990009
629 446 8 1 4
629 528 10 3 95
633 812 6 1 4
635 546 3 1 4
637 73 9 2 21
638 161 6 1 4
640 16 1 3 8
640 160 9 1 4
640 258 6 4 176
640 369 4 2 10
640 467 7 1 4
640 659 2 2 4
640 938 5 1 4
641 192 10 1 4
642 562 7 2 29
643 73 6 4 161
643 775 3 5 507
644 660 6 2 11
644 769 7 4 219
645 963 10 1 4
646 388 8 1 4
648 98 8 2 28
648 369 5 1 4
648 512 3 1 4
648 694 2 2 4
648 769 2 2 7
649 48 3 2 13
650 216 10 1 4
655 761 5 1 4
658 10 8 1 4
658 26 1 3 11
660 648 4 1 4
661 608 6 1 4
665 260 2 2 7
672 514 8 7 42377
672 717 8 1 4
673 656 5 1 4
675 470 5 4 180
677 121 3 1 4
678 237 1 3 7
680 20 5 2 16
680 39 4 1 6
680 105 6 6 16046
681 6 2 5 961
682 14 3 1 4
689 80 2 4 72
690 110 3 2 7
692 260 6 1 4
693 397 1 2 4
693 522 1 2 4
694 6 10 1 4
694 768 1 4 78
694 931 8 1 10
694 976 2 5 442
697 710 2 3 11
700 229 6 3 100
700 864 8 1 4
701 941 10 1 5
704 76 9 1 4
704 135 9 1 4
704 370 9 1 4
704 673 6 1 6
705 596 9 1 4
705 854 9 8 1835914
706 17 10 1 4
709 325 5 1 4
709 843 4 1 4
712 35 6 1 4
712 141 3 1 4
716 339 2 3 17
720 7 10 3 135
721 104 2 2 4
721 170 10 2 23
721 584 7 5 1334
722 100 2 2 4
722 258 4 5 2037
725 44 9 9 6707012
728 712 3 2 11
737 64 4 1 4
738 970 8 1 9
740 801 9 1 10
742 97 2 2 4
744 124 4 7 71722
745 63 4 3 41
746 386 6 1 4
752 261 7 1 4
752 494 1 2 4
760 220 1 2 4
760 300 2 2 7
765 513 8 1 4
768 326 2 2 4
768 926 10 1 4
769 34 10 5 6610
771 128 7 1 4
772 0 4 2 12
772 32 2 4 195
775 48 10 2 21
777 318 6 1 4
777 539 10 1 4
778 330 10 2 43
778 707 1 2 4
780 14 10 1 4
780 707 2 5 731
781 496 8 3 62
784 1 7 1 4
784 569 1 2 3
784 604 9 1 4
785 257 10 1 4
786 576 8 1 4
788 324 9 1 6
788 332 8 3 65
793 52 8 1 4
793 628 5 1 4
795 422 10 7 60956
798 776 8 3 163
800 9 7 2 14
800 45 4 1 4
800 73 6 3 108
801 312 1 4 93
801 642 2 4 60
802 660 8 1 11
806 43 7 1 4
806 134 8 8 332964
806 480 3 1 4
808 526 2 2 7
810 17 4 1 4
814 264 10 4 548
816 18 10 3 131
818 253 2 4 48
824 392 8 1 9
828 592 1 8 77811
832 21 5 1 4
832 281 3 2 7
832 427 4 1 4
832 548 4 2 9
834 32 2 4 49
836 86 6 1 4
836 388 3 1 4
836 485 1 2 4
839 21 2 2 4
840 96 3 2 6
840 545 7 1 7
842 132 7 1 4
842 200 3 1 4
845 624 7 1 4
848 313 4 1 4
849 1018 3 5 1509
870 6 3 1 4
872 50 7 2 30
873 9 10 1 4
875 164 7 6 9481
880 611 6 1 4
884 802 3 1 4
894 392 5 5 1312
896 330 4 2 20
896 868 7 1 4
897 115 1 3 13
902 131 9 1 4
902 420 10 1 5
904 112 10 2 25
904 552 4 5 1103
904 929 4 4 191
905 540 4 3 54
906 210 9 8 1017945
908 456 7 1 12
910 614 3 3 17
911 896 2 2 4
912 388 2 2 5
914 669 10 2 18
914 968 5 1 4
917 912 5 2 25
921 272 3 1 4
922 8 5 5 1789
922 784 5 2 22
924 33 3 1 4
928 384 2 3 14
928 516 3 4 263
929 10 2 2 10
929 257 1 8 103919
930 720 7 4 449
931 657 10 1 4
938 316 10 1 4
940 512 7 4 208
945 456 3 1 4
948 9 8 1 4
951 818 3 7 111753
952 37 1 2 4
960 358 1 2 4
965 937 10 5 4750
966 197 1 8 50211
968 51 2 2 4
968 360 9 3 61
969 769 9 4 768
971 566 8 1 4
975 205 9 7 173601
976 779 3 2 6
977 34 10 3 202
984 324 7 1 4
984 483 2 3 15
985 268 1 8 55020
987 962 7 6 15266
988 366 7 2 24
996 36 8 1 9
996 836 6 1 6
1000 260 2 1 3
1002 652 10 1 7
1002 912 10 1 9
1021 643 5 5 1312
