0 18 6 1 4
0 112 3 2 7
0 150 6 2 14
0 166 3 8 937026
0 265 9 1 4
0 321 9 1 4
0 415 3 3 24
0 670 1 5 328
0 674 3 3 16
1 535 8 1 4
1 565 3 3 28
1 705 5 1 4
1 920 3 4 75
2 0 2 2 7
2 132 6 1 4
2 260 10 7 49762
3 24 4 5 463
3 592 10 1 4
4 50 7 3 46
4 284 6 1 4
5 216 9 3 60
5 584 3 3 36
6 148 3 3 16
6 259 6 4 325
7 715 8 1 3
8 2 4 1 4
8 42 4 3 30
8 58 7 1 10
8 642 4 1 4
8 850 7 4 548
9 39 2 2 10
9 416 6 2 13
9 823 1 5 152
10 208 8 1 13
10 523 5 1 4
11 204 8 1 14
11 586 6 1 5
12 24 8 1 12
12 55 9 1 13
12 116 4 3 81
12 128 5 1 4
12 634 2 2 5
14 152 9 1 4
14 210 5 1 5
15 485 10 1 4
16 148 1 2 4
16 516 6 1 7
17 48 4 3 23
18 645 10 1 7
19 24 4 1 4
20 786 7 1 4
22 107 9 1 4
23 770 7 1 7
24 781 5 1 4
24 786 8 1 8
26 22 9 3 90
26 801 3 4 184
27 130 10 1 4
27 210 2 2 4
27 547 4 1 5
27 549 7 1 4
28 72 2 2 5
28 146 7 2 14
28 203 5 2 10
28 624 5 3 36
28 647 10 1 11
29 1 6 1 4
29 532 10 1 4
30 21 3 2 11
30 52 5 1 4
31 77 7 3 67
31 561 1 2 4
32 16 2 2 7
32 42 3 2 7
32 72 10 1 4
32 204 8 1 4
32 211 8 1 7
32 388 5 1 4
32 414 8 1 4
32 848 2 5 780
33 277 2 2 4
33 785 7 5 3525
33 898 2 2 4
33 945 8 1 4
34 144 8 1 4
34 561 1 3 7
34 663 6 1 4
34 720 4 1 4
34 800 6 1 7
35 266 2 2 4
35 689 3 2 8
36 12 10 1 4
36 257 8 5 2714
36 288 1 3 14
36 448 10 6 8651
36 555 6 1 4
36 858 4 1 4
37 13 3 3 26
37 520 8 1 4
37 594 4 1 7
37 640 9 4 555
39 3 7 1 4
40 20 5 1 8
40 65 7 1 11
40 605 6 7 57768
40 761 6 1 4
41 276 4 1 4
41 321 8 4 724
41 513 6 2 16
42 42 6 4 224
42 778 2 3 40
42 839 9 1 4
44 10 8 3 44
45 23 2 3 12
45 74 3 4 92
45 615 9 1 4
47 80 8 3 60
48 67 3 1 4
48 226 7 2 22
48 708 9 4 877
48 789 2 6 2213
49 4 4 3 37
50 9 3 3 17
50 113 8 1 4
51 70 8 1 4
51 377 2 2 4
51 516 1 3 11
53 146 9 1 4
54 718 5 1 4
55 278 2 2 4
56 472 9 2 25
57 5 6 1 4
59 292 1 3 11
61 644 3 1 4
62 612 8 3 46
64 1 8 1 7
64 514 2 3 13
64 780 3 2 7
65 25 1 4 31
65 96 1 2 4
65 218 6 3 53
65 241 6 1 4
65 265 4 4 397
65 421 7 1 4
66 140 2 4 111
67 16 5 1 4
67 453 5 1 4
67 482 10 1 7
68 153 4 6 9564
68 226 1 2 4
68 284 3 1 4
68 576 5 2 25
69 529 5 2 11
70 608 4 1 7
70 672 2 8 228164
71 1 10 3 58
71 409 3 1 4
72 280 10 4 456
72 961 7 4 599
76 133 1 2 4
76 855 2 4 52
78 517 9 1 8
80 132 4 1 4
80 528 9 1 11
82 280 4 1 4
83 124 4 1 4
83 784 9 1 5
84 64 4 1 3
85 65 3 6 7266
87 353 1 3 14
87 462 9 1 4
87 515 3 4 329
89 2 9 1 4
90 988 3 1 4
91 154 7 1 7
92 91 6 1 4
93 134 5 3 38
93 669 2 3 18
94 954 9 2 37
95 34 9 1 10
96 304 4 6 8613
96 356 6 2 17
96 776 9 1 4
97 48 5 1 4
97 167 9 1 3
97 195 6 1 4
97 473 9 1 10
97 525 6 1 4
98 352 2 4 156
98 671 9 4 408
98 928 6 3 114
99 117 3 5 745
100 901 4 6 3347
101 70 10 1 4
101 124 2 2 4
101 161 1 4 106
101 169 2 4 188
102 6 1 2 4
102 166 2 2 7
102 264 10 1 4
104 48 9 4 853
104 673 9 1 4
105 3 10 2 22
105 296 4 1 4
105 779 2 6 5142
106 516 7 1 4
106 652 5 1 4
107 3 8 3 137
107 129 5 1 4
112 3 8 1 4
112 84 1 4 34
114 68 3 1 4
114 497 3 5 1345
114 872 8 1 4
116 33 4 1 4
118 565 5 1 4
121 536 1 7 24841
122 185 2 7 11571
122 294 2 3 22
124 304 5 1 4
128 58 2 2 4
128 320 10 6 7868
128 362 2 6 2033
128 375 9 1 4
129 10 8 6 7074
129 39 6 8 241340
129 163 1 3 7
130 540 7 3 40
130 772 1 2 5
131 581 3 2 8
132 17 3 3 38
132 372 2 2 4
132 713 10 6 11016
133 23 6 1 4
134 224 7 1 8
134 377 5 2 22
134 768 2 3 19
136 482 5 2 16
136 610 4 1 5
136 657 4 1 4
137 259 5 1 4
137 778 8 1 4
138 590 4 3 74
139 865 9 1 13
140 135 8 1 4
140 724 7 1 4
141 2 2 5 390
143 116 8 2 16
143 144 6 1 5
143 286 6 2 20
144 68 2 5 798
145 576 5 1 4
146 69 7 6 7698
147 513 3 1 4
148 912 7 1 4
150 656 4 6 5503
151 207 6 4 241
153 171 2 6 2369
156 814 3 6 6202
160 81 6 1 3
160 144 8 2 17
161 21 4 6 12309
161 40 7 1 8
161 717 5 2 16
161 898 8 1 4
162 306 8 1 4
163 227 10 1 4
163 601 2 2 8
164 38 3 1 4
164 87 4 1 4
164 646 9 4 437
167 104 7 3 90
167 384 5 6 15581
167 456 1 2 4
167 712 8 6 5740
168 8 9 1 4
168 98 9 5 4101
171 144 4 2 19
176 32 3 1 4
176 137 7 1 4
177 280 5 1 4
180 19 10 1 4
181 964 3 8 161521
184 141 6 1 4
184 161 1 3 14
184 664 1 2 5
185 5 9 1 8
187 800 8 4 351
192 43 7 6 12804
192 52 9 3 107
192 388 3 1 4
192 392 7 1 5
192 713 4 2 13
193 8 6 5 1027
193 28 6 3 37
193 422 1 3 20
193 775 5 2 11
194 677 2 5 328
196 81 4 1 4
197 61 7 1 4
197 100 4 2 20
197 297 4 1 4
197 592 10 1 4
198 3 8 1 5
198 812 4 6 4672
200 445 10 3 155
200 924 3 1 4
201 39 10 1 7
201 140 10 3 145
202 11 8 5 3419
206 530 1 2 4
208 88 6 1 5
208 534 6 2 11
209 55 3 2 7
209 564 7 6 5296
210 1 1 5 311
212 34 10 3 143
212 112 8 3 65
216 792 1 3 10
217 923 6 1 4
218 86 9 1 4
220 658 3 2 11
225 316 6 1 4
226 35 4 1 4
228 294 3 2 7
232 5 7 1 5
233 912 9 1 7
233 973 7 1 10
237 91 3 2 11
238 620 1 2 4
238 642 3 7 27779
239 370 7 1 4
240 914 7 3 72
245 705 4 1 4
246 64 9 1 8
248 0 1 2 4
256 1 4 6 3894
256 4 5 1 4
256 5 1 3 7
256 68 8 1 4
256 69 2 4 116
256 97 5 1 4
256 344 1 2 5
256 416 1 2 4
256 522 5 1 4
256 772 2 9 4076487
257 544 10 5 1562
257 912 7 2 14
257 920 4 1 4
258 34 2 3 17
258 36 1 8 59536
258 265 6 2 17
258 673 6 1 4
258 810 8 3 139
259 165 5 1 4
260 131 3 2 7
261 8 2 7 74899
261 72 3 4 137
261 672 8 6 38912
262 32 5 1 4
262 193 5 1 8
262 256 9 1 4
264 1 8 1 4
264 4 6 4 481
264 296 4 1 4
266 56 2 5 261
266 504 6 1 7
267 523 4 1 7
267 581 10 1 4
268 577 8 2 22
270 73 1 3 17
272 41 4 3 84
272 162 10 1 5
272 684 1 3 8
273 47 6 1 4
273 581 8 3 158
274 334 7 1 4
275 116 10 1 7
275 485 5 6 8620
275 512 9 1 4
277 8 10 1 5
277 128 2 2 4
277 385 8 1 4
278 258 2 2 4
280 82 8 3 75
283 514 4 2 8
284 835 5 1 4
285 104 1 2 4
288 292 1 6 1522
288 341 10 7 54966
289 36 9 2 16
289 468 9 9 3436968
289 472 6 6 7269
289 648 4 1 4
289 753 1 2 4
289 788 5 1 5
290 0 1 3 22
290 328 6 1 4
291 768 4 1 4
292 134 1 5 146
292 162 10 1 4
292 524 8 1 4
292 593 3 6 2326
293 256 8 4 532
294 27 6 2 21
294 742 2 2 4
296 231 2 2 5
296 260 3 4 102
296 336 10 1 4
297 325 7 1 5
297 389 8 1 4
300 140 6 3 73
301 777 1 2 4
303 292 7 1 11
304 42 2 3 19
304 63 9 1 4
304 212 4 1 4
304 292 2 2 4
306 36 2 4 54
306 550 7 1 4
308 640 6 5 1759
309 77 7 1 11
314 109 6 2 14
314 156 7 1 4
320 29 3 4 133
321 262 8 2 19
322 272 7 7 97292
322 902 7 1 4
324 200 10 3 62
324 513 8 1 10
325 145 8 1 4
325 614 2 2 4
325 720 4 1 7
327 698 8 1 4
329 258 10 3 74
330 8 1 2 4
332 643 1 2 4
335 391 1 4 50
336 632 8 1 3
337 352 6 1 4
337 833 3 3 19
338 33 2 2 5
340 704 6 4 596
342 15 9 2 16
342 168 6 3 114
346 89 7 2 31
347 296 7 1 5
347 313 8 1 4
352 860 3 7 34762
353 138 8 1 4
353 684 10 1 12
354 25 1 3 7
354 836 9 1 8
357 690 1 2 4
358 168 4 6 6887
360 555 7 1 4
360 810 1 3 10
371 112 2 3 16
371 772 10 1 7
381 531 7 1 10
382 562 10 1 13
384 5 2 2 7
384 332 4 3 25
384 481 9 3 114
384 571 3 2 11
385 213 2 5 238
385 513 1 3 7
385 563 3 3 18
386 160 4 1 5
386 275 8 4 257
386 681 9 6 8818
386 849 4 2 13
387 147 1 6 1204
389 596 9 5 1374
391 800 2 2 4
392 336 6 2 16
392 553 10 1 7
393 577 9 1 4
394 80 1 5 660
395 4 8 1 7
396 536 1 2 4
396 546 4 1 4
397 305 5 1 3
397 518 6 6 5921
399 9 1 5 131
403 20 8 1 7
404 209 5 1 4
404 298 4 6 9444
406 677 3 8 165710
406 928 3 1 5
408 66 10 4 776
410 520 10 1 4
415 101 7 2 18
416 279 9 1 10
420 288 1 4 50
420 538 1 2 4
423 384 3 1 4
424 481 2 2 4
425 261 3 2 8
428 32 2 4 62
428 194 4 1 4
433 197 7 1 10
437 2 1 3 13
448 92 6 6 5899
452 205 3 1 4
453 368 8 8 541669
453 661 8 1 5
454 634 8 1 4
454 782 2 2 4
455 640 3 5 399
458 101 2 6 2446
458 743 4 3 24
460 566 5 3 54
461 625 7 1 7
462 641 7 1 4
464 928 5 4 371
465 531 6 1 4
465 761 4 1 4
465 902 9 1 4
466 58 8 1 4
467 211 2 2 4
467 300 6 1 4
480 0 9 1 4
482 285 5 3 40
488 334 3 1 4
488 565 5 1 4
496 433 1 3 7
496 978 7 1 7
501 519 7 2 22
512 5 4 3 30
512 36 7 1 7
512 96 6 1 4
512 438 1 2 4
512 522 5 1 8
513 100 6 1 7
513 340 1 3 7
513 644 6 1 4
514 452 9 6 23966
514 780 2 5 597
515 93 4 1 4
516 169 1 2 4
516 357 6 3 44
516 385 6 1 5
516 785 6 1 7
517 3 2 2 4
517 8 7 1 7
517 132 2 3 16
517 177 3 1 4
517 233 8 1 4
517 281 3 1 4
517 534 1 4 48
518 0 5 1 4
518 41 2 2 4
518 66 10 1 4
519 944 2 2 10
519 967 5 3 96
520 94 8 6 26233
520 296 6 1 4
520 436 10 4 820
520 812 5 2 22
521 131 5 1 4
522 652 8 1 3
525 134 5 1 4
525 820 5 1 4
526 548 8 3 106
527 713 8 1 4
528 10 7 1 4
528 97 3 2 7
528 144 5 1 4
528 156 1 2 4
528 344 6 10 169046837
528 580 5 9 10153000
528 582 1 3 8
529 16 3 1 4
529 423 3 1 3
529 517 10 1 3
530 86 6 3 37
530 132 4 3 40
530 278 10 1 4
532 134 10 1 4
532 853 7 4 163
534 786 1 2 4
534 932 8 1 4
536 10 4 1 4
536 687 9 5 3821
536 902 9 1 8
537 257 6 3 39
537 478 4 1 7
538 84 3 4 101
538 820 5 3 41
540 481 3 3 42
541 344 8 1 10
544 6 9 3 79
544 160 10 1 4
544 416 10 1 10
544 551 9 2 19
544 718 1 2 4
545 914 5 1 4
546 612 9 2 30
546 650 8 1 4
547 265 2 4 47
549 97 9 2 17
550 36 7 6 9815
551 40 5 1 4
551 89 3 1 4
552 932 8 1 4
554 137 3 1 5
555 418 3 3 30
556 409 8 1 4
557 6 6 9 5561804
557 15 7 1 4
557 770 8 2 21
557 938 3 1 5
560 18 9 1 10
560 168 1 5 163
561 10 8 3 46
561 444 5 1 4
561 521 9 1 7
561 786 9 1 10
562 162 10 1 4
563 20 3 1 4
563 410 4 5 570
565 105 6 1 7
566 4 3 1 4
566 44 9 2 42
566 132 10 1 4
569 385 7 1 4
576 76 1 3 7
576 133 1 6 1118
576 172 3 3 21
577 236 10 1 4
577 997 5 3 33
578 120 6 3 44
579 80 9 5 1053
579 136 5 1 5
579 789 3 1 4
580 528 5 1 4
585 64 10 1 5
585 208 9 1 7
585 217 9 1 4
585 389 1 6 1976
590 276 6 1 4
590 300 5 10 661074330
591 147 10 1 4
592 148 2 7 78828
592 528 2 2 4
592 566 4 1 4
595 58 3 6 9029
596 11 1 4 113
599 92 1 2 4
600 575 1 3 8
601 335 4 1 4
602 480 10 2 24
606 281 10 2 25
608 176 1 2 5
608 576 3 1 4
609 28 2 2 4
609 210 9 4 473
609 526 8 1 7
611 125 9 1 8
612 170 4 1 4
613 840 1 3 14
616 450 2 2 4
617 374 10 1 4
618 70 9 1 5
619 140 8 1 4
626 8 7 1 4
626 104 6 1 4
626 528 9 2 16
627 977 3 2 11
629 528 10 3 80
632 18 5 1 4
635 546 6 1 8
640 4 2 3 19
640 16 5 1 4
640 160 8 1 4
640 258 7 1 4
640 369 10 1 16
640 525 3 3 26
640 659 7 3 42
640 732 10 1 4
640 952 1 2 4
642 512 2 6 3566
642 562 10 5 1639
644 387 4 8 212482
644 769 2 2 10
645 4 6 1 4
646 388 2 2 5
648 98 3 1 4
650 953 8 1 7
652 257 2 2 4
656 3 2 5 366
658 226 3 2 11
660 36 9 1 4
660 52 1 2 4
660 85 5 2 16
664 205 10 1 4
664 539 8 1 4
664 781 10 1 4
668 749 5 1 4
672 129 4 4 407
672 717 7 1 5
674 259 2 2 4
674 401 7 5 1660
675 257 4 2 8
677 121 1 7 6244
677 641 5 2 22
680 540 1 2 4
681 6 6 1 4
682 14 6 1 4
684 1008 3 2 7
689 80 9 1 5
692 914 9 1 4
693 522 7 1 4
695 585 8 1 4
697 710 6 1 7
701 941 2 2 4
704 34 5 4 333
704 135 2 2 4
704 370 7 2 16
704 514 8 2 39
705 854 9 6 9968
706 17 10 5 4933
709 325 2 2 4
711 19 10 1 4
713 593 5 1 4
713 837 10 4 264
716 98 2 4 62
716 339 5 2 15
716 842 10 1 4
720 7 10 1 3
721 0 4 5 761
721 170 7 2 24
721 584 5 7 32325
722 100 5 1 4
722 258 8 1 4
722 393 7 1 4
722 398 3 1 4
723 142 1 3 14
724 20 1 5 129
725 44 1 2 4
725 65 1 3 8
737 25 5 1 4
737 64 8 1 4
737 288 6 3 55
741 260 4 4 125
742 97 5 3 48
743 787 5 1 4
744 124 4 5 963
751 506 9 7 343585
752 261 3 3 47
752 494 7 1 4
754 32 9 3 188
760 40 3 3 22
760 300 10 1 4
761 435 8 1 10
768 68 1 3 16
768 608 1 2 4
768 666 9 3 168
769 640 6 1 4
770 67 9 5 1155
770 663 6 2 25
771 128 2 4 62
772 0 6 1 4
772 32 6 6 8534
773 1 8 1 4
774 936 9 5 5973
775 48 3 2 10
775 921 1 3 8
776 586 5 1 5
776 697 10 1 4
777 6 7 3 50
777 84 2 4 68
777 200 6 1 4
777 318 3 2 10
777 539 10 4 309
777 608 10 5 1853
778 330 4 5 507
778 389 4 1 4
780 552 2 3 34
782 226 6 1 8
784 1 7 1 4
784 549 4 2 16
784 604 3 4 167
786 142 9 1 5
786 576 7 3 108
787 199 10 1 5
792 540 6 2 11
793 628 3 6 12504
795 661 10 4 266
800 73 1 9 710512
800 97 6 1 7
800 133 7 2 15
801 592 6 1 4
806 232 1 7 22434
808 302 6 3 85
808 777 10 2 18
810 394 6 1 4
814 264 6 1 4
819 538 1 2 4
822 211 3 3 19
824 609 4 1 4
828 592 9 1 15
832 21 9 2 38
832 30 4 1 7
833 999 9 6 9018
835 392 6 1 7
836 86 9 1 4
840 106 1 2 4
840 545 6 1 4
841 370 6 1 4
842 132 8 1 4
845 624 2 2 4
848 313 3 1 4
848 899 9 1 7
852 72 9 1 12
862 130 4 4 309
863 516 3 6 8329
870 6 9 1 4
871 264 8 5 2192
872 50 5 1 4
873 9 4 1 4
875 164 5 2 17
882 42 6 2 13
882 778 4 1 4
884 802 3 1 4
894 392 10 1 13
898 336 7 1 4
898 699 6 1 4
899 537 9 2 46
902 420 7 1 10
904 888 5 1 4
905 572 1 2 4
906 194 6 5 2432
907 276 7 1 4
911 5 10 1 4
912 129 3 1 4
920 200 10 1 4
921 272 1 2 4
921 320 9 1 7
928 516 6 1 4
928 518 9 1 4
929 257 3 1 5
929 316 6 1 4
930 547 5 3 30
932 783 4 1 4
934 94 3 1 4
938 261 2 2 4
940 512 7 1 11
944 756 3 4 111
945 456 2 2 4
961 131 5 3 29
961 291 2 9 2082804
966 197 6 4 162
966 555 2 2 4
968 51 9 1 4
977 549 10 2 37
984 324 7 3 77
987 962 4 2 19
996 36 6 4 264
1000 260 8 1 4
1002 652 6 1 4
1003 684 7 1 10
1011 36 10 1 4
1020 371 4 1 4
