0 8 9 1 4
0 9 6 1 4
0 29 3 10 70815068
0 47 4 4 91
0 112 7 3 57
0 166 1 2 4
0 256 7 1 6
0 259 9 1 8
0 618 7 5 873
0 646 4 4 324
0 670 1 2 3
0 679 10 8 539036
1 15 2 4 121
1 30 4 1 4
1 37 5 1 4
1 70 9 1 4
1 135 3 4 303
1 228 4 1 4
1 292 5 3 37
1 481 1 4 62
1 565 1 2 4
1 768 9 1 4
1 920 4 3 35
2 0 6 1 4
2 3 10 3 117
2 260 1 3 8
2 267 1 6 789
2 328 8 1 4
3 24 7 3 80
3 272 2 5 248
3 277 3 1 4
3 530 6 1 4
3 652 8 5 919
4 0 9 1 10
4 4 5 1 7
4 15 1 4 78
4 60 7 1 4
4 284 9 1 4
4 368 5 3 83
4 808 4 3 78
5 18 3 2 15
6 212 8 1 9
6 259 2 2 4
6 267 5 1 4
6 466 4 5 941
6 1002 9 1 4
7 81 2 4 145
7 110 8 5 1887
7 237 10 2 28
7 715 6 3 69
8 19 2 7 13240
8 32 6 4 523
8 42 1 10 8057769
8 202 3 5 510
8 272 5 1 4
8 273 6 1 4
8 393 10 1 8
8 642 1 4 30
8 902 3 4 260
9 39 4 1 6
9 43 9 1 4
9 416 4 4 106
9 572 8 2 29
9 823 6 4 341
9 907 9 2 29
10 13 6 1 8
10 75 10 3 99
10 84 7 1 4
10 160 6 1 4
10 176 3 2 14
10 523 6 1 4
10 584 1 2 4
10 599 10 3 102
11 752 8 1 8
11 779 1 2 4
12 0 1 2 4
12 55 9 2 42
12 65 10 2 35
12 269 10 1 4
12 366 2 3 20
12 634 10 2 23
12 781 3 1 4
13 66 5 1 8
13 192 10 1 4
13 224 5 4 259
13 320 6 1 6
14 127 1 4 79
14 152 5 2 19
14 210 4 8 1031662
14 321 8 2 17
14 376 2 6 3242
15 352 2 2 6
15 659 7 3 93
15 854 10 1 10
16 24 3 5 343
16 198 4 7 22971
16 643 5 3 107
16 806 10 2 18
17 48 3 7 74207
18 203 2 2 4
18 215 3 7 27615
18 290 8 7 220168
18 645 7 1 4
19 7 9 1 4
19 24 1 2 4
19 657 8 1 4
19 709 10 1 7
20 1 6 1 8
20 10 7 1 10
20 28 5 5 1232
20 36 8 3 63
20 176 3 3 30
20 194 3 3 30
20 323 2 3 15
20 786 7 1 4
21 258 8 10 13705590273
22 24 7 1 4
22 68 6 8 1595045
22 97 9 1 8
22 107 2 7 14477
22 320 9 1 4
23 328 2 6 2855
23 770 9 1 11
23 886 8 1 7
24 533 7 1 11
24 781 9 1 4
24 786 5 3 62
24 944 5 1 4
25 592 2 7 59407
26 20 4 1 4
26 22 7 1 4
26 109 2 5 302
26 801 4 2 8
27 210 8 3 86
27 549 2 2 4
28 72 2 4 45
28 146 4 2 18
28 192 8 1 4
28 203 4 1 4
28 647 2 2 4
29 1 7 1 4
29 327 7 2 13
29 809 8 1 11
30 588 8 1 4
31 77 4 3 47
32 16 9 2 43
32 42 5 7 52751
32 72 1 3 6
32 196 6 3 35
32 219 1 3 6
32 414 9 1 4
32 721 2 3 19
32 803 5 3 51
33 2 5 1 6
33 26 9 2 18
33 31 4 4 99
33 276 6 1 4
33 277 4 4 131
33 785 1 2 4
33 898 1 2 5
33 945 2 2 8
34 144 4 1 7
34 292 7 1 8
34 324 7 2 25
34 561 8 6 12917
34 663 10 1 15
34 720 8 1 12
34 800 10 3 125
35 266 10 1 6
35 551 2 2 8
36 12 7 6 9303
36 48 8 4 469
36 257 3 5 1656
36 555 10 1 8
36 858 10 1 8
37 13 1 2 4
37 364 8 1 12
37 640 3 1 4
38 1 10 1 4
38 180 7 4 277
39 3 3 3 20
39 520 3 7 47889
40 39 4 1 4
40 65 5 2 12
40 256 9 5 1915
40 528 2 3 23
40 605 6 1 4
40 645 5 3 54
40 756 7 1 8
40 761 9 4 221
40 840 5 2 12
40 980 1 7 7004
41 96 7 2 14
41 263 6 2 15
41 321 2 7 22441
41 987 5 2 11
42 329 4 5 663
42 411 9 3 78
43 546 1 2 4
44 10 5 1 4
44 12 7 1 4
44 430 5 1 4
44 524 10 1 4
44 794 1 2 4
45 23 7 6 6240
45 50 1 3 8
45 74 10 4 1069
45 615 9 1 4
47 80 5 1 4
48 67 9 1 13
48 168 1 2 4
48 193 4 2 8
48 226 8 3 146
48 646 1 3 8
48 708 6 2 18
48 789 3 5 395
49 4 7 1 4
49 17 5 6 17762
49 313 8 1 6
49 516 4 4 113
50 113 10 6 11788
51 70 9 1 4
51 377 1 2 4
51 516 4 1 4
56 267 6 2 20
56 472 1 2 4
56 560 4 5 1216
57 5 3 1 4
57 33 9 4 205
57 448 2 2 4
58 113 9 2 23
58 470 7 1 6
59 58 7 1 3
59 453 10 1 4
60 3 8 1 4
60 948 1 3 13
64 192 6 1 10
64 194 10 1 14
64 370 7 1 4
64 481 9 1 12
64 686 1 2 4
64 780 5 2 15
64 790 10 1 4
65 104 4 5 582
65 118 1 2 4
65 265 10 2 25
65 274 4 2 8
65 515 5 1 6
65 571 7 5 977
66 140 1 3 11
66 545 7 2 17
67 16 8 1 11
67 20 9 1 4
67 73 10 6 7588
67 482 10 3 60
67 840 8 1 4
68 153 3 2 12
68 192 3 4 264
68 576 2 7 41161
69 138 8 2 29
69 466 7 4 221
69 572 9 6 35245
69 768 2 4 70
70 109 2 2 4
70 212 9 2 17
70 642 8 1 11
70 646 6 1 4
70 672 7 4 426
71 1 7 4 318
71 264 7 2 24
71 409 5 1 4
71 700 2 2 8
72 37 4 1 4
72 65 3 3 36
73 39 9 4 730
73 640 4 1 4
73 870 8 1 11
74 512 8 1 4
74 548 3 1 4
74 600 3 1 4
74 768 4 6 2976
74 1012 4 6 4308
75 259 3 3 17
76 84 6 4 154
76 133 3 2 10
76 855 10 2 45
77 256 3 6 7589
77 267 2 2 10
77 450 10 2 41
78 288 10 8 1397703
78 517 5 9 8220711
78 784 10 1 8
79 386 9 9 8659727
80 0 8 5 4121
80 211 3 1 4
80 528 5 1 8
80 677 10 3 74
80 920 3 2 13
82 280 5 1 4
82 283 2 2 4
83 115 7 1 7
83 124 9 1 8
83 304 8 1 8
83 784 1 2 4
84 216 7 2 22
85 65 6 1 8
87 353 10 1 4
89 2 1 5 307
89 4 9 2 20
89 76 10 1 11
90 843 7 4 187
90 977 7 3 41
91 154 3 3 25
92 38 2 3 23
93 134 4 1 4
94 869 9 2 42
94 954 2 3 37
95 20 8 1 4
96 32 5 1 8
96 103 6 1 4
96 148 6 7 38301
96 208 6 2 22
96 220 10 1 4
96 276 4 5 483
96 356 1 2 4
96 820 6 8 247652
97 18 9 2 44
97 130 4 1 6
97 144 10 1 4
97 167 4 2 13
97 286 7 1 11
97 473 6 1 10
97 525 10 4 279
98 14 10 4 756
98 352 7 4 429
98 671 8 1 4
98 928 9 1 4
99 134 7 4 366
100 294 7 2 13
100 752 9 1 4
100 901 6 1 4
101 161 5 3 27
101 169 5 2 16
101 392 1 4 27
101 599 1 8 93523
102 6 8 2 42
102 166 10 1 8
104 26 1 4 24
104 28 5 2 13
104 48 6 1 4
104 64 4 4 143
104 132 6 3 65
105 3 2 2 7
107 3 9 1 8
107 129 2 2 4
108 133 1 2 4
108 514 5 3 27
109 707 10 1 15
112 3 10 5 2512
112 28 8 2 18
112 84 9 2 25
112 776 8 4 581
114 68 8 6 12068
114 416 8 1 13
114 452 6 1 4
114 497 3 2 15
116 33 4 2 20
117 106 4 1 4
117 803 3 1 4
119 446 6 3 89
121 536 10 1 8
122 185 1 4 98
123 600 7 2 25
124 304 4 2 18
124 348 1 2 4
125 268 1 3 10
128 58 7 3 125
128 134 5 6 7276
128 208 7 1 4
128 320 8 1 11
128 376 8 6 20237
128 453 5 1 4
128 628 6 2 13
128 770 1 2 4
129 10 3 6 3858
129 37 3 6 9727
129 163 2 2 10
129 584 2 5 924
129 707 9 1 10
130 520 1 4 61
130 532 3 5 386
130 540 7 1 5
130 675 3 3 36
130 772 3 2 6
132 137 1 3 6
132 372 1 3 8
132 713 1 7 12673
132 916 10 8 3034276
132 957 10 4 521
133 23 7 4 332
133 138 1 3 6
134 67 8 1 6
134 208 10 1 9
134 224 2 3 29
134 377 2 2 6
134 516 4 5 771
134 768 3 3 37
136 21 3 1 4
136 610 5 1 4
136 831 8 1 4
137 148 9 2 19
137 325 6 1 4
137 778 8 1 4
138 266 1 2 4
138 590 8 1 8
139 865 9 1 4
140 135 8 3 58
140 143 1 9 1007034
140 464 6 1 4
140 724 6 3 35
140 776 4 1 6
141 521 5 3 72
141 954 1 3 22
142 641 4 2 12
143 116 8 3 45
143 187 2 2 10
143 286 7 1 4
144 68 10 3 194
144 248 9 5 1192
144 418 1 3 17
144 433 7 7 37001
144 520 7 1 4
145 1 3 1 4
145 2 6 4 158
145 94 1 3 16
145 273 5 2 9
145 513 5 7 54386
145 576 7 2 20
146 146 2 3 31
146 396 9 1 8
146 910 5 1 4
148 24 4 3 27
148 139 1 4 86
148 278 8 1 4
148 464 6 5 872
148 515 7 1 4
149 649 4 5 1927
150 656 3 3 32
151 102 9 1 6
151 207 7 1 4
153 26 6 2 16
153 151 3 1 4
153 171 1 2 4
153 592 3 1 4
153 833 5 1 4
153 961 7 1 4
156 54 1 3 8
156 814 8 2 18
159 526 3 8 390161
160 81 1 3 17
160 452 2 2 10
160 644 6 1 4
160 801 6 1 8
161 326 3 4 159
161 524 4 1 4
161 898 5 1 4
162 290 9 1 4
162 517 6 1 4
163 227 4 6 6904
163 361 9 1 4
164 34 10 3 102
164 264 9 1 4
164 636 8 1 11
164 646 7 5 1690
165 141 5 5 664
166 686 8 2 39
167 384 3 5 1891
167 456 2 2 4
168 8 7 1 8
168 52 10 1 10
168 67 8 3 72
168 68 6 1 4
168 98 2 2 10
168 480 1 2 4
169 25 1 2 4
171 144 4 3 33
171 810 6 1 4
172 8 2 2 4
172 569 9 1 4
172 664 1 3 9
174 582 2 2 4
176 273 4 1 4
176 916 6 1 4
176 932 4 1 4
177 280 4 6 7615
177 560 6 3 34
177 744 10 1 4
178 100 9 1 4
178 144 7 2 19
178 580 10 5 1235
179 429 2 6 3312
180 152 5 1 4
180 600 3 2 6
180 973 7 2 20
181 331 9 5 1590
181 768 3 7 30381
182 300 3 7 25701
182 672 1 3 11
182 728 10 2 20
184 141 10 2 32
184 664 10 1 9
185 5 8 3 48
185 42 3 4 109
188 4 1 2 4
188 199 9 4 267
192 43 4 3 22
192 52 3 1 4
192 72 5 1 4
192 388 2 2 4
192 713 5 3 28
192 898 7 4 482
193 28 10 3 54
193 120 10 1 4
193 422 9 8 574018
193 718 9 4 246
194 321 3 5 1463
194 592 2 5 1098
194 677 4 1 4
197 61 8 1 10
197 769 3 1 4
198 3 5 5 2480
198 812 5 2 26
200 146 6 3 43
200 924 1 2 4
201 39 10 1 4
201 98 1 5 308
201 140 6 1 8
202 11 3 2 8
204 520 9 4 565
206 80 1 5 361
206 530 8 1 4
208 88 6 1 6
209 55 6 1 4
209 564 6 5 3745
210 1 7 3 106
210 882 4 2 9
212 69 7 2 20
212 112 2 2 9
212 673 3 2 13
213 64 4 4 403
214 369 4 2 9
214 585 3 1 4
217 923 6 5 1485
220 658 5 6 12911
222 532 10 1 8
225 257 6 1 4
226 35 10 5 2775
226 157 7 1 4
227 592 6 1 6
227 838 8 1 4
230 9 3 2 11
231 290 3 1 4
232 5 3 3 65
232 65 4 5 2621
232 80 1 3 8
234 848 6 2 17
235 281 10 1 4
235 645 9 4 897
237 91 2 4 175
239 560 7 1 8
240 66 8 2 34
240 799 8 5 3802
240 914 8 1 4
241 206 3 2 12
241 245 10 1 4
242 156 7 6 13010
244 33 9 1 4
247 626 7 1 6
248 0 7 1 8
248 290 6 3 36
248 557 5 1 4
248 902 5 1 6
250 46 2 7 28021
253 636 8 1 8
256 68 7 3 105
256 69 2 3 12
256 212 7 1 4
256 243 7 4 346
256 262 6 2 11
256 312 6 1 4
256 344 10 2 25
256 522 5 2 17
256 705 3 3 36
256 764 7 1 4
256 992 1 2 4
257 268 3 2 11
257 806 8 1 4
257 945 2 2 4
258 24 10 1 6
258 34 8 1 4
258 138 8 1 4
258 265 6 3 63
259 7 3 2 8
259 100 5 1 4
259 226 10 1 8
259 268 7 3 41
259 532 3 1 4
260 256 10 9 4833292
260 545 6 2 23
260 678 9 3 59
261 8 5 3 32
261 672 5 2 11
261 995 2 2 4
262 32 1 6 4174
262 256 4 1 4
262 906 4 3 37
262 1013 7 5 1911
264 1 8 3 63
264 296 8 2 39
264 568 1 2 4
265 632 10 1 4
266 11 2 3 35
266 56 2 2 4
266 242 3 5 876
266 326 2 5 1304
266 336 3 2 13
267 581 6 1 4
268 12 5 2 20
268 34 1 7 36904
268 177 6 1 4
268 524 6 1 8
269 640 7 2 29
270 73 9 1 7
270 532 5 4 221
270 642 9 1 4
272 162 4 2 21
272 225 10 1 4
272 234 10 1 4
272 684 7 2 25
272 899 3 2 8
273 581 8 1 4
273 693 2 5 701
273 809 9 5 1346
274 334 6 4 303
275 16 2 5 241
275 116 5 3 96
275 133 10 1 11
275 485 7 1 12
276 392 8 3 124
276 538 9 1 14
276 628 6 5 4084
276 661 3 1 4
277 8 4 4 325
277 128 10 7 217226
278 258 9 4 855
280 600 8 2 29
280 674 4 3 73
283 35 10 1 8
285 104 8 1 4
286 624 3 10 12003707
287 448 5 1 4
288 47 7 3 57
288 50 3 2 13
288 132 5 2 12
288 224 6 1 4
288 292 3 6 8739
289 60 3 1 4
289 345 10 4 590
289 468 7 1 4
289 648 1 3 11
289 753 4 1 4
289 788 2 2 8
290 258 1 2 3
290 388 5 1 4
291 32 2 2 6
291 610 1 2 4
291 768 3 3 29
292 134 5 1 8
292 162 1 2 4
292 524 7 1 4
292 593 10 1 4
293 256 8 1 13
294 742 4 1 4
294 864 3 3 16
296 131 4 2 9
296 260 6 5 2109
296 288 10 1 4
296 409 1 2 4
296 516 10 5 1567
297 167 10 1 4
297 325 2 3 33
297 742 8 2 29
298 800 10 1 8
299 78 4 2 8
299 291 5 4 180
303 292 7 1 6
304 258 9 1 4
305 11 10 4 563
305 163 9 1 6
305 576 4 1 4
306 36 8 2 37
306 550 10 1 8
306 918 6 2 23
308 583 9 1 12
308 692 3 3 25
308 832 7 2 14
309 77 4 2 12
309 774 6 2 15
310 44 7 6 32186
314 109 2 3 16
314 376 9 2 32
314 518 7 1 4
315 739 9 1 11
316 452 10 1 14
318 532 9 1 13
318 914 9 1 4
320 29 3 6 3305
320 315 9 1 4
320 407 8 1 8
320 428 10 2 24
320 468 10 1 4
320 641 5 4 129
321 4 8 1 8
321 337 1 3 10
321 768 4 1 4
321 834 7 1 6
321 1008 9 8 2223899
322 0 1 2 4
322 80 4 5 843
322 416 6 1 4
322 899 2 4 95
322 902 2 6 5580
324 167 1 3 18
324 200 5 2 15
324 513 10 1 4
324 530 8 1 8
325 6 5 1 8
325 145 6 1 4
325 192 7 1 4
325 614 1 3 7
325 720 7 1 7
326 11 9 1 4
326 116 6 1 4
326 280 5 1 4
326 443 6 6 16710
327 675 7 1 9
327 698 4 3 43
328 45 10 1 4
328 853 6 7 33523
330 8 9 1 11
331 512 6 1 8
334 265 7 1 8
335 83 10 1 4
335 391 1 3 20
337 352 9 1 9
337 768 6 1 4
337 833 4 2 21
338 33 2 2 7
338 160 10 4 406
338 169 4 5 494
339 42 5 6 9456
340 106 6 7 94029
342 15 10 3 88
342 168 8 1 4
342 272 1 3 13
342 536 1 3 15
344 676 8 5 2513
345 728 6 1 8
345 992 7 1 4
347 11 4 2 8
347 149 6 3 54
348 395 6 8 1329992
349 12 1 5 192
352 409 1 3 7
352 419 3 1 4
352 514 10 1 4
352 794 9 3 83
353 138 9 1 4
353 684 7 1 4
354 25 5 3 31
354 288 1 2 4
354 836 4 1 4
355 134 10 1 4
355 634 3 2 6
357 433 10 1 6
358 168 3 3 29
358 197 1 5 197
360 555 7 2 18
360 810 9 1 6
362 34 1 3 11
363 162 4 4 91
366 657 10 6 17462
368 49 3 2 9
368 738 4 2 9
371 112 8 1 4
372 352 5 1 4
376 193 6 2 18
384 5 9 1 4
384 6 4 3 26
384 156 5 3 37
384 168 7 6 5039
384 332 2 3 26
384 423 8 1 4
384 457 9 2 17
384 481 5 1 4
384 531 4 2 13
384 571 9 1 4
384 597 10 3 99
384 692 1 2 4
384 841 2 4 56
384 962 8 1 4
385 513 2 4 84
385 563 10 2 20
386 160 4 1 4
386 206 7 1 8
386 681 3 1 4
386 849 10 2 22
386 912 8 1 8
387 1016 5 1 4
388 332 7 1 8
391 800 8 1 13
392 38 8 2 20
392 336 9 7 45477
392 553 3 3 36
392 674 6 1 4
393 577 8 1 4
394 590 5 1 4
395 4 8 1 7
396 6 7 4 693
396 454 10 2 20
396 546 9 1 14
396 777 2 4 75
396 915 9 2 17
396 960 3 2 6
397 132 9 8 419846
397 305 9 2 41
397 518 3 5 390
398 943 5 3 42
401 16 3 2 6
401 58 6 1 8
401 277 6 2 19
401 673 2 2 4
402 80 5 2 9
403 20 10 2 41
403 98 3 1 4
406 928 2 3 11
408 66 2 3 11
408 405 3 4 122
409 66 3 2 6
409 105 2 2 10
409 888 9 1 4
410 520 5 3 70
411 20 8 4 386
412 6 9 3 102
413 640 7 2 19
414 932 2 3 23
416 279 2 2 4
419 7 2 2 10
419 62 2 4 92
420 32 2 2 5
420 538 4 2 14
423 384 5 8 783049
423 651 3 4 80
424 481 1 3 8
425 161 9 1 4
425 746 4 4 201
426 644 2 2 4
428 32 10 2 43
428 194 8 1 4
428 880 9 2 20
430 8 10 1 12
430 68 2 2 7
430 203 9 1 4
433 197 5 5 1763
434 734 1 2 4
441 21 3 2 8
444 801 8 1 8
448 92 8 1 6
448 513 8 2 18
449 321 7 1 4
450 450 7 4 244
452 48 4 7 20323
452 136 3 3 16
452 205 4 1 4
452 488 9 6 20832
453 368 5 1 4
454 634 5 1 4
454 782 8 2 23
455 640 9 1 4
456 105 6 1 4
456 376 2 4 80
456 774 3 2 8
458 743 6 2 16
460 197 2 4 48
461 625 9 1 13
462 641 5 3 56
463 916 9 1 4
464 265 5 4 180
464 928 2 4 90
469 425 9 2 19
472 226 3 5 467
473 600 3 1 4
473 800 3 2 8
480 0 2 2 4
480 731 3 4 257
481 288 5 1 4
482 64 4 1 4
482 208 4 3 22
483 555 6 9 2271311
485 134 9 1 4
488 3 1 5 253
489 64 5 1 4
491 112 4 2 11
501 519 8 5 2211
505 332 2 2 4
512 1 6 2 24
512 5 3 2 8
512 36 3 1 4
512 52 5 5 1598
512 65 3 6 10957
512 153 2 2 4
512 173 7 7 56679
512 420 6 3 88
512 438 9 4 269
512 453 10 1 8
512 514 3 2 8
512 936 6 1 4
513 5 9 1 4
513 42 5 2 11
513 65 4 4 114
513 100 6 4 622
513 112 2 3 17
513 304 7 1 6
513 340 8 1 4
513 644 2 2 4
514 36 6 5 774
514 160 1 5 167
514 401 3 3 17
514 452 8 6 27307
514 522 2 6 1596
514 572 10 3 69
514 780 4 2 13
515 93 2 4 132
515 157 9 1 4
515 273 1 3 6
516 33 3 4 127
516 69 7 1 3
516 169 6 1 4
516 385 7 3 109
516 555 6 1 10
516 785 2 2 4
517 0 10 3 59
517 3 10 3 55
517 8 8 2 33
517 34 9 2 20
517 132 2 2 4
517 177 10 2 20
517 233 10 1 12
517 534 7 1 8
517 672 4 4 202
517 676 8 3 154
518 41 9 1 8
518 66 2 4 64
519 517 2 3 16
519 944 3 3 65
519 967 9 1 8
520 9 4 1 4
520 164 5 2 11
520 296 10 5 4029
520 436 2 2 10
520 785 3 1 4
520 812 10 1 4
521 229 2 7 14415
521 450 2 4 87
521 554 5 1 4
521 560 3 9 6008118
521 609 7 4 278
522 121 9 1 4
522 549 10 1 8
524 173 5 1 6
525 134 1 2 4
525 820 4 6 4598
526 776 8 5 4915
527 713 9 2 27
528 10 4 3 34
528 36 5 1 4
528 97 10 1 4
528 156 4 1 4
528 512 10 5 2714
528 580 9 7 271265
528 611 1 2 4
528 720 7 1 8
529 260 6 2 13
529 423 4 2 21
529 520 8 1 4
529 737 1 9 373814
530 20 7 3 140
530 86 8 4 507
530 278 2 3 29
530 325 6 1 6
530 696 3 2 6
532 11 5 6 23200
532 134 6 2 15
532 853 4 4 432
533 37 4 1 4
533 787 5 1 4
534 425 10 1 6
534 786 2 4 59
534 928 2 7 36199
536 902 10 2 48
537 99 9 5 5052
537 257 6 2 15
537 478 9 5 1258
538 74 10 7 112995
538 820 5 5 1658
540 481 5 3 40
544 21 1 2 4
544 160 8 2 22
544 429 2 4 84
544 536 1 6 1563
544 551 7 4 628
544 597 8 1 4
544 718 2 2 4
545 209 2 2 4
545 226 9 1 4
545 743 6 1 4
545 914 5 5 1523
546 2 8 8 1091780
546 263 5 1 8
546 612 3 1 4
546 650 2 2 4
546 758 10 4 527
546 900 8 1 8
547 265 8 1 6
547 577 7 1 8
548 141 10 1 4
548 512 7 2 30
548 577 6 1 8
549 97 9 5 1836
549 530 4 3 76
551 4 3 1 4
552 136 3 4 207
552 640 7 2 35
552 656 6 1 10
553 102 9 1 4
554 4 2 2 8
554 296 1 3 9
555 418 1 6 1260
556 409 7 1 6
557 400 6 2 26
557 938 5 1 8
559 557 7 2 22
560 104 6 8 812474
560 354 10 9 7679999
561 521 1 3 8
561 786 4 1 4
562 162 5 3 45
562 992 6 1 4
563 20 9 1 12
564 659 3 1 4
565 105 10 1 4
566 4 10 1 4
566 44 4 3 28
569 385 8 1 4
569 522 2 2 4
571 457 10 1 10
572 36 1 3 8
572 64 10 3 70
573 797 5 2 10
573 886 7 1 11
574 533 1 2 4
574 696 1 5 160
576 5 9 5 2367
576 19 6 4 268
576 133 6 3 90
576 228 9 1 4
576 325 8 3 89
576 525 9 5 1975
576 547 1 3 11
577 236 5 2 18
577 577 2 2 8
577 661 3 1 4
578 26 7 6 25249
578 120 7 3 67
578 136 6 2 27
579 789 6 3 51
580 64 9 1 8
580 507 4 1 4
582 633 2 2 8
583 129 3 3 25
584 432 10 1 15
584 833 6 1 4
585 64 8 5 1094
585 208 10 1 4
585 389 8 1 4
586 64 1 3 10
586 530 7 4 478
586 658 1 3 8
587 608 8 2 19
588 784 8 1 12
590 276 9 1 4
590 300 9 1 4
592 4 9 2 23
592 148 7 2 16
595 557 6 2 27
596 33 8 6 20765
596 154 1 3 19
599 92 8 3 53
599 569 7 1 8
600 562 6 1 6
600 575 6 3 96
601 335 1 3 11
604 913 8 2 22
605 80 7 3 116
606 281 2 3 35
606 807 7 1 6
607 288 9 5 5422
607 393 10 1 4
608 176 10 1 4
608 185 9 1 7
608 522 10 1 4
609 28 6 2 17
609 225 8 1 4
612 534 7 8 377811
614 265 6 3 104
614 936 10 6 29121
617 374 4 2 8
617 908 6 1 4
618 70 7 1 4
619 76 6 5 2241
619 140 10 1 4
619 231 9 4 290
625 5 5 4 364
625 261 8 2 26
625 530 2 6 5938
626 8 10 4 875
626 104 10 1 4
627 3 10 1 4
631 24 8 1 8
632 18 5 2 23
633 812 7 2 30
637 73 2 2 8
640 4 2 6 5875
640 16 7 4 316
640 732 7 2 16
640 952 9 3 170
641 192 4 1 6
642 724 4 1 4
643 73 8 3 72
644 48 8 6 32153
644 387 10 5 3210
644 756 2 2 4
644 769 8 1 8
648 76 2 4 115
648 98 2 10 85663613
648 210 9 1 4
648 301 10 4 1073
648 369 9 3 48
648 694 3 2 8
649 4 6 2 16
649 48 1 3 6
650 108 4 1 4
650 216 3 5 822
650 953 4 3 41
652 594 2 2 4
655 384 3 1 4
656 3 7 4 156
656 278 8 6 14061
656 833 2 4 70
658 226 9 1 6
660 85 9 1 4
660 648 8 1 4
662 374 4 3 38
664 205 2 2 4
664 781 3 4 163
665 3 2 2 4
665 260 1 4 81
666 66 2 6 8696
667 587 8 1 9
668 163 8 1 4
668 749 3 1 4
670 515 6 3 89
672 1 7 6 17776
672 64 4 1 4
672 129 5 2 13
672 608 3 2 11
672 717 2 8 155713
674 259 2 4 160
674 401 2 6 1910
674 672 4 1 4
675 257 9 2 16
675 470 7 6 23685
677 121 8 5 1024
677 641 6 1 6
678 237 5 1 4
679 556 6 1 4
680 450 9 3 80
681 6 7 1 4
681 33 5 1 4
682 14 2 2 4
682 156 2 2 6
683 278 10 1 4
686 426 4 4 169
688 385 5 1 4
689 80 7 1 4
691 12 4 1 3
692 260 8 1 4
693 397 5 1 4
693 522 10 5 1314
694 6 8 1 4
695 585 8 1 8
697 710 1 4 62
700 229 3 2 9
700 864 9 3 54
701 34 7 2 18
704 34 6 3 96
704 76 4 1 4
704 292 9 2 22
704 514 5 1 4
704 673 5 1 4
705 854 2 8 127065
706 17 4 6 5620
706 460 4 1 4
706 732 7 1 9
709 325 2 2 4
710 2 3 1 4
712 141 2 4 170
712 283 4 5 1231
712 862 2 7 24644
713 837 9 1 10
716 339 10 1 6
716 649 3 1 4
716 842 1 5 503
719 512 9 1 4
720 144 9 3 100
721 0 9 1 4
721 323 5 7 62706
722 82 5 3 48
722 104 4 2 15
722 146 2 2 8
722 398 6 2 26
722 464 7 1 4
723 142 2 2 4
724 596 7 2 36
725 44 10 1 4
725 65 8 1 4
726 322 2 2 4
728 712 2 2 4
729 578 10 1 4
730 332 3 7 25376
732 834 1 2 4
736 24 8 1 4
737 25 9 1 4
737 64 2 2 4
737 288 9 3 66
740 235 8 1 6
740 778 1 3 8
742 97 7 5 4546
743 787 6 4 155
744 124 8 3 50
744 280 4 4 128
744 762 4 1 4
745 63 1 2 4
746 386 2 4 59
746 536 10 4 671
752 261 5 3 66
752 786 8 4 306
754 32 7 4 214
759 130 3 1 4
760 40 5 1 4
760 220 6 1 4
760 300 9 2 19
761 435 5 3 44
763 668 10 1 4
768 68 7 1 4
768 226 6 4 630
768 502 7 1 4
768 608 9 1 8
768 666 6 2 27
768 738 9 1 4
769 34 7 3 73
769 277 4 3 86
769 350 10 1 4
769 773 3 1 4
770 67 9 3 85
770 211 5 1 4
770 663 7 1 10
771 793 1 2 4
772 0 3 4 295
772 32 4 2 10
773 1 8 1 4
774 8 6 1 4
775 48 5 2 15
775 921 6 4 242
776 155 9 1 3
776 586 1 4 35
776 697 6 2 19
777 84 7 4 287
777 200 4 6 6852
777 318 10 3 58
777 539 5 4 113
777 554 4 3 24
778 330 9 1 6
778 389 8 3 69
780 901 2 2 8
781 222 6 3 102
781 496 9 6 8349
782 226 1 4 48
782 405 3 1 4
784 514 7 6 11044
784 549 6 5 1363
784 569 6 1 8
784 604 5 1 8
784 634 4 2 15
785 45 4 2 8
786 521 9 4 851
786 576 3 4 118
786 914 2 4 118
787 199 7 2 17
788 25 5 8 250319
788 324 2 3 28
788 332 10 4 379
792 274 10 2 32
792 540 3 1 4
793 498 2 2 10
793 628 10 1 13
795 661 1 2 3
798 776 10 1 4
799 433 6 1 6
800 9 7 1 4
800 73 2 4 104
800 97 7 3 81
800 133 9 2 28
800 824 8 1 9
801 312 6 2 13
801 592 7 1 4
801 642 1 5 414
802 660 10 1 4
802 769 8 8 764401
803 512 9 1 4
804 104 6 1 4
804 337 6 1 4
804 433 10 1 4
804 779 5 2 9
806 43 4 1 4
806 134 7 1 4
806 480 3 1 4
808 302 3 1 4
808 526 4 1 4
808 777 10 5 2397
808 945 10 5 2986
810 394 1 2 4
814 264 4 2 8
816 18 9 4 546
816 24 6 1 4
819 69 1 2 4
821 236 10 2 48
822 211 5 10 89787960
824 392 4 2 8
830 356 5 1 4
832 16 10 5 5314
832 30 10 3 219
832 304 7 1 10
832 328 4 1 4
834 0 5 4 360
834 67 1 4 26
834 104 8 2 35
834 912 2 2 8
835 264 5 1 4
835 392 1 3 12
835 583 1 3 17
836 86 3 3 32
836 485 2 5 356
838 785 1 3 15
840 96 10 1 8
840 545 3 1 4
840 800 8 1 8
841 32 5 5 865
842 200 1 5 525
843 939 3 1 4
844 584 3 1 4
845 561 6 1 4
845 624 4 5 911
848 899 6 1 8
849 792 10 4 705
850 308 5 1 6
851 195 10 3 131
852 2 10 1 13
852 64 2 2 4
852 72 8 3 81
852 824 8 1 8
854 681 9 4 704
856 256 10 1 4
863 516 3 2 8
864 23 3 3 27
867 998 3 5 2002
870 6 8 1 4
870 68 10 2 40
871 264 1 5 390
872 32 8 1 4
872 50 4 3 27
873 9 10 1 4
875 164 4 1 4
880 611 5 3 101
882 42 8 5 2497
882 778 9 1 4
884 802 6 1 4
885 601 8 1 11
895 603 4 2 17
896 868 9 2 19
897 39 4 2 8
899 537 8 1 6
899 736 5 1 4
900 4 4 1 4
900 313 4 1 4
902 131 3 2 6
903 339 2 3 12
904 112 6 2 26
904 231 3 3 17
904 552 3 1 4
904 929 5 1 4
905 196 6 2 31
905 540 6 1 4
906 194 1 5 151
907 276 1 2 4
911 5 3 3 28
911 10 8 3 60
911 896 7 1 4
912 2 8 1 4
912 85 4 3 41
914 216 8 4 652
914 669 6 2 17
914 776 5 2 9
915 431 2 2 4
916 742 6 4 182
916 777 9 2 17
917 560 4 2 8
918 0 5 1 4
921 272 6 1 4
922 8 10 2 23
924 33 9 6 21637
924 196 7 8 628519
927 190 8 1 4
928 64 1 2 4
928 516 3 1 4
929 10 1 6 800
930 720 2 2 4
931 657 3 5 611
932 274 8 1 6
933 657 8 3 72
938 552 7 1 4
944 756 7 1 4
956 846 3 1 4
958 844 7 3 103
961 131 6 1 6
961 472 2 2 4
961 481 7 2 21
966 29 1 3 6
968 360 5 5 3109
969 313 2 4 224
969 769 3 5 434
970 180 9 3 106
975 205 3 1 4
976 321 3 2 8
976 779 8 1 4
977 34 5 7 91247
978 817 9 2 45
984 483 1 2 4
986 772 3 1 4
987 962 4 1 4
988 366 1 2 4
990 35 8 6 6103
996 36 2 4 72
998 127 10 1 4
998 179 10 1 12
1003 684 6 3 59
1004 129 9 3 67
1018 358 1 2 4
1020 371 5 1 4
