1342 0.009449128356750831 
610 0.009260866310042611 
1722 0.00974367613496809 
1639 0.009923088254934268 
503 0.009903934996027227 
1210 0.00962501955713728 
1927 0.00956501742202505 
289 0.009445014720528505 
682 0.009552750787035668 
1903 0.009474312821017601 
1787 0.009126599580238594 
1786 0.009448418101185041 
1924 0.009485903003975992 
182 0.009229496813652791 
1544 0.009604557287916326 
1478 0.009777769748762842 
642 0.009592297790864677 
901 0.0093986486723972 
1899 0.009358410855912857 
464 0.009554791009890564 
1174 0.009582733966763282 
462 0.00955820057293294 
518 0.009408836391143455 
1254 0.009740943937368142 
164 0.009534323267392855 
894 0.009419787310910475 
1208 0.009457285086953239 
1906 0.009764166220284082 
1723 0.009418418129560107 
768 0.009496145218044354 
360 0.009455234251709613 
1224 0.009704123569720969 
88 0.009641396274609896 
1185 0.009682300264422034 
1138 0.009357738752424296 
1515 0.009507059929820644 
636 0.009421800778430519 
994 0.009205019135003312 
699 0.009423176161304869 
1696 0.009618880603258816 
