0 9 9 1 4
0 47 10 3 204
0 150 3 3 24
0 156 4 9 2030516
0 215 1 2 4
0 259 6 2 31
0 265 6 7 143267
0 274 9 5 5929
0 321 9 1 4
0 352 3 1 4
0 552 3 2 7
0 670 2 2 4
0 674 5 2 10
0 704 9 1 4
0 843 10 6 36443
0 902 4 1 4
0 917 9 5 1642
1 7 9 4 290
1 15 5 1 4
1 30 3 3 63
1 292 10 1 4
1 357 2 2 4
1 481 5 1 4
1 535 3 1 5
1 644 7 2 33
1 768 7 1 4
1 920 4 4 337
2 0 2 2 4
2 3 5 3 102
2 8 10 1 4
2 48 7 2 15
2 523 5 1 8
3 24 4 1 4
3 272 1 2 4
3 592 4 1 7
3 652 10 4 245
4 0 5 1 4
4 24 4 1 4
4 60 6 1 7
4 64 10 5 1159
4 248 4 4 154
4 368 7 1 5
4 576 9 1 4
4 774 6 3 45
4 803 5 2 10
4 808 2 3 21
5 584 1 2 4
6 3 1 3 10
6 148 8 2 18
6 259 8 1 4
6 267 7 1 4
6 268 8 1 4
6 1002 5 2 15
7 81 5 1 4
7 715 7 1 4
8 1 9 1 4
8 2 9 3 90
8 19 3 6 11739
8 202 5 2 16
8 272 8 5 2522
8 393 9 1 4
8 552 10 1 4
8 642 5 5 1150
8 656 2 3 15
8 735 5 1 7
8 902 8 2 20
9 39 6 6 12106
9 572 3 1 4
10 13 8 1 4
10 84 1 5 213
10 160 3 5 979
10 176 10 1 13
10 208 4 1 4
10 518 7 5 4577
10 523 4 1 4
10 584 9 5 4413
10 599 5 4 283
10 680 1 2 4
11 204 3 2 8
11 586 6 2 20
11 779 6 1 7
12 0 1 3 19
12 24 10 1 10
12 55 1 2 4
12 65 3 7 18266
12 366 9 2 16
12 634 2 2 4
12 781 4 7 20369
13 66 8 1 10
13 192 9 1 13
13 224 6 1 4
13 320 7 1 4
14 152 6 5 1821
14 321 5 4 265
14 584 8 3 81
14 616 1 2 5
15 352 9 1 4
15 485 6 3 129
15 659 9 1 8
15 854 7 1 8
16 24 8 6 20913
16 64 7 3 40
16 96 8 5 1636
16 132 5 1 4
16 148 3 3 24
16 198 5 8 212307
16 516 7 7 57617
16 643 7 1 4
16 806 2 2 4
17 48 3 5 1403
17 129 4 1 5
17 258 10 1 10
18 51 9 3 123
18 641 4 4 298
18 645 8 1 7
20 10 7 1 7
20 36 2 4 123
20 194 3 2 9
20 323 4 1 4
20 786 2 2 4
21 116 3 4 108
21 258 7 2 17
21 308 5 3 36
22 24 7 1 4
22 97 5 4 193
22 107 9 1 7
22 133 4 2 16
22 320 4 2 19
22 565 4 1 7
23 770 5 1 7
24 9 8 1 8
24 781 6 1 7
24 786 6 2 19
24 944 3 5 1604
27 549 7 1 7
28 42 8 1 10
28 72 4 6 8164
28 192 4 2 10
28 624 3 2 15
28 647 6 2 18
29 1 7 3 144
29 5 5 3 56
29 327 10 1 4
29 532 7 1 4
30 21 9 1 15
30 52 10 5 2891
30 129 8 7 83842
30 588 1 5 118
32 72 5 1 5
32 204 9 7 139926
32 388 9 1 5
32 641 2 8 79854
32 759 5 4 151
32 803 3 3 40
32 848 2 2 7
33 2 6 2 21
33 3 5 1 4
33 26 1 3 8
33 276 3 2 15
33 785 2 6 3636
33 898 2 2 4
33 945 9 5 3631
34 561 9 3 107
34 663 3 2 13
34 800 2 2 4
35 266 4 1 5
35 551 2 2 4
36 34 9 1 13
36 48 2 6 4430
36 257 7 1 3
36 266 7 2 15
36 320 2 2 5
36 555 2 5 332
36 705 5 6 7457
36 858 2 2 4
37 2 3 4 116
37 640 3 2 7
38 204 3 1 4
38 544 9 1 4
40 605 10 1 4
40 645 8 1 4
40 672 3 3 28
40 840 10 1 5
40 980 6 1 4
41 276 7 1 7
41 321 10 3 61
41 987 3 3 27
42 140 6 1 7
42 839 7 2 19
43 1 9 1 4
43 546 5 1 7
44 10 7 2 15
44 47 6 1 5
44 794 10 2 29
45 50 1 5 152
45 74 9 2 34
45 615 3 1 4
45 808 7 1 11
45 844 10 1 3
47 80 1 2 4
47 1022 7 1 7
48 67 6 1 7
48 176 4 1 4
48 226 9 2 32
48 646 3 1 4
48 789 10 4 440
48 932 6 1 4
50 9 10 2 18
50 528 2 2 4
51 70 9 1 4
51 377 8 1 4
51 516 4 3 78
52 46 8 1 4
52 256 10 1 5
52 285 10 1 5
53 146 7 2 19
53 245 7 1 4
54 718 3 2 7
56 89 6 6 4644
56 472 7 1 7
56 544 1 8 41250
57 128 6 1 7
58 113 5 3 32
58 470 10 1 9
59 58 10 7 228665
59 292 3 3 16
59 453 2 4 55
59 583 5 7 59530
60 948 10 1 5
61 644 6 2 30
61 648 4 4 90
62 612 5 9 11206172
64 26 1 6 1712
64 194 9 1 5
64 203 9 4 221
64 272 10 6 7772
64 686 3 1 4
64 756 10 1 8
64 771 2 7 66742
64 780 5 2 13
65 61 6 1 4
65 96 8 2 23
65 118 10 1 4
65 241 2 3 35
65 274 8 1 13
65 421 6 2 14
65 515 6 4 159
65 571 6 3 37
65 614 10 1 4
66 140 5 1 4
66 545 3 1 4
68 153 9 7 114691
68 192 1 5 231
68 226 2 2 7
68 284 2 3 24
68 322 9 1 7
69 529 10 5 4455
69 572 10 1 13
69 768 5 3 59
70 431 1 4 26
70 608 4 3 49
70 642 6 3 45
70 648 10 1 4
70 672 1 3 10
71 1 7 3 123
71 264 5 1 4
71 409 5 1 4
71 700 2 2 7
72 8 4 3 30
72 37 2 2 4
72 65 7 3 74
72 280 7 2 16
73 39 6 4 342
73 999 2 2 5
74 548 2 5 236
74 600 5 1 7
74 768 8 2 16
74 1012 1 2 4
75 259 7 1 4
75 576 3 2 12
76 76 5 1 4
76 133 10 3 72
76 586 1 2 4
76 855 6 3 38
77 256 3 6 6821
78 288 10 3 205
78 517 2 2 7
78 919 9 1 4
79 165 7 1 4
80 0 1 2 4
80 528 3 1 4
80 920 3 6 5252
81 807 4 1 4
81 852 5 1 4
82 280 3 2 7
82 283 4 1 4
83 124 1 2 4
83 304 2 2 7
83 784 6 1 5
84 64 5 3 44
84 74 9 5 5476
85 65 1 4 96
86 524 2 2 4
88 782 3 1 4
89 2 8 3 61
89 76 5 3 54
90 20 9 1 4
90 843 2 2 5
90 977 9 1 4
90 988 7 1 11
91 154 2 4 207
91 652 7 1 4
91 951 6 1 8
92 91 5 1 4
93 669 9 2 18
94 869 5 4 431
94 954 3 3 19
95 20 9 1 4
96 80 9 1 7
96 148 4 1 4
96 208 2 3 26
96 276 6 5 3080
96 304 7 6 8791
96 321 5 1 4
96 776 2 2 4
96 820 10 1 4
97 18 9 1 15
97 130 9 1 10
97 144 9 5 2273
97 286 3 3 17
97 525 3 6 9244
98 352 2 4 55
98 671 6 1 4
98 928 7 2 18
99 117 8 1 4
99 249 6 2 26
100 128 9 4 309
100 294 7 1 4
100 901 6 4 531
101 70 4 1 4
101 124 2 5 1032
101 161 10 1 7
101 392 6 3 50
101 599 5 1 4
102 6 7 1 4
102 78 6 4 400
102 166 10 1 7
104 26 9 6 9518
104 48 6 1 4
104 64 10 3 122
104 132 10 1 5
104 313 7 7 135019
104 673 2 2 7
105 3 3 4 106
105 296 10 1 4
105 779 6 1 5
106 652 4 4 115
107 129 10 1 4
108 133 10 1 4
108 514 10 3 122
109 707 1 2 4
112 0 3 2 8
114 416 4 1 4
114 872 5 1 4
116 33 8 1 7
117 106 1 8 209642
118 565 10 6 41902
119 446 8 4 286
120 0 9 1 12
120 76 10 1 11
122 24 4 4 280
122 185 3 3 39
123 600 4 1 4
128 10 10 2 24
128 200 9 1 4
128 208 2 2 5
128 320 2 5 523
128 362 1 3 7
128 376 2 2 8
128 453 2 5 432
129 37 2 2 4
129 39 7 1 10
129 163 8 4 406
130 78 2 7 28905
130 273 10 1 4
130 368 7 4 285
130 532 4 2 13
130 540 8 1 4
130 675 2 2 4
131 581 6 2 25
132 17 4 4 90
132 94 2 3 19
132 137 6 1 9
132 372 10 1 4
132 516 4 2 10
132 916 7 6 9244
132 957 6 1 10
133 23 2 2 4
133 614 4 2 21
134 208 3 6 2591
134 224 1 6 995
134 377 2 3 13
134 390 9 2 29
134 516 5 2 19
134 768 4 1 4
135 258 3 1 4
136 21 6 2 23
136 39 9 1 5
136 81 5 1 4
136 482 4 6 10463
136 610 2 2 8
136 657 8 4 484
136 831 8 1 4
137 148 10 1 4
137 259 9 4 545
137 678 2 2 4
138 266 4 2 15
138 415 4 1 4
138 590 10 1 7
138 902 9 1 7
139 865 1 3 18
140 72 3 1 3
140 135 8 1 4
140 776 1 3 7
141 521 6 1 4
141 954 10 1 4
143 187 8 1 4
143 286 6 8 1851824
143 642 9 1 7
144 248 2 2 4
144 418 5 1 5
144 433 1 7 32805
144 800 2 2 8
145 1 4 3 50
145 67 9 3 118
145 94 4 1 4
145 576 6 1 4
146 146 10 5 3345
146 396 7 3 42
148 1 4 1 5
148 24 3 1 4
148 130 2 3 18
148 139 9 6 30593
148 146 7 2 18
148 278 1 3 10
148 515 10 6 39583
148 912 1 3 11
149 20 1 2 4
150 141 8 2 21
150 160 3 2 8
151 102 3 1 4
151 132 2 2 4
151 207 9 1 7
151 250 2 2 4
153 26 10 3 104
153 592 2 4 134
156 54 3 5 1018
156 133 3 2 7
156 521 10 2 18
156 814 3 3 17
158 104 9 1 5
160 34 6 3 105
160 81 10 1 4
160 144 5 4 296
160 452 4 1 4
160 644 3 3 21
160 801 8 1 10
161 40 8 1 4
161 326 2 2 4
161 898 9 3 90
162 160 6 5 2157
162 306 1 5 172
162 517 6 1 4
163 227 1 2 4
163 361 6 5 1362
163 601 1 2 4
164 264 1 3 10
164 280 6 2 11
164 646 3 4 151
165 141 8 1 4
165 397 5 8 226182
166 686 4 7 49880
167 384 3 1 4
167 456 4 1 4
167 712 5 1 7
168 8 6 5 1175
168 52 6 1 4
168 67 10 1 9
168 480 4 3 34
169 72 10 1 8
169 351 7 1 4
169 514 3 8 403124
171 144 5 2 26
171 810 7 1 7
172 32 3 2 7
173 261 3 2 7
174 493 7 2 22
174 582 2 2 4
176 137 1 3 7
176 270 10 1 4
176 273 7 1 7
176 824 5 4 258
176 864 8 1 4
176 916 9 1 4
177 611 3 1 4
178 144 10 1 4
178 797 7 1 7
179 429 10 1 7
180 19 4 1 4
180 600 4 1 4
180 973 8 2 15
182 300 2 4 66
182 728 6 1 5
184 664 8 1 5
185 42 8 1 4
185 391 10 1 15
192 43 5 1 4
192 52 5 2 23
192 72 1 5 407
192 392 1 2 4
192 536 9 2 36
192 713 2 2 4
192 898 5 5 656
192 904 4 2 11
193 8 2 2 4
193 120 1 3 10
193 131 8 1 12
193 375 2 2 8
193 775 10 1 4
194 592 4 1 7
194 677 8 2 22
196 81 4 3 37
196 286 9 1 4
196 377 8 2 17
197 61 3 5 460
197 297 4 1 4
197 592 3 1 4
197 769 8 1 13
198 3 6 1 4
200 445 7 2 19
200 577 4 1 7
201 39 10 1 15
202 11 4 3 85
203 654 6 1 8
204 520 8 1 12
208 14 7 3 82
208 534 9 1 5
209 55 10 1 4
210 882 4 2 18
211 4 6 1 7
212 34 1 2 4
212 69 10 1 13
212 112 4 1 5
212 673 2 2 4
213 64 5 3 62
214 369 6 4 217
216 138 7 4 209
216 792 9 1 4
217 923 3 2 13
218 86 7 1 4
219 389 6 1 5
220 658 4 1 4
222 532 8 4 309
222 852 8 3 74
225 257 7 1 5
225 316 4 1 4
225 948 5 1 8
226 35 4 1 4
226 157 2 2 7
227 336 2 5 449
227 838 8 1 7
228 32 8 1 4
231 261 6 1 7
231 290 2 6 2561
232 5 7 1 5
232 65 10 5 2319
232 130 4 1 4
233 212 3 6 6087
233 912 3 3 35
233 973 3 5 1455
234 848 10 1 14
235 281 10 1 4
238 620 10 3 60
239 560 9 4 702
240 18 4 1 4
240 799 9 3 54
244 356 4 2 20
246 64 5 1 7
248 557 10 5 1795
248 902 7 4 365
256 4 10 3 101
256 69 9 1 12
256 97 9 1 5
256 160 1 2 4
256 262 8 2 23
256 344 10 1 4
256 522 2 4 173
256 804 3 2 7
256 992 7 2 23
257 0 10 10 42303226
257 156 3 1 4
257 268 1 2 4
257 272 1 2 4
257 680 10 1 3
257 806 3 2 10
257 920 2 2 4
257 945 5 1 4
258 24 9 3 53
258 34 9 2 26
258 36 4 3 24
258 138 6 2 12
258 265 1 2 4
258 810 6 1 7
258 880 3 2 7
259 100 5 4 156
259 226 9 1 4
259 327 4 5 2591
259 532 3 1 4
260 256 7 1 4
260 522 4 3 27
260 545 2 2 4
261 8 4 1 4
261 67 10 1 4
261 995 3 3 25
262 32 5 1 7
262 134 1 3 7
262 193 1 3 18
264 4 7 5 2596
264 296 8 1 7
264 320 3 5 1282
265 264 4 1 7
265 339 9 1 4
266 11 5 4 121
266 242 10 1 4
266 272 4 1 7
267 581 4 5 1859
268 12 5 4 189
268 34 4 1 4
268 177 4 1 4
268 192 8 1 4
268 512 1 4 31
268 524 4 1 4
268 577 7 2 18
269 444 10 1 4
269 640 9 1 4
270 73 5 3 63
270 532 7 1 7
272 208 3 7 72433
272 378 8 3 57
272 554 3 4 77
272 640 5 2 10
272 899 9 1 5
273 581 1 2 4
273 693 1 4 25
273 809 3 5 561
274 98 8 8 543272
275 4 4 2 21
275 116 1 3 7
275 133 5 1 4
275 401 8 1 4
275 485 5 1 7
275 512 1 7 28762
276 288 2 2 4
276 392 10 3 162
277 27 1 5 278
277 128 8 1 4
277 385 1 3 8
279 901 8 1 10
282 717 10 4 533
282 787 10 1 8
285 104 2 2 10
286 624 8 1 14
286 832 10 1 12
287 802 1 6 1901
288 50 6 1 4
288 224 9 1 4
288 545 3 4 263
288 776 3 3 18
289 36 9 1 4
289 60 6 1 4
289 468 3 1 4
289 648 9 1 4
289 753 6 1 4
289 788 2 3 29
290 0 8 1 4
290 328 9 6 13814
291 768 4 3 71
292 7 5 2 10
292 134 5 3 39
292 162 1 2 4
293 256 9 1 4
293 960 4 5 532
294 742 10 1 12
296 57 3 1 4
296 84 4 2 14
296 131 4 4 116
296 231 10 1 7
296 516 7 1 7
297 325 4 1 5
297 389 7 3 49
297 544 7 9 3777565
297 742 1 2 4
298 75 7 4 160
298 800 7 1 7
299 78 10 6 40521
300 29 2 3 17
300 140 2 2 7
301 274 5 1 5
301 777 2 2 4
303 292 4 1 5
304 6 7 1 7
304 42 4 1 4
304 212 4 1 4
305 11 2 5 493
305 34 7 1 4
305 163 4 1 4
305 576 10 1 13
306 918 10 2 24
308 21 7 1 4
308 583 7 1 8
308 640 1 2 4
308 692 1 4 74
308 832 8 1 12
308 848 8 1 14
309 77 10 1 13
314 109 1 2 4
314 376 10 1 7
314 518 7 5 1035
315 739 9 1 4
316 452 1 2 4
318 532 3 6 11455
320 29 8 2 18
320 428 4 2 16
320 641 4 1 4
320 720 4 1 7
321 4 10 1 4
321 262 2 3 13
321 337 7 4 336
321 768 6 1 4
321 834 10 2 23
321 1008 5 3 70
322 0 5 6 5861
322 80 5 1 4
322 272 5 4 200
322 902 1 2 4
323 360 5 2 11
323 515 9 2 19
324 16 2 2 5
324 179 2 3 21
325 74 7 1 4
326 32 6 3 66
326 280 5 1 6
326 443 10 1 4
327 675 5 1 4
327 698 10 1 7
328 45 7 1 10
329 35 3 2 7
329 836 7 1 5
330 204 5 1 4
331 512 9 4 916
332 456 3 1 4
335 391 9 1 4
336 576 1 4 30
337 352 7 1 11
337 768 3 1 5
338 33 7 1 4
339 42 8 1 4
340 0 3 1 4
340 106 2 4 45
340 704 8 1 4
340 763 8 2 24
341 576 4 1 4
342 15 3 2 10
342 536 3 2 7
343 475 3 7 59171
348 128 9 4 246
348 395 10 1 12
352 419 5 1 4
352 860 9 1 5
353 684 4 1 7
354 30 10 5 4158
354 836 1 5 182
354 969 3 1 4
356 800 8 1 7
357 433 1 2 5
357 641 10 1 4
358 3 8 1 7
360 514 10 1 15
360 732 8 1 7
360 784 9 3 50
360 810 5 2 17
363 424 5 3 74
364 740 3 1 4
368 49 8 1 5
368 925 10 1 4
371 112 6 1 7
372 352 4 1 4
379 333 8 3 114
381 531 1 2 4
384 5 6 2 15
384 6 3 3 37
384 156 1 2 4
384 312 10 1 4
384 332 6 2 15
384 423 2 2 7
384 457 8 3 131
384 571 1 3 21
384 962 9 3 91
385 214 2 7 14080
386 64 6 1 4
386 158 2 3 11
386 160 2 3 37
386 275 8 1 11
386 681 2 6 9059
386 846 8 7 86091
386 849 3 2 10
387 147 10 1 10
387 297 7 3 47
388 332 9 7 57800
389 596 1 3 15
390 566 5 1 4
391 461 5 5 1075
392 336 3 7 39749
392 674 8 5 3070
393 461 2 3 20
394 590 3 2 10
395 4 3 1 4
396 454 1 3 21
396 536 3 1 4
396 777 4 4 153
396 915 3 1 4
397 305 10 1 4
397 518 7 1 4
398 943 6 1 4
400 10 1 3 12
400 144 9 3 99
401 58 2 3 29
401 277 4 3 54
401 932 6 8 263735
402 68 5 3 30
402 769 5 4 194
403 20 7 1 4
403 98 5 1 4
405 160 9 1 4
407 591 2 2 6
408 66 2 2 7
409 105 4 1 7
409 417 3 3 18
409 888 5 1 7
410 520 10 1 4
413 640 6 1 4
415 101 10 1 4
416 531 2 3 35
416 832 3 2 10
417 577 2 4 95
418 16 5 1 4
419 7 7 2 26
419 844 4 4 129
420 538 10 1 10
420 545 6 1 4
422 736 1 5 221
423 384 9 1 7
423 651 10 1 4
424 481 5 1 7
425 161 10 2 31
425 746 8 1 5
425 776 10 5 1280
426 644 4 1 4
427 580 3 8 180429
430 8 3 2 8
430 68 9 1 4
430 203 4 5 582
433 197 5 1 4
433 398 4 1 4
437 2 3 2 14
442 146 9 1 7
444 769 1 2 5
448 655 2 2 5
452 488 6 1 4
452 513 1 3 7
453 368 3 4 121
454 782 4 1 4
455 640 6 1 7
456 367 3 5 771
457 906 8 1 4
458 101 7 5 1691
458 743 2 2 4
460 197 6 3 35
460 462 2 4 75
460 566 7 2 33
462 641 4 7 31038
463 916 10 1 10
464 928 8 1 4
467 211 4 5 896
472 256 1 5 331
473 6 5 1 3
473 600 3 3 18
480 665 3 5 460
481 288 4 1 4
481 416 10 4 530
482 64 4 2 13
482 285 2 3 30
483 555 9 1 4
488 3 1 5 142
488 269 7 3 52
488 334 6 3 70
488 565 8 5 1218
489 64 6 9 2338346
496 433 2 2 7
496 978 8 1 5
501 519 10 2 22
505 332 8 1 7
506 706 7 1 7
512 65 2 4 194
512 153 7 1 4
512 173 5 2 18
512 266 2 3 20
512 438 9 2 21
512 453 10 5 1692
512 685 7 1 4
512 936 3 2 7
513 42 7 1 10
513 47 2 4 204
513 65 10 1 4
513 100 9 1 9
513 112 5 5 700
513 304 9 3 64
513 315 9 1 4
513 340 9 1 4
513 548 2 2 4
513 640 2 4 201
513 644 8 1 12
514 4 5 1 4
514 36 5 3 82
514 452 6 1 10
514 522 8 7 267470
514 780 6 1 4
515 93 4 3 58
515 157 10 2 47
515 273 7 3 70
516 33 10 1 4
516 69 3 1 4
516 555 9 1 4
516 582 4 1 7
516 785 10 1 4
517 0 10 2 19
517 3 9 1 4
517 34 2 2 4
517 132 8 2 36
517 177 7 1 4
517 233 9 1 4
517 534 9 1 7
517 672 8 1 4
517 676 6 1 4
518 0 4 1 4
519 944 6 1 8
519 967 8 1 7
520 328 10 1 10
520 896 2 2 4
521 81 1 5 404
521 229 9 1 8
521 450 9 1 12
521 560 7 7 131519
522 652 9 3 148
523 650 7 1 12
524 159 7 5 1060
524 520 6 1 4
525 134 5 1 4
525 820 10 5 3453
528 33 5 7 153537
528 36 6 1 4
528 156 5 1 5
528 406 5 1 4
528 512 3 3 21
528 720 8 1 7
528 801 2 2 4
529 148 5 1 4
529 260 6 4 380
529 423 4 2 15
529 520 9 1 7
529 737 7 1 4
529 836 4 3 44
530 86 6 3 42
530 278 3 6 2994
530 325 6 9 6808057
530 522 5 2 22
532 11 4 1 5
532 292 3 4 71
532 550 6 2 15
533 787 6 2 17
534 6 6 1 4
534 425 6 2 16
534 786 1 3 13
534 928 6 3 76
535 10 10 4 580
536 244 8 2 28
536 687 3 6 3925
536 902 3 1 5
537 99 4 3 33
537 138 3 2 7
537 478 7 1 7
538 74 2 5 249
538 84 10 3 100
538 820 10 1 4
540 256 8 1 7
540 481 10 2 19
541 344 10 1 5
541 793 1 3 7
544 21 1 5 336
544 24 10 2 29
544 401 7 1 4
544 536 3 1 5
544 542 8 1 4
545 209 10 1 4
545 743 5 8 494833
545 914 5 8 1290300
546 263 2 3 13
546 758 4 2 10
546 900 1 7 27562
547 265 5 1 4
547 427 7 1 5
547 577 2 2 7
548 169 2 2 5
548 577 7 1 4
549 146 10 3 117
549 647 3 1 4
550 36 1 6 1668
550 649 6 1 7
550 800 9 1 4
551 40 3 1 4
552 136 8 1 8
552 640 8 2 30
552 656 7 6 6537
553 933 2 2 5
554 137 5 1 4
556 409 5 1 4
557 15 5 1 5
557 370 10 1 4
557 400 2 4 67
557 512 2 5 420
557 770 7 1 4
559 557 6 1 5
560 18 8 1 10
560 96 5 2 13
560 104 6 1 4
560 168 8 1 4
561 10 1 4 51
561 444 6 6 19505
561 786 9 2 16
561 993 3 1 4
564 656 2 4 143
566 4 3 1 4
566 132 10 1 4
569 385 1 3 9
569 522 4 2 10
571 100 2 2 8
571 457 3 1 4
572 64 6 1 4
572 257 4 1 5
572 370 10 1 17
573 797 2 2 4
573 886 10 1 5
574 18 7 1 4
574 533 9 1 4
576 4 4 2 12
576 5 9 1 4
576 48 10 1 4
576 133 5 3 36
576 172 8 1 5
576 371 6 1 4
576 525 5 5 1729
577 222 7 3 95
577 292 3 1 4
578 26 9 3 182
578 120 4 1 4
578 136 5 1 4
578 554 4 4 237
578 572 5 2 16
578 575 1 2 4
579 136 4 2 11
579 621 9 5 2535
580 64 8 1 4
580 598 2 2 4
582 633 9 1 4
583 129 8 6 21965
584 833 9 2 40
585 354 6 6 26153
585 389 1 2 4
586 530 2 2 4
587 608 7 1 4
588 784 7 3 56
590 276 2 4 210
590 300 9 3 188
590 520 1 2 4
590 788 3 4 331
591 147 8 1 4
592 2 10 2 24
592 322 9 1 11
592 528 7 7 82806
592 585 2 3 43
595 557 4 3 31
596 11 8 9 4938050
596 33 10 3 84
596 91 5 2 12
597 387 7 1 5
599 569 10 5 2152
600 115 8 3 83
600 573 5 2 12
600 575 4 1 4
601 335 1 4 91
601 431 3 6 2931
602 480 2 5 1371
604 1006 7 2 18
607 393 7 2 19
608 176 2 2 7
608 185 7 5 926
608 576 8 1 10
609 768 2 3 30
611 125 10 4 261
612 170 10 1 4
614 265 2 2 7
616 81 2 5 1103
625 5 8 1 8
626 104 8 3 52
627 3 7 1 7
627 769 5 3 34
627 977 9 1 12
629 446 8 1 10
631 24 4 1 4
638 161 3 1 5
640 4 10 1 4
640 16 4 1 5
640 160 2 2 4
640 181 1 3 7
640 258 6 1 4
640 421 4 1 4
640 467 3 3 29
640 584 1 2 4
640 659 4 2 10
640 732 6 1 4
640 938 4 1 4
642 562 6 1 8
642 724 7 1 4
643 73 5 1 7
644 387 4 1 4
644 756 10 1 5
644 769 10 1 13
645 4 2 2 7
646 289 1 10 89974632
646 388 1 3 7
648 76 7 1 8
648 98 9 1 12
648 210 7 1 4
648 301 1 3 10
648 369 1 4 29
650 216 10 2 29
650 953 5 1 4
651 290 6 5 3829
652 257 10 1 4
652 594 1 2 4
654 129 8 2 16
655 761 7 1 7
656 3 5 1 4
656 833 7 5 1436
657 79 1 4 24
657 201 5 1 4
658 10 6 1 10
658 26 8 1 4
658 226 10 1 13
658 640 1 4 69
660 36 10 3 95
660 648 8 1 4
664 205 8 1 4
664 781 4 1 4
665 3 10 2 19
665 260 1 5 182
666 66 4 1 4
667 587 5 1 5
668 749 7 1 4
672 1 7 5 4731
672 64 1 2 5
672 129 6 3 55
672 514 4 1 4
672 608 2 3 19
672 717 5 1 4
674 672 6 4 148
675 470 5 6 11307
676 52 8 1 7
677 121 8 1 7
678 237 7 3 39
680 39 7 1 5
680 450 5 5 791
681 6 10 1 7
681 33 4 1 5
682 156 2 2 4
684 1008 5 1 8
686 426 8 2 30
686 593 8 1 4
688 385 4 1 7
689 80 4 3 54
692 914 10 1 12
694 931 7 1 12
694 976 4 4 238
695 517 4 2 10
696 885 6 1 4
700 18 8 2 15
700 229 3 1 4
700 864 4 3 35
701 941 9 1 10
704 292 8 2 21
704 370 6 3 44
704 673 8 1 5
705 854 6 6 7291
706 17 1 2 4
706 161 4 2 8
706 460 1 3 8
709 354 2 2 4
709 644 8 2 33
709 843 9 1 8
710 2 5 4 334
712 35 7 2 18
712 141 2 8 639842
712 294 4 2 12
712 862 3 9 4980363
713 837 4 1 4
716 98 2 2 4
716 649 5 1 4
719 512 7 1 4
720 144 7 3 94
721 104 1 3 10
721 584 6 4 142
722 100 7 2 21
722 393 5 1 4
722 464 2 4 109
723 142 3 3 24
725 44 9 9 6296323
725 65 9 3 96
726 322 10 2 22
727 200 1 3 9
728 227 9 5 1214
728 712 8 6 5641
732 834 4 1 4
736 24 9 2 18
737 25 5 1 5
737 288 4 1 4
737 610 6 1 4
740 235 4 1 4
741 260 7 5 1245
742 97 10 1 15
746 386 1 5 121
746 536 5 4 373
752 494 5 1 4
752 786 4 4 271
760 40 5 1 4
760 220 4 5 2602
761 435 2 3 42
768 608 9 1 7
768 666 3 2 7
769 34 10 5 6253
769 350 10 5 3870
769 640 9 2 24
769 773 3 1 4
770 256 4 1 4
771 128 5 1 4
771 800 5 2 13
772 0 4 1 4
772 32 10 6 6966
774 8 9 1 7
774 936 3 3 16
775 48 5 1 7
775 921 5 1 5
776 155 7 3 50
776 586 4 2 8
776 697 10 1 4
777 318 2 3 31
777 554 3 1 5
778 330 6 4 302
778 707 4 2 10
780 14 4 5 2039
780 193 2 2 4
780 707 2 2 5
781 222 3 4 135
781 496 5 1 5
782 226 1 6 837
784 1 8 1 7
784 514 4 3 23
784 549 2 2 10
784 569 6 1 10
784 604 5 4 127
784 634 6 2 19
784 841 2 2 4
786 142 2 2 4
786 521 3 2 7
786 576 1 2 4
786 914 2 3 15
792 540 1 3 8
793 52 7 1 4
793 628 3 6 12760
798 776 10 1 4
800 9 4 1 6
800 45 7 1 4
800 824 7 6 29047
801 34 2 2 7
801 312 8 3 84
802 660 8 1 7
802 769 10 5 4292
803 512 2 2 4
804 337 1 3 12
804 433 3 1 4
804 779 1 4 26
805 387 1 2 4
806 232 2 5 1383
806 480 3 1 4
808 777 2 4 147
808 937 6 1 10
810 17 4 1 7
810 394 5 1 5
810 416 1 4 35
812 778 9 4 399
814 161 8 1 7
814 264 10 1 4
814 523 2 3 13
814 905 8 1 4
816 24 2 3 13
817 784 7 3 61
818 253 7 1 4
821 236 10 1 4
824 609 7 1 5
824 978 8 1 4
830 356 4 1 7
832 21 1 2 4
832 43 2 3 15
832 281 5 2 25
832 328 7 5 1390
832 427 4 1 4
834 0 2 2 7
834 148 6 1 7
834 912 10 1 4
835 392 7 1 10
835 583 2 2 9
836 86 2 2 4
839 21 9 2 21
840 545 8 1 4
840 800 5 1 4
841 32 3 1 4
841 370 6 1 7
842 200 9 2 19
845 561 8 8 1592210
848 90 4 1 4
848 313 3 3 64
848 899 9 1 13
849 792 6 1 7
849 1018 3 1 4
850 308 3 6 7770
852 2 7 1 4
852 72 7 1 10
852 824 2 2 4
854 681 8 3 54
856 866 2 2 5
862 130 9 1 4
863 516 3 1 4
864 23 2 5 227
867 998 9 1 4
871 264 6 1 4
872 165 7 1 4
873 9 6 1 8
882 42 4 2 16
882 591 4 1 4
882 778 8 1 4
884 802 9 1 4
885 601 1 5 441
894 392 9 1 13
896 868 5 1 4
897 115 2 2 4
897 1002 9 1 7
898 336 9 1 4
898 699 6 3 58
899 537 8 1 4
899 736 7 1 8
900 162 5 1 4
900 313 1 3 10
902 420 1 2 4
903 339 1 6 860
904 231 9 1 15
904 552 10 5 6231
904 888 7 1 4
905 196 8 1 11
905 540 3 5 941
905 572 6 1 4
906 137 4 1 4
906 210 4 2 19
906 328 5 1 4
907 276 9 1 4
910 614 7 1 7
911 896 7 1 10
912 85 4 6 3157
912 388 2 2 7
914 669 8 1 8
914 968 8 4 186
916 742 7 1 4
916 777 5 1 4
917 912 5 1 4
921 272 4 5 803
922 8 4 1 4
924 33 2 2 5
924 196 4 1 4
928 64 1 2 4
929 10 6 3 107
929 316 5 2 9
930 720 10 3 206
931 657 9 5 1435
932 274 4 1 5
933 657 10 1 13
938 261 5 1 8
938 316 9 2 39
938 552 9 1 15
944 165 8 2 29
947 568 10 3 97
948 9 2 5 359
951 818 7 1 4
953 905 4 3 22
954 22 3 2 12
956 846 4 1 5
958 844 9 1 7
960 358 8 1 4
961 291 5 1 4
961 333 5 1 4
961 472 5 2 21
961 481 9 1 4
966 29 7 1 8
966 555 3 6 9849
968 352 5 1 4
969 313 6 1 9
970 180 10 10 171732061
971 566 3 1 4
975 205 6 3 55
976 321 1 3 8
977 549 6 1 4
985 268 9 1 4
987 962 3 3 41
988 366 2 2 4
996 36 8 1 4
996 836 7 1 4
1002 652 3 3 28
1020 385 8 2 24
