0 89 3 2 8
3 218 3 2 10
3 430 10 1 4
4 414 7 1 4
5 214 5 5 1544
10 223 6 1 3
11 30 4 1 4
14 173 8 1 4
15 160 7 1 8
16 114 2 2 4
20 283 6 3 67
22 226 7 1 7
22 451 4 1 7
24 386 1 5 531
26 142 1 2 4
27 378 2 2 4
28 407 3 1 4
30 182 5 3 83
30 403 7 1 4
34 84 7 9 2722978
34 199 10 1 4
34 231 6 1 4
35 479 10 1 17
38 488 2 2 7
40 75 7 5 3808
40 103 6 2 29
40 464 5 4 142
41 429 4 5 1149
42 45 6 1 4
45 108 7 1 4
49 66 3 1 4
50 177 7 1 5
50 474 7 4 163
51 134 2 2 7
52 277 6 3 73
54 464 1 5 692
56 234 1 2 4
58 164 9 1 4
61 396 7 5 4342
64 91 2 2 4
64 501 5 3 97
65 386 8 2 34
68 267 9 2 23
68 290 4 2 10
68 432 1 6 1485
69 89 8 1 7
69 462 7 1 12
70 295 4 5 661
71 228 2 3 14
74 451 6 4 349
75 392 1 2 4
76 153 5 2 10
78 209 8 1 4
80 86 7 1 11
80 420 5 3 80
82 488 7 1 11
83 407 3 1 4
84 257 1 3 14
86 118 1 2 4
87 133 8 1 4
90 292 6 2 26
94 427 8 1 7
95 182 3 4 98
95 486 5 1 5
98 113 10 2 29
99 402 7 1 8
102 259 2 3 11
103 273 8 1 4
106 198 3 1 5
107 359 9 5 1684
108 404 1 2 5
109 367 4 2 8
112 236 10 1 4
116 207 5 4 314
122 258 8 1 14
122 383 6 1 4
124 280 9 2 22
125 507 7 1 11
127 311 1 3 7
128 385 8 1 5
129 206 8 1 7
129 406 5 1 4
142 322 3 3 19
144 505 6 4 186
146 362 2 4 49
148 359 4 2 8
149 196 9 1 4
149 224 3 1 4
149 458 2 1 3
151 387 4 4 116
151 463 4 5 516
152 433 9 1 4
155 412 8 1 4
155 418 2 2 7
156 507 2 4 103
159 331 3 2 14
163 333 8 4 519
164 291 3 3 32
168 209 1 3 7
176 462 2 2 4
178 409 6 1 4
179 473 6 1 4
186 237 2 2 8
189 252 7 3 80
189 275 4 3 46
189 474 2 2 4
190 424 5 8 1415072
191 352 3 1 4
194 346 7 1 4
196 439 5 2 17
198 267 6 3 37
198 279 5 1 4
204 245 5 4 222
205 345 7 2 23
209 223 9 1 4
209 492 1 2 4
210 380 4 2 8
211 386 1 2 4
212 238 3 2 10
213 443 4 1 4
214 231 1 2 4
219 234 2 4 183
221 351 9 1 4
223 412 4 2 14
227 273 6 2 29
229 452 6 1 4
230 482 10 2 32
233 247 9 2 22
235 354 3 3 29
239 323 8 1 7
242 257 9 1 4
242 285 10 1 4
243 249 5 1 4
246 254 9 1 4
253 500 4 1 4
259 373 1 2 4
260 316 2 4 62
262 414 4 1 4
264 339 7 1 4
266 294 3 2 7
267 463 1 3 7
267 475 3 1 4
270 335 1 3 10
271 489 7 1 7
272 320 9 2 16
272 404 6 1 7
275 280 8 3 175
275 323 3 5 884
276 335 3 2 13
277 279 5 1 4
277 359 9 1 4
289 366 8 1 4
290 427 1 2 4
294 451 7 1 4
295 478 1 4 37
298 354 8 2 41
299 363 9 1 7
303 305 8 1 4
303 376 1 2 4
304 474 9 1 4
305 416 9 3 77
309 400 4 3 25
314 499 8 1 7
317 318 4 1 3
318 481 4 1 4
322 354 8 1 14
325 422 3 1 4
336 444 10 1 4
349 431 8 1 4
353 371 1 5 573
354 457 1 4 64
358 420 8 1 4
360 431 5 1 4
361 510 1 4 104
368 482 10 6 30803
373 436 9 1 4
374 489 6 1 4
380 462 4 1 4
383 387 3 1 5
385 425 10 1 8
385 498 2 2 4
386 394 9 1 10
386 468 3 1 4
388 418 8 5 5317
388 472 9 3 68
389 500 9 1 4
393 488 10 7 51572
394 399 5 5 2422
399 410 10 1 4
400 407 2 2 4
400 492 2 2 4
405 474 5 1 4
412 455 10 1 4
429 432 6 3 113
444 468 9 1 4
450 475 5 2 16
453 471 6 5 3449
461 503 7 6 21055
466 501 2 2 4
474 480 8 1 7
