639 0.00237627994074852 
1249 0.00237627994074852 
1564 0.00237627994074852 
1294 0.00237627994074852 
999 0.00237627994074852 
1499 0.00237627994074852 
655 0.00237627994074852 
1190 0.0023821687048048963 
721 0.0023821687048048963 
1734 0.00237627994074852 
1574 0.0023792243208206063 
341 0.00237627994074852 
1507 0.00237627994074852 
1645 0.00237627994074852 
1062 0.00237627994074852 
727 0.00237627994074852 
433 0.002388057484191726 
336 0.00237627994074852 
1920 0.00237627994074852 
1585 0.00237627994074852 
1638 0.00237627994074852 
751 0.0023880576482485337 
1069 0.00237627994074852 
431 0.00237627994074852 
739 0.00237627994074852 
733 0.00237627994074852 
1909 0.00237627994074852 
1959 0.00237627994074852 
1650 0.00237627994074852 
6 0.00237627994074852 
283 0.0023851130926219035 
1572 0.00237627994074852 
685 0.00237627994074852 
1511 0.00237627994074852 
107 0.002373335768422731 
447 0.0023792243208206063 
351 0.00237627994074852 
477 0.00237627994074852 
1986 0.00237627994074852 
678 0.00237627994074852 
989 0.0023821687048048963 
1488 0.00237627994074852 
946 0.0023792243208206063 
602 0.00237627994074852 
740 0.00237627994074852 
1045 0.00237627994074852 
1702 0.00237627994074852 
1975 0.00237627994074852 
1624 0.00237627994074852 
609 0.00237627994074852 
1860 0.0023792243208206063 
388 0.00237627994074852 
1393 0.0023821687048048963 
650 0.0023792243208206063 
600 0.00237627994074852 
813 0.00237627994074852 
732 0.00237627994074852 
1679 0.00237627994074852 
1218 0.00237627994074852 
1652 0.0023792243208206063 
568 0.002388057484191726 
839 0.00237627994074852 
1848 0.00237627994074852 
1457 0.00237627994074852 
1378 0.0023792243208206063 
1261 0.0023792243208206063 
695 0.0023792243208206063 
1932 0.00237627994074852 
880 0.002373335768422731 
950 0.00237627994074852 
1299 0.00237627994074852 
734 0.0023910018794340623 
72 0.002373335072061165 
628 0.00237627994074852 
1774 0.00237627994074852 
1556 0.002373335215712946 
195 0.0024057236604689103 
1272 0.00237627994074852 
1569 0.0023880576482485337 
1270 0.00237627994074852 
1388 0.00237627994074852 
971 0.00237627994074852 
38 0.00237627994074852 
1944 0.00237627994074852 
425 0.00237627994074852 
1412 0.00237627994074852 
765 0.00237627994074852 
831 0.00237627994074852 
786 0.00237627994074852 
654 0.00237627994074852 
791 0.00237627994074852 
1063 0.00237627994074852 
539 0.00237627994074852 
1420 0.002364502251564707 
460 0.00237627994074852 
1906 0.00237627994074852 
526 0.00237627994074852 
544 0.00237627994074852 
1086 0.00237627994074852 
903 0.0023821687048048963 
242 0.00237627994074852 
764 0.0023792243208206063 
1663 0.00237627994074852 
1883 0.002388057484191726 
424 0.002373335072061165 
130 0.002388057484191726 
918 0.0023792243208206063 
280 0.00237627994074852 
572 0.00237627994074852 
1704 0.002388057484191726 
311 0.0023792243208206063 
1465 0.00237627994074852 
1996 0.002388057484191726 
404 0.00237627994074852 
1002 0.00237627994074852 
873 0.0023792243208206063 
957 0.002388057484191726 
1030 0.00237627994074852 
1323 0.00237627994074852 
731 0.00237627994074852 
1036 0.00237627994074852 
369 0.0023792243208206063 
1221 0.00237627994074852 
154 0.00237627994074852 
1680 0.0023821687048048963 
1 0.00237627994074852 
964 0.0023821687048048963 
1437 0.00237627994074852 
1861 0.00237627994074852 
1675 0.00237627994074852 
1287 0.0023851124819644115 
774 0.0023792243208206063 
985 0.0023792243208206063 
1558 0.00237627994074852 
1979 0.00237627994074852 
1754 0.00237627994074852 
811 0.0023792243208206063 
1705 0.00237627994074852 
1013 0.00237627994074852 
1897 0.00237627994074852 
1950 0.002388057484191726 
1316 0.002373335072061165 
1157 0.0023792243208206063 
640 0.00237627994074852 
1809 0.00237627994074852 
1862 0.00237627994074852 
110 0.00237627994074852 
520 0.00237627994074852 
1790 0.00237627994074852 
1220 0.00237627994074852 
1081 0.002373335768422731 
1484 0.00237627994074852 
642 0.002373335768422731 
184 0.0023910018794340623 
1741 0.00237627994074852 
803 0.00237627994074852 
908 0.0024057236604689103 
1071 0.002373335072061165 
44 0.0023821687048048963 
1242 0.00237627994074852 
814 0.00237627994074852 
391 0.002373335768422731 
1164 0.0023792243208206063 
1023 0.00237627994074852 
1820 0.00237627994074852 
199 0.0023792243208206063 
465 0.00237627994074852 
538 0.00237627994074852 
1633 0.00237627994074852 
1803 0.0023792243208206063 
144 0.00237627994074852 
894 0.00237627994074852 
96 0.00237627994074852 
637 0.00237627994074852 
152 0.0023792243208206063 
120 0.00237627994074852 
17 0.0023851130926219035 
816 0.0023792243208206063 
634 0.002373335768422731 
1515 0.00237627994074852 
534 0.0023792243208206063 
1960 0.00237627994074852 
611 0.002373335072061165 
75 0.00237627994074852 
446 0.00237627994074852 
671 0.00237627994074852 
1963 0.00237627994074852 
390 0.00237627994074852 
1222 0.00237627994074852 
1454 0.0023792243208206063 
1783 0.002388057484191726 
1092 0.00237627994074852 
1829 0.0023821687048048963 
76 0.00237627994074852 
949 0.00237627994074852 
1666 0.00237627994074852 
1305 0.00237627994074852 
1664 0.0023821687048048963 
1711 0.00237627994074852 
1314 0.00237627994074852 
1688 0.00237627994074852 
1972 0.00237627994074852 
795 0.00237627994074852 
789 0.002373335768422731 
1658 0.00237627994074852 
103 0.00237627994074852 
1464 0.0023880576482485337 
1012 0.00237627994074852 
1522 0.00237627994074852 
68 0.00237627994074852 
365 0.00237627994074852 
1642 0.00237627994074852 
916 0.00237627994074852 
1565 0.0023880576482485337 
633 0.00237627994074852 
207 0.00237627994074852 
414 0.00237627994074852 
730 0.00237627994074852 
1133 0.0023880576482485337 
409 0.00237627994074852 
719 0.00237627994074852 
1733 0.00237627994074852 
1752 0.00237627994074852 
872 0.00237627994074852 
900 0.00237627994074852 
1471 0.00237627994074852 
1075 0.00237627994074852 
1693 0.00237627994074852 
143 0.00237627994074852 
129 0.00237627994074852 
1780 0.00237627994074852 
871 0.0023762794724970803 
1455 0.00237627994074852 
1562 0.00237627994074852 
1160 0.00237627994074852 
1882 0.00237627994074852 
1681 0.00237627994074852 
653 0.00237627994074852 
1494 0.00237627994074852 
239 0.00237627994074852 
1905 0.0023821687048048963 
1056 0.00237627994074852 
596 0.0023821687048048963 
1310 0.00237627994074852 
954 0.00237627994074852 
1857 0.0023792243208206063 
994 0.00237627994074852 
1998 0.00237627994074852 
1010 0.00237627994074852 
1559 0.00237627994074852 
1867 0.0023792243208206063 
1981 0.00237627994074852 
603 0.0023821687048048963 
1933 0.00237627994074852 
88 0.00237627994074852 
94 0.00237627994074852 
1934 0.00237627994074852 
728 0.00237627994074852 
899 0.002376279304543078 
1070 0.00237627994074852 
162 0.00237627994074852 
960 0.00237627994074852 
1334 0.00237627994074852 
1138 0.00237627994074852 
1686 0.00237627994074852 
1283 0.00237627994074852 
1557 0.0023821687048048963 
859 0.00237627994074852 
1320 0.00237627994074852 
260 0.00237627994074852 
80 0.00237627994074852 
1416 0.00237627994074852 
116 0.00237627994074852 
1410 0.00237627994074852 
532 0.00237627994074852 
137 0.00237627994074852 
806 0.00237627994074852 
1490 0.0023792243208206063 
690 0.00237627994074852 
1338 0.00237627994074852 
435 0.00237627994074852 
834 0.00237627994074852 
1365 0.00237627994074852 
1233 0.002373335768422731 
1481 0.00237627994074852 
1722 0.0023821687048048963 
445 0.0023762794724970803 
910 0.0023792243208206063 
1304 0.002373335768422731 
594 0.00237627994074852 
140 0.00237627994074852 
108 0.0023792243208206063 
1644 0.00237627994074852 
2 0.0023792243208206063 
454 0.00237627994074852 
565 0.0024057236604689103 
78 0.00237627994074852 
1446 0.00237627994074852 
850 0.00237627994074852 
1101 0.00237627994074852 
1195 0.00237627994074852 
474 0.00237627994074852 
1319 0.0023792243208206063 
506 0.002376279304543078 
857 0.0024057236604689103 
779 0.00237627994074852 
1479 0.00237627994074852 
1271 0.00237627994074852 
564 0.0023821687048048963 
272 0.0023792243208206063 
1630 0.00237627994074852 
775 0.00237627994074852 
1854 0.0023792243208206063 
1744 0.00237627994074852 
590 0.00237627994074852 
963 0.00237039082718303 
1721 0.00237627994074852 
1344 0.00237627994074852 
1626 0.0023792243208206063 
444 0.00237627994074852 
573 0.0023792243208206063 
11 0.00237627994074852 
1401 0.00237627994074852 
501 0.00237627994074852 
1394 0.00237627994074852 
1610 0.0023792243208206063 
1089 0.00237627994074852 
1053 0.00237627994074852 
1292 0.0023792243208206063 
36 0.00237627994074852 
1974 0.00237627994074852 
1570 0.002396890822093604 
854 0.00237627994074852 
672 0.00237627994074852 
1018 0.0023792243208206063 
1429 0.00237627994074852 
222 0.00237627994074852 
849 0.00237627994074852 
464 0.00237627994074852 
747 0.00237627994074852 
347 0.00237627994074852 
1231 0.00237627994074852 
563 0.00237627994074852 
1977 0.00237627994074852 
1942 0.00237627994074852 
328 0.00237627994074852 
1827 0.0023792243208206063 
862 0.00237627994074852 
1708 0.002373335768422731 
1811 0.0023792243208206063 
16 0.00237627994074852 
1948 0.00237627994074852 
681 0.00237627994074852 
1021 0.00237627994074852 
1898 0.00237627994074852 
588 0.00237627994074852 
736 0.00237627994074852 
1537 0.00237627994074852 
1276 0.002376279304543078 
569 0.00237627994074852 
1509 0.002388057484191726 
495 0.002367446027173587 
1360 0.0023851125324693633 
1669 0.00237627994074852 
1646 0.0023792243208206063 
561 0.00237627994074852 
286 0.00237627994074852 
1935 0.00237627994074852 
1315 0.00237627994074852 
1720 0.00237627994074852 
1263 0.00237627994074852 
1533 0.00237627994074852 
1153 0.002388057484191726 
71 0.0023792243208206063 
174 0.0023821687048048963 
237 0.00237627994074852 
1902 0.00237627994074852 
955 0.0023792243208206063 
1139 0.00237627994074852 
1842 0.0023792243208206063 
1472 0.00237627994074852 
1411 0.00237627994074852 
1352 0.0023968906806131397 
139 0.00237627994074852 
962 0.002373335072061165 
1385 0.00237627994074852 
1486 0.00237627994074852 
710 0.00237627994074852 
1082 0.00237627994074852 
271 0.0023792243208206063 
284 0.00237627994074852 
1317 0.00237627994074852 
149 0.0023821687048048963 
1110 0.00237627994074852 
252 0.00237627994074852 
713 0.0023792243208206063 
799 0.00237627994074852 
1144 0.00237627994074852 
1637 0.00237627994074852 
1375 0.00237627994074852 
