0 8 9 1 5
0 18 7 1 9
0 29 1 3 17
0 47 4 1 4
0 135 8 1 4
0 274 9 1 4
0 321 6 1 7
0 352 8 10 3985314097
0 415 3 2 10
0 646 8 4 277
0 674 2 2 4
0 843 9 1 4
0 917 4 1 4
1 7 2 5 284
1 15 6 3 117
1 30 3 2 10
1 70 10 1 5
1 228 4 2 8
1 825 2 6 2923
2 3 1 2 4
2 8 4 1 4
2 48 10 2 28
2 132 2 3 12
2 328 7 1 4
2 826 10 1 4
3 652 1 3 8
4 4 2 2 4
4 50 10 2 27
4 64 4 5 501
4 293 3 1 4
4 368 9 1 11
4 774 4 1 4
4 803 5 5 1322
6 3 7 1 7
6 267 1 5 117
6 466 10 1 4
6 798 3 3 37
8 2 4 3 84
8 386 1 3 11
8 552 10 1 4
8 642 3 1 4
8 656 9 3 179
8 850 8 1 4
8 902 3 5 594
9 274 5 4 113
9 416 5 1 4
9 526 3 1 4
10 208 5 1 7
10 518 6 1 4
10 599 7 1 4
10 680 2 2 4
12 0 4 1 7
12 128 1 3 7
12 781 8 1 4
13 66 4 1 4
13 224 5 1 4
13 320 6 1 4
13 780 8 1 4
14 321 7 4 470
14 376 7 1 4
14 584 8 1 10
15 352 6 2 13
15 659 4 1 4
16 64 5 1 7
16 198 8 1 8
16 516 6 1 4
16 643 1 2 4
17 48 7 2 35
18 51 2 2 4
18 290 6 1 8
18 641 7 1 4
18 645 9 1 4
20 1 10 3 160
20 28 1 2 4
20 323 1 2 4
20 786 2 2 4
21 258 6 4 165
22 24 1 4 103
22 68 10 3 60
22 107 1 2 4
22 331 7 3 58
22 565 7 2 21
23 328 7 8 2389042
24 9 5 3 28
25 523 7 2 23
26 20 3 1 4
26 109 4 1 4
26 801 8 1 4
27 549 4 1 4
28 72 9 6 7113
28 624 9 1 15
29 327 9 1 4
29 532 7 1 10
32 759 7 1 4
33 2 8 1 5
33 3 3 2 7
33 64 7 1 4
33 898 3 3 18
34 324 6 2 26
34 561 10 1 4
34 800 2 2 4
36 34 2 2 4
36 48 6 1 4
36 705 10 1 4
37 364 1 6 750
37 640 3 1 4
38 180 6 1 4
38 544 1 2 4
39 520 7 3 100
40 39 9 1 12
40 528 4 1 4
40 672 9 1 7
40 756 3 2 12
41 276 10 2 50
41 321 3 1 4
41 987 6 1 4
42 140 3 2 7
43 1 9 9 4989761
44 430 8 4 348
44 794 8 3 75
45 266 8 5 929
45 615 2 2 4
45 844 2 3 13
47 1022 8 1 4
48 67 9 1 4
48 176 7 7 45872
48 193 8 1 4
48 646 6 1 4
48 708 6 3 39
48 789 9 9 3875810
49 17 7 1 4
49 516 5 4 136
50 113 8 1 4
50 528 2 2 4
51 377 5 1 8
51 516 4 1 4
52 46 9 3 113
52 188 6 5 1619
52 256 4 1 5
52 285 5 3 38
52 899 5 1 8
55 278 5 1 4
56 472 8 1 4
57 5 8 1 7
57 128 7 5 1501
59 453 2 2 4
60 948 2 5 294
62 521 6 7 46240
64 194 6 1 4
64 197 10 1 4
64 370 4 7 46888
64 514 6 1 4
64 686 3 8 174458
64 780 2 5 232
65 25 2 6 1691
65 241 2 2 4
65 515 5 1 4
65 614 4 4 112
66 140 5 1 4
66 545 8 6 34338
67 16 5 1 4
67 20 5 2 15
68 192 2 5 936
68 226 9 6 30155
68 322 8 1 4
69 572 8 6 30566
70 109 7 1 7
70 672 1 9 804089
72 8 7 1 4
72 280 9 1 4
72 533 2 2 4
74 768 7 1 4
75 259 5 3 62
76 76 1 4 53
76 262 9 1 7
76 855 2 2 8
78 288 1 5 405
78 784 10 1 5
78 919 4 1 4
80 920 3 2 7
83 124 7 1 4
84 74 7 5 1051
85 65 5 6 15472
87 462 6 4 616
89 76 9 6 10875
90 274 5 1 4
90 977 10 1 4
90 988 3 1 5
91 951 5 3 32
92 91 6 2 16
93 134 8 1 4
96 32 8 1 8
96 220 10 3 97
96 276 2 5 1013
96 356 6 1 4
96 776 5 1 4
97 286 7 1 10
98 352 2 3 13
98 671 3 1 4
99 249 4 1 7
100 294 8 1 4
100 768 4 1 7
100 901 10 2 40
101 161 10 8 2259821
101 169 10 1 5
101 599 8 1 4
102 78 10 3 59
103 704 4 8 203569
104 28 5 1 7
104 64 4 3 62
104 673 8 3 50
106 516 7 1 4
107 3 9 1 4
108 825 4 1 4
111 12 10 6 47969
112 0 6 9 4929252
112 1 3 1 4
112 107 5 1 4
112 165 7 1 4
114 416 7 2 29
114 497 10 1 10
114 872 4 2 10
117 803 9 2 34
118 565 4 4 278
120 0 1 3 8
120 76 2 3 11
122 80 9 1 4
122 185 4 1 4
122 294 5 1 8
123 600 3 3 41
128 1 9 1 4
128 134 5 1 4
128 200 1 5 239
128 770 3 1 4
129 37 7 2 22
129 39 9 1 4
129 88 6 2 27
129 163 1 5 370
130 78 6 1 4
130 675 4 2 21
130 980 7 1 4
131 581 1 2 4
132 6 5 2 10
132 17 7 1 4
132 372 2 2 7
132 713 9 1 7
132 957 10 1 4
133 23 10 1 4
134 67 3 5 438
134 84 6 1 4
134 390 8 1 8
135 258 8 2 15
135 544 3 1 4
136 160 5 1 5
136 610 8 1 4
136 657 5 1 4
137 148 2 2 4
137 678 2 2 4
138 415 5 1 5
140 135 2 4 119
140 464 3 3 17
140 776 10 1 10
141 2 7 5 862
143 144 3 8 198131
144 68 3 5 926
144 248 2 2 4
144 257 6 3 123
144 433 2 2 4
144 520 8 4 242
145 1 1 5 583
145 273 8 5 5404
146 396 3 3 21
146 910 9 3 118
148 1 9 2 34
148 139 2 4 78
148 146 1 5 182
151 102 6 2 13
151 250 3 6 2102
153 171 8 1 4
153 592 8 2 21
153 961 6 1 4
156 521 8 1 10
156 814 10 1 4
157 404 7 1 5
159 526 5 1 8
160 34 1 2 4
160 644 9 2 22
161 898 4 1 4
162 160 8 5 2201
162 517 2 2 4
163 601 5 1 4
164 217 4 1 4
164 481 7 3 95
165 141 9 1 4
166 686 1 2 4
167 384 2 2 7
167 456 5 1 4
168 8 4 2 14
168 68 1 2 4
168 98 9 1 5
169 72 5 1 4
169 351 4 1 4
171 810 5 1 8
172 664 4 1 7
173 261 9 1 10
174 582 4 1 7
176 273 7 1 4
176 824 6 5 862
176 916 7 1 10
176 932 4 6 5106
177 560 10 1 4
177 611 9 1 5
178 580 6 4 200
178 797 6 3 131
179 429 2 2 4
180 152 5 2 17
181 331 5 2 20
182 300 8 4 179
182 672 5 3 35
185 5 2 5 662
185 42 3 1 4
185 391 3 1 4
186 582 10 1 4
192 72 1 2 4
192 388 8 1 4
192 392 10 6 21583
192 904 6 1 5
192 999 4 3 23
193 120 7 1 10
193 131 5 3 47
193 375 5 4 560
193 775 1 2 4
194 321 4 1 4
196 81 3 1 4
198 3 9 4 275
198 812 2 2 4
205 457 7 1 5
206 80 4 1 4
208 12 9 1 10
208 534 6 2 11
209 55 5 1 7
209 513 4 2 10
209 564 9 5 2033
214 369 1 3 11
216 138 4 2 17
217 923 7 1 4
220 176 3 3 25
222 532 5 1 7
225 948 9 1 14
226 35 10 3 119
226 157 8 1 4
232 80 4 1 4
233 912 2 3 36
234 848 3 3 23
239 370 8 1 4
239 560 8 2 15
240 18 4 1 4
240 66 8 3 49
240 914 4 2 10
242 156 5 4 158
244 33 6 1 4
245 705 5 1 4
246 64 2 3 37
247 626 10 1 7
248 557 9 7 57281
256 4 5 1 7
256 5 8 1 4
256 69 4 2 15
256 963 5 3 103
256 992 9 2 40
257 0 7 1 7
257 680 3 5 355
257 806 6 1 4
258 810 7 5 1892
259 7 6 1 4
259 226 1 2 4
259 327 5 1 4
260 678 3 1 4
261 672 9 1 4
262 256 1 5 131
262 906 10 1 4
264 320 10 1 4
264 568 10 2 50
265 632 2 3 15
266 242 5 1 5
267 581 9 1 4
268 12 5 3 75
268 192 1 4 29
268 512 1 4 33
268 577 3 5 416
270 73 3 1 5
272 162 9 6 6403
272 208 5 2 10
272 225 9 2 34
272 378 4 1 4
272 640 1 2 4
272 899 4 5 566
273 47 10 1 4
273 693 10 1 4
273 809 7 6 7222
275 4 1 4 33
275 133 2 2 4
275 401 6 1 4
275 485 10 4 374
275 512 5 2 10
276 392 6 1 4
276 394 4 1 4
276 538 1 2 4
276 628 5 5 581
276 661 3 1 4
277 385 6 3 38
278 258 7 2 29
279 901 4 1 4
280 36 1 2 4
280 600 7 1 8
282 136 9 1 4
283 514 1 2 4
284 835 6 2 12
286 12 7 2 17
288 47 4 3 41
288 292 6 4 166
288 341 1 6 1659
289 36 4 4 151
289 60 5 1 5
289 468 7 5 1370
290 258 5 1 7
291 32 5 1 4
291 610 6 1 4
292 19 9 4 208
292 134 3 1 4
293 256 4 2 8
296 84 4 6 4748
296 288 4 1 4
296 516 2 2 4
297 389 1 2 4
297 544 6 9 3694867
298 75 6 1 4
300 140 10 1 4
303 292 7 1 5
304 6 9 1 4
304 212 5 5 1495
304 258 10 9 30262415
306 36 10 1 10
306 550 9 8 391814
308 21 8 1 4
308 692 7 1 4
308 848 3 4 82
314 109 7 3 150
314 156 7 2 29
314 518 6 1 4
320 29 4 1 7
320 428 9 1 4
320 641 4 2 8
320 720 1 2 4
321 4 3 7 89575
321 768 5 1 4
321 1008 4 4 115
322 80 2 3 16
322 902 6 1 7
324 106 10 1 4
324 179 3 8 676666
325 6 2 4 67
325 192 6 1 5
326 16 5 1 4
326 443 9 1 4
329 35 4 1 4
332 456 5 3 37
334 288 6 1 5
337 768 10 2 19
337 833 10 1 4
339 42 4 1 4
340 106 1 2 4
342 168 2 2 10
345 728 1 2 4
345 992 7 1 10
347 11 7 1 4
348 128 9 1 8
348 395 1 3 18
349 12 10 1 4
352 514 6 1 4
352 680 5 7 43593
352 860 6 1 4
354 836 5 1 4
356 800 8 1 4
357 641 10 1 4
358 3 1 2 4
358 197 4 4 159
360 555 6 1 4
363 162 2 3 33
366 657 10 1 4
371 112 9 1 4
372 352 7 1 4
376 193 2 2 10
382 562 8 9 13115806
384 168 8 1 4
384 481 8 1 4
384 597 5 2 23
385 213 6 1 4
385 563 3 1 4
386 160 6 1 4
386 206 10 1 4
386 681 10 2 20
386 846 8 4 217
386 849 1 2 4
387 297 8 3 150
387 545 6 1 4
387 1016 10 4 634
390 566 6 1 4
391 800 9 3 164
393 461 8 4 199
394 80 1 9 507250
395 4 9 9 3646780
396 546 8 3 63
396 915 5 2 19
399 9 8 2 21
400 10 8 8 381322
401 58 7 2 30
401 284 10 1 4
401 673 6 1 4
402 769 10 1 5
408 66 5 3 99
408 405 6 3 47
408 576 4 4 109
409 66 5 1 4
409 105 6 1 4
409 417 5 2 18
409 888 5 2 25
410 520 1 3 13
414 932 2 2 4
416 52 10 1 8
416 531 3 2 9
416 832 10 1 4
423 651 8 1 4
425 161 9 3 49
425 776 5 2 13
427 580 8 1 4
428 194 10 2 24
433 398 9 2 19
436 597 5 1 7
436 641 3 4 178
442 146 6 1 4
444 769 10 1 4
448 513 4 6 16141
449 321 1 3 7
452 48 4 1 4
452 512 3 8 906273
452 513 10 1 4
455 640 3 1 4
456 774 4 1 4
458 743 1 2 4
463 916 4 1 4
464 265 2 2 4
464 928 7 1 4
465 531 3 7 15831
465 761 4 1 5
467 211 5 1 4
469 425 10 1 4
472 226 10 4 555
473 800 4 1 7
480 0 7 2 25
480 665 5 1 4
481 288 2 2 4
482 285 5 1 4
485 134 2 3 12
488 3 3 2 7
488 565 9 5 1195
496 433 3 1 4
501 519 1 2 4
505 332 8 1 4
512 5 4 1 4
512 96 7 2 25
512 438 1 6 1098
512 453 7 1 4
512 522 1 4 73
512 685 6 3 82
512 936 8 3 111
513 5 10 1 7
513 42 2 2 4
513 47 6 1 4
513 340 10 1 5
513 644 1 2 4
514 4 2 6 1575
514 11 4 2 8
514 452 9 1 4
515 157 10 6 32900
515 598 3 3 49
516 33 2 2 4
516 385 6 1 8
516 442 2 2 5
516 605 8 2 16
517 3 8 3 162
517 233 3 2 7
517 525 8 1 4
517 768 3 1 4
518 0 6 5 701
518 517 6 1 4
519 944 2 2 4
519 967 4 5 489
520 328 2 4 64
520 785 8 2 18
520 812 8 1 10
521 229 10 1 4
523 650 3 1 4
524 159 3 3 19
524 173 6 6 10195
525 134 3 5 1340
526 776 2 3 11
527 36 9 3 198
528 10 9 1 4
528 36 3 1 4
528 97 9 1 8
528 144 2 4 71
528 512 4 3 52
528 611 2 3 35
529 423 8 1 10
529 517 9 1 12
529 737 5 8 324231
530 20 10 4 398
530 522 6 1 4
532 11 7 4 284
532 134 10 1 4
532 853 4 1 4
534 6 4 6 3155
534 786 5 1 4
534 928 2 4 50
535 10 3 3 24
536 10 7 8 304386
536 687 10 3 122
538 74 10 1 4
538 84 6 1 4
544 24 5 1 4
544 160 9 6 11689
544 536 5 2 10
544 551 10 1 4
546 612 9 9 7799077
546 650 7 1 4
546 900 10 4 375
547 577 10 1 8
548 169 4 2 10
549 97 4 1 4
550 36 1 2 4
550 649 3 3 59
550 800 10 4 456
551 4 7 1 4
552 136 10 1 5
552 656 4 6 6375
552 932 1 3 7
553 36 8 1 4
554 4 2 3 12
554 137 9 1 7
555 418 8 9 5145364
557 15 2 2 4
557 370 5 1 4
557 557 10 2 30
560 18 5 1 4
560 354 10 1 5
561 786 5 2 20
562 977 4 3 41
562 992 2 2 4
563 410 2 5 451
564 656 6 4 491
572 36 1 2 4
573 886 3 1 4
574 533 1 2 4
574 696 5 2 23
576 76 6 1 7
576 133 8 3 46
576 172 6 1 5
576 525 7 3 91
576 547 3 1 5
577 72 4 2 14
578 96 4 1 4
578 136 9 1 4
578 575 1 3 21
579 136 8 1 4
580 507 6 10 29800785
585 208 6 1 7
586 64 5 1 7
586 658 6 1 7
588 784 9 2 23
590 276 10 1 10
590 300 7 1 4
592 148 6 1 4
592 322 3 1 5
592 585 4 5 510
593 429 2 3 18
595 58 1 4 53
595 557 1 4 28
596 11 4 1 4
596 91 10 1 4
597 387 4 2 9
599 569 9 1 4
600 115 4 2 8
600 575 3 1 5
601 335 4 1 4
602 480 6 3 50
606 807 6 1 5
607 393 7 1 4
608 176 7 3 42
608 185 8 4 903
608 522 8 1 5
608 648 2 4 66
609 210 7 3 76
609 526 5 1 4
610 24 3 4 110
611 125 3 1 4
612 534 8 1 4
614 265 2 3 16
614 936 10 1 4
616 81 5 4 128
617 374 1 3 7
619 140 9 1 7
619 231 6 1 4
621 293 6 1 4
624 579 7 7 97996
626 104 5 3 53
626 114 8 4 786
627 977 2 3 43
628 76 1 2 4
629 446 7 1 4
631 24 4 5 982
637 73 7 1 4
640 4 2 5 1065
640 6 10 2 18
640 258 10 3 158
640 584 4 5 483
642 512 7 1 4
642 724 10 7 100670
644 387 8 4 730
644 660 4 6 8081
644 756 3 1 4
645 4 1 7 7922
645 25 1 2 4
645 548 6 1 4
648 369 8 2 34
648 512 3 1 5
650 216 1 4 26
651 290 2 7 33579
652 257 2 4 188
652 594 3 2 7
654 129 2 2 7
654 565 10 2 28
655 384 10 1 4
656 3 8 1 12
656 278 2 2 4
656 370 1 2 5
656 833 5 5 2074
658 26 1 3 7
658 640 3 5 760
667 587 3 1 4
672 1 9 1 7
672 129 2 2 4
672 717 10 1 4
673 104 10 5 5110
678 237 7 1 4
679 556 9 6 10617
680 450 2 2 7
681 33 3 1 4
682 156 3 1 4
686 593 4 2 12
688 385 3 1 4
689 80 10 2 53
691 12 3 3 47
692 260 8 1 4
693 397 7 1 4
694 768 5 1 4
694 931 4 3 44
700 18 3 2 8
704 34 5 1 4
704 514 2 3 18
704 673 2 2 5
705 596 8 2 16
706 161 6 1 7
708 108 4 3 42
709 325 3 1 4
709 843 5 4 129
711 19 6 1 4
712 35 10 2 33
712 283 8 1 4
712 294 9 1 11
716 649 10 1 4
716 842 4 5 1136
719 512 10 1 4
720 7 5 4 125
721 104 8 1 10
721 170 7 1 4
721 323 1 4 96
722 100 1 2 4
724 20 5 1 4
725 44 4 9 1534449
728 227 6 7 30068
728 712 4 1 5
730 332 7 1 7
732 834 4 5 2519
738 970 5 1 8
740 778 8 1 4
744 124 1 6 2751
744 280 9 1 10
752 786 8 1 7
760 40 9 1 4
760 220 1 6 1411
760 257 9 3 49
760 300 5 1 4
768 226 9 1 4
768 326 3 5 652
768 608 7 1 7
768 738 9 1 4
769 34 8 1 4
769 277 6 1 4
769 640 1 3 20
771 800 9 8 1510073
772 0 6 1 4
772 32 2 3 16
773 1 8 1 4
774 8 5 3 45
775 921 6 6 6150
776 101 10 1 12
776 586 4 1 7
777 6 5 2 16
777 608 6 1 4
777 641 8 1 4
778 330 6 1 4
778 707 3 4 122
780 193 4 1 4
780 707 9 1 5
781 222 2 2 5
784 1 2 2 10
784 514 9 1 11
784 549 7 1 4
784 569 6 1 9
784 841 6 1 7
786 142 2 2 4
787 199 9 1 4
788 324 5 2 24
792 540 5 1 4
793 52 5 4 345
799 433 10 1 4
800 9 4 1 4
800 73 9 1 4
800 97 4 1 4
800 824 10 1 4
801 642 9 3 134
802 769 2 6 4388
803 512 9 1 4
804 104 5 1 4
804 337 3 3 38
806 326 5 1 4
808 302 10 7 68683
808 526 7 1 4
808 945 10 1 4
810 17 8 4 687
810 416 3 1 5
812 778 8 1 4
814 161 2 2 4
814 264 4 1 4
814 523 8 1 12
814 905 8 1 4
819 538 1 2 4
824 392 10 1 11
828 592 9 7 71753
832 16 9 1 4
832 30 3 2 8
832 427 5 5 2711
832 518 10 1 4
833 147 6 1 4
834 148 9 5 1359
836 388 8 10 149358859
836 485 2 3 12
840 96 8 2 23
840 106 8 1 4
841 370 2 7 45851
843 939 6 1 8
852 2 8 3 130
857 42 4 3 48
863 516 3 1 4
868 332 1 2 4
872 32 3 1 4
897 39 2 5 242
897 115 1 2 4
897 1002 9 3 50
898 699 4 1 4
900 4 10 3 188
902 131 8 1 7
903 339 5 1 5
904 552 4 6 6095
904 888 9 1 4
905 196 5 1 7
906 194 10 2 22
907 276 5 1 4
908 456 5 1 4
911 5 9 1 4
912 2 4 5 466
912 129 10 1 4
912 388 7 3 54
914 669 9 3 53
914 968 5 5 882
916 742 5 5 1143
917 912 9 1 4
922 784 6 1 5
924 33 10 4 319
924 196 6 4 308
927 190 5 1 4
928 516 7 5 3641
930 547 3 1 4
930 720 3 4 201
932 274 9 3 50
934 94 10 1 4
940 512 6 1 4
945 456 10 4 293
946 205 2 2 4
951 818 5 3 48
952 37 5 6 5224
953 905 5 1 4
961 291 1 7 6451
966 555 9 1 10
968 51 8 1 7
970 180 4 4 120
976 779 8 1 7
977 34 9 1 4
978 817 9 1 8
986 772 7 5 1030
996 836 8 2 16
998 179 5 1 4
1013 316 1 4 36
1020 371 4 3 51
1020 385 9 1 5
