45 0.011784276702468465 
1906 0.011884732124761615 
1346 0.011730873126622916 
1123 0.012279498589955359 
1690 0.01205858888166223 
981 0.011754163661542643 
1034 0.012358781692539164 
1732 0.011991069318777354 
522 0.012338313933678282 
415 0.01174193024702828 
251 0.011519612412816493 
1885 0.011930372388146246 
219 0.011834386747094474 
504 0.011764515016090434 
950 0.01210422934552208 
1720 0.012192452030283046 
88 0.012358075907585345 
595 0.012045414324045621 
1172 0.011631594491790166 
1299 0.01164570991562865 
509 0.011758398306166297 
1005 0.011831328385396278 
461 0.011949898909661371 
935 0.011872733920718899 
123 0.012038591786931929 
28 0.012282086463359921 
51 0.011707112094585349 
1332 0.011911316395001552 
1595 0.011689703033963243 
812 0.011937430165846405 
928 0.01197342485240961 
372 0.012052472122247498 
720 0.011836268815968998 
1895 0.011892260411703425 
1486 0.011609715599979894 
323 0.01170358323009116 
1502 0.011736989831025401 
1049 0.011926843499792563 
26 0.01182144752642222 
1017 0.01211528657872131 
