0 198 2 3 23
1 503 7 1 11
2 217 8 1 4
3 218 5 1 4
3 430 10 7 60909
5 214 10 1 4
11 438 9 1 4
12 499 10 1 7
13 397 1 9 373271
16 232 7 1 7
17 316 4 2 13
18 90 10 2 20
21 209 8 1 4
21 259 9 1 4
25 320 7 1 4
28 407 6 2 18
30 403 6 5 2814
32 105 5 1 4
33 489 2 6 4356
34 231 9 1 4
34 317 8 1 4
35 479 1 2 4
36 162 4 1 4
36 374 3 4 172
40 103 9 1 5
41 429 1 3 22
47 505 10 1 4
49 66 3 2 10
51 134 7 2 31
51 342 5 4 226
52 500 4 5 2415
54 464 2 5 696
56 435 3 1 4
58 164 7 1 10
60 384 1 3 13
62 444 7 1 4
62 489 6 1 7
63 335 8 5 2005
64 91 2 2 8
65 267 3 3 17
65 277 1 7 34140
65 409 7 2 23
68 221 5 4 122
68 290 6 4 425
68 474 4 2 19
69 89 5 6 8181
69 462 2 2 4
70 505 1 3 13
71 228 3 1 4
74 411 10 1 4
77 340 7 2 20
78 267 6 3 32
80 420 8 1 11
83 402 10 1 4
83 407 3 1 4
84 295 1 3 19
86 118 3 1 4
86 145 7 1 8
89 305 3 2 14
89 349 10 6 32338
90 292 4 2 10
90 402 3 1 4
92 477 1 7 6153
95 182 2 2 4
97 351 1 5 265
99 154 9 4 536
99 402 4 1 4
100 291 5 1 4
101 165 7 1 11
103 117 1 2 4
103 273 9 4 205
104 166 5 1 4
105 496 9 1 11
106 198 8 6 12616
107 277 2 2 5
107 350 3 1 4
107 359 8 1 4
109 143 7 4 241
111 198 4 1 4
112 236 1 2 4
112 446 8 1 4
115 180 4 4 106
115 193 6 1 4
115 198 6 1 4
122 258 8 1 5
123 173 6 5 827
123 377 4 8 622618
125 445 1 2 5
126 251 8 5 3419
127 311 2 2 5
129 480 2 2 4
136 405 8 2 29
137 160 7 1 4
137 250 2 2 4
139 455 6 1 4
140 510 1 2 4
141 353 1 2 4
141 418 4 1 4
143 192 3 1 5
144 505 6 8 1254814
146 215 2 4 147
146 288 9 3 104
147 480 4 5 599
148 162 10 2 52
148 359 4 2 20
149 304 8 1 8
151 285 6 1 4
151 387 2 3 28
152 196 3 2 7
159 353 3 4 216
162 273 4 1 4
163 293 8 1 4
165 484 1 2 4
168 209 5 1 4
171 506 6 1 4
173 274 6 8 2016940
175 205 4 1 4
176 393 7 1 4
177 459 10 1 4
179 223 8 6 6268
182 277 6 1 8
186 237 7 5 2228
187 440 6 1 4
189 252 2 4 80
190 424 10 1 10
191 401 2 2 4
191 416 6 5 726
196 439 8 2 38
198 267 5 1 4
198 478 2 2 4
200 210 5 1 4
200 342 7 1 7
202 442 2 8 174644
204 245 10 4 1069
208 275 4 6 15758
208 506 6 7 143501
209 274 2 2 7
212 238 8 3 52
215 417 2 2 8
218 254 6 1 4
218 447 1 2 4
221 351 8 5 1409
223 435 6 7 222151
227 397 6 1 4
228 299 3 2 10
229 452 9 1 4
230 482 7 1 5
231 349 6 1 4
232 248 4 3 25
242 257 8 2 18
242 285 7 7 265811
243 249 4 1 7
246 254 3 1 4
250 395 8 1 4
253 500 2 2 4
260 316 9 5 3044
265 430 9 3 184
266 294 7 1 4
269 336 5 1 4
270 335 10 2 20
271 489 4 1 7
272 320 4 1 4
272 404 7 1 4
275 280 1 5 155
276 335 9 1 7
279 392 1 3 13
281 464 6 3 52
284 333 3 6 3525
289 366 4 1 4
294 451 7 1 7
295 478 8 6 8629
297 405 6 6 5452
303 400 1 2 4
305 416 2 5 617
311 342 10 3 190
311 432 9 1 13
312 313 2 5 500
312 466 8 1 14
322 354 9 1 10
336 444 1 2 4
337 451 4 1 7
341 435 9 4 220
352 373 7 2 14
354 363 3 3 32
354 457 5 1 7
358 447 3 2 10
367 499 8 1 4
368 438 9 1 4
368 482 8 2 40
373 436 10 1 4
379 434 3 7 22083
383 387 1 2 4
383 504 5 2 10
385 425 5 4 178
386 394 4 7 20627
386 448 7 3 89
388 418 3 3 19
391 429 10 1 4
394 399 2 2 4
400 492 10 1 4
404 443 1 2 4
408 439 4 1 7
410 473 4 1 4
414 416 3 2 7
417 503 10 1 10
438 501 6 1 4
449 452 9 1 4
450 475 7 1 4
455 479 10 1 5
458 490 7 5 1252
463 468 3 4 112
466 501 4 2 11
474 480 9 1 7
485 501 8 1 10
501 504 7 1 7
507 509 3 1 4
