0 4 15
0 8 5
0 17 11
0 47 4
0 112 7
0 150 8
0 156 103
0 215 38
0 265 60
0 274 11
0 352 2
0 415 4
0 552 2
0 646 2
0 670 99
0 674 3
0 679 37
0 704 2
0 917 20688214
0 936 2
1 7 4
1 15 11
1 82 11
1 135 11
1 228 21
1 292 21
1 481 3
1 535 2
1 565 2
1 644 2
1 768 32
1 825 2
2 0 13
2 3 2
2 8 21
2 167 3
2 328 52
2 523 4
2 826 2
3 24 2
3 272 2
4 15 3
4 50 14
4 60 2
4 64 6
4 248 3
4 284 2
4 368 9
4 517 15
4 576 4
4 683 3
4 774 2
4 808 7
5 18 2
5 216 2
5 584 2
6 148 2
6 259 10
6 268 11
6 512 2
6 1002 2
7 110 44
7 715 14
8 1 111
8 19 131
8 32 6
8 42 38
8 58 44
8 273 4
8 393 15
8 486 38
8 552 2376
8 642 303
8 902 2
9 39 12
9 43 8
9 823 3
10 75 3
10 160 5
10 523 4
11 204 8
11 752 93
12 0 2
12 24 15
12 634 18
13 66 5
13 192 5
14 127 25
14 152 2
15 485 2
15 659 10
15 854 2
16 9 8
16 24 10
16 64 59
16 132 3
16 148 2
16 198 225
16 516 4
16 806 2
18 51 26
18 203 42
18 215 26
18 290 7
18 641 4
18 645 2
19 24 15
19 709 2
20 1 2
20 10 6
20 176 16
20 194 117
20 786 5
21 116 2
21 308 15
22 24 2
22 97 3
22 565 5
24 9 7
24 533 2
24 781 19
25 592 8
26 22 7
26 109 3
28 42 17
28 192 3
28 624 2
28 647 5
29 327 6
29 532 9
29 809 12
30 52 2
30 129 79
30 588 106
32 33 15
32 42 146
32 185 189
32 196 5
32 204 6
32 388 2
32 414 2
32 514 2
32 612 2
32 721 15
32 848 2
32 960 4
33 2 353
33 26 2
33 64 2
33 276 2
34 292 7
34 561 2
34 720 2
34 800 2
35 65 3
35 551 8
36 48 4
36 320 40
36 448 2
36 858 2
37 13 2
37 364 3
37 594 127
37 640 2
37 673 38
38 1 2
39 3 2
39 48 18
39 520 2
39 982 36
40 528 11
40 605 2
40 756 2
41 276 6
41 321 1485
41 513 3
42 42 2
42 140 16
42 329 4
42 411 20
42 839 4
44 10 2
44 47 2
44 524 8
45 23 2
45 50 4
45 74 53136
45 266 2
45 615 2
45 808 3
46 57 2
47 1022 5
48 67 3
48 168 2
48 176 15
48 193 10
48 708 37
48 789 8
49 17 6
49 313 1986
51 70 2
51 516 2
52 46 2
52 188 334
52 256 37
52 390 2
52 899 13
54 718 7
55 278 2
56 267 2
56 544 2
56 560 2
57 5 2
57 128 2
58 113 2
58 470 2
59 58 52
59 292 11
59 453 132177
59 583 7
60 3 2
60 112 2
60 948 5
61 644 2
61 648 2
64 1 2
64 192 2
64 272 9
64 756 4
64 771 21954
64 780 14
64 790 3
65 61 2710
65 274 10
65 421 2
65 515 2
66 545 2
67 16 4
67 37 16
67 840 2
68 153 2
68 226 39
69 138 3
69 529 2
69 572 7
69 768 2
70 109 14
70 212 5
70 431 4
70 608 7
70 648 3
71 264 249
71 409 2
71 700 6
72 533 5
72 961 7
73 39 8
73 640 2
73 870 4
74 512 2
74 548 12
74 600 4
75 576 61
76 76 2
76 84 13
76 133 9
76 262 4
77 456 2
78 288 5
78 517 2
78 784 5
78 919 2
79 386 21
80 0 12
80 82 7
80 211 2
80 920 3
81 807 8
81 852 2
83 115 2
83 124 13
83 304 17
83 617 2
83 784 5
84 64 4
84 216 2
84 490 2
85 31 19
85 65 10
86 234 2
86 524 2
87 353 16
87 512 2
89 2 2
91 951 12
92 38 2
92 91 2
93 134 2
94 869 4
95 20 13
95 34 6
96 80 65
96 103 2
96 148 2
96 220 2
96 276 2
96 304 3
96 321 22
96 356 9
96 547 2
96 776 8
96 820 3
97 18 2
97 130 2
97 144 2
97 167 2
97 525 9
98 401 2
98 671 2
98 928 12
100 752 7
100 768 2
101 161 2
101 392 6
102 166 2
104 26 2
104 28 17
104 64 3
104 132 2
104 313 16
105 779 2
107 129 12
112 107 5
112 165 3
114 452 2
114 497 14
114 872 8
117 803 2
118 565 95
119 446 4
120 0 26
122 185 4
123 600 2
124 304 2
124 348 2
125 268 7
128 1 2
128 10 2796
128 58 6
128 200 2
128 208 3
128 320 2
128 433 9
128 628 89
128 770 2
129 0 2
129 10 3
129 39 2
129 88 3
129 584 2
130 78 5
130 520 8
130 532 5
130 540 2
132 94 2
132 372 2
132 713 2
132 916 3
132 957 24
133 23 9
133 138 16
133 614 9
134 67 2
134 208 2
134 377 9
135 258 6
136 21 2
136 39 3
136 160 2
136 610 4
136 657 31
136 684 5
136 831 3
137 148 2
137 325 17
138 415 2
138 902 2
139 87 2
139 865 2
140 168 3
140 724 2
140 776 28
142 641 2
143 116 2
143 144 4
144 18 3
144 68 2
144 433 6
144 800 7
145 1 2
145 2 10
145 184 4
145 273 3
145 392 2
145 513 8
146 146 2
146 396 49
147 513 9
148 1 6
148 139 21
148 464 10
148 912 5
149 649 2
150 160 5
151 102 11
151 132 40
153 26 6
153 151 2
153 592 6
156 54 5
156 133 8
156 521 2
156 814 4
157 404 4
159 526 7
160 34 2
160 81 2
160 644 2
161 21 24
161 40 2107
161 326 33
161 376 7
161 524 4
161 717 59
161 898 6
162 160 1245
162 290 108
162 306 14
163 361 15
164 34 18
164 217 2
164 264 17
164 280 2
164 329 5
164 481 20
164 636 2
165 141 4
166 686 5
167 289 2
167 384 2
167 456 10
168 52 2
168 68 2
168 98 5
168 480 4
169 25 4
171 810 3
172 8 5
172 32 3
172 664 3
173 261 2
174 493 2
174 582 4
175 863 5
176 824 3
176 916 24
177 280 3
177 611 2
177 744 59
178 580 2
178 797 7
180 19 2
180 152 10
181 331 2
181 964 2
182 728 5
184 141 11
184 161 4
185 5 4
185 42 13
186 272 2
186 582 2
192 72 12
192 177 7
192 392 5
192 536 2
192 898 2
192 999 6
193 8 6
193 28 29
193 131 2
193 375 7
193 422 15
193 718 2
194 321 4
194 677 12
196 286 5
196 377 2
197 100 4
197 297 3
197 769 2
198 3 2
198 196 13
198 812 9
200 445 2
200 577 3
200 924 10
201 39 9
202 11 4
205 457 38
208 12 9
208 88 3
209 55 4
210 1 2
212 285 4
214 585 4
216 138 2
216 792 22
217 923 2
219 389 3
220 658 2
222 532 146
222 852 48
225 316 2
225 948 5
226 157 2
230 9 11
231 290 19
232 5 6
232 65 2
232 80 6
232 130 40
233 212 11
233 973 2
234 848 3
235 281 2
235 645 4
238 642 2
239 370 16
240 18 3
240 66 5
240 914 19
241 206 2
241 245 30
242 156 15
244 33 13
244 356 2
245 705 13
246 64 8
248 0 3
248 290 29
248 902 45
250 46 2
256 1 6
256 4 2
256 5 2
256 68 2
256 69 8
256 160 2
256 243 2
256 312 2
256 344 10
256 416 27
256 522 3
256 705 42
256 764 9099
256 772 9
256 904 2
257 272 7
257 806 2
257 912 66
258 24 17
258 34 17
258 880 2
259 226 2
259 268 13
260 256 3
260 295 2
260 522 83
260 545 106
260 678 750
261 8 2
261 67 3
261 72 37
261 672 2
261 995 8
262 32 8
262 134 2
262 193 31
262 256 6
262 906 2
262 1013 37
264 296 3
264 320 6
264 568 2
265 632 2
266 11 35
266 326 6
266 336 2
267 523 25
267 581 2
268 12 3
268 192 3
268 524 2
268 577 2
269 640 32
270 532 89
270 642 2
272 162 2
272 208 7
272 234 15
272 259 2
272 554 2
272 640 2
272 684 130
272 899 2
273 47 2
273 693 3
274 98 19
274 334 5
275 133 4
275 401 62
275 485 2
276 288 3
276 392 4
276 394 2
276 628 4
276 661 4
277 8 4
277 27 8
277 128 2
278 258 14
279 18 17
279 901 9
280 82 28
280 600 5
280 674 9
281 101 4
282 576 16
282 787 4
283 514 2
287 448 133
287 802 2
288 224 10
288 292 199
288 341 2
288 776 2
289 36 2
289 60 43
289 345 46
289 472 2
290 388 4
291 768 12
291 967 78
292 7 2
292 524 5
294 27 38
294 864 25
296 57 25
296 288 2
296 336 79
296 409 2
296 516 12
297 167 4
297 389 4
297 742 2
299 78 4
299 291 5
300 29 2
300 140 2
301 274 160
301 777 2
304 8 3
304 258 3
304 292 2
305 11 16
305 34 1342
305 576 2
306 36 10
306 918 5
308 21 7
308 692 235
308 832 2
308 848 6
309 77 3
309 774 28
310 44 2
310 936 292
312 514 6
314 376 4
314 518 3
318 914 3
320 29 3
320 315 11
320 407 4
320 428 5
320 641 2
321 337 2
321 768 5
322 0 2
322 80 2
322 272 2
322 899 2
322 902 9
323 360 2
323 515 3
324 16 2
324 200 196
325 74 2
325 614 2
325 720 3
326 11 2
326 116 640
326 280 3
328 853 3
329 35 12
329 836 221
330 8 4312
332 643 8
334 265 3
334 288 3
335 83 14
336 18 2
336 100 4
336 576 39
336 632 6
337 768 2
338 33 102
338 160 56
338 169 10
340 0 2
340 106 6
340 704 2
341 576 22
342 15 8
342 168 13
342 272 2
342 536 5
343 475 17
344 188 2
344 676 3
345 32 2
345 728 2
346 11 2
347 11 35
347 296 4
347 313 7
352 409 2
352 794 2
352 860 2
353 389 4
353 684 2
354 25 4
354 969 2
355 134 4
355 634 9
356 800 28
357 433 8
360 555 10
360 732 25
360 784 10
360 810 17
363 424 20
364 740 13
368 49 14
368 925 2
372 352 3
375 77 23
376 193 5
379 333 2
380 339 2
384 6 2
384 156 2
384 332 2
384 423 11
384 457 3
384 531 13
384 692 6
385 2 2
385 75 16
385 213 2
385 214 3759
385 563 2
386 64 7
386 158 33
386 206 2
386 275 2
386 849 33
386 912 10
387 147 10
387 1016 2
389 596 2
391 461 5
391 800 3
392 38 6
392 553 3
394 80 2
394 590 13
396 536 2
396 960 5
397 305 4
397 518 2
398 943 2
400 21 30
400 144 5
401 932 8
402 80 3
402 769 71
403 20 4
404 298 15
405 160 20
406 928 10
407 591 5
408 66 8
408 576 2
409 66 299
409 417 2
409 888 2
410 520 11
412 6 2
414 932 2
415 101 49
416 52 11
416 279 3
416 832 2
417 577 3
419 7 3
420 32 2
420 114 2
420 288 2
420 538 5
423 384 5
424 481 19
425 261 2
425 746 8
425 776 3
427 580 4
428 32 2
428 194 2
428 620 648
428 880 17
430 68 10
430 203 25
433 24 7
433 197 2
433 398 2
436 597 528
436 641 2
441 21 20
442 691 2
444 769 2
448 513 2
449 321 6
452 48 9
452 205 9
452 512 2
454 9 9
454 437 9
456 105 2
458 101 3356
460 197 11
460 462 50
462 516 5
464 265 19
465 761 22
467 211 260
467 300 2
469 425 10
472 226 4
473 6 2
473 600 24
476 775 2
480 665 5
480 928 4
481 288 2
482 208 2
482 285 2
483 276 2
488 3 7
488 334 2
489 64 9
491 112 50
496 978 21
505 332 2
506 706 2
512 1 24
512 5 34
512 36 2
512 52 2
512 65 2
512 96 3
512 420 9154
512 453 4
512 482 4
512 522 3
512 685 14
512 936 13
513 5 11
513 42 28
513 65 4
513 315 2
513 644 4
514 572 3
515 273 2
516 33 3
516 169 5
516 357 2
516 442 2
516 582 2
517 0 2
517 8 2
517 34 2
517 132 5
517 177 3
517 233 15
517 281 4
517 534 15
520 94 12
520 296 3
520 436 13
521 81 6
521 229 27
521 450 20
521 546 2
521 554 2
521 560 9
522 1 28
522 234 2
522 549 3130
524 159 2
524 173 3
524 520 2
525 134 583
525 820 2
526 548 20
526 776 3
528 10 19
528 36 4
528 97 4
528 344 14
528 801 27
529 16 3
529 260 12
529 517 2
529 737 6
529 836 2
530 20 10
530 278 3
530 325 5
530 522 4624
532 11 2
532 292 2
532 853 2
534 6 2
534 425 12
534 932 2
535 10 9
536 10 10
536 412 5
536 687 2
540 256 10
541 344 7
544 6 26
544 21 2
544 24 2
544 401 2
544 429 21
544 551 6
545 209 15
545 743 4
545 914 2
546 2 12
546 263 11
546 758 2
546 900 2
547 265 22
548 169 12
548 512 5
548 586 254
549 68 2
549 647 82
550 800 25
551 4 2
552 136 6
552 640 16
552 932 3
553 36 2
554 4 3
556 409 46
557 6 2
557 770 6
559 557 2
560 18 5
560 96 2
560 104 2
560 168 2
560 354 410
561 10 2
561 993 9
562 162 2
562 977 6
562 992 21
563 20 7
563 410 3
564 28 108
566 4 3
566 44 15
566 132 2
567 793 3
569 522 29
571 100 2
571 457 14
572 64 25
572 257 3
573 886 2
576 4 4
576 5 4
576 19 13
576 133 2
576 525 5
576 547 2
577 72 10
577 222 26572
577 577 3
577 661 85
578 136 8
578 572 5
578 575 2
579 80 6
579 136 2
579 789 101
580 64 2
580 507 10
580 528 7
581 645 5
583 129 2
584 432 16
585 64 9
585 208 35
585 354 9
585 389 2
586 530 2
590 276 14
590 300 4
590 520 6
590 788 6
591 147 11
592 322 4
592 528 2
592 566 5
592 585 2
592 856 3
593 429 2
595 58 36
595 557 20
596 33 5
596 91 50
599 92 5
599 569 8
600 115 2
600 562 8
600 573 2
600 575 2
601 431 7
602 480 8
604 913 2
604 1006 4
605 80 5
606 281 10
606 807 31
608 522 2
608 576 2
608 648 16
609 210 2
609 225 2
609 526 923
609 768 2
610 24 58
611 125 2
614 936 3
616 450 6
616 806 6
617 374 2
618 70 4
618 1004 2
619 76 2
623 1000 16
624 579 3
625 5 423
626 114 3
626 528 4
627 3 2
627 977 2
628 76 10
629 446 54
633 812 29
637 73 47
638 161 29
640 16 9
640 160 2
640 246 2
640 467 3
640 732 10
640 938 2
640 952 2
641 192 10
642 512 5
642 562 2
642 724 4
643 73 520
643 775 2
644 387 7
644 660 2
644 756 2
644 769 2
645 963 3
646 289 9
646 388 40
648 76 2
648 210 8
648 369 2
648 769 12
649 4 4
649 48 2
650 953 4
652 594 613
654 129 4
654 565 2
655 761 2
656 3 2
656 259 23
656 370 8
656 833 6
657 201 2
658 10 2
658 640 5
660 69 11
660 85 4
660 648 12
661 244 15
661 608 2
662 374 5
664 16 9
664 205 3
664 781 34
665 3 2
667 587 41
668 163 17
668 749 2
670 515 5
672 64 2
672 129 36
672 514 2
672 608 8
673 104 4
674 401 7
674 672 2
675 470 4
676 52 11
678 237 222
679 556 14
680 20 2
680 39 10
680 105 2
680 450 2
681 33 36
682 14 5
683 278 2
686 593 6
688 385 2
689 80 4
691 12 3
693 397 2
694 6 5
694 931 6
694 976 6
696 885 6
700 229 12
701 941 2
704 34 32
704 76 3
704 292 5
704 370 104
704 514 5
705 854 4
706 17 7
706 161 4
706 460 2
708 108 3
709 325 9
709 644 2
710 2 2
711 19 12
712 141 2
712 283 2
712 294 2
712 862 7
713 593 3
713 837 2
716 98 123
716 339 14
716 649 2
716 842 5
719 512 2
720 144 9
721 104 2
721 170 2
721 323 9
722 82 2
722 100 79
722 104 7
722 258 2
722 393 3
722 464 27
723 142 3
724 596 16
725 44 2
732 834 4013
737 25 2
737 64 2
737 288 3
737 610 2
738 970 7
740 235 4
740 778 14
741 45 2
741 260 2
743 787 7
744 124 3
744 280 2
744 762 2
746 536 2
752 261 10
752 786 5
754 32 3
759 130 2
760 40 4
760 257 13
760 300 3
765 513 3
768 326 2
768 608 5
768 926 35
769 34 2
769 773 2
770 67 67
770 256 2
770 515 25
771 793 809
771 800 2
772 0 10
772 32 5
772 130 2
774 936 5
775 48 62
776 586 2
777 6 4
777 200 15
777 539 3
777 554 3
778 389 2
780 14 2
780 193 13
780 552 2
780 901 6
781 222 3
781 496 6
782 226 2
782 405 10
784 514 17
784 841 2
785 257 49
786 142 2
786 521 16
786 914 4
787 199 2
788 25 2
788 324 5
788 332 10
792 274 3
792 540 2
792 594 4
793 52 2
793 498 2
795 661 2
798 776 7
800 97 14
800 133 2
801 34 3
801 312 2
804 0 20
805 387 2
805 781 4
806 480 3
808 526 57
808 945 2
810 17 3
812 778 2
814 161 8
814 264 13
814 523 2
814 905 4
816 18 7
816 24 11
817 784 4
818 253 3
821 236 2
822 211 4515
828 592 11
830 356 14
832 21 3
832 30 6
832 281 2
832 304 2
834 32 2
834 67 2
834 104 5
834 148 2
834 912 14
835 392 2
835 583 2
836 86 4
836 485 37
839 21 2
840 96 2
840 106 2
840 545 4
841 32 2
843 939 5
845 561 2
845 624 2
848 90 26
848 188 3
848 899 3
850 308 5
851 195 2
852 72 18
852 824 2
856 256 2
856 866 6
857 42 2
862 130 15
864 786 2
866 260 9
868 332 4
870 68 2
871 264 2
872 50 60
873 9 205
874 360 4
882 778 6
884 802 132
885 601 4
894 392 11
895 603 3
896 330 8
896 868 4
897 39 3
897 115 2
897 523 2
898 336 6
898 699 2
899 537 7
900 4 2
902 420 5
904 231 16
904 888 2
904 929 3
905 248 3
905 572 9
906 137 26
906 328 5
908 456 3
910 614 2
911 10 10
911 896 4
912 2 5
912 129 26
912 388 2
914 216 2
914 776 4
914 968 8
916 742 2
920 200 7
921 320 4
922 8 340
922 784 9
928 384 2
928 516 2
929 10 68
929 257 2
929 316 2
930 547 2
930 720 5
931 657 10
932 274 38
932 783 12
934 94 10
938 261 16
938 552 3
940 512 73
945 456 2
948 9 2
952 37 2
961 131 14
961 333 13
961 472 5
966 197 394
966 555 2
968 352 2
968 360 3
969 769 5
975 205 2
976 779 2
977 34 3
978 817 2
984 324 17
984 483 7
986 772 2
988 366 3
990 35 628
996 836 20
998 179 12
1000 260 4
1001 286 2
1004 129 2
1011 36 22
1013 316 7668
1018 358 2
1020 385 4
1021 643 2
