0 4 18
0 8 20
0 17 8
0 18 3
0 29 9
0 47 3
0 112 2
0 215 2
0 256 17
0 265 3
0 670 5
0 917 3
0 936 7
1 7 2
1 15 5
1 70 2
1 82 6
1 228 8
1 292 2
1 481 6
1 644 20
1 705 2
1 825 183
1 920 2
2 0 2
2 8 3
2 167 12
2 260 5
2 267 2
2 328 5
2 826 3
3 24 4
3 131 3
3 272 2
3 277 8
3 530 58
3 592 13
3 652 20
4 0 14
4 4 3
4 64 13
4 248 110
4 368 6
4 576 5
5 18 19
5 216 2
5 584 5
6 148 9
6 212 9
6 267 10
6 268 3
6 512 5
6 798 198
7 81 12
7 715 13
8 19 16
8 42 5
8 58 22
8 272 16
8 486 113
8 642 6
8 656 2
8 735 76
8 902 7
9 39 2
9 43 5
9 416 20
9 526 13
9 572 2
9 823 10
10 13 2
10 40 2
10 75 9
10 84 7
10 176 2
10 523 5
10 584 5
10 599 3
10 680 5
11 204 4
11 586 6
11 779 10
12 0 11
12 55 2
12 269 4
12 366 5
12 634 2
12 781 26
13 66 15
13 192 5
13 224 8
13 320 7
13 780 10
14 127 2
14 152 6
14 321 7
14 376 2
15 485 2
16 24 2
16 64 3
16 96 2
16 516 7
16 643 2
16 806 18
17 48 2
17 129 11
18 203 2
18 641 129
18 645 2
19 7 47
19 24 12
19 709 8
20 1 2
20 28 2
20 36 2
20 69 3
20 194 2
20 323 8
20 786 20
21 258 2
21 308 13
22 97 5
22 107 17
22 565 11
23 328 2
23 770 2
23 886 21
24 786 3
24 848 2
26 109 3
28 146 10
28 203 14
28 624 2
28 647 2
29 1 11
30 52 2
30 129 18
31 77 12
32 33 2
32 42 2
32 72 2
32 185 11
32 196 4
32 211 2
32 219 18
32 388 5
32 612 5
32 641 2
32 721 9
32 960 4
33 64 5
33 277 16
33 544 6
33 785 3
33 898 2
34 144 6
34 292 9
34 324 1127
34 663 13
34 720 33
34 800 2
35 65 4
35 266 2
35 551 14
35 689 2
36 34 9
36 48 1735
36 257 11
36 288 2
36 320 2
36 555 8
36 705 63
37 2 172
37 673 6
38 180 2
38 204 2
39 3 2
39 520 32
39 982 2
40 65 2
40 256 5
40 605 2
40 672 7
40 756 4
40 840 7
40 980 2
41 96 6
41 276 116
41 513 2
41 987 2
42 42 2
42 140 11
42 839 3
43 1 32
44 47 13
44 430 2
44 524 2
45 23 10
45 74 2
45 615 4
45 808 4
45 844 6
47 80 26
47 1022 4
48 168 11
48 176 3
48 198 2
48 708 16
48 789 3
48 843 2
48 932 2
49 310 2
49 313 2
50 9 2
50 113 11
50 528 7
51 377 2
52 188 4
52 256 12
52 390 7
52 899 2
53 146 2
54 718 19
56 89 4
56 267 9
56 472 3
56 560 2
57 5 15
58 113 19
59 58 34
59 583 7
60 5 2
60 33 2
60 112 3
60 948 2
61 648 9
62 521 2
62 612 40
64 1 2
64 194 8
64 203 22
64 481 11
64 514 2
64 780 17
65 61 14
65 96 6
65 104 17
65 265 255
65 274 3
65 571 7
65 614 7
66 545 2
67 2 2
67 20 63
67 37 2
67 73 8
67 453 2
67 482 2
68 153 3
68 192 3
68 284 2
69 138 2
69 276 20
69 466 9
69 768 24
70 109 2
70 212 10
70 431 18
70 648 2
70 672 2
71 1 7
71 409 2
72 37 27
72 65 19
72 280 2
73 39 13
73 640 5
73 870 3
74 512 54
74 768 6
74 1012 4
75 259 16
75 576 2
76 855 2
77 256 2
77 267 2
77 450 2
78 784 5
78 919 2
79 165 2
79 386 11
80 51 8
80 82 2
80 211 2
80 528 2
81 807 7
82 280 5
82 283 2
83 115 2
83 124 2
83 304 10
83 617 13
84 74 2
84 490 2
85 31 2
85 65 2
86 234 2
86 524 23
87 353 10
87 462 8
87 515 5
88 330 2
88 782 15
89 2 2
90 20 2
90 843 9
90 977 2
91 154 3252
91 951 2
92 38 11
93 49 30
94 869 4
94 954 3
95 20 16
95 34 2
96 32 10
96 208 4
96 220 4
96 276 2
96 304 2
96 321 10
96 356 2
97 48 2
97 130 7
97 144 4
97 195 2
97 473 6
97 525 7
98 401 2
98 671 4
100 128 2
100 294 2
100 901 2
101 124 137
101 161 5190
101 599 53
102 6 2
102 78 4
102 166 3
102 264 2
103 704 4
104 26 2
104 48 8
104 64 2
104 132 6
104 313 2
107 3 11
108 133 2
108 514 5
108 825 5
112 0 2
112 28 2
112 84 17
114 416 6
114 497 2
114 872 5
117 106 6
118 565 6
119 446 6
120 76 2
122 80 2
122 294 14
123 600 6
124 348 21
128 10 2
128 200 2
128 320 5
128 362 2
128 376 36
128 433 4
128 453 2
128 628 3
128 770 5
129 37 3
129 584 2
130 78 2
130 273 4
130 368 3
130 520 3
130 540 24
130 675 11
130 772 3
132 17 6
132 713 7
132 957 2
133 23 2
133 138 2
133 614 5
134 67 2
134 84 16
134 224 14
134 390 2
135 258 2
135 544 63
136 21 24
136 81 2
136 160 6
136 482 4
136 657 5
137 256 2
137 678 18
137 778 11
138 266 17
139 87 2
140 72 2
140 135 22
140 168 2
141 2 10
141 521 3
142 641 9
143 116 2
143 642 6
144 68 15
144 248 5
144 257 7
144 418 19
144 433 4
144 520 2
145 2 4
145 94 6
145 216 3
145 273 318
145 392 2
145 576 152
146 69 3
146 146 3
146 396 7
146 910 2
147 513 3
148 146 2
148 464 18
148 912 2
149 633 2
149 649 142
150 160 2
150 656 2
151 132 2
151 207 3
151 250 2
153 151 16
153 171 4
153 592 8
153 598 1217
153 961 4
156 133 2
156 814 5
157 404 3
159 526 7
160 34 2
160 144 2
160 644 5
160 801 5
161 21 2
161 40 517
161 376 6
161 524 8
161 898 2
162 290 2
162 517 2
163 601 5
164 217 2
164 264 11
164 280 2
164 636 5
164 646 2
165 141 2
165 397 21
167 289 24
167 384 9
167 712 9
168 8 18
168 52 57
168 67 9
168 68 11
168 480 12
169 72 9
169 351 2
169 514 2
171 810 32
172 8 2
172 32 3
172 569 2
172 664 2
173 261 119
174 493 13
174 582 9
175 863 1067
176 270 36
176 273 5
176 864 2
176 916 24
177 128 2
177 280 3
178 100 4
178 580 88
178 797 2
180 600 4
181 331 2
181 964 12
182 728 2
184 141 3
184 161 2
184 664 3
185 42 6
186 582 6
187 800 3
188 4 21
192 43 2
192 52 2
192 72 6
192 392 2
192 536 6
192 713 4
192 898 3
192 904 7
192 999 2
193 8 11
193 120 5
193 131 7
193 162 6
193 422 24
193 718 5
193 775 2
194 321 4
194 592 3
196 81 4
196 377 810
197 61 4
197 100 138
197 297 2
198 3 7
200 445 2
200 924 2
201 39 2
201 140 2
202 11 5
203 654 2
204 520 2
205 457 5
206 80 63
206 530 5
208 534 2
209 513 10
209 564 62
210 882 2
212 34 2
212 285 5
212 673 11
213 64 9
214 369 2
214 585 6
222 532 12
225 257 3
225 316 2
226 157 3
227 336 2
227 592 1694
227 838 2
228 294 2
230 9 2
231 290 7
232 5 2
232 80 9
232 130 3
232 480 79
233 212 2
233 912 3
233 973 2
238 620 2
238 642 9
239 560 2
240 799 12
241 206 2
242 156 6
244 33 8
247 626 3
248 557 5
250 46 7
253 636 4
256 5 4
256 68 4
256 97 15
256 160 9
256 312 4
256 416 50
256 512 11
256 522 13
256 616 1087
256 772 3
256 904 8
256 963 2
257 156 8
257 272 3
257 544 2
257 680 3
257 806 5
257 912 5
257 920 6
258 24 2
258 34 2
258 36 7
258 265 2
258 673 2
258 880 4
259 327 12
259 532 4
260 256 4
260 522 2
260 545 2
260 678 2
261 8 183
261 72 2
261 356 32
261 672 10
262 134 2
262 193 2
262 256 4
262 1013 2
264 296 3
265 264 5
266 11 3
268 12 11
268 34 3
268 177 22
268 192 7
268 512 11
268 577 22
269 444 8
269 640 3
270 73 3
270 532 25
272 41 2
272 162 3
272 208 7
272 234 22
272 259 30
272 280 11
272 378 3
272 520 4
272 554 33
272 640 52
273 47 19
273 581 91
273 693 5
273 809 2
274 334 11
275 16 3
275 116 2
275 401 4
275 512 10
276 392 3
276 538 6
276 628 2
277 128 2
278 258 4
279 901 6
280 36 7
280 600 20
281 101 2
282 576 8
282 717 2
283 514 2
284 835 14
287 448 3
288 47 7
288 132 130
288 224 4
288 292 9
288 776 49
289 60 15
289 345 5
289 468 12
289 472 14
289 648 15
289 753 2
289 788 8
290 0 2
290 258 2
290 328 197
290 388 8
291 32 3
291 768 2
292 19 6
292 134 2
292 162 75
293 256 5
294 742 26
296 57 8
296 84 2
296 131 26
296 260 2
296 288 2
296 409 2
297 325 10
297 389 9
297 544 2
298 75 8
298 800 9
299 78 4
299 291 2
301 274 14
303 292 2
304 6 3
304 212 2
304 292 5
305 11 3
305 34 2
305 576 6
306 36 40
306 918 2
307 514 9669
308 583 22
308 640 27
308 692 2
308 832 306
310 44 2
314 109 6
314 156 4
314 376 6
314 518 9
315 739 3
316 452 2
318 914 2
320 29 74
320 407 2
320 428 2
320 468 3
320 720 2
321 337 5
321 834 2
321 1008 2
322 80 23
322 196 10
322 272 2
323 360 9
324 106 16
324 167 2
324 179 5
324 200 4
324 513 2
324 530 2
325 6 5
325 74 48
325 145 6
325 614 3
325 720 2
326 16 10
326 32 2
326 280 191
326 443 18
329 35 2
330 8 7
331 512 12
332 643 8
334 265 10
334 288 14
335 391 3
336 18 6
336 100 2
337 768 2
338 33 3
340 106 9
340 763 2
341 576 8
342 15 3
342 168 2
345 32 1087
345 728 11
346 11 4
347 11 2
348 128 2
348 395 2
349 12 46
352 409 2
352 860 17
353 389 2
354 25 26
354 30 5
354 836 19
354 969 2
355 134 4
356 800 10
357 433 2
357 641 4
357 690 2
358 168 2246
360 514 2
360 732 2
361 266 2
361 316 13
363 162 27
363 424 2
364 740 6
368 49 19
368 925 10
371 112 2
371 705 4
376 193 8
379 333 26
381 531 2
384 156 9
384 168 4
384 312 6
384 332 7
384 571 2
384 597 2
384 962 2
385 213 2
385 513 2
385 563 2
386 64 2
386 73 38
386 158 2
386 160 18
387 297 7
390 566 35
391 461 3
392 674 2
393 577 6
394 80 9
394 590 8
395 4 23
396 6 12
396 536 5
396 777 2
396 960 2
399 9 10
400 10 16
400 144 6
401 58 2
401 284 7
401 673 3
402 68 2
402 769 59
405 160 3
406 928 19
408 66 302
408 405 4
408 576 24
409 66 2
409 417 2
410 520 48
411 20 190
412 6 2
413 640 2
415 101 2
416 52 3
416 279 2
416 292 10
416 531 6
419 7 11
419 844 15
420 32 3
420 288 2
420 424 3
420 538 2
421 400 2
423 651 7
424 481 42
425 161 2
425 261 26
425 746 2
425 776 2
426 644 42
427 580 5
428 194 18
428 880 27
430 203 14
433 24 3
433 197 8
433 398 3
434 734 13
436 641 3
437 2 28
441 21 15
444 769 2
444 801 4
448 513 19
449 321 2
452 48 28
452 205 3
452 513 9
453 368 2
453 661 2
454 437 16
454 634 2
454 782 2
455 640 6
456 367 2
456 774 236
457 906 2
458 101 2
460 566 2
461 625 2
461 901 3
462 516 10
462 641 2
463 916 2
464 265 12
465 761 7
466 58 17
470 713 13
472 226 9
472 256 2
472 801 16
473 6 13
473 600 2
476 775 43
480 0 7
480 731 2
481 288 11
482 208 2
483 276 2
483 555 8
484 841 2
485 134 16
488 269 2
488 334 9
489 64 7522
496 433 2
496 978 26
501 519 4
505 332 3
506 706 3
512 1 2
512 36 17
512 52 2
512 173 24
512 438 2
512 453 27
512 522 366
513 5 2
513 42 2
513 65 2
513 100 73
513 340 3
513 644 2
514 4 9
514 11 7
514 160 4
514 452 689
514 522 2
514 572 21
514 780 2
515 273 2
516 169 8
516 357 3
516 442 2
516 582 9
516 779 5
516 785 3
517 0 212
517 8 4
517 34 4
517 177 13
517 233 2
517 534 3
517 672 3
517 676 2
518 41 12
518 66 2
518 517 9
519 517 3
519 944 8
520 9 8
520 94 2
520 164 39
520 296 2
520 436 3
520 785 3
520 812 12761
520 896 5
521 131 8
521 450 2
521 554 2
521 609 10
522 234 2
525 134 5
525 820 41
527 36 9
527 713 6
528 33 4
528 97 26
528 156 2
528 611 2
528 801 2
529 148 2
529 260 2
529 520 195
529 836 7
530 132 4
530 325 2
530 696 42
532 11 2
532 134 2
532 550 14
532 853 2
533 5 2
534 6 9
534 425 30
534 928 8
535 10 6
536 10 8
536 244 2
536 412 9
536 687 2
537 138 18
538 74 2
538 84 16
540 481 239
541 344 6
541 793 12
544 6 58
544 21 2
544 416 4
544 536 2
544 551 5
544 597 5
545 914 51
546 2 6
546 263 2
546 650 6
546 758 4
546 900 36
547 265 54
547 427 2
547 577 14
548 141 4
548 169 6
548 512 2
548 577 2
548 586 2
549 146 3
549 288 2
549 530 3
550 36 3
551 40 3
552 640 2
552 656 19
552 932 2
553 36 2
553 102 488
553 933 2
554 137 7
555 52 2
557 15 4
557 370 2
557 400 16
557 770 35
557 938 2
560 18 9
560 96 2
560 168 2
560 354 244
561 10 2
561 444 6
561 521 8
561 786 254
562 977 178
562 992 2
563 410 12
564 659 2
566 44 5045
567 793 47
569 385 4
572 64 3
572 257 2
572 370 6
573 797 46
573 886 3
574 533 4
576 4 3
576 228 4
576 325 8
576 371 5
576 547 5
577 72 3
577 222 2
577 236 3
577 401 8
577 577 2
577 661 3
578 26 2
578 96 5
578 120 5
578 554 13
578 572 11
578 575 7
580 507 4
580 528 4
581 645 10603
582 633 2
584 833 7
585 354 17
588 784 2
590 276 566
590 300 2
590 520 2
590 788 2
591 147 4
592 2 2
592 4 24
592 322 2
592 528 3
592 585 16
593 429 10
595 557 2
596 11 2
596 33 3
596 91 4
597 387 7
599 569 10
600 573 5
602 480 3
604 913 9
604 1006 2
606 281 2
606 807 10
607 288 2843
607 393 2
608 176 5
608 648 9
609 210 2
609 225 18
609 526 28
612 534 2
614 265 2
616 450 9
617 374 12
618 70 2
619 76 5
619 140 6
621 293 10
623 1000 2
624 579 2
626 8 6
626 104 14
626 608 11
627 418 2
627 769 2
629 528 2
631 24 2414106
635 546 3
640 4 18
640 6 2
640 16 2
640 181 2
640 246 3
640 369 7
640 421 9
640 467 11
640 525 2
640 659 2
640 952 2
641 192 6
642 562 322
643 73 2
643 775 10
644 387 2
644 660 4
644 756 2
644 769 27
645 548 2
646 388 2
648 76 7
648 98 9
648 301 225
648 369 2
648 694 23
652 594 6
654 129 3
654 565 8
655 761 2
656 3 3
656 259 16
656 278 19
656 370 2
657 79 2
658 226 2
660 36 4
660 85 3
660 648 2
664 16 4
664 539 3
664 781 2
665 3 18
665 260 2
668 464 2
672 64 327
672 717 11
673 104 2
673 656 3
674 259 12
674 401 2
674 672 2
675 470 2
676 52 4
677 641 12
678 237 2
680 20 108
680 540 2
681 6 2
681 33 4
682 14 3
682 156 2
686 426 4
686 593 23
690 110 3
691 12 17
692 914 32
693 522 10828
694 768 57
694 931 21
695 517 5
700 18 3
700 864 2
701 941 2
704 34 226
704 76 3
704 135 10
704 292 8
704 370 2
704 514 37
705 854 187
706 17 2
706 460 2
709 325 2
709 644 34
709 843 3
710 2 2
711 19 3
712 283 4
712 294 2
713 837 5
716 98 2
716 339 4
720 7 3
721 0 2
721 170 2
721 323 2
721 584 2
722 82 31
722 100 8
722 104 9
722 146 2
722 393 144
723 142 6
724 20 10
726 322 2
728 227 2
728 350 2
732 834 2
737 288 103
738 970 50
741 45 2
742 97 3
743 787 2
744 124 2
744 280 292
744 762 4
745 63 4
754 32 71
759 130 2
760 40 4
760 220 2
760 300 2
761 435 1243
765 513 4
768 68 2
768 326 5
768 502 4
768 608 4
768 736 2
768 738 6
769 34 20
769 640 3
770 67 4
770 256 125
770 515 7
770 663 3
771 793 4
771 800 51
772 0 2
772 130 6
775 48 2
775 921 4
776 101 19
776 586 2
776 697 15
777 6 2
777 200 4
777 318 85
777 641 8
778 330 6
778 389 349579
780 14 6
780 16 444
780 193 21
780 552 389
780 901 6
781 222 5
782 226 10059
784 1 9
784 549 4
784 569 2
784 634 2
784 841 12
785 45 7
785 257 2
786 142 2
786 521 2
786 576 2
786 914 2
787 199 5
788 324 2
788 332 2
792 274 14
792 540 2
792 594 3
793 52 10
793 628 4
795 422 29
799 433 4
800 9 3
800 45 10
800 73 54
800 97 3
800 824 3
801 34 2
801 312 12
802 660 3
804 337 3
804 433 3
804 779 2
805 387 5
805 781 2
806 43 3
806 134 2
806 480 2
808 526 5
808 777 27
808 937 9
808 945 7
810 17 9
812 778 11
814 161 2
814 264 5
814 905 2
816 18 5
816 24 4
818 253 30
819 538 9
821 236 2
824 978 276
830 356 29
832 21 2
832 30 31
832 43 2
832 281 2
832 328 2
832 427 5
833 147 2
834 0 2
834 32 18
834 67 39
834 104 2
834 912 4
835 392 15
835 583 33
836 86 3
836 388 30
838 785 3
840 96 2
840 106 2
841 370 2
842 200 2
845 561 2
848 899 2
849 792 8
849 1018 2
850 308 2
852 2 9
852 64 16
854 681 2
856 866 5
857 42 41
862 130 2
863 516 18
864 23 123
864 786 3
867 998 2
868 332 33
870 68 2
871 264 2
872 32 7
874 360 2
875 164 2
880 611 4
882 42 16
882 778 44
884 802 15
885 601 5
894 392 2
895 603 11
896 330 2
896 868 4
897 115 3
897 1002 4
898 699 3
899 537 2
902 131 2
902 420 3
903 339 3
904 112 11
904 231 7
904 929 2
905 196 2
905 248 2
906 137 13
911 5 3
911 896 10
912 388 2
914 669 2
914 968 2
916 777 18
917 560 89173
921 272 7
921 320 2
922 8 2
924 196 2
927 190 7
928 64 3
928 384 2
928 516 24
929 257 2
930 547 11
930 720 8
938 261 2
938 552 2
940 512 7
944 756 8
947 568 4
951 818 2
952 37 29
953 905 2
956 846 6
958 844 12
960 358 2
961 333 6
961 481 2
963 130 5
966 29 34
966 555 6
968 51 22
968 360 14
971 566 2
976 321 19
977 549 2
978 817 4
984 324 19
984 483 2
985 268 4
988 366 37
990 35 5
996 836 11
998 127 2
1000 260 2
1002 912 4
1004 129 3
1011 36 8
1018 358 9
1020 371 3
1021 643 6
