0 4 7
0 8 12
0 17 2
0 18 6
0 29 7
0 47 16
0 112 2
0 215 2
0 256 2
0 265 15
0 670 4
0 917 5
0 936 13
1 7 4
1 15 8
1 70 3
1 82 4
1 228 2
1 292 9
1 481 4
1 644 2
1 705 3
1 825 2
1 920 44937
2 0 3
2 8 10
2 167 2
2 260 3
2 267 2
2 328 2
2 826 10
3 24 2
3 131 8
3 272 2
3 277 15
3 530 110
3 592 3
3 652 13
4 0 2
4 4 6
4 64 5
4 248 2
4 368 27
4 576 7
5 18 2
5 216 2
5 584 4
6 148 3
6 212 268
6 267 3
6 268 24
6 512 2
6 798 2
7 81 4
7 715 19
8 19 2
8 42 4
8 58 9
8 272 2
8 486 2
8 642 14
8 656 2
8 735 15
8 902 2
9 39 2
9 43 2
9 416 25
9 526 9
9 572 10
9 823 2
10 13 2
10 40 8
10 75 89
10 84 2
10 176 2
10 523 4
10 584 3
10 599 5
10 680 2
11 204 17
11 586 13
11 779 4
12 0 19
12 55 5
12 269 2
12 366 3
12 634 10
12 781 7
13 66 8
13 192 14
13 224 4
13 320 24
13 780 32
14 127 2
14 152 9
14 321 10
14 376 10
15 485 5
16 24 23
16 64 2
16 96 2
16 516 7
16 643 7
16 806 4
17 48 579
17 129 36
18 203 2
18 641 2
18 645 2
19 7 23
19 24 9
19 709 5
20 1 2
20 28 2
20 36 4
20 69 25
20 194 3
20 323 3
20 786 3
21 258 2
21 308 34
22 97 19
22 107 2
22 565 2
23 328 2
23 770 2
23 886 2
24 786 2
24 848 3
26 109 3343
28 146 4
28 203 2
28 624 4
28 647 2
29 1 28
30 52 2
30 129 3
31 77 2
32 33 2
32 42 18
32 72 2
32 185 3
32 196 3
32 211 503
32 219 21
32 388 2
32 612 3
32 641 65
32 721 6
32 960 2
33 64 9
33 277 4
33 544 4
33 785 16
33 898 2
34 144 3
34 292 5
34 324 72
34 663 2
34 720 3
34 800 9
35 65 6
35 266 22
35 551 12
35 689 18
36 34 18
36 48 94
36 257 2
36 288 2
36 320 2
36 555 3
36 705 2
37 2 2
37 673 11
38 180 141
38 204 2
39 3 2
39 520 10
39 982 22
40 65 2
40 256 17
40 605 5
40 672 8
40 756 3
40 840 2
40 980 4
41 96 3
41 276 195
41 513 3
41 987 9
42 42 2
42 140 37
42 839 2
43 1 15
44 47 5
44 430 2
44 524 2
45 23 11
45 74 995
45 615 3
45 808 18
45 844 12
47 80 16
47 1022 2
48 168 3
48 176 2
48 198 2
48 708 7
48 789 25
48 843 2
48 932 2
49 310 5
49 313 2
50 9 4
50 113 6
50 528 2
51 377 5
52 188 4
52 256 6
52 390 7
52 899 2
53 146 6
54 718 2
56 89 3
56 267 12
56 472 3
56 560 10
57 5 2
58 113 9
59 58 6
59 583 7
60 5 9
60 33 2
60 112 2
60 948 477
61 648 9
62 521 7
62 612 13
64 1 4
64 194 27
64 203 2
64 481 6
64 514 241
64 780 2
65 61 3
65 96 4
65 104 12
65 265 2
65 274 2
65 571 3
65 614 2
66 545 2
67 2 4
67 20 8
67 37 2
67 73 35
67 453 2
67 482 6
68 153 2
68 192 35
68 284 2
69 138 332
69 276 12
69 466 4
69 768 10
70 109 3
70 212 5
70 431 6
70 648 2
70 672 35
71 1 51
71 409 2
72 37 67
72 65 4
72 280 2
73 39 13
73 640 3
73 870 27
74 512 2
74 768 15
74 1012 4
75 259 4
75 576 2
76 855 2
77 256 12376
77 267 2
77 450 16
78 784 8
78 919 5
79 165 4
79 386 2
80 51 8
80 82 5
80 211 2
80 528 5
81 807 4
82 280 6
82 283 4
83 115 18
83 124 2
83 304 5
83 617 5
84 74 2
84 490 2
85 31 2
85 65 6
86 234 588
86 524 3
87 353 7
87 462 26
87 515 6
88 330 2
88 782 470
89 2 18
90 20 43
90 843 22
90 977 2
91 154 2
91 951 2
92 38 2
93 49 39
94 869 12
94 954 43
95 20 27
95 34 2
96 32 9
96 208 40
96 220 7
96 276 3
96 304 2
96 321 3
96 356 2
97 48 25
97 130 8
97 144 9
97 195 10
97 473 5
97 525 26
98 401 18
98 671 14
100 128 2
100 294 2
100 901 2
101 124 2
101 161 2
101 599 10
102 6 14
102 78 9
102 166 2
102 264 11
103 704 2
104 26 2
104 48 2
104 64 6
104 132 6
104 313 4
107 3 5
108 133 21
108 514 3
108 825 12
112 0 6
112 28 4
112 84 7
114 416 2
114 497 1465
114 872 7
117 106 5
118 565 12
119 446 9
120 76 20
122 80 340
122 294 2
123 600 14
124 348 16
128 10 2
128 200 5
128 320 4
128 362 2
128 376 2
128 433 12
128 453 13
128 628 2
128 770 4
129 37 2
129 584 3
130 78 3
130 273 7
130 368 13
130 520 2
130 540 10
130 675 3
130 772 2
132 17 3
132 713 2
132 957 3
133 23 39
133 138 2
133 614 2
134 67 8
134 84 2
134 224 2
134 390 2
135 258 6
135 544 2
136 21 4
136 81 2
136 160 3
136 482 5
136 657 2
137 256 5
137 678 2
137 778 15
138 266 6
139 87 3
140 72 9
140 135 19
140 168 7
141 2 2
141 521 2
142 641 2
143 116 3
143 642 3
144 68 349
144 248 5
144 257 2
144 418 5
144 433 143
144 520 4
145 2 29
145 94 29
145 216 3
145 273 81
145 392 112
145 576 24
146 69 2
146 146 2
146 396 3
146 910 83
147 513 4
148 146 2
148 464 2
148 912 42
149 633 3
149 649 2
150 160 2
150 656 285
151 132 9
151 207 5
151 250 2
153 151 17
153 171 7
153 592 3
153 598 14
153 961 5
156 133 12
156 814 7
157 404 12
159 526 68
160 34 2123
160 144 2
160 644 12
160 801 3
161 21 4
161 40 49
161 376 4
161 524 9
161 898 18
162 290 2
162 517 2
163 601 2
164 217 5
164 264 2
164 280 13
164 636 4
164 646 2
165 141 15
165 397 2
167 289 2
167 384 4
167 712 531
168 8 12
168 52 7886
168 67 7
168 68 2
168 480 11
169 72 5
169 351 60
169 514 24
171 810 7
172 8 2
172 32 5
172 569 2
172 664 19
173 261 2
174 493 10
174 582 6
175 863 2
176 270 3
176 273 14
176 864 2
176 916 13
177 128 13
177 280 2
178 100 6
178 580 2
178 797 3
180 600 4
181 331 2
181 964 8
182 728 8
184 141 2
184 161 2
184 664 2
185 42 5
186 582 4
187 800 2
188 4 8
192 43 2
192 52 3
192 72 7
192 392 2
192 536 2
192 713 34
192 898 2
192 904 2
192 999 10
193 8 5
193 120 11
193 131 21
193 162 4
193 422 11
193 718 5
193 775 6
194 321 40
194 592 2
196 81 2
196 377 2
197 61 3
197 100 445
197 297 2
198 3 8
200 445 2
200 924 9
201 39 2
201 140 6
202 11 17
203 654 26
204 520 2
205 457 41
206 80 29
206 530 5
208 534 2
209 513 5
209 564 2
210 882 16
212 34 2
212 285 21
212 673 47
213 64 8
214 369 4
214 585 2
222 532 5
225 257 10
225 316 2
226 157 82
227 336 2
227 592 18020
227 838 43
228 294 2
230 9 22
231 290 3
232 5 2
232 80 58
232 130 23
232 480 10
233 212 16
233 912 2
233 973 2
238 620 3
238 642 2
239 560 16
240 799 2
241 206 2
242 156 3
244 33 2
247 626 2
248 557 7
250 46 12
253 636 5
256 5 2
256 68 5
256 97 21
256 160 10
256 312 11
256 416 132
256 512 6
256 522 23
256 616 2
256 772 7
256 904 4
256 963 7
257 156 3
257 272 3
257 544 626
257 680 16
257 806 18
257 912 2
257 920 2
258 24 7
258 34 2
258 36 9
258 265 7
258 673 6
258 880 7
259 327 5
259 532 2
260 256 2
260 522 2
260 545 2
260 678 60
261 8 2
261 72 2
261 356 2
261 672 2
262 134 2
262 193 4
262 256 2
262 1013 2
264 296 3
265 264 5
266 11 54
268 12 3
268 34 2
268 177 17
268 192 2
268 512 2
268 577 7
269 444 4
269 640 7
270 73 132
270 532 2
272 41 2
272 162 12
272 208 4
272 234 11
272 259 2
272 280 5
272 378 24
272 520 11
272 554 6
272 640 18
273 47 8
273 581 5
273 693 14
273 809 16975
274 334 83
275 16 12
275 116 2
275 401 4
275 512 11
276 392 22
276 538 7
276 628 32
277 128 3
278 258 7
279 901 8
280 36 10
280 600 6
281 101 2
282 576 11
282 717 5
283 514 2
284 835 8
287 448 2
288 47 21
288 132 2
288 224 6
288 292 2
288 776 2
289 60 2
289 345 32
289 468 4
289 472 2
289 648 2
289 753 2
289 788 25
290 0 2
290 258 2
290 328 5
290 388 64
291 32 5
291 768 3
292 19 5
292 134 6
292 162 2
293 256 2
294 742 5
296 57 14
296 84 15
296 131 31
296 260 6
296 288 185
296 409 2
297 325 2
297 389 10
297 544 7
298 75 2
298 800 12
299 78 16
299 291 2
301 274 21
303 292 2
304 6 4
304 212 2
304 292 2
305 11 11
305 34 7
305 576 14
306 36 12
306 918 3
307 514 5473
308 583 17
308 640 16
308 692 2
308 832 2
310 44 2
314 109 3
314 156 3
314 376 14
314 518 16
315 739 10
316 452 7
318 914 2
320 29 2
320 407 34
320 428 2
320 468 2
320 720 2
321 337 379
321 834 2
321 1008 1419
322 80 2
322 196 14
322 272 2
323 360 7
324 106 18
324 167 2
324 179 21
324 200 2
324 513 31
324 530 6
325 6 9
325 74 20
325 145 8
325 614 5
325 720 5
326 16 11
326 32 2
326 280 3
326 443 6
329 35 2
330 8 7
331 512 11
332 643 8
334 265 10
334 288 24
335 391 6
336 18 2
336 100 15
337 768 3
338 33 2
340 106 2
340 763 2
341 576 9
342 15 2
342 168 21
345 32 2
345 728 20
346 11 2
347 11 2
348 128 2
348 395 4
349 12 46
352 409 2
352 860 13
353 389 2
354 25 2
354 30 10
354 836 6
354 969 9
355 134 4
356 800 5
357 433 2
357 641 4
357 690 27
358 168 2
360 514 19
360 732 6
361 266 2
361 316 57
363 162 6
363 424 2
364 740 5
368 49 11
368 925 6
371 112 2
371 705 2
376 193 15
379 333 40
381 531 16
384 156 8
384 168 3
384 312 53
384 332 7
384 571 15
384 597 15
384 962 2
385 213 2
385 513 2
385 563 2
386 64 14
386 73 8
386 158 11
386 160 9
387 297 24
390 566 19
391 461 4
392 674 22
393 577 17
394 80 5
394 590 4
395 4 17
396 6 2
396 536 2
396 777 3
396 960 2
399 9 5
400 10 2
400 144 1001
401 58 2
401 284 10
401 673 4
402 68 7
402 769 121
405 160 13
406 928 44
408 66 6
408 405 2
408 576 30
409 66 23
409 417 2
410 520 12
411 20 2
412 6 23
413 640 53
415 101 2
416 52 2
416 279 29
416 292 8
416 531 3
419 7 11
419 844 9
420 32 2
420 288 5
420 424 3
420 538 5
421 400 4
423 651 2
424 481 13
425 161 8
425 261 2
425 746 5
425 776 4
426 644 2
427 580 4
428 194 239
428 880 14
430 203 7
433 24 5
433 197 19
433 398 2
434 734 5
436 641 11
437 2 2
441 21 33
444 769 4
444 801 24
448 513 11
449 321 2
452 48 5
452 205 2
452 513 14
453 368 2
453 661 2
454 437 5
454 634 2
454 782 4
455 640 11
456 367 12
456 774 92
457 906 21
458 101 2
460 566 2
461 625 2
461 901 7
462 516 5
462 641 173
463 916 62
464 265 16
465 761 14
466 58 11
470 713 26
472 226 20
472 256 2
472 801 3
473 6 8
473 600 2
476 775 45
480 0 16
480 731 2
481 288 6
482 208 4
483 276 164
483 555 15
484 841 2
485 134 2
488 269 3
488 334 2
489 64 45
496 433 2
496 978 6
501 519 4
505 332 2
506 706 3
512 1 4
512 36 2
512 52 95
512 173 15
512 438 4
512 453 2
512 522 118
513 5 2
513 42 6
513 65 3
513 100 2
513 340 2
513 644 2
514 4 22
514 11 9
514 160 9
514 452 2
514 522 37
514 572 3
514 780 11
515 273 10
516 169 2
516 357 22
516 442 2
516 582 41
516 779 7
516 785 6
517 0 689
517 8 2
517 34 2
517 177 35
517 233 6
517 534 5
517 672 2
517 676 9
518 41 2
518 66 2
518 517 9
519 517 14
519 944 9
520 9 5
520 94 6
520 164 3
520 296 4
520 436 14
520 785 2
520 812 84
520 896 2
521 131 7
521 450 378
521 554 3
521 609 8
522 234 2
525 134 10
525 820 2
527 36 8
527 713 6
528 33 7
528 97 2
528 156 137
528 611 2
528 801 2
529 148 2
529 260 2
529 520 7
529 836 3
530 132 3
530 325 54
530 696 5
532 11 2
532 134 18
532 550 2
532 853 95
533 5 2
534 6 8
534 425 11304
534 928 2
535 10 2
536 10 2
536 244 21
536 412 22
536 687 2
537 138 4
538 74 5
538 84 4
540 481 2
541 344 11
541 793 2
544 6 131
544 21 2
544 416 9
544 536 2
544 551 2
544 597 4
545 914 2
546 2 18
546 263 2
546 650 16
546 758 13
546 900 7
547 265 36
547 427 4
547 577 2
548 141 3
548 169 11
548 512 2
548 577 3
548 586 2
549 146 2
549 288 189
549 530 3
550 36 3
551 40 19
552 640 2
552 656 27
552 932 2
553 36 5
553 102 2
553 933 2
554 137 4
555 52 2
557 15 2778
557 370 30
557 400 3
557 770 6
557 938 2
560 18 2
560 96 2
560 168 2
560 354 6
561 10 2
561 444 15
561 521 2
561 786 4
562 977 2
562 992 439
563 410 8
564 659 15
566 44 53
567 793 2
569 385 52
572 64 2
572 257 2
572 370 13
573 797 2
573 886 7
574 533 57
576 4 13
576 228 4
576 325 2
576 371 2
576 547 6
577 72 6
577 222 2
577 236 6
577 401 2
577 577 6
577 661 2
578 26 20
578 96 2
578 120 260
578 554 12
578 572 9
578 575 6
580 507 2
580 528 10
581 645 3
582 633 2
584 833 5
585 354 2
588 784 12
590 276 28
590 300 2
590 520 4
590 788 2
591 147 5
592 2 79
592 4 12
592 322 3
592 528 2
592 585 17
593 429 17
595 557 2
596 11 2
596 33 2
596 91 8
597 387 4
599 569 8
600 573 2
602 480 8
604 913 9
604 1006 4
606 281 2
606 807 9
607 288 2
607 393 6
608 176 19
608 648 2
609 210 2
609 225 3
609 526 2
612 534 2
614 265 6
616 450 8
617 374 2
618 70 2
619 76 12
619 140 7
621 293 2
623 1000 2
624 579 2
626 8 15
626 104 2
626 608 13
627 418 4
627 769 58
629 528 17
631 24 71
635 546 10
640 4 3
640 6 4
640 16 7
640 181 10
640 246 2
640 369 2
640 421 4
640 467 2
640 525 24
640 659 2
640 952 4589
641 192 5
642 562 2
643 73 12
643 775 5
644 387 2
644 660 42
644 756 2
644 769 2
645 548 2
646 388 1568
648 76 5
648 98 20
648 301 2
648 369 24
648 694 6
652 594 3
654 129 4
654 565 4
655 761 311
656 3 2
656 259 2
656 278 4
656 370 2
657 79 2
658 226 2
660 36 2
660 85 2
660 648 2
664 16 3
664 539 3
664 781 2
665 3 5
665 260 2
668 464 2
672 64 3
672 717 11
673 104 2
673 656 2
674 259 2
674 401 26
674 672 90
675 470 3
676 52 3
677 641 3
678 237 5
680 20 7
680 540 7
681 6 2
681 33 3
682 14 3
682 156 3
686 426 2
686 593 6
690 110 4
691 12 2
692 914 5
693 522 2
694 768 2
694 931 4
695 517 2
700 18 814
700 864 2
701 941 13
704 34 12
704 76 2
704 135 876
704 292 10
704 370 2
704 514 3
705 854 2
706 17 2
706 460 81
709 325 2
709 644 8
709 843 5
710 2 2
711 19 2
712 283 2
712 294 2
713 837 5
716 98 2
716 339 8
720 7 2
721 0 5
721 170 21
721 323 3
721 584 2
722 82 7
722 100 2
722 104 126
722 146 2
722 393 2
723 142 6
724 20 5
726 322 3
728 227 4
728 350 393
732 834 2
737 288 2
738 970 15
741 45 2
742 97 27
743 787 2
744 124 2
744 280 2
744 762 5
745 63 3
754 32 7
759 130 3
760 40 2
760 220 34
760 300 2
761 435 2
765 513 8
768 68 12
768 326 2
768 502 10
768 608 5
768 736 4
768 738 11
769 34 5
769 640 15
770 67 4
770 256 2
770 515 23
770 663 14
771 793 4
771 800 2
772 0 18
772 130 9
775 48 2
775 921 242
776 101 11
776 586 4
776 697 5
777 6 68
777 200 13
777 318 4
777 641 6
778 330 2
778 389 1281
780 14 9
780 16 6
780 193 4
780 552 2
780 901 2
781 222 2
782 226 52557
784 1 9
784 549 8
784 569 5
784 634 537
784 841 6
785 45 3
785 257 2
786 142 11
786 521 8
786 576 3
786 914 2
787 199 2
788 324 28
788 332 2
792 274 2
792 540 5
792 594 2
793 52 2
793 628 3
795 422 3
799 433 8
800 9 14
800 45 14
800 73 2
800 97 4
800 824 4
801 34 4
801 312 9
802 660 2
804 337 37
804 433 19
804 779 182
805 387 5
805 781 2
806 43 2
806 134 12
806 480 3
808 526 2
808 777 7
808 937 74
808 945 3
810 17 12
812 778 1214
814 161 2
814 264 213
814 905 2
816 18 2
816 24 23
818 253 20
819 538 10
821 236 2
824 978 132
830 356 4
832 21 2
832 30 5
832 43 3
832 281 5
832 328 7
832 427 2
833 147 2
834 0 2
834 32 5
834 67 16
834 104 6
834 912 4
835 392 20
835 583 2
836 86 11
836 388 3
838 785 3
840 96 2
840 106 8
841 370 17
842 200 3
845 561 2
848 899 2
849 792 16
849 1018 2
850 308 2
852 2 2
852 64 12
854 681 435594
856 866 7
857 42 2
862 130 3
863 516 2
864 23 2
864 786 2
867 998 6
868 332 5
870 68 249
871 264 2
872 32 5
874 360 3
875 164 2
880 611 15
882 42 2
882 778 2
884 802 15
885 601 9
894 392 2
895 603 20
896 330 9
896 868 2
897 115 7
897 1002 28
898 699 5
899 537 2
902 131 2
902 420 13
903 339 19
904 112 7
904 231 12
904 929 2
905 196 2
905 248 4
906 137 2
911 5 9
911 896 4
912 388 2
914 669 8
914 968 4
916 777 22
917 560 7
921 272 17
921 320 8
922 8 2
924 196 2
927 190 14
928 64 2
928 384 5
928 516 8
929 257 2
930 547 3
930 720 33
938 261 2
938 552 36410
940 512 2
944 756 14
947 568 41
951 818 2
952 37 3
953 905 21
956 846 6
958 844 14
960 358 2
961 333 3
961 481 2
963 130 4
966 29 21
966 555 4
968 51 9
968 360 2
971 566 5
976 321 478
977 549 2
978 817 2
984 324 5
984 483 2
985 268 12
988 366 2
990 35 40
996 836 4
998 127 121
1000 260 2
1002 912 2
1004 129 53
1011 36 14
1018 358 2
1020 371 9
1021 643 2
