0 4 2
0 8 13
0 17 13
0 18 2
0 29 3
0 47 8
0 112 2
0 215 2
0 256 11
0 265 2
0 670 8
0 917 3
0 936 3
1 7 6
1 15 3
1 70 2
1 82 4
1 228 2
1 292 6
1 481 557
1 644 34
1 705 35
1 825 31
1 920 2
2 0 2
2 8 2
2 167 5
2 260 6
2 267 20
2 328 13
2 826 3
3 24 4
3 131 4
3 272 4
3 277 19
3 530 2
3 592 4
3 652 7
4 0 5
4 4 8
4 64 2
4 248 2
4 368 2
4 576 2
5 18 5
5 216 2
5 584 22
6 148 12
6 212 62
6 267 2
6 268 5
6 512 26
6 798 2
7 81 3
7 715 5
8 19 320
8 42 11
8 58 4
8 272 13
8 486 3
8 642 3
8 656 5592
8 735 2
8 902 2
9 39 2
9 43 2
9 416 2
9 526 42
9 572 2
9 823 2
10 13 2
10 40 15
10 75 5
10 84 2
10 176 3
10 523 3
10 584 4
10 599 7
10 680 8
11 204 27
11 586 10
11 779 17
12 0 751
12 55 2
12 269 2
12 366 2
12 634 2
12 781 15
13 66 4
13 192 2
13 224 11
13 320 4
13 780 9
14 127 8
14 152 2
14 321 4
14 376 9
15 485 14
16 24 2
16 64 8
16 96 443
16 516 7
16 643 2
16 806 6
17 48 2
17 129 3
18 203 103
18 641 9
18 645 2
19 7 3
19 24 23
19 709 13
20 1 7
20 28 15
20 36 2
20 69 57
20 194 2
20 323 3
20 786 2
21 258 2
21 308 12
22 97 10
22 107 2
22 565 10
23 328 3
23 770 140
23 886 4
24 786 11
24 848 2
26 109 2
28 146 41
28 203 3
28 624 2
28 647 2
29 1 2
30 52 7
30 129 2
31 77 2
32 33 8
32 42 2
32 72 2
32 185 9
32 196 7
32 211 2
32 219 5
32 388 7
32 612 22
32 641 66302
32 721 16
32 960 2
33 64 16
33 277 180
33 544 2
33 785 2
33 898 4
34 144 2
34 292 2
34 324 233
34 663 2
34 720 2
34 800 6
35 65 2
35 266 4
35 551 2
35 689 5
36 34 8
36 48 2
36 257 4
36 288 2
36 320 3
36 555 30
36 705 2
37 2 4281
37 673 8
38 180 43
38 204 2
39 3 2
39 520 8
39 982 7
40 65 2
40 256 8
40 605 2
40 672 4
40 756 2
40 840 24
40 980 3
41 96 4
41 276 27
41 513 2
41 987 2
42 42 2
42 140 14
42 839 7
43 1 3
44 47 4
44 430 2
44 524 2
45 23 7
45 74 5
45 615 2
45 808 34
45 844 5
47 80 13
47 1022 2
48 168 2
48 176 32
48 198 2
48 708 15
48 789 30
48 843 207
48 932 2
49 310 3
49 313 3
50 9 8
50 113 9
50 528 2
51 377 2
52 188 2
52 256 17
52 390 18
52 899 1485
53 146 2
54 718 111
56 89 5
56 267 3
56 472 15
56 560 2
57 5 18
58 113 16
59 58 5
59 583 2
60 5 2
60 33 7
60 112 3
60 948 2
61 648 17
62 521 25
62 612 2
64 1 9
64 194 4
64 203 2
64 481 4
64 514 2
64 780 14
65 61 26
65 96 5
65 104 35
65 265 2
65 274 2
65 571 21
65 614 10
66 545 2
67 2 2
67 20 21
67 37 3
67 73 34
67 453 17
67 482 2
68 153 8
68 192 27
68 284 2
69 138 2
69 276 2
69 466 4
69 768 50
70 109 15
70 212 4
70 431 11
70 648 2
70 672 3
71 1 2
71 409 2
72 37 457
72 65 4
72 280 80
73 39 8
73 640 4
73 870 6
74 512 71
74 768 11
74 1012 2
75 259 13
75 576 7
76 855 30
77 256 63
77 267 3
77 450 2
78 784 2
78 919 2
79 165 2
79 386 30
80 51 17
80 82 2
80 211 13
80 528 28
81 807 3
82 280 4
82 283 5
83 115 11
83 124 2
83 304 2
83 617 2
84 74 35
84 490 5
85 31 27
85 65 9
86 234 5
86 524 4
87 353 3
87 462 2
87 515 5
88 330 2
88 782 2
89 2 4
90 20 76
90 843 65
90 977 2
91 154 2
91 951 2
92 38 25
93 49 15
94 869 10
94 954 12
95 20 5
95 34 2
96 32 4
96 208 7
96 220 51
96 276 6037
96 304 2
96 321 6
96 356 25
97 48 3
97 130 5
97 144 8
97 195 3
97 473 11
97 525 120
98 401 2
98 671 17
100 128 43
100 294 2
100 901 5
101 124 20
101 161 7
101 599 10
102 6 3
102 78 2
102 166 17
102 264 9
103 704 2
104 26 2
104 48 8
104 64 17
104 132 7
104 313 2
107 3 8
108 133 13
108 514 7
108 825 27
112 0 3
112 28 8
112 84 16
114 416 3
114 497 2
114 872 2
117 106 4
118 565 10
119 446 4
120 76 6
122 80 2
122 294 284
123 600 2
124 348 2
128 10 2
128 200 2
128 320 11
128 362 7
128 376 2
128 433 5
128 453 5
128 628 2
128 770 2
129 37 2
129 584 2
130 78 6
130 273 4
130 368 3
130 520 6
130 540 2
130 675 3
130 772 2
132 17 2
132 713 19
132 957 14
133 23 174
133 138 12
133 614 5
134 67 2
134 84 2
134 224 2
134 390 2
135 258 2
135 544 4
136 21 10
136 81 2
136 160 22
136 482 5
136 657 2
137 256 17
137 678 2
137 778 2
138 266 7
139 87 3
140 72 4
140 135 5
140 168 2
141 2 13
141 521 8
142 641 7
143 116 3
143 642 7
144 68 2
144 248 43
144 257 5
144 418 6
144 433 3
144 520 2
145 2 5
145 94 17
145 216 2
145 273 17
145 392 2
145 576 2
146 69 2
146 146 2
146 396 2
146 910 6
147 513 6
148 146 6
148 464 8
148 912 28
149 633 2
149 649 1593
150 160 2
150 656 95
151 132 2
151 207 131
151 250 2
153 151 12
153 171 3
153 592 9
153 598 2
153 961 2
156 133 4
156 814 2
157 404 6
159 526 229
160 34 21
160 144 16
160 644 2
160 801 3
161 21 11
161 40 2
161 376 15
161 524 3
161 898 2
162 290 2
162 517 4
163 601 2
164 217 3793
164 264 7
164 280 8
164 636 2
164 646 2
165 141 5
165 397 2
167 289 74
167 384 17
167 712 2
168 8 5
168 52 2
168 67 5
168 68 4
168 480 10
169 72 15
169 351 34
169 514 9
171 810 12
172 8 85
172 32 2
172 569 2
172 664 2
173 261 6
174 493 4
174 582 8
175 863 2
176 270 2
176 273 12
176 864 2
176 916 4
177 128 45
177 280 3
178 100 2
178 580 10
178 797 2
180 600 3
181 331 2
181 964 4
182 728 3
184 141 2
184 161 2
184 664 2
185 42 4
186 582 4
187 800 2
188 4 3
192 43 4
192 52 2
192 72 6
192 392 15
192 536 18
192 713 4
192 898 2
192 904 2
192 999 2047
193 8 8
193 120 21
193 131 24
193 162 13
193 422 2
193 718 8
193 775 92
194 321 19
194 592 2
196 81 5
196 377 2
197 61 2
197 100 2
197 297 2
198 3 3
200 445 28
200 924 3
201 39 2
201 140 4
202 11 2
203 654 2
204 520 9
205 457 2
206 80 2
206 530 2
208 534 2
209 513 4
209 564 15
210 882 67
212 34 2
212 285 2
212 673 19
213 64 7
214 369 6
214 585 7
222 532 4
225 257 7
225 316 6
226 157 4
227 336 16
227 592 1012
227 838 7
228 294 354
230 9 4
231 290 3
232 5 2
232 80 5
232 130 23
232 480 18
233 212 4
233 912 2
233 973 2
238 620 3
238 642 2
239 560 10
240 799 41
241 206 2
242 156 14
244 33 5
247 626 2
248 557 66
250 46 3
253 636 15
256 5 6
256 68 2
256 97 2
256 160 2
256 312 9
256 416 7306
256 512 3
256 522 6
256 616 35
256 772 2
256 904 9
256 963 29
257 156 3
257 272 2
257 544 3
257 680 14
257 806 2
257 912 2
257 920 12
258 24 9
258 34 164
258 36 2
258 265 38
258 673 2
258 880 3
259 327 9
259 532 2
260 256 3
260 522 2
260 545 2
260 678 2
261 8 288
261 72 7
261 356 10
261 672 11
262 134 2
262 193 9
262 256 17
262 1013 7
264 296 3
265 264 34
266 11 2
268 12 11
268 34 374
268 177 9
268 192 2
268 512 2
268 577 4
269 444 6
269 640 7
270 73 4
270 532 3
272 41 5
272 162 3
272 208 2
272 234 27
272 259 2
272 280 12
272 378 21
272 520 7
272 554 16
272 640 23
273 47 21
273 581 4
273 693 80
273 809 28
274 334 2
275 16 3
275 116 5
275 401 3
275 512 2
276 392 88
276 538 4
276 628 4
277 128 2
278 258 2
279 901 12
280 36 2
280 600 7
281 101 2
282 576 9
282 717 6
283 514 3
284 835 7
287 448 2
288 47 22
288 132 2
288 224 19
288 292 12
288 776 2
289 60 19
289 345 17
289 468 2
289 472 5
289 648 2
289 753 3
289 788 3
290 0 2
290 258 2
290 328 2
290 388 2
291 32 11
291 768 18
292 19 3
292 134 2
292 162 3
293 256 3
294 742 12
296 57 14
296 84 357
296 131 7
296 260 13
296 288 211
296 409 19
297 325 14
297 389 4
297 544 2
298 75 11
298 800 2
299 78 10
299 291 7
301 274 18
303 292 2
304 6 13
304 212 8
304 292 2
305 11 10
305 34 4
305 576 4
306 36 2
306 918 3
307 514 2
308 583 4
308 640 84
308 692 3
308 832 2
310 44 16
314 109 11
314 156 17
314 376 323
314 518 4
315 739 2
316 452 2
318 914 2
320 29 2
320 407 38
320 428 2
320 468 2
320 720 2
321 337 2
321 834 9
321 1008 2
322 80 3
322 196 2
322 272 2
323 360 2
324 106 4
324 167 4
324 179 5
324 200 2
324 513 11
324 530 2
325 6 10
325 74 7
325 145 6
325 614 2
325 720 2
326 16 4
326 32 21
326 280 21
326 443 8
329 35 2
330 8 2
331 512 2
332 643 14
334 265 11
334 288 16
335 391 6
336 18 12
336 100 2
337 768 2
338 33 2
340 106 9
340 763 4
341 576 9
342 15 4
342 168 2
345 32 49
345 728 21
346 11 2
347 11 2
348 128 33
348 395 6
349 12 9
352 409 2
352 860 2
353 389 5
354 25 5
354 30 5
354 836 7
354 969 2
355 134 17
356 800 5
357 433 3
357 641 10
357 690 63
358 168 5199
360 514 2
360 732 2
361 266 39
361 316 3
363 162 2
363 424 2
364 740 2
368 49 11
368 925 2
371 112 12
371 705 21
376 193 2
379 333 117
381 531 5
384 156 4
384 168 4
384 312 3
384 332 21
384 571 10776
384 597 15
384 962 6
385 213 4
385 513 2
385 563 426
386 64 2
386 73 4
386 158 12
386 160 7
387 297 2
390 566 2
391 461 9
392 674 4
393 577 11
394 80 6
394 590 7
395 4 4
396 6 211
396 536 11
396 777 5
396 960 2
399 9 2
400 10 2
400 144 10
401 58 7
401 284 5
401 673 9
402 68 2
402 769 15
405 160 12
406 928 2
408 66 73
408 405 29
408 576 27
409 66 2
409 417 3
410 520 41
411 20 305
412 6 2
413 640 3
415 101 72
416 52 2
416 279 2
416 292 5
416 531 2
419 7 3
419 844 8
420 32 4
420 288 3
420 424 10
420 538 4
421 400 8
423 651 17
424 481 2
425 161 2
425 261 4
425 746 4
425 776 7
426 644 9421
427 580 4
428 194 2
428 880 40
430 203 2
433 24 2
433 197 6
433 398 2
434 734 5
436 641 3
437 2 7
441 21 3
444 769 3
444 801 13
448 513 11
449 321 3
452 48 19
452 205 4
452 513 3
453 368 2
453 661 73
454 437 10
454 634 65
454 782 2
455 640 7
456 367 2
456 774 5
457 906 2
458 101 2
460 566 2
461 625 2
461 901 4
462 516 6
462 641 2
463 916 7722
464 265 3
465 761 4
466 58 13
470 713 2
472 226 28
472 256 20
472 801 2
473 6 2
473 600 2
476 775 22
480 0 14
480 731 8
481 288 2
482 208 58
483 276 2
483 555 18
484 841 2
485 134 2
488 269 2
488 334 2
489 64 2
496 433 2
496 978 11
501 519 2
505 332 6
506 706 8
512 1 2
512 36 3
512 52 2
512 173 19
512 438 2
512 453 2
512 522 5
513 5 2
513 42 2
513 65 8
513 100 2
513 340 8
513 644 2
514 4 13
514 11 5
514 160 9
514 452 26
514 522 2
514 572 6
514 780 212
515 273 5
516 169 9
516 357 2
516 442 5
516 582 24
516 779 6
516 785 8
517 0 3
517 8 2
517 34 5
517 177 31
517 233 2
517 534 15
517 672 6
517 676 2
518 41 2
518 66 16
518 517 2
519 517 64
519 944 2
520 9 16
520 94 2
520 164 15
520 296 7
520 436 5
520 785 3
520 812 8
520 896 11
521 131 15
521 450 2
521 554 2
521 609 16
522 234 14
525 134 2
525 820 62
527 36 3
527 713 3
528 33 2
528 97 2
528 156 2
528 611 2
528 801 2
529 148 5
529 260 3
529 520 27
529 836 2
530 132 2
530 325 2
530 696 2
532 11 2
532 134 27
532 550 32
532 853 22525
533 5 2
534 6 4
534 425 2
534 928 3
535 10 2
536 10 3
536 244 3
536 412 3
536 687 372
537 138 2
538 74 8
538 84 4
540 481 14
541 344 2
541 793 20
544 6 6
544 21 4
544 416 6
544 536 10
544 551 3
544 597 10
545 914 11
546 2 4
546 263 2
546 650 2
546 758 2
546 900 2
547 265 19
547 427 3
547 577 32
548 141 3
548 169 5
548 512 4
548 577 7
548 586 2
549 146 4
549 288 2
549 530 4
550 36 13
551 40 8
552 640 2
552 656 9
552 932 6
553 36 23
553 102 2
553 933 2
554 137 19
555 52 6
557 15 300
557 370 2
557 400 4
557 770 2
557 938 2
560 18 2
560 96 2
560 168 163
560 354 41
561 10 2
561 444 23
561 521 2
561 786 2
562 977 4553
562 992 2
563 410 11
564 659 24
566 44 71
567 793 55
569 385 109
572 64 3
572 257 4
572 370 6
573 797 12
573 886 3
574 533 2
576 4 2
576 228 2
576 325 2
576 371 3
576 547 26
577 72 4
577 222 2
577 236 111
577 401 3
577 577 7
577 661 2
578 26 2
578 96 7
578 120 14
578 554 8
578 572 4
578 575 2
580 507 2
580 528 7
581 645 16
582 633 2
584 833 2
585 354 45
588 784 3
590 276 2
590 300 271
590 520 11
590 788 2
591 147 4
592 2 57
592 4 7
592 322 23
592 528 4
592 585 5
593 429 2
595 557 2
596 11 2
596 33 17
596 91 13
597 387 2
599 569 2
600 573 2
602 480 2
604 913 22
604 1006 2
606 281 2
606 807 3
607 288 13530720
607 393 2
608 176 188
608 648 3
609 210 9
609 225 12
609 526 10
612 534 3
614 265 5
616 450 8
617 374 2
618 70 2
619 76 13
619 140 2
621 293 2
623 1000 52
624 579 2
626 8 7
626 104 2
626 608 10
627 418 2
627 769 2
629 528 2
631 24 7
635 546 3
640 4 3
640 6 2
640 16 3
640 181 2
640 246 2
640 369 2
640 421 19
640 467 2
640 525 8
640 659 857
640 952 2
641 192 14
642 562 2
643 73 18
643 775 3
644 387 3
644 660 10
644 756 2
644 769 2
645 548 22
646 388 67
648 76 2
648 98 3
648 301 1972
648 369 3
648 694 8
652 594 11
654 129 2
654 565 5
655 761 1232
656 3 7
656 259 27
656 278 12
656 370 2
657 79 438
658 226 2
660 36 2
660 85 14
660 648 2
664 16 15
664 539 2
664 781 2
665 3 14
665 260 4
668 464 2
672 64 2
672 717 7
673 104 14
673 656 2
674 259 3
674 401 17
674 672 2
675 470 2
676 52 24
677 641 2
678 237 6
680 20 2
680 540 3
681 6 2
681 33 11
682 14 4
682 156 6
686 426 7
686 593 6
690 110 4
691 12 2
692 914 2
693 522 24
694 768 24
694 931 2
695 517 2
700 18 109
700 864 2
701 941 2
704 34 61
704 76 2
704 135 2
704 292 12
704 370 2
704 514 2
705 854 2
706 17 2
706 460 100
709 325 2
709 644 8
709 843 5
710 2 2
711 19 2
712 283 4
712 294 75
713 837 13
716 98 2
716 339 11
720 7 12
721 0 2
721 170 2
721 323 19
721 584 7
722 82 2
722 100 11
722 104 22
722 146 2
722 393 13
723 142 74
724 20 17
726 322 7
728 227 3
728 350 2
732 834 2
737 288 2
738 970 13
741 45 4
742 97 6
743 787 325
744 124 2
744 280 2
744 762 3
745 63 12
754 32 2
759 130 2
760 40 327
760 220 5
760 300 2
761 435 10
765 513 6
768 68 166
768 326 6
768 502 5
768 608 2
768 736 12
768 738 7
769 34 9
769 640 5
770 67 7
770 256 2
770 515 2
770 663 16
771 793 7
771 800 3
772 0 2
772 130 12
775 48 14
775 921 153
776 101 3
776 586 39
776 697 15
777 6 2
777 200 4
777 318 2
777 641 2
778 330 13
778 389 29
780 14 19
780 16 6510
780 193 7
780 552 2
780 901 3
781 222 2
782 226 2
784 1 6
784 549 48
784 569 7
784 634 2
784 841 3
785 45 9
785 257 4
786 142 21
786 521 33
786 576 64
786 914 200
787 199 8
788 324 8
788 332 102
792 274 21
792 540 59
792 594 2
793 52 15
793 628 2
795 422 2
799 433 11
800 9 2
800 45 5
800 73 19
800 97 14
800 824 2
801 34 4
801 312 7
802 660 2
804 337 18
804 433 2
804 779 62
805 387 3
805 781 2
806 43 297
806 134 9
806 480 4
808 526 3
808 777 3
808 937 5
808 945 5
810 17 6
812 778 2
814 161 2
814 264 2
814 905 3
816 18 4685
816 24 4
818 253 8
819 538 4
821 236 473
824 978 2
830 356 31
832 21 2
832 30 20
832 43 10
832 281 2
832 328 2
832 427 19
833 147 8
834 0 3
834 32 2
834 67 2
834 104 5
834 912 3
835 392 2
835 583 16
836 86 3
836 388 2
838 785 7
840 96 11
840 106 24
841 370 9
842 200 3
845 561 2
848 899 3
849 792 2
849 1018 2
850 308 2
852 2 2
852 64 14
854 681 2
856 866 2
857 42 422
862 130 65
863 516 3
864 23 7
864 786 6
867 998 7
868 332 11
870 68 2
871 264 2
872 32 18
874 360 2
875 164 396
880 611 6
882 42 4
882 778 6
884 802 7
885 601 4
894 392 11
895 603 6
896 330 4
896 868 2
897 115 2
897 1002 9
898 699 9
899 537 867
902 131 2
902 420 8
903 339 2
904 112 2
904 231 13
904 929 2
905 196 2
905 248 7
906 137 10
911 5 2
911 896 2
912 388 4
914 669 42
914 968 2
916 777 5
917 560 2
921 272 6
921 320 2
922 8 2
924 196 8
927 190 47
928 64 13
928 384 2
928 516 4
929 257 3
930 547 2
930 720 10
938 261 92
938 552 2
940 512 2
944 756 5
947 568 17
951 818 2
952 37 4
953 905 2
956 846 4
958 844 5
960 358 4
961 333 21
961 481 2
963 130 24
966 29 8
966 555 7
968 51 3
968 360 2
971 566 87
976 321 398
977 549 13
978 817 3
984 324 13
984 483 2
985 268 2
988 366 35
990 35 3
996 836 3
998 127 106
1000 260 7716
1002 912 2
1004 129 5959
1011 36 6
1018 358 2
1020 371 34
1021 643 2
