0 4 60
0 8 12
0 9 4
0 17 2
0 29 2
0 47 2
0 150 6
0 156 4
0 166 9
0 215 2
0 256 2
0 259 2
0 265 3
0 321 2
0 646 3
0 674 3
0 679 2
0 704 3
0 902 6
1 15 2
1 37 2
1 70 2
1 82 49211
1 228 4
1 292 51
1 481 26
1 565 2
1 644 2
1 705 5
1 768 2
1 825 3
1 920 7
2 0 2
2 3 82
2 167 2
2 523 2
3 24 2
3 131 2
3 277 3
3 592 6
3 652 4
3 817 2
4 15 9
4 24 24
4 50 11
4 64 24
4 248 11
4 284 7
4 293 32
4 368 2
4 517 100
4 576 23
4 683 640
4 803 4
4 808 9
5 18 3
5 584 5
6 3 2
6 212 26
6 466 20
6 512 2
6 798 287
6 1002 5
7 81 2
7 715 3
8 1 8
8 273 2
8 386 2
8 393 4
8 486 4
8 552 3
8 642 4
9 43 18
9 526 9
9 823 3
10 13 2
10 75 2
10 176 13
11 204 20
11 586 2
11 752 2
12 0 2
12 24 8
12 55 2
12 116 3
12 269 2
12 366 30
12 781 2
13 66 3
13 224 2
13 320 2
14 127 2
14 152 3
14 210 4
14 321 3
14 376 42
14 616 2
15 352 2
15 485 3
15 659 5
16 24 5
16 64 4
16 96 20
16 132 2
16 643 4
16 806 5
17 48 45
17 129 3
17 258 3
18 51 4
18 290 3
18 641 17
18 645 2
19 7 3
19 24 5
19 657 2
19 709 39
20 10 2
20 28 2
20 176 9
20 194 3
20 323 8
20 786 7
21 116 2
21 258 2
22 24 2
22 97 6
22 107 9
22 133 4
22 331 2
22 565 2
24 9 4
24 533 252
24 781 3
24 786 3
24 944 2
25 523 2
25 592 9178
26 109 2
26 801 7
27 130 2
27 210 2
27 547 17
27 549 10
28 42 60
28 146 17
28 192 68
28 203 48
29 5 3
29 327 10
29 532 2
29 809 2
30 21 6
30 129 51
30 588 8
31 77 3
32 16 25
32 33 3
32 196 9
32 204 7
32 211 332
32 388 2
32 612 2
32 641 2
32 721 18
32 848 73
32 960 109
33 3 6
33 26 33
33 31 2
33 785 2
33 945 7
34 144 7
34 292 2
34 324 6
34 561 2
34 663 5
34 800 3
35 65 6
35 266 16
35 551 5
35 689 5
36 12 4
36 320 3
36 555 3
36 705 2
36 858 2
37 13 7
37 640 3
38 180 2
39 520 5
39 982 43
40 20 323
40 512 2
40 605 3
40 645 2
40 672 3
40 756 11
40 761 6
40 980 10
41 276 2
41 513 6
42 140 10
42 839 20
43 546 2
44 10 2
44 12 2
44 47 6
45 50 11
45 74 2
45 266 4
45 808 2
47 80 2
47 1022 2
48 176 7
48 193 801
48 198 2
48 226 2
48 789 6
48 932 9
49 17 22
49 313 9
49 516 6
50 9 37
50 528 2
51 70 22
51 516 2
52 46 2
52 188 5
52 256 2
52 899 8877
53 245 2
54 112 7
55 278 4
56 267 4
56 472 6
56 544 126293
57 5 2
57 33 2
57 448 2
59 58 353
59 292 2
59 453 2
60 5 4
60 112 3
61 644 5
61 648 878
62 612 2
64 192 2
64 194 3
64 197 24
64 203 3
64 370 2
64 481 2
64 514 4
64 686 2
64 771 2
64 780 3
65 61 9
65 104 4
65 118 18
65 274 76
65 421 450126
65 515 2
66 140 7
66 545 2
67 2 7
67 16 2
67 20 2
67 73 2
67 482 2
67 840 2
68 153 2
68 226 2
68 284 2
68 322 13
68 576 11
69 276 2
69 466 2
69 529 47
69 768 6
70 109 8
70 212 2
70 431 2
70 608 13
70 642 44
70 646 2
71 1 2
71 409 2
71 700 2
72 37 2
72 280 6
72 437 2
73 640 60
73 870 4
73 999 2
74 548 573
75 576 168
76 76 2
76 262 2
76 855 22
77 256 3
77 267 2
77 456 48842
78 288 7
78 517 4
78 784 11
78 919 5334
79 165 6
80 0 9
80 51 4
80 132 5
80 528 2
80 677 102
81 807 12
82 280 3
83 304 16
83 784 7
84 64 10
84 74 9
84 216 11
85 65 2
86 234 2
86 524 2
87 353 4
87 462 2
90 20 4
90 988 7
91 951 2
92 91 14
94 869 3
94 954 4
95 20 3
95 34 2
96 32 2
96 80 2
96 148 2
96 208 5
96 220 44
96 276 2
96 304 3
96 321 10
96 356 3
96 547 2
96 776 2
96 820 2
97 130 2
97 167 8
97 286 2
98 352 40
98 671 9
99 249 21
100 901 5
101 161 4
101 169 6963
101 392 3
101 599 2
102 78 77
102 166 2
104 28 2
104 132 12
104 313 2
104 512 2
104 673 5
105 3 2
105 296 8
105 779 3
106 516 5
106 652 9
107 3 3
111 12 51583
112 0 8
112 107 35
114 68 2
114 416 2
114 497 11
114 872 28
116 33 6
117 106 10
118 565 2
119 446 4
119 836 704
120 0 2
121 536 2
122 80 42
123 600 16
124 304 24
125 268 2
128 1 194
128 10 119
128 58 9
128 134 2
128 208 3
128 320 38
128 362 2
128 376 2
128 433 6
128 628 2
128 770 39
129 0 12
129 39 26
129 88 2
129 163 5
130 272 2
130 273 8
130 528 12
130 532 2
130 540 2
130 675 3
130 772 8
131 581 2
132 6 7
132 94 114
132 137 3
132 372 30
132 713 12
133 23 6
133 138 2
134 67 2
134 84 2
134 208 4
134 224 2
134 516 2
134 768 22
136 21 12
136 39 3
136 81 3
136 160 3
136 610 16
136 657 2
136 684 3
137 148 7
137 259 21
137 778 2
138 266 3
138 590 2
139 87 2
139 865 7
140 72 14
140 143 15
140 168 13
140 724 2
140 776 8
141 954 3
142 641 4
143 144 2
143 642 9
144 257 36
144 418 4
144 433 6
144 520 5
144 800 127
145 1 2
145 184 15
145 273 7
145 392 33
145 513 2
146 69 2
146 396 5
146 910 2
147 513 4
148 139 6
148 515 2
148 912 4687
149 633 15
150 160 2
150 656 2229
151 102 104
153 26 4
153 171 2
153 592 4
153 598 2
156 54 17
156 133 110
156 814 7
157 404 2
159 526 2
160 81 5
160 144 5
160 801 71
161 21 2
161 40 2
161 326 2
161 576 2
162 160 2
162 290 9
162 306 7
163 227 75596
163 361 3
163 601 2
164 34 2
164 38 276
164 87 2
164 329 7
164 636 2
164 646 2
165 141 6176
167 104 36
167 289 22
167 712 2
168 8 10
168 52 3
168 480 3
169 25 44
171 144 21
172 8 2
173 261 37
174 493 15
174 582 2
176 270 2
176 273 2
176 824 2
176 916 30
176 932 2
177 280 2
177 744 2
178 100 2
178 144 7
178 580 2
178 797 2
179 429 2
180 19 5
180 973 6
181 97 2
181 331 58
181 768 51
181 964 8
182 672 4
182 728 2
185 5 2
185 42 6
188 4 44917
188 199 3
192 43 4
192 52 2
192 72 2
192 177 7
192 388 5
192 536 7
192 713 8
192 898 9
192 999 2
193 8 2
193 120 4
193 162 3
193 375 28
193 422 2
194 321 8
194 592 11
194 677 2
196 286 349
196 377 3
197 61 2
197 297 13
197 592 40
197 769 3
198 196 8
200 146 14
200 577 2
200 924 5
201 39 3
203 654 2
204 6 2
205 457 2
206 80 1383
206 530 2
208 12 14
208 14 5
208 88 39
209 513 8
212 34 26
212 673 2
213 64 2
214 585 14
216 792 2
222 852 3845
225 257 8
225 316 2
225 948 2
226 35 2
227 592 25
227 838 2
230 9 38
231 290 5
232 5 2
233 912 13
233 973 9
235 645 2
238 642 7
239 560 7
240 18 2
240 66 2
241 206 3
241 245 2
242 156 2
244 33 571
245 705 2
246 64 2
247 626 3
248 0 5
248 290 3
248 902 4
256 1 7
256 5 6
256 68 2
256 69 2
256 160 22
256 212 64
256 262 5
256 512 2
256 522 3
256 616 28
256 705 33
256 764 5
256 772 3
256 804 6
256 904 37
257 0 4
257 156 15
257 268 2
257 272 2
257 544 16
257 680 2
257 806 2
257 912 2
257 920 28
258 24 7
258 34 6
258 138 8
258 265 7
258 810 5
259 100 2
259 165 12
259 268 3
259 532 17
260 256 2
260 295 15
260 545 3
260 678 2
260 978 4
261 8 9
261 672 10
262 32 2
262 134 2
262 906 6
264 568 16
265 264 2
266 11 14
266 56 8
266 242 2
266 336 2
267 581 8
268 34 192
268 192 13
268 512 17
268 524 2
268 577 2
269 640 3
270 532 2
272 41 2
272 208 2
272 225 8
272 234 5
272 259 2
272 378 5
272 520 5
272 640 3
272 684 3
273 47 2
273 809 6
273 903 2
274 334 8
275 4 847
275 16 17
275 401 3
276 392 3
276 628 2
280 36 3
280 82 57
281 101 65
282 136 3
282 576 3
282 787 2
283 35 42
283 514 2
284 835 97
285 104 14
287 802 2
288 47 2
288 132 5
288 224 2
288 292 20
288 341 4
288 545 2
288 776 30
289 36 2
289 156 18
289 345 70
289 468 6
289 753 13
289 788 6
290 0 2
290 328 3
291 610 17
292 7 2
292 162 5
292 593 18
293 256 2
293 960 3
294 864 5
296 131 7
296 231 2
296 336 5
296 409 13
296 516 292
297 389 2
297 742 2
298 75 2
298 800 136
299 291 4
300 29 4
300 140 8
301 274 15
301 777 5
303 292 6
304 8 3
304 42 7
304 212 11
304 258 5
304 292 2
305 11 37
305 34 9
305 163 15
306 550 27
306 918 1997
307 514 2
308 21 4
308 692 20
308 832 2
309 77 7
310 44 2
310 936 68
314 109 4
314 156 2
314 376 17
315 739 2
316 452 13
318 532 24400
320 29 2
320 428 4
320 468 16
320 641 2
320 720 2
321 4 10
321 262 4
322 196 1572
322 899 2
323 360 9
324 106 5
324 167 2
324 200 13
324 513 14
324 530 16
325 192 3
325 720 2
326 11 2
326 116 57
326 280 9
326 443 3
327 675 9
329 35 2
329 836 399
330 8 2
330 204 2
331 512 2
332 456 4
332 643 2
336 18 10
336 100 2
336 632 4
337 352 61
337 768 130
337 833 17
338 33 4
338 160 7
338 169 2
340 763 6
342 15 14
342 168 14
342 272 12
342 536 2
343 475 3
344 188 66554
345 32 224
345 728 2
347 11 2
347 149 3
347 313 8
348 395 2
352 409 17
352 419 2
352 514 7
353 684 2
354 836 22
354 969 91
355 634 3
357 433 3
357 641 2
358 3 2
360 514 66
360 732 3
360 784 3
361 316 4
362 34 232
363 162 4
364 740 4
366 657 3
368 49 5
368 738 5
371 112 11
371 705 16
372 352 11
376 193 10
381 531 2
382 562 2
384 168 13
384 332 2
384 423 3
384 457 6
384 481 2
384 571 8
384 692 3
384 841 2
384 962 35
385 2 6
385 214 9
385 513 2
385 563 9
386 64 4
386 73 3
386 160 16
386 275 2
386 681 6
386 846 2
386 912 3
387 147 11
387 297 2
387 545 3
387 1016 2
388 332 7513
390 566 2
391 461 45
392 38 2
392 336 11
394 80 2
394 590 3
396 6 2
396 454 4
396 536 2
396 546 67
396 915 5
397 132 2
397 305 31
400 10 2
400 144 25674
400 712 6
401 16 2
401 58 278
401 277 2
401 673 20
401 932 7
402 80 2
402 769 6
403 20 4
403 98 2
404 209 10
404 298 2
405 160 2
406 677 2
407 591 4
408 66 3
408 405 80
408 576 3
409 66 4
409 105 2
409 417 231
409 888 2
411 20 4
412 6 36
413 640 12
414 932 2
415 101 8
416 52 2
416 279 2
416 292 41
416 832 2
419 844 2
420 32 4
420 424 2
420 538 5
424 481 2
425 161 2
425 746 4
425 776 4
426 644 69
428 32 4
428 194 13
428 880 2
436 597 13
436 641 10
441 21 15
442 146 3
444 801 3
448 92 3
448 655 2
449 321 2
452 48 7
452 136 24
452 205 4
453 368 5
453 661 7
454 437 5
454 634 2
455 640 35
456 376 5
456 774 2
458 101 2
458 743 21
460 462 16
461 901 15
462 641 21
463 916 3
464 928 37
465 531 2
465 761 2
466 58 7
467 211 220047
467 300 2
472 226 2
472 256 7
472 801 8
473 600 5
473 800 5
476 775 5
480 0 2
480 665 13
480 731 8
480 928 3
484 841 5
485 134 7
488 3 2
488 334 5
496 978 3
505 332 6
512 5 2
512 96 4
512 153 280
512 173 6686
512 482 2
512 514 7
512 685 9
512 936 43
513 5 2
513 65 112
513 100 17
513 112 9
513 304 2
513 315 2
513 340 2
513 548 2
513 640 4
513 644 5
514 11 2
514 36 16
514 401 3
514 572 2
515 93 81
515 157 2
515 598 5
516 33 3
516 72 2
516 357 2
516 442 4
516 582 890
516 779 5
516 785 5
517 0 2
517 34 4
517 132 4
517 233 2
517 281 2
517 534 7
517 672 2
517 768 2
518 41 4
518 66 841
519 944 2
520 94 3
520 164 4
520 328 3
520 436 2
520 785 26
520 812 2
521 131 27
521 450 2
521 546 3
522 549 2
524 520 2
525 134 3
525 820 10
526 548 9
526 776 191
527 713 14
528 33 9
528 36 19
528 97 2
528 156 12
528 344 3
528 580 23
528 582 2
528 611 2
529 16 2
529 148 42
529 260 5
529 517 15
529 836 2
530 20 2
530 86 965
530 132 2
530 325 7
530 696 16
532 134 2
532 292 3
533 5 27
533 37 2
533 787 4
534 6 2
534 786 7
534 928 53
534 932 9
535 10 3
536 10 5
536 412 6
536 687 5
536 902 15
537 99 4
537 138 2
537 257 76
537 478 2
538 74 6
538 84 11
540 256 14
541 344 4
544 6 4
544 21 2
544 24 4
544 401 2
544 416 2
544 536 2
544 551 2
544 718 11
545 209 2
545 520 9
545 743 4
546 4 2
546 263 7
546 612 2
546 650 4
546 758 2
547 265 17
548 512 2
548 586 2
549 146 4
550 649 68
550 800 3
551 40 2
552 640 22
553 933 2
555 52 8
555 418 2
557 15 23
557 400 32
559 557 58
560 96 6
560 104 22
560 354 20
561 521 2
561 786 2
561 993 2
562 162 8
562 992 13
563 410 6
564 28 2
564 659 8
565 105 2
566 44 3
566 132 2
567 793 19
569 522 2
571 457 7
572 36 280
572 64 15
572 257 4
573 886 12
574 18 4
576 4 16
576 19 3
576 48 4
576 172 3
576 193 9
576 228 3
576 325 2
576 525 43
576 547 2
576 607 2
577 72 2
577 236 3
577 577 2
578 136 846
578 572 3
578 575 15
579 80 4
579 136 2
579 621 25
579 789 28
580 507 17
580 528 13
581 645 24
582 633 55
583 129 3
585 64 1599
585 208 6
585 354 3
585 389 3
586 64 8
587 608 9
590 300 2
590 520 2
590 788 2
591 147 24
592 4 2
592 148 4
592 528 2
592 566 2
592 585 3
592 856 2
596 33 2
596 91 10
596 385 2
597 387 8
599 92 5
600 115 8
600 573 6
600 575 13
604 913 2
604 1006 7
606 807 2
607 288 25
608 176 6
608 185 8
608 522 6
608 648 2
610 24 2
611 125 2
613 840 43
614 265 2
614 936 60
616 81 12
616 450 2
617 908 6
618 70 2
618 1004 3
619 76 105
619 140 5
619 231 2
621 293 11
625 5 10
625 530 2
626 8 2
626 104 2
626 114 9
627 3 5
627 418 6
628 76 2
632 18 65
633 812 2
637 73 9
638 161 2
640 4 4
640 16 6
640 258 2
640 369 2
640 732 3
642 562 3
642 724 2
643 775 79
644 769 2
645 4 2
645 25 184
645 548 2
645 963 7
648 76 3
648 301 2
648 369 6
648 512 36
648 694 94
648 769 2
649 4 6
649 48 2
650 108 12
650 953 2
652 594 2
655 384 2
655 761 7
656 833 7
657 201 2
658 10 92
658 26 10
658 640 4
660 52 15
660 85 2
661 244 13
661 608 7
662 374 2
665 3 2
666 66 2
668 163 84
668 749 2
670 515 3
672 1 2
672 64 2
672 129 5
672 514 2
672 608 4
673 104 2
674 672 2
675 257 4
675 470 11
677 121 8
677 641 2
678 237 28
680 20 2
680 39 2
680 450 2
680 540 2
682 156 57
684 1008 10
686 426 6
686 593 2
690 110 8
691 12 2
692 260 6
693 397 3
694 6 3
696 885 2
700 864 2
701 941 2
704 76 10
704 135 14
704 292 8
704 370 4
704 514 7
704 673 11
705 596 2
706 460 6
708 108 2
709 325 2
709 354 2
709 644 2
710 2 485
711 19 4
712 35 8
712 283 11
713 593 32
716 98 12
716 339 13
716 649 15
716 842 3
719 512 5
720 7 12
720 144 5
721 323 1440
721 584 2
722 82 14
722 258 14
722 393 9
722 464 42
724 20 2
725 65 13
728 227 14
728 350 3
730 332 8
732 834 12
736 24 2
737 288 3
737 610 2
738 970 70
740 235 16
741 45 3
741 260 10
744 124 126
744 280 2
744 762 2
745 63 2
746 386 2
752 494 2
752 786 2
759 130 2
760 40 3
760 220 2
760 257 20
761 435 6
763 668 13
768 326 2
768 502 2
768 608 69
768 666 191
768 736 11
769 34 3
770 67 2
770 256 2
770 515 3
771 800 3
772 0 7
772 32 2
772 130 3
773 1 5
774 8 5
774 936 5
775 48 2
775 921 6
776 155 8
776 586 9
776 697 10
777 6 2
777 200 3
777 318 2
777 608 44
777 641 3
778 330 11
778 389 2130565
778 707 15
780 16 2
780 193 5437
780 707 26
780 901 2
782 226 25
782 405 2
784 1 12
784 549 649
784 569 10
784 604 2
784 634 50
785 257 2
786 521 2
788 332 2
792 540 2
792 594 3
793 52 2
793 628 5
795 422 7
795 661 2
798 776 2
800 824 10
804 104 2
805 387 7
805 781 10
806 326 95
808 302 1835
808 526 2
808 777 4
814 264 7
814 523 3
814 905 12
816 18 72
816 24 2
818 253 3
819 69 2
819 538 2
822 211 8
828 592 170
832 16 2
832 21 5
832 30 10
832 43 4
832 304 3
832 427 3
832 548 79
833 999 3
834 67 3
834 148 3
834 912 2
836 86 3
836 485 10
838 785 21
840 96 2
840 106 29
840 545 8
840 800 4
841 32 4
845 561 2
848 391 10
848 899 2
849 792 2
849 1018 3
851 195 4
852 64 2
852 824 2
856 256 17
856 866 2
864 23 7
864 786 3
867 998 63
870 68 2
871 264 2
872 32 2
872 50 2
874 360 18
875 164 10
878 258 4
895 603 9
896 330 2
897 115 8
897 523 3
897 1002 14
898 336 3
898 699 10
899 537 2
900 4 68
900 313 82
903 339 7
904 112 2
904 888 3
904 929 2
905 196 5
905 540 12
905 572 4
906 137 5
908 456 26
910 614 5
912 2 2
912 129 7
912 388 19
914 669 2
914 968 2
915 431 28
916 777 8
917 912 10
920 200 3
921 272 3
921 320 2
922 8 7
924 33 18
928 384 9
928 516 4
928 518 7
929 10 9
930 720 8
931 230 2
931 657 2
932 274 3
932 783 2
933 657 9
934 94 3
938 316 2
938 552 2
941 771 6
944 165 2
945 456 6
946 205 4
947 568 5
954 22 2
958 844 5
961 131 14
961 333 8
961 472 2
963 130 35
965 937 72
966 29 2
966 197 20
966 555 9
968 51 2
968 360 2
969 313 2
975 205 2
976 321 2396
976 779 5
977 22 2
977 34 432
984 483 2
987 962 4
1000 260 2
1002 652 4
1002 912 2
1003 684 3
1004 129 2
1011 36 13
1018 358 3
1021 643 3
