0 4 38
0 8 2
0 9 5
0 17 13
0 29 2
0 47 2
0 150 6
0 156 5
0 166 2
0 215 2
0 256 763
0 259 11
0 265 3
0 321 2
0 646 3
0 674 2
0 679 13
0 704 27
0 902 5
1 15 257
1 37 2
1 70 3
1 82 681
1 228 22
1 292 2
1 481 2
1 565 5
1 644 2
1 705 2
1 768 38
1 825 23
1 920 8
2 0 7
2 3 2
2 167 24
2 523 2
3 24 31
3 131 1468
3 277 5
3 592 2
3 652 2
3 817 2
4 15 2
4 24 105
4 50 10
4 64 36
4 248 4
4 284 6
4 293 2
4 368 86
4 517 2
4 576 3
4 683 43
4 803 3
4 808 2
5 18 4
5 584 8
6 3 2
6 212 5
6 466 1408
6 512 2
6 798 2
6 1002 4
7 81 4
7 715 4
8 1 32
8 273 4
8 386 767
8 393 2
8 486 6
8 552 2
8 642 3
9 43 5
9 526 4
9 823 11
10 13 2
10 75 2
10 176 9
11 204 468
11 586 2
11 752 10
12 0 15
12 24 5
12 55 188
12 116 2
12 269 100578
12 366 20
12 781 2
13 66 3
13 224 2
13 320 2
14 127 2
14 152 5
14 210 4
14 321 3
14 376 2
14 616 17
15 352 2
15 485 22
15 659 2
16 24 20
16 64 2
16 96 2
16 132 62
16 643 7
16 806 3
17 48 2
17 129 6
17 258 12
18 51 5
18 290 200146
18 641 2
18 645 2
19 7 2
19 24 4
19 657 3
19 709 6
20 10 11
20 28 51
20 176 2
20 194 6
20 323 3
20 786 8
21 116 122030
21 258 2
22 24 6
22 97 5
22 107 5
22 133 5
22 331 18
22 565 11
24 9 6
24 533 2
24 781 4
24 786 8
24 944 119
25 523 162
25 592 4609
26 109 2
26 801 11
27 130 2
27 210 36
27 547 3
27 549 10
28 42 37
28 146 2
28 192 2
28 203 3
29 5 7
29 327 9
29 532 15
29 809 2
30 21 10
30 129 4
30 588 3
31 77 2
32 16 2
32 33 10
32 196 10
32 204 11
32 211 4
32 388 2
32 612 3950
32 641 10
32 721 2
32 848 210
32 960 223
33 3 6
33 26 8
33 31 2
33 785 2
33 945 2
34 144 8
34 292 2
34 324 3
34 561 28
34 663 20
34 800 2
35 65 15
35 266 19
35 551 3
35 689 3
36 12 18
36 320 2
36 555 2
36 705 1570
36 858 2
37 13 13
37 640 20
38 180 70
39 520 2
39 982 6
40 20 57
40 512 2
40 605 3206
40 645 33
40 672 3
40 756 5
40 761 739225
40 980 40
41 276 5
41 513 13
42 140 6
42 839 2
43 546 8
44 10 2
44 12 8
44 47 103
45 50 9
45 74 2
45 266 4
45 808 2
47 80 2
47 1022 2
48 176 18
48 193 2
48 198 2
48 226 18
48 789 2
48 932 2
49 17 21
49 313 15
49 516 7
50 9 7
50 528 404
51 70 26
51 516 2
52 46 17
52 188 14
52 256 2
52 899 2
53 245 65
54 112 9
55 278 10
56 267 16
56 472 12
56 544 2
57 5 2
57 33 4
57 448 196
59 58 2
59 292 2
59 453 6
60 5 4
60 112 31
61 644 6
61 648 2
62 612 2
64 192 268
64 194 4
64 197 2
64 203 5
64 370 7
64 481 2
64 514 9
64 686 2
64 771 2
64 780 2
65 61 2
65 104 6
65 118 5
65 274 2
65 421 9433
65 515 3
66 140 6
66 545 32
67 2 2
67 16 2
67 20 598
67 73 8
67 482 2
67 840 352
68 153 11
68 226 2
68 284 2
68 322 2
68 576 22
69 276 33
69 466 5
69 529 3
69 768 11
70 109 4
70 212 2
70 431 6
70 608 3
70 642 132
70 646 13
71 1 2
71 409 6
71 700 65
72 37 2
72 280 4
72 437 4864
73 640 2
73 870 2
73 999 6
74 548 2989
75 576 2
76 76 31
76 262 2
76 855 5
77 256 8
77 267 2
77 456 24
78 288 9
78 517 5
78 784 12
78 919 2
79 165 23
80 0 16
80 51 11
80 132 7
80 528 2
80 677 4
81 807 3
82 280 17
83 304 16
83 784 2
84 64 5
84 74 6
84 216 18
85 65 2
86 234 3
86 524 4
87 353 2
87 462 6
90 20 8
90 988 16
91 951 2
92 91 2
94 869 2
94 954 3
95 20 2
95 34 13
96 32 2
96 80 4
96 148 4
96 208 24
96 220 3
96 276 4697
96 304 3
96 321 33
96 356 40
96 547 4
96 776 2
96 820 2
97 130 12
97 167 9
97 286 2
98 352 2
98 671 3
99 249 2
100 901 5
101 161 4
101 169 8
101 392 19
101 599 2
102 78 10
102 166 17
104 28 9
104 132 4
104 313 3
104 512 3
104 673 4
105 3 37
105 296 11
105 779 2
106 516 12
106 652 6
107 3 5
111 12 2
112 0 16
112 107 22
114 68 2
114 416 2
114 497 20
114 872 12
116 33 4
117 106 11
118 565 166
119 446 2
119 836 2
120 0 13
121 536 47
122 80 31
123 600 11
124 304 4
125 268 5
128 1 2
128 10 2
128 58 6
128 134 2
128 208 9
128 320 30
128 362 2
128 376 16
128 433 7
128 628 2
128 770 2
129 0 9
129 39 6
129 88 15
129 163 10
130 272 56
130 273 6
130 528 4
130 532 3
130 540 6
130 675 31
130 772 7
131 581 2
132 6 2
132 94 13
132 137 2
132 372 2
132 713 14
133 23 11
133 138 14
134 67 22
134 84 7
134 208 2
134 224 3
134 516 2
134 768 3
136 21 2
136 39 6
136 81 10
136 160 68
136 610 16
136 657 2
136 684 5
137 148 2
137 259 3
137 778 2
138 266 2
138 590 45
139 87 2
139 865 5
140 72 5
140 143 18
140 168 2
140 724 6
140 776 5
141 954 3
142 641 20
143 144 10
143 642 23
144 257 28
144 418 4
144 433 3
144 520 7
144 800 17
145 1 4
145 184 12
145 273 4
145 392 76
145 513 89
146 69 2
146 396 17
146 910 4164
147 513 2
148 139 3
148 515 15
148 912 2
149 633 11
150 160 5
150 656 5
151 102 38
153 26 8
153 171 31
153 592 3
153 598 2
156 54 23
156 133 24
156 814 15
157 404 2
159 526 579
160 81 3
160 144 10
160 801 2
161 21 2
161 40 4
161 326 14
161 576 3
162 160 2
162 290 4
162 306 6
163 227 42
163 361 2
163 601 2
164 34 2
164 38 132
164 87 2
164 329 2
164 636 1846
164 646 2
165 141 185
167 104 2
167 289 9
167 712 5
168 8 2
168 52 2
168 480 8
169 25 2
171 144 3
172 8 2
173 261 3
174 493 2
174 582 2
176 270 2
176 273 7
176 824 2
176 916 2
176 932 7
177 280 9
177 744 43
178 100 2
178 144 2
178 580 2
178 797 2
179 429 27
180 19 2
180 973 5
181 97 2
181 331 2
181 768 7
181 964 45
182 672 2
182 728 16
185 5 3
185 42 2
188 4 2
188 199 13
192 43 2
192 52 2
192 72 3
192 177 2
192 388 3
192 536 23
192 713 993
192 898 2
192 999 7
193 8 59
193 120 2
193 162 6
193 375 2
193 422 31
194 321 3
194 592 8
194 677 2
196 286 221
196 377 2
197 61 2
197 297 2
197 592 11
197 769 38
198 196 6
200 146 2
200 577 4
200 924 2
201 39 10
203 654 2
204 6 37
205 457 331
206 80 13
206 530 3
208 12 17
208 14 2
208 88 88
209 513 15
212 34 401
212 673 2
213 64 60
214 585 6
216 792 5
222 852 2
225 257 7
225 316 2
225 948 3
226 35 27
227 592 2
227 838 3
230 9 6
231 290 21
232 5 101
233 912 10
233 973 22
235 645 2
238 642 3
239 560 3
240 18 4
240 66 9
241 206 50
241 245 2
242 156 564
244 33 2
245 705 2
246 64 2
247 626 16
248 0 9
248 290 8
248 902 5
256 1 25
256 5 3
256 68 2
256 69 3
256 160 13
256 212 30
256 262 2
256 512 2
256 522 5
256 616 2
256 705 2
256 764 21
256 772 12
256 804 10
256 904 22
257 0 4
257 156 3
257 268 2
257 272 8
257 544 9
257 680 2
257 806 8
257 912 4
257 920 4
258 24 15
258 34 6
258 138 2
258 265 9
258 810 30
259 100 2
259 165 2
259 268 4
259 532 6
260 256 5
260 295 5
260 545 10
260 678 3
260 978 26
261 8 4
261 672 7
262 32 2
262 134 15
262 906 3
264 568 8
265 264 2
266 11 2
266 56 2
266 242 166
266 336 119
267 581 2
268 34 2
268 192 2
268 512 2
268 524 2
268 577 2
269 640 2
270 532 23706
272 41 29
272 208 3
272 225 6
272 234 3
272 259 2
272 378 2
272 520 3
272 640 4
272 684 4
273 47 84
273 809 2
273 903 2
274 334 2
275 4 2
275 16 5
275 401 7
276 392 15
276 628 2
280 36 3
280 82 3
281 101 2
282 136 4
282 576 2
282 787 2
283 35 3
283 514 2
284 835 3
285 104 10
287 802 4
288 47 3
288 132 7
288 224 2
288 292 7
288 341 25
288 545 2
288 776 2
289 36 2
289 156 3
289 345 3
289 468 2
289 753 3
289 788 2
290 0 2
290 328 2
291 610 7
292 7 8
292 162 6
292 593 9
293 256 2
293 960 13
294 864 4
296 131 7
296 231 163
296 336 16
296 409 3
296 516 2
297 389 14
297 742 2
298 75 2
298 800 7
299 291 4
300 29 3
300 140 4
301 274 9
301 777 8
303 292 2
304 8 2
304 42 6
304 212 2
304 258 18
304 292 2
305 11 2
305 34 2
305 163 14
306 550 4
306 918 2
307 514 2
308 21 36
308 692 9
308 832 15
309 77 9
310 44 68
310 936 3
314 109 6
314 156 20
314 376 2
315 739 2
316 452 2
318 532 537
320 29 2
320 428 10
320 468 1035
320 641 3
320 720 2
321 4 2
321 262 3
322 196 1100
322 899 2
323 360 5
324 106 2
324 167 5
324 200 2
324 513 15
324 530 2
325 192 31
325 720 2
326 11 490
326 116 2
326 280 2
326 443 4
327 675 26
329 35 2
329 836 1833
330 8 29
330 204 2
331 512 13
332 456 3
332 643 2
336 18 3
336 100 177
336 632 3
337 352 649
337 768 2
337 833 5
338 33 2
338 160 2
338 169 4
340 763 6
342 15 7
342 168 3
342 272 2
342 536 21
343 475 2
344 188 2
345 32 2
345 728 3
347 11 6
347 149 3
347 313 4
348 395 2
352 409 6
352 419 12
352 514 5
353 684 7
354 836 14
354 969 20
355 634 4
357 433 18
357 641 11
358 3 2
360 514 2
360 732 4
360 784 11
361 316 9
362 34 2
363 162 5
364 740 5
366 657 4
368 49 4
368 738 2
371 112 36
371 705 14
372 352 10
376 193 7
381 531 3
382 562 3
384 168 6
384 332 2
384 423 2
384 457 8
384 481 2
384 571 7
384 692 4
384 841 6
384 962 3
385 2 15
385 214 9
385 513 2
385 563 10
386 64 3
386 73 6
386 160 6
386 275 5
386 681 2
386 846 6
386 912 2
387 147 10
387 297 2
387 545 6
387 1016 470
388 332 2
390 566 8
391 461 2
392 38 2
392 336 7
394 80 206
394 590 2
396 6 4
396 454 2
396 536 8
396 546 2
396 915 5
397 132 3
397 305 11
400 10 9
400 144 2
400 712 3
401 16 6
401 58 13
401 277 3
401 673 2
401 932 2
402 80 2
402 769 4
403 20 4
403 98 2
404 209 6
404 298 3
405 160 4
406 677 4
407 591 2
408 66 96
408 405 2
408 576 2
409 66 3
409 105 2
409 417 189
409 888 2
411 20 2
412 6 2
413 640 4
414 932 2
415 101 3
416 52 9
416 279 25
416 292 3
416 832 2
419 844 2
420 32 2
420 424 3
420 538 8
424 481 2
425 161 2
425 746 5
425 776 8
426 644 3
428 32 16
428 194 179
428 880 2
436 597 7
436 641 2
441 21 3
442 146 10
444 801 3
448 92 2
448 655 5
449 321 52
452 48 3
452 136 5
452 205 2
453 368 9
453 661 12
454 437 2
454 634 2
455 640 3
456 376 19
456 774 43
458 101 2
458 743 2
460 462 12
461 901 2
462 641 5
463 916 13
464 928 2
465 531 2
465 761 2
466 58 47
467 211 2
467 300 9
472 226 24
472 256 2
472 801 2
473 600 16
473 800 6
476 775 8
480 0 15
480 665 3
480 731 4
480 928 16
484 841 2
485 134 2
488 3 2
488 334 9
496 978 2
505 332 3
512 5 8
512 96 6
512 153 2
512 173 23219
512 482 3
512 514 5
512 685 3
512 936 8
513 5 2
513 65 3
513 100 4
513 112 2
513 304 3
513 315 73
513 340 2
513 548 5
513 640 2
513 644 17
514 11 2
514 36 10
514 401 6
514 572 5
515 93 29
515 157 7
515 598 2
516 33 2
516 72 11
516 357 2
516 442 2
516 582 16
516 779 9
516 785 3
517 0 2
517 34 2
517 132 5
517 233 2
517 281 3
517 534 9
517 672 7
517 768 2
518 41 11
518 66 2
519 944 2
520 94 32
520 164 5
520 328 4
520 436 2
520 785 2
520 812 2
521 131 2
521 450 2
521 546 2
522 549 2
524 520 2
525 134 2
525 820 10
526 548 5
526 776 265
527 713 7
528 33 21
528 36 13
528 97 8
528 156 15
528 344 177
528 580 5
528 582 3
528 611 2
529 16 2
529 148 7
529 260 8
529 517 12
529 836 3
530 20 8
530 86 2
530 132 2
530 325 6
530 696 2
532 134 2
532 292 6
533 5 9
533 37 2
533 787 41
534 6 14
534 786 19
534 928 21
534 932 6
535 10 2
536 10 3
536 412 7
536 687 8
536 902 19
537 99 6
537 138 2
537 257 2
537 478 6
538 74 2
538 84 6
540 256 3
541 344 2
544 6 2
544 21 2
544 24 3
544 401 2
544 416 2
544 536 2
544 551 2
544 718 2
545 209 8
545 520 4
545 743 3
546 4 2
546 263 18
546 612 2
546 650 2
546 758 26
547 265 4
548 512 2
548 586 5
549 146 2
550 649 2
550 800 9
551 40 8
552 640 2
553 933 38
555 52 2
555 418 2
557 15 3
557 400 29
559 557 2
560 96 4
560 104 13121
560 354 14
561 521 2
561 786 2
561 993 2
562 162 2
562 992 18
563 410 11
564 28 8
564 659 3
565 105 11
566 44 2
566 132 7
567 793 7
569 522 900
571 457 9
572 36 9
572 64 2
572 257 2
573 886 24
574 18 12
576 4 2
576 19 2
576 48 4
576 172 3
576 193 28
576 228 3
576 325 9
576 525 8
576 547 2
576 607 2
577 72 141
577 236 2
577 577 3
578 136 2
578 572 7
578 575 13
579 80 9
579 136 5
579 621 2
579 789 6
580 507 13
580 528 5
581 645 2
582 633 9913
583 129 4
585 64 2
585 208 13
585 354 4
585 389 3
586 64 34
587 608 4
590 300 2
590 520 2
590 788 5
591 147 5
592 4 6
592 148 2
592 528 2
592 566 130
592 585 2
592 856 2
596 33 7
596 91 2
596 385 6
597 387 8
599 92 3
600 115 2
600 573 7
600 575 12
604 913 3
604 1006 6
606 807 2
607 288 68
608 176 8
608 185 4
608 522 9
608 648 4
610 24 2
611 125 2
613 840 2
614 265 3
614 936 5
616 81 3
616 450 2
617 908 2
618 70 2
618 1004 7
619 76 842
619 140 5
619 231 2
621 293 2
625 5 31
625 530 3
626 8 2
626 104 3
626 114 8
627 3 2
627 418 8
628 76 306
632 18 2
633 812 98
637 73 9
638 161 2
640 4 3
640 16 421
640 258 4
640 369 2
640 732 2
642 562 11
642 724 4
643 775 2
644 769 3
645 4 2
645 25 380965
645 548 3
645 963 8
648 76 2
648 301 3
648 369 129
648 512 2
648 694 6
648 769 6
649 4 3
649 48 11
650 108 5
650 953 2
652 594 3
655 384 3
655 761 2
656 833 4
657 201 2
658 10 2
658 26 25
658 640 4
660 52 2
660 85 8
661 244 22
661 608 3
662 374 2
665 3 2
666 66 32
668 163 2
668 749 2
670 515 2
672 1 4
672 64 2
672 129 2
672 514 2
672 608 29
673 104 3
674 672 22
675 257 4
675 470 2
677 121 17
677 641 2
678 237 2
680 20 2
680 39 2
680 450 2
680 540 374
682 156 2
684 1008 6
686 426 39
686 593 29
690 110 11
691 12 3
692 260 4
693 397 16
694 6 3
696 885 2
700 864 6
701 941 2
704 76 5
704 135 18
704 292 2
704 370 11
704 514 4
704 673 53
705 596 2
706 460 7
708 108 10
709 325 2
709 354 19
709 644 2
710 2 14
711 19 32
712 35 9
712 283 15
713 593 14
716 98 3
716 339 2
716 649 9
716 842 2
719 512 2
720 7 3
720 144 8
721 323 12
721 584 3
722 82 8
722 258 7
722 393 12
722 464 2
724 20 2
725 65 6
728 227 2
728 350 2
730 332 13
732 834 7
736 24 2
737 288 186
737 610 26
738 970 2
740 235 4
741 45 10
741 260 18
744 124 2
744 280 8
744 762 23
745 63 2
746 386 2
752 494 3564
752 786 3
759 130 200
760 40 4
760 220 3
760 257 7
761 435 2
763 668 3
768 326 2
768 502 7
768 608 2
768 666 2
768 736 7
769 34 3
770 67 3
770 256 2
770 515 3
771 800 15
772 0 2
772 32 2
772 130 6
773 1 14
774 8 4
774 936 10
775 48 3
775 921 4
776 155 13
776 586 3
776 697 4
777 6 6
777 200 3
777 318 2
777 608 2
777 641 2
778 330 5
778 389 2
778 707 8
780 16 5
780 193 2
780 707 4
780 901 2
782 226 18
782 405 2
784 1 38
784 549 2
784 569 3
784 604 3
784 634 731
785 257 63
786 521 9
788 332 2
792 540 2
792 594 2
793 52 2
793 628 2
795 422 2
795 661 2
798 776 6
800 824 6
804 104 2
805 387 5
805 781 2
806 326 49
808 302 2
808 526 4
808 777 2
814 264 3
814 523 5
814 905 9
816 18 2
816 24 2
818 253 2
819 69 8
819 538 33
822 211 15
828 592 2
832 16 12
832 21 19
832 30 4
832 43 4
832 304 13
832 427 6
832 548 29
833 999 22
834 67 6
834 148 11
834 912 4
836 86 2
836 485 3
838 785 12
840 96 2
840 106 35
840 545 15
840 800 15
841 32 3
845 561 2
848 391 6
848 899 12
849 792 2
849 1018 2
851 195 5
852 64 15
852 824 2
856 256 14
856 866 20
864 23 4
864 786 62
867 998 9
870 68 6
871 264 10
872 32 4
872 50 2
874 360 75
875 164 3
878 258 10
895 603 2
896 330 43
897 115 6
897 523 2
897 1002 12
898 336 48
898 699 4
899 537 12
900 4 3
900 313 9
903 339 7
904 112 34
904 888 4
904 929 20
905 196 8
905 540 2
905 572 2
906 137 15
908 456 2
910 614 2
912 2 5
912 129 4
912 388 19
914 669 2
914 968 6
915 431 12
916 777 65
917 912 2
920 200 14
921 272 7
921 320 24
922 8 17
924 33 2
928 384 19
928 516 3
928 518 2
929 10 3
930 720 7
931 230 233
931 657 2
932 274 2
932 783 2
933 657 2
934 94 14
938 316 2
938 552 2
941 771 16
944 165 2
945 456 16
946 205 4
947 568 2
954 22 19
958 844 2
961 131 6
961 333 5
961 472 2
963 130 15
965 937 3
966 29 2
966 197 80
966 555 2
968 51 204994
968 360 4
969 313 2
975 205 298
976 321 10478
976 779 6
977 22 50
977 34 2497
984 483 5
987 962 8
1000 260 6
1002 652 18
1002 912 3
1003 684 9
1004 129 4
1011 36 4
1018 358 2
1021 643 2
