0 4 34
0 8 19
0 9 3
0 17 3
0 29 2
0 47 51
0 150 6
0 156 4
0 166 2
0 215 2
0 256 2
0 259 7
0 265 11
0 321 8
0 646 5
0 674 158
0 679 3
0 704 9
0 902 3
1 15 143
1 37 2
1 70 2
1 82 4
1 228 10
1 292 2
1 481 2
1 565 2
1 644 2
1 705 81
1 768 6
1 825 5
1 920 14
2 0 153
2 3 2
2 167 2
2 523 2
3 24 8
3 131 2
3 277 4
3 592 6
3 652 4
3 817 2
4 15 4
4 24 6
4 50 8
4 64 20
4 248 4
4 284 8
4 293 4
4 368 2
4 517 2
4 576 2
4 683 2
4 803 8
4 808 16
5 18 30
5 584 3
6 3 200892
6 212 2
6 466 2
6 512 54
6 798 121
6 1002 7
7 81 60
7 715 2
8 1 18
8 273 5
8 386 2
8 393 22
8 486 6
8 552 262
8 642 12
9 43 2
9 526 2
9 823 6
10 13 7
10 75 2
10 176 3
11 204 6
11 586 5
11 752 6
12 0 2
12 24 4
12 55 119
12 116 2
12 269 2
12 366 6
12 781 2
13 66 2
13 224 3
13 320 63
14 127 2
14 152 2
14 210 13
14 321 2
14 376 7
14 616 10
15 352 11
15 485 2
15 659 2
16 24 2
16 64 2
16 96 5
16 132 2
16 643 13
16 806 12
17 48 2
17 129 3
17 258 9
18 51 5
18 290 2
18 641 11
18 645 2
19 7 23
19 24 17
19 657 2
19 709 2
20 10 5
20 28 2
20 176 8
20 194 2
20 323 2
20 786 12
21 116 63
21 258 2
22 24 7
22 97 2
22 107 4
22 133 14
22 331 21
22 565 2
24 9 12
24 533 4
24 781 4
24 786 11
24 944 2
25 523 2
25 592 2
26 109 2
26 801 10
27 130 2
27 210 7
27 547 2
27 549 6
28 42 2
28 146 3
28 192 9
28 203 2
29 5 15
29 327 21
29 532 2
29 809 2
30 21 14
30 129 2
30 588 33
31 77 2
32 16 20
32 33 2
32 196 12
32 204 2
32 211 2
32 388 3
32 612 2
32 641 2
32 721 3
32 848 8
32 960 2
33 3 4
33 26 99
33 31 2
33 785 15
33 945 2
34 144 3
34 292 3
34 324 14
34 561 4
34 663 3
34 800 11
35 65 20
35 266 34
35 551 7
35 689 28
36 12 2
36 320 3
36 555 2
36 705 2
36 858 10
37 13 8
37 640 13
38 180 418
39 520 7
39 982 6
40 20 2
40 512 2
40 605 8
40 645 4
40 672 3
40 756 31
40 761 2
40 980 19
41 276 14
41 513 3
42 140 7
42 839 2
43 546 3
44 10 2
44 12 16
44 47 2
45 50 2
45 74 48
45 266 3
45 808 2
47 80 26
47 1022 2
48 176 10
48 193 43645
48 198 4
48 226 183
48 789 2
48 932 7
49 17 120
49 313 53
49 516 4
50 9 6
50 528 2
51 70 129
51 516 2
52 46 2
52 188 2
52 256 2
52 899 4
53 245 2
54 112 3
55 278 2
56 267 20
56 472 8
56 544 153
57 5 2
57 33 2
57 448 2
59 58 2
59 292 3
59 453 2
60 5 2
60 112 814
61 644 3
61 648 2
62 612 2
64 192 214
64 194 2
64 197 41
64 203 63
64 370 2
64 481 2
64 514 4
64 686 5
64 771 65
64 780 4
65 61 2
65 104 7
65 118 16
65 274 2
65 421 9365
65 515 26
66 140 26
66 545 4
67 2 10
67 16 8
67 20 3487
67 73 43
67 482 2
67 840 71
68 153 15
68 226 3
68 284 2
68 322 10
68 576 4
69 276 12
69 466 4
69 529 2
69 768 4
70 109 7
70 212 2
70 431 7
70 608 4
70 642 22
70 646 2
71 1 2361
71 409 3
71 700 2
72 37 2
72 280 25
72 437 2
73 640 2
73 870 7
73 999 2
74 548 2
75 576 3
76 76 2
76 262 2
76 855 14
77 256 8
77 267 2
77 456 2
78 288 44
78 517 2
78 784 6
78 919 9
79 165 13
80 0 5
80 51 2
80 132 3
80 528 6
80 677 4
81 807 2
82 280 2
83 304 20
83 784 5
84 64 4
84 74 2
84 216 7
85 65 2
86 234 3
86 524 2
87 353 3
87 462 5
90 20 6
90 988 9
91 951 2
92 91 2
94 869 2
94 954 3
95 20 53
95 34 3
96 32 2
96 80 2
96 148 8
96 208 13
96 220 9
96 276 2
96 304 2
96 321 2
96 356 2
96 547 2
96 776 3
96 820 2
97 130 13
97 167 8
97 286 2
98 352 1355
98 671 2
99 249 3
100 901 2
101 161 3
101 169 1123
101 392 24
101 599 339
102 78 2
102 166 2
104 28 2
104 132 16
104 313 5
104 512 6
104 673 3
105 3 9
105 296 2
105 779 2
106 516 12
106 652 61
107 3 7
111 12 2
112 0 3
112 107 2
114 68 2643
114 416 4
114 497 11
114 872 19
116 33 2
117 106 6
118 565 2
119 446 63
119 836 2
120 0 14
121 536 2
122 80 2
123 600 9
124 304 2
125 268 16
128 1 2
128 10 2
128 58 2
128 134 3
128 208 5
128 320 2
128 362 2
128 376 8
128 433 22
128 628 2
128 770 14
129 0 4
129 39 5
129 88 34
129 163 2
130 272 2
130 273 2
130 528 14
130 532 18
130 540 2
130 675 2
130 772 3
131 581 2
132 6 2
132 94 3
132 137 23
132 372 262
132 713 14
133 23 9
133 138 2
134 67 2
134 84 3
134 208 10
134 224 2
134 516 2
134 768 87
136 21 18
136 39 5
136 81 6
136 160 21
136 610 2
136 657 24
136 684 3
137 148 4
137 259 4
137 778 27
138 266 4
138 590 402
139 87 2
139 865 2
140 72 5
140 143 13
140 168 4
140 724 2
140 776 5
141 954 6
142 641 18
143 144 5887
143 642 24
144 257 2
144 418 6
144 433 23
144 520 3
144 800 58
145 1 3
145 184 5
145 273 18
145 392 11
145 513 2
146 69 2
146 396 4
146 910 4
147 513 2
148 139 5
148 515 5
148 912 2
149 633 3
150 160 2
150 656 1034
151 102 2
153 26 15
153 171 2
153 592 5
153 598 13
156 54 8
156 133 2
156 814 17
157 404 2
159 526 2
160 81 2
160 144 2
160 801 17
161 21 3
161 40 3
161 326 726
161 576 2
162 160 2
162 290 20
162 306 6
163 227 2
163 361 2
163 601 2
164 34 2
164 38 2
164 87 2
164 329 5
164 636 46
164 646 2
165 141 6
167 104 3
167 289 31
167 712 3
168 8 12
168 52 2
168 480 6
169 25 2
171 144 2
172 8 2
173 261 2
174 493 183917
174 582 6
176 270 2
176 273 6
176 824 2
176 916 2
176 932 2
177 280 6
177 744 47
178 100 2
178 144 2
178 580 31
178 797 2
179 429 105
180 19 6
180 973 4
181 97 119
181 331 3
181 768 44
181 964 17
182 672 31
182 728 2
185 5 2
185 42 4
188 4 2
188 199 21
192 43 5
192 52 14
192 72 2
192 177 11
192 388 7
192 536 12
192 713 2
192 898 3
192 999 2
193 8 2
193 120 2
193 162 4
193 375 4
193 422 10
194 321 4
194 592 13
194 677 4
196 286 13
196 377 2
197 61 4
197 297 10120
197 592 10
197 769 6
198 196 8
200 146 2
200 577 3
200 924 14
201 39 15
203 654 10204
204 6 2
205 457 2
206 80 35
206 530 8
208 12 6
208 14 25
208 88 2
209 513 10
212 34 2
212 673 2
213 64 2
214 585 7
216 792 2
222 852 2
225 257 10
225 316 2
225 948 6
226 35 4
227 592 2
227 838 5
230 9 2
231 290 2
232 5 2
233 912 14
233 973 5
235 645 2
238 642 3
239 560 4
240 18 2
240 66 2082
241 206 2
241 245 2
242 156 2
244 33 2
245 705 178
246 64 3
247 626 8
248 0 4
248 290 9
248 902 3
256 1 2
256 5 3
256 68 13
256 69 2
256 160 5
256 212 4
256 262 7
256 512 2
256 522 5
256 616 535
256 705 18
256 764 2
256 772 9
256 804 4
256 904 7
257 0 4
257 156 2
257 268 2
257 272 13
257 544 11
257 680 143
257 806 8
257 912 3
257 920 3
258 24 4
258 34 25
258 138 2
258 265 4
258 810 15
259 100 4
259 165 10
259 268 6
259 532 9
260 256 13
260 295 5
260 545 7
260 678 2
260 978 4
261 8 52
261 672 48
262 32 2
262 134 7
262 906 2
264 568 2
265 264 2
266 11 2
266 56 2
266 242 5155
266 336 2
267 581 5
268 34 3
268 192 3
268 512 13
268 524 26
268 577 3
269 640 3
270 532 3
272 41 3704
272 208 18
272 225 26
272 234 4
272 259 2
272 378 2
272 520 5
272 640 7
272 684 6
273 47 8
273 809 7
273 903 2
274 334 70
275 4 102
275 16 6
275 401 6
276 392 29
276 628 4
280 36 2
280 82 2
281 101 4
282 136 5
282 576 23
282 787 2
283 35 6
283 514 2
284 835 2
285 104 16
287 802 3
288 47 2
288 132 5
288 224 2
288 292 2
288 341 8
288 545 2
288 776 2
289 36 7
289 156 3
289 345 2
289 468 2
289 753 4
289 788 12
290 0 2
290 328 4
291 610 3
292 7 5
292 162 5
292 593 6
293 256 2
293 960 4
294 864 2
296 131 3
296 231 664
296 336 48
296 409 6
296 516 284
297 389 3
297 742 2
298 75 2
298 800 2
299 291 6
300 29 2
300 140 6
301 274 3
301 777 3
303 292 3
304 8 6
304 42 4
304 212 2
304 258 4
304 292 4
305 11 2
305 34 4
305 163 3
306 550 4
306 918 78
307 514 24
308 21 5
308 692 3
308 832 1608
309 77 20
310 44 2
310 936 3
314 109 2
314 156 5
314 376 10
315 739 3
316 452 2
318 532 2
320 29 5
320 428 4
320 468 4
320 641 3
320 720 2
321 4 2
321 262 6
322 196 2
322 899 6
323 360 2
324 106 3
324 167 2
324 200 3
324 513 16
324 530 3
325 192 4
325 720 14
326 11 3
326 116 28
326 280 14
326 443 32
327 675 6
329 35 3
329 836 2
330 8 6
330 204 139
331 512 3
332 456 2
332 643 2
336 18 3
336 100 5
336 632 5
337 352 2
337 768 520
337 833 13
338 33 6
338 160 4
338 169 209
340 763 2
342 15 2
342 168 3
342 272 6
342 536 6
343 475 117
344 188 2
345 32 12
345 728 2
347 11 2
347 149 3
347 313 2
348 395 2
352 409 3
352 419 2
352 514 4
353 684 4
354 836 4
354 969 4
355 634 3
357 433 9
357 641 8
358 3 2
360 514 14
360 732 2
360 784 2
361 316 14
362 34 3
363 162 10
364 740 3
366 657 4
368 49 5
368 738 3
371 112 3
371 705 10
372 352 6
376 193 16
381 531 2
382 562 3
384 168 126
384 332 217
384 423 31
384 457 20
384 481 101
384 571 5
384 692 6
384 841 4
384 962 26
385 2 13
385 214 2
385 513 3
385 563 5
386 64 4
386 73 2
386 160 2
386 275 17
386 681 6
386 846 10
386 912 6
387 147 4
387 297 2
387 545 5
387 1016 6
388 332 4
390 566 6
391 461 3
392 38 5
392 336 2
394 80 94
394 590 70
396 6 2
396 454 2
396 536 11
396 546 15
396 915 4
397 132 7
397 305 2
400 10 2
400 144 1914
400 712 3
401 16 3
401 58 146
401 277 5
401 673 7
401 932 2
402 80 2
402 769 4
403 20 13
403 98 2
404 209 2
404 298 6
405 160 2
406 677 2
407 591 2
408 66 116
408 405 2
408 576 2
409 66 18
409 105 2
409 417 3
409 888 2
411 20 4
412 6 295
413 640 6
414 932 2
415 101 3
416 52 16
416 279 605
416 292 11
416 832 2
419 844 2
420 32 3
420 424 2
420 538 2
424 481 7
425 161 3
425 746 4
425 776 8
426 644 2
428 32 5
428 194 3
428 880 2
436 597 2
436 641 5
441 21 6
442 146 11
444 801 28
448 92 2
448 655 2
449 321 2
452 48 2
452 136 13
452 205 2
453 368 4
453 661 26
454 437 15
454 634 2
455 640 2
456 376 5
456 774 7
458 101 2
458 743 2
460 462 6
461 901 8
462 641 2
463 916 12
464 928 4
465 531 2
465 761 2
466 58 4
467 211 7
467 300 13
472 226 35
472 256 9
472 801 7
473 600 2
473 800 5
476 775 3
480 0 427
480 665 8
480 731 3
480 928 4
484 841 2
485 134 21
488 3 6
488 334 11
496 978 2
505 332 3
512 5 5
512 96 2
512 153 22
512 173 2
512 482 1091
512 514 8
512 685 5
512 936 17
513 5 2
513 65 6
513 100 36
513 112 76
513 304 102
513 315 2
513 340 10
513 548 16
513 640 4
513 644 9
514 11 8
514 36 5
514 401 2
514 572 14
515 93 58
515 157 10
515 598 6
516 33 10
516 72 6
516 357 85
516 442 2
516 582 2
516 779 2
516 785 6
517 0 3
517 34 3
517 132 7
517 233 2
517 281 6
517 534 7
517 672 10
517 768 4
518 41 10
518 66 4613
519 944 2
520 94 2
520 164 25
520 328 166
520 436 37
520 785 3
520 812 41
521 131 13
521 450 9
521 546 13
522 549 3
524 520 1405
525 134 3
525 820 5
526 548 14
526 776 2
527 713 3
528 33 4
528 36 27
528 97 3
528 156 4
528 344 3
528 580 5
528 582 2
528 611 2
529 16 2
529 148 35
529 260 4
529 517 3
529 836 3
530 20 23
530 86 21
530 132 6
530 325 31
530 696 6
532 134 3
532 292 3
533 5 7
533 37 5
533 787 14
534 6 2
534 786 4
534 928 22
534 932 5
535 10 65
536 10 14
536 412 9
536 687 2
536 902 18
537 99 5
537 138 7
537 257 2
537 478 6
538 74 7
538 84 5
540 256 14
541 344 11
544 6 30
544 21 5
544 24 6
544 401 2
544 416 3
544 536 2
544 551 2
544 718 12
545 209 2
545 520 3
545 743 4
546 4 30
546 263 2
546 612 10
546 650 354
546 758 5
547 265 16
548 512 2
548 586 2
549 146 12
550 649 2
550 800 4
551 40 9
552 640 21
553 933 4
555 52 8
555 418 2
557 15 3
557 400 3
559 557 2
560 96 23
560 104 135
560 354 2
561 521 2
561 786 2
561 993 2
562 162 2
562 992 3
563 410 6
564 28 9
564 659 7
565 105 22
566 44 4
566 132 2
567 793 2
569 522 2
571 457 7
572 36 2
572 64 83
572 257 11
573 886 6
574 18 7
576 4 2
576 19 8
576 48 2
576 172 2
576 193 4
576 228 3
576 325 23
576 525 11
576 547 2
576 607 15
577 72 414
577 236 4
577 577 2
578 136 2
578 572 14
578 575 4
579 80 7
579 136 3
579 621 6
579 789 5
580 507 5
580 528 5
581 645 2
582 633 10
583 129 5
585 64 2
585 208 8
585 354 15
585 389 39
586 64 9
587 608 3
590 300 3
590 520 8
590 788 5
591 147 13
592 4 3
592 148 4
592 528 23
592 566 1328
592 585 2
592 856 5
596 33 7
596 91 2
596 385 6
597 387 7
599 92 5
600 115 2
600 573 11
600 575 2
604 913 17
604 1006 9
606 807 2
607 288 137
608 176 3
608 185 11
608 522 4
608 648 8
610 24 8
611 125 57
613 840 2
614 265 6
614 936 180
616 81 9
616 450 7
617 908 8
618 70 2
618 1004 13
619 76 3
619 140 4
619 231 48
621 293 11
625 5 8
625 530 2
626 8 105
626 104 2
626 114 9
627 3 2
627 418 4
628 76 2
632 18 11
633 812 2
637 73 3
638 161 2
640 4 11
640 16 2
640 258 6644
640 369 2
640 732 2
642 562 2
642 724 2
643 775 2
644 769 2
645 4 8
645 25 2
645 548 14
645 963 2
648 76 2
648 301 4
648 369 2
648 512 2
648 694 35
648 769 26
649 4 5
649 48 8
650 108 4
650 953 2
652 594 2
655 384 3
655 761 9
656 833 2
657 201 61
658 10 15
658 26 8
658 640 4
660 52 18
660 85 3
661 244 3
661 608 7
662 374 2
665 3 20
666 66 16
668 163 3
668 749 2
670 515 2
672 1 4
672 64 14
672 129 2
672 514 2
672 608 20
673 104 2
674 672 10
675 257 6
675 470 12
677 121 8
677 641 45
678 237 2
680 20 6
680 39 2
680 450 23
680 540 8
682 156 7
684 1008 18
686 426 7
686 593 16
690 110 12
691 12 661
692 260 5
693 397 2
694 6 2
696 885 2
700 864 2
701 941 17
704 76 3
704 135 6
704 292 6
704 370 5
704 514 4
704 673 9
705 596 633
706 460 19
708 108 6
709 325 706
709 354 3
709 644 2
710 2 2
711 19 12
712 35 12
712 283 2
713 593 13
716 98 29
716 339 3
716 649 4
716 842 2
719 512 2
720 7 9
720 144 2
721 323 5463
721 584 2
722 82 15
722 258 4
722 393 8
722 464 2
724 20 15
725 65 3
728 227 2
728 350 2
730 332 3
732 834 5
736 24 524447
737 288 16
737 610 35
738 970 2
740 235 14
741 45 3
741 260 9
744 124 36
744 280 14
744 762 64
745 63 2
746 386 5
752 494 244
752 786 3
759 130 2685
760 40 4
760 220 4
760 257 9
761 435 27
763 668 18
768 326 62
768 502 15
768 608 4
768 666 84
768 736 4
769 34 23
770 67 2
770 256 2
770 515 4
771 800 4
772 0 2
772 32 6
772 130 2
773 1 7
774 8 9
774 936 2
775 48 2
775 921 20
776 155 2
776 586 86
776 697 6
777 6 2
777 200 2
777 318 3
777 608 2
777 641 2
778 330 2
778 389 2
778 707 3
780 16 6
780 193 2
780 707 7
780 901 2
782 226 6
782 405 87
784 1 19
784 549 1126
784 569 26
784 604 10
784 634 2
785 257 11
786 521 2
788 332 79
792 540 3
792 594 2
793 52 30
793 628 92
795 422 4
795 661 2
798 776 6
800 824 21
804 104 2
805 387 113
805 781 7
806 326 174
808 302 2
808 526 2
808 777 2
814 264 2
814 523 14
814 905 9
816 18 2
816 24 9
818 253 11
819 69 11
819 538 2
822 211 20
828 592 2
832 16 4
832 21 9
832 30 20
832 43 14
832 304 7
832 427 5
832 548 12
833 999 6
834 67 11
834 148 140
834 912 13
836 86 26
836 485 9
838 785 13
840 96 2
840 106 20
840 545 3
840 800 6
841 32 3
845 561 2
848 391 3
848 899 10
849 792 2
849 1018 8
851 195 3
852 64 2
852 824 10
856 256 5
856 866 2
864 23 3
864 786 2
867 998 11
870 68 2
871 264 6
872 32 3
872 50 2
874 360 127
875 164 4
878 258 7
895 603 6
896 330 6
897 115 2
897 523 5
897 1002 7
898 336 15
898 699 3
899 537 17
900 4 5
900 313 2
903 339 10
904 112 14
904 888 6
904 929 6
905 196 10
905 540 7
905 572 3
906 137 4
908 456 2
910 614 4
912 2 9
912 129 6
912 388 2
914 669 34
914 968 19
915 431 2
916 777 13
917 912 4
920 200 7
921 272 5
921 320 7
922 8 3
924 33 29
928 384 8
928 516 15
928 518 6
929 10 5
930 720 2
931 230 4
931 657 4
932 274 2
932 783 2
933 657 3
934 94 8
938 316 3
938 552 2
941 771 11
944 165 2
945 456 10
946 205 3
947 568 2
954 22 3
958 844 8
961 131 3
961 333 11
961 472 3
963 130 2
965 937 95
966 29 2
966 197 2
966 555 2
968 51 10300
968 360 45
969 313 14
975 205 1376
976 321 30
976 779 5
977 22 6
977 34 2
984 483 3
987 962 18
1000 260 6
1002 652 17
1002 912 2
1003 684 8
1004 129 3
1011 36 4
1018 358 2
1021 643 12
