0 4 572
0 8 5
0 17 7
0 47 123
0 112 2
0 150 4
0 156 2
0 215 2
0 265 8
0 274 13
0 352 9
0 415 3
0 552 8
0 646 2
0 670 5149
0 674 5
0 679 5
0 704 2
0 917 2
0 936 2
1 7 2
1 15 3
1 82 19
1 135 7
1 228 6
1 292 9
1 481 313
1 535 3
1 565 3
1 644 2
1 768 4
1 825 2
2 0 14
2 3 7
2 8 11
2 167 2
2 328 3
2 523 21
2 826 9804
3 24 3
3 272 5
4 15 2
4 50 10
4 60 5
4 64 6
4 248 4
4 284 3
4 368 60
4 517 2
4 576 5
4 683 44
4 774 2
4 808 28
5 18 2
5 216 24
5 584 15
6 148 2
6 259 4
6 268 7
6 512 4
6 1002 2
7 110 2
7 715 6
8 1 2
8 19 2
8 32 12
8 42 2
8 58 27
8 273 2
8 393 14
8 486 2
8 552 70471
8 642 2
8 902 10
9 39 6
9 43 3
9 823 14
10 75 7
10 160 13
10 523 2
11 204 10
11 752 592
12 0 2
12 24 11
12 634 2
13 66 2
13 192 4
14 127 2
14 152 8
15 485 3
15 659 4
15 854 8
16 9 4
16 24 3
16 64 22
16 132 3
16 148 101
16 198 2
16 516 8
16 806 23
18 51 5
18 203 2
18 215 12
18 290 2
18 641 2
18 645 17
19 24 237
19 709 20
20 1 2
20 10 10
20 176 8
20 194 264
20 786 2
21 116 4
21 308 3
22 24 2
22 97 14
22 565 38
24 9 5
24 533 2
24 781 10
25 592 2
26 22 2
26 109 8
28 42 2
28 192 6
28 624 2
28 647 2
29 327 37
29 532 2
29 809 5
30 52 18
30 129 2
30 588 2
32 33 50
32 42 7
32 185 2
32 196 8
32 204 11
32 388 6
32 414 3
32 514 2
32 612 4
32 721 7
32 848 80
32 960 11
33 2 4
33 26 2
33 64 3
33 276 2
34 292 2
34 561 2
34 720 5
34 800 2
35 65 6
35 551 3
36 48 5
36 320 3
36 448 2
36 858 2
37 13 22
37 364 3
37 594 2
37 640 2
37 673 31
38 1 2
39 3 2
39 48 5
39 520 2
39 982 2
40 528 10
40 605 4
40 756 14
41 276 2
41 321 2
41 513 2
42 42 11
42 140 2
42 329 14
42 411 14
42 839 141
44 10 2
44 47 10
44 524 33
45 23 12
45 50 3
45 74 12008817
45 266 52
45 615 75
45 808 4
46 57 10
47 1022 3
48 67 4
48 168 7
48 176 7
48 193 2
48 708 21
48 789 11
49 17 27
49 313 32
51 70 2
51 516 43
52 46 2
52 188 2
52 256 130
52 390 141
52 899 28
54 718 7
55 278 4
56 267 3
56 544 2
56 560 6
57 5 3
57 128 2
58 113 2
58 470 2
59 58 2
59 292 2
59 453 2
59 583 5
60 3 2
60 112 4
60 948 3
61 644 8
61 648 12
64 1 2
64 192 2
64 272 8
64 756 11
64 771 49
64 780 5
64 790 2
65 61 2
65 274 15
65 421 2
65 515 22
66 545 44
67 16 4
67 37 2
67 840 3
68 153 6
68 226 6
69 138 3
69 529 29
69 572 3
69 768 3
70 109 21
70 212 212
70 431 39
70 608 3
70 648 4
71 264 2
71 409 5
71 700 21
72 533 5
72 961 2
73 39 2
73 640 2
73 870 9
74 512 2
74 548 3
74 600 4
75 576 4
76 76 15
76 84 4
76 133 12
76 262 2
77 456 4
78 288 2
78 517 2
78 784 183
78 919 2
79 386 2
80 0 2
80 82 10
80 211 20
80 920 16
81 807 4
81 852 21
83 115 2
83 124 2
83 304 15
83 617 1378
83 784 4
84 64 4
84 216 2
84 490 31
85 31 2
85 65 11
86 234 2
86 524 2
87 353 8
87 512 2
89 2 8
91 951 11
92 38 36
92 91 5
93 134 2
94 869 7
95 20 21
95 34 9
96 80 2
96 103 6
96 148 10
96 220 4
96 276 2
96 304 7
96 321 2
96 356 2
96 547 974
96 776 4
96 820 2
97 18 9
97 130 3
97 144 7
97 167 3
97 525 4
98 401 5
98 671 4
98 928 18
100 752 4
100 768 5
101 161 5
101 392 13
102 166 2
104 26 2
104 28 3
104 64 28
104 132 2
104 313 2
105 779 39
107 129 2
112 107 2
112 165 9
114 452 5
114 497 16
114 872 13
117 803 2
118 565 3
119 446 2
120 0 14
122 185 2
123 600 2
124 304 7
124 348 30
125 268 12
128 1 18
128 10 2
128 58 8
128 200 3
128 208 20
128 320 6
128 433 16
128 628 7
128 770 782
129 0 2
129 10 19
129 39 84
129 88 2
129 584 2
130 78 2
130 520 9
130 532 2
130 540 2
132 94 3
132 372 4
132 713 5
132 916 19
132 957 2
133 23 3
133 138 3
133 614 2
134 67 3
134 208 2
134 377 2
135 258 4
136 21 2
136 39 6
136 160 2227
136 610 6
136 657 2
136 684 3
136 831 2
137 148 2
137 325 66
138 415 3
138 902 6
139 87 3
139 865 2
140 168 2
140 724 2
140 776 2
142 641 2
143 116 2
143 144 14
144 18 6
144 68 15
144 433 2
144 800 101
145 1 2
145 2 4
145 184 32
145 273 2
145 392 582
145 513 2
146 146 801
146 396 2
147 513 2
148 1 2
148 139 2
148 464 7
148 912 3
149 649 4
150 160 7
151 102 7
151 132 147
153 26 11
153 151 20
153 592 14
156 54 2
156 133 3
156 521 4
156 814 1279
157 404 17
159 526 16
160 34 26
160 81 2
160 644 2
161 21 7
161 40 37
161 326 33
161 376 2
161 524 17
161 717 353
161 898 6
162 160 2
162 290 146
162 306 6
163 361 13
164 34 2
164 217 533
164 264 6
164 280 2
164 329 4
164 481 7
164 636 7
165 141 6
166 686 2
167 289 30
167 384 4
167 456 2
168 52 41
168 68 4
168 98 3
168 480 4
169 25 8
171 810 2
172 8 2
172 32 2
172 664 10
173 261 2
174 493 8
174 582 2
175 863 3
176 824 2
176 916 2
177 280 46
177 611 2
177 744 2
178 580 15
178 797 12
180 19 1165
180 152 2
181 331 2
181 964 135
182 728 13
184 141 7
184 161 10
185 5 3
185 42 2
186 272 5
186 582 5
192 72 2
192 177 23
192 392 4
192 536 70
192 898 3
192 999 16
193 8 22
193 28 2
193 131 2
193 375 9
193 422 5
193 718 2
194 321 8
194 677 2
196 286 5
196 377 2
197 100 2
197 297 24
197 769 6
198 3 3090
198 196 9
198 812 10
200 445 5
200 577 27
200 924 2
201 39 6
202 11 3
205 457 2
208 12 7
208 88 2
209 55 2
210 1 2
212 285 5
214 585 19
216 138 2
216 792 16
217 923 2
219 389 28
220 658 4
222 532 17
222 852 8
225 316 2
225 948 10
226 157 10
230 9 17
231 290 6
232 5 3
232 65 5
232 80 2
232 130 2
233 212 4
233 973 14
234 848 4
235 281 6
235 645 8
238 642 4
239 370 13
240 18 3
240 66 2
240 914 2
241 206 5
241 245 16
242 156 10
244 33 6
244 356 3
245 705 9
246 64 4
248 0 6
248 290 3
248 902 6
250 46 2
256 1 5
256 4 2
256 5 2
256 68 2
256 69 37
256 160 127
256 243 6
256 312 5
256 344 17
256 416 2
256 522 2
256 705 11
256 764 2
256 772 2
256 904 3
257 272 6
257 806 2
257 912 8
258 24 15
258 34 25
258 880 2
259 226 10
259 268 2
260 256 2
260 295 16
260 522 10
260 545 2
260 678 7
261 8 16
261 67 2
261 72 8
261 672 2
261 995 8
262 32 5
262 134 11
262 193 7
262 256 13
262 906 3
262 1013 17
264 296 27
264 320 12
264 568 118
265 632 4
266 11 2
266 326 82
266 336 2
267 523 8
267 581 2
268 12 5
268 192 3
268 524 2
268 577 27
269 640 2
270 532 11
270 642 2
272 162 46
272 208 6
272 234 6
272 259 4
272 554 2
272 640 2
272 684 2
272 899 6
273 47 3
273 693 2
274 98 2
274 334 2
275 133 2
275 401 12
275 485 2
276 288 10
276 392 265
276 394 26943
276 628 5
276 661 3
277 8 24
277 27 15
277 128 445
278 258 2
279 18 3
279 901 2
280 82 2
280 600 5
280 674 14
281 101 10
282 576 3
282 787 16
283 514 15
287 448 2
287 802 4
288 224 7
288 292 2
288 341 6
288 776 3
289 36 2
289 60 2
289 345 2
289 472 2
290 388 2
291 768 4
291 967 4
292 7 2
292 524 18
294 27 5
294 864 7
296 57 15
296 288 2
296 336 3
296 409 2
296 516 13
297 167 11
297 389 14
297 742 3
299 78 3
299 291 2
300 29 2
300 140 2
301 274 3
301 777 2
304 8 2
304 258 33
304 292 2
305 11 23
305 34 4209
305 576 2
306 36 13
306 918 4
308 21 20
308 692 2
308 832 4
308 848 3
309 77 2
309 774 8
310 44 2
310 936 2
312 514 13
314 376 4
314 518 5
318 914 2
320 29 3
320 315 9
320 407 4
320 428 7
320 641 4
321 337 4
321 768 9
322 0 440
322 80 2
322 272 4
322 899 43
322 902 3
323 360 2
323 515 14
324 16 26
324 200 82
325 74 43
325 614 7
325 720 2
326 11 2
326 116 28
326 280 11
328 853 17
329 35 15
329 836 40
330 8 2
332 643 16
334 265 2
334 288 6
335 83 8
336 18 2
336 100 6
336 576 2
336 632 2
337 768 2
338 33 2
338 160 2
338 169 27
340 0 2
340 106 33
340 704 16
341 576 2
342 15 7
342 168 4
342 272 5
342 536 6
343 475 5
344 188 8
344 676 2
345 32 11
345 728 27
346 11 2
347 11 2
347 296 8
347 313 6
352 409 2
352 794 2
352 860 82
353 389 3
353 684 3
354 25 2
354 969 2
355 134 11
355 634 6
356 800 5
357 433 4
360 555 17
360 732 3
360 784 10
360 810 14
363 424 14
364 740 13
368 49 29
368 925 2
372 352 2
375 77 5
376 193 4
379 333 2
380 339 2
384 6 4
384 156 2
384 332 160
384 423 42
384 457 8
384 531 3
384 692 3
385 2 2
385 75 3
385 213 4
385 214 12
385 563 2
386 64 2
386 158 52
386 206 2
386 275 75
386 849 131
386 912 9
387 147 12
387 1016 6
389 596 4
391 461 5
391 800 6
392 38 7
392 553 3
394 80 2
394 590 10
396 536 2
396 960 6
397 305 13
397 518 2
398 943 10
400 21 23
400 144 12
401 932 6
402 80 3
402 769 92
403 20 8
404 298 3
405 160 3
406 928 9
407 591 2
408 66 3
408 576 2
409 66 2
409 417 2
409 888 2
410 520 11
412 6 2
414 932 2
415 101 23
416 52 2
416 279 3
416 832 2
417 577 2
419 7 2
420 32 3
420 114 3
420 288 2
420 538 2
423 384 2
424 481 5
425 261 2
425 746 2
425 776 2
427 580 12
428 32 2
428 194 27
428 620 2
428 880 2
430 68 16
430 203 11
433 24 3
433 197 3
433 398 2
436 597 2
436 641 3
441 21 2
442 691 2
444 769 11
448 513 2
449 321 51
452 48 16
452 205 12
452 512 4
454 9 2
454 437 6
456 105 6
458 101 2
460 197 3
460 462 24
462 516 6
464 265 3
465 761 2
467 211 109
467 300 2
469 425 4
472 226 2
473 6 4
473 600 5
476 775 2
480 665 2
480 928 21
481 288 2
482 208 4
482 285 47
483 276 2
488 3 2
488 334 3
489 64 5
491 112 2
496 978 21
505 332 2
506 706 2
512 1 15
512 5 2
512 36 2
512 52 29
512 65 15
512 96 28
512 420 15
512 453 2
512 482 3
512 522 2
512 685 19
512 936 6
513 5 11
513 42 47
513 65 8
513 315 3246
513 644 5
514 572 5
515 273 3
516 33 23
516 169 16
516 357 2
516 442 3
516 582 2
517 0 622
517 8 7
517 34 21
517 132 8
517 177 2
517 233 22
517 281 2
517 534 6
520 94 32
520 296 6
520 436 2
521 81 2
521 229 26
521 450 6
521 546 2
521 554 2
521 560 2
522 1 2
522 234 11
522 549 2
524 159 3
524 173 2
524 520 46
525 134 2
525 820 1260
526 548 3
526 776 13
528 10 2
528 36 8
528 97 23
528 344 8
528 801 9
529 16 15
529 260 2
529 517 7
529 737 14
529 836 8
530 20 8
530 278 20
530 325 7
530 522 155
532 11 2
532 292 2
532 853 555
534 6 58
534 425 28
534 932 17
535 10 8
536 10 15
536 412 2
536 687 16
540 256 4
541 344 18
544 6 2
544 21 2
544 24 2
544 401 2
544 429 36
544 551 4
545 209 232
545 743 17
545 914 3
546 2 2
546 263 37
546 758 2
546 900 13
547 265 12
548 169 8
548 512 14
548 586 31
549 68 2
549 647 2
550 800 2
551 4 2
552 136 29
552 640 3
552 932 18
553 36 9
554 4 2
556 409 2
557 6 9
557 770 2
559 557 2
560 18 4
560 96 2
560 104 5
560 168 31974
560 354 14
561 10 2
561 993 4
562 162 28
562 977 19
562 992 2
563 20 68
563 410 2
564 28 2
566 4 3
566 44 3
566 132 2
567 793 2
569 522 68
571 100 2
571 457 10
572 64 2
572 257 5
573 886 6
576 4 2
576 5 2
576 19 2
576 133 3
576 525 18
576 547 6
577 72 2
577 222 2
577 577 4
577 661 2
578 136 2
578 572 2
578 575 22
579 80 16
579 136 2
579 789 3
580 64 3
580 507 10
580 528 3
581 645 8
583 129 2
584 432 27
585 64 10
585 208 2
585 354 2
585 389 4
586 530 3
590 276 5
590 300 7
590 520 11
590 788 3
591 147 2
592 322 2
592 528 2
592 566 5
592 585 2
592 856 16
593 429 2
595 58 20
595 557 2
596 33 3
596 91 2
599 92 5
599 569 2
600 115 2
600 562 4
600 573 2
600 575 3
601 431 5
602 480 2
604 913 44
604 1006 2
605 80 10
606 281 63
606 807 2672
608 522 6
608 576 20
608 648 8
609 210 12
609 225 2
609 526 10
609 768 2
610 24 41
611 125 2
614 936 2
616 450 11
616 806 3
617 374 23
618 70 16
618 1004 2
619 76 11
623 1000 2
624 579 6
625 5 8
626 114 46
626 528 2
627 3 2
627 977 8
628 76 3
629 446 3
633 812 6352
637 73 2
638 161 7
640 16 7
640 160 2
640 246 237
640 467 2
640 732 6
640 938 23
640 952 2
641 192 4
642 512 3
642 562 19
642 724 11
643 73 2820
643 775 2
644 387 6
644 660 2
644 756 2
644 769 2
645 963 3
646 289 7
646 388 2
648 76 2
648 210 19
648 369 2
648 769 2
649 4 2
649 48 8
650 953 2
652 594 2
654 129 8
654 565 3
655 761 4
656 3 2
656 259 22
656 370 25
656 833 152
657 201 2
658 10 8
658 640 3
660 69 3
660 85 3
660 648 7
661 244 2
661 608 2
662 374 3
664 16 3
664 205 2
664 781 8
665 3 2
667 587 2
668 163 3
668 749 3
670 515 55
672 64 2
672 129 2
672 514 36
672 608 2
673 104 7
674 401 2
674 672 2
675 470 5
676 52 3
678 237 2
679 556 2
680 20 2
680 39 2
680 105 2
680 450 39
681 33 2
682 14 6
683 278 4
686 593 5
688 385 2
689 80 2
691 12 9
693 397 3
694 6 5
694 931 8
694 976 5
696 885 13
700 229 5098
701 941 2
704 34 6
704 76 7
704 292 8
704 370 2
704 514 19
705 854 10
706 17 3
706 161 197
706 460 15
708 108 2
709 325 2
709 644 2
710 2 6
711 19 39
712 141 11
712 283 2
712 294 2
712 862 3
713 593 16
713 837 4
716 98 2
716 339 2
716 649 2
716 842 3
719 512 8
720 144 3
721 104 8
721 170 2
721 323 5
722 82 6
722 100 2
722 104 6
722 258 4
722 393 7
722 464 12
723 142 144
724 596 30
725 44 2
732 834 2
737 25 2
737 64 2
737 288 2
737 610 4
738 970 6
740 235 11
740 778 6
741 45 2
741 260 2
743 787 17
744 124 3
744 280 10
744 762 3
746 536 2
752 261 6
752 786 9
754 32 19
759 130 10
760 40 2
760 257 31
760 300 2
765 513 89
768 326 2
768 608 12
768 926 6
769 34 2
769 773 3
770 67 171700
770 256 5
770 515 2
771 793 10
771 800 2
772 0 4
772 32 2
772 130 2
774 936 5
775 48 2
776 586 11
777 6 4
777 200 10
777 539 2
777 554 2
778 389 2
780 14 4
780 193 3
780 552 2
780 901 10
781 222 2
781 496 3
782 226 3
782 405 3
784 514 10
784 841 8
785 257 2
786 142 2
786 521 17
786 914 13
787 199 2
788 25 2
788 324 25
788 332 9
792 274 5
792 540 2
792 594 2
793 52 54
793 498 11
795 661 2
798 776 12
800 97 5
800 133 40
801 34 2
801 312 2
804 0 7
805 387 2
805 781 6
806 480 7
808 526 15690
808 945 2
810 17 8
812 778 3
814 161 2
814 264 12
814 523 2
814 905 18
816 18 2
816 24 20
817 784 11
818 253 21
821 236 2
822 211 2
828 592 17
830 356 2
832 21 6
832 30 2
832 281 2
832 304 2
834 32 2
834 67 2
834 104 3
834 148 168
834 912 2
835 392 3
835 583 27365
836 86 3
836 485 14
839 21 2
840 96 4
840 106 2
840 545 8
841 32 2
843 939 6
845 561 5
845 624 2
848 90 6
848 188 10
848 899 4
850 308 184
851 195 2
852 72 30
852 824 3
856 256 2
856 866 37
857 42 8
862 130 2
864 786 2
866 260 3
868 332 5
870 68 68
871 264 2
872 50 2
873 9 2
874 360 5
882 778 6
884 802 99
885 601 13
894 392 4
895 603 2
896 330 33
896 868 2
897 39 7
897 115 3
897 523 83
898 336 4
898 699 36
899 537 2
900 4 6
902 420 2
904 231 2
904 888 2
904 929 637
905 248 2
905 572 5
906 137 4
906 328 74
908 456 3
910 614 6
911 10 5
911 896 4
912 2 5
912 129 5
912 388 2
914 216 2
914 776 6
914 968 4
916 742 2
920 200 2
921 320 5
922 8 7350
922 784 3
928 384 2
928 516 5
929 10 2
929 257 3
929 316 3
930 547 7
930 720 3
931 657 3
932 274 3
932 783 5
934 94 11
938 261 44
938 552 4
940 512 274
945 456 15
948 9 2
952 37 3
961 131 4
961 333 2
961 472 6
966 197 2
966 555 6
968 352 2
968 360 2
969 769 18
975 205 586
976 779 9
977 34 81
978 817 2
984 324 11
984 483 6
986 772 2
988 366 7
990 35 2
996 836 178
998 179 3
1000 260 17
1001 286 2
1004 129 10
1011 36 19
1013 316 2910
1018 358 5
1020 385 2
1021 643 2
