0 4 4
0 8 2
0 17 5
0 112 2
0 135 7
0 150 2
0 156 2
0 166 5
0 256 14
0 259 2
0 274 7
0 618 2
0 646 2
0 674 12
0 679 29
0 936 2
1 7 105
1 15 3
1 30 26
1 37 21
1 82 10
1 135 2
1 228 2
1 292 268
1 357 2
1 535 8
1 644 2
1 920 11
2 48 31
2 167 14
2 267 2
2 328 27
3 24 2
3 131 2
3 530 2
3 592 3
3 652 2
4 4 5
4 15 13
4 24 16
4 248 5
4 284 8
4 368 2
4 576 8
4 774 2
4 803 6
5 216 2
5 584 2
5 887 8
6 212 2
6 259 9
6 267 2
6 268 2
6 466 5
6 1002 43
7 110 2
7 237 25
8 1 4
8 19 10
8 32 2
8 58 4
8 202 8
8 273 9
8 386 2232
8 393 4
8 552 4
8 642 2
8 735 3
8 850 17
9 39 31
9 274 31
9 572 2
10 75 19
10 84 2
10 160 2
10 523 10
10 584 2
10 599 12
10 778 2
11 204 4
11 752 2
11 779 2
12 0 26
12 24 17
12 55 2
12 128 42
12 366 2
12 634 8
12 781 2
13 780 3
14 127 2
14 152 5
14 376 515
15 352 2
15 485 2
15 659 2
16 9 10
16 132 209
16 148 3
16 198 301
16 516 2
16 643 2
16 806 2
17 48 2
17 258 2
18 645 9
19 24 5
19 709 3
20 28 14
20 36 20
20 176 2
20 194 2
20 786 2
21 116 2
21 258 6
21 308 6
22 281 3
23 328 2
23 770 8
24 781 2
24 944 2
25 523 2
25 592 2
26 109 2
26 801 3
27 130 21
27 549 3
28 42 3
28 146 294
28 624 14
29 1 31
29 327 4
29 532 6
30 52 2
30 129 17
32 16 2
32 33 3
32 42 9
32 204 14
32 211 23
32 276 6
32 388 21
32 414 2
32 759 22
32 803 2
32 848 21
33 3 2
33 64 2
33 276 3
33 277 14
33 544 229
33 785 25
34 144 2
34 324 4
34 561 7
34 663 3
34 720 3
34 800 2
35 65 135
35 689 2
36 12 6
36 48 24
36 257 5
36 266 130
36 288 2
36 555 13
36 858 17
37 13 5
37 364 4
37 594 5
38 1 12
38 180 9
38 204 2
38 544 18
39 3 3
39 982 49
40 20 2
40 65 2
40 512 4
40 528 13
40 645 4
40 756 23
40 761 8
40 980 12
41 96 4
41 276 16
41 987 15
42 42 2
42 140 30
42 329 10
42 778 2
42 839 34
43 1 8
44 12 3
44 47 157
44 430 3
44 524 2
44 794 4
45 23 5
45 266 2
45 844 18
48 67 15
48 168 2
48 176 3
48 198 3
48 226 2
48 789 2
49 17 2
49 310 2
50 9 8
51 70 14
51 377 3
51 516 2
52 188 2
52 285 3
53 245 7
55 278 285
56 89 2
56 267 2
56 560 9
57 5 10
57 448 5
58 113 4
58 470 2238
59 292 35
60 33 2
61 644 15
62 521 30
62 612 3
64 26 2
64 194 28
64 203 3
64 272 2
64 370 5
64 465 11
64 514 89
64 686 4
64 771 5
64 780 10
64 790 8
65 25 10
65 118 14
65 265 6
65 421 2
65 614 2
67 2 8
67 16 2
67 20 6
67 73 2
67 453 2
67 840 237
68 226 2
68 284 2
68 322 4
68 576 8
69 138 8
69 276 41
69 572 2
70 109 408
70 608 527
70 642 2
70 648 22
71 264 22
71 409 2
71 700 6
72 8 14
73 640 7
73 870 130
74 512 8
74 600 2
74 1012 175
75 576 3
76 76 3
76 262 2
76 855 6
77 267 2
78 784 4
78 919 87
79 165 4
79 386 17
80 0 2
80 51 4
80 82 2
80 528 8
80 920 5
82 280 2
83 115 4
83 124 6
83 304 14
83 784 13
84 64 2
84 74 2
84 490 8
85 31 32
85 65 2
87 353 5
87 512 10
87 515 2
89 4 19
90 843 4
90 977 3
91 652 3095
92 38 2
93 669 2
94 869 2
94 954 2
95 20 5
95 34 7
96 32 7
96 80 4
96 103 3
96 148 3
96 220 2
96 276 4
96 304 3
96 776 4
96 820 5
97 18 2
97 167 5
97 286 2
97 525 34
98 14 3412
98 352 2
98 671 9
98 928 8
99 117 15
99 249 2
100 294 12
100 752 8
101 124 31
101 161 20
101 169 266
101 392 2
102 78 2
102 166 2
104 26 2
104 28 88
104 64 8
104 132 2
104 512 9
105 296 3
105 779 13
107 3 6
107 129 21
108 514 2
109 707 14
111 12 2
112 0 7
112 3 8
112 28 2
112 84 11
112 107 2
112 165 2
112 776 3
114 416 2
114 452 2
114 497 2
114 872 2
116 33 5
117 803 3
119 446 5
121 536 18
122 80 21
122 294 17
123 600 69
124 304 4
125 268 18
128 10 2
128 58 60
128 208 2
128 320 2
128 362 16
128 376 2
128 628 12
129 10 4
129 37 22
129 39 2
129 163 3
129 707 10
130 272 2
130 273 9
130 368 8135
130 520 2
130 528 13
130 532 2
130 675 9
130 980 4
132 94 39
132 137 2
132 372 14
132 516 2
132 916 2
132 957 11
133 23 2
133 138 3
133 614 2
134 67 2
134 84 3
134 208 29
134 377 9
134 390 8
134 768 3
135 258 2
135 544 2
136 610 3
136 684 14
137 148 4
137 256 3
138 266 2
138 415 88
138 590 2
138 902 4
139 426 7
139 865 5
140 72 2
140 135 7
140 143 5
140 464 5
140 724 5
141 954 8
143 144 2
143 642 10
144 18 16
144 257 3
144 433 5
144 520 14
144 800 4
145 67 16
145 184 107
145 513 5
146 146 287
146 396 5
146 910 15
148 1 2
148 24 533
148 139 6
148 146 8
148 515 5
149 20 5
149 633 8
150 141 3
150 160 2
151 102 2
151 132 2
151 207 342
153 598 2
153 833 2
153 961 3
156 54 2
156 521 2
156 814 23
157 404 2
160 34 2
160 81 20
160 144 4
160 452 2
161 40 9
161 326 8
161 376 16
161 524 10
161 717 3
162 290 15
162 517 4
163 227 6
163 361 4
164 34 40
164 38 2
164 87 5
164 217 42
164 280 18
164 329 3
164 481 2
164 636 5
164 646 2
167 104 2
167 289 3
167 384 21
167 456 6
167 712 185
168 52 2
168 67 25
168 68 8
168 480 831
169 25 7
171 144 2
172 32 10
172 569 3
172 664 17
173 261 9
174 582 4
176 32 11
176 137 2
176 273 6
176 824 67
177 280 2
177 560 4
177 744 2
178 100 11
178 144 3
179 429 7
180 19 9
180 152 6
180 973 3
181 97 29
181 331 6
181 964 4
182 300 2
182 672 10
182 728 3
184 141 9
184 161 3
184 664 40
185 42 9
188 4 6
188 199 2
192 52 2
192 72 2
192 392 2
192 536 3
192 904 9
192 999 21
193 8 2
193 120 6
193 162 14
193 718 9
194 321 6
194 592 2
194 677 2
196 81 2
196 286 2
196 377 2
197 61 4
197 100 3
197 592 2
198 3 2
198 196 2
198 812 4
200 924 3
201 98 2
201 140 2
202 11 14616
203 654 2
204 520 5
205 457 27
206 80 350
206 530 2
208 14 2
208 88 2
208 534 5
209 55 8
209 513 16
210 1 5
210 882 2
211 4 26
212 34 8
212 112 7
212 262 23
212 673 2
213 64 7
214 369 2
216 138 5
220 176 7
220 658 2
227 336 6
228 294 2
230 9 3
231 261 2
231 290 5
232 5 7
232 65 27
232 130 7
232 480 21
233 212 2
233 912 7
234 848 2
235 281 23
239 370 2
239 560 3
240 18 5
240 66 2
240 799 12
241 206 2
244 33 6
246 64 2
248 0 2
248 902 4
256 1 2
256 4 28
256 97 2
256 160 2
256 212 2
256 416 3
256 522 14
256 764 8
256 804 2
256 992 3
257 0 73
257 272 12
257 544 4
257 680 2
257 920 2
258 24 5
258 34 17
258 36 3
258 265 8
258 810 2
259 165 17
259 226 2
259 268 2
259 327 11
259 532 7
260 131 3
260 256 2
260 545 2
260 678 4
260 978 2
261 67 8
261 72 32
261 356 7
261 995 52
262 32 2
262 134 2
262 256 12
262 906 3
262 1013 3
264 1 2
264 296 32
264 320 5
266 11 4
266 56 2
266 336 22
266 504 2
268 34 21
268 177 2
268 192 3
268 512 5
269 640 4
270 532 2
270 642 11
272 225 2
272 259 19
273 581 4
273 809 6
274 334 2
275 4 255
275 116 2
276 288 2
276 392 132
276 628 48
276 661 628
277 128 2
279 901 2
280 36 23
280 674 2
281 101 2
282 717 6
282 787 3
283 35 4
284 835 4
285 104 8
286 624 3
287 448 3
287 802 15
288 132 4
288 224 80
288 292 2
288 341 3
288 545 7
288 776 2
289 36 12
289 60 4
289 156 12
289 472 4
289 648 2
289 753 2
290 328 19
291 32 3
291 768 2
291 967 2
292 19 19
292 134 3
292 524 2
292 593 5
294 864 14
296 84 2
296 131 6
296 260 31
296 336 4
296 516 3
297 167 2
297 389 4
297 742 34
298 800 47
299 78 81
299 291 2
301 274 2
303 292 25
304 6 2
304 8 2
304 63 10
304 212 7
304 258 6
305 11 2
305 163 28
306 550 2
307 514 400
308 583 2
308 832 31
310 936 5
314 109 2
314 156 7
316 452 2
318 914 3
320 29 2
320 407 879
320 468 8
320 641 2
320 720 4
321 4 17
321 262 6
321 337 33
321 1008 2
322 0 2
322 80 2
322 196 21
322 416 20
322 902 7
323 515 3
324 167 3
324 179 2
324 513 4
325 6 2
325 74 4
325 614 17
325 720 2
326 11 15
326 32 7
329 836 22
330 204 9
331 512 3
332 643 4
334 265 2
334 288 5
336 18 2
336 632 2
337 352 2
337 833 2
339 42 5
340 0 4
340 106 6
340 704 10
340 763 4
342 168 4
342 536 5
344 676 2
345 32 9
345 992 479
347 11 10
347 149 2
347 296 4
347 313 16
348 395 6
349 12 5
352 419 6
352 514 4
352 680 3
352 794 2
353 138 16
353 389 2
356 800 14
357 641 13
357 690 8
358 3 7
358 168 2
358 197 2
360 555 69136
360 732 30
360 784 22
361 266 15
361 316 3
362 34 2
363 162 3
363 424 2
368 49 8
368 738 20
375 77 86
379 333 28
381 531 2
382 562 2
384 5 2
384 312 2
384 423 2
384 457 2
384 481 7
384 531 14
384 597 4
384 692 169
385 2 2
385 75 7
385 213 25
386 275 7
386 846 4
387 147 2
387 545 8
388 332 2
390 566 2
392 336 12
392 674 10
393 461 168
394 80 14
394 590 16
395 4 3
395 558 2
395 647 28
396 6 5
396 915 7
397 518 3
398 943 2
400 21 863
401 16 294
401 58 8
401 932 2
402 68 7
402 80 6
402 769 2
403 98 5
404 209 16
407 591 15
408 66 134
408 405 2
408 576 7
409 66 6
409 417 2
409 888 15
410 520 2
411 20 6
412 6 2
413 640 8
415 101 3
416 292 4
419 62 2
419 844 3
420 288 2
420 424 11
420 545 1258
422 736 3
423 651 10
425 161 7
425 776 31
426 644 2
427 580 2
428 194 4
428 620 121
428 880 2
430 8 2
430 68 3
430 203 2
433 197 130
433 398 12
437 2 15
441 21 2
442 146 12
442 691 43
448 655 2
452 48 9
452 512 3
452 513 8
453 368 2
454 634 4
455 640 8
456 105 56
456 376 4
456 774 2
457 906 2
458 101 2
460 462 2
461 901 12
462 516 23
463 916 5
464 265 2
465 531 2
465 761 8
465 902 6
467 211 19
467 300 7
469 425 20
472 801 6
473 6 2
473 600 9
473 800 2
480 665 7
480 731 38
480 928 2
481 288 2
482 64 116
488 269 2
488 334 197
489 64 10
496 433 6
504 267 19
505 332 6
506 706 7
512 1 3
512 36 130
512 52 2
512 153 4
512 173 7
512 438 68
512 453 3
512 514 2
512 522 4
512 685 41
512 936 2
513 42 2
513 47 2
513 65 5
513 100 23
513 112 2
513 304 2
513 315 2
513 640 8
513 644 3
514 4 2
514 160 17
514 522 23
514 780 6
515 598 2
516 33 6
516 72 6
516 357 21
516 385 17
516 555 2
516 582 3
516 605 37
516 779 2
516 785 190
517 0 2
517 3 3
517 8 2
517 34 2
517 132 5
517 177 2
517 233 20
517 534 2
517 672 6
517 676 3
517 768 2
518 41 3
519 517 22
519 967 5
520 9 2
520 328 2
520 436 5
520 785 5
520 812 2
521 229 28
521 554 15
522 1 17
522 121 346
522 652 18
523 650 2
524 173 9
524 520 3
525 134 3
525 820 13
526 776 11
527 713 2
528 10 25
528 36 3
528 144 18
528 156 6
528 171 2
528 406 5
528 512 2
528 611 3
528 801 2
529 260 2
529 737 6
530 325 2
530 522 2
532 11 236
532 134 4
532 292 5
532 550 27
533 5 12
533 787 15
534 425 2
534 786 8
534 928 18
536 902 6
537 99 4
537 138 2
537 478 2
538 74 2
538 820 2
540 481 8
544 21 2
544 24 2
544 151 2
544 160 9
544 416 2
544 429 56
544 536 4
544 551 5
544 718 15
545 209 3
545 226 30275
545 520 53
545 914 8
546 2 2
546 263 9
546 612 2
546 758 2
546 900 2
547 427 5
547 577 4
548 169 5
548 512 90
549 647 20
550 36 2
551 4 2
551 40 2
552 136 5
553 102 14
554 4 2
554 137 2
555 418 39
556 409 8
557 15 6
557 557 5
559 557 2
560 18 3
560 96 5
560 354 30
561 444 2
561 521 2
561 993 2
562 977 3
563 20 5
564 28 5
564 656 17
564 659 465
565 105 2
566 44 40
569 522 8
571 100 11
571 457 2
572 64 4
573 797 2
574 18 7
574 533 2
576 76 7
576 133 426
576 228 7
576 525 8
576 547 2
576 607 5
577 236 2
578 26 21
578 96 4
578 554 8
578 572 2
578 575 17
579 136 3
579 789 5
580 64 8
580 528 4
580 598 2
581 645 28
582 633 13
583 129 3
585 208 6
585 354 13
585 389 3
586 64 7
587 608 2
589 389 5
590 276 2
590 300 9
590 520 21
592 585 6
595 557 4
596 33 168
596 91 85
597 387 9
599 92 10
599 176 2
600 115 4
600 573 2
600 575 4
601 335 17
601 431 2
602 480 2
604 913 2
605 80 12
606 281 9
606 807 3
607 288 121
607 393 14
608 176 7
608 185 8
608 522 2
608 576 6929
608 648 18
609 28 3
609 210 5
609 225 15
609 768 4
610 24 4
611 125 6
614 936 2
616 81 2
616 450 2
616 806 2
618 70 38
618 1004 17
619 76 22
619 140 5
619 231 2
621 293 26
623 1000 3
624 579 4
625 5 6
625 261 11
626 104 6
626 114 2
626 528 4
626 608 2
627 3 2
627 418 6
627 769 21
627 977 5
628 76 2
629 446 2
629 528 7
631 24 25
632 18 428
637 73 4
640 16 6
640 421 2
640 938 2
640 952 2
642 512 4
642 562 2
642 724 19
644 387 2
644 756 5
644 769 5
645 4 2
645 963 3
646 289 10
648 76 39
648 210 2
648 369 14
648 694 7
648 769 2
649 48 8
650 108 2
650 216 2
650 953 2
651 290 18
652 594 12
654 565 9
655 384 3
655 761 5
656 3 2
656 370 2
656 833 2
657 79 2
658 10 6
658 26 2
660 36 337
660 85 3
661 608 3
662 374 8
664 781 2
665 3 3
665 260 2
668 163 2
668 464 4
668 749 20
670 515 38
672 1 2
672 64 4
672 514 2
672 717 15
673 104 10
674 288 2
675 257 204
675 470 2
677 121 2
677 641 2
679 556 10
680 20 3
680 39 2
680 450 9
680 540 2
681 6 7
681 33 2
682 156 23
686 593 6
689 80 2
690 110 2
691 12 7
692 914 8
693 397 22
693 522 2560
694 6 2
694 931 11
697 710 2
700 18 14
700 229 11
700 864 17
704 292 2
704 370 3
704 673 6
705 596 2
705 854 3
706 17 7
706 161 16
708 108 2
709 325 2
709 354 8
709 843 4
710 2 4
712 283 2
712 862 2
713 593 6
716 98 2
716 339 469
716 649 4
716 842 5
719 512 6
720 144 7
721 0 3
721 104 6
721 170 10
721 584 69548
722 100 13
722 258 3
722 393 2
722 464 2
723 142 20
724 20 7
725 44 2
725 65 3
726 322 3
727 200 4
728 227 3
728 350 15
728 712 2
729 578 133
732 834 21
736 24 117
737 25 20
740 778 4
741 45 2
741 260 2
744 280 2
744 762 2
745 63 47
746 386 6
746 536 3
751 506 1275
752 786 2
754 32 246
759 130 13
760 40 44
760 220 16
768 68 2
768 226 11
768 326 8
768 502 19
768 608 5
768 738 5
768 926 25
769 277 2
769 640 2
769 773 20
770 67 2
770 663 14
771 128 6
772 0 7
772 130 2
774 8 20
774 936 5
775 921 2
776 101 17
776 155 3
776 697 3
777 6 9
777 84 2
777 200 23
777 539 258
777 554 2
777 641 289
778 330 3
778 389 2
780 16 3
780 552 11
780 707 10
781 222 19
781 496 5447
782 226 14
784 514 5
784 549 5
784 604 13
785 45 3
785 257 7
786 914 6
787 199 15
788 324 3
792 540 2
792 594 2
793 498 15
793 628 15
795 661 4
798 776 4
799 433 6
800 9 9
800 45 2
800 97 3
801 34 2
802 660 5
803 512 2
804 433 38
804 779 4
805 387 3
806 43 2
806 232 2
806 326 2
806 480 33
808 302 12
808 526 5
808 777 5
808 945 2
810 17 2
814 161 32
814 264 22
814 523 4
814 905 2
816 18 2
816 24 1053
817 784 2
818 253 315
821 236 10
822 211 14
824 609 2
832 16 16
832 21 2
832 43 4
832 304 14
832 518 1240647
833 999 6
834 0 2
834 32 12
834 104 12
834 148 10
834 912 2
835 264 41
835 583 5
836 485 11
840 96 2
840 106 3
840 800 2
842 200 18
843 939 3
844 584 2
845 561 6435
845 624 4
848 313 69
848 391 2
849 792 7
849 1018 4
852 2 5
852 64 2
852 72 2
852 824 4
854 681 8
856 866 57
862 130 44
864 23 2
864 786 6
867 998 2
868 332 5
870 6 2
870 68 2
872 50 28
880 611 10
882 42 164
882 591 6
882 778 4
885 601 2
896 868 5
897 39 3
897 115 3
897 523 3
897 1002 137
898 699 2
899 537 103
899 736 9
902 131 2
902 420 2
903 339 2
904 112 29
904 231 2
904 888 9
905 196 16
906 137 18
906 210 692
908 456 3
911 10 2
912 2 3
912 129 2
914 669 11
916 777 5
917 912 12
921 272 48
922 8 3
924 33 2
928 516 4
928 518 2
929 257 7
929 316 3
930 547 5
930 720 2
931 657 2
932 274 10
934 94 4
938 316 19
940 512 7
947 568 4
951 818 12
952 37 2
953 905 3
954 22 2
956 846 2
958 844 14
960 358 5
961 291 2
961 472 2
965 937 4
966 29 2
966 192 8
966 197 2
966 555 2
968 51 35
968 352 954
969 769 2
970 180 2
971 566 34
976 321 2
977 22 2
978 817 2
984 483 5
986 772 4
987 962 5
990 35 42
998 127 3
1000 260 12
1001 286 2
1002 652 24
1002 912 100
1004 129 25
1011 36 14
1013 316 3
1018 358 2
1020 371 3
1021 643 9
