0 4 2
0 8 2
0 17 2
0 112 2
0 135 8
0 150 3
0 156 18
0 166 3
0 256 21
0 259 4
0 274 388
0 618 1133
0 646 2
0 674 22
0 679 9
0 936 2
1 7 2
1 15 2
1 30 2
1 37 2
1 82 2
1 135 2
1 228 2
1 292 2
1 357 2
1 535 2
1 644 5
1 920 11
2 48 2
2 167 14
2 267 2
2 328 9
3 24 5
3 131 10
3 530 4
3 592 2
3 652 7
4 4 2
4 15 7
4 24 4
4 248 30
4 284 5
4 368 2
4 576 6
4 774 2
4 803 6
5 216 7
5 584 2
5 887 17
6 212 2
6 259 9
6 267 3358
6 268 2
6 466 2
6 1002 2
7 110 2
7 237 107
8 1 16
8 19 3
8 32 40
8 58 2
8 202 41
8 273 15
8 386 4
8 393 2
8 552 4
8 642 12
8 735 6
8 850 4
9 39 2
9 274 2
9 572 3
10 75 2
10 84 3
10 160 2
10 523 3
10 584 3484
10 599 4
10 778 21
11 204 6
11 752 13
11 779 2
12 0 10
12 24 7
12 55 3343
12 128 28
12 366 19
12 634 6
12 781 11
13 780 7
14 127 2
14 152 10
14 376 2
15 352 4
15 485 4
15 659 2
16 9 4
16 132 2
16 148 2
16 198 2
16 516 3
16 643 7
16 806 2
17 48 6
17 258 9
18 645 22
19 24 9
19 709 3
20 28 2
20 36 10
20 176 2
20 194 29
20 786 10
21 116 56
21 258 9
21 308 4
22 281 3
23 328 2
23 770 2
24 781 2
24 944 265
25 523 2
25 592 2
26 109 3
26 801 2
27 130 6
27 549 8
28 42 3
28 146 2
28 624 52
29 1 4
29 327 7
29 532 15
30 52 3
30 129 18
32 16 12
32 33 11
32 42 2
32 204 2
32 211 2
32 276 7
32 388 3
32 414 2
32 759 8
32 803 4
32 848 11
33 3 2
33 64 56
33 276 2
33 277 46
33 544 408
33 785 3
34 144 2
34 324 3
34 561 3
34 663 5
34 720 3
34 800 2
35 65 2
35 689 2
36 12 2
36 48 3
36 257 2
36 266 368
36 288 2
36 555 2
36 858 10
37 13 3
37 364 16
37 594 18
38 1 2
38 180 15
38 204 4
38 544 4
39 3 11
39 982 2
40 20 7
40 65 2
40 512 34
40 528 11
40 645 3
40 756 8
40 761 4
40 980 3
41 96 2
41 276 11
41 987 11
42 42 115
42 140 2
42 329 417
42 778 2
42 839 23
43 1 16
44 12 10
44 47 7291
44 430 16
44 524 2
44 794 2
45 23 18
45 266 1594
45 844 2
48 67 8
48 168 7
48 176 2
48 198 4
48 226 2
48 789 16
49 17 2
49 310 16
50 9 23
51 70 2
51 377 5
51 516 2
52 188 2
52 285 2
53 245 4
55 278 2
56 89 26
56 267 223
56 560 8
57 5 3
57 448 2
58 113 2
58 470 2
59 292 2
60 33 40
61 644 5
62 521 10
62 612 3
64 26 2
64 194 3
64 203 2
64 272 393
64 370 6
64 465 15
64 514 5751
64 686 5
64 771 10
64 780 19
64 790 2
65 25 7
65 118 3
65 265 2
65 421 10
65 614 2
67 2 5
67 16 8
67 20 3
67 73 2
67 453 9
67 840 2
68 226 2
68 284 15
68 322 10
68 576 2
69 138 21
69 276 12
69 572 5
70 109 2
70 608 2
70 642 2
70 648 2
71 264 3
71 409 6
71 700 14
72 8 7
73 640 47
73 870 2
74 512 6
74 600 2
74 1012 24651
75 576 4
76 76 4
76 262 2
76 855 3
77 267 2
78 784 5
78 919 2
79 165 3
79 386 16
80 0 3
80 51 6
80 82 2
80 528 4
80 920 76
82 280 12
83 115 2
83 124 428
83 304 10
83 784 3
84 64 2
84 74 284
84 490 6
85 31 41
85 65 9
87 353 18
87 512 7
87 515 75
89 4 7
90 843 4
90 977 11
91 652 2
92 38 3
93 669 21181
94 869 3
94 954 2253
95 20 3
95 34 7
96 32 2
96 80 3
96 103 2
96 148 2
96 220 3
96 276 5
96 304 7
96 776 14
96 820 12
97 18 5
97 167 21
97 286 2
97 525 2
98 14 667
98 352 2
98 671 14
98 928 14
99 117 5
99 249 55
100 294 8
100 752 4
101 124 6
101 161 16
101 169 1022
101 392 5
102 78 4
102 166 2
104 26 2
104 28 23
104 64 2
104 132 2
104 512 3
105 296 6
105 779 3
107 3 3
107 129 83
108 514 2
109 707 3
111 12 2
112 0 4
112 3 2
112 28 2
112 84 2
112 107 189
112 165 2
112 776 94
114 416 2
114 452 2
114 497 59
114 872 115
116 33 4
117 803 2
119 446 235
121 536 9
122 80 2
122 294 30
123 600 25
124 304 9
125 268 2
128 10 9
128 58 29
128 208 3
128 320 2
128 362 2
128 376 2
128 628 14
129 10 2
129 37 3
129 39 2
129 163 3
129 707 2
130 272 2
130 273 2
130 368 5
130 520 3
130 528 8
130 532 8
130 675 5
130 980 7
132 94 2
132 137 7
132 372 7
132 516 2
132 916 2
132 957 8
133 23 2
133 138 5
133 614 14
134 67 5
134 84 7
134 208 2
134 377 4
134 390 5
134 768 4
135 258 50
135 544 2
136 610 2
136 684 2
137 148 15
137 256 3
138 266 2
138 415 2
138 590 2
138 902 5
139 426 6
139 865 2
140 72 30
140 135 4
140 143 17
140 464 2
140 724 4
141 954 6
143 144 139
143 642 10
144 18 3
144 257 48
144 433 2
144 520 4
144 800 2
145 67 7
145 184 2
145 513 9
146 146 2
146 396 7
146 910 3
148 1 9
148 24 33
148 139 21
148 146 9
148 515 2
149 20 2
149 633 6
150 141 34
150 160 2
151 102 2
151 132 2
151 207 2
153 598 4
153 833 145
153 961 18
156 54 2
156 521 32
156 814 9
157 404 9
160 34 12
160 81 8
160 144 2
160 452 5
161 40 2
161 326 6
161 376 9
161 524 3
161 717 12
162 290 5
162 517 4
163 227 2
163 361 815
164 34 3
164 38 2
164 87 4
164 217 2
164 280 2
164 329 6
164 481 4
164 636 3
164 646 3
167 104 53
167 289 2
167 384 2
167 456 23
167 712 2
168 52 2
168 67 2
168 68 47
168 480 24
169 25 15
171 144 3
172 32 5
172 569 5
172 664 3
173 261 15
174 582 5
176 32 8
176 137 2
176 273 14
176 824 2
177 280 2
177 560 5
177 744 2
178 100 116
178 144 8
179 429 79
180 19 3
180 152 6
180 973 2
181 97 7
181 331 3
181 964 2
182 300 4
182 672 9
182 728 11
184 141 13
184 161 8
184 664 13
185 42 9
188 4 7
188 199 5
192 52 5
192 72 2
192 392 127
192 536 35
192 904 4
192 999 39
193 8 21
193 120 12
193 162 2
193 718 4
194 321 2
194 592 16
194 677 2
196 81 6
196 286 248
196 377 9
197 61 6
197 100 3
197 592 3
198 3 4
198 196 877
198 812 34
200 924 32
201 98 5
201 140 3
202 11 2
203 654 12
204 520 14
205 457 2
206 80 2
206 530 22
208 14 22
208 88 2
208 534 5
209 55 7
209 513 11
210 1 2
210 882 55
211 4 7
212 34 4
212 112 2
212 262 8
212 673 19
213 64 7
214 369 222
216 138 3
220 176 9
220 658 3
227 336 5
228 294 2
230 9 3
231 261 25
231 290 5
232 5 46
232 65 27
232 130 17
232 480 10
233 212 3
233 912 6
234 848 3
235 281 15
239 370 13
239 560 22
240 18 4
240 66 2
240 799 8
241 206 8
244 33 6
246 64 2
248 0 2
248 902 4
256 1 12
256 4 3
256 97 11
256 160 4
256 212 3
256 416 8
256 522 6
256 764 2
256 804 2
256 992 8
257 0 2
257 272 5
257 544 7
257 680 30
257 920 2
258 24 23
258 34 2
258 36 6
258 265 19
258 810 2
259 165 8
259 226 3
259 268 20
259 327 2
259 532 9
260 131 2
260 256 2
260 545 17
260 678 5
260 978 2
261 67 13
261 72 2
261 356 7
261 995 2
262 32 3
262 134 1238
262 256 2
262 906 4
262 1013 3
264 1 2
264 296 3
264 320 2
266 11 8
266 56 2
266 336 2
266 504 2
268 34 3
268 177 6
268 192 3
268 512 2
269 640 3
270 532 26
270 642 27
272 225 7
272 259 17
273 581 7
273 809 2
274 334 2
275 4 2
275 116 2
276 288 84
276 392 2
276 628 497
276 661 708
277 128 225
279 901 4
280 36 2
280 674 2
281 101 2
282 717 11
282 787 4
283 35 2
284 835 2
285 104 2
286 624 2
287 448 6
287 802 51
288 132 24
288 224 6865
288 292 2
288 341 8
288 545 354
288 776 2
289 36 8
289 60 3
289 156 3
289 472 5
289 648 2
289 753 2
290 328 5
291 32 2
291 768 2
291 967 12
292 19 16
292 134 13
292 524 8
292 593 49
294 864 2
296 84 6
296 131 17
296 260 2
296 336 3
296 516 5
297 167 5
297 389 2
297 742 7
298 800 3
299 78 2
299 291 2
301 274 2
303 292 7
304 6 101
304 8 4
304 63 9
304 212 4
304 258 7
305 11 130
305 163 5
306 550 6
307 514 2582
308 583 8
308 832 5
310 936 3
314 109 43
314 156 2
316 452 2
318 914 2
320 29 2
320 407 2
320 468 4
320 641 2
320 720 2
321 4 398
321 262 2
321 337 7025
321 1008 2
322 0 2
322 80 55
322 196 12
322 416 5
322 902 4
323 515 2
324 167 2
324 179 6
324 513 2
325 6 2
325 74 77
325 614 2
325 720 2
326 11 17
326 32 2
329 836 2
330 204 437
331 512 13
332 643 9
334 265 44
334 288 7
336 18 10
336 632 8
337 352 2
337 833 24
339 42 5
340 0 3
340 106 8
340 704 2
340 763 2
342 168 4
342 536 5
344 676 2
345 32 2
345 992 4
347 11 10
347 149 5
347 296 11
347 313 3
348 395 6
349 12 10
352 419 87
352 514 7
352 680 4
352 794 2
353 138 12
353 389 280
356 800 5
357 641 5
357 690 3
358 3 7
358 168 2
358 197 4
360 555 30547
360 732 2
360 784 26
361 266 14
361 316 132
362 34 2
363 162 4
363 424 2
368 49 10
368 738 2
375 77 2
379 333 8
381 531 2
382 562 2
384 5 2
384 312 4
384 423 3
384 457 15
384 481 4
384 531 18
384 597 2
384 692 4
385 2 2
385 75 4
385 213 2
386 275 26
386 846 4
387 147 2
387 545 2
388 332 6
390 566 3
392 336 3
392 674 12
393 461 2
394 80 3
394 590 5
395 4 3
395 558 6
395 647 60
396 6 7
396 915 4
397 518 2
398 943 974
400 21 684
401 16 6
401 58 8
401 932 2
402 68 2
402 80 13
402 769 888
403 98 3
404 209 3
407 591 5
408 66 18
408 405 7
408 576 4
409 66 2
409 417 5
409 888 10
410 520 2
411 20 4
412 6 15
413 640 2
415 101 6
416 292 15
419 62 5
419 844 6
420 288 2
420 424 7
420 545 2
422 736 5
423 651 4
425 161 2
425 776 2
426 644 2
427 580 2
428 194 29
428 620 42
428 880 2
430 8 26
430 68 8
430 203 2
433 197 4
433 398 2
437 2 34
441 21 2
442 146 21
442 691 4
448 655 229
452 48 2
452 512 6
452 513 3
453 368 160
454 634 2
455 640 1883
456 105 10
456 376 51
456 774 10
457 906 39
458 101 77
460 462 11
461 901 9
462 516 2
463 916 7
464 265 2
465 531 2
465 761 2
465 902 21
467 211 2
467 300 8
469 425 2
472 801 2
473 6 2
473 600 3
473 800 2
480 665 16
480 731 14
480 928 2
481 288 2
482 64 2
488 269 8
488 334 8
489 64 33
496 433 12
504 267 4
505 332 3
506 706 4
512 1 3
512 36 30
512 52 2
512 153 2
512 173 24
512 438 26
512 453 2
512 514 15
512 522 2
512 685 27
512 936 4
513 42 4
513 47 2
513 65 6
513 100 7
513 112 2
513 304 5
513 315 21
513 640 2
513 644 2
514 4 2
514 160 2
514 522 4
514 780 2
515 598 5
516 33 9
516 72 5
516 357 2
516 385 19
516 555 2
516 582 3
516 605 7
516 779 4
516 785 5
517 0 35
517 3 16
517 8 227
517 34 2
517 132 6
517 177 2
517 233 2
517 534 6
517 672 3
517 676 3
517 768 15
518 41 25
519 517 34
519 967 2
520 9 25
520 328 2
520 436 14
520 785 3
520 812 2
521 229 41
521 554 2
522 1 34
522 121 353
522 652 2
523 650 99
524 173 2
524 520 10
525 134 2
525 820 5
526 776 12
527 713 5
528 10 22
528 36 2
528 144 15
528 156 6
528 171 13
528 406 2
528 512 559
528 611 68
528 801 8
529 260 2
529 737 4
530 325 4
530 522 2
532 11 2
532 134 2
532 292 2
532 550 2
533 5 9
533 787 2
534 425 5
534 786 2
534 928 445
536 902 2
537 99 3
537 138 2
537 478 2
538 74 25
538 820 2
540 481 18
544 21 3
544 24 3
544 151 8
544 160 3
544 416 34
544 429 40
544 536 3
544 551 4
544 718 2
545 209 18
545 226 2
545 520 26
545 914 2
546 2 2
546 263 3
546 612 4
546 758 11
546 900 16
547 427 2
547 577 3
548 169 2
548 512 2235
549 647 12
550 36 2
551 4 8
551 40 16
552 136 17
553 102 4
554 4 24
554 137 4
555 418 2
556 409 3
557 15 2
557 557 11
559 557 2
560 18 7
560 96 2
560 354 8
561 444 35
561 521 2
561 993 8
562 977 2
563 20 3
564 28 3
564 656 11
564 659 2
565 105 4
566 44 128
569 522 2
571 100 5
571 457 5
572 64 4
573 797 17
574 18 9
574 533 4
576 76 13
576 133 145
576 228 2
576 525 11
576 547 14
576 607 7
577 236 2
578 26 31
578 96 4
578 554 3
578 572 19
578 575 15
579 136 3
579 789 94
580 64 5
580 528 2
580 598 2
581 645 3
582 633 26
583 129 5
585 208 13
585 354 2
585 389 8
586 64 2
587 608 2
589 389 12
590 276 3
590 300 19
590 520 2
592 585 73
595 557 4
596 33 832
596 91 2
597 387 6
599 92 11
599 176 547
600 115 3
600 573 5
600 575 2
601 335 22
601 431 2
602 480 8
604 913 4
605 80 2
606 281 21
606 807 2
607 288 2
607 393 5
608 176 22
608 185 6
608 522 3
608 576 6
608 648 7
609 28 2
609 210 4
609 225 7
609 768 2
610 24 2
611 125 7
614 936 19
616 81 2
616 450 2
616 806 2
618 70 2
618 1004 2
619 76 11
619 140 2
619 231 2
621 293 17
623 1000 6
624 579 2
625 5 13
625 261 2
626 104 15
626 114 2
626 528 3
626 608 37
627 3 2
627 418 7
627 769 2
627 977 5
628 76 2
629 446 2
629 528 14
631 24 2
632 18 2
637 73 2
640 16 8
640 421 2
640 938 2
640 952 7
642 512 3
642 562 2
642 724 11
644 387 2
644 756 9
644 769 6
645 4 4
645 963 15
646 289 51
648 76 45
648 210 47
648 369 5
648 694 26
648 769 26
649 48 6
650 108 2
650 216 3
650 953 5
651 290 2
652 594 3
654 565 2
655 384 36
655 761 8
656 3 4
656 370 8
656 833 12
657 79 2
658 10 2
658 26 6
660 36 270
660 85 5
661 608 17
662 374 2
664 781 21
665 3 3
665 260 16
668 163 2
668 464 6
668 749 35
670 515 4
672 1 58
672 64 9
672 514 56
672 717 5
673 104 5
674 288 2
675 257 59
675 470 2
677 121 4
677 641 2
679 556 2
680 20 11
680 39 3
680 450 2
680 540 8
681 6 2
681 33 2
682 156 12
686 593 23
689 80 2
690 110 4
691 12 9
692 914 30
693 397 24
693 522 2
694 6 114
694 931 186
697 710 17
700 18 235
700 229 3
700 864 5
704 292 5
704 370 11
704 673 69
705 596 4
705 854 18
706 17 2
706 161 2
708 108 9
709 325 2
709 354 14
709 843 2
710 2 2
712 283 2
712 862 7
713 593 2
716 98 2
716 339 2903
716 649 5
716 842 11
719 512 11
720 144 8
721 0 2
721 104 8
721 170 2
721 584 2
722 100 26
722 258 19
722 393 2
722 464 2
723 142 8
724 20 26
725 44 2
725 65 3
726 322 2
727 200 4
728 227 2
728 350 4
728 712 2
729 578 6
732 834 3
736 24 133
737 25 4
740 778 2
741 45 6
741 260 2
744 280 15
744 762 20
745 63 2
746 386 2
746 536 338
751 506 2
752 786 4
754 32 2
759 130 3
760 40 4
760 220 5
768 68 4
768 226 6
768 326 5
768 502 2
768 608 6
768 738 13
768 926 15
769 277 2
769 640 18
769 773 2
770 67 2
770 663 4
771 128 13
772 0 5
772 130 2
774 8 5
774 936 2
775 921 11
776 101 2
776 155 8
776 697 5
777 6 2
777 84 2
777 200 9
777 539 2
777 554 2
777 641 72
778 330 24
778 389 2
780 16 5
780 552 15
780 707 2
781 222 5
781 496 2
782 226 16
784 514 6
784 549 6
784 604 6
785 45 8
785 257 24
786 914 2
787 199 6
788 324 3
792 540 2
792 594 5
793 498 6
793 628 3
795 661 109
798 776 2
799 433 5
800 9 4
800 45 2
800 97 2
801 34 40
802 660 7
803 512 93
804 433 4
804 779 2
805 387 12
806 43 2
806 232 2
806 326 29
806 480 3
808 302 2
808 526 14
808 777 10
808 945 9
810 17 2141
814 161 22
814 264 13
814 523 10
814 905 2
816 18 2
816 24 2
817 784 13
818 253 6
821 236 19
822 211 11
824 609 3
832 16 19
832 21 2
832 43 2
832 304 7
832 518 246
833 999 3
834 0 17
834 32 10
834 104 81
834 148 6
834 912 2
835 264 8
835 583 7
836 485 7
840 96 2
840 106 3
840 800 7
842 200 9
843 939 13
844 584 19935
845 561 2
845 624 103
848 313 14
848 391 8
849 792 2
849 1018 8
852 2 11
852 64 34
852 72 13
852 824 39
854 681 3
856 866 8
862 130 2
864 23 3
864 786 12
867 998 2
868 332 21
870 6 84
870 68 3
872 50 6
880 611 7
882 42 4
882 591 19
882 778 6
885 601 3
896 868 2
897 39 3
897 115 7
897 523 4
897 1002 26
898 699 11
899 537 54
899 736 12
902 131 2
902 420 11
903 339 2
904 112 2
904 231 4
904 888 4
905 196 3
906 137 2
906 210 57905
908 456 6
911 10 2
912 2 12
912 129 4
914 669 2
916 777 39
917 912 12
921 272 2
922 8 3
924 33 17
928 516 52
928 518 2
929 257 2
929 316 11
930 547 3
930 720 2
931 657 12
932 274 10
934 94 8
938 316 9
940 512 6
947 568 6
951 818 8
952 37 2
953 905 2
954 22 2
956 846 124
958 844 16
960 358 18
961 291 2
961 472 1964
965 937 8
966 29 2
966 192 7
966 197 2
966 555 116
968 51 4
968 352 2973
969 769 35
970 180 3
971 566 14
976 321 11
977 22 2
978 817 16
984 483 4
986 772 4
987 962 11
990 35 2
998 127 2
1000 260 2
1001 286 2
1002 652 2
1002 912 2
1004 129 13
1011 36 2
1013 316 68
1018 358 3
1020 371 13
1021 643 6
