0 4 6
0 8 623
0 17 2
0 112 2
0 135 8
0 150 8
0 156 2
0 166 2
0 256 9
0 259 2
0 274 2
0 618 2
0 646 2
0 674 23
0 679 8
0 936 2
1 7 23
1 15 10
1 30 15
1 37 2
1 82 4
1 135 254
1 228 39
1 292 353
1 357 6
1 535 9
1 644 2668
1 920 2
2 48 9
2 167 4
2 267 3
2 328 3
3 24 13
3 131 4
3 530 9
3 592 5
3 652 4
4 4 16
4 15 10
4 24 5
4 248 11
4 284 2
4 368 24
4 576 11
4 774 2
4 803 7
5 216 11
5 584 2
5 887 4
6 212 2
6 259 25
6 267 2
6 268 4
6 466 9
6 1002 9570
7 110 2
7 237 8
8 1 2
8 19 2
8 32 18
8 58 2
8 202 14
8 273 4
8 386 59
8 393 37
8 552 2
8 642 40
8 735 5
8 850 4
9 39 13
9 274 8
9 572 2
10 75 16
10 84 2
10 160 15
10 523 2
10 584 2
10 599 10
10 778 378
11 204 2
11 752 2
11 779 53
12 0 4
12 24 13
12 55 2
12 128 3
12 366 6
12 634 43
12 781 2
13 780 12
14 127 2
14 152 6
14 376 2
15 352 6
15 485 13
15 659 2
16 9 3
16 132 1610
16 148 3
16 198 188
16 516 4
16 643 61
16 806 2
17 48 4
17 258 2
18 645 7
19 24 2
19 709 2
20 28 14
20 36 31
20 176 2
20 194 2
20 786 6
21 116 153
21 258 7
21 308 2
22 281 4
23 328 173
23 770 2
24 781 241429
24 944 2
25 523 4
25 592 2
26 109 4
26 801 4
27 130 4
27 549 19
28 42 17
28 146 345
28 624 2
29 1 3
29 327 2
29 532 2
30 52 95
30 129 41
32 16 3
32 33 4
32 42 2
32 204 8
32 211 147
32 276 7
32 388 7
32 414 2
32 759 2
32 803 4
32 848 14
33 3 392
33 64 35
33 276 4
33 277 60
33 544 59
33 785 3
34 144 2
34 324 5
34 561 4
34 663 5
34 720 7
34 800 3
35 65 2
35 689 3
36 12 4
36 48 2
36 257 5
36 266 2
36 288 18
36 555 6
36 858 9
37 13 6
37 364 2
37 594 6
38 1 2
38 180 2
38 204 2
38 544 5
39 3 6
39 982 3
40 20 2
40 65 2
40 512 2
40 528 8
40 645 2
40 756 30
40 761 2
40 980 3
41 96 15
41 276 33
41 987 3
42 42 2
42 140 47
42 329 5513
42 778 50
42 839 11
43 1 2
44 12 33
44 47 2
44 430 2
44 524 2
44 794 2
45 23 9
45 266 83
45 844 3
48 67 7
48 168 2
48 176 2
48 198 6
48 226 2
48 789 3
49 17 2
49 310 4
50 9 4
51 70 4
51 377 2
51 516 2
52 188 26
52 285 2
53 245 5
55 278 2
56 89 16
56 267 2
56 560 2
57 5 5
57 448 4
58 113 4
58 470 3
59 292 8
60 33 3
61 644 7
62 521 14
62 612 2
64 26 1048
64 194 14
64 203 2
64 272 2
64 370 2
64 465 3
64 514 2
64 686 2
64 771 4
64 780 6
64 790 8
65 25 5
65 118 3
65 265 2
65 421 111
65 614 2
67 2 3
67 16 13
67 20 2
67 73 5
67 453 7
67 840 7
68 226 2
68 284 3
68 322 4
68 576 3
69 138 20
69 276 2
69 572 6
70 109 2
70 608 8
70 642 2
70 648 5
71 264 22
71 409 2
71 700 4
72 8 2
73 640 2
73 870 2
74 512 2
74 600 3
74 1012 2
75 576 5
76 76 6
76 262 5
76 855 3
77 267 5
78 784 3
78 919 80
79 165 6
79 386 9
80 0 8
80 51 12
80 82 3
80 528 4
80 920 40
82 280 7
83 115 2
83 124 2
83 304 8
83 784 7
84 64 318
84 74 2
84 490 9
85 31 2
85 65 27
87 353 2
87 512 7
87 515 2
89 4 6
90 843 3
90 977 2
91 652 2
92 38 2
93 669 2
94 869 227
94 954 5
95 20 3
95 34 12
96 32 4
96 80 2
96 103 2
96 148 9
96 220 17
96 276 2
96 304 2
96 776 19
96 820 10
97 18 12
97 167 2
97 286 5
97 525 2
98 14 2
98 352 4
98 671 6
98 928 12
99 117 15
99 249 2
100 294 6
100 752 3
101 124 714
101 161 41
101 169 2
101 392 5
102 78 2
102 166 2
104 26 2
104 28 3
104 64 3
104 132 66
104 512 3
105 296 10
105 779 15
107 3 10
107 129 3
108 514 30
109 707 7
111 12 5
112 0 5
112 3 16
112 28 2
112 84 2
112 107 4
112 165 5
112 776 434
114 416 1182
114 452 123
114 497 2
114 872 8
116 33 2
117 803 5
119 446 11
121 536 22
122 80 2
122 294 9
123 600 2
124 304 2
125 268 5
128 10 2
128 58 2
128 208 11
128 320 4
128 362 6
128 376 2
128 628 4
129 10 3
129 37 22
129 39 2
129 163 18
129 707 33
130 272 2
130 273 14
130 368 2
130 520 2
130 528 2
130 532 17
130 675 20
130 980 2
132 94 2136
132 137 3
132 372 9
132 516 2
132 916 2
132 957 3
133 23 4
133 138 2
133 614 5
134 67 12
134 84 4
134 208 2
134 377 20
134 390 5
134 768 4
135 258 2
135 544 2
136 610 15
136 684 2
137 148 9
137 256 2
138 266 2
138 415 2
138 590 33816
138 902 5
139 426 5
139 865 2
140 72 16
140 135 3
140 143 16
140 464 8
140 724 6
141 954 2
143 144 13
143 642 3
144 18 2
144 257 95
144 433 5
144 520 20
144 800 192
145 67 13
145 184 2
145 513 24
146 146 3
146 396 3
146 910 4
148 1 91
148 24 2
148 139 159
148 146 2
148 515 2
149 20 4
149 633 6
150 141 14
150 160 2
151 102 23
151 132 4
151 207 2
153 598 3
153 833 28
153 961 8
156 54 2
156 521 75
156 814 2
157 404 2
160 34 7
160 81 7
160 144 3
160 452 11
161 40 3
161 326 3
161 376 18
161 524 10
161 717 2
162 290 2
162 517 5
163 227 4
163 361 2
164 34 2
164 38 9
164 87 6
164 217 2
164 280 4
164 329 5
164 481 2
164 636 14
164 646 2
167 104 27
167 289 2
167 384 13
167 456 11
167 712 4
168 52 8
168 67 18
168 68 6
168 480 25
169 25 3
171 144 31
172 32 2
172 569 7
172 664 3
173 261 2
174 582 4
176 32 5
176 137 2
176 273 14
176 824 2
177 280 14
177 560 4
177 744 2
178 100 2
178 144 2
179 429 4
180 19 23
180 152 9
180 973 2
181 97 7
181 331 2
181 964 4
182 300 9
182 672 4
182 728 33
184 141 2
184 161 11
184 664 6
185 42 20
188 4 6
188 199 194
192 52 8
192 72 2
192 392 49
192 536 26
192 904 2
192 999 2
193 8 2
193 120 3
193 162 12
193 718 72
194 321 2
194 592 2
194 677 87
196 81 2
196 286 2
196 377 23
197 61 24
197 100 7
197 592 3
198 3 7
198 196 11
198 812 2
200 924 5
201 98 2
201 140 12
202 11 2
203 654 2
204 520 65
205 457 2
206 80 2
206 530 38
208 14 6
208 88 2
208 534 22
209 55 9
209 513 3
210 1 2
210 882 2
211 4 16
212 34 4
212 112 2
212 262 4
212 673 2
213 64 7
214 369 14
216 138 6
220 176 2
220 658 2
227 336 7
228 294 4
230 9 7
231 261 2
231 290 163
232 5 10
232 65 2
232 130 2
232 480 26
233 212 3
233 912 2
234 848 2
235 281 5
239 370 2
239 560 2
240 18 5
240 66 37
240 799 13
241 206 6
244 33 4
246 64 488
248 0 2
248 902 10
256 1 2
256 4 2
256 97 2
256 160 2
256 212 9
256 416 5
256 522 5
256 764 3
256 804 2
256 992 2
257 0 111
257 272 6
257 544 4
257 680 2
257 920 8
258 24 10
258 34 2
258 36 2
258 265 6
258 810 2
259 165 6
259 226 4
259 268 6
259 327 2
259 532 15
260 131 11
260 256 264
260 545 2
260 678 5
260 978 2
261 67 19
261 72 2
261 356 7
261 995 2
262 32 9
262 134 378
262 256 12
262 906 2
262 1013 3
264 1 2
264 296 2
264 320 120642
266 11 2
266 56 769
266 336 3
266 504 12
268 34 2
268 177 2
268 192 9
268 512 5
269 640 17
270 532 2
270 642 3
272 225 44
272 259 29
273 581 13
273 809 110
274 334 2
275 4 2
275 116 11
276 288 3
276 392 2
276 628 2
276 661 5
277 128 8
279 901 4
280 36 2
280 674 17
281 101 2
282 717 9
282 787 2
283 35 2
284 835 4
285 104 2
286 624 2
287 448 2
287 802 28
288 132 2
288 224 7
288 292 10
288 341 2
288 545 116
288 776 14
289 36 7
289 60 11
289 156 4
289 472 6
289 648 2
289 753 2
290 328 2
291 32 2
291 768 10
291 967 2
292 19 5
292 134 2
292 524 2
292 593 24
294 864 3
296 84 2
296 131 2
296 260 2
296 336 14
296 516 9
297 167 3
297 389 84
297 742 10
298 800 9
299 78 20
299 291 2
301 274 63
303 292 7
304 6 5
304 8 72
304 63 11
304 212 2
304 258 4
305 11 4
305 163 21
306 550 6
307 514 2
308 583 4
308 832 4
310 936 10
314 109 2
314 156 5
316 452 5
318 914 2
320 29 4
320 407 379
320 468 9
320 641 2
320 720 2
321 4 2
321 262 32
321 337 3
321 1008 10
322 0 4
322 80 4059
322 196 13
322 416 9
322 902 35
323 515 5
324 167 2
324 179 7
324 513 2
325 6 3621
325 74 2
325 614 70
325 720 3
326 11 4
326 32 30
329 836 6
330 204 2
331 512 3
332 643 5
334 265 3
334 288 2
336 18 4
336 632 2
337 352 5
337 833 5
339 42 2
340 0 16
340 106 7
340 704 7
340 763 3
342 168 2
342 536 2
344 676 2
345 32 3
345 992 21
347 11 2
347 149 4
347 296 3
347 313 2
348 395 11
349 12 3
352 419 2
352 514 2
352 680 3
352 794 2
353 138 2
353 389 2
356 800 3
357 641 32
357 690 9
358 3 2
358 168 2
358 197 2
360 555 2
360 732 2
360 784 28
361 266 21
361 316 2
362 34 2
363 162 8
363 424 84
368 49 2
368 738 2
375 77 3
379 333 11
381 531 3
382 562 6
384 5 2
384 312 4
384 423 11
384 457 17
384 481 2
384 531 13
384 597 2
384 692 2
385 2 51
385 75 2
385 213 2
386 275 2
386 846 6
387 147 3
387 545 13
388 332 2
390 566 2
392 336 3
392 674 3
393 461 2
394 80 6
394 590 4
395 4 52
395 558 14
395 647 10
396 6 3
396 915 2
397 518 2
398 943 4
400 21 2
401 16 2
401 58 2
401 932 2
402 68 12
402 80 30
402 769 37
403 98 12
404 209 4
407 591 3
408 66 2
408 405 3
408 576 2
409 66 19
409 417 5
409 888 6
410 520 7
411 20 2
412 6 5
413 640 8
415 101 3
416 292 3
419 62 2
419 844 5
420 288 2
420 424 5
420 545 2
422 736 77
423 651 10
425 161 2
425 776 2
426 644 2
427 580 2
428 194 15
428 620 60
428 880 7
430 8 17
430 68 2
430 203 2
433 197 2
433 398 2
437 2 10
441 21 48
442 146 9
442 691 5
448 655 2
452 48 9
452 512 2
452 513 2
453 368 2
454 634 2
455 640 5
456 105 2
456 376 2
456 774 2
457 906 124
458 101 55
460 462 2
461 901 5
462 516 10
463 916 3
464 265 2
465 531 6
465 761 3
465 902 11
467 211 15
467 300 7
469 425 2
472 801 11
473 6 18
473 600 2
473 800 12
480 665 6
480 731 2
480 928 2
481 288 2
482 64 82
488 269 5
488 334 2
489 64 25
496 433 3
504 267 9
505 332 3
506 706 13
512 1 3
512 36 23
512 52 20
512 153 5
512 173 2
512 438 3
512 453 4
512 514 2
512 522 15
512 685 19
512 936 2
513 42 2
513 47 2
513 65 3
513 100 9
513 112 11
513 304 4
513 315 2
513 640 4
513 644 2
514 4 5
514 160 2
514 522 6
514 780 77
515 598 8
516 33 7
516 72 2
516 357 2
516 385 12
516 555 2
516 582 2
516 605 4
516 779 2
516 785 22
517 0 131
517 3 2
517 8 8
517 34 2
517 132 3
517 177 2
517 233 2
517 534 5
517 672 9
517 676 3
517 768 4
518 41 3
519 517 10
519 967 2
520 9 2
520 328 2
520 436 13
520 785 5
520 812 289
521 229 6
521 554 4
522 1 2
522 121 822
522 652 3
523 650 2
524 173 2
524 520 14
525 134 13
525 820 18
526 776 5
527 713 2
528 10 13
528 36 2
528 144 7
528 156 2
528 171 2
528 406 5
528 512 3
528 611 2
528 801 4
529 260 4
529 737 2
530 325 2
530 522 1914
532 11 2
532 134 8
532 292 2
532 550 37
533 5 2
533 787 6
534 425 2
534 786 2
534 928 2
536 902 5
537 99 9
537 138 2
537 478 4
538 74 2
538 820 2
540 481 5
544 21 2
544 24 12
544 151 2
544 160 3
544 416 2
544 429 1497
544 536 2
544 551 8
544 718 2
545 209 2
545 226 2
545 520 2
545 914 3
546 2 2
546 263 5
546 612 6
546 758 2
546 900 2
547 427 7
547 577 2
548 169 2
548 512 831
549 647 19
550 36 2
551 4 3
551 40 3
552 136 2
553 102 6
554 4 4
554 137 2
555 418 2
556 409 3
557 15 15
557 557 9
559 557 2
560 18 5
560 96 48
560 354 10
561 444 4
561 521 2
561 993 2
562 977 2
563 20 11
564 28 6
564 656 14
564 659 2
565 105 4
566 44 4
569 522 122
571 100 18
571 457 4
572 64 27
573 797 4
574 18 2
574 533 3
576 76 5
576 133 2
576 228 13
576 525 14
576 547 18
576 607 3
577 236 5
578 26 111
578 96 8
578 554 2
578 572 2
578 575 16
579 136 6
579 789 11
580 64 5
580 528 2
580 598 2
581 645 6
582 633 25
583 129 17
585 208 4
585 354 2
585 389 2
586 64 2
587 608 2
589 389 3
590 276 2
590 300 28
590 520 7614
592 585 2
595 557 33
596 33 2
596 91 2
597 387 18
599 92 3
599 176 4
600 115 2
600 573 21
600 575 2
601 335 10
601 431 7
602 480 2
604 913 10
605 80 2
606 281 2
606 807 4
607 288 602
607 393 3
608 176 13
608 185 5
608 522 6
608 576 2
608 648 2
609 28 2
609 210 2
609 225 3
609 768 2
610 24 3
611 125 7
614 936 2
616 81 2
616 450 2
616 806 4
618 70 2
618 1004 27
619 76 2
619 140 13
619 231 173
621 293 26
623 1000 35
624 579 2
625 5 2
625 261 3
626 104 3
626 114 2
626 528 13
626 608 2
627 3 3
627 418 4
627 769 6
627 977 21
628 76 2
629 446 13
629 528 10
631 24 3
632 18 173
637 73 7
640 16 21
640 421 5
640 938 2
640 952 2
642 512 7
642 562 3
642 724 18
644 387 2
644 756 11
644 769 3
645 4 6
645 963 9
646 289 2
648 76 4
648 210 3
648 369 2
648 694 9
648 769 291
649 48 2
650 108 2
650 216 3
650 953 12
651 290 83
652 594 40
654 565 30
655 384 3
655 761 3
656 3 7
656 370 31
656 833 10
657 79 11
658 10 2
658 26 2
660 36 2
660 85 21
661 608 18
662 374 4
664 781 90
665 3 2
665 260 11
668 163 2
668 464 13
668 749 12
670 515 15
672 1 2
672 64 2
672 514 4
672 717 3
673 104 4
674 288 2
675 257 3
675 470 5
677 121 2
677 641 2
679 556 2
680 20 4
680 39 7
680 450 7
680 540 2
681 6 2
681 33 4
682 156 4
686 593 23
689 80 6
690 110 34
691 12 8
692 914 2
693 397 80
693 522 12
694 6 2
694 931 12
697 710 2
700 18 67
700 229 4
700 864 3
704 292 3
704 370 14
704 673 2
705 596 2
705 854 2
706 17 24
706 161 13
708 108 3
709 325 5
709 354 7
709 843 2
710 2 2
712 283 3
712 862 11
713 593 34
716 98 107
716 339 83
716 649 6
716 842 6
719 512 29
720 144 3
721 0 2
721 104 3
721 170 2
721 584 20
722 100 2
722 258 2
722 393 14
722 464 9
723 142 2
724 20 2
725 44 2
725 65 4
726 322 4
727 200 4
728 227 2
728 350 12
728 712 6
729 578 2
732 834 2
736 24 2
737 25 4
740 778 26
741 45 8
741 260 5
744 280 4
744 762 20
745 63 2
746 386 6
746 536 2
751 506 2
752 786 5
754 32 5
759 130 6
760 40 2
760 220 2
768 68 2
768 226 11
768 326 7
768 502 8
768 608 4
768 738 6
768 926 12
769 277 5
769 640 2
769 773 2
770 67 9
770 663 14
771 128 2
772 0 10
772 130 14
774 8 13
774 936 5
775 921 9
776 101 2
776 155 2
776 697 3
777 6 3
777 84 298
777 200 5
777 539 43
777 554 2
777 641 2
778 330 14
778 389 728
780 16 7
780 552 8
780 707 3
781 222 13
781 496 2
782 226 6
784 514 3
784 549 20
784 604 2
785 45 9
785 257 5
786 914 30
787 199 7
788 324 2
792 540 2
792 594 13
793 498 3
793 628 21
795 661 2
798 776 2
799 433 8
800 9 7
800 45 243
800 97 299
801 34 2
802 660 30
803 512 329
804 433 4
804 779 11
805 387 56
806 43 3
806 232 22
806 326 2
806 480 6
808 302 5
808 526 10
808 777 4
808 945 171
810 17 2
814 161 4
814 264 6
814 523 4
814 905 6
816 18 3
816 24 110
817 784 13
818 253 2
821 236 6
822 211 5
824 609 15
832 16 10
832 21 2
832 43 2
832 304 2
832 518 2
833 999 21
834 0 8
834 32 13
834 104 34
834 148 4
834 912 4
835 264 22
835 583 6
836 485 8
840 96 6
840 106 6
840 800 9
842 200 4
843 939 28
844 584 979
845 561 351310
845 624 99
848 313 12
848 391 3
849 792 9
849 1018 12
852 2 25
852 64 2
852 72 2
852 824 7
854 681 3
856 866 2
862 130 2
864 23 9
864 786 11
867 998 34
868 332 2
870 6 15
870 68 11
872 50 4
880 611 18
882 42 28
882 591 3
882 778 34
885 601 2
896 868 3
897 39 6
897 115 8
897 523 4
897 1002 5
898 699 13
899 537 2
899 736 11
902 131 2
902 420 5
903 339 61
904 112 5
904 231 2
904 888 15
905 196 5
906 137 11
906 210 233
908 456 2
911 10 6
912 2 3
912 129 4
914 669 3
916 777 2
917 912 12
921 272 2
922 8 2
924 33 2
928 516 3
928 518 4
929 257 2
929 316 2
930 547 38
930 720 6
931 657 3
932 274 5
934 94 2
938 316 11
940 512 11
947 568 3
951 818 6
952 37 2
953 905 2
954 22 2
956 846 2
958 844 7
960 358 24
961 291 2
961 472 2
965 937 3
966 29 3
966 192 2
966 197 2874
966 555 2
968 51 4
968 352 2
969 769 283
970 180 4
971 566 4
976 321 5
977 22 79
978 817 2
984 483 15
986 772 13
987 962 11
990 35 6
998 127 11
1000 260 2
1001 286 8
1002 652 2
1002 912 2340
1004 129 38
1011 36 2
1013 316 2
1018 358 2
1020 371 5
1021 643 4
