0 4 2
0 8 4
0 17 43
0 112 2
0 135 20
0 150 6
0 156 13
0 166 2
0 256 9
0 259 2
0 274 2
0 618 13
0 646 6
0 674 2
0 679 8
0 936 2
1 7 2
1 15 11
1 30 29
1 37 2
1 82 2
1 135 2
1 228 3
1 292 2
1 357 11
1 535 5
1 644 2
1 920 2
2 48 2
2 167 2
2 267 2
2 328 2
3 24 2
3 131 12
3 530 7
3 592 2
3 652 8
4 4 10
4 15 40
4 24 11
4 248 3
4 284 7
4 368 2
4 576 2
4 774 1081
4 803 7
5 216 2
5 584 2
5 887 4
6 212 2
6 259 4
6 267 209
6 268 13
6 466 2
6 1002 1753
7 110 3
7 237 54
8 1 2
8 19 3
8 32 2
8 58 2
8 202 9
8 273 40
8 386 2
8 393 4
8 552 14
8 642 2
8 735 15
8 850 5
9 39 8
9 274 2
9 572 2
10 75 2
10 84 15
10 160 65
10 523 9
10 584 2
10 599 5
10 778 5
11 204 2
11 752 2
11 779 2
12 0 44
12 24 12
12 55 2
12 128 4
12 366 25
12 634 16
12 781 2
13 780 39
14 127 51
14 152 2
14 376 809
15 352 2
15 485 4
15 659 2
16 9 7
16 132 2
16 148 109
16 198 3
16 516 7
16 643 14
16 806 744
17 48 2
17 258 2
18 645 10
19 24 3
19 709 28
20 28 133
20 36 17
20 176 4
20 194 803
20 786 9
21 116 339
21 258 4
21 308 2
22 281 2
23 328 2
23 770 3
24 781 79450
24 944 5
25 523 5
25 592 2
26 109 10
26 801 4
27 130 16
27 549 5
28 42 15
28 146 2
28 624 3
29 1 18
29 327 3
29 532 9
30 52 2
30 129 2
32 16 2
32 33 3
32 42 3
32 204 30
32 211 6
32 276 3
32 388 3
32 414 12
32 759 2
32 803 3
32 848 3
33 3 2
33 64 2
33 276 2
33 277 12
33 544 45
33 785 23
34 144 2
34 324 12
34 561 31
34 663 2
34 720 3
34 800 2
35 65 3
35 689 3
36 12 5
36 48 11
36 257 94
36 266 2
36 288 57
36 555 3
36 858 11
37 13 3
37 364 47
37 594 8
38 1 12
38 180 10
38 204 3
38 544 20
39 3 5
39 982 2
40 20 7
40 65 6
40 512 2
40 528 7
40 645 117
40 756 54
40 761 39
40 980 5
41 96 24
41 276 2
41 987 7
42 42 2
42 140 4
42 329 2
42 778 16
42 839 10
43 1 3
44 12 3
44 47 2
44 430 4
44 524 2
44 794 11
45 23 5
45 266 2
45 844 20
48 67 8
48 168 4
48 176 8
48 198 11
48 226 5
48 789 2
49 17 7
49 310 2
50 9 5
51 70 15
51 377 2
51 516 38
52 188 3
52 285 2
53 245 3
55 278 135
56 89 2
56 267 3681
56 560 2
57 5 3
57 448 8
58 113 11
58 470 2
59 292 4
60 33 4
61 644 6
62 521 27
62 612 10
64 26 4
64 194 4
64 203 40
64 272 2
64 370 42
64 465 20
64 514 2
64 686 2
64 771 3
64 780 6
64 790 12
65 25 5
65 118 7
65 265 2
65 421 2
65 614 6
67 2 5
67 16 4
67 20 72
67 73 2
67 453 91
67 840 11
68 226 2
68 284 7
68 322 13
68 576 15
69 138 2
69 276 11
69 572 5
70 109 16
70 608 18
70 642 51
70 648 4
71 264 9
71 409 2
71 700 8
72 8 2
73 640 2
73 870 18
74 512 2
74 600 29
74 1012 2
75 576 6
76 76 5
76 262 8
76 855 17
77 267 35
78 784 6
78 919 5
79 165 6
79 386 13
80 0 2
80 51 7
80 82 15
80 528 5
80 920 2
82 280 18
83 115 2
83 124 3
83 304 3
83 784 4
84 64 38
84 74 4
84 490 5
85 31 4
85 65 2
87 353 2
87 512 8
87 515 2
89 4 4
90 843 3
90 977 2
91 652 204
92 38 5
93 669 4
94 869 2
94 954 2
95 20 6
95 34 11
96 32 2
96 80 8
96 103 2
96 148 7
96 220 15
96 276 2
96 304 5
96 776 4
96 820 2
97 18 2
97 167 4
97 286 7
97 525 2
98 14 2
98 352 3
98 671 4
98 928 2
99 117 2
99 249 2
100 294 3
100 752 2
101 124 2
101 161 6
101 169 2
101 392 21
102 78 6
102 166 2
104 26 2
104 28 4
104 64 6
104 132 2
104 512 4
105 296 2
105 779 10
107 3 15
107 129 24
108 514 40494
109 707 14
111 12 5
112 0 6
112 3 2
112 28 4
112 84 15
112 107 2
112 165 12
112 776 2
114 416 722
114 452 128
114 497 2
114 872 12
116 33 3
117 803 2
119 446 17
121 536 10
122 80 2
122 294 11
123 600 2
124 304 2
125 268 68
128 10 2
128 58 17
128 208 12
128 320 3
128 362 24
128 376 2
128 628 10
129 10 3
129 37 17
129 39 2
129 163 3
129 707 2
130 272 3
130 273 7
130 368 12
130 520 3
130 528 2
130 532 4
130 675 2
130 980 2
132 94 2
132 137 10
132 372 13
132 516 2
132 916 2
132 957 22
133 23 2
133 138 6
133 614 11
134 67 11
134 84 23
134 208 2
134 377 4
134 390 4
134 768 2
135 258 6
135 544 2
136 610 6
136 684 2
137 148 5
137 256 5
138 266 2
138 415 41
138 590 429
138 902 2
139 426 7
139 865 2
140 72 3
140 135 5
140 143 11
140 464 2
140 724 2
141 954 2
143 144 8
143 642 8
144 18 39
144 257 108
144 433 2
144 520 2
144 800 2
145 67 14
145 184 49
145 513 8
146 146 2
146 396 114920
146 910 7
148 1 13
148 24 2
148 139 121
148 146 3
148 515 2
149 20 10
149 633 372
150 141 54
150 160 2
151 102 2
151 132 42
151 207 2
153 598 2
153 833 56
153 961 7
156 54 2
156 521 2
156 814 2
157 404 3
160 34 2
160 81 27
160 144 2
160 452 2
161 40 2
161 326 2
161 376 2
161 524 14
161 717 3
162 290 27
162 517 8
163 227 3
163 361 900
164 34 64
164 38 17
164 87 2
164 217 2
164 280 2
164 329 2
164 481 2
164 636 12
164 646 5
167 104 66854
167 289 143
167 384 5
167 456 11
167 712 5
168 52 8
168 67 35
168 68 13
168 480 1948
169 25 3
171 144 2
172 32 2
172 569 8
172 664 3
173 261 5
174 582 3
176 32 6
176 137 2
176 273 9
176 824 2
177 280 2
177 560 6
177 744 33
178 100 13
178 144 3
179 429 39
180 19 13
180 152 2
180 973 2
181 97 30
181 331 22
181 964 2
182 300 11
182 672 3
182 728 11
184 141 2
184 161 2
184 664 2
185 42 4
188 4 5
188 199 2
192 52 19
192 72 2
192 392 2
192 536 3
192 904 4
192 999 2
193 8 4
193 120 30
193 162 2
193 718 2
194 321 2
194 592 8
194 677 2
196 81 2
196 286 2
196 377 2
197 61 31
197 100 2
197 592 2
198 3 3
198 196 2
198 812 2
200 924 2
201 98 2
201 140 6
202 11 2
203 654 2
204 520 3
205 457 4
206 80 2
206 530 6
208 14 15
208 88 90
208 534 52
209 55 3
209 513 14
210 1 2
210 882 4
211 4 34
212 34 4
212 112 2
212 262 5
212 673 7
213 64 4
214 369 5
216 138 19
220 176 5
220 658 3
227 336 7
228 294 2
230 9 3
231 261 2
231 290 2
232 5 2
232 65 195
232 130 7
232 480 15
233 212 49
233 912 4
234 848 2
235 281 3
239 370 5
239 560 2
240 18 33
240 66 2
240 799 12
241 206 2
244 33 16
246 64 2
248 0 3
248 902 6
256 1 9
256 4 10
256 97 11
256 160 2
256 212 17
256 416 6
256 522 2
256 764 7
256 804 2
256 992 11
257 0 10
257 272 27
257 544 20
257 680 2
257 920 10
258 24 5
258 34 17
258 36 7
258 265 3
258 810 5
259 165 3
259 226 6
259 268 2
259 327 8
259 532 56
260 131 2
260 256 2
260 545 2
260 678 23
260 978 1474
261 67 2
261 72 4
261 356 21
261 995 2
262 32 3
262 134 2
262 256 5
262 906 7
262 1013 3
264 1 2
264 296 3
264 320 4
266 11 3
266 56 2
266 336 2
266 504 8
268 34 2
268 177 2
268 192 11
268 512 2
269 640 16
270 532 2
270 642 12
272 225 3
272 259 3
273 581 3
273 809 7
274 334 2
275 4 14
275 116 1369
276 288 2
276 392 9
276 628 2
276 661 2
277 128 9
279 901 2
280 36 2
280 674 1761
281 101 2
282 717 10
282 787 6
283 35 2
284 835 7
285 104 2
286 624 2
287 448 3
287 802 12
288 132 2
288 224 2
288 292 5
288 341 2
288 545 12
288 776 2
289 36 8
289 60 10
289 156 6
289 472 3
289 648 2
289 753 2
290 328 2
291 32 3
291 768 5
291 967 2
292 19 5
292 134 24
292 524 5
292 593 18
294 864 10
296 84 31
296 131 5
296 260 3
296 336 2
296 516 2
297 167 18
297 389 2
297 742 3
298 800 9
299 78 3
299 291 229
301 274 118
303 292 4
304 6 214
304 8 50
304 63 4
304 212 2
304 258 5
305 11 9117
305 163 2
306 550 2
307 514 120
308 583 2
308 832 11
310 936 13
314 109 10
314 156 4
316 452 3
318 914 2
320 29 2
320 407 2
320 468 16
320 641 2
320 720 2
321 4 11
321 262 14
321 337 3
321 1008 51
322 0 2
322 80 2
322 196 2
322 416 10
322 902 9
323 515 7
324 167 2
324 179 6
324 513 6710
325 6 547
325 74 28
325 614 3
325 720 16
326 11 6
326 32 2
329 836 3
330 204 4
331 512 6
332 643 8
334 265 177
334 288 4
336 18 5
336 632 2
337 352 2
337 833 3
339 42 4
340 0 5
340 106 22
340 704 8
340 763 5
342 168 13
342 536 20
344 676 4
345 32 2
345 992 2
347 11 9
347 149 4
347 296 3
347 313 7
348 395 4
349 12 11
352 419 48
352 514 6
352 680 3
352 794 20
353 138 5
353 389 163
356 800 7
357 641 12
357 690 11
358 3 2
358 168 2
358 197 5
360 555 2
360 732 2
360 784 6
361 266 14
361 316 3
362 34 3
363 162 12
363 424 2
368 49 21
368 738 3
375 77 10
379 333 6
381 531 3
382 562 2
384 5 2
384 312 2
384 423 12
384 457 2
384 481 4
384 531 2
384 597 2
384 692 2
385 2 5
385 75 3
385 213 3
386 275 2
386 846 3
387 147 39
387 545 8
388 332 2
390 566 2
392 336 2
392 674 29
393 461 13
394 80 2
394 590 2
395 4 4
395 558 5
395 647 2
396 6 2
396 915 6
397 518 2
398 943 53
400 21 3
401 16 248
401 58 10
401 932 11
402 68 2
402 80 12
402 769 2
403 98 5
404 209 18
407 591 9
408 66 3
408 405 4
408 576 2
409 66 4
409 417 8
409 888 8
410 520 21
411 20 2
412 6 5
413 640 2
415 101 3
416 292 4
419 62 2
419 844 4
420 288 6
420 424 13
420 545 2
422 736 2
423 651 32
425 161 13
425 776 2
426 644 4
427 580 10
428 194 7
428 620 5
428 880 2
430 8 3
430 68 18
430 203 3
433 197 2
433 398 2
437 2 15
441 21 274
442 146 12
442 691 2
448 655 2
452 48 17
452 512 2
452 513 4
453 368 2
454 634 9
455 640 38
456 105 2
456 376 7
456 774 4
457 906 29
458 101 2
460 462 24
461 901 3
462 516 12
463 916 3
464 265 2
465 531 2
465 761 5
465 902 3
467 211 13
467 300 3
469 425 19
472 801 9
473 6 2
473 600 2
473 800 2
480 665 2
480 731 2
480 928 2
481 288 2
482 64 34
488 269 14
488 334 15
489 64 4
496 433 2
504 267 11
505 332 5
506 706 2
512 1 4
512 36 2
512 52 3
512 153 7
512 173 16
512 438 2
512 453 2
512 514 2
512 522 3
512 685 2
512 936 3
513 42 15
513 47 2
513 65 2
513 100 4
513 112 2
513 304 7
513 315 288
513 640 7
513 644 2
514 4 260
514 160 2
514 522 9
514 780 3
515 598 2
516 33 2
516 72 10
516 357 13
516 385 2
516 555 7
516 582 2
516 605 2
516 779 9473
516 785 319
517 0 3
517 3 12
517 8 761
517 34 3
517 132 10
517 177 2
517 233 6
517 534 31
517 672 17
517 676 7
517 768 19
518 41 11
519 517 12
519 967 266
520 9 7
520 328 3
520 436 9
520 785 2
520 812 6
521 229 2
521 554 8
522 1 2
522 121 80
522 652 2
523 650 54
524 173 2
524 520 2
525 134 3
525 820 2
526 776 2
527 713 93
528 10 6
528 36 2
528 144 17
528 156 9
528 171 3
528 406 2
528 512 297
528 611 2
528 801 11
529 260 162
529 737 4
530 325 2640
530 522 2
532 11 2
532 134 26
532 292 6
532 550 11
533 5 3
533 787 8
534 425 3
534 786 3
534 928 6
536 902 2
537 99 4
537 138 2
537 478 4
538 74 13
538 820 4
540 481 5
544 21 2
544 24 6
544 151 23
544 160 8
544 416 2
544 429 9
544 536 4
544 551 4
544 718 37
545 209 27
545 226 2
545 520 7
545 914 2
546 2 2
546 263 6
546 612 5
546 758 52
546 900 5
547 427 7
547 577 2
548 169 2
548 512 118
549 647 22
550 36 2
551 4 3
551 40 8
552 136 2
553 102 4
554 4 5
554 137 2
555 418 9
556 409 7
557 15 34
557 557 4
559 557 2
560 18 8
560 96 2
560 354 11
561 444 2
561 521 3
561 993 4
562 977 127
563 20 10
564 28 9
564 656 6
564 659 2
565 105 2
566 44 2
569 522 9
571 100 5
571 457 8
572 64 9
573 797 3
574 18 5
574 533 2
576 76 10
576 133 2
576 228 9
576 525 4
576 547 2
576 607 2
577 236 26
578 26 4
578 96 2
578 554 2
578 572 2
578 575 16
579 136 2
579 789 2
580 64 15
580 528 3
580 598 2
581 645 15
582 633 7
583 129 2
585 208 12
585 354 34
585 389 2
586 64 126
587 608 2
589 389 17
590 276 3
590 300 3
590 520 2
592 585 3
595 557 5
596 33 2
596 91 7
597 387 4
599 92 5
599 176 4
600 115 3
600 573 24
600 575 24
601 335 2
601 431 5
602 480 2
604 913 2
605 80 2
606 281 220
606 807 2
607 288 2
607 393 32
608 176 47
608 185 5
608 522 2
608 576 4
608 648 10
609 28 9
609 210 6
609 225 2
609 768 4
610 24 2
611 125 4
614 936 20
616 81 2
616 450 2
616 806 2
618 70 9
618 1004 2
619 76 37
619 140 3
619 231 37
621 293 2
623 1000 27
624 579 2
625 5 5
625 261 2
626 104 3
626 114 23
626 528 3
626 608 2
627 3 2
627 418 4
627 769 22
627 977 183
628 76 3
629 446 38
629 528 6
631 24 447
632 18 3
637 73 19
640 16 4
640 421 2
640 938 2
640 952 75
642 512 3
642 562 6
642 724 3
644 387 21
644 756 5
644 769 13
645 4 3
645 963 3
646 289 2
648 76 2
648 210 8
648 369 2
648 694 12
648 769 2
649 48 6
650 108 62
650 216 2
650 953 2
651 290 2
652 594 2
654 565 258
655 384 4
655 761 2
656 3 2
656 370 9
656 833 5
657 79 2
658 10 2
658 26 2
660 36 7
660 85 3
661 608 8
662 374 16
664 781 2
665 3 3
665 260 4
668 163 2
668 464 12
668 749 3
670 515 3
672 1 2
672 64 2
672 514 2
672 717 5
673 104 5
674 288 2
675 257 2
675 470 4
677 121 1262
677 641 2
679 556 24
680 20 5
680 39 14
680 450 2
680 540 3
681 6 14
681 33 2
682 156 7
686 593 12
689 80 2
690 110 17
691 12 2
692 914 2
693 397 20
693 522 2
694 6 2
694 931 38
697 710 2
700 18 17
700 229 5
700 864 2
704 292 5
704 370 2
704 673 2
705 596 10
705 854 126
706 17 3
706 161 9
708 108 3
709 325 3
709 354 2
709 843 3
710 2 12
712 283 2
712 862 427
713 593 5
716 98 2
716 339 2
716 649 12
716 842 5
719 512 2
720 144 2
721 0 3
721 104 12
721 170 18
721 584 4106
722 100 7
722 258 21
722 393 2
722 464 3
723 142 29
724 20 5
725 44 2
725 65 6
726 322 7
727 200 10
728 227 2
728 350 2
728 712 2
729 578 2
732 834 2
736 24 4
737 25 16
740 778 5
741 45 62
741 260 5
744 280 4
744 762 5
745 63 2
746 386 42
746 536 116
751 506 2
752 786 8
754 32 2
759 130 4
760 40 292
760 220 7
768 68 7
768 226 8
768 326 9
768 502 8
768 608 7
768 738 4
768 926 5
769 277 8
769 640 10
769 773 5
770 67 4
770 663 4
771 128 6
772 0 2
772 130 2
774 8 2
774 936 8
775 921 4
776 101 4
776 155 12
776 697 2
777 6 2
777 84 85
777 200 17
777 539 3
777 554 2
777 641 2
778 330 42
778 389 2
780 16 5
780 552 2
780 707 2
781 222 10
781 496 5
782 226 2
784 514 4
784 549 248
784 604 7
785 45 5
785 257 2
786 914 3
787 199 7
788 324 3
792 540 4274
792 594 4
793 498 3
793 628 10
795 661 2
798 776 24
799 433 17
800 9 4
800 45 25456
800 97 4
801 34 3
802 660 7
803 512 6
804 433 2
804 779 9
805 387 2
806 43 2
806 232 22
806 326 17
806 480 3
808 302 2
808 526 23
808 777 7
808 945 6
810 17 7024
814 161 2
814 264 6
814 523 5
814 905 2
816 18 2
816 24 2
817 784 2
818 253 5780
821 236 3
822 211 3
824 609 103
832 16 2
832 21 2
832 43 146
832 304 2
832 518 2
833 999 15
834 0 8
834 32 2
834 104 46
834 148 5
834 912 2
835 264 3
835 583 6
836 485 18
840 96 2
840 106 2
840 800 2
842 200 3
843 939 93
844 584 2
845 561 2
845 624 2
848 313 11
848 391 3
849 792 8
849 1018 5
852 2 28
852 64 8
852 72 2
852 824 2
854 681 3
856 866 3
862 130 3
864 23 5
864 786 288
867 998 2
868 332 4
870 6 2
870 68 3
872 50 6
880 611 5
882 42 14
882 591 9
882 778 10
885 601 2
896 868 2
897 39 40
897 115 6
897 523 2
897 1002 13
898 699 5
899 537 39
899 736 3
902 131 2
902 420 2
903 339 222
904 112 2
904 231 2
904 888 6
905 196 9
906 137 6
906 210 13
908 456 7
911 10 2
912 2 6
912 129 2
914 669 2
916 777 2
917 912 3
921 272 9
922 8 4
924 33 8
928 516 3
928 518 10
929 257 24
929 316 4
930 547 3
930 720 8
931 657 7
932 274 16
934 94 6
938 316 13
940 512 8
947 568 65406
951 818 3
952 37 2
953 905 3
954 22 2
956 846 401
958 844 12
960 358 12
961 291 2
961 472 980
965 937 3
966 29 2
966 192 5
966 197 34
966 555 2
968 51 6
968 352 503
969 769 2
970 180 2
971 566 6
976 321 5
977 22 2
978 817 2
984 483 4
986 772 4
987 962 4
990 35 2
998 127 2
1000 260 4
1001 286 13
1002 652 475
1002 912 8
1004 129 13
1011 36 2
1013 316 8
1018 358 2
1020 371 11
1021 643 15
