0 4 3
0 17 2
0 18 2
0 47 4
0 112 2
0 135 3
0 150 11
0 156 3
0 166 2
0 215 3981
0 259 3
0 265 3
0 274 3
0 415 2
0 670 2
0 704 25
0 917 3
0 936 12
1 7 105
1 15 3
1 37 2
1 82 9
1 535 2
1 565 2
1 644 2
1 705 30
1 825 3
1 920 9
2 3 82
2 48 2
2 260 9
2 328 2
3 131 18
3 272 2
3 277 2
3 530 2
3 592 3
3 652 9
3 817 3
4 0 11
4 15 11
4 60 5
4 64 2
4 248 2
4 576 3
4 683 3
4 774 22
4 803 2
5 584 7
6 3 3
6 148 7
6 212 49
6 259 2
6 466 11
6 798 4
6 1002 4
7 110 6
7 237 2743
7 715 12
8 1 9
8 19 2
8 58 2
8 273 8
8 393 2
8 552 11
8 642 14
8 902 3
9 39 16
9 43 2
9 416 2
9 572 2
9 907 9
10 13 24
10 84 2
10 208 7
10 599 9
10 778 2
11 752 4
12 24 2
12 55 3
12 116 4
12 781 2
13 66 5
13 192 2
13 320 3
14 152 12
14 321 6
14 376 2
14 584 2
15 352 5
16 9 4
16 148 2
16 516 2
16 643 3
16 806 2
17 48 4
17 129 9
17 258 2
18 51 8
18 290 3
18 641 2
18 645 2
19 24 2
19 709 3
20 1 2
20 36 5
20 176 161
20 323 7
20 786 2
21 258 2
21 308 6
22 133 1711
22 320 2
23 770 2
24 9 8
24 786 6
25 523 5
26 20 9
26 22 2
26 109 4
27 130 2
27 549 10
28 146 17
28 203 16
28 624 25
28 647 5
29 1 5
29 532 3
30 21 18
30 129 149
30 588 7
31 561 11
32 72 33
32 196 11
32 204 3
32 211 2
32 276 27
32 388 18
32 414 6
32 721 10
32 803 4
32 848 2
32 960 2
33 2 2
33 3 3
33 26 7
33 31 12
33 64 19
33 276 3
33 277 2
33 320 11
33 544 2
33 785 2
33 945 19
34 292 2
34 663 2
34 720 13
34 800 470
35 65 5
36 12 2
36 48 2
36 266 2
36 288 3
36 320 2
36 448 6
36 555 10
36 705 3
36 858 9
37 13 2
37 364 19
37 520 3
37 640 2
37 673 21
38 1 3
38 544 12
39 48 303
39 520 216486
39 982 3
40 65 32
40 512 7
40 528 2189
40 645 6
40 761 3
40 980 16
41 321 2
41 987 2
42 42 6
42 140 2
42 329 3
42 411 2
42 778 5
44 10 324
44 47 3
44 430 3
45 50 2
45 74 48
45 615 5
45 844 14
46 57 26
47 80 3
47 1022 2
48 67 2
48 176 24
48 193 2
48 198 3
48 646 2
48 789 3
49 313 6
49 516 27
50 113 3
50 528 2
51 70 2
51 377 2
51 516 2
52 46 4
52 188 39113
52 285 4
52 390 2
52 899 2
53 146 2
53 245 2
54 112 7
54 718 654
55 278 15
56 89 6
56 472 7
56 560 8
57 33 2
58 113 2
58 470 3
59 58 19
59 292 2
59 453 2
60 3 11
60 5 5
60 112 49
61 648 2
62 521 6
62 612 17
64 1 3
64 41 3
64 192 2
64 194 2
64 272 12
64 370 2
64 465 6
64 481 5
64 686 30
64 780 2
65 25 4
65 61 2
65 96 3
65 104 3
65 118 7
65 571 109
65 614 3
66 140 4
66 545 2
67 16 11
67 20 23
67 37 7
67 73 4
67 482 2
68 153 2
68 192 3
68 226 4
68 284 3
68 322 2
68 576 6
69 138 43
69 466 3
69 529 2
69 572 2
70 109 13
70 212 9
70 642 7
70 646 2
70 672 29
71 1 3
72 65 2
72 961 2
73 640 2
73 870 8
73 999 6
74 512 3
74 1012 2
75 259 2
75 576 19
76 76 2
76 133 2
76 262 127
76 586 3
76 855 2
77 256 149
77 267 2
77 450 2
78 517 6
78 784 2
79 386 3
80 0 2
80 132 16
80 528 2
80 677 4
80 920 12
82 280 41
83 115 2
83 124 6
83 304 2
84 64 17
84 74 2
84 490 3
85 31 3
85 65 32
87 462 20
87 512 2
87 515 2
88 782 7
89 76 4
90 274 22
90 843 138
90 977 2
91 154 11
91 652 4
91 951 17
94 869 2
94 954 2
95 20 11
95 34 7
96 148 2
96 208 52
96 276 4
96 304 2
96 321 5665
96 356 16
96 547 22
96 776 6
96 820 5
97 18 5
97 130 10
97 144 3
97 167 10
97 286 111
97 525 2
98 14 2
98 401 199
98 671 2
98 928 13
99 117 2
99 134 2
99 249 4
100 752 2
101 124 102
101 599 2
102 78 2
102 166 3
104 26 2
104 64 105
104 132 30
104 313 11
104 512 2
104 673 3
105 296 14
105 779 6
106 516 4
106 652 1381
107 3 23
107 129 2
108 133 3
108 514 5
109 707 2
112 0 2
112 3 2
112 84 10
114 68 5
114 416 2
114 497 2
114 872 15
116 33 5
117 803 8
118 565 6624
119 446 2
119 836 5
120 76 4
122 294 2
124 348 212
128 10 3
128 58 2
128 200 6
128 208 34
128 320 25
128 362 2
128 433 6
128 628 2
128 770 2
128 806 13
129 37 4
129 39 3
129 88 3
129 163 11
129 584 2
130 78 2
130 272 2
130 368 2
130 520 2
130 532 5
130 540 224
130 980 3
132 17 2
132 137 5
132 372 2
132 516 2
132 713 26
132 916 2
133 614 2
134 208 2
134 224 4
134 377 2
134 390 7
134 768 8724
135 258 6
135 544 18
136 21 4
136 39 2
136 482 4
136 657 2
136 684 10
136 831 130
137 678 15
137 778 4
138 590 2
138 902 22
140 464 3
140 776 86
141 521 2
141 954 2
143 144 2
143 642 12
144 18 2
144 68 2
144 418 20
144 433 6
145 1 14
145 2 13
145 67 13
145 216 2
145 273 7
145 392 5
145 513 2
145 576 2
146 396 2
146 910 7
148 1 2
148 24 2
148 130 2
148 146 2
148 515 2
148 912 2
150 656 2
151 207 2
151 250 2
153 26 6
153 151 3
153 171 16
153 592 2
153 598 2
153 961 2
156 54 4
156 133 2
156 521 2
156 814 2
158 104 5
160 34 2
160 81 4
160 644 7
160 801 2
161 21 4
161 40 12
161 376 26
161 524 19
162 160 2
162 306 7
163 601 2
164 34 3
164 38 6
164 280 18
164 329 4
164 481 2
164 636 6
164 646 2
167 104 2
167 384 2
167 712 2
168 52 2
168 68 4
168 98 2
168 480 57
169 25 4
171 810 2
172 32 10
173 261 28
174 493 9
174 582 13
176 32 4
176 916 2
176 932 34
177 128 3
180 19 5
180 973 20
181 331 5
181 964 2
182 728 2
184 141 2
184 664 2
186 272 9
187 800 14
192 52 3
192 392 9
192 524 11
192 536 4
192 898 3
192 904 23
192 999 9
193 28 2
193 120 5
193 131 2
193 375 2
193 422 4
193 775 4
196 81 2
197 769 11
198 3 2
198 812 10
200 146 2
200 577 5
201 140 2
202 11 16
204 520 2
205 457 2
206 80 5
208 12 2
208 88 17
208 534 2
209 513 2
212 34 1228
212 112 9
212 262 18
212 285 2
212 673 5
213 64 4
214 585 4
216 138 21
219 389 3
220 176 64
222 532 25
225 948 2
226 35 4
226 157 2
227 336 3
228 294 25
230 9 2
231 261 2
231 290 2
232 5 3
232 65 8
232 80 2
232 130 2
233 912 5
233 973 2
234 848 13
235 281 12
235 645 44
237 91 7
238 620 2
238 642 20
239 370 40
239 560 2
240 914 7
241 245 2
244 356 40
245 705 2
248 0 8
250 46 4
256 4 5
256 5 19
256 69 2
256 160 3
256 212 2
256 416 2
256 512 4
256 522 2
256 616 7
256 705 2
257 0 3
257 268 4
257 272 13
257 544 2
257 806 2
257 912 7
258 34 2
258 36 2
258 138 23
258 880 9
259 7 3
259 100 2
259 226 12
260 131 2
260 256 2
260 522 4
260 545 205
260 678 2
260 978 4
261 8 2
261 72 2
261 672 16
261 995 2
262 32 35
262 134 3
262 193 13
262 1013 2
264 1 4
264 4 4
264 296 60
264 568 3
265 632 2
266 11 3
266 336 2
266 504 9
267 523 17
267 581 3
268 12 7
268 34 4
268 512 2
268 524 2
269 640 2
270 642 3
272 208 5
272 225 6
272 259 22
272 520 10
272 640 2
273 47 2
273 693 2
273 809 34
273 903 3934
274 98 2
274 334 15
275 16 40
275 116 37
275 133 2
275 401 7
275 485 3
275 512 2
276 288 5
276 392 3
276 628 14
277 8 2
277 128 5
279 901 2
280 36 11
280 600 3
280 674 2
282 576 2
282 717 2
283 35 5
285 104 7
287 802 2
288 47 14
288 50 2
288 224 13
288 292 3
288 545 8
289 156 3
289 468 360
289 753 2
289 788 31
290 0 12
290 328 405
290 388 3
291 32 2
291 610 6
291 768 82
291 967 2
292 593 2
293 256 11
294 742 12
294 864 2
296 84 13
296 131 2
296 336 5
296 409 2
297 389 8
297 544 2
298 75 11
298 800 7
299 78 2
299 291 2
300 140 270
301 274 109
303 292 3
304 6 2
304 42 2
304 106 10
304 212 2
304 258 61
305 11 3
305 163 2
305 576 7
306 36 3
308 21 2
308 640 12
308 692 9
308 848 12
309 774 18
310 936 6
312 514 4
314 376 16
318 532 4
320 315 8
320 407 36
320 428 15
320 641 2
321 4 4
321 262 4
321 1008 6
322 80 2
322 272 2
322 416 2
322 902 2
323 360 4
323 515 14
324 106 2
324 179 27
324 200 2
324 530 9
325 6 73
325 74 70
325 145 3
326 11 7
326 16 9
326 32 2
326 443 7
327 675 12
327 698 5
329 35 11
329 836 5
330 8 14
331 512 6
332 643 7
334 265 27
334 288 10
335 83 2
336 18 2
336 576 12
336 632 2
337 352 181
337 768 8
337 833 31
338 33 2
338 160 10
339 42 17
340 0 2
340 106 2
342 15 14
342 168 18
342 536 13
343 475 2
344 676 7
345 992 8
346 11 17
346 89 11
347 149 34
348 128 3
348 395 2
352 419 2
352 794 22
352 860 76
353 138 758
353 389 2
354 30 3
354 836 17
354 969 7
355 134 430
356 800 2
357 433 2
357 641 38
357 690 3
358 168 2
360 555 2
360 732 13
361 266 3
361 316 22
363 162 29
364 740 14
366 657 2
368 738 7
371 112 3
371 705 2
372 352 13
375 77 4
376 193 4
379 333 2
380 339 20
382 562 10
384 6 2
384 156 7
384 168 2
384 312 2
384 332 2
384 423 9
384 481 5
384 531 2
384 571 12
384 962 2
385 2 2
385 213 2
385 214 2
385 513 6
385 563 13
386 158 2
386 160 26
386 206 9
386 275 1249
386 846 6
386 849 9
387 147 41
387 1016 4
388 332 4
390 566 8
391 8 5
391 461 2
391 800 61
392 38 25
392 336 2
394 590 2
396 6 2
396 546 2
396 915 15
397 132 2
397 305 5
398 943 2
399 9 8
400 10 3
400 21 11
400 712 2
401 16 4
401 58 9
401 673 2
401 932 4
402 769 2
403 20 2
404 209 11
404 298 2
405 160 7
406 677 3
408 66 9
408 576 17
409 66 2
409 105 13
409 417 146
409 888 6
413 640 6
415 101 4
416 52 2
416 279 21
416 531 2
419 62 12
419 844 2
420 32 4
420 114 119
420 288 2
420 538 5
421 400 17
422 736 7
423 651 2
425 776 5
428 32 6
428 194 2
428 880 2
430 8 6
436 597 11
437 2 13
441 21 8
442 691 10
448 92 2
450 450 2
452 48 2
452 136 3
452 513 10
453 368 2
453 661 2
454 9 13
454 437 4
454 634 4
454 782 2
455 640 238
456 376 12
456 774 11
458 101 2
460 462 2
460 566 2
461 625 2
461 901 11
463 916 3
464 265 3
464 928 2
465 531 4
465 761 19
467 211 19
469 425 2
470 713 12
472 256 632
473 600 2
480 0 4
480 731 4
480 928 18
481 288 2
481 416 31
482 208 4
482 285 57
483 276 260
485 134 2
488 269 297
488 334 2
488 565 94
501 519 4
512 1 3
512 5 3
512 52 3
512 96 2
512 266 2
512 420 2
512 453 4
512 514 5
513 65 12
513 112 17
513 340 6
513 640 5
514 160 454
514 572 13
515 157 5
515 598 11
516 169 6
516 357 4
516 385 10
516 555 26
516 779 9
516 785 2
517 0 32
517 8 16
517 34 4
517 177 5
517 281 2
517 676 2
517 768 2
518 41 2
519 517 6
519 944 86
520 328 38
520 896 2
521 81 8
521 229 26
521 450 3357
521 554 2
521 560 2
521 609 4
522 1 3
522 234 2
522 549 81
522 652 3
524 159 140
524 173 3
525 134 2
526 776 14
527 713 5
528 33 38
528 36 2
528 97 32
528 156 8
528 344 6
528 512 2
528 580 5
528 582 5
528 611 25
528 720 116
529 423 2
529 517 25
529 520 98
529 737 7
530 20 13
530 86 2
530 132 87
530 278 3
530 522 3
530 696 10
532 292 2
532 853 16
533 37 2
533 787 4
534 6 5
534 928 2
534 932 2
535 10 86
536 412 5
537 138 5
537 478 3
538 74 104
540 256 6
540 481 2
541 344 5
544 6 34
544 21 2
544 151 1690
544 401 8
544 416 2
544 429 8792
544 718 7
545 209 17
545 520 17
546 2 4
546 4 17
546 900 3
547 427 2
547 577 30
548 512 11
548 577 7
549 97 13
549 146 5
552 656 6
553 36 2
554 137 5
554 296 21
556 409 19
557 6 9
557 15 6
557 400 2
557 512 22
559 557 19
560 32 2
560 96 32
560 168 2627
561 10 23
561 444 2
561 521 3
561 786 13
561 993 2
562 162 2
562 977 3
562 992 2
563 20 2
563 410 2
564 656 2
564 659 2
566 132 40
567 793 17
569 385 5
571 100 17
571 457 3
572 36 4
572 777 2
574 533 2
576 4 10
576 133 2
576 172 2
576 193 15
576 228 26
576 371 3
576 525 3
577 72 29
577 236 7
577 661 5
578 26 795
578 96 2
578 136 30
578 554 2
578 572 3
579 80 11
579 621 3
580 64 2
580 598 2
583 129 5
584 833 6
585 64 5
585 208 5
585 217 3
585 354 2
585 389 2
586 658 6
587 608 3
588 784 10
590 276 6
590 788 2
591 147 1016
592 528 2
592 566 22
592 585 22
595 557 2
596 11 6
596 33 27585
596 91 3
596 154 3
597 387 2
599 176 4
600 115 10
600 562 7
600 573 2
601 431 8
604 913 7
604 1006 36
605 80 2
607 288 13
607 393 19
608 176 12
608 522 2
608 576 2
608 648 2
609 210 2
609 225 2
609 768 2
610 24 9
612 534 3
616 450 2
616 806 2
617 908 14
618 1004 2
619 76 12
619 140 16
619 231 2
621 293 2
623 1000 23277
624 579 8
625 5 2
625 261 16
626 8 7
626 528 20098
626 608 3
627 418 2
627 769 2
629 446 20
631 24 11
632 18 2
633 812 13
635 546 18
638 161 16
640 4 5
640 6 2
640 16 53
640 160 5
640 246 13
640 258 2
640 421 17
640 732 5
640 952 2
642 562 2
642 724 2
644 387 13
644 660 6
644 769 4
645 195 4
645 963 2
648 76 9
648 98 5
648 369 140
649 4 2
650 216 2
651 290 6
652 594 8
654 129 2
654 565 4
655 761 2
656 3 16
656 259 2
656 278 7
656 370 342
658 10 3
658 226 2
658 640 9
660 36 10
660 85 48
660 648 4
661 244 2
664 16 15
667 587 17
668 163 8
668 749 2
670 515 20
672 1 21
672 64 12
672 129 2
672 608 10
673 104 2
674 288 1056
674 401 9
675 257 2
675 470 2
676 52 6
678 237 3
679 556 14
680 20 10
680 39 2
680 105 2
680 450 3
682 14 4
682 156 11
683 278 13
686 593 4
688 385 9
689 80 2
690 110 2
691 12 11
692 260 285
692 914 3
693 397 2
693 522 10
694 768 2
694 931 5
700 18 2
700 229 2
700 864 9
701 941 2
704 34 2
704 135 2
704 370 3
704 514 6
704 673 2
705 596 8
706 17 9
706 161 5
708 108 2
709 325 3
709 354 2
709 843 18
710 2 45
711 19 2
712 35 9
712 283 4
712 294 6
713 593 3
716 339 111
719 512 2
720 7 11
720 144 267
720 803 2
721 0 7
721 104 3
721 170 2
721 323 16
722 100 10
722 146 26
722 258 2
722 393 5
723 142 14
724 596 2
726 322 7
727 200 32
728 350 1188
728 712 7
732 834 2
737 288 14
740 235 28
740 778 2
741 260 7
742 97 31
744 124 5
752 786 2
754 32 4
759 130 3
760 40 13
760 220 12
763 668 2
765 513 2
768 68 3
768 226 2
768 326 2
768 608 11
768 736 10
769 34 10
769 640 6
769 773 5
770 67 2
771 128 13
771 800 2
772 130 17
774 8 2
774 936 55
775 921 2
776 586 5
777 6 86
777 200 15
777 539 2
777 554 2
777 608 9
777 641 3
778 330 5
780 16 2
780 193 6
780 707 3
780 901 2
781 222 10
782 226 17
784 569 7
784 634 2
784 841 3
785 257 2
786 521 2
787 199 2
788 25 2
792 274 7
792 540 18
792 594 3
795 422 17
795 661 2
798 776 2
799 433 3
800 45 2
800 73 26
800 97 2
800 824 3
801 34 2
801 592 27
802 769 10
804 0 6
804 104 4
804 779 10
805 387 2
805 781 2
806 134 6
806 326 2
808 526 2
808 945 98
810 17 10
810 416 3
812 778 221
814 161 17
814 264 9
814 523 6
816 18 5
816 24 9
818 253 5
821 236 6
822 211 3
824 609 3
832 16 7
832 21 901
832 328 2
832 427 2
834 0 6
834 104 37
834 148 2
834 912 2
835 392 2
835 583 2
836 86 11
842 200 2
843 939 12
844 584 2
848 90 9
848 188 13
848 899 2
849 792 14
849 1018 3
851 195 8
856 256 18
863 516 2
864 23 2
864 786 17
873 9 2
874 360 76
880 611 5
882 42 10
882 591 9
882 778 8
885 601 8
894 392 14
896 868 8
900 4 2
900 313 11
902 131 4
902 420 9
903 339 6
904 112 6
904 552 2
904 929 59
906 137 56
906 194 2
906 210 2
906 328 3
908 456 2
911 10 2
911 896 7
912 85 3
912 388 2
914 776 2
914 968 12
917 912 12
918 0 2
920 200 4
921 320 4
922 8 2
924 33 7
924 196 4
928 64 77
928 384 22
929 257 6
929 316 10
930 720 2
931 230 5
931 657 3
932 783 9
933 657 2
934 94 101334
938 261 5
946 205 2
948 9 6
952 37 2
953 905 4
954 22 4
958 844 4
961 291 21
961 472 2
961 481 6
963 130 7
965 937 2
966 29 4
966 197 14
970 180 2
976 321 2
977 22 9
977 549 2
984 324 9
985 268 4
986 772 2
988 366 2
990 35 33
996 36 20
996 836 2
998 179 15
1003 684 17
1013 316 3
1018 358 2
1020 371 2
1020 385 3
