0 4 2
0 17 2
0 18 17
0 47 21
0 112 211
0 135 19
0 150 15
0 156 9
0 166 8
0 215 405
0 259 20
0 265 12
0 274 5
0 415 3
0 670 2
0 704 2
0 917 2
0 936 5
1 7 2
1 15 34
1 37 211
1 82 7
1 535 219
1 565 2
1 644 2
1 705 2
1 825 6
1 920 5
2 3 9
2 48 6
2 260 4
2 328 2
3 131 18
3 272 14
3 277 4
3 530 15
3 592 4
3 652 2
3 817 2
4 0 9
4 15 2
4 60 6
4 64 2
4 248 2
4 576 2
4 683 4
4 774 2
4 803 6
5 584 2
6 3 2
6 148 33
6 212 21
6 259 24
6 466 2
6 798 2
6 1002 6
7 110 8
7 237 2
7 715 6
8 1 7
8 19 2
8 58 6
8 273 4
8 393 68
8 552 7
8 642 12
8 902 2
9 39 24
9 43 4
9 416 12
9 572 1661
9 907 2
10 13 2
10 84 2
10 208 6
10 599 17
10 778 2
11 752 2
12 24 8
12 55 5
12 116 7
12 781 3
13 66 14
13 192 4
13 320 2
14 152 11
14 321 2
14 376 2
14 584 3
15 352 2
16 9 11
16 148 1601
16 516 2
16 643 2
16 806 7
17 48 15
17 129 2
17 258 3
18 51 2
18 290 14
18 641 16
18 645 5
19 24 238
19 709 19
20 1 2
20 36 8
20 176 67
20 323 7
20 786 7
21 258 2
21 308 3
22 133 2
22 320 9
23 770 4
24 9 8
24 786 4
25 523 2
26 20 26
26 22 2
26 109 110
27 130 2
27 549 6
28 146 13
28 203 8
28 624 4
28 647 2
29 1 4
29 532 2
30 21 2
30 129 2
30 588 2
31 561 15
32 72 6
32 196 2
32 204 3
32 211 2
32 276 2
32 388 16
32 414 11
32 721 5
32 803 3
32 848 2
32 960 16
33 2 8
33 3 2
33 26 6
33 31 2
33 64 33
33 276 6
33 277 2
33 320 7
33 544 10
33 785 2
33 945 60
34 292 5
34 663 128
34 720 13
34 800 4
35 65 5
36 12 17
36 48 2
36 266 2
36 288 6
36 320 3
36 448 2
36 555 28
36 705 2
36 858 5
37 13 5
37 364 10
37 520 2
37 640 73
37 673 2
38 1 16
38 544 11
39 48 70
39 520 2
39 982 152
40 65 2
40 512 9
40 528 10
40 645 2
40 761 3
40 980 14
41 321 5
41 987 42
42 42 8
42 140 13
42 329 4
42 411 16
42 778 14
44 10 3
44 47 6
44 430 7
45 50 2
45 74 2
45 615 17
45 844 27
46 57 3
47 80 4
47 1022 2
48 67 11
48 176 10
48 193 4
48 198 5
48 646 4
48 789 24
49 313 8
49 516 20
50 113 4
50 528 2
51 70 2
51 377 5
51 516 3
52 46 7
52 188 2
52 285 50
52 390 16
52 899 2
53 146 54
53 245 3
54 112 2
54 718 3
55 278 15
56 89 31
56 472 8
56 560 12
57 33 8
58 113 5
58 470 2
59 58 7
59 292 11
59 453 4
60 3 16
60 5 8
60 112 3006
61 648 3
62 521 2
62 612 22
64 1 2
64 41 6
64 192 174
64 194 46
64 272 18
64 370 6
64 465 5
64 481 2
64 686 2
64 780 17
65 25 2
65 61 148
65 96 3
65 104 2
65 118 4
65 571 2
65 614 3
66 140 6
66 545 3
67 16 4
67 20 3
67 37 9
67 73 4
67 482 3
68 153 2
68 192 4
68 226 2
68 284 64
68 322 84
68 576 2
69 138 2
69 466 2
69 529 2
69 572 9
70 109 2
70 212 5
70 642 7
70 646 3
70 672 9
71 1 2
72 65 10
72 961 2
73 640 2
73 870 2
73 999 5
74 512 5
74 1012 2
75 259 5
75 576 2
76 76 2
76 133 2
76 262 349
76 586 10
76 855 6
77 256 2
77 267 146
77 450 2
78 517 10
78 784 2
79 386 2
80 0 2
80 132 38
80 528 6
80 677 3
80 920 5
82 280 14
83 115 2
83 124 2
83 304 5
84 64 3
84 74 21
84 490 10
85 31 11
85 65 6
87 462 11
87 512 8
87 515 2
88 782 5
89 76 2
90 274 28
90 843 2
90 977 2
91 154 2
91 652 2
91 951 4
94 869 2
94 954 22
95 20 4
95 34 3
96 148 4
96 208 28
96 276 2
96 304 2
96 321 18
96 356 5
96 547 2
96 776 19
96 820 13
97 18 15
97 130 3
97 144 2
97 167 5
97 286 73
97 525 3
98 14 2
98 401 2
98 671 6
98 928 3
99 117 4
99 134 11
99 249 5
100 752 54
101 124 2
101 599 7202
102 78 2
102 166 2
104 26 37
104 64 4
104 132 38
104 313 25
104 512 2
104 673 3
105 296 7
105 779 2
106 516 2
106 652 2
107 3 11
107 129 3
108 133 2
108 514 2
109 707 2050
112 0 2
112 3 2
112 84 9
114 68 2
114 416 280
114 497 2
114 872 12
116 33 6
117 803 4
118 565 964
119 446 2
119 836 7
120 76 11
122 294 2
124 348 102
128 10 2
128 58 19
128 200 10
128 208 2
128 320 2
128 362 10
128 433 3
128 628 2
128 770 53
128 806 6
129 37 2
129 39 12
129 88 6
129 163 80
129 584 8
130 78 2
130 272 2
130 368 2
130 520 4
130 532 21
130 540 14
130 980 2
132 17 2
132 137 6
132 372 2
132 516 103
132 713 15
132 916 2
133 614 2
134 208 1800
134 224 2
134 377 26
134 390 3
134 768 2
135 258 18
135 544 51084
136 21 2
136 39 2
136 482 5
136 657 2
136 684 13
136 831 2
137 678 2
137 778 7
138 590 129
138 902 5
140 464 3
140 776 3
141 521 12
141 954 29
143 144 4
143 642 10
144 18 3
144 68 75
144 418 8
144 433 2
145 1 3
145 2 2
145 67 17
145 216 47
145 273 36
145 392 25
145 513 2
145 576 2
146 396 140
146 910 6
148 1 9
148 24 2
148 130 64
148 146 2
148 515 2
148 912 2
150 656 80
151 207 12
151 250 5
153 26 15
153 151 7
153 171 2
153 592 11
153 598 92
153 961 6
156 54 4
156 133 11
156 521 3
156 814 27
158 104 2
160 34 7
160 81 11
160 644 10
160 801 5
161 21 11
161 40 2
161 376 3
161 524 4
162 160 2
162 306 12
163 601 2
164 34 12
164 38 21
164 280 3
164 329 12
164 481 2
164 636 40
164 646 2
167 104 2
167 384 9
167 712 182
168 52 3
168 68 17
168 98 3
168 480 2521
169 25 4
171 810 2
172 32 15
173 261 2
174 493 2
174 582 33
176 32 5
176 916 4
176 932 23427
177 128 20
180 19 2
180 973 3
181 331 15
181 964 2
182 728 1327
184 141 8
184 664 2
186 272 11
187 800 18
192 52 2
192 392 26
192 524 9
192 536 2
192 898 14
192 904 5
192 999 12
193 28 4
193 120 3
193 131 4
193 375 21
193 422 4
193 775 11
196 81 2
197 769 6
198 3 2
198 812 2
200 146 2
200 577 11
201 140 5
202 11 3
204 520 2
205 457 22
206 80 31
208 12 18
208 88 10
208 534 2
209 513 58
212 34 3
212 112 37
212 262 5
212 285 2
212 673 2
213 64 8
214 585 7
216 138 4
219 389 11
220 176 2
222 532 12
225 948 2
226 35 2
226 157 2
227 336 10
228 294 2
230 9 2
231 261 2
231 290 278
232 5 2
232 65 11
232 80 8
232 130 7
233 912 2
233 973 2
234 848 11
235 281 2
235 645 2
237 91 8
238 620 2
238 642 2
239 370 2
239 560 3
240 914 38
241 245 13
244 356 2
245 705 20
248 0 5
250 46 2
256 4 14
256 5 5
256 69 5
256 160 2
256 212 6
256 416 30
256 512 5
256 522 2
256 616 12
256 705 256
257 0 3
257 268 3
257 272 2
257 544 2
257 806 57
257 912 16
258 34 10
258 36 2
258 138 18
258 880 10
259 7 3
259 100 38
259 226 8
260 131 19
260 256 9
260 522 2
260 545 561
260 678 2
260 978 2
261 8 9
261 72 7
261 672 37
261 995 36
262 32 2
262 134 19
262 193 6
262 1013 4
264 1 3
264 4 2
264 296 2
264 568 2
265 632 2
266 11 52
266 336 2
266 504 2
267 523 14
267 581 2
268 12 5
268 34 2
268 512 2
268 524 2
269 640 2
270 642 6
272 208 9
272 225 2
272 259 5
272 520 16
272 640 9
273 47 2
273 693 2
273 809 13
273 903 2
274 98 2
274 334 54
275 16 13
275 116 5
275 133 2
275 401 16
275 485 2
275 512 2
276 288 2
276 392 2
276 628 4
277 8 2
277 128 2
279 901 2
280 36 10
280 600 3
280 674 2
282 576 4
282 717 2
283 35 9
285 104 17
287 802 2
288 47 2
288 50 2
288 224 5
288 292 3
288 545 21
289 156 2
289 468 2
289 753 2
289 788 12
290 0 8
290 328 2
290 388 2
291 32 2
291 610 2
291 768 16
291 967 2
292 593 2
293 256 4
294 742 3
294 864 4
296 84 4
296 131 1797
296 336 5
296 409 5
297 389 11
297 544 1954
298 75 7
298 800 11
299 78 2
299 291 2
300 140 17
301 274 10503
303 292 2
304 6 2
304 42 9
304 106 2
304 212 3
304 258 4
305 11 5
305 163 11
305 576 8
306 36 4
308 21 2
308 640 3
308 692 4
308 848 16
309 774 2
310 936 5
312 514 13
314 376 2
318 532 7
320 315 10
320 407 35
320 428 2
320 641 8
321 4 20
321 262 2
321 1008 4
322 80 2
322 272 2
322 416 2
322 902 2
323 360 8
323 515 8
324 106 262
324 179 30
324 200 14
324 530 13
325 6 2
325 74 2
325 145 2
326 11 2
326 16 4
326 32 5
326 443 3
327 675 5
327 698 13
329 35 12
329 836 21
330 8 13
331 512 3
332 643 7
334 265 20
334 288 26
335 83 3
336 18 37
336 576 10
336 632 2
337 352 2
337 768 2
337 833 42
338 33 9
338 160 9
339 42 20
340 0 2
340 106 6
342 15 2
342 168 4
342 536 11
343 475 2
344 676 21
345 992 14
346 11 5
346 89 5
347 149 7
348 128 2
348 395 56
352 419 3
352 794 389
352 860 3
353 138 122
353 389 3
354 30 26
354 836 13
354 969 2
355 134 108
356 800 20
357 433 2
357 641 2
357 690 4
358 168 2
360 555 2
360 732 4
361 266 2
361 316 7
363 162 3
364 740 2
366 657 46
368 738 3
371 112 7
371 705 2
372 352 3
375 77 2
376 193 11
379 333 2
380 339 2
382 562 18
384 6 2
384 156 5
384 168 2
384 312 9
384 332 7
384 423 3
384 481 68
384 531 9
384 571 12
384 962 2
385 2 3
385 213 5
385 214 2
385 513 2
385 563 2
386 158 28774
386 160 2
386 206 17
386 275 2
386 846 4
386 849 8
387 147 115
387 1016 48
388 332 14
390 566 23
391 8 5
391 461 30871
391 800 2
392 38 14
392 336 2
394 590 2
396 6 6
396 546 2
396 915 2
397 132 3
397 305 8
398 943 2
399 9 16
400 10 16
400 21 5
400 712 11
401 16 2
401 58 15
401 673 626
401 932 15
402 769 2
403 20 88
404 209 6
404 298 2
405 160 4
406 677 2
408 66 15
408 576 19
409 66 2
409 105 2
409 417 4
409 888 2
413 640 3
415 101 3
416 52 16
416 279 2
416 531 3
419 62 2
419 844 2
420 32 4
420 114 5
420 288 2
420 538 12
421 400 2
422 736 22
423 651 13
425 776 3
428 32 9
428 194 4
428 880 2
430 8 8
436 597 9
437 2 156
441 21 33
442 691 2
448 92 2
450 450 2
452 48 2
452 136 3
452 513 9
453 368 2
453 661 2
454 9 4
454 437 15
454 634 5
454 782 2
455 640 49
456 376 13
456 774 109
458 101 2
460 462 6
460 566 6
461 625 30
461 901 5
463 916 2
464 265 2
464 928 3
465 531 6
465 761 10
467 211 26
469 425 2
470 713 20
472 256 2
473 600 2
480 0 24
480 731 4
480 928 10
481 288 791
481 416 10
482 208 6
482 285 4
483 276 5
485 134 10
488 269 27
488 334 2
488 565 29
501 519 4
512 1 6
512 5 7
512 52 3
512 96 2
512 266 2
512 420 2
512 453 2
512 514 8
513 65 2
513 112 16
513 340 4
513 640 2
514 160 2
514 572 2
515 157 2
515 598 2
516 169 4
516 357 24
516 385 2
516 555 26
516 779 5
516 785 2
517 0 2
517 8 46
517 34 4
517 177 36
517 281 26
517 676 3
517 768 15
518 41 17
519 517 3
519 944 36
520 328 2
520 896 6
521 81 14
521 229 8
521 450 2
521 554 2
521 560 4
521 609 10
522 1 5
522 234 2
522 549 2
522 652 6
524 159 2
524 173 21
525 134 2
526 776 20
527 713 2
528 33 6
528 36 2
528 97 19
528 156 6
528 344 2
528 512 7
528 580 2
528 582 3
528 611 3
528 720 90
529 423 3
529 517 3
529 520 19
529 737 26
530 20 5
530 86 8
530 132 2
530 278 9
530 522 2
530 696 9
532 292 7
532 853 5
533 37 2
533 787 2
534 6 212
534 928 2
534 932 3
535 10 3
536 412 9
537 138 2
537 478 5
538 74 6
540 256 2
540 481 9
541 344 18
544 6 14
544 21 10
544 151 2
544 401 9
544 416 2
544 429 410
544 718 2
545 209 4082
545 520 2
546 2 14
546 4 9
546 900 2
547 427 2
547 577 2
548 512 4
548 577 5
549 97 6
549 146 6
552 656 2
553 36 4
554 137 6
554 296 47
556 409 27
557 6 9
557 15 19
557 400 2
557 512 8
559 557 2
560 32 2
560 96 2
560 168 2
561 10 20
561 444 3
561 521 18
561 786 2
561 993 119
562 162 865
562 977 2
562 992 2
563 20 5
563 410 3
564 656 6
564 659 86
566 132 6
567 793 5
569 385 4
571 100 27
571 457 6
572 36 17
572 777 554
574 533 2
576 4 12
576 133 15
576 172 10
576 193 14
576 228 2
576 371 8
576 525 5
577 72 10
577 236 8
577 661 15
578 26 2
578 96 2
578 136 16
578 554 2
578 572 5
579 80 9
579 621 2
580 64 14
580 598 3
583 129 4
584 833 3
585 64 4
585 208 4
585 217 5
585 354 2
585 389 5
586 658 1235
587 608 5
588 784 23
590 276 2
590 788 2
591 147 2
592 528 2
592 566 31
592 585 9
595 557 84
596 11 3
596 33 2
596 91 4
596 154 5
597 387 2
599 176 2
600 115 7
600 562 13
600 573 133
601 431 5
604 913 2
604 1006 30
605 80 2
607 288 3
607 393 5
608 176 9
608 522 3
608 576 102
608 648 19
609 210 81
609 225 3
609 768 27
610 24 20
612 534 23
616 450 521
616 806 213
617 908 36
618 1004 2
619 76 3
619 140 3
619 231 2
621 293 11
623 1000 56
624 579 4
625 5 2
625 261 9
626 8 3
626 528 2882
626 608 5
627 418 4
627 769 36
629 446 4
631 24 2
632 18 2
633 812 6
635 546 4
638 161 4
640 4 2
640 6 2
640 16 9
640 160 2
640 246 19
640 258 5
640 421 30
640 732 68
640 952 2
642 562 76
642 724 3
644 387 24
644 660 6
644 769 26
645 195 2
645 963 2
648 76 4
648 98 5
648 369 12
649 4 3
650 216 9
651 290 19
652 594 3
654 129 2
654 565 9
655 761 2
656 3 2
656 259 13
656 278 3
656 370 2
658 10 2
658 226 2
658 640 4
660 36 11
660 85 7
660 648 16
661 244 3
664 16 15
667 587 5
668 163 18
668 749 2
670 515 5
672 1 10
672 64 13
672 129 2
672 608 6
673 104 255
674 288 2
674 401 3
675 257 24
675 470 2
676 52 6
678 237 3
679 556 2
680 20 6
680 39 4
680 105 4
680 450 2
682 14 14
682 156 35
683 278 2
686 593 8
688 385 5
689 80 4
690 110 32
691 12 3
692 260 4
692 914 2
693 397 3
693 522 8
694 768 37
694 931 2
700 18 7
700 229 3
700 864 4
701 941 2
704 34 2
704 135 3
704 370 16
704 514 4
704 673 2
705 596 2
706 17 11
706 161 14
708 108 3
709 325 7
709 354 2
709 843 14
710 2 5
711 19 7
712 35 73
712 283 3
712 294 3
713 593 7
716 339 2
719 512 2
720 7 5
720 144 38
720 803 4
721 0 4
721 104 2
721 170 18
721 323 28
722 100 25
722 146 22
722 258 5
722 393 3
723 142 4
724 596 7
726 322 20
727 200 17
728 350 4
728 712 2
732 834 3
737 288 7
740 235 2
740 778 2
741 260 3
742 97 3
744 124 12
752 786 112
754 32 5
759 130 12
760 40 14
760 220 3
763 668 2
765 513 2
768 68 16
768 226 2
768 326 289
768 608 2
768 736 15
769 34 7
769 640 19
769 773 14
770 67 9
771 128 6
771 800 2
772 130 2
774 8 162
774 936 2
775 921 2
776 586 14
777 6 2
777 200 10
777 539 30
777 554 6
777 608 9
777 641 23
778 330 2
780 16 2
780 193 16
780 707 2
780 901 2
781 222 5
782 226 47
784 569 14
784 634 7
784 841 9
785 257 2
786 521 2
787 199 9
788 25 2
792 274 6
792 540 3
792 594 2
795 422 11
795 661 2
798 776 6
799 433 15
800 45 2
800 73 11
800 97 1048
800 824 2
801 34 4
801 592 2
802 769 7
804 0 10
804 104 15
804 779 15
805 387 4
805 781 2
806 134 3
806 326 2
808 526 7
808 945 2
810 17 3
810 416 2
812 778 2
814 161 3
814 264 3
814 523 5
816 18 3
816 24 2
818 253 6
821 236 7
822 211 12
824 609 2
832 16 16
832 21 198780
832 328 2
832 427 14
834 0 2
834 104 4
834 148 5
834 912 2
835 392 2
835 583 11
836 86 5
842 200 2
843 939 4
844 584 11
848 90 2
848 188 5
848 899 2
849 792 5
849 1018 6
851 195 4
856 256 36
863 516 4
864 23 5
864 786 6
873 9 5
874 360 31
880 611 7
882 42 7
882 591 15
882 778 9
885 601 5
894 392 2
896 868 12
900 4 2
900 313 213
902 131 11
902 420 11
903 339 11
904 112 2
904 552 3
904 929 2
906 137 2
906 194 6
906 210 2
906 328 26
908 456 2
911 10 5
911 896 2
912 85 7
912 388 2
914 776 2
914 968 7
917 912 9
918 0 133
920 200 9
921 320 3
922 8 420
924 33 3
924 196 30
928 64 5
928 384 4
929 257 2
929 316 2
930 720 2
931 230 8
931 657 9
932 783 7
933 657 5
934 94 2
938 261 2
946 205 1416
948 9 5
952 37 2
953 905 8
954 22 2
958 844 2
961 291 7
961 472 2
961 481 2
963 130 2
965 937 644
966 29 11
966 197 5166
970 180 2
976 321 50
977 22 8
977 549 11
984 324 2
985 268 10
986 772 318
988 366 8
990 35 2
996 36 3
996 836 32
998 179 5
1003 684 2
1013 316 3
1018 358 7
1020 371 2
1020 385 3
