0 4 2
0 17 2
0 18 359
0 47 4
0 112 2
0 135 5
0 150 3
0 156 2
0 166 2
0 215 2
0 259 13
0 265 13
0 274 6
0 415 4
0 670 2
0 704 205
0 917 2
0 936 2
1 7 4
1 15 2
1 37 2
1 82 10
1 535 124
1 565 2
1 644 3
1 705 145
1 825 4
1 920 34
2 3 19
2 48 18
2 260 5
2 328 694
3 131 5
3 272 221
3 277 4
3 530 2
3 592 2
3 652 5
3 817 3
4 0 2
4 15 2
4 60 5
4 64 2
4 248 2
4 576 4
4 683 9
4 774 2
4 803 154
5 584 42
6 3 2
6 148 7
6 212 2
6 259 3
6 466 11
6 798 2
6 1002 86
7 110 5
7 237 4
7 715 15
8 1 4
8 19 2
8 58 2
8 273 4
8 393 13
8 552 22
8 642 2
8 902 3
9 39 10
9 43 2
9 416 16
9 572 7
9 907 333
10 13 2
10 84 990
10 208 29
10 599 8
10 778 10
11 752 13
12 24 2
12 55 10
12 116 3
12 781 3
13 66 2
13 192 13
13 320 17162
14 152 12
14 321 10
14 376 2
14 584 79
15 352 37
16 9 3
16 148 3
16 516 2
16 643 2
16 806 2
17 48 23
17 129 6
17 258 4
18 51 2
18 290 6
18 641 2
18 645 15
19 24 2
19 709 7
20 1 17
20 36 5
20 176 2
20 323 6
20 786 22
21 258 2
21 308 2
22 133 4
22 320 56
23 770 3
24 9 2
24 786 7
25 523 2
26 20 5
26 22 5
26 109 4
27 130 73
27 549 8
28 146 2
28 203 10
28 624 7
28 647 12
29 1 3
29 532 2
30 21 22
30 129 6
30 588 11
31 561 2
32 72 41
32 196 2
32 204 3
32 211 2
32 276 2
32 388 2
32 414 2
32 721 9
32 803 20
32 848 2
32 960 13
33 2 2
33 3 13
33 26 4
33 31 591
33 64 4
33 276 134
33 277 4
33 320 2
33 544 2
33 785 3
33 945 2
34 292 5
34 663 2
34 720 4
34 800 19
35 65 3
36 12 4
36 48 2
36 266 2
36 288 4
36 320 2
36 448 2
36 555 2
36 705 2
36 858 2
37 13 3
37 364 2
37 520 2
37 640 4
37 673 3
38 1 3
38 544 7
39 48 2
39 520 2
39 982 2
40 65 7
40 512 7
40 528 13
40 645 31
40 761 3
40 980 4
41 321 2
41 987 5
42 42 22
42 140 2
42 329 3
42 411 10
42 778 10
44 10 2
44 47 2
44 430 37
45 50 2
45 74 2
45 615 3
45 844 9
46 57 16
47 80 5
47 1022 18
48 67 2
48 176 6
48 193 7
48 198 7
48 646 11
48 789 2
49 313 6
49 516 4
50 113 2
50 528 2
51 70 4
51 377 2
51 516 2
52 46 4
52 188 2636
52 285 2
52 390 2
52 899 2
53 146 2
53 245 4
54 112 4
54 718 18
55 278 8
56 89 7
56 472 2
56 560 8
57 33 2
58 113 2
58 470 12
59 58 26
59 292 3
59 453 2
60 3 44
60 5 15
60 112 2
61 648 11
62 521 2
62 612 10
64 1 18
64 41 2
64 192 201
64 194 2
64 272 6
64 370 10
64 465 4
64 481 2
64 686 2
64 780 3
65 25 5
65 61 2
65 96 8
65 104 2
65 118 2
65 571 2
65 614 34
66 140 2
66 545 2
67 16 8
67 20 2
67 37 10
67 73 9
67 482 2
68 153 4
68 192 6
68 226 2
68 284 2
68 322 5
68 576 4
69 138 115
69 466 36
69 529 14681
69 572 2
70 109 5
70 212 4
70 642 2
70 646 20
70 672 9
71 1 33
72 65 2
72 961 2
73 640 9
73 870 6
73 999 3
74 512 7
74 1012 3
75 259 70
75 576 13
76 76 3
76 133 23
76 262 10
76 586 2
76 855 5
77 256 17
77 267 13
77 450 7
78 517 9
78 784 2
79 386 2
80 0 2
80 132 12
80 528 2
80 677 9
80 920 2
82 280 7
83 115 2
83 124 9
83 304 8
84 64 35
84 74 2
84 490 10
85 31 8
85 65 12
87 462 7
87 512 2
87 515 6
88 782 3
89 76 3
90 274 4
90 843 36
90 977 2
91 154 4
91 652 2
91 951 4
94 869 2
94 954 357
95 20 3
95 34 2
96 148 259
96 208 22
96 276 3
96 304 2
96 321 2
96 356 2
96 547 34
96 776 3
96 820 11
97 18 15
97 130 6
97 144 6
97 167 6
97 286 166
97 525 2
98 14 2
98 401 2
98 671 2
98 928 9
99 117 2
99 134 3
99 249 4
100 752 4
101 124 158
101 599 40
102 78 4
102 166 23
104 26 2
104 64 4
104 132 9
104 313 13
104 512 2
104 673 3
105 296 5
105 779 12
106 516 5
106 652 2
107 3 4
107 129 2
108 133 3
108 514 3
109 707 2
112 0 2
112 3 2
112 84 69
114 68 6
114 416 65
114 497 2
114 872 20
116 33 23
117 803 6
118 565 1405
119 446 3
119 836 2
120 76 3
122 294 6
124 348 2
128 10 2
128 58 43
128 200 7
128 208 2
128 320 7941
128 362 2
128 433 2
128 628 3
128 770 13
128 806 2
129 37 43
129 39 17
129 88 5
129 163 3
129 584 27
130 78 3
130 272 9
130 368 3
130 520 2
130 532 14
130 540 543
130 980 6
132 17 2
132 137 4
132 372 2
132 516 11
132 713 3
132 916 4
133 614 3911
134 208 14954
134 224 6
134 377 2
134 390 3
134 768 2
135 258 2
135 544 2
136 21 14
136 39 2
136 482 7
136 657 2
136 684 3
136 831 11
137 678 33
137 778 28
138 590 2
138 902 6
140 464 4
140 776 19
141 521 3
141 954 6
143 144 6
143 642 2
144 18 2
144 68 107
144 418 5
144 433 16
145 1 2
145 2 2
145 67 10
145 216 31
145 273 11
145 392 7
145 513 2
145 576 2
146 396 4
146 910 2
148 1 2
148 24 11
148 130 5
148 146 20
148 515 4
148 912 2
150 656 2
151 207 3
151 250 19
153 26 10
153 151 4
153 171 5
153 592 2
153 598 2
153 961 2
156 54 39
156 133 5
156 521 2
156 814 2
158 104 2
160 34 21
160 81 4
160 644 7
160 801 6
161 21 4
161 40 6
161 376 2
161 524 12
162 160 50
162 306 21
163 601 26446
164 34 48
164 38 10
164 280 11
164 329 4
164 481 4
164 636 5
164 646 124
167 104 2
167 384 5
167 712 2
168 52 11
168 68 4
168 98 3
168 480 2
169 25 2
171 810 2
172 32 2939
173 261 4
174 493 15
174 582 10
176 32 8
176 916 5
176 932 2
177 128 2
180 19 8
180 973 2
181 331 3
181 964 2
182 728 6
184 141 10
184 664 2
186 272 8
187 800 2
192 52 3
192 392 7
192 524 27
192 536 5
192 898 2
192 904 23
192 999 3
193 28 8
193 120 8
193 131 3
193 375 2
193 422 6
193 775 6
196 81 134
197 769 3
198 3 2
198 812 7
200 146 3
200 577 2
201 140 2
202 11 5
204 520 2
205 457 2
206 80 5
208 12 3
208 88 7
208 534 31
209 513 2
212 34 11
212 112 2
212 262 2
212 285 2
212 673 24
213 64 29
214 585 8
216 138 5
219 389 14
220 176 2
222 532 6
225 948 2
226 35 8
226 157 2
227 336 3
228 294 2
230 9 17
231 261 3
231 290 2
232 5 2
232 65 6
232 80 43
232 130 3
233 912 7
233 973 24
234 848 2
235 281 13
235 645 10
237 91 15
238 620 3
238 642 11
239 370 86
239 560 7
240 914 13
241 245 2
244 356 2
245 705 5
248 0 4
250 46 8
256 4 8
256 5 5
256 69 13
256 160 107
256 212 2
256 416 372
256 512 3
256 522 4
256 616 2
256 705 2
257 0 6
257 268 2
257 272 2
257 544 2
257 806 2
257 912 4
258 34 10
258 36 2
258 138 2
258 880 5
259 7 9
259 100 38
259 226 5
260 131 2
260 256 16
260 522 11
260 545 2
260 678 42
260 978 2
261 8 2
261 72 4
261 672 4
261 995 2
262 32 1090
262 134 19
262 193 319
262 1013 2
264 1 9
264 4 19
264 296 3
264 568 2
265 632 130
266 11 2
266 336 4
266 504 2
267 523 32
267 581 4
268 12 26
268 34 20
268 512 2
268 524 39
269 640 6
270 642 2
272 208 2
272 225 2
272 259 6
272 520 8
272 640 9
273 47 2
273 693 2
273 809 122
273 903 2
274 98 2
274 334 5
275 16 5522
275 116 7
275 133 2
275 401 32
275 485 4
275 512 2
276 288 2
276 392 60
276 628 2
277 8 2
277 128 2
279 901 3
280 36 15
280 600 2
280 674 4
282 576 6
282 717 38
283 35 2
285 104 9
287 802 2
288 47 2
288 50 80
288 224 15
288 292 3
288 545 11
289 156 19
289 468 6
289 753 19
289 788 9
290 0 14
290 328 22
290 388 2
291 32 2
291 610 7
291 768 16
291 967 559
292 593 4
293 256 2
294 742 6
294 864 2
296 84 2
296 131 2
296 336 4
296 409 12
297 389 9
297 544 5
298 75 3
298 800 5
299 78 2
299 291 23
300 140 32
301 274 1057
303 292 18
304 6 3
304 42 5
304 106 5
304 212 2
304 258 8
305 11 9
305 163 2
305 576 3
306 36 2
308 21 2
308 640 7
308 692 3
308 848 5
309 774 7
310 936 3
312 514 4
314 376 6
318 532 2
320 315 21
320 407 3
320 428 157
320 641 3
321 4 3
321 262 9
321 1008 10
322 80 2
322 272 7
322 416 2
322 902 186
323 360 3
323 515 11
324 106 3
324 179 2
324 200 7
324 530 5
325 6 10
325 74 2
325 145 2
326 11 3
326 16 8
326 32 4
326 443 13
327 675 20
327 698 2
329 35 10
329 836 11
330 8 13
331 512 2
332 643 15
334 265 8
334 288 12
335 83 3
336 18 2
336 576 4
336 632 3
337 352 2
337 768 2
337 833 4
338 33 2
338 160 2
339 42 33
340 0 192
340 106 3
342 15 2
342 168 2
342 536 11
343 475 2
344 676 4
345 992 16
346 11 6
346 89 8
347 149 2
348 128 15
348 395 6
352 419 11
352 794 2
352 860 3
353 138 2
353 389 4
354 30 2
354 836 24
354 969 2
355 134 2
356 800 19
357 433 2
357 641 2
357 690 11
358 168 2
360 555 2
360 732 3
361 266 24
361 316 26
363 162 8
364 740 2
366 657 101
368 738 8
371 112 18
371 705 2
372 352 16
375 77 22
376 193 19
379 333 4
380 339 4
382 562 3
384 6 3
384 156 7
384 168 2041
384 312 2
384 332 3
384 423 27
384 481 2
384 531 2
384 571 4
384 962 10
385 2 9
385 213 2
385 214 3
385 513 6
385 563 6
386 158 12
386 160 34
386 206 23
386 275 2
386 846 8
386 849 12
387 147 2
387 1016 2
388 332 10
390 566 14
391 8 10
391 461 186
391 800 1155
392 38 15
392 336 2
394 590 2
396 6 12
396 546 2
396 915 5
397 132 3
397 305 12
398 943 7
399 9 10
400 10 15
400 21 3
400 712 2
401 16 3
401 58 9
401 673 2
401 932 3
402 769 4
403 20 288
404 209 9
404 298 9
405 160 6
406 677 9
408 66 12
408 576 2
409 66 54
409 105 35
409 417 9
409 888 2
413 640 6
415 101 2
416 52 6
416 279 2
416 531 6
419 62 6
419 844 219
420 32 3
420 114 584
420 288 2
420 538 5
421 400 31
422 736 9
423 651 3
425 776 26
428 32 11
428 194 3
428 880 2
430 8 2
436 597 6
437 2 2
441 21 2
442 691 2
448 92 28
450 450 3
452 48 184
452 136 7
452 513 13
453 368 2
453 661 2
454 9 9
454 437 10
454 634 3
454 782 20
455 640 2
456 376 11
456 774 2
458 101 2
460 462 2
460 566 2
461 625 5
461 901 5
463 916 5
464 265 15
464 928 16
465 531 13
465 761 9
467 211 3
469 425 2
470 713 24
472 256 2
473 600 773
480 0 2
480 731 10
480 928 12
481 288 6
481 416 6
482 208 3
482 285 2
483 276 2
485 134 14
488 269 6
488 334 2
488 565 205
501 519 5
512 1 4
512 5 3
512 52 3
512 96 2
512 266 2
512 420 2
512 453 2
512 514 9
513 65 2
513 112 2
513 340 4
513 640 3
514 160 2
514 572 2
515 157 23
515 598 13
516 169 2
516 357 8
516 385 16219
516 555 11
516 779 2
516 785 830
517 0 28
517 8 80
517 34 2
517 177 2
517 281 2
517 676 6
517 768 6
518 41 2
519 517 8
519 944 2
520 328 207
520 896 9
521 81 10
521 229 164
521 450 39
521 554 2
521 560 2
521 609 6
522 1 12
522 234 2
522 549 2
522 652 3
524 159 333
524 173 2
525 134 14
526 776 6
527 713 2
528 33 6
528 36 11
528 97 2
528 156 13
528 344 2
528 512 2
528 580 2
528 582 4
528 611 5
528 720 897
529 423 2
529 517 17
529 520 3
529 737 11
530 20 6
530 86 7
530 132 2
530 278 8
530 522 2
530 696 2
532 292 77
532 853 4
533 37 5
533 787 2
534 6 51
534 928 2
534 932 7
535 10 175
536 412 11
537 138 4
537 478 9
538 74 2
540 256 2
540 481 5
541 344 9
544 6 2
544 21 2
544 151 8683
544 401 2
544 416 8
544 429 1732
544 718 12
545 209 18
545 520 11
546 2 2
546 4 2
546 900 10
547 427 7
547 577 53
548 512 9
548 577 2
549 97 3
549 146 4
552 656 2
553 36 3
554 137 24
554 296 4
556 409 4
557 6 10
557 15 8
557 400 5
557 512 4
559 557 48796
560 32 2
560 96 2
560 168 2327
561 10 6
561 444 2
561 521 2
561 786 12
561 993 2
562 162 2
562 977 2
562 992 2
563 20 2
563 410 6
564 656 4
564 659 2
566 132 24
567 793 7
569 385 2
571 100 2
571 457 9
572 36 18
572 777 6
574 533 2
576 4 34
576 133 2
576 172 8
576 193 9
576 228 2
576 371 32
576 525 2
577 72 10
577 236 22
577 661 3
578 26 2
578 96 2
578 136 3
578 554 3
578 572 9
579 80 6
579 621 3
580 64 7
580 598 2
583 129 6
584 833 4
585 64 2
585 208 3
585 217 2
585 354 1647
585 389 13
586 658 2
587 608 14
588 784 7
590 276 2
590 788 2
591 147 6
592 528 16
592 566 1652
592 585 2
595 557 2
596 11 3
596 33 2267
596 91 146
596 154 3
597 387 9
599 176 4
600 115 19
600 562 12
600 573 5
601 431 6
604 913 2
604 1006 5
605 80 45
607 288 2
607 393 11
608 176 2
608 522 24
608 576 2
608 648 3
609 210 2
609 225 7
609 768 2
610 24 7
612 534 4
616 450 46
616 806 2
617 908 22
618 1004 2
619 76 3
619 140 21
619 231 96
621 293 12
623 1000 2
624 579 17
625 5 2
625 261 6
626 8 12
626 528 2
626 608 4
627 418 2
627 769 2
629 446 2
631 24 3
632 18 3
633 812 6
635 546 2
638 161 13
640 4 30
640 6 2
640 16 3
640 160 2
640 246 3
640 258 8
640 421 6
640 732 3
640 952 7
642 562 107
642 724 83
644 387 4
644 660 3
644 769 7
645 195 3
645 963 11
648 76 4
648 98 7
648 369 2
649 4 2
650 216 3
651 290 7
652 594 4
654 129 3
654 565 3
655 761 3
656 3 11
656 259 3
656 278 9
656 370 2
658 10 2
658 226 2
658 640 10
660 36 4
660 85 14
660 648 38
661 244 4
664 16 24
667 587 8
668 163 2
668 749 2
670 515 5
672 1 5
672 64 15
672 129 2
672 608 16
673 104 2
674 288 1620
674 401 2
675 257 5
675 470 3
676 52 48
678 237 5
679 556 2
680 20 3
680 39 2
680 105 7
680 450 2
682 14 3
682 156 5
683 278 2
686 593 8
688 385 11
689 80 2
690 110 3
691 12 9
692 260 17
692 914 278
693 397 4
693 522 16
694 768 157
694 931 4
700 18 2
700 229 3
700 864 2
701 941 2
704 34 3
704 135 899
704 370 18
704 514 3
704 673 4
705 596 5
706 17 15
706 161 3
708 108 2
709 325 3
709 354 273
709 843 4
710 2 21
711 19 2
712 35 66
712 283 5
712 294 2
713 593 4
716 339 12
719 512 4
720 7 2
720 144 2
720 803 2
721 0 8
721 104 4
721 170 5
721 323 10
722 100 20
722 146 14
722 258 2
722 393 3
723 142 2
724 596 5
726 322 14
727 200 4
728 350 2
728 712 2
732 834 12
737 288 6
740 235 2
740 778 611
741 260 6
742 97 3
744 124 9
752 786 2
754 32 3
759 130 18
760 40 6
760 220 2
763 668 2
765 513 2
768 68 34
768 226 2
768 326 2
768 608 2
768 736 5
769 34 2
769 640 2
769 773 2
770 67 13
771 128 4
771 800 2
772 130 12
774 8 10
774 936 18
775 921 2
776 586 8
777 6 2
777 200 2
777 539 31
777 554 2
777 608 10
777 641 4
778 330 3
780 16 2
780 193 9
780 707 8
780 901 5
781 222 10
782 226 3
784 569 10
784 634 4
784 841 4
785 257 11
786 521 144
787 199 11
788 25 18
792 274 15
792 540 21
792 594 2
795 422 2
795 661 2
798 776 6
799 433 3
800 45 2
800 73 9
800 97 2
800 824 6
801 34 10
801 592 2
802 769 5
804 0 3
804 104 2
804 779 2
805 387 5
805 781 2
806 134 242
806 326 2
808 526 2
808 945 2
810 17 2
810 416 19
812 778 8
814 161 3
814 264 3
814 523 2
816 18 4
816 24 12
818 253 6
821 236 4
822 211 3
824 609 7
832 16 15
832 21 2
832 328 2
832 427 13
834 0 2
834 104 8
834 148 2
834 912 2
835 392 2
835 583 27
836 86 5
842 200 4
843 939 15
844 584 51
848 90 2
848 188 2
848 899 136
849 792 2
849 1018 16
851 195 5
856 256 12
863 516 3
864 23 8
864 786 16
873 9 2
874 360 4
880 611 3
882 42 37
882 591 2
882 778 9
885 601 2
894 392 13
896 868 8
900 4 2
900 313 2
902 131 7
902 420 19
903 339 6
904 112 3
904 552 5
904 929 2
906 137 4
906 194 10
906 210 2
906 328 10
908 456 22
911 10 2
911 896 2
912 85 9
912 388 3
914 776 2
914 968 3
917 912 7
918 0 2
920 200 4
921 320 2
922 8 2
924 33 4
924 196 24
928 64 13
928 384 21
929 257 2
929 316 3
930 720 2
931 230 2
931 657 3
932 783 14
933 657 5
934 94 2
938 261 3
946 205 2
948 9 4
952 37 2
953 905 9
954 22 15
958 844 3
961 291 37
961 472 40
961 481 2
963 130 3
965 937 2
966 29 2
966 197 1011
970 180 37
976 321 2
977 22 5
977 549 4
984 324 13
985 268 3
986 772 37
988 366 21
990 35 10
996 36 12
996 836 2
998 179 2
1003 684 3
1013 316 6
1018 358 4
1020 371 67
1020 385 3
