0 4 5
0 17 3
0 18 2
0 47 6
0 112 2
0 135 3
0 150 2
0 156 4
0 166 126
0 215 991
0 259 3
0 265 18
0 274 10
0 415 23
0 670 3
0 704 11
0 917 2
0 936 2
1 7 6
1 15 2
1 37 346395
1 82 18
1 535 31
1 565 2
1 644 2
1 705 10
1 825 14
1 920 14
2 3 16
2 48 2
2 260 2
2 328 3
3 131 11
3 272 4
3 277 2
3 530 9
3 592 5
3 652 6
3 817 2
4 0 2
4 15 2
4 60 2
4 64 728
4 248 2
4 576 2
4 683 2
4 774 2
4 803 1055
5 584 2
6 3 7
6 148 5
6 212 2
6 259 5
6 466 3
6 798 2
6 1002 2
7 110 8
7 237 2
7 715 5
8 1 2
8 19 2
8 58 2
8 273 6
8 393 133
8 552 4
8 642 2
8 902 13
9 39 2
9 43 104
9 416 2
9 572 2
9 907 2
10 13 104
10 84 47
10 208 32
10 599 3
10 778 2
11 752 9
12 24 2
12 55 2
12 116 15
12 781 3
13 66 28
13 192 189
13 320 2
14 152 2
14 321 2
14 376 15
14 584 2
15 352 36
16 9 9
16 148 3
16 516 407
16 643 5
16 806 2
17 48 4
17 129 5
17 258 7
18 51 2
18 290 5
18 641 3
18 645 2
19 24 13
19 709 2
20 1 98265
20 36 2
20 176 2
20 323 4
20 786 10
21 258 2
21 308 2
22 133 2
22 320 9
23 770 22
24 9 14
24 786 10
25 523 3
26 20 27
26 22 27
26 109 24
27 130 3
27 549 4
28 146 12
28 203 5
28 624 2
28 647 29
29 1 4
29 532 2
30 21 2
30 129 2
30 588 4
31 561 7
32 72 2
32 196 17
32 204 5
32 211 2
32 276 8
32 388 3
32 414 2
32 721 2
32 803 18
32 848 2
32 960 25
33 2 3
33 3 2
33 26 3
33 31 2
33 64 6
33 276 9
33 277 2
33 320 4
33 544 10
33 785 50
33 945 10
34 292 4
34 663 2
34 720 15
34 800 20
35 65 4
36 12 2
36 48 6
36 266 21
36 288 2
36 320 2602
36 448 2
36 555 2
36 705 3
36 858 49
37 13 2
37 364 3
37 520 3
37 640 2
37 673 9
38 1 66
38 544 2
39 48 2
39 520 12
39 982 2
40 65 15
40 512 11
40 528 8
40 645 8
40 761 155
40 980 7
41 321 7
41 987 9
42 42 2
42 140 2
42 329 5
42 411 8
42 778 5
44 10 423
44 47 2
44 430 6
45 50 2
45 74 3
45 615 3
45 844 2
46 57 3
47 80 12
47 1022 2
48 67 879
48 176 4
48 193 4
48 198 4
48 646 2
48 789 4
49 313 12
49 516 24
50 113 3
50 528 495
51 70 7
51 377 2
51 516 125
52 46 2
52 188 2
52 285 2
52 390 16
52 899 2
53 146 2
53 245 5
54 112 8
54 718 14
55 278 2
56 89 3
56 472 2
56 560 13
57 33 2
58 113 761
58 470 5
59 58 12
59 292 2
59 453 1301
60 3 2
60 5 7
60 112 2
61 648 198
62 521 2
62 612 4
64 1 2
64 41 4
64 192 1391
64 194 2
64 272 2
64 370 2
64 465 17
64 481 2
64 686 45696
64 780 2
65 25 6
65 61 2122
65 96 4
65 104 10
65 118 5
65 571 3
65 614 3
66 140 2
66 545 3
67 16 32
67 20 3
67 37 6
67 73 18
67 482 7
68 153 2
68 192 7
68 226 2
68 284 2
68 322 49
68 576 4
69 138 2
69 466 2
69 529 2
69 572 7
70 109 3
70 212 2
70 642 19
70 646 9
70 672 34
71 1 2
72 65 24
72 961 2
73 640 5
73 870 2
73 999 6
74 512 485
74 1012 47
75 259 22
75 576 5
76 76 4
76 133 30
76 262 63930
76 586 8
76 855 2
77 256 2
77 267 2
77 450 2
78 517 7
78 784 2
79 386 2
80 0 7
80 132 2
80 528 2
80 677 4
80 920 2
82 280 2
83 115 3
83 124 2
83 304 2
84 64 3
84 74 2
84 490 56
85 31 7
85 65 10
87 462 6
87 512 2
87 515 10
88 782 8
89 76 2
90 274 2
90 843 91
90 977 86
91 154 2
91 652 2
91 951 5
94 869 517
94 954 19
95 20 10
95 34 4
96 148 20
96 208 2
96 276 21
96 304 417
96 321 2
96 356 2
96 547 2
96 776 17
96 820 5
97 18 2
97 130 2
97 144 4
97 167 2
97 286 9
97 525 2
98 14 2
98 401 6
98 671 3
98 928 6
99 117 44
99 134 2
99 249 2
100 752 2
101 124 2
101 599 2
102 78 2
102 166 14
104 26 24
104 64 6
104 132 44
104 313 12
104 512 2
104 673 9
105 296 11
105 779 11
106 516 12
106 652 2
107 3 7
107 129 8
108 133 2
108 514 3
109 707 2
112 0 4
112 3 221
112 84 7
114 68 2
114 416 3520
114 497 3
114 872 6
116 33 48
117 803 3
118 565 3763
119 446 2
119 836 2
120 76 15
122 294 2
124 348 673
128 10 2
128 58 5
128 200 12
128 208 3
128 320 6
128 362 5
128 433 8
128 628 3
128 770 11
128 806 10
129 37 2
129 39 9
129 88 2
129 163 1565
129 584 6
130 78 3
130 272 2
130 368 2
130 520 2
130 532 18
130 540 842
130 980 2
132 17 2
132 137 4
132 372 2
132 516 2
132 713 6
132 916 9
133 614 2
134 208 2
134 224 2
134 377 2
134 390 21
134 768 2
135 258 16
135 544 2
136 21 3
136 39 2
136 482 9
136 657 2
136 684 3
136 831 2
137 678 26
137 778 2
138 590 2
138 902 19
140 464 2
140 776 2
141 521 2
141 954 6
143 144 8
143 642 3
144 18 10
144 68 2
144 418 5
144 433 2
145 1 20
145 2 7
145 67 8
145 216 2
145 273 16
145 392 5
145 513 2
145 576 2
146 396 2
146 910 9
148 1 3
148 24 2
148 130 2
148 146 16
148 515 69
148 912 23
150 656 19
151 207 3
151 250 26
153 26 27
153 151 4
153 171 2
153 592 7
153 598 2
153 961 3
156 54 8
156 133 12
156 521 2
156 814 2
158 104 4
160 34 17
160 81 5
160 644 8
160 801 3
161 21 7
161 40 4
161 376 2
161 524 29
162 160 2
162 306 3
163 601 47
164 34 15
164 38 6
164 280 8
164 329 6
164 481 4
164 636 6
164 646 2
167 104 1136
167 384 25
167 712 34
168 52 2
168 68 4
168 98 2
168 480 2
169 25 2
171 810 28
172 32 2
173 261 2
174 493 2
174 582 15
176 32 4
176 916 2
176 932 2
177 128 10
180 19 12
180 973 7
181 331 6
181 964 11
182 728 31
184 141 2
184 664 213
186 272 4
187 800 18
192 52 32
192 392 16
192 524 6
192 536 2
192 898 5
192 904 9
192 999 15
193 28 7
193 120 4
193 131 16
193 375 2
193 422 4
193 775 11
196 81 7
197 769 4
198 3 84397
198 812 2
200 146 2
200 577 14
201 140 5
202 11 3
204 520 2
205 457 13
206 80 2
208 12 2
208 88 8
208 534 3
209 513 2
212 34 12
212 112 3
212 262 7
212 285 101
212 673 11
213 64 9
214 585 22
216 138 7
219 389 2
220 176 21
222 532 2
225 948 113
226 35 3
226 157 7
227 336 11
228 294 51
230 9 8
231 261 2
231 290 405393
232 5 4
232 65 11
232 80 4
232 130 5
233 912 15
233 973 2
234 848 15
235 281 17
235 645 11
237 91 7
238 620 2
238 642 2
239 370 2
239 560 10
240 914 5
241 245 4
244 356 2
245 705 95
248 0 12
250 46 4
256 4 5
256 5 11
256 69 4
256 160 23
256 212 4
256 416 2
256 512 3
256 522 15
256 616 6
256 705 2
257 0 2
257 268 1298
257 272 3
257 544 178
257 806 2
257 912 16
258 34 7
258 36 2
258 138 37
258 880 4
259 7 11
259 100 2
259 226 25
260 131 2
260 256 2
260 522 31
260 545 19
260 678 11
260 978 171
261 8 2
261 72 3
261 672 15
261 995 4
262 32 22
262 134 6
262 193 2
262 1013 3
264 1 2
264 4 28
264 296 4
264 568 2
265 632 2
266 11 12
266 336 2
266 504 18
267 523 5
267 581 2
268 12 6
268 34 20
268 512 16
268 524 2
269 640 3
270 642 695
272 208 2
272 225 3
272 259 2
272 520 5
272 640 2
273 47 2
273 693 7
273 809 4
273 903 24
274 98 3
274 334 2
275 16 3
275 116 3
275 133 12
275 401 4
275 485 12
275 512 2
276 288 30
276 392 96
276 628 4
277 8 2
277 128 2
279 901 4
280 36 3
280 600 3
280 674 19
282 576 6
282 717 5
283 35 15
285 104 4
287 802 46
288 47 145
288 50 183
288 224 2
288 292 22
288 545 5
289 156 3
289 468 2
289 753 6
289 788 2
290 0 17
290 328 13
290 388 2
291 32 2
291 610 14
291 768 848
291 967 4
292 593 8
293 256 7
294 742 7
294 864 36
296 84 6
296 131 2
296 336 27
296 409 4
297 389 13
297 544 7
298 75 16
298 800 3
299 78 3
299 291 2
300 140 2
301 274 9692
303 292 2
304 6 5
304 42 7
304 106 2
304 212 2
304 258 16
305 11 16
305 163 5
305 576 3
306 36 12
308 21 55
308 640 2
308 692 3
308 848 31
309 774 14
310 936 8
312 514 17
314 376 4
318 532 2
320 315 6
320 407 5
320 428 3
320 641 2
321 4 6
321 262 5
321 1008 3
322 80 473
322 272 5
322 416 4
322 902 55
323 360 12
323 515 22
324 106 2
324 179 2
324 200 3
324 530 4
325 6 16
325 74 2
325 145 8
326 11 2
326 16 3
326 32 15
326 443 2
327 675 6
327 698 4
329 35 2
329 836 3
330 8 7
331 512 2
332 643 8
334 265 10
334 288 15
335 83 2
336 18 7
336 576 2
336 632 2
337 352 4
337 768 2
337 833 59
338 33 13
338 160 9
339 42 4
340 0 3
340 106 5
342 15 2
342 168 12
342 536 4
343 475 9353
344 676 4
345 992 7
346 11 2
346 89 12
347 149 3
348 128 2
348 395 130
352 419 3
352 794 2
352 860 15
353 138 2
353 389 3
354 30 42
354 836 11
354 969 11
355 134 2
356 800 2
357 433 7
357 641 2
357 690 5
358 168 2
360 555 2
360 732 2
361 266 2
361 316 8
363 162 12
364 740 3
366 657 2
368 738 4
371 112 2
371 705 2
372 352 6
375 77 2
376 193 6
379 333 4
380 339 6
382 562 4
384 6 15
384 156 2
384 168 44
384 312 2
384 332 2
384 423 8
384 481 223
384 531 4
384 571 12
384 962 2
385 2 3
385 213 3
385 214 2
385 513 18
385 563 8
386 158 11
386 160 2
386 206 4
386 275 25
386 846 9
386 849 20
387 147 3
387 1016 310
388 332 5
390 566 6
391 8 4
391 461 408
391 800 25
392 38 5
392 336 2
394 590 2
396 6 22
396 546 3
396 915 5
397 132 3
397 305 7
398 943 2
399 9 9
400 10 41
400 21 15
400 712 2
401 16 5
401 58 2
401 673 2
401 932 2
402 769 11
403 20 2
404 209 20
404 298 5
405 160 7
406 677 2
408 66 7
408 576 2
409 66 150
409 105 2
409 417 2
409 888 5
413 640 6
415 101 7
416 52 2
416 279 130
416 531 3
419 62 3
419 844 6
420 32 7
420 114 5
420 288 2
420 538 3
421 400 12
422 736 5
423 651 4
425 776 28
428 32 10
428 194 4
428 880 2
430 8 3
436 597 2
437 2 3
441 21 4
442 691 2
448 92 57
450 450 4
452 48 2
452 136 9
452 513 2
453 368 2
453 661 9
454 9 7
454 437 6
454 634 22
454 782 2
455 640 2
456 376 30
456 774 19
458 101 111
460 462 2
460 566 2
461 625 4
461 901 2
463 916 3
464 265 5
464 928 5
465 531 8
465 761 12
467 211 5
469 425 3
470 713 8
472 256 3
473 600 2
480 0 13
480 731 2
480 928 5
481 288 12486
481 416 3
482 208 4
482 285 2
483 276 2
485 134 2
488 269 2
488 334 2
488 565 2
501 519 3
512 1 4
512 5 4
512 52 2
512 96 198
512 266 29
512 420 2
512 453 2
512 514 2
513 65 11
513 112 3
513 340 5
513 640 2
514 160 2239
514 572 3
515 157 7
515 598 5
516 169 2
516 357 26
516 385 2
516 555 2
516 779 8
516 785 228
517 0 73
517 8 21
517 34 13
517 177 2
517 281 10
517 676 2
517 768 2
518 41 4
519 517 2
519 944 4
520 328 14
520 896 18
521 81 2
521 229 2
521 450 3
521 554 2
521 560 5
521 609 3
522 1 8
522 234 20
522 549 810
522 652 7
524 159 4
524 173 8
525 134 3
526 776 12
527 713 2
528 33 66
528 36 2
528 97 10
528 156 14
528 344 12
528 512 3
528 580 2
528 582 3
528 611 2
528 720 5
529 423 3
529 517 17
529 520 3
529 737 14
530 20 6
530 86 4
530 132 2
530 278 5
530 522 2
530 696 7
532 292 2
532 853 2
533 37 2
533 787 3
534 6 4
534 928 2
534 932 12
535 10 183
536 412 2
537 138 2
537 478 3
538 74 13
540 256 2
540 481 7
541 344 8
544 6 2
544 21 41
544 151 2
544 401 28
544 416 2
544 429 2
544 718 2
545 209 2
545 520 2
546 2 3
546 4 29
546 900 2
547 427 2
547 577 5
548 512 6
548 577 2
549 97 5
549 146 9
552 656 87
553 36 4
554 137 16
554 296 22
556 409 7
557 6 7
557 15 33
557 400 2
557 512 11
559 557 13
560 32 7
560 96 12
560 168 6534
561 10 11
561 444 2
561 521 3
561 786 19
561 993 2
562 162 5302
562 977 5
562 992 16
563 20 5
563 410 9
564 656 2
564 659 3
566 132 5
567 793 7
569 385 7
571 100 2
571 457 3
572 36 2
572 777 4
574 533 2
576 4 36
576 133 299
576 172 3
576 193 3
576 228 2
576 371 2
576 525 14
577 72 13
577 236 13
577 661 9
578 26 2
578 96 2
578 136 17
578 554 2
578 572 4
579 80 4
579 621 6
580 64 8
580 598 3
583 129 21
584 833 11
585 64 2
585 208 8
585 217 6
585 354 19
585 389 31
586 658 8
587 608 41
588 784 3
590 276 3
590 788 6
591 147 49
592 528 2
592 566 36
592 585 2
595 557 11
596 11 9
596 33 9
596 91 2
596 154 2
597 387 2
599 176 8
600 115 5
600 562 6
600 573 20
601 431 29
604 913 19
604 1006 3
605 80 2
607 288 12
607 393 6
608 176 22
608 522 5
608 576 2
608 648 13
609 210 6
609 225 2
609 768 5
610 24 13
612 534 2
616 450 3
616 806 2
617 908 2
618 1004 3
619 76 13
619 140 2
619 231 2
621 293 28
623 1000 2
624 579 7
625 5 2
625 261 10
626 8 2
626 528 2
626 608 7
627 418 3
627 769 112
629 446 2
631 24 10
632 18 2
633 812 12
635 546 5
638 161 4
640 4 6
640 6 2
640 16 2
640 160 2
640 246 2
640 258 3
640 421 4
640 732 3
640 952 9
642 562 2
642 724 2
644 387 2
644 660 5
644 769 2
645 195 6
645 963 6
648 76 4
648 98 9
648 369 2
649 4 4
650 216 20
651 290 4
652 594 6
654 129 48
654 565 9
655 761 2
656 3 16
656 259 4
656 278 3
656 370 2
658 10 4
658 226 10
658 640 5
660 36 11
660 85 43
660 648 17
661 244 4
664 16 5
667 587 9
668 163 5
668 749 2
670 515 2
672 1 11
672 64 2
672 129 3
672 608 4
673 104 557
674 288 2
674 401 35
675 257 4
675 470 96
676 52 5
678 237 5
679 556 2
680 20 13
680 39 4
680 105 2
680 450 3
682 14 5
682 156 14
683 278 2
686 593 6
688 385 10
689 80 180
690 110 2
691 12 9
692 260 2
692 914 5
693 397 2
693 522 4
694 768 2
694 931 6
700 18 5
700 229 2
700 864 7
701 941 2
704 34 2
704 135 2
704 370 15
704 514 2
704 673 2
705 596 3
706 17 2
706 161 12
708 108 5
709 325 4
709 354 37
709 843 7
710 2 24
711 19 3
712 35 2
712 283 3
712 294 3
713 593 22
716 339 2
719 512 2
720 7 20
720 144 18
720 803 2
721 0 3
721 104 7
721 170 2
721 323 4
722 100 20
722 146 5
722 258 59
722 393 2
723 142 6
724 596 13
726 322 8
727 200 2
728 350 2
728 712 5
732 834 2
737 288 31
740 235 19
740 778 522
741 260 6
742 97 2
744 124 17
752 786 2
754 32 2
759 130 2
760 40 2
760 220 2
763 668 4
765 513 2
768 68 4
768 226 2
768 326 86
768 608 2
768 736 5
769 34 6
769 640 2
769 773 2
770 67 2
771 128 12
771 800 2
772 130 5
774 8 2
774 936 3
775 921 2
776 586 23
777 6 2
777 200 2
777 539 3
777 554 225892
777 608 3
777 641 3
778 330 2
780 16 20
780 193 5
780 707 2
780 901 2
781 222 20
782 226 2
784 569 13
784 634 2
784 841 22
785 257 6
786 521 2
787 199 6
788 25 2
792 274 4
792 540 2
792 594 2
795 422 2
795 661 2
798 776 2
799 433 2
800 45 2
800 73 5
800 97 2
800 824 2
801 34 19
801 592 2
802 769 4
804 0 6
804 104 8
804 779 2
805 387 2
805 781 176
806 134 4
806 326 2
808 526 2
808 945 2
810 17 7
810 416 2
812 778 2
814 161 10
814 264 5
814 523 2
816 18 2
816 24 4
818 253 42
821 236 5
822 211 29
824 609 2
832 16 2
832 21 2
832 328 1969
832 427 7
834 0 2
834 104 6
834 148 14
834 912 4
835 392 4
835 583 2
836 86 5
842 200 2
843 939 3
844 584 5
848 90 13
848 188 9
848 899 2
849 792 5
849 1018 9
851 195 2
856 256 6
863 516 2
864 23 2
864 786 3
873 9 6
874 360 2
880 611 6
882 42 2
882 591 11
882 778 2
885 601 7
894 392 5
896 868 11
900 4 3
900 313 7
902 131 3
902 420 5
903 339 11
904 112 2
904 552 2
904 929 2
906 137 7
906 194 3
906 210 2
906 328 4
908 456 2
911 10 39
911 896 2
912 85 12
912 388 2
914 776 269
914 968 6
917 912 2
918 0 5
920 200 5
921 320 5
922 8 1011
924 33 6
924 196 16
928 64 4
928 384 22
929 257 3
929 316 2
930 720 4
931 230 2
931 657 6
932 783 9
933 657 2
934 94 3561
938 261 2
946 205 2
948 9 3
952 37 2
953 905 5
954 22 2
958 844 3
961 291 23
961 472 2
961 481 706
963 130 34
965 937 2
966 29 2
966 197 20
970 180 4
976 321 2
977 22 6
977 549 11
984 324 9
985 268 2
986 772 11
988 366 2
990 35 5
996 36 3
996 836 2
998 179 3
1003 684 3
1013 316 5
1018 358 3
1020 371 59
1020 385 6
