0 9 2
0 17 2
0 18 2
0 47 2
0 112 6
0 135 2
0 150 31
0 215 3
0 265 79
0 352 2
0 646 2
0 674 2
0 679 3
0 902 4
0 936 3
1 7 51
1 15 2
1 30 2
1 82 2
1 135 14
1 228 2
1 292 22
1 481 6
1 535 2
1 565 2
1 644 2
1 768 2606
1 920 2
2 0 3
2 132 2
2 167 2
2 260 6
2 523 2
2 826 4
3 24 9
3 272 2
3 530 3
3 592 11
3 652 30
4 0 24
4 4 2
4 15 2
4 60 479
4 293 3
4 517 8
4 576 29
4 774 2
4 803 172
5 584 2
5 887 2
6 3 38
6 148 11
6 212 2
6 259 2
6 267 2
6 268 7
6 466 7
6 512 3
6 1002 2
7 237 500
7 715 2
8 1 2
8 2 5
8 19 3
8 32 12
8 42 17
8 202 2
8 273 2
8 486 8
8 735 3
8 850 14
8 902 6
9 39 4
9 823 2
10 13 2
10 40 3
10 75 8
10 523 18
10 680 156
10 778 2
11 204 8
11 586 4
12 65 2
12 128 8
12 634 16
13 320 7
14 127 4
14 210 2
15 352 12
15 485 63
16 9 2
16 24 2
16 64 6
16 132 252
16 148 2
16 198 2
16 643 14
17 48 2
17 129 19
18 51 4
18 290 4
18 645 2
19 7 16
19 24 2
20 1 2
20 28 2
20 36 2
20 69 2
20 176 7
21 116 8
21 258 11
21 308 2
22 97 14
22 133 3
22 281 69
22 320 2
22 331 2
22 565 2
23 328 987
23 770 10
24 533 14
24 781 5
24 786 45
25 592 2
26 20 19
26 109 4
26 801 38
27 210 7
27 547 9
27 549 23
28 42 4
28 72 3
29 532 13
30 52 2
30 129 2
30 588 6
32 33 7
32 42 2
32 196 2
32 204 2
32 211 3
32 219 8
32 414 2
32 641 2
32 721 2
32 803 18
32 848 6
32 960 8
33 320 2
33 898 193
34 144 8
34 292 6
34 324 3
34 561 3
34 663 3
34 720 14
34 800 3
35 65 7
35 551 10
35 689 8
36 12 3
36 48 2
36 257 1062
36 266 2
36 288 2
36 448 16
36 705 2
36 858 3
37 13 13
37 594 3
37 673 3
38 180 13
38 204 4
38 544 9
39 520 4
39 982 8
40 9 2
40 20 2
40 256 26
40 512 7
40 605 2
40 645 2
40 672 14
40 756 3
40 840 3
40 980 2
41 276 2
41 321 2
41 513 9
41 987 2
42 140 63
42 329 2
42 411 3
42 778 2
42 839 22
43 1 2
44 10 7
44 47 2
44 794 2
45 23 7
45 50 5
45 266 14
45 844 2
46 57 2
48 176 26
48 193 3
48 198 2
48 226 349
48 646 2
48 789 43
48 932 2
49 17 4
50 113 17
50 528 2
51 70 2
51 377 3
51 516 355
52 256 2
52 285 116
52 899 197
54 112 2
56 89 1209
56 560 8
57 5 2
57 128 8
58 113 8
58 470 3
59 292 3
59 583 3
60 33 7
60 112 2
60 948 30
61 644 15
62 521 2
62 612 3
64 1 2
64 26 2
64 41 2
64 192 40
64 194 2
64 197 32
64 203 19
64 272 3
64 370 7
64 481 10
64 514 2
64 686 9
64 756 20
64 780 4
65 25 3
65 96 2
65 218 2
65 241 2
65 421 25
65 571 6
65 614 2
66 140 2
66 545 2
67 73 13
67 453 39
67 840 67
68 192 2
68 226 2
68 284 2
68 322 2
68 576 2
69 138 3
69 529 22
69 768 2
70 608 11
70 642 2
70 646 2
70 672 2
71 409 2
71 700 19
72 37 13
72 65 2
72 533 4
73 39 58
73 640 68
73 999 4
74 600 5
74 768 3
74 1012 25
75 576 4
76 76 4
76 133 22
76 262 7
76 586 2
76 855 9
77 267 3
77 450 2
78 919 22
79 165 4
79 386 26
80 0 5
80 51 12
80 132 6
80 211 7
80 528 13
80 677 7
80 920 12
82 280 4
83 304 4
83 784 2
84 64 2
84 74 84
84 216 2
84 490 4
85 31 9
85 65 2
86 234 2
86 524 6
87 353 2
87 462 20
87 512 9
87 515 2
89 2 30
89 4 4
90 20 2
90 988 32
91 154 2
91 652 2
91 951 5
93 134 2
94 869 2
94 954 3
95 34 36
96 32 6
96 80 13
96 103 2
96 148 6
96 208 14
96 220 4
96 276 17
96 304 2
96 321 4
96 547 8
96 776 275
96 820 11
97 48 3
97 167 15
97 195 3
97 286 2
97 473 13
97 525 2
98 14 3
98 352 41
98 671 2
98 928 3
99 117 75
99 249 2
100 901 2
101 161 2
101 169 4
101 599 13
102 6 15
102 78 5
102 166 15
104 28 42
104 48 3
104 64 7
104 132 2
104 512 2
105 3 8
105 296 2
106 516 6
106 652 8
107 3 2
107 129 13
108 514 2
109 707 656
112 1 8
112 28 2
112 84 6
112 165 102
112 776 2
114 416 2
114 452 2
114 497 2
116 33 18
117 803 2
118 565 17
119 446 2
119 836 3
121 536 2
122 294 13
123 600 2
124 348 57
128 58 21
128 200 2
128 208 8
128 320 2
128 362 21
128 806 374
129 10 2
129 37 2
129 88 6
129 163 27
130 272 3
130 368 304
130 520 2
130 528 2
130 532 2
130 540 2
130 675 29
130 980 2
132 6 36
132 94 2
132 137 2
132 516 8
132 713 7
133 614 5
134 67 2
134 224 15
134 377 5
134 516 2
135 258 2
135 544 7
136 21 60
136 39 19
136 160 18
136 482 2
136 610 30
136 657 2
136 684 22
137 325 9
137 778 2
138 266 2
138 415 3
138 590 8
139 87 2
139 426 3
139 865 18
140 72 12
140 135 22
140 143 42
140 464 3
140 724 2
140 776 3
143 144 2
143 187 2
143 286 4
143 642 2
144 248 2
144 257 7
144 418 3
145 1 2
145 2 2
145 94 2
145 184 3
145 273 9
145 392 4
145 576 147
146 69 8
146 146 6
146 396 2
146 910 55
148 24 3
148 130 9
148 139 8
148 464 2
148 515 3
149 20 2
149 633 3
149 649 7
150 141 27
150 160 2
150 656 2
151 102 10
151 132 2
153 26 41
153 151 3
153 171 2
153 598 2
153 961 2
156 133 203
156 521 2
157 404 11
158 104 14
159 526 2
160 144 5
160 644 2
160 801 5
161 326 8
161 576 14
161 898 2
162 290 2
162 306 2
162 517 4
163 227 16
163 361 6
164 38 18
164 481 2
164 646 2
165 397 7
167 104 2
167 289 24
167 384 10
167 712 2
168 8 28
168 52 8
168 67 10
168 98 3
168 480 17
169 351 7
169 514 2
171 810 5
172 664 3
174 493 2
176 32 56
176 137 4367
176 270 13
176 824 3
176 864 2
176 932 2
177 280 18
177 560 78
177 744 7
178 100 4
178 144 6
178 797 15
179 429 2
180 600 635
181 331 20
181 768 3
182 672 2
182 728 2
184 141 9
184 161 24
184 664 5
185 42 4
185 391 7
186 582 2
187 800 3
192 43 2
192 52 2
192 72 2
192 177 2
192 392 2
192 536 3
192 713 3
192 898 14
192 999 9
193 8 2
193 162 19
193 375 2
193 718 2
194 321 21
194 592 7
196 286 5
196 377 2
197 297 5
197 592 18
197 611 10
198 3 2
198 196 2
198 812 18
200 445 4
200 577 2
201 98 2
201 140 20
202 11 2
203 654 30
204 6 3
204 520 2
205 457 3
206 80 1190
206 530 2
208 88 2
208 534 2
209 55 6
209 513 2
210 1 11
210 882 10
212 69 19
212 285 5
213 64 29
214 585 4
216 138 12
216 792 2
218 86 6
222 852 3
225 257 3
225 316 9
227 336 5
228 294 2
231 261 4
231 290 3
232 5 2
232 80 2
232 130 3
232 480 2
233 212 3
234 848 3
235 645 10
237 91 5
238 620 64
238 642 7
239 370 2
239 560 2
240 18 14
241 245 2
244 932 5
248 0 3
248 290 2
248 902 7
250 46 9
256 1 2
256 68 10
256 69 4
256 262 2
256 344 2
256 416 18
256 616 4
256 772 2
256 804 3
256 904 5
256 963 3
256 992 6
257 0 185
257 268 2
257 272 24
257 680 2
257 806 3
257 912 2
257 920 9
258 24 12
258 34 2
258 36 2
258 265 2
258 810 2
259 100 8
259 327 2
259 532 2
260 131 2
260 256 2
260 295 7
260 522 15
260 678 2
261 8 7
261 67 4
261 672 575
262 32 2
262 134 22
262 193 5
262 256 2
262 1013 2
264 1 10
264 320 2
265 264 7
265 339 11
265 632 8
266 56 13
266 242 9
266 326 72
266 336 4
266 504 7
268 34 2
268 192 2
268 512 3
268 524 9
268 577 2
269 444 5
270 532 9
272 41 17684
272 225 2
272 234 2
272 259 18
272 378 5
272 554 15
272 640 29923
272 899 2
273 581 6
273 693 2
274 334 7
275 4 1215
275 16 2
275 116 2
275 133 10
276 538 4
276 628 2
277 8 5
279 901 2
281 101 119
282 136 4
282 576 110
283 35 2
283 514 7
284 835 2
285 104 64
286 12 6
286 624 2
286 832 2
288 47 2
288 132 5
288 224 7
289 36 27
289 156 3
289 468 3
289 753 2
290 0 84
290 258 3
290 328 8
291 32 16
291 768 18
291 967 3
292 19 2
292 162 10
292 524 4
292 593 2
293 960 12
294 742 12
296 57 2
296 131 2
296 336 9
296 409 2
296 516 2
297 325 3
297 389 2
297 742 424
298 800 40
299 291 2
300 140 7
301 274 817
301 777 77
304 8 4
304 42 2
304 63 2
304 106 944
304 212 6
305 11 4
305 576 3
306 36 4
306 550 2
306 918 5
307 514 19
308 21 2
308 640 2
308 692 2
308 832 2
310 44 215
310 936 3
314 109 4
314 156 2
314 376 2
315 739 1039
316 452 2
318 532 14
318 914 14
320 29 2
320 641 41
320 720 2
321 4 2
321 834 8
322 0 2
322 416 3
322 902 74
323 360 2
324 106 3
324 179 6
324 200 2
324 513 7
324 530 4
325 6 12
325 145 2
325 192 4
325 614 2
325 720 4
326 11 44
326 32 104
327 698 14
328 45 21
329 258 2
329 836 3
331 512 21
332 456 2
332 643 7
335 83 2
335 391 3
336 18 2
336 632 5
337 352 2
337 768 6
338 160 585
338 169 2
340 106 10
340 704 2
340 763 3
342 168 2
342 272 37
342 536 2
343 475 2760
344 188 6
345 32 2
345 728 2
346 89 2
347 11 20
348 128 2
348 395 15
349 12 2
352 409 7
352 419 2
352 680 30
352 860 3
353 389 2
353 684 23
354 25 6
354 30 4
354 836 4
356 800 2
357 641 36
358 3 327
358 168 9
358 197 14
360 514 13
360 555 2
360 732 6
360 810 8
361 316 10
362 34 2
366 657 3
368 49 2
368 738 2
368 925 2
371 112 12
375 77 139
379 333 29
380 339 5
381 531 2
382 562 8
384 168 268
384 332 9
384 423 832
384 481 2
384 531 20
384 597 2
384 692 2
385 213 15
385 214 20
385 563 8
386 64 2
386 73 6
386 160 44
386 206 4
386 275 2
386 849 4
386 912 2
387 545 9
388 332 2
390 566 15915
391 800 6
392 38 5
393 461 20
394 590 7
395 4 9
396 6 2
396 546 2
396 777 3
396 915 2
397 132 7
397 518 2
398 943 2
399 9 2
400 712 2
401 284 3
401 673 6
401 932 10
402 769 10
403 98 10
404 209 12
404 298 9
408 405 7
408 576 2
409 66 2
409 105 7
409 417 2
409 888 3
410 520 5
411 20 2
412 6 11
413 640 2
414 932 6
416 292 2
416 531 25
417 577 3
418 16 21
419 7 2
419 62 2
420 32 5
420 114 2
420 288 5
420 538 25
422 736 7
423 384 3
423 651 8
425 161 4
425 746 11
428 32 15
428 194 2
430 8 7
430 203 3
433 24 2
433 197 5
433 398 645
434 734 13
436 597 3
441 21 3
442 691 10
444 769 5
444 801 19
448 92 2
448 655 6
449 321 3
450 450 6
452 136 2
452 205 13
454 437 2
455 640 6
456 367 15
456 376 3
456 774 4
458 743 5
460 566 2
461 625 22
461 901 2
462 516 3
463 916 13
465 761 2
466 58 35
467 211 981
467 300 6
469 425 4
472 226 3
472 801 7
473 600 4
473 800 6
476 775 2
480 665 3
480 731 63
480 928 3
481 416 2
482 64 54
482 208 3
482 285 2
483 555 4
484 841 746
485 134 3
488 3 4
488 269 4
488 334 5
489 64 12
496 978 6
501 519 2
504 267 10
512 5 6
512 36 2
512 65 2
512 96 11
512 153 2
512 173 10
512 438 5
512 482 2
512 522 4
512 685 5
512 936 11
513 100 8
513 112 79
513 340 6
513 548 4
513 640 6
513 644 9
514 11 2
514 522 4
514 780 2
515 157 8
515 598 2
516 69 7
516 169 6
516 442 6
516 605 3
517 0 2
517 8 49
517 34 7
517 177 50
517 233 44
517 281 2
517 525 2
517 676 3
518 0 7
518 41 10
518 66 164
519 517 2
519 967 54
520 9 2
520 94 55
520 164 24
520 328 44
520 896 3
521 131 2
521 229 5
521 450 9
521 546 2
521 560 2
522 121 38
522 652 3
523 650 59
524 159 7
524 173 2
524 520 5
525 820 2
526 776 2
527 36 8
528 10 3
528 33 23
528 36 2
528 171 2
528 344 2
528 512 2
528 580 4
528 611 3
528 801 7
529 517 3
529 737 15
529 836 4
530 132 2
530 522 4
532 11 2
532 292 2
532 550 2
533 5 10
533 37 14
533 787 2
534 6 6
534 425 3
534 786 16
534 932 4
535 10 316
536 10 2
536 244 12
536 902 19
537 257 14
537 478 10
538 74 14
538 84 2
538 820 2
540 481 2
544 6 34
544 24 5
544 160 2
544 401 12
544 536 4
544 542 5
544 597 2
544 718 4
545 209 13
545 743 8
546 4 2
546 263 2
546 612 2
546 900 2
547 265 2
547 427 4
547 577 10
548 512 6
548 577 2
548 586 25
549 68 7
549 97 2
549 146 3
550 649 13
551 40 3
551 89 2134
552 136 2
552 932 8
553 36 2
553 102 4
553 933 2
554 4 33
555 52 2
555 418 10
556 409 5
557 6 24
557 15 4
557 400 7
557 557 2
560 104 2
560 168 12
561 521 3
561 993 6
562 977 2
562 992 6
564 28 6
564 659 4
565 105 3
566 4 2
566 44 2
566 132 2
567 793 22
569 385 2
569 522 2
571 100 2
571 457 2
572 36 8
572 257 13
572 370 3
572 777 4
573 886 4
576 19 369
576 76 8
576 133 622
576 172 2
576 193 2
576 371 22
576 525 18
577 222 13
577 292 2
577 401 8
577 577 2
577 997 5
578 26 9
578 120 4
578 136 3
578 554 2
578 575 19
579 80 8
579 136 5
579 621 4
579 789 4
580 507 4
581 645 7
583 129 2
584 432 3
585 208 17
585 217 3
585 354 2
585 389 2
588 784 3
589 389 57
590 300 17
590 520 2
590 788 39
591 147 2
592 566 2
592 585 2
592 856 7
593 429 2
595 557 2
596 154 5
596 385 2
597 387 5
599 92 2
599 176 2
600 562 4
602 480 14
604 913 2
604 1006 16
606 281 4
606 807 2
607 393 8
608 185 18
608 522 38
608 576 3
608 648 2
609 28 3
609 225 5
609 526 2
610 24 2
611 125 4
612 170 5
612 534 2
614 265 2
614 936 2
616 450 11
617 908 11
619 76 6
619 140 5
619 231 2
621 293 5
623 1000 7
624 579 2
625 5 9
625 261 5
626 528 2
626 608 2
627 3 2
627 418 2
627 977 5
628 76 2328
629 528 2
631 24 14
632 18 2
633 812 24
638 161 2
640 4 11
640 6 2
640 16 4
640 160 26
640 246 6
640 258 2
640 369 1061
640 421 22
640 467 2
640 659 14
640 732 2
642 512 372
642 724 2
644 660 3
644 756 11
645 4 6
646 289 2
646 388 16
648 98 11
648 369 2
648 512 3
648 694 4
648 769 2
649 4 79
649 48 5
650 108 517
650 216 2
650 953 2
651 290 2
652 257 2
652 594 5
654 565 6
656 3 5
656 259 21
656 278 4
657 79 9
658 26 4
658 226 4
660 36 25
660 69 2
660 648 8
661 244 12
661 608 11
662 374 3
664 539 55
664 781 5
665 260 2
666 66 402
668 163 3
668 749 5
672 1 20
672 129 18
672 514 2
672 608 2
672 717 2
673 104 3
673 656 2
674 259 3
674 401 4
675 257 2
677 121 8
677 641 2
680 540 5
682 14 44
682 156 4
683 278 4
684 1008 16
686 426 4
686 593 4
689 80 8
690 110 2
691 12 4
692 260 2
693 397 2
693 522 2481
694 768 2
694 931 2
695 517 5
695 585 2
697 710 4
700 18 6
700 229 24
700 864 7
701 941 5
704 34 3
704 76 2
704 292 8
704 370 14
704 514 4
705 596 2
706 17 2
706 161 7
706 732 3
708 108 2
709 354 19
709 644 4
711 19 2
712 141 9
712 294 3
712 862 2
713 593 7
713 837 3
716 339 2
716 649 6
719 512 27
720 7 3
720 144 2
721 0 3
721 104 10
721 323 3
721 584 2
722 100 2
722 393 15
722 464 3
723 142 9
724 596 2
725 44 9
725 65 7
727 200 4
728 227 3
729 578 30
737 25 6
737 64 2
737 288 9
737 610 30779
738 970 15
740 235 4
740 801 14
741 45 3
741 260 7
742 97 2
743 787 5
744 124 17
746 386 3
751 506 2
752 786 2
760 40 3
760 220 2
760 300 2
763 668 2
768 68 8
768 226 3
768 502 2
768 608 3
768 666 4
768 738 2
769 34 2
769 350 2
770 67 2
770 515 4
771 128 9
771 793 116
772 0 2
772 32 106
772 130 5
773 1 14
774 8 2
774 936 4
775 48 2
776 101 24
776 155 2
776 697 18
777 6 2
777 84 66
777 200 4
777 608 2
777 641 4
778 389 3
778 707 2
780 16 3
780 901 3
781 222 2
782 226 2
784 514 11
784 549 11
784 569 2
784 634 11
785 45 22
786 521 2
786 576 23
786 914 5
787 199 40
792 16 28
793 52 308
793 628 2
795 422 2
798 776 3
800 45 5
800 73 2
800 97 28
800 133 4
800 824 2
801 642 2
802 660 5
802 769 8
803 512 3
804 337 17
805 387 28
805 781 7
806 43 11
806 326 2
806 480 4
808 526 2
808 945 2
810 17 27
810 394 7
819 69 2
819 538 2
821 236 2
822 211 11
824 392 6
824 978 9
830 356 2642
832 21 5
832 30 10
832 43 1035
832 304 2
832 548 3
833 147 94
833 999 2
834 0 5
834 32 2
834 67 2
834 912 5
835 392 2
836 86 2
836 485 3
839 21 118
840 96 20
840 545 9
840 800 43
841 32 19
845 561 6
845 624 10
848 188 2
848 899 10
849 1018 12
850 308 115
852 64 3
852 72 2
852 824 2
854 681 2
856 256 9
863 516 4
864 23 6
864 786 20
866 260 2
870 6 4
872 32 4
872 50 6
873 9 2
875 164 8
878 258 9
884 802 7
894 392 4
895 603 5
896 868 8
897 115 2
897 1002 2
898 699 3
899 736 49
900 162 2
902 131 2
902 420 71
904 112 2
904 231 8
904 888 2
904 929 6
905 196 6
906 137 6
906 210 2
908 456 3
910 614 10
912 2 5
912 129 2
912 388 9
914 669 2
915 431 2
916 742 2
916 777 6
917 560 2
917 912 2
920 200 2
921 272 2
921 320 6
922 8 3
924 33 2
924 196 47
928 384 3
928 516 2
929 10 3
929 316 20
930 547 70
930 720 58
931 230 3
933 657 4
934 94 2
938 261 2
940 512 2
941 771 6
944 165 20
944 756 11
945 456 7
947 568 4
948 9 2
951 818 7
953 905 4
956 846 2
958 844 3
960 358 2
961 131 2
961 291 2
961 472 2
965 937 2
966 29 2
966 197 2
966 555 4
968 51 2
968 360 2
969 313 4
969 769 31
970 180 2
971 566 5
975 205 2
976 321 2621
977 549 4
978 817 2
984 483 4
986 772 4656
987 962 2
988 366 4
990 35 10
996 836 2
998 127 31
1000 260 8
1002 652 2
1002 912 2
1011 36 33
1020 371 9
1020 385 4
1021 643 8
