0 4 136
0 8 3
0 17 7
0 47 7
0 112 4
0 150 8
0 156 9
0 215 13
0 265 5
0 274 6
0 352 5
0 415 2
0 552 2
0 646 3
0 670 839
0 674 4
0 679 7
0 704 778
0 917 2
0 936 2
1 7 3
1 15 2
1 82 2
1 135 6
1 228 2
1 292 2
1 481 7
1 535 2
1 565 2
1 644 32
1 768 2
1 825 3
2 0 2
2 3 6
2 8 4
2 167 249
2 328 2
2 523 8
2 826 2
3 24 3
3 272 13
4 15 2
4 50 2
4 60 2
4 64 3
4 248 5
4 284 3
4 368 146
4 517 11
4 576 7
4 683 86
4 774 2
4 808 15
5 18 2
5 216 30
5 584 2
6 148 2
6 259 6
6 268 44
6 512 5
6 1002 3687
7 110 27
7 715 3
8 1 2
8 19 9
8 32 3
8 42 2
8 58 13
8 273 3
8 393 25
8 486 1454
8 552 3
8 642 5
8 902 2
9 39 13
9 43 9
9 823 3
10 75 7
10 160 4
10 523 8
11 204 2
11 752 2
12 0 4
12 24 2
12 634 2
13 66 5
13 192 7
14 127 2
14 152 2
15 485 6
15 659 4
15 854 2
16 9 6
16 24 2
16 64 25
16 132 8
16 148 2
16 198 2629
16 516 3
16 806 21
18 51 11
18 203 29
18 215 5
18 290 3
18 641 13
18 645 16
19 24 4
19 709 607
20 1 5
20 10 2
20 176 4
20 194 5
20 786 2
21 116 2
21 308 4
22 24 40
22 97 20
22 565 19
24 9 19
24 533 2
24 781 8
25 592 5
26 22 4
26 109 2
28 42 2
28 192 2
28 624 4267
28 647 53
29 327 12
29 532 9
29 809 5
30 52 13
30 129 28430
30 588 14
32 33 2
32 42 2
32 185 37
32 196 14
32 204 5
32 388 295
32 414 2
32 514 2
32 612 2
32 721 15
32 848 6
32 960 2
33 2 155818
33 26 2
33 64 41
33 276 10
34 292 2
34 561 4
34 720 2
34 800 2
35 65 7
35 551 3
36 48 13
36 320 2
36 448 3
36 858 2
37 13 2
37 364 6
37 594 7
37 640 2
37 673 2
38 1 2
39 3 24
39 48 4
39 520 178
39 982 2
40 528 10
40 605 2
40 756 72
41 276 88
41 321 2
41 513 2
42 42 4
42 140 22
42 329 4
42 411 7
42 839 59
44 10 2
44 47 94
44 524 26
45 23 5
45 50 5
45 74 6
45 266 13
45 615 3
45 808 11
46 57 4
47 1022 5
48 67 7
48 168 33
48 176 20
48 193 2
48 708 20
48 789 5
49 17 20
49 313 10
51 70 12
51 516 2
52 46 3
52 188 246
52 256 3
52 390 2
52 899 2
54 718 13
55 278 5
56 267 2
56 544 2
56 560 3
57 5 35
57 128 2
58 113 20
58 470 2
59 58 2
59 292 2
59 453 2
59 583 8
60 3 2
60 112 2
60 948 3
61 644 3
61 648 6
64 1 4
64 192 2
64 272 7
64 756 33
64 771 2
64 780 2
64 790 2
65 61 31
65 274 5
65 421 3
65 515 10
66 545 5
67 16 3
67 37 2
67 840 2
68 153 2
68 226 2
69 138 5
69 529 2
69 572 5
69 768 9
70 109 10
70 212 3
70 431 5
70 608 5
70 648 3
71 264 16
71 409 2
71 700 11
72 533 806
72 961 8
73 39 2
73 640 3
73 870 20
74 512 5
74 548 4
74 600 7
75 576 2
76 76 28
76 84 7
76 133 16
76 262 66
77 456 2
78 288 2
78 517 105
78 784 2
78 919 110
79 386 468
80 0 6
80 82 25
80 211 2
80 920 8
81 807 2
81 852 2
83 115 2
83 124 2
83 304 20
83 617 16
83 784 3
84 64 6
84 216 2
84 490 12
85 31 6
85 65 17
86 234 2
86 524 2
87 353 17
87 512 9
89 2 258
91 951 3
92 38 7
92 91 6
93 134 2
94 869 5
95 20 7
95 34 9
96 80 54
96 103 2
96 148 2
96 220 2
96 276 34
96 304 18
96 321 2
96 356 13
96 547 2
96 776 6
96 820 2
97 18 5
97 130 2
97 144 4
97 167 5
97 525 4
98 401 4
98 671 2
98 928 2
100 752 12
100 768 4
101 161 4
101 392 27
102 166 2
104 26 3
104 28 6
104 64 9
104 132 7
104 313 9
105 779 2
107 129 2
112 107 172
112 165 10
114 452 2
114 497 4
114 872 8
117 803 2
118 565 7
119 446 674
120 0 108
122 185 16
123 600 3
124 304 2
124 348 3
125 268 8
128 1 4
128 10 2
128 58 10
128 200 6
128 208 8
128 320 97
128 433 2
128 628 2
128 770 2
129 0 11
129 10 2
129 39 2
129 88 5
129 584 2
130 78 55
130 520 5
130 532 2
130 540 2
132 94 44
132 372 2
132 713 3
132 916 16
132 957 7
133 23 16
133 138 6
133 614 2
134 67 2
134 208 2
134 377 3
135 258 17
136 21 1468
136 39 5
136 160 2
136 610 2
136 657 2
136 684 3
136 831 5
137 148 4
137 325 18
138 415 4
138 902 2
139 87 2
139 865 2
140 168 2
140 724 19
140 776 17
142 641 2
143 116 2
143 144 2
144 18 2
144 68 8
144 433 10
144 800 2
145 1 2
145 2 4
145 184 9
145 273 2
145 392 2
145 513 25
146 146 3
146 396 10
147 513 10
148 1 7
148 139 5
148 464 2
148 912 4
149 649 2
150 160 12
151 102 3
151 132 25
153 26 2
153 151 2
153 592 5
156 54 3
156 133 7
156 521 2
156 814 283
157 404 13
159 526 3
160 34 4
160 81 2
160 644 2
161 21 2
161 40 11
161 326 3
161 376 7
161 524 6
161 717 3
161 898 4
162 160 46
162 290 28
162 306 5
163 361 17
164 34 3
164 217 11
164 264 9
164 280 7
164 329 3
164 481 4
164 636 5
165 141 12
166 686 2
167 289 2
167 384 3
167 456 42
168 52 6
168 68 4
168 98 6
168 480 11
169 25 10
171 810 2
172 8 5
172 32 5
172 664 15
173 261 6
174 493 6
174 582 5
175 863 3
176 824 7
176 916 2
177 280 5
177 611 2
177 744 2
178 580 6
178 797 9
180 19 2
180 152 4
181 331 2
181 964 53
182 728 27
184 141 4
184 161 3
185 5 74
185 42 4
186 272 10
186 582 2
192 72 2
192 177 12
192 392 18
192 536 3
192 898 13
192 999 2
193 8 2
193 28 2
193 131 18
193 375 34
193 422 11
193 718 3
194 321 35
194 677 2
196 286 6
196 377 119
197 100 6
197 297 2
197 769 2
198 3 2
198 196 4
198 812 7
200 445 29
200 577 19
200 924 6
201 39 2
202 11 9
205 457 10
208 12 2
208 88 2
209 55 11
210 1 2
212 285 10
214 585 6
216 138 796
216 792 8
217 923 2
219 389 18
220 658 7
222 532 92
222 852 2
225 316 3
225 948 30
226 157 10
230 9 2
231 290 2
232 5 15
232 65 9
232 80 6
232 130 80
233 212 2
233 973 5
234 848 5
235 281 13
235 645 73
238 642 2
239 370 4
240 18 2
240 66 3
240 914 35
241 206 4
241 245 7
242 156 13
244 33 14
244 356 4
245 705 6
246 64 3
248 0 5
248 290 2
248 902 4
250 46 11
256 1 8
256 4 4
256 5 6
256 68 4
256 69 2
256 160 48
256 243 5
256 312 4
256 344 31
256 416 3
256 522 2
256 705 5
256 764 2
256 772 3
256 904 21
257 272 6
257 806 2
257 912 18
258 24 2
258 34 20
258 880 11
259 226 63
259 268 5
260 256 29
260 295 5
260 522 2
260 545 2
260 678 4
261 8 2
261 67 11
261 72 75
261 672 2
261 995 13
262 32 12
262 134 11
262 193 45
262 256 2
262 906 3681
262 1013 20
264 296 2
264 320 6
264 568 8
265 632 5
266 11 2
266 326 4
266 336 20
267 523 4
267 581 2
268 12 9
268 192 2
268 524 2
268 577 6
269 640 259
270 532 2
270 642 2
272 162 2
272 208 2
272 234 3
272 259 2
272 554 2
272 640 4
272 684 35
272 899 2
273 47 2
273 693 6
274 98 2
274 334 6
275 133 2
275 401 2
275 485 2
276 288 10
276 392 4
276 394 2
276 628 9
276 661 13
277 8 18
277 27 2
277 128 55
278 258 2
279 18 2
279 901 44
280 82 2
280 600 2
280 674 35
281 101 17
282 576 2
282 787 3
283 514 2
287 448 2
287 802 2
288 224 5
288 292 2
288 341 6
288 776 7
289 36 2
289 60 295
289 345 2
289 472 2
290 388 12
291 768 2
291 967 2
292 7 27
292 524 3
294 27 27
294 864 2
296 57 3
296 288 2
296 336 2
296 409 2
296 516 3
297 167 2
297 389 17
297 742 7
299 78 7
299 291 178
300 29 2
300 140 2
301 274 4
301 777 2
304 8 9
304 258 3
304 292 250
305 11 17
305 34 23
305 576 2
306 36 10
306 918 11
308 21 18
308 692 2
308 832 21
308 848 5
309 77 2
309 774 5
310 44 2
310 936 2
312 514 9
314 376 2
314 518 16
318 914 2
320 29 4
320 315 15
320 407 6
320 428 6
320 641 7
321 337 2
321 768 13
322 0 58
322 80 6
322 272 2
322 899 6
322 902 22
323 360 2
323 515 5
324 16 5
324 200 146
325 74 3
325 614 2
325 720 35
326 11 2
326 116 2
326 280 9
328 853 98
329 35 5
329 836 11
330 8 2
332 643 2
334 265 3
334 288 7
335 83 12
336 18 2
336 100 2
336 576 7
336 632 2
337 768 2041
338 33 4
338 160 178
338 169 8
340 0 79
340 106 5
340 704 14
341 576 3
342 15 40
342 168 10
342 272 4
342 536 2
343 475 25
344 188 2
344 676 2
345 32 3
345 728 2
346 11 2
347 11 3
347 296 2
347 313 21
352 409 2
352 794 31
352 860 51
353 389 2
353 684 6
354 25 4
354 969 2
355 134 5
355 634 7
356 800 233
357 433 32
360 555 7
360 732 34
360 784 4
360 810 7
363 424 2
364 740 4
368 49 4
368 925 2
372 352 3
375 77 7
376 193 2
379 333 2
380 339 2
384 6 3
384 156 22
384 332 10
384 423 4
384 457 17
384 531 10
384 692 5
385 2 2
385 75 19
385 213 2
385 214 6
385 563 3
386 64 6
386 158 3
386 206 2
386 275 87
386 849 10
386 912 11
387 147 10
387 1016 4
389 596 4
391 461 5
391 800 9
392 38 4
392 553 2
394 80 7493524
394 590 4
396 536 2
396 960 2
397 305 2
397 518 2
398 943 2
400 21 6
400 144 3
401 932 15
402 80 3
402 769 2
403 20 2
404 298 2
405 160 3
406 928 2
407 591 3
408 66 3
408 576 13
409 66 2
409 417 2
409 888 2
410 520 19
412 6 3
414 932 228
415 101 6
416 52 2
416 279 2
416 832 2
417 577 1354
419 7 2
420 32 2
420 114 2
420 288 2
420 538 16
423 384 2
424 481 3
425 261 4
425 746 44
425 776 8
427 580 3
428 32 2
428 194 2
428 620 363
428 880 4
430 68 10
430 203 3
433 24 3
433 197 3
433 398 40
436 597 2
436 641 7
441 21 2
442 691 2
444 769 22
448 513 3
449 321 8
452 48 11
452 205 4
452 512 2
454 9 14
454 437 16
456 105 3
458 101 29
460 197 28
460 462 21
462 516 3
464 265 2
465 761 2
467 211 2
467 300 2
469 425 12
472 226 3
473 6 2
473 600 11
476 775 7
480 665 2
480 928 70
481 288 2
482 208 2
482 285 64
483 276 2
488 3 12
488 334 3
489 64 4
491 112 8
496 978 8
505 332 2
506 706 12
512 1 6
512 5 4
512 36 4
512 52 2
512 65 2
512 96 41
512 420 2
512 453 5
512 482 6
512 522 2
512 685 2
512 936 12
513 5 4
513 42 2
513 65 4
513 315 2
513 644 3
514 572 3
515 273 6
516 33 7
516 169 2
516 357 40
516 442 2
516 582 14
517 0 2
517 8 2
517 34 2
517 132 2
517 177 3
517 233 4
517 281 9
517 534 9
520 94 7
520 296 12
520 436 6
521 81 10
521 229 13
521 450 20
521 546 2
521 554 2
521 560 2897
522 1 40
522 234 6
522 549 2
524 159 8
524 173 2
524 520 2
525 134 2
525 820 2
526 548 4
526 776 2
528 10 2
528 36 39
528 97 24
528 344 13
528 801 2
529 16 6
529 260 14
529 517 6
529 737 2
529 836 2
530 20 8
530 278 4
530 325 2
530 522 2
532 11 2
532 292 4
532 853 2
534 6 2
534 425 25
534 932 17
535 10 14
536 10 5
536 412 20
536 687 2
540 256 8
541 344 6
544 6 2
544 21 2
544 24 13
544 401 2
544 429 8
544 551 6
545 209 5
545 743 18
545 914 3
546 2 4
546 263 13
546 758 2
546 900 2
547 265 8
548 169 4
548 512 17
548 586 2
549 68 2
549 647 2
550 800 2
551 4 4
552 136 4
552 640 2
552 932 18
553 36 2
554 4 28
556 409 2
557 6 6
557 770 2
559 557 2
560 18 9
560 96 4
560 104 4
560 168 2
560 354 2
561 10 2
561 993 2
562 162 24
562 977 2
562 992 10
563 20 4
563 410 2
564 28 13
566 4 4
566 44 5
566 132 49
567 793 45
569 522 4
571 100 2
571 457 2
572 64 24
572 257 18
573 886 8
576 4 28
576 5 13
576 19 2
576 133 2
576 525 10
576 547 2
577 72 2
577 222 2
577 577 11
577 661 57
578 136 4
578 572 4
578 575 2
579 80 10
579 136 2
579 789 68
580 64 2
580 507 4
580 528 19
581 645 12
583 129 7
584 432 12
585 64 8
585 208 2
585 354 2
585 389 2
586 530 6
590 276 4
590 300 8
590 520 6
590 788 170
591 147 2
592 322 4
592 528 2
592 566 4
592 585 53
592 856 10
593 429 2
595 58 28
595 557 4
596 33 7
596 91 1624
599 92 10
599 569 2
600 115 2
600 562 9
600 573 1570443
600 575 3
601 431 16
602 480 22
604 913 21
604 1006 87
605 80 10
606 281 25
606 807 2
608 522 7
608 576 3
608 648 5
609 210 3
609 225 2
609 526 2
609 768 2
610 24 2
611 125 10
614 936 8
616 450 5
616 806 5
617 374 2
618 70 2
618 1004 4
619 76 3
623 1000 2
624 579 2
625 5 6
626 114 4
626 528 4
627 3 4
627 977 2
628 76 2
629 446 5
633 812 2
637 73 2
638 161 14
640 16 22
640 160 2
640 246 2
640 467 3
640 732 9
640 938 2
640 952 2
641 192 50
642 512 4
642 562 2
642 724 14
643 73 2
643 775 2
644 387 15
644 660 2
644 756 5
644 769 2
645 963 2
646 289 6
646 388 8
648 76 14
648 210 23
648 369 8
648 769 12
649 4 3
649 48 9
650 953 2
652 594 2
654 129 5
654 565 2
655 761 166
656 3 5
656 259 10
656 370 14
656 833 2
657 201 7
658 10 2
658 640 7
660 69 11
660 85 2
660 648 4
661 244 56
661 608 9
662 374 13
664 16 9
664 205 6
664 781 78
665 3 4
667 587 40
668 163 2
668 749 3
670 515 18
672 64 6
672 129 3
672 514 2
672 608 3
673 104 6
674 401 9
674 672 2
675 470 2
676 52 4
678 237 31
679 556 2
680 20 2
680 39 30
680 105 2
680 450 4
681 33 2
682 14 3
683 278 2
686 593 2
688 385 155
689 80 2
691 12 24
693 397 2
694 6 21
694 931 13
694 976 9
696 885 2
700 229 2
701 941 2
704 34 19
704 76 10
704 292 30
704 370 7
704 514 17
705 854 2
706 17 2
706 161 2
706 460 4
708 108 9
709 325 7
709 644 88
710 2 15
711 19 2
712 141 28
712 283 1011
712 294 11
712 862 3
713 593 2
713 837 3
716 98 3
716 339 11
716 649 2
716 842 4
719 512 6
720 144 15
721 104 5
721 170 6
721 323 6
722 82 2
722 100 3
722 104 5
722 258 4
722 393 5
722 464 5
723 142 2
724 596 2
725 44 2509
732 834 106
737 25 2
737 64 23
737 288 17
737 610 5
738 970 3
740 235 2
740 778 14
741 45 2
741 260 2
743 787 4
744 124 2
744 280 2
744 762 3
746 536 15
752 261 7
752 786 7
754 32 2
759 130 2
760 40 309
760 257 14
760 300 10
765 513 4
768 326 54
768 608 15
768 926 5
769 34 7
769 773 10
770 67 46
770 256 14
770 515 17
771 793 2
771 800 2
772 0 3
772 32 2
772 130 2
774 936 3
775 48 2
776 586 98
777 6 2
777 200 7
777 539 19
777 554 2
778 389 3
780 14 10
780 193 4
780 552 28
780 901 45
781 222 3
781 496 2
782 226 21
782 405 4
784 514 23
784 841 2
785 257 2
786 142 2
786 521 4
786 914 6
787 199 2
788 25 2
788 324 3
788 332 13
792 274 3
792 540 3
792 594 2
793 52 3
793 498 10
795 661 2
798 776 9
800 97 3
800 133 11
801 34 2
801 312 2
804 0 29
805 387 2
805 781 3
806 480 4
808 526 18
808 945 3
810 17 4
812 778 8
814 161 1771
814 264 15
814 523 2
814 905 3
816 18 8
816 24 3
817 784 4
818 253 2
821 236 4
822 211 8
828 592 8
830 356 14
832 21 2
832 30 15
832 281 3
832 304 6807
834 32 203
834 67 4
834 104 2
834 148 33
834 912 2
835 392 2
835 583 2
836 86 4
836 485 6
839 21 3
840 96 2
840 106 2
840 545 2
841 32 2
843 939 14
845 561 2984
845 624 2
848 90 9
848 188 11
848 899 9
850 308 5
851 195 3
852 72 2
852 824 2
856 256 2
856 866 5
857 42 2
862 130 11
864 786 16
866 260 7
868 332 4
870 68 2
871 264 9
872 50 28
873 9 2
874 360 8
882 778 3
884 802 2
885 601 4
894 392 3
895 603 25
896 330 20
896 868 2
897 39 17
897 115 23
897 523 2
898 336 20
898 699 4
899 537 7
900 4 14
902 420 2
904 231 5
904 888 46
904 929 2
905 248 10
905 572 10
906 137 46
906 328 2
908 456 2
910 614 20
911 10 6
911 896 12
912 2 3
912 129 3
912 388 2
914 216 2
914 776 2
914 968 7
916 742 2
920 200 2
921 320 10
922 8 2044
922 784 4
928 384 6
928 516 2
929 10 2
929 257 2
929 316 2
930 547 3
930 720 10
931 657 9
932 274 2
932 783 5
934 94 7
938 261 7
938 552 4
940 512 2
945 456 4
948 9 2
952 37 4
961 131 8
961 333 2
961 472 4
966 197 17
966 555 9
968 352 3
968 360 12
969 769 2
975 205 2
976 779 4
977 34 16
978 817 3
984 324 5
984 483 6
986 772 2
988 366 6
990 35 3
996 836 190
998 179 17
1000 260 11
1001 286 2
1004 129 11
1011 36 2
1013 316 2
1018 358 2
1020 385 2
1021 643 4
