0 9 2
0 17 79
0 18 3
0 47 2
0 112 2
0 135 2
0 150 2
0 215 3
0 265 4
0 352 16
0 646 2
0 674 4
0 679 3
0 902 3
0 936 2
1 7 2
1 15 30
1 30 2
1 82 2
1 135 6
1 228 7
1 292 134
1 481 4
1 535 8
1 565 9
1 644 11
1 768 9
1 920 2
2 0 2
2 132 4
2 167 2
2 260 3
2 523 3
2 826 14
3 24 2
3 272 2
3 530 2
3 592 13
3 652 10
4 0 9
4 4 2
4 15 2
4 60 418
4 293 2
4 517 13
4 576 2
4 774 4
4 803 81
5 584 2
5 887 3
6 3 2
6 148 2
6 212 68
6 259 3
6 267 4
6 268 2
6 466 7
6 512 3
6 1002 10
7 237 2
7 715 11
8 1 11
8 2 20
8 19 14
8 32 3
8 42 6
8 202 2
8 273 29
8 486 4
8 735 3
8 850 2
8 902 4
9 39 4
9 823 3
10 13 4
10 40 2
10 75 2
10 523 11
10 680 2
10 778 2
11 204 6
11 586 8
12 65 2
12 128 2
12 634 11
13 320 18
14 127 5
14 210 2
15 352 3
15 485 2
16 9 3
16 24 27
16 64 3
16 132 2
16 148 3
16 198 2
16 643 28
17 48 2
17 129 11
18 51 2
18 290 14
18 645 8
19 7 5
19 24 2
20 1 2
20 28 2
20 36 2
20 69 2
20 176 7
21 116 5
21 258 2
21 308 2
22 97 14
22 133 9
22 281 10
22 320 2
22 331 4
22 565 2
23 328 2
23 770 12
24 533 2
24 781 8
24 786 2
25 592 11
26 20 5
26 109 9
26 801 2
27 210 3
27 547 2
27 549 8
28 42 13
28 72 2
29 532 7
30 52 2
30 129 2
30 588 41
32 33 8
32 42 2
32 196 2
32 204 5
32 211 2
32 219 19
32 414 3
32 641 2
32 721 6
32 803 2
32 848 2
32 960 4
33 320 3
33 898 2
34 144 11
34 292 2
34 324 4
34 561 11
34 663 2
34 720 7
34 800 4
35 65 2
35 551 9
35 689 6
36 12 3
36 48 10
36 257 3
36 266 2
36 288 2
36 448 20
36 705 3
36 858 2
37 13 26
37 594 3
37 673 9
38 180 14
38 204 2
38 544 2
39 520 2
39 982 2
40 9 7
40 20 2
40 256 15
40 512 8
40 605 19
40 645 2
40 672 7
40 756 45
40 840 6
40 980 2
41 276 2227
41 321 2
41 513 51
41 987 32
42 140 3
42 329 44
42 411 14
42 778 2
42 839 2
43 1 3
44 10 3
44 47 9
44 794 2
45 23 4
45 50 4
45 266 2
45 844 2
46 57 2
48 176 14
48 193 4
48 198 6
48 226 2
48 646 17
48 789 271
48 932 35
49 17 25
50 113 29
50 528 2
51 70 2
51 377 6
51 516 14
52 256 2
52 285 22
52 899 2
54 112 100
56 89 228
56 560 7
57 5 2
57 128 14
58 113 26
58 470 21
59 292 49
59 583 4
60 33 4
60 112 5
60 948 2
61 644 3
62 521 2
62 612 3
64 1 2
64 26 6
64 41 3
64 192 890
64 194 2
64 197 2
64 203 2
64 272 4
64 370 10
64 481 2
64 514 2
64 686 32
64 756 11
64 780 12
65 25 8
65 96 16
65 218 4
65 241 690
65 421 15
65 571 4
65 614 2
66 140 7
66 545 2
67 73 8
67 453 2
67 840 11
68 192 6
68 226 21
68 284 11
68 322 2
68 576 2
69 138 63
69 529 3
69 768 3
70 608 2
70 642 2
70 646 2
70 672 2
71 409 2
71 700 2
72 37 6
72 65 3
72 533 6
73 39 2
73 640 2
73 999 4
74 600 4
74 768 2
74 1012 2
75 576 4
76 76 2
76 133 5
76 262 9
76 586 12
76 855 42
77 267 2
77 450 2
78 919 29
79 165 3
79 386 4
80 0 7
80 51 4
80 132 23
80 211 4
80 528 20
80 677 2
80 920 2
82 280 14
83 304 11
83 784 2
84 64 2
84 74 246
84 216 2
84 490 2
85 31 3
85 65 2612
86 234 2
86 524 12
87 353 3
87 462 2
87 512 58
87 515 2
89 2 6
89 4 3
90 20 5
90 988 44
91 154 6
91 652 57
91 951 2
93 134 3
94 869 2
94 954 15
95 34 4
96 32 6
96 80 5
96 103 2
96 148 2
96 208 13
96 220 30
96 276 2
96 304 2
96 321 2
96 547 3
96 776 2
96 820 3
97 48 18
97 167 5
97 195 7
97 286 2
97 473 2
97 525 2
98 14 6
98 352 2
98 671 39
98 928 2
99 117 11
99 249 5
100 901 2
101 161 3
101 169 6
101 599 12
102 6 7
102 78 7
102 166 4
104 28 4
104 48 4
104 64 3
104 132 34
104 512 6
105 3 3
105 296 4
106 516 9
106 652 3
107 3 10
107 129 2
108 514 4
109 707 921
112 1 2
112 28 4
112 84 17
112 165 46
112 776 921
114 416 96
114 452 2
114 497 2
116 33 9
117 803 193
118 565 5
119 446 2
119 836 8
121 536 129
122 294 7
123 600 40
124 348 2
128 58 9
128 200 2
128 208 7
128 320 2
128 362 2
128 806 22
129 10 2
129 37 26
129 88 9
129 163 11
130 272 11
130 368 2
130 520 6
130 528 4
130 532 2
130 540 56
130 675 15
130 980 17
132 6 210
132 94 59
132 137 10
132 516 85
132 713 2
133 614 12
134 67 21
134 224 15
134 377 9
134 516 2
135 258 23
135 544 29
136 21 2
136 39 2
136 160 8
136 482 2
136 610 8
136 657 7
136 684 17
137 325 15
137 778 24236
138 266 109
138 415 5
138 590 2
139 87 3
139 426 3
139 865 4
140 72 11
140 135 9
140 143 58
140 464 2
140 724 2
140 776 2
143 144 9
143 187 2
143 286 6
143 642 2
144 248 4
144 257 2
144 418 28
145 1 9
145 2 2
145 94 10
145 184 3
145 273 19
145 392 2
145 576 2
146 69 25
146 146 11
146 396 10
146 910 4
148 24 24
148 130 4
148 139 6
148 464 2
148 515 2
149 20 3
149 633 4
149 649 14
150 141 12
150 160 3
150 656 2
151 102 6
151 132 16
153 26 11
153 151 3
153 171 2
153 598 7
153 961 2
156 133 2
156 521 248
157 404 15
158 104 39
159 526 7
160 144 16
160 644 3
160 801 11
161 326 7
161 576 7
161 898 5
162 290 18
162 306 2
162 517 4
163 227 2
163 361 2
164 38 3
164 481 6
164 646 2
165 397 17
167 104 2
167 289 2
167 384 4
167 712 17
168 8 5
168 52 4
168 67 8
168 98 2
168 480 2
169 351 2
169 514 2
171 810 3
172 664 2
174 493 199
176 32 2
176 137 2
176 270 3
176 824 10
176 864 19
176 932 5
177 280 9
177 560 2
177 744 9
178 100 2
178 144 2
178 797 14
179 429 12
180 600 122
181 331 5
181 768 460
182 672 2
182 728 3
184 141 4412
184 161 46
184 664 2
185 42 7
185 391 9
186 582 2
187 800 2
192 43 2
192 52 52
192 72 8
192 177 2
192 392 2
192 536 3
192 713 2
192 898 10
192 999 15
193 8 2
193 162 2
193 375 2
193 718 2
194 321 4
194 592 12
196 286 2
196 377 2
197 297 4
197 592 2
197 611 5
198 3 19
198 196 2
198 812 29
200 445 2
200 577 6
201 98 2
201 140 3
202 11 5
203 654 3
204 6 14
204 520 3
205 457 2
206 80 2
206 530 2
208 88 11
208 534 4
209 55 5
209 513 47
210 1 32
210 882 2
212 69 11
212 285 49
213 64 30
214 585 6
216 138 5
216 792 9
218 86 15
222 852 2
225 257 36
225 316 7
227 336 35
228 294 7
231 261 12
231 290 2
232 5 3
232 80 10
232 130 2
232 480 2
233 212 4
234 848 2
235 645 11
237 91 2
238 620 457
238 642 5
239 370 34
239 560 2
240 18 3
241 245 2
244 932 24
248 0 6
248 290 16
248 902 2
250 46 2
256 1 2
256 68 2
256 69 8
256 262 3
256 344 10
256 416 20
256 616 11
256 772 2
256 804 2
256 904 184
256 963 2
256 992 2
257 0 2
257 268 2
257 272 2
257 680 2
257 806 46
257 912 2
257 920 5
258 24 7
258 34 18
258 36 27
258 265 8
258 810 2
259 100 2
259 327 2
259 532 3
260 131 2
260 256 4
260 295 4
260 522 5
260 678 4
261 8 10
261 67 2
261 672 2
262 32 2
262 134 7
262 193 5
262 256 2
262 1013 7
264 1 5
264 320 2
265 264 2
265 339 2
265 632 6
266 56 11
266 242 21
266 326 18
266 336 2
266 504 13
268 34 2
268 192 2
268 512 2
268 524 2
268 577 2
269 444 4
270 532 10
272 41 1331
272 225 2
272 234 5125
272 259 67
272 378 34
272 554 2
272 640 492
272 899 155
273 581 12
273 693 2
274 334 8
275 4 3
275 16 2
275 116 2
275 133 5
276 538 7
276 628 2
277 8 74
279 901 14
281 101 144
282 136 2
282 576 23
283 35 10
283 514 2
284 835 5
285 104 6
286 12 2
286 624 3
286 832 6
288 47 117
288 132 5
288 224 2
289 36 14
289 156 5
289 468 9
289 753 9
290 0 7
290 258 7
290 328 6
291 32 3
291 768 3
291 967 3
292 19 6
292 162 4
292 524 2
292 593 18
293 960 4
294 742 2
296 57 2
296 131 2
296 336 2
296 409 26
296 516 4
297 325 6
297 389 2012
297 742 2
298 800 7
299 291 2
300 140 2
301 274 2
301 777 3
304 8 8
304 42 2
304 63 4
304 106 2
304 212 4
305 11 5
305 576 6
306 36 2
306 550 2
306 918 19
307 514 14
308 21 3
308 640 17
308 692 15
308 832 7
310 44 997
310 936 14
314 109 36
314 156 14
314 376 8
315 739 10
316 452 2
318 532 17
318 914 13
320 29 2
320 641 6
320 720 2
321 4 3
321 834 3
322 0 2
322 416 56
322 902 3
323 360 2
324 106 67
324 179 26
324 200 40
324 513 11
324 530 4
325 6 9
325 145 3
325 192 5
325 614 13
325 720 4
326 11 22
326 32 4
327 698 2
328 45 14
329 258 4
329 836 4
331 512 5
332 456 2
332 643 3
335 83 2
335 391 13
336 18 12
336 632 2
337 352 2
337 768 2153
338 160 2
338 169 2
340 106 7
340 704 19
340 763 3
342 168 2
342 272 4
342 536 2
343 475 1687818
344 188 33
345 32 2
345 728 14
346 89 2
347 11 16
348 128 2
348 395 37
349 12 7
352 409 35
352 419 2
352 680 54
352 860 66
353 389 2
353 684 8
354 25 3
354 30 5
354 836 6
356 800 12
357 641 21
358 3 1026
358 168 5
358 197 2
360 514 8
360 555 11
360 732 19
360 810 9
361 316 5
362 34 8
366 657 2
368 49 7854
368 738 2
368 925 3
371 112 2
375 77 5
379 333 10
380 339 5
381 531 182
382 562 4
384 168 2
384 332 4
384 423 2
384 481 7138
384 531 8
384 597 2
384 692 7
385 213 183
385 214 2
385 563 2
386 64 5
386 73 27
386 160 4
386 206 8
386 275 3
386 849 17
386 912 274
387 545 6
388 332 2
390 566 2
391 800 3
392 38 17
393 461 13
394 590 5
395 4 3
396 6 2
396 546 7
396 777 7
396 915 2
397 132 3
397 518 2
398 943 2
399 9 2
400 712 18
401 284 8
401 673 7
401 932 5
402 769 15
403 98 3
404 209 2
404 298 17
408 405 4
408 576 2
409 66 55
409 105 3
409 417 15
409 888 2
410 520 5
411 20 4
412 6 5
413 640 5
414 932 2
416 292 8
416 531 10
417 577 2
418 16 2
419 7 2
419 62 6
420 32 26
420 114 2
420 288 5
420 538 7
422 736 2
423 384 2
423 651 4
425 161 9
425 746 18
428 32 4
428 194 7
430 8 16
430 203 3
433 24 16
433 197 2
433 398 721
434 734 8
436 597 2
441 21 5
442 691 60
444 769 13
444 801 11
448 92 2
448 655 13
449 321 2
450 450 8
452 136 2
452 205 37
454 437 2
455 640 6
456 367 5
456 376 2
456 774 2
458 743 8
460 566 11
461 625 12
461 901 2
462 516 6
463 916 10
465 761 5
466 58 2
467 211 327
467 300 9
469 425 2
472 226 5
472 801 3
473 600 6
473 800 7
476 775 15
480 665 7
480 731 2
480 928 6
481 416 2
482 64 2
482 208 18
482 285 30
483 555 4
484 841 2
485 134 4
488 3 7
488 269 10
488 334 3
489 64 3
496 978 3
501 519 12
504 267 12
512 5 4
512 36 6
512 65 2
512 96 2
512 153 2
512 173 2
512 438 3
512 482 3
512 522 4
512 685 4
512 936 4
513 100 2
513 112 10
513 340 2
513 548 3
513 640 8
513 644 11
514 11 4
514 522 2
514 780 11
515 157 27
515 598 193
516 69 2
516 169 11
516 442 16
516 605 2
517 0 3
517 8 2
517 34 7
517 177 2
517 233 5
517 281 4
517 525 2
517 676 2
518 0 2
518 41 3
518 66 2
519 517 3
519 967 2
520 9 2
520 94 2
520 164 1805
520 328 126
520 896 7
521 131 2
521 229 2
521 450 4
521 546 2
521 560 272
522 121 15
522 652 85
523 650 4
524 159 10
524 173 434
524 520 2
525 820 2
526 776 4
527 36 41
528 10 7
528 33 2
528 36 2
528 171 12
528 344 2
528 512 2
528 580 6
528 611 3
528 801 2
529 517 2
529 737 3
529 836 6
530 132 2
530 522 15
532 11 6
532 292 4
532 550 9
533 5 5
533 37 10
533 787 2
534 6 2
534 425 11
534 786 2
534 932 7
535 10 2
536 10 3
536 244 3
536 902 3
537 257 2
537 478 2
538 74 23
538 84 4
538 820 3
540 481 11
544 6 2
544 24 9
544 160 260
544 401 2
544 536 19
544 542 3
544 597 2
544 718 2
545 209 6
545 743 2
546 4 2
546 263 6
546 612 3
546 900 2
547 265 2
547 427 3
547 577 33
548 512 15
548 577 2
548 586 5
549 68 10
549 97 2
549 146 2
550 649 7
551 40 13
551 89 85
552 136 2
552 932 20
553 36 2
553 102 2
553 933 17
554 4 4
555 52 2
555 418 4
556 409 6
557 6 4
557 15 10
557 400 3
557 557 42
560 104 133741
560 168 2
561 521 2
561 993 3
562 977 4
562 992 15
564 28 8
564 659 3
565 105 19
566 4 20
566 44 11
566 132 3
567 793 2
569 385 2
569 522 24
571 100 29
571 457 83
572 36 2
572 257 9
572 370 3
572 777 6
573 886 11
576 19 4
576 76 7
576 133 2
576 172 3
576 193 14
576 371 7
576 525 2
577 222 11
577 292 4
577 401 4
577 577 10
577 997 22
578 26 8
578 120 2
578 136 155237
578 554 2
578 575 6
579 80 2
579 136 8
579 621 14
579 789 53
580 507 2
581 645 11
583 129 4
584 432 2
585 208 6
585 217 8
585 354 11
585 389 2
588 784 4
589 389 6
590 300 12
590 520 12
590 788 39
591 147 2
592 566 29
592 585 2
592 856 14
593 429 65
595 557 2
596 154 7
596 385 2
597 387 2
599 92 6
599 176 2
600 562 7
602 480 17
604 913 2
604 1006 4
606 281 2
606 807 2
607 393 3
608 185 12
608 522 2
608 576 2
608 648 21
609 28 8
609 225 3
609 526 2
610 24 2
611 125 2
612 170 24
612 534 63
614 265 5
614 936 12
616 450 2
617 908 2
619 76 4
619 140 3
619 231 4
621 293 11
623 1000 22
624 579 2
625 5 3
625 261 2
626 528 2
626 608 2
627 3 2
627 418 48
627 977 2
628 76 77
629 528 2
631 24 2
632 18 6
633 812 3
638 161 2
640 4 7
640 6 16
640 16 2
640 160 7
640 246 4
640 258 2
640 369 26
640 421 5
640 467 2
640 659 2
640 732 2
642 512 276
642 724 2
644 660 2
644 756 6
645 4 11
646 289 2
646 388 17
648 98 6
648 369 8
648 512 4
648 694 4
648 769 2
649 4 8
649 48 2
650 108 74
650 216 5
650 953 20
651 290 8
652 257 15
652 594 4
654 565 4
656 3 3
656 259 58
656 278 30
657 79 2
658 26 13
658 226 26
660 36 7
660 69 2
660 648 3
661 244 9
661 608 10
662 374 14
664 539 36
664 781 3
665 260 2
666 66 142
668 163 5
668 749 2
672 1 11
672 129 11
672 514 5960
672 608 15
672 717 105
673 104 3
673 656 98
674 259 3
674 401 15
675 257 7
677 121 205
677 641 2
680 540 7
682 14 3
682 156 3
683 278 9
684 1008 2
686 426 5
686 593 3
689 80 7
690 110 2
691 12 18
692 260 3
693 397 880
693 522 2
694 768 2
694 931 3
695 517 5
695 585 4
697 710 5
700 18 7
700 229 3
700 864 2
701 941 24
704 34 27
704 76 2
704 292 2
704 370 12
704 514 25
705 596 2
706 17 2
706 161 3
706 732 2
708 108 2
709 354 142
709 644 2
711 19 24
712 141 2
712 294 10
712 862 6
713 593 17
713 837 2
716 339 2
716 649 2
719 512 2
720 7 2
720 144 260
721 0 12
721 104 21
721 323 2397
721 584 3
722 100 26
722 393 12
722 464 2
723 142 6
724 596 2
725 44 13
725 65 2
727 200 732405
728 227 2
729 578 2
737 25 22
737 64 3
737 288 7
737 610 22375
738 970 5
740 235 2
740 801 2
741 45 29
741 260 2
742 97 16
743 787 4
744 124 2
746 386 3
751 506 9
752 786 4
760 40 71
760 220 2
760 300 2
763 668 12
768 68 12
768 226 5
768 502 26
768 608 3
768 666 4
768 738 7
769 34 2
769 350 4
770 67 15
770 515 24
771 128 5
771 793 32
772 0 83
772 32 2
772 130 17
773 1 3
774 8 3
774 936 17
775 48 1331
776 101 2
776 155 2
776 697 6
777 6 68
777 84 2
777 200 2
777 608 4877
777 641 3
778 389 2
778 707 5
780 16 12
780 901 7
781 222 2
782 226 2
784 514 101
784 549 10
784 569 3
784 634 2
785 45 6
786 521 12
786 576 181
786 914 40
787 199 9
792 16 13
793 52 31
793 628 2
795 422 2
798 776 13
800 45 21
800 73 6
800 97 2
800 133 2
800 824 922
801 642 2
802 660 8
802 769 10
803 512 2
804 337 2
805 387 3
805 781 3
806 43 2
806 326 105
806 480 2
808 526 2
808 945 168
810 17 2
810 394 10
819 69 2
819 538 3
821 236 2
822 211 32
824 392 19
824 978 2
830 356 199
832 21 47
832 30 2
832 43 96
832 304 2
832 548 13
833 147 2
833 999 553
834 0 28
834 32 16
834 67 2
834 912 3
835 392 2
836 86 87
836 485 9
839 21 2
840 96 7
840 545 5
840 800 27
841 32 4
845 561 4
845 624 4
848 188 2
848 899 2
849 1018 5
850 308 2
852 64 9
852 72 2
852 824 424
854 681 11
856 256 4
863 516 2
864 23 2
864 786 2
866 260 20
870 6 21
872 32 9
872 50 2
873 9 192
875 164 4
878 258 3
884 802 19
894 392 4
895 603 2
896 868 6
897 115 2
897 1002 2
898 699 4
899 736 14
900 162 3
902 131 2
902 420 2
904 112 5
904 231 8
904 888 2
904 929 3
905 196 11
906 137 2
906 210 2
908 456 6
910 614 9
912 2 18
912 129 37
912 388 9
914 669 3
915 431 2
916 742 2
916 777 16
917 560 67
917 912 2
920 200 21
921 272 4638
921 320 4
922 8 2
924 33 2
924 196 2
928 384 7
928 516 13
929 10 2
929 316 12
930 547 2316
930 720 2
931 230 3
933 657 5
934 94 2
938 261 3
940 512 2
941 771 2
944 165 2
944 756 12
945 456 7
947 568 8
948 9 2
951 818 2
953 905 2
956 846 6
958 844 2
960 358 2
961 131 3
961 291 2
961 472 35
965 937 48
966 29 2
966 197 4
966 555 4
968 51 2
968 360 18
969 313 2
969 769 2
970 180 7
971 566 25
975 205 2
976 321 3
977 549 12
978 817 2
984 483 2
986 772 2
987 962 2
988 366 2
990 35 5
996 836 2
998 127 7
1000 260 17
1002 652 2
1002 912 2
1011 36 4
1020 371 21
1020 385 2
1021 643 35
