0 9 15
0 17 8
0 18 2
0 47 2
0 112 2
0 135 2
0 150 4
0 215 2
0 265 2
0 352 2
0 646 2
0 674 2
0 679 4
0 902 2
0 936 43
1 7 180
1 15 2
1 30 2
1 82 2
1 135 8
1 228 2
1 292 3
1 481 3
1 535 5
1 565 2
1 644 2
1 768 2
1 920 2
2 0 6
2 132 8
2 167 11
2 260 4
2 523 10
2 826 4
3 24 4
3 272 2
3 530 2
3 592 3
3 652 15
4 0 12
4 4 192
4 15 10
4 60 29
4 293 2
4 517 13
4 576 2
4 774 5
4 803 2
5 584 2
5 887 11
6 3 2
6 148 3
6 212 2
6 259 2
6 267 34
6 268 14
6 466 3
6 512 2
6 1002 3
7 237 2
7 715 21
8 1 15
8 2 14
8 19 2
8 32 7
8 42 20
8 202 3
8 273 4
8 486 8
8 735 4
8 850 4
8 902 2
9 39 25
9 823 2
10 13 2
10 40 13
10 75 2
10 523 8
10 680 2
10 778 2
11 204 20
11 586 15
12 65 2
12 128 15
12 634 3
13 320 12
14 127 2
14 210 3
15 352 4
15 485 2
16 9 2
16 24 2564
16 64 2
16 132 3
16 148 2
16 198 2
16 643 3
17 48 2
17 129 12
18 51 14
18 290 3
18 645 3
19 7 12
19 24 116
20 1 6
20 28 2
20 36 2
20 69 21
20 176 3
21 116 438
21 258 4
21 308 17
22 97 6
22 133 2
22 281 5
22 320 2
22 331 3
22 565 15
23 328 354
23 770 5
24 533 2
24 781 2
24 786 2
25 592 7
26 20 8
26 109 2
26 801 2
27 210 4
27 547 4
27 549 22
28 42 19
28 72 2
29 532 15
30 52 89
30 129 4
30 588 9
32 33 8
32 42 2
32 196 504
32 204 2
32 211 2
32 219 12
32 414 14
32 641 2
32 721 2
32 803 2
32 848 2
32 960 9
33 320 17
33 898 3
34 144 17
34 292 13
34 324 13
34 561 18
34 663 2
34 720 5
34 800 3
35 65 27
35 551 9
35 689 5
36 12 2
36 48 6
36 257 5
36 266 3
36 288 2
36 448 14
36 705 4
36 858 4
37 13 10
37 594 8
37 673 2
38 180 5
38 204 12
38 544 5
39 520 14
39 982 8
40 9 18
40 20 48395
40 256 4
40 512 5
40 605 11
40 645 2
40 672 38
40 756 8
40 840 4
40 980 6
41 276 2
41 321 4
41 513 2
41 987 11
42 140 13
42 329 127
42 411 4
42 778 8
42 839 4
43 1 3
44 10 5
44 47 2
44 794 2
45 23 125
45 50 392
45 266 44
45 844 3
46 57 18
48 176 6
48 193 3
48 198 2
48 226 5
48 646 6
48 789 2
48 932 8
49 17 5
50 113 5
50 528 2
51 70 2
51 377 5
51 516 36
52 256 2
52 285 29
52 899 34
54 112 5
56 89 396
56 560 5
57 5 88
57 128 6
58 113 13
58 470 7
59 292 3
59 583 16
60 33 2
60 112 2
60 948 4
61 644 15
62 521 2
62 612 3
64 1 4
64 26 11
64 41 3
64 192 4
64 194 2
64 197 3
64 203 2
64 272 5
64 370 5
64 481 4
64 514 2
64 686 9
64 756 2
64 780 2
65 25 3
65 96 6
65 218 2
65 241 2
65 421 2
65 571 23
65 614 62
66 140 5
66 545 2
67 73 14
67 453 2
67 840 43
68 192 8
68 226 2
68 284 7
68 322 2
68 576 3
69 138 19
69 529 2
69 768 7
70 608 29
70 642 2
70 646 2
70 672 3
71 409 19
71 700 2
72 37 53
72 65 2
72 533 2
73 39 2
73 640 4
73 999 7
74 600 2
74 768 2
74 1012 14
75 576 5
76 76 47
76 133 21
76 262 20
76 586 3
76 855 6
77 267 28
77 450 3
78 919 2
79 165 3
79 386 2
80 0 9
80 51 71
80 132 15
80 211 7
80 528 3
80 677 4
80 920 24
82 280 2
83 304 5
83 784 2
84 64 3
84 74 30
84 216 2
84 490 2
85 31 29
85 65 2
86 234 2
86 524 6
87 353 6
87 462 65
87 512 9
87 515 2
89 2 6
89 4 5
90 20 2
90 988 18
91 154 3
91 652 2
91 951 2
93 134 3
94 869 2
94 954 3
95 34 6
96 32 7
96 80 6
96 103 2
96 148 2
96 208 9
96 220 7
96 276 4
96 304 3
96 321 27
96 547 10
96 776 340
96 820 136
97 48 2
97 167 2
97 195 16
97 286 66
97 473 17
97 525 13
98 14 4
98 352 3
98 671 11
98 928 20
99 117 2
99 249 2
100 901 11
101 161 2
101 169 2
101 599 23
102 6 12
102 78 6
102 166 13
104 28 59
104 48 2
104 64 7
104 132 4
104 512 15
105 3 21
105 296 2
106 516 2
106 652 12
107 3 3
107 129 2
108 514 3
109 707 60
112 1 3
112 28 8
112 84 13
112 165 173
112 776 24
114 416 2
114 452 2
114 497 2
116 33 2
117 803 52
118 565 3
119 446 2
119 836 2
121 536 10
122 294 14
123 600 2
124 348 2
128 58 7
128 200 6
128 208 4
128 320 2
128 362 3
128 806 2
129 10 5
129 37 2
129 88 2
129 163 19
130 272 5
130 368 22
130 520 6
130 528 14
130 532 7
130 540 2
130 675 2
130 980 26
132 6 141
132 94 2
132 137 9
132 516 2
132 713 2
133 614 2
134 67 62
134 224 17
134 377 10
134 516 712
135 258 2
135 544 5
136 21 44
136 39 2
136 160 7
136 482 2
136 610 4
136 657 2
136 684 7
137 325 8
137 778 173
138 266 2
138 415 3
138 590 2
139 87 13
139 426 10
139 865 3
140 72 9
140 135 6
140 143 2
140 464 3
140 724 2
140 776 2
143 144 194
143 187 2
143 286 21
143 642 2
144 248 2
144 257 503
144 418 9
145 1 3
145 2 31
145 94 6
145 184 8
145 273 10
145 392 13
145 576 2
146 69 13
146 146 3
146 396 12
146 910 161
148 24 3
148 130 4
148 139 11
148 464 5
148 515 4
149 20 3
149 633 2
149 649 9
150 141 3
150 160 46
150 656 2
151 102 2
151 132 115
153 26 104
153 151 2
153 171 2
153 598 5
153 961 16
156 133 3
156 521 2
157 404 8
158 104 3
159 526 2
160 144 12
160 644 2
160 801 8
161 326 11
161 576 10
161 898 2
162 290 12
162 306 2
162 517 5
163 227 4
163 361 2
164 38 10
164 481 2
164 646 145
165 397 28
167 104 2
167 289 4
167 384 15
167 712 21
168 8 62
168 52 4
168 67 2
168 98 2
168 480 2
169 351 2
169 514 2
171 810 3
172 664 2
174 493 151
176 32 2
176 137 107
176 270 17
176 824 10
176 864 12
176 932 2
177 280 10
177 560 3
177 744 4
178 100 2
178 144 8
178 797 10
179 429 39
180 600 5
181 331 13
181 768 21
182 672 28
182 728 2
184 141 644
184 161 2
184 664 10
185 42 28
185 391 25
186 582 2
187 800 28
192 43 2
192 52 14
192 72 38
192 177 96
192 392 4
192 536 8
192 713 5
192 898 2
192 999 25
193 8 3
193 162 15
193 375 2
193 718 2
194 321 5
194 592 4
196 286 197
196 377 18
197 297 15
197 592 3
197 611 13
198 3 2
198 196 26
198 812 10
200 445 2
200 577 2
201 98 3
201 140 7
202 11 9
203 654 2
204 6 14
204 520 6
205 457 27
206 80 220
206 530 4
208 88 4
208 534 2
209 55 2
209 513 8
210 1 2
210 882 2
212 69 4
212 285 8
213 64 11
214 585 4
216 138 57
216 792 13
218 86 18
222 852 38
225 257 2
225 316 7
227 336 2
228 294 17
231 261 5
231 290 2
232 5 2
232 80 3
232 130 2
232 480 97
233 212 10
234 848 2
235 645 15
237 91 25
238 620 2
238 642 3
239 370 2
239 560 2
240 18 16
241 245 2
244 932 85
248 0 6
248 290 14
248 902 2
250 46 2
256 1 2
256 68 3
256 69 4
256 262 3
256 344 8
256 416 5
256 616 3
256 772 519
256 804 13
256 904 2
256 963 34
256 992 2
257 0 2
257 268 2
257 272 4
257 680 3
257 806 5
257 912 2
257 920 2
258 24 3
258 34 2
258 36 2
258 265 35
258 810 2
259 100 2
259 327 2
259 532 2
260 131 9
260 256 2
260 295 4
260 522 3
260 678 9
261 8 7
261 67 5
261 672 4
262 32 4
262 134 32
262 193 2
262 256 2
262 1013 5
264 1 3
264 320 9
265 264 3
265 339 4
265 632 3
266 56 5
266 242 6
266 326 2
266 336 2
266 504 2
268 34 2
268 192 19
268 512 16
268 524 3
268 577 2
269 444 6
270 532 3
272 41 2
272 225 3
272 234 7
272 259 2
272 378 8
272 554 891
272 640 2
272 899 2
273 581 30
273 693 3
274 334 1392
275 4 711274
275 16 2
275 116 483
275 133 4
276 538 12
276 628 2
277 8 21
279 901 65
281 101 2
282 136 34
282 576 2
283 35 11
283 514 25
284 835 2
285 104 2
286 12 95
286 624 6513
286 832 13
288 47 34
288 132 2
288 224 3
289 36 6
289 156 5
289 468 16
289 753 2
290 0 123
290 258 6
290 328 6
291 32 4
291 768 3
291 967 370
292 19 2
292 162 12
292 524 16
292 593 2
293 960 10
294 742 66
296 57 2
296 131 5
296 336 3
296 409 2
296 516 2
297 325 11
297 389 2
297 742 2
298 800 3
299 291 4
300 140 6
301 274 2
301 777 2
304 8 2
304 42 2
304 63 7
304 106 2
304 212 4
305 11 4
305 576 3
306 36 2
306 550 2
306 918 5
307 514 4
308 21 51
308 640 2
308 692 2
308 832 2
310 44 20
310 936 4
314 109 2
314 156 2
314 376 9
315 739 2
316 452 3
318 532 38
318 914 25
320 29 2
320 641 17
320 720 8
321 4 9
321 834 65
322 0 3
322 416 2
322 902 2
323 360 2
324 106 2
324 179 27
324 200 305
324 513 2
324 530 5
325 6 2
325 145 2
325 192 3
325 614 246
325 720 16
326 11 51
326 32 9
327 698 8
328 45 5
329 258 2
329 836 10
331 512 2
332 456 6
332 643 2
335 83 562
335 391 7
336 18 8
336 632 2
337 352 2
337 768 367
338 160 2
338 169 6
340 106 9
340 704 10
340 763 374
342 168 2
342 272 2
342 536 2
343 475 2
344 188 4
345 32 27
345 728 12
346 89 2
347 11 14
348 128 49
348 395 15
349 12 2
352 409 5
352 419 2
352 680 3
352 860 351
353 389 2
353 684 2
354 25 2
354 30 6
354 836 27
356 800 2
357 641 4147
358 3 76
358 168 34
358 197 2
360 514 6
360 555 13
360 732 2
360 810 13
361 316 3
362 34 2
366 657 2
368 49 29
368 738 2
368 925 10
371 112 29
375 77 31
379 333 14
380 339 6
381 531 2
382 562 5
384 168 2
384 332 26
384 423 5
384 481 2
384 531 4
384 597 10
384 692 4
385 213 2
385 214 2
385 563 12
386 64 2
386 73 16
386 160 30
386 206 5
386 275 5
386 849 6
386 912 2
387 545 8
388 332 2
390 566 16
391 800 4
392 38 6
393 461 3
394 590 7
395 4 2
396 6 2
396 546 131
396 777 7
396 915 3
397 132 4
397 518 2
398 943 2
399 9 2
400 712 2
401 284 8
401 673 9
401 932 2
402 769 4
403 98 7
404 209 2
404 298 15
408 405 12
408 576 2
409 66 2
409 105 2
409 417 2
409 888 2
410 520 2
411 20 18
412 6 4
413 640 4
414 932 18
416 292 2
416 531 15446
417 577 3
418 16 2
419 7 2
419 62 36
420 32 6
420 114 2
420 288 3
420 538 2
422 736 113
423 384 2
423 651 24
425 161 3
425 746 4
428 32 2
428 194 5
430 8 8
430 203 8
433 24 2
433 197 6
433 398 2
434 734 4
436 597 3
441 21 2
442 691 2
444 769 3
444 801 5
448 92 4
448 655 9
449 321 2
450 450 13
452 136 2
452 205 16
454 437 7
455 640 10
456 367 8
456 376 78
456 774 3
458 743 8
460 566 15
461 625 8
461 901 2
462 516 3
463 916 8
465 761 2
466 58 2
467 211 651
467 300 8
469 425 2
472 226 3
472 801 4
473 600 3
473 800 9
476 775 13
480 665 6
480 731 3
480 928 9
481 416 19
482 64 2
482 208 9
482 285 528
483 555 6
484 841 2
485 134 4
488 3 7
488 269 4
488 334 3
489 64 6
496 978 5
501 519 4
504 267 23
512 5 2
512 36 2
512 65 2
512 96 9
512 153 4
512 173 2
512 438 24
512 482 2
512 522 18
512 685 3
512 936 21
513 100 8
513 112 4
513 340 2
513 548 13
513 640 16
513 644 5
514 11 2
514 522 2
514 780 4
515 157 3
515 598 7
516 69 7
516 169 6
516 442 2
516 605 2
517 0 2389
517 8 2
517 34 5
517 177 2
517 233 2
517 281 20
517 525 1765
517 676 61
518 0 2
518 41 20
518 66 12
519 517 9
519 967 22
520 9 2
520 94 2
520 164 6
520 328 2
520 896 9
521 131 2
521 229 2
521 450 4
521 546 10
521 560 2
522 121 29
522 652 10
523 650 2
524 159 7
524 173 2
524 520 2
525 820 5
526 776 2
527 36 2
528 10 2
528 33 5
528 36 4
528 171 10
528 344 15
528 512 199
528 580 8
528 611 2
528 801 9
529 517 2
529 737 12
529 836 2
530 132 5
530 522 2
532 11 2
532 292 16
532 550 4
533 5 5
533 37 9
533 787 2
534 6 8
534 425 7
534 786 2
534 932 11
535 10 2
536 10 4
536 244 5
536 902 2
537 257 2
537 478 13
538 74 7
538 84 2
538 820 74
540 481 7
544 6 2
544 24 18
544 160 3
544 401 2
544 536 4
544 542 8
544 597 2
544 718 2
545 209 5
545 743 2
546 4 294
546 263 22
546 612 2
546 900 5
547 265 3
547 427 2
547 577 3
548 512 54
548 577 2
548 586 8
549 68 2
549 97 677
549 146 2
550 649 3
551 40 3
551 89 99
552 136 11
552 932 5
553 36 3
553 102 9
553 933 5
554 4 2
555 52 2
555 418 10
556 409 3
557 6 8
557 15 3
557 400 4
557 557 9
560 104 614759
560 168 2
561 521 19
561 993 3
562 977 2
562 992 6
564 28 2
564 659 18
565 105 8
566 4 2
566 44 7
566 132 25
567 793 2
569 385 22
569 522 3
571 100 2
571 457 43
572 36 2
572 257 2
572 370 3
572 777 5
573 886 3
576 19 2
576 76 10
576 133 2
576 172 2
576 193 15
576 371 3
576 525 31
577 222 3
577 292 3
577 401 4
577 577 105
577 997 3
578 26 2
578 120 20
578 136 2
578 554 2
578 575 2
579 80 6529
579 136 18
579 621 2
579 789 117
580 507 133
581 645 2
583 129 3
584 432 35
585 208 30
585 217 4
585 354 8
585 389 627
588 784 2
589 389 2
590 300 4
590 520 4
590 788 105
591 147 2
592 566 2
592 585 2
592 856 6
593 429 2
595 557 2
596 154 7
596 385 2
597 387 3
599 92 2
599 176 190
600 562 4
602 480 19
604 913 130
604 1006 18
606 281 19
606 807 3
607 393 260
608 185 5
608 522 2
608 576 3
608 648 3
609 28 11
609 225 4
609 526 2
610 24 11
611 125 5
612 170 2
612 534 2
614 265 3
614 936 6
616 450 3
617 908 3
619 76 2
619 140 3
619 231 8
621 293 4
623 1000 11
624 579 13
625 5 7
625 261 5
626 528 2
626 608 2
627 3 4
627 418 7
627 977 5
628 76 2
629 528 31
631 24 8
632 18 5
633 812 10
638 161 2
640 4 20
640 6 2
640 16 2
640 160 11
640 246 2
640 258 2
640 369 48
640 421 7
640 467 2
640 659 6
640 732 2
642 512 39
642 724 3
644 660 1955
644 756 19
645 4 8
646 289 2
646 388 2
648 98 4
648 369 2
648 512 9
648 694 13
648 769 2
649 4 2
649 48 2
650 108 28
650 216 4
650 953 4
651 290 2
652 257 2
652 594 7
654 565 5
656 3 11
656 259 2
656 278 2
657 79 6
658 26 9
658 226 14
660 36 4
660 69 22
660 648 2
661 244 7
661 608 8
662 374 8
664 539 2
664 781 2
665 260 25
666 66 2
668 163 2
668 749 6
672 1 3
672 129 5
672 514 2
672 608 2
672 717 2
673 104 2
673 656 7
674 259 6
674 401 12
675 257 4
677 121 600
677 641 502
680 540 4
682 14 18
682 156 3
683 278 5
684 1008 6
686 426 2
686 593 3
689 80 7
690 110 4
691 12 2
692 260 11
693 397 102
693 522 2
694 768 1527
694 931 10
695 517 2
695 585 43
697 710 4
700 18 6
700 229 3
700 864 2
701 941 2
704 34 9
704 76 2
704 292 3
704 370 26
704 514 4
705 596 6
706 17 7
706 161 2
706 732 2
708 108 2
709 354 2
709 644 16
711 19 11
712 141 2
712 294 6
712 862 3
713 593 5
713 837 2
716 339 2
716 649 2
719 512 3
720 7 2
720 144 2
721 0 3
721 104 8
721 323 3
721 584 3
722 100 2
722 393 3
722 464 2
723 142 2
724 596 2
725 44 16
725 65 2
727 200 194178
728 227 14
729 578 5907
737 25 6
737 64 2965
737 288 7
737 610 2
738 970 6
740 235 12
740 801 43
741 45 3
741 260 19
742 97 13
743 787 5
744 124 10
746 386 2
751 506 8
752 786 9
760 40 122
760 220 2
760 300 2
763 668 14365
768 68 4
768 226 7
768 502 10
768 608 3
768 666 7
768 738 2
769 34 2
769 350 15
770 67 6
770 515 15
771 128 8
771 793 10
772 0 2
772 32 4
772 130 10
773 1 2
774 8 3
774 936 11
775 48 3
776 101 4
776 155 20
776 697 9
777 6 5
777 84 51
777 200 3
777 608 2
777 641 8
778 389 2
778 707 37
780 16 2
780 901 2
781 222 15
782 226 37
784 514 11
784 549 9
784 569 7
784 634 5
785 45 3
786 521 5
786 576 2
786 914 2
787 199 2
792 16 2
793 52 107
793 628 58
795 422 2
798 776 3
800 45 29
800 73 28
800 97 2
800 133 5
800 824 12
801 642 12
802 660 5
802 769 17
803 512 3
804 337 2
805 387 24
805 781 8
806 43 3
806 326 2
806 480 6
808 526 5
808 945 2
810 17 2
810 394 2
819 69 36
819 538 3
821 236 2
822 211 29
824 392 2
824 978 3
830 356 2
832 21 2
832 30 29
832 43 58
832 304 12
832 548 10
833 147 81
833 999 2
834 0 9
834 32 20
834 67 3
834 912 8
835 392 2
836 86 2
836 485 4
839 21 6279
840 96 2
840 545 4
840 800 2
841 32 3
845 561 5
845 624 4
848 188 2
848 899 22
849 1018 12
850 308 5
852 64 14
852 72 3
852 824 2
854 681 6
856 256 7
863 516 2
864 23 2
864 786 2
866 260 2
870 6 13
872 32 27
872 50 2
873 9 2
875 164 3
878 258 3
884 802 2
894 392 11
895 603 2
896 868 12
897 115 2
897 1002 2
898 699 8
899 736 3
900 162 2
902 131 7
902 420 2
904 112 2
904 231 2
904 888 8
904 929 7
905 196 15
906 137 21
906 210 243
908 456 3
910 614 2
912 2 14
912 129 2
912 388 10
914 669 2
915 431 294
916 742 7
916 777 12
917 560 2
917 912 7
920 200 2
921 272 49
921 320 8
922 8 2
924 33 2
924 196 6
928 384 2
928 516 5
929 10 2
929 316 5
930 547 8
930 720 6
931 230 2
933 657 2
934 94 2
938 261 4
940 512 2
941 771 7
944 165 2
944 756 21
945 456 4
947 568 9
948 9 5
951 818 4
953 905 3
956 846 2
958 844 13
960 358 19
961 131 5
961 291 2
961 472 3
965 937 54
966 29 1040
966 197 2
966 555 5
968 51 2
968 360 2
969 313 2
969 769 3
970 180 3
971 566 6
975 205 2
976 321 2
977 549 11
978 817 2
984 483 2
986 772 2
987 962 10
988 366 3
990 35 5
996 836 3
998 127 3
1000 260 10
1002 652 7
1002 912 136
1011 36 6
1020 371 3
1020 385 2
1021 643 11
