0 9 3
0 17 2
0 18 2
0 47 7
0 112 2
0 135 2
0 150 4
0 215 2
0 265 2
0 352 7
0 646 2
0 674 62798
0 679 11
0 902 10
0 936 2
1 7 2
1 15 4
1 30 6
1 82 2
1 135 17
1 228 2
1 292 12
1 481 7
1 535 21
1 565 8
1 644 55
1 768 57
1 920 2
2 0 2
2 132 3
2 167 2
2 260 6
2 523 2
2 826 2
3 24 10
3 272 2
3 530 2
3 592 4
3 652 4
4 0 4
4 4 2
4 15 5
4 60 85
4 293 2
4 517 12
4 576 2
4 774 19
4 803 2
5 584 2
5 887 7
6 3 2
6 148 4
6 212 2
6 259 2172
6 267 32
6 268 2
6 466 2
6 512 2
6 1002 3
7 237 2
7 715 18
8 1 3
8 2 16
8 19 19
8 32 4
8 42 34
8 202 2
8 273 5
8 486 4
8 735 2
8 850 4
8 902 3
9 39 4736
9 823 4
10 13 2
10 40 13
10 75 18
10 523 2
10 680 4
10 778 2
11 204 1081
11 586 7
12 65 2
12 128 10
12 634 2
13 320 3
14 127 16
14 210 2
15 352 3
15 485 759
16 9 2
16 24 2
16 64 4
16 132 2
16 148 5
16 198 2
16 643 2
17 48 2
17 129 17
18 51 2
18 290 17
18 645 5
19 7 3
19 24 60
20 1 2
20 28 6
20 36 2
20 69 4
20 176 9
21 116 2
21 258 2
21 308 6
22 97 3
22 133 3
22 281 70
22 320 3
22 331 2
22 565 7
23 328 2
23 770 11
24 533 2
24 781 2
24 786 7
25 592 19
26 20 2
26 109 3
26 801 2
27 210 11
27 547 3
27 549 8
28 42 19
28 72 179
29 532 25
30 52 96
30 129 3
30 588 3
32 33 4
32 42 117
32 196 1010
32 204 9
32 211 2
32 219 4
32 414 3
32 641 2
32 721 41
32 803 11
32 848 2
32 960 2
33 320 55
33 898 2
34 144 9
34 292 4
34 324 4
34 561 17
34 663 2
34 720 10
34 800 5
35 65 2
35 551 18
35 689 9
36 12 5
36 48 2
36 257 2
36 266 93
36 288 2
36 448 34
36 705 58
36 858 2
37 13 5
37 594 3
37 673 8
38 180 4
38 204 2
38 544 4
39 520 8
39 982 9
40 9 14
40 20 7
40 256 3
40 512 17
40 605 2
40 645 2
40 672 6
40 756 5
40 840 5
40 980 22
41 276 5
41 321 2
41 513 2
41 987 2
42 140 5
42 329 7
42 411 6
42 778 12
42 839 2
43 1 2
44 10 2
44 47 2
44 794 5
45 23 2
45 50 2
45 266 3
45 844 2
46 57 2
48 176 3
48 193 16
48 198 16
48 226 2
48 646 4
48 789 26879
48 932 2
49 17 2
50 113 10
50 528 58
51 70 2
51 377 2
51 516 20
52 256 2
52 285 2
52 899 2
54 112 2
56 89 2
56 560 6
57 5 2
57 128 6
58 113 4
58 470 9
59 292 9
59 583 5
60 33 2
60 112 7
60 948 2
61 644 15
62 521 2
62 612 12
64 1 2
64 26 9
64 41 2
64 192 34
64 194 2
64 197 2
64 203 284
64 272 10
64 370 6
64 481 16
64 514 2
64 686 11
64 756 2
64 780 2
65 25 2
65 96 15
65 218 229
65 241 2
65 421 2
65 571 7
65 614 8
66 140 27
66 545 2
67 73 20
67 453 9
67 840 13
68 192 4
68 226 2
68 284 4
68 322 3
68 576 2
69 138 3
69 529 4
69 768 2
70 608 12
70 642 2
70 646 2
70 672 3
71 409 2
71 700 11
72 37 9
72 65 2
72 533 11
73 39 118
73 640 3
73 999 3
74 600 19
74 768 7
74 1012 241
75 576 5
76 76 12
76 133 10
76 262 8
76 586 12
76 855 18
77 267 16
77 450 2
78 919 2
79 165 18
79 386 15
80 0 4
80 51 13
80 132 9
80 211 2
80 528 5
80 677 5
80 920 13
82 280 11
83 304 3
83 784 671
84 64 9
84 74 3
84 216 3
84 490 2
85 31 9
85 65 2
86 234 6
86 524 26
87 353 4
87 462 3
87 512 7
87 515 3
89 2 10
89 4 2
90 20 18
90 988 2
91 154 7
91 652 2
91 951 3
93 134 6
94 869 2
94 954 8
95 34 8
96 32 5
96 80 7
96 103 2
96 148 2
96 208 6
96 220 3
96 276 12
96 304 14
96 321 2
96 547 13
96 776 2
96 820 77
97 48 5
97 167 12
97 195 2
97 286 8
97 473 21
97 525 744
98 14 8
98 352 2
98 671 56
98 928 2
99 117 10
99 249 53
100 901 2
101 161 3
101 169 3
101 599 11
102 6 11
102 78 4
102 166 2
104 28 32
104 48 6
104 64 8
104 132 18
104 512 2
105 3 2
105 296 3
106 516 7
106 652 11
107 3 2
107 129 2
108 514 21
109 707 2
112 1 2
112 28 8
112 84 8
112 165 18
112 776 2
114 416 2
114 452 511
114 497 2
116 33 14
117 803 2
118 565 3
119 446 2
119 836 6
121 536 2
122 294 6
123 600 2
124 348 2475
128 58 20
128 200 8
128 208 4
128 320 2
128 362 38
128 806 7
129 10 17
129 37 2
129 88 4
129 163 3
130 272 4
130 368 29
130 520 10
130 528 43
130 532 2
130 540 2
130 675 3
130 980 2
132 6 39
132 94 8
132 137 5
132 516 228
132 713 2
133 614 4
134 67 2
134 224 5
134 377 12
134 516 2
135 258 29
135 544 4
136 21 2
136 39 2
136 160 22
136 482 2
136 610 9
136 657 2
136 684 2
137 325 18
137 778 2
138 266 26
138 415 5
138 590 2
139 87 2
139 426 2
139 865 8
140 72 18
140 135 3
140 143 2
140 464 2
140 724 2
140 776 71
143 144 2
143 187 2
143 286 7
143 642 6
144 248 2
144 257 2
144 418 29
145 1 2
145 2 2
145 94 2
145 184 3
145 273 2
145 392 2
145 576 5
146 69 4
146 146 8
146 396 2
146 910 17
148 24 3
148 130 13
148 139 22
148 464 5
148 515 2
149 20 2
149 633 3
149 649 5
150 141 2
150 160 2
150 656 2
151 102 6
151 132 2
153 26 2
153 151 17
153 171 62
153 598 2
153 961 2
156 133 70
156 521 2
157 404 4
158 104 4
159 526 4
160 144 11
160 644 4
160 801 12
161 326 2
161 576 9
161 898 2
162 290 3
162 306 2
162 517 8
163 227 41
163 361 2
164 38 8
164 481 2
164 646 7
165 397 4
167 104 2
167 289 2
167 384 7
167 712 21
168 8 2
168 52 13
168 67 2
168 98 2
168 480 2
169 351 2
169 514 2
171 810 3
172 664 2
174 493 455
176 32 68
176 137 49
176 270 4
176 824 14
176 864 21
176 932 2
177 280 4
177 560 7
177 744 4
178 100 2
178 144 8
178 797 12
179 429 2
180 600 3
181 331 25
181 768 2
182 672 144
182 728 3
184 141 2
184 161 4
184 664 6
185 42 6
185 391 2
186 582 2
187 800 2
192 43 13
192 52 22
192 72 2
192 177 2
192 392 2
192 536 9
192 713 5
192 898 7
192 999 16
193 8 21
193 162 3
193 375 2
193 718 2
194 321 3
194 592 12
196 286 2
196 377 2
197 297 11
197 592 3
197 611 2
198 3 5
198 196 2
198 812 19
200 445 4
200 577 2
201 98 3
201 140 14
202 11 31
203 654 15
204 6 37
204 520 2
205 457 6
206 80 132
206 530 2
208 88 2
208 534 2
209 55 8
209 513 2
210 1 10
210 882 2
212 69 28
212 285 2
213 64 13
214 585 5
216 138 2
216 792 2
218 86 2
222 852 2
225 257 2
225 316 13
227 336 59
228 294 18
231 261 18
231 290 781
232 5 2
232 80 10
232 130 2
232 480 3
233 212 5
234 848 2
235 645 2
237 91 6
238 620 2
238 642 12
239 370 2
239 560 11
240 18 5
241 245 10
244 932 2
248 0 9
248 290 6
248 902 2
250 46 2
256 1 1457
256 68 2
256 69 5
256 262 2
256 344 4
256 416 10
256 616 4
256 772 2
256 804 10
256 904 48
256 963 9
256 992 12
257 0 2
257 268 2
257 272 2
257 680 4
257 806 83
257 912 2
257 920 10
258 24 16
258 34 91
258 36 8
258 265 2
258 810 2
259 100 52
259 327 3
259 532 2
260 131 4
260 256 2
260 295 4
260 522 29
260 678 8
261 8 2
261 67 2
261 672 1613
262 32 9
262 134 3
262 193 2
262 256 2
262 1013 2
264 1 2
264 320 6
265 264 3
265 339 8
265 632 18
266 56 6
266 242 7
266 326 2
266 336 244
266 504 7
268 34 2
268 192 2
268 512 4
268 524 92
268 577 2
269 444 4
270 532 2
272 41 7
272 225 208
272 234 2
272 259 32
272 378 2
272 554 6
272 640 2
272 899 2
273 581 8
273 693 6
274 334 2
275 4 2
275 16 2
275 116 74
275 133 8
276 538 8
276 628 72
277 8 2
279 901 4
281 101 2
282 136 2
282 576 4
283 35 10
283 514 24
284 835 4
285 104 2
286 12 3
286 624 15
286 832 10
288 47 2
288 132 2
288 224 3
289 36 2
289 156 13
289 468 4
289 753 9
290 0 58
290 258 2
290 328 23
291 32 3
291 768 7
291 967 2
292 19 2
292 162 17
292 524 2
292 593 281
293 960 5
294 742 2
296 57 2
296 131 2
296 336 2
296 409 2
296 516 19
297 325 4
297 389 190
297 742 2
298 800 17
299 291 6
300 140 2
301 274 87
301 777 2
304 8 5
304 42 2
304 63 2
304 106 2
304 212 2
305 11 2
305 576 6
306 36 2
306 550 2
306 918 8
307 514 15
308 21 2
308 640 20
308 692 2
308 832 2
310 44 17
310 936 10
314 109 5
314 156 2
314 376 7
315 739 2
316 452 3
318 532 13
318 914 5
320 29 2
320 641 12
320 720 2
321 4 3
321 834 8
322 0 2
322 416 5
322 902 12
323 360 233
324 106 2
324 179 3
324 200 3
324 513 16
324 530 2
325 6 4
325 145 4
325 192 10
325 614 2
325 720 27
326 11 191
326 32 2
327 698 46
328 45 16
329 258 8
329 836 14
331 512 2
332 456 4
332 643 5
335 83 2
335 391 2
336 18 8
336 632 9
337 352 48
337 768 3895
338 160 2
338 169 135
340 106 7
340 704 3
340 763 2
342 168 2
342 272 18
342 536 2
343 475 6
344 188 4
345 32 208
345 728 4
346 89 4
347 11 5
348 128 1054
348 395 10
349 12 2
352 409 6
352 419 16
352 680 2
352 860 2
353 389 31
353 684 7
354 25 6
354 30 9
354 836 5
356 800 2
357 641 42
358 3 2
358 168 10
358 197 3
360 514 34
360 555 48
360 732 30
360 810 4
361 316 3
362 34 2
366 657 2
368 49 71
368 738 34
368 925 19
371 112 10
375 77 31
379 333 20
380 339 5
381 531 2
382 562 13
384 168 2
384 332 4
384 423 2
384 481 28
384 531 3
384 597 2
384 692 5
385 213 2
385 214 2
385 563 13
386 64 198
386 73 20
386 160 17
386 206 2
386 275 2
386 849 5
386 912 3
387 545 2
388 332 3681
390 566 34
391 800 15
392 38 3
393 461 2
394 590 10
395 4 3
396 6 2
396 546 5
396 777 29
396 915 2
397 132 19
397 518 2
398 943 2
399 9 69
400 712 2
401 284 2
401 673 5
401 932 9
402 769 13
403 98 9
404 209 2
404 298 12
408 405 4
408 576 4
409 66 19
409 105 2
409 417 2
409 888 3
410 520 5
411 20 8
412 6 2
413 640 12
414 932 9
416 292 4
416 531 8462
417 577 4
418 16 26
419 7 2
419 62 88
420 32 6
420 114 2
420 288 3
420 538 3
422 736 2
423 384 6
423 651 11
425 161 3
425 746 17
428 32 2
428 194 147
430 8 6
430 203 11
433 24 2
433 197 2
433 398 2
434 734 4
436 597 2
441 21 24
442 691 2
444 769 5
444 801 3
448 92 2
448 655 2
449 321 13
450 450 3
452 136 2
452 205 8
454 437 2
455 640 2
456 367 9
456 376 5
456 774 3
458 743 14
460 566 2
461 625 2
461 901 4
462 516 17
463 916 22
465 761 4
466 58 2
467 211 6
467 300 10
469 425 3
472 226 2
472 801 43
473 600 9
473 800 16
476 775 4
480 665 2
480 731 4
480 928 5
481 416 2
482 64 2
482 208 8
482 285 2
483 555 2
484 841 2
485 134 3
488 3 2
488 269 3
488 334 4
489 64 7
496 978 6
501 519 2
504 267 18
512 5 7
512 36 5
512 65 2
512 96 28
512 153 2
512 173 5
512 438 2
512 482 14
512 522 18
512 685 11
512 936 2
513 100 2
513 112 4
513 340 2
513 548 2
513 640 5
513 644 4
514 11 8
514 522 2
514 780 19
515 157 13
515 598 2
516 69 6
516 169 7
516 442 3
516 605 15
517 0 2
517 8 6
517 34 5
517 177 2
517 233 2
517 281 4
517 525 5
517 676 2
518 0 3
518 41 19
518 66 13
519 517 3
519 967 5
520 9 2
520 94 3
520 164 2
520 328 10
520 896 26
521 131 2
521 229 12
521 450 32
521 546 2
521 560 2
522 121 162
522 652 3
523 650 3
524 159 6
524 173 14
524 520 8
525 820 2
526 776 6
527 36 5
528 10 20
528 33 11
528 36 2
528 171 3
528 344 2
528 512 2
528 580 5
528 611 6
528 801 2
529 517 2
529 737 28
529 836 12
530 132 3
530 522 6
532 11 2
532 292 17
532 550 4
533 5 3
533 37 9
533 787 7
534 6 2
534 425 3
534 786 20
534 932 10
535 10 91
536 10 2
536 244 2
536 902 6
537 257 2
537 478 4
538 74 7
538 84 2
538 820 2
540 481 9
544 6 8
544 24 3
544 160 60
544 401 2
544 536 6
544 542 5
544 597 2
544 718 2
545 209 5
545 743 2
546 4 2
546 263 2
546 612 2
546 900 6019
547 265 29
547 427 2
547 577 4
548 512 53
548 577 10
548 586 9
549 68 9
549 97 3
549 146 6
550 649 4
551 40 5
551 89 77
552 136 2
552 932 2
553 36 3
553 102 7
553 933 14
554 4 2
555 52 2
555 418 2
556 409 2
557 6 8
557 15 10
557 400 7
557 557 2
560 104 2
560 168 4
561 521 10
561 993 3
562 977 2
562 992 5
564 28 2
564 659 7
565 105 7
566 4 2
566 44 3
566 132 7
567 793 62
569 385 2
569 522 2
571 100 2
571 457 14
572 36 15
572 257 4
572 370 2
572 777 5
573 886 8
576 19 2
576 76 2
576 133 2
576 172 164
576 193 9
576 371 2
576 525 13
577 222 17
577 292 15
577 401 3
577 577 2
577 997 8
578 26 2
578 120 5
578 136 13
578 554 1073
578 575 13
579 80 1112
579 136 9
579 621 2
579 789 2
580 507 2
581 645 10
583 129 5
584 432 2
585 208 6
585 217 2
585 354 4799
585 389 45
588 784 5
589 389 16
590 300 17
590 520 15
590 788 6
591 147 1113
592 566 2
592 585 124
592 856 2
593 429 395
595 557 2
596 154 2
596 385 16
597 387 8
599 92 2281
599 176 2
600 562 2
602 480 10
604 913 150
604 1006 2
606 281 1110
606 807 4
607 393 2
608 185 13
608 522 3
608 576 8
608 648 5
609 28 4
609 225 5
609 526 2
610 24 4
611 125 2
612 170 8
612 534 2
614 265 21
614 936 8
616 450 2
617 908 2
619 76 31
619 140 3
619 231 11
621 293 4
623 1000 5
624 579 2
625 5 7
625 261 15
626 528 2
626 608 2
627 3 2
627 418 3
627 977 128
628 76 2
629 528 3
631 24 3
632 18 5
633 812 8
638 161 2
640 4 7
640 6 3
640 16 2
640 160 17
640 246 9
640 258 3
640 369 2
640 421 13
640 467 2
640 659 17
640 732 2
642 512 2
642 724 2
644 660 431
644 756 3
645 4 13
646 289 2
646 388 4
648 98 9
648 369 5
648 512 3
648 694 7
648 769 22
649 4 3
649 48 14
650 108 238
650 216 8
650 953 2
651 290 2
652 257 8
652 594 8
654 565 10
656 3 8
656 259 24
656 278 30
657 79 7
658 26 5
658 226 3
660 36 6
660 69 2
660 648 10
661 244 5
661 608 2
662 374 2
664 539 22
664 781 2
665 260 2
666 66 2
668 163 2
668 749 10
672 1 3
672 129 29
672 514 2
672 608 2
672 717 4845593
673 104 6
673 656 2
674 259 2
674 401 4
675 257 2
677 121 2
677 641 2
680 540 5
682 14 10
682 156 6
683 278 2
684 1008 3
686 426 2
686 593 3
689 80 4
690 110 8
691 12 15
692 260 2
693 397 17
693 522 2
694 768 6
694 931 4
695 517 5
695 585 91
697 710 2
700 18 12
700 229 36
700 864 4
701 941 2
704 34 5
704 76 184
704 292 9
704 370 12
704 514 21
705 596 204
706 17 4
706 161 4
706 732 2
708 108 21
709 354 15
709 644 7
711 19 2
712 141 2
712 294 5
712 862 15
713 593 60
713 837 2
716 339 2
716 649 8
719 512 2
720 7 2
720 144 155
721 0 24
721 104 3
721 323 2
721 584 2
722 100 18
722 393 20
722 464 2
723 142 2
724 596 2
725 44 26
725 65 4
727 200 2
728 227 2
729 578 2
737 25 3
737 64 2
737 288 34
737 610 2
738 970 9
740 235 2
740 801 2
741 45 8
741 260 4
742 97 25
743 787 10
744 124 149
746 386 6
751 506 10
752 786 2
760 40 3
760 220 2
760 300 2
763 668 3
768 68 2
768 226 17
768 502 5
768 608 2
768 666 3
768 738 4
769 34 18621
769 350 13
770 67 8
770 515 50
771 128 2
771 793 18
772 0 17
772 32 68
772 130 9
773 1 10
774 8 2
774 936 8
775 48 2
776 101 2
776 155 3
776 697 4
777 6 5
777 84 2
777 200 2
777 608 275
777 641 3
778 389 2
778 707 2
780 16 2
780 901 3
781 222 3
782 226 23
784 514 2
784 549 5
784 569 3
784 634 9
785 45 9
786 521 6
786 576 7
786 914 4
787 199 11
792 16 3
793 52 2
793 628 2
795 422 2
798 776 10
800 45 6
800 73 2
800 97 236
800 133 8
800 824 5
801 642 21
802 660 5
802 769 11
803 512 2
804 337 6
805 387 2
805 781 5
806 43 3
806 326 2
806 480 14
808 526 2
808 945 68
810 17 53
810 394 9
819 69 3
819 538 2
821 236 2
822 211 2
824 392 2
824 978 3
830 356 647
832 21 228
832 30 6
832 43 2
832 304 2
832 548 9
833 147 4
833 999 3
834 0 26
834 32 2
834 67 7
834 912 22
835 392 2
836 86 2
836 485 37
839 21 2
840 96 6
840 545 19
840 800 2
841 32 2
845 561 2
845 624 3
848 188 2
848 899 3
849 1018 6
850 308 4
852 64 4
852 72 395
852 824 2
854 681 965
856 256 9
863 516 2
864 23 3
864 786 2
866 260 5
870 6 5
872 32 46
872 50 3
873 9 2
875 164 5
878 258 5
884 802 3
894 392 2
895 603 522
896 868 2
897 115 21
897 1002 2
898 699 9
899 736 11
900 162 2
902 131 3
902 420 3
904 112 8
904 231 7
904 888 17
904 929 5
905 196 7
906 137 89
906 210 2
908 456 13
910 614 2
912 2 2
912 129 3
912 388 10
914 669 2
915 431 49
916 742 2
916 777 7
917 560 90
917 912 2
920 200 2
921 272 2
921 320 4
922 8 9
924 33 89
924 196 2
928 384 7
928 516 235
929 10 2
929 316 10
930 547 2
930 720 2
931 230 23
933 657 3
934 94 2
938 261 4
940 512 2
941 771 2
944 165 2
944 756 9
945 456 12
947 568 31
948 9 2
951 818 9
953 905 11
956 846 16
958 844 2
960 358 37
961 131 5
961 291 6
961 472 11
965 937 397
966 29 3
966 197 2
966 555 4
968 51 2055
968 360 4
969 313 3
969 769 2
970 180 3
971 566 5
975 205 2
976 321 5
977 549 4
978 817 2
984 483 2
986 772 6
987 962 2
988 366 2
990 35 41
996 836 2
998 127 3
1000 260 8
1002 652 14
1002 912 2
1011 36 10
1020 371 23
1020 385 7
1021 643 10
