0 9 2
0 17 2
0 18 9
0 47 5
0 112 3
0 135 3
0 150 5
0 215 15
0 265 2
0 352 414
0 646 8
0 674 2
0 679 11
0 902 15
0 936 2
1 7 2
1 15 2
1 30 23
1 82 2
1 135 8
1 228 3
1 292 2
1 481 3
1 535 29
1 565 2
1 644 2
1 768 3
1 920 64
2 0 2
2 132 3
2 167 5
2 260 10
2 523 2
2 826 33
3 24 5
3 272 2
3 530 4
3 592 23
3 652 6
4 0 12
4 4 1154
4 15 34
4 60 2
4 293 6
4 517 8
4 576 2
4 774 7
4 803 2
5 584 38
5 887 5
6 3 2
6 148 15
6 212 2
6 259 222
6 267 2
6 268 34
6 466 9
6 512 11830
6 1002 3
7 237 2
7 715 7
8 1 17
8 2 11
8 19 2
8 32 2
8 42 5
8 202 4
8 273 2
8 486 9
8 735 5
8 850 4
8 902 7
9 39 2
9 823 2
10 13 2
10 40 2
10 75 2
10 523 28
10 680 25
10 778 7
11 204 4
11 586 29
12 65 2
12 128 27
12 634 3
13 320 10
14 127 29
14 210 13
15 352 14
15 485 928
16 9 4
16 24 2
16 64 4
16 132 3
16 148 2
16 198 2
16 643 4
17 48 2
17 129 10
18 51 2
18 290 15
18 645 4
19 7 2
19 24 2
20 1 2
20 28 2
20 36 2
20 69 5
20 176 19
21 116 3
21 258 4
21 308 5
22 97 16
22 133 4
22 281 8
22 320 12
22 331 32
22 565 25
23 328 2
23 770 3
24 533 357
24 781 2
24 786 38
25 592 16
26 20 10
26 109 7
26 801 2
27 210 6
27 547 7
27 549 2
28 42 3
28 72 195
29 532 45
30 52 775
30 129 6
30 588 3
32 33 3
32 42 87
32 196 2
32 204 21
32 211 8
32 219 9
32 414 6
32 641 17
32 721 11
32 803 13
32 848 8
32 960 21
33 320 12
33 898 2
34 144 17
34 292 17
34 324 9
34 561 2
34 663 2
34 720 11
34 800 3
35 65 2
35 551 6
35 689 7
36 12 4
36 48 7
36 257 43
36 266 4
36 288 2
36 448 9
36 705 2
36 858 1515
37 13 14
37 594 5
37 673 18
38 180 26
38 204 3
38 544 16
39 520 2
39 982 6
40 9 2
40 20 2
40 256 12
40 512 4
40 605 2
40 645 6
40 672 21
40 756 17
40 840 3
40 980 2
41 276 2
41 321 2
41 513 2
41 987 35
42 140 2
42 329 2
42 411 2
42 778 2
42 839 2
43 1 4
44 10 2
44 47 326
44 794 5
45 23 10
45 50 4
45 266 2
45 844 4
46 57 6
48 176 16
48 193 9
48 198 10
48 226 2
48 646 19
48 789 2
48 932 2
49 17 13
50 113 15
50 528 2
51 70 2
51 377 4
51 516 2
52 256 2
52 285 5
52 899 2
54 112 2
56 89 2
56 560 10
57 5 2
57 128 7
58 113 2
58 470 3
59 292 15
59 583 3
60 33 4
60 112 22
60 948 2
61 644 9
62 521 2
62 612 4
64 1 2
64 26 7
64 41 16
64 192 28
64 194 2
64 197 7
64 203 671
64 272 4
64 370 23
64 481 11
64 514 116
64 686 8
64 756 11
64 780 12
65 25 2
65 96 2
65 218 2
65 241 2
65 421 3
65 571 21
65 614 52
66 140 9
66 545 2
67 73 5
67 453 2
67 840 875
68 192 2
68 226 2
68 284 3
68 322 9
68 576 2
69 138 2
69 529 29
69 768 2
70 608 2
70 642 1821
70 646 3
70 672 55
71 409 6
71 700 11
72 37 5
72 65 6
72 533 12
73 39 19
73 640 12
73 999 7
74 600 5
74 768 8
74 1012 14
75 576 4
76 76 10
76 133 4
76 262 4
76 586 7
76 855 2
77 267 11
77 450 2
78 919 2
79 165 7
79 386 10
80 0 10
80 51 25
80 132 2
80 211 12
80 528 3
80 677 11
80 920 2
82 280 10
83 304 6
83 784 13
84 64 2
84 74 2
84 216 7
84 490 2
85 31 3
85 65 2
86 234 2
86 524 4
87 353 6
87 462 14
87 512 7
87 515 3
89 2 39
89 4 4
90 20 49
90 988 8
91 154 12
91 652 45
91 951 12
93 134 2
94 869 21
94 954 6
95 34 6
96 32 4
96 80 2
96 103 2
96 148 3
96 208 20
96 220 7
96 276 9
96 304 2
96 321 2
96 547 4
96 776 2
96 820 2
97 48 7
97 167 5
97 195 4
97 286 4
97 473 13
97 525 2
98 14 9
98 352 3
98 671 2
98 928 3
99 117 5
99 249 15
100 901 2
101 161 2
101 169 2
101 599 4
102 6 10
102 78 14
102 166 13
104 28 27
104 48 4
104 64 7
104 132 2
104 512 2
105 3 20
105 296 7
106 516 2
106 652 4
107 3 3
107 129 5
108 514 22
109 707 2
112 1 11
112 28 4
112 84 14
112 165 2
112 776 2
114 416 2
114 452 33
114 497 21
116 33 8
117 803 2
118 565 5
119 446 10
119 836 31
121 536 100
122 294 9
123 600 84
124 348 305
128 58 8
128 200 3
128 208 7
128 320 2
128 362 8
128 806 8
129 10 6
129 37 7
129 88 7
129 163 14
130 272 2
130 368 2
130 520 4
130 528 4
130 532 5
130 540 2
130 675 2
130 980 2
132 6 2
132 94 3
132 137 9
132 516 253
132 713 3
133 614 2
134 67 2
134 224 6
134 377 16
134 516 2
135 258 7
135 544 8
136 21 2
136 39 2
136 160 10
136 482 6106
136 610 5
136 657 2
136 684 11
137 325 5
137 778 2
138 266 9
138 415 2
138 590 14
139 87 14
139 426 8
139 865 2
140 72 13
140 135 3
140 143 6
140 464 2
140 724 34
140 776 2
143 144 17
143 187 2
143 286 20
143 642 2
144 248 3
144 257 14
144 418 4
145 1 2
145 2 2
145 94 12
145 184 2
145 273 12
145 392 11
145 576 2
146 69 13
146 146 3
146 396 9
146 910 2
148 24 7
148 130 4
148 139 2
148 464 6
148 515 47
149 20 2
149 633 2
149 649 27
150 141 2
150 160 6
150 656 87
151 102 2
151 132 11
153 26 2
153 151 2
153 171 2
153 598 2
153 961 8
156 133 11
156 521 9
157 404 30
158 104 7
159 526 11
160 144 16
160 644 13
160 801 3
161 326 3
161 576 4
161 898 2
162 290 11
162 306 2
162 517 7
163 227 2
163 361 5
164 38 59
164 481 3
164 646 2
165 397 3
167 104 2
167 289 9
167 384 8
167 712 10
168 8 2
168 52 2
168 67 3
168 98 6
168 480 2
169 351 2
169 514 2
171 810 6
172 664 3
174 493 2
176 32 5
176 137 3
176 270 14
176 824 12
176 864 12
176 932 5
177 280 2
177 560 2
177 744 9
178 100 3
178 144 5
178 797 10
179 429 29
180 600 54
181 331 41
181 768 3
182 672 2
182 728 2
184 141 2
184 161 2
184 664 10
185 42 4
185 391 2
186 582 2
187 800 7
192 43 2
192 52 3
192 72 2
192 177 2
192 392 2
192 536 2
192 713 2
192 898 17
192 999 37
193 8 2
193 162 10
193 375 6
193 718 2
194 321 3
194 592 4
196 286 2
196 377 5521
197 297 3
197 592 2
197 611 8
198 3 13
198 196 2
198 812 4
200 445 27
200 577 2
201 98 26
201 140 57
202 11 10
203 654 4
204 6 39
204 520 2
205 457 2
206 80 2
206 530 2
208 88 255
208 534 2
209 55 2
209 513 2
210 1 3
210 882 3
212 69 7
212 285 22
213 64 6
214 585 6
216 138 9
216 792 8
218 86 6
222 852 2
225 257 16
225 316 27
227 336 3
228 294 6
231 261 12
231 290 2
232 5 294
232 80 179
232 130 12
232 480 4
233 212 2
234 848 49
235 645 2
237 91 11
238 620 2
238 642 8
239 370 3
239 560 2
240 18 14
241 245 2
244 932 2
248 0 2
248 290 9
248 902 7
250 46 2
256 1 2
256 68 2
256 69 2
256 262 2
256 344 7
256 416 17
256 616 4
256 772 3986
256 804 16
256 904 10
256 963 2
256 992 2
257 0 1234
257 268 2
257 272 5
257 680 3
257 806 9
257 912 7
257 920 2
258 24 16
258 34 4
258 36 124
258 265 2
258 810 2
259 100 2
259 327 2
259 532 2
260 131 4
260 256 2
260 295 2
260 522 64
260 678 2
261 8 3
261 67 7
261 672 2
262 32 2
262 134 12
262 193 2
262 256 2
262 1013 2
264 1 2
264 320 2
265 264 4
265 339 6
265 632 3
266 56 5
266 242 3
266 326 2
266 336 2
266 504 4
268 34 2
268 192 2
268 512 6
268 524 5
268 577 2
269 444 2
270 532 3
272 41 21304
272 225 2
272 234 7
272 259 2
272 378 2
272 554 2
272 640 2
272 899 2
273 581 17
273 693 3
274 334 5
275 4 3
275 16 2
275 116 4
275 133 7
276 538 6
276 628 2
277 8 2
279 901 2
281 101 7
282 136 2
282 576 93
283 35 7
283 514 20
284 835 3
285 104 5815
286 12 2
286 624 10
286 832 19
288 47 2
288 132 5
288 224 5
289 36 5
289 156 8
289 468 2
289 753 2
290 0 2
290 258 41
290 328 9
291 32 2
291 768 4
291 967 2
292 19 2
292 162 3
292 524 12
292 593 8
293 960 7
294 742 30
296 57 5
296 131 41
296 336 12
296 409 3
296 516 6
297 325 4
297 389 2
297 742 411
298 800 11
299 291 2
300 140 5
301 274 2
301 777 10
304 8 2
304 42 3
304 63 2
304 106 2
304 212 30
305 11 6
305 576 2
306 36 3479
306 550 2
306 918 6
307 514 7
308 21 3
308 640 2
308 692 2
308 832 45
310 44 2
310 936 2
314 109 4
314 156 2
314 376 6
315 739 65
316 452 2
318 532 5
318 914 11
320 29 3
320 641 2
320 720 4
321 4 3
321 834 4
322 0 6
322 416 2
322 902 6
323 360 12
324 106 4
324 179 20
324 200 50
324 513 2
324 530 2
325 6 15
325 145 3
325 192 2
325 614 116
325 720 8
326 11 2
326 32 2
327 698 5
328 45 9
329 258 481
329 836 3
331 512 38
332 456 2
332 643 2
335 83 6
335 391 24
336 18 4
336 632 148
337 352 2
337 768 2
338 160 2
338 169 19
340 106 13
340 704 2
340 763 7
342 168 31
342 272 3
342 536 2
343 475 2
344 188 2
345 32 4673
345 728 3
346 89 26
347 11 3
348 128 2
348 395 24
349 12 2
352 409 19
352 419 2
352 680 2
352 860 16
353 389 2
353 684 8
354 25 6
354 30 5
354 836 2
356 800 2
357 641 3
358 3 56
358 168 2
358 197 10
360 514 29
360 555 8
360 732 11
360 810 4
361 316 4
362 34 2
366 657 27
368 49 2
368 738 66
368 925 40
371 112 2
375 77 2
379 333 8
380 339 4
381 531 2
382 562 15
384 168 195
384 332 105
384 423 2
384 481 3
384 531 30
384 597 2
384 692 3
385 213 7
385 214 2
385 563 4
386 64 1662231815
386 73 4
386 160 14
386 206 2
386 275 4
386 849 10
386 912 2
387 545 4
388 332 2
390 566 4224
391 800 2
392 38 10
393 461 4
394 590 4
395 4 2
396 6 2
396 546 13
396 777 2
396 915 6
397 132 2
397 518 2527
398 943 2
399 9 223
400 712 6
401 284 2
401 673 3
401 932 8
402 769 5
403 98 4
404 209 2
404 298 3
408 405 5
408 576 2
409 66 12
409 105 2
409 417 2
409 888 2
410 520 17
411 20 19
412 6 173
413 640 13
414 932 4
416 292 4
416 531 7
417 577 5
418 16 11
419 7 2
419 62 2
420 32 6
420 114 2
420 288 4
420 538 4
422 736 2
423 384 2
423 651 16
425 161 5
425 746 9
428 32 2
428 194 3
430 8 3
430 203 8
433 24 2
433 197 4
433 398 10
434 734 13
436 597 2
441 21 3
442 691 78
444 769 3
444 801 7
448 92 2
448 655 5
449 321 5
450 450 3
452 136 2
452 205 15
454 437 2
455 640 2
456 367 12
456 376 2
456 774 3
458 743 6
460 566 2
461 625 2
461 901 11
462 516 2
463 916 16
465 761 155
466 58 4
467 211 39
467 300 3
469 425 2
472 226 3
472 801 7
473 600 8
473 800 8
476 775 37
480 665 5
480 731 35
480 928 7
481 416 8
482 64 2
482 208 30
482 285 31
483 555 2
484 841 2
485 134 18
488 3 3
488 269 9
488 334 4
489 64 5
496 978 8
501 519 13
504 267 6
512 5 13
512 36 16
512 65 2
512 96 15
512 153 5
512 173 35
512 438 6
512 482 3
512 522 6
512 685 3
512 936 11
513 100 10
513 112 5
513 340 17
513 548 29
513 640 4
513 644 17
514 11 2
514 522 6
514 780 3
515 157 4
515 598 2
516 69 16
516 169 9
516 442 4
516 605 3
517 0 2
517 8 12
517 34 5
517 177 2
517 233 2
517 281 4
517 525 30
517 676 35
518 0 2
518 41 23
518 66 6
519 517 4
519 967 19
520 9 681
520 94 3
520 164 2
520 328 2
520 896 42
521 131 270
521 229 7
521 450 2
521 546 4
521 560 15021
522 121 2
522 652 21
523 650 3
524 159 5
524 173 3798
524 520 9
525 820 2
526 776 10
527 36 2
528 10 5
528 33 37
528 36 2
528 171 13
528 344 2
528 512 2
528 580 3
528 611 2
528 801 13
529 517 4
529 737 8
529 836 2
530 132 34
530 522 2
532 11 6
532 292 270
532 550 5
533 5 2
533 37 3
533 787 6
534 6 2
534 425 4
534 786 24
534 932 4
535 10 400
536 10 3
536 244 4
536 902 4
537 257 2
537 478 2
538 74 2
538 84 3
538 820 2
540 481 17
544 6 27
544 24 9
544 160 2
544 401 3
544 536 22
544 542 7
544 597 2
544 718 175
545 209 4
545 743 2
546 4 2
546 263 2
546 612 2
546 900 10590
547 265 7
547 427 3
547 577 2
548 512 39
548 577 4
548 586 2
549 68 7
549 97 4
549 146 3
550 649 4
551 40 5
551 89 5
552 136 2
552 932 2
553 36 11
553 102 3
553 933 9
554 4 2
555 52 3
555 418 2
556 409 6
557 6 23
557 15 6
557 400 5
557 557 9
560 104 2
560 168 3
561 521 3
561 993 7
562 977 6
562 992 2
564 28 4
564 659 3
565 105 12
566 4 2
566 44 34
566 132 5
567 793 23
569 385 348
569 522 3
571 100 2
571 457 2
572 36 16
572 257 3
572 370 2
572 777 14
573 886 20
576 19 434
576 76 3
576 133 22
576 172 2
576 193 3
576 371 12
576 525 32
577 222 3
577 292 28
577 401 3
577 577 185
577 997 2
578 26 2
578 120 8
578 136 2
578 554 2
578 575 2
579 80 472
579 136 3
579 621 3
579 789 2
580 507 2
581 645 2
583 129 2
584 432 17
585 208 11
585 217 4
585 354 75
585 389 395
588 784 3
589 389 3
590 300 3
590 520 6
590 788 2
591 147 2
592 566 129
592 585 3
592 856 3
593 429 2
595 557 3
596 154 5
596 385 2
597 387 17
599 92 2
599 176 68
600 562 3
602 480 23
604 913 2
604 1006 7
606 281 3
606 807 3
607 393 7
608 185 2
608 522 2
608 576 5
608 648 15
609 28 16
609 225 3
609 526 227
610 24 2
611 125 5
612 170 2
612 534 173
614 265 2
614 936 11
616 450 3
617 908 2
619 76 2
619 140 4
619 231 65
621 293 7
623 1000 32
624 579 3
625 5 9
625 261 3
626 528 105601
626 608 2
627 3 2
627 418 4
627 977 2
628 76 25973
629 528 3
631 24 2
632 18 3
633 812 15
638 161 2
640 4 3
640 6 25
640 16 2
640 160 9
640 246 13
640 258 4
640 369 116
640 421 2
640 467 7
640 659 14
640 732 2
642 512 35
642 724 2
644 660 206
644 756 4
645 4 4
646 289 33407540
646 388 10
648 98 3
648 369 8
648 512 5
648 694 3
648 769 2
649 4 2
649 48 13
650 108 22
650 216 2
650 953 2
651 290 2
652 257 12
652 594 19
654 565 2
656 3 3
656 259 2
656 278 2
657 79 3
658 26 8
658 226 10
660 36 13
660 69 7
660 648 7
661 244 2
661 608 7
662 374 2
664 539 2
664 781 5
665 260 2
666 66 313
668 163 2
668 749 3
672 1 8
672 129 3
672 514 2
672 608 2
672 717 2
673 104 3
673 656 2
674 259 17
674 401 5
675 257 137
677 121 2
677 641 2
680 540 2
682 14 23
682 156 6
683 278 5
684 1008 2
686 426 34
686 593 2
689 80 21
690 110 6
691 12 2
692 260 2
693 397 2
693 522 2
694 768 2
694 931 10
695 517 3
695 585 3
697 710 8
700 18 4
700 229 9
700 864 4
701 941 4
704 34 7
704 76 2
704 292 5
704 370 4
704 514 12
705 596 2
706 17 7
706 161 6
706 732 49
708 108 12
709 354 2
709 644 4
711 19 10
712 141 2
712 294 3
712 862 3
713 593 4
713 837 2
716 339 8
716 649 2
719 512 4
720 7 2
720 144 2
721 0 46
721 104 8
721 323 2
721 584 2
722 100 2
722 393 4
722 464 3
723 142 2
724 596 6
725 44 61
725 65 8
727 200 3
728 227 7
729 578 555
737 25 2
737 64 232
737 288 8
737 610 2
738 970 4
740 235 2
740 801 2
741 45 2
741 260 7
742 97 17
743 787 2
744 124 10
746 386 17
751 506 4
752 786 3
760 40 2
760 220 2
760 300 7
763 668 2
768 68 13
768 226 4
768 502 9
768 608 12
768 666 14
768 738 4
769 34 2
769 350 7
770 67 3
770 515 12
771 128 4
771 793 12
772 0 6
772 32 40
772 130 7
773 1 6
774 8 3
774 936 17
775 48 2
776 101 2
776 155 13
776 697 5
777 6 6
777 84 2
777 200 169
777 608 43
777 641 4
778 389 6
778 707 5
780 16 2
780 901 9
781 222 12
782 226 2
784 514 13
784 549 4
784 569 6
784 634 72
785 45 18
786 521 3
786 576 2
786 914 12
787 199 2
792 16 3
793 52 2
793 628 41
795 422 2
798 776 3
800 45 21
800 73 2
800 97 12
800 133 2
800 824 9
801 642 5
802 660 2
802 769 13
803 512 95
804 337 2
805 387 65
805 781 3
806 43 4
806 326 2752
806 480 4
808 526 2
808 945 4
810 17 9
810 394 5
819 69 2
819 538 4
821 236 12
822 211 35
824 392 2
824 978 7
830 356 2
832 21 2
832 30 2
832 43 2
832 304 2
832 548 5
833 147 5
833 999 6
834 0 21
834 32 2
834 67 4
834 912 6
835 392 9740
836 86 2
836 485 2
839 21 2
840 96 16
840 545 11
840 800 24
841 32 7
845 561 4
845 624 17
848 188 2
848 899 4
849 1018 15
850 308 2
852 64 3
852 72 2
852 824 2
854 681 2
856 256 3
863 516 2
864 23 4
864 786 8
866 260 10
870 6 2
872 32 7
872 50 2
873 9 14
875 164 4
878 258 2
884 802 3
894 392 3
895 603 2
896 868 2
897 115 3
897 1002 2
898 699 5
899 736 2
900 162 2
902 131 2
902 420 10
904 112 99
904 231 2
904 888 7
904 929 16
905 196 2
906 137 2
906 210 2239
908 456 3
910 614 10
912 2 18
912 129 2
912 388 19
914 669 2
915 431 4697
916 742 205
916 777 2
917 560 4
917 912 2
920 200 2
921 272 56
921 320 6
922 8 2717
924 33 55
924 196 2
928 384 3
928 516 6
929 10 2
929 316 4
930 547 2
930 720 2
931 230 2
933 657 2
934 94 4
938 261 8
940 512 3
941 771 2
944 165 151
944 756 5
945 456 2
947 568 3
948 9 2
951 818 2
953 905 2
956 846 224
958 844 3
960 358 7562
961 131 2
961 291 2
961 472 65
965 937 1639
966 29 74
966 197 2
966 555 13
968 51 2
968 360 10
969 313 4
969 769 6
970 180 16
971 566 2
975 205 2
976 321 114
977 549 12
978 817 5
984 483 2
986 772 646
987 962 2
988 366 2
990 35 5
996 836 5
998 127 4
1000 260 38
1002 652 8
1002 912 3
1011 36 3
1020 371 7
1020 385 2
1021 643 5
