0 9 2
0 17 2
0 18 2
0 47 34
0 112 5
0 135 2
0 150 7
0 215 90
0 265 7
0 352 2
0 646 2
0 674 2
0 679 5
0 902 2
0 936 20
1 7 33
1 15 2
1 30 6
1 82 2
1 135 4
1 228 4
1 292 3
1 481 5
1 535 18
1 565 2
1 644 2
1 768 1201
1 920 2
2 0 140
2 132 3
2 167 6
2 260 7
2 523 53
2 826 3
3 24 7
3 272 2
3 530 2
3 592 12
3 652 10
4 0 6
4 4 2
4 15 2
4 60 925
4 293 7
4 517 13
4 576 10
4 774 2
4 803 2
5 584 2
5 887 6
6 3 2
6 148 29
6 212 132
6 259 2
6 267 2
6 268 2
6 466 6
6 512 2
6 1002 6
7 237 5
7 715 9
8 1 10
8 2 5
8 19 10
8 32 5
8 42 17
8 202 3
8 273 4
8 486 2
8 735 2
8 850 5
8 902 12
9 39 2
9 823 2
10 13 2
10 40 2
10 75 2
10 523 21
10 680 2
10 778 2
11 204 4
11 586 3
12 65 2
12 128 2
12 634 95
13 320 4
14 127 5
14 210 32
15 352 30
15 485 2
16 9 2
16 24 2
16 64 8
16 132 2
16 148 276
16 198 8
16 643 7
17 48 2
17 129 8
18 51 2
18 290 5
18 645 5
19 7 14
19 24 2
20 1 2
20 28 2
20 36 3
20 69 4
20 176 7
21 116 19
21 258 2
21 308 3
22 97 8
22 133 2
22 281 59
22 320 2
22 331 2
22 565 3
23 328 2
23 770 7
24 533 2
24 781 9
24 786 10
25 592 7
26 20 9
26 109 6
26 801 465
27 210 2
27 547 2
27 549 2
28 42 27
28 72 2
29 532 8
30 52 2
30 129 2
30 588 2
32 33 5
32 42 560
32 196 6156
32 204 5
32 211 14
32 219 3
32 414 4
32 641 2
32 721 3
32 803 13
32 848 5
32 960 3
33 320 5
33 898 2
34 144 5
34 292 8
34 324 11
34 561 5
34 663 3
34 720 7
34 800 5
35 65 2
35 551 9
35 689 2
36 12 3
36 48 10
36 257 2
36 266 2
36 288 2
36 448 18
36 705 3
36 858 2
37 13 3
37 594 12
37 673 94
38 180 21
38 204 5
38 544 8
39 520 8
39 982 24
40 9 2
40 20 2
40 256 5
40 512 9
40 605 3
40 645 2
40 672 34
40 756 5
40 840 2
40 980 2
41 276 2
41 321 6
41 513 4
41 987 25
42 140 2
42 329 7
42 411 5
42 778 32
42 839 3
43 1 2
44 10 9
44 47 44
44 794 2
45 23 2
45 50 2
45 266 2
45 844 116
46 57 2
48 176 4
48 193 4
48 198 37
48 226 2
48 646 8
48 789 418
48 932 2
49 17 110
50 113 21
50 528 15
51 70 121
51 377 2
51 516 2
52 256 9
52 285 4
52 899 1393
54 112 2
56 89 2
56 560 6
57 5 2
57 128 4
58 113 9
58 470 12
59 292 57
59 583 5
60 33 2
60 112 2
60 948 2
61 644 7
62 521 2
62 612 3
64 1 2
64 26 5
64 41 3
64 192 2
64 194 2
64 197 10
64 203 20
64 272 9
64 370 18
64 481 3
64 514 2
64 686 10
64 756 27
64 780 5
65 25 3
65 96 11
65 218 2
65 241 2
65 421 2
65 571 13
65 614 32
66 140 14
66 545 2
67 73 2
67 453 2
67 840 2
68 192 6
68 226 2
68 284 9
68 322 17
68 576 2
69 138 3
69 529 14
69 768 2
70 608 208
70 642 2
70 646 3
70 672 2
71 409 3
71 700 4
72 37 15
72 65 28
72 533 2
73 39 2
73 640 2
73 999 9
74 600 2
74 768 4
74 1012 3
75 576 2
76 76 19
76 133 15
76 262 33
76 586 8
76 855 63
77 267 6
77 450 5
78 919 10
79 165 5
79 386 2
80 0 3
80 51 2
80 132 6
80 211 2
80 528 10
80 677 3
80 920 6
82 280 5
83 304 4
83 784 2
84 64 3
84 74 3
84 216 2
84 490 5
85 31 11
85 65 14
86 234 71
86 524 2
87 353 4
87 462 2
87 512 4
87 515 2
89 2 5
89 4 7
90 20 32
90 988 17
91 154 24
91 652 2
91 951 2
93 134 5
94 869 2
94 954 11
95 34 10
96 32 19
96 80 7
96 103 4
96 148 5
96 208 10
96 220 19
96 276 13
96 304 2
96 321 39
96 547 19
96 776 9
96 820 3
97 48 4
97 167 3
97 195 6
97 286 4
97 473 9
97 525 2
98 14 2
98 352 2
98 671 110
98 928 2
99 117 2
99 249 3
100 901 2
101 161 5
101 169 5
101 599 6
102 6 3
102 78 2
102 166 16
104 28 3
104 48 3
104 64 5
104 132 5
104 512 7
105 3 2
105 296 8
106 516 2
106 652 10
107 3 3
107 129 2
108 514 17
109 707 2
112 1 6
112 28 19
112 84 6
112 165 2
112 776 5
114 416 2
114 452 53
114 497 27
116 33 14
117 803 2
118 565 2
119 446 2
119 836 3
121 536 2
122 294 2
123 600 53
124 348 2
128 58 7
128 200 9
128 208 2
128 320 2
128 362 3
128 806 49
129 10 4
129 37 12
129 88 4
129 163 3
130 272 2
130 368 2
130 520 22
130 528 2
130 532 4
130 540 2
130 675 3
130 980 2
132 6 2
132 94 66
132 137 7
132 516 2
132 713 2
133 614 14
134 67 4
134 224 4
134 377 2
134 516 2
135 258 5
135 544 7
136 21 4
136 39 2
136 160 3
136 482 54
136 610 18
136 657 2
136 684 20
137 325 15
137 778 6598
138 266 7
138 415 2
138 590 2
139 87 2
139 426 3
139 865 8
140 72 7
140 135 2
140 143 2
140 464 8
140 724 2
140 776 14
143 144 2
143 187 2
143 286 9
143 642 9
144 248 18
144 257 2
144 418 12
145 1 2
145 2 2
145 94 12
145 184 7
145 273 20
145 392 3
145 576 6405
146 69 8
146 146 6
146 396 7
146 910 6
148 24 3
148 130 12
148 139 22
148 464 8
148 515 2
149 20 2
149 633 7
149 649 8
150 141 2
150 160 20
150 656 88
151 102 3
151 132 6
153 26 46
153 151 202
153 171 63
153 598 9
153 961 19
156 133 12
156 521 52
157 404 4
158 104 3
159 526 2
160 144 31
160 644 7
160 801 2
161 326 2
161 576 12
161 898 2
162 290 32
162 306 2
162 517 11
163 227 2
163 361 2
164 38 7
164 481 2
164 646 2
165 397 5
167 104 313
167 289 2
167 384 3
167 712 29
168 8 7
168 52 22
168 67 2
168 98 3
168 480 6
169 351 5
169 514 206
171 810 4
172 664 2
174 493 413
176 32 11
176 137 5
176 270 17
176 824 17
176 864 3
176 932 3
177 280 8
177 560 2
177 744 7
178 100 2
178 144 6
178 797 16
179 429 3
180 600 3
181 331 3
181 768 3
182 672 3
182 728 2
184 141 2
184 161 4
184 664 3
185 42 2
185 391 2
186 582 2
187 800 6
192 43 29380
192 52 2
192 72 2
192 177 2
192 392 2
192 536 8
192 713 5
192 898 7
192 999 9
193 8 20
193 162 2
193 375 2
193 718 2
194 321 34
194 592 6
196 286 2
196 377 1243
197 297 6
197 592 2
197 611 12
198 3 6
198 196 2
198 812 2
200 445 33
200 577 2
201 98 4
201 140 141
202 11 2
203 654 2
204 6 3
204 520 2
205 457 2
206 80 2
206 530 2
208 88 2
208 534 13
209 55 4
209 513 1445
210 1 2
210 882 7
212 69 2
212 285 5
213 64 9
214 585 3
216 138 2
216 792 3
218 86 2
222 852 2
225 257 2
225 316 2
227 336 21
228 294 28
231 261 2
231 290 35
232 5 382
232 80 6
232 130 2
232 480 2
233 212 8
234 848 21
235 645 2
237 91 13
238 620 24
238 642 2
239 370 2
239 560 2
240 18 8
241 245 4
244 932 42
248 0 5
248 290 12
248 902 6
250 46 2
256 1 2
256 68 76
256 69 21
256 262 2
256 344 5
256 416 11
256 616 38
256 772 2
256 804 35
256 904 99
256 963 2
256 992 4
257 0 2
257 268 3
257 272 8
257 680 2
257 806 267
257 912 119
257 920 3
258 24 21
258 34 2
258 36 31
258 265 36
258 810 2
259 100 2
259 327 2
259 532 2
260 131 4
260 256 36
260 295 2
260 522 5
260 678 10
261 8 3
261 67 8
261 672 2
262 32 11
262 134 9
262 193 10
262 256 5
262 1013 19
264 1 6
264 320 6
265 264 7
265 339 3
265 632 5
266 56 5
266 242 3
266 326 12
266 336 2
266 504 15
268 34 2
268 192 2
268 512 2
268 524 13
268 577 2
269 444 7
270 532 4
272 41 2
272 225 15
272 234 12
272 259 2
272 378 3
272 554 2
272 640 2
272 899 10
273 581 2
273 693 3
274 334 2
275 4 2
275 16 2
275 116 2
275 133 3
276 538 22
276 628 11
277 8 32
279 901 9
281 101 4
282 136 2
282 576 9
283 35 33
283 514 4
284 835 7
285 104 2
286 12 24
286 624 23
286 832 3
288 47 2
288 132 5
288 224 3
289 36 2
289 156 7
289 468 2
289 753 2
290 0 7
290 258 2
290 328 3
291 32 6
291 768 11
291 967 2
292 19 4
292 162 3
292 524 2
292 593 280
293 960 21
294 742 60
296 57 2
296 131 16
296 336 2
296 409 6
296 516 5
297 325 4
297 389 36
297 742 2
298 800 2
299 291 2
300 140 55
301 274 6
301 777 3
304 8 5
304 42 2
304 63 64
304 106 2
304 212 13
305 11 11
305 576 4
306 36 288
306 550 2
306 918 4
307 514 3
308 21 2
308 640 135
308 692 5
308 832 14
310 44 1182
310 936 25
314 109 27
314 156 38
314 376 27
315 739 5
316 452 26
318 532 26
318 914 11
320 29 2
320 641 22
320 720 2
321 4 8
321 834 6
322 0 20
322 416 2
322 902 2
323 360 2
324 106 113
324 179 44
324 200 2
324 513 2
324 530 4
325 6 4
325 145 3
325 192 8
325 614 3
325 720 2
326 11 558
326 32 20
327 698 11
328 45 2
329 258 347
329 836 5
331 512 2
332 456 2
332 643 3
335 83 2
335 391 18
336 18 2
336 632 2
337 352 3
337 768 88
338 160 2
338 169 2
340 106 22
340 704 223
340 763 2
342 168 10
342 272 19
342 536 11
343 475 2
344 188 45
345 32 15
345 728 22
346 89 62
347 11 3
348 128 2
348 395 7
349 12 2
352 409 19
352 419 42
352 680 2
352 860 109
353 389 2
353 684 5
354 25 2
354 30 8
354 836 14
356 800 2
357 641 420
358 3 57
358 168 5
358 197 2
360 514 23
360 555 2
360 732 3
360 810 18
361 316 5
362 34 2
366 657 4
368 49 3781
368 738 2
368 925 3
371 112 3
375 77 2
379 333 4
380 339 19
381 531 35
382 562 5
384 168 8
384 332 119
384 423 2
384 481 2
384 531 16
384 597 4
384 692 11
385 213 55
385 214 2
385 563 11
386 64 623
386 73 5
386 160 5
386 206 2
386 275 2
386 849 15
386 912 85
387 545 12
388 332 154
390 566 2
391 800 14
392 38 13
393 461 11
394 590 3
395 4 4
396 6 2
396 546 142
396 777 9
396 915 2
397 132 2
397 518 275
398 943 2
399 9 2
400 712 5
401 284 2
401 673 4
401 932 5
402 769 5
403 98 4
404 209 2
404 298 13
408 405 7
408 576 253
409 66 2
409 105 2
409 417 8
409 888 823
410 520 6
411 20 8
412 6 2
413 640 7
414 932 2
416 292 4
416 531 1236
417 577 3
418 16 2
419 7 2
419 62 2
420 32 2
420 114 4
420 288 8
420 538 2
422 736 2
423 384 6
423 651 7
425 161 3
425 746 36
428 32 2
428 194 47
430 8 10
430 203 32
433 24 164681
433 197 6
433 398 2
434 734 2
436 597 3
441 21 10
442 691 3
444 769 2
444 801 11
448 92 2
448 655 17
449 321 6
450 450 20
452 136 9
452 205 15
454 437 20
455 640 2
456 367 3
456 376 2
456 774 7
458 743 5
460 566 27
461 625 7
461 901 5
462 516 4
463 916 7
465 761 2
466 58 2
467 211 2
467 300 3
469 425 4
472 226 6
472 801 2
473 600 5
473 800 3
476 775 28
480 665 6
480 731 10
480 928 8
481 416 4
482 64 2
482 208 3
482 285 2
483 555 2
484 841 703
485 134 3
488 3 12
488 269 3
488 334 3
489 64 6
496 978 11
501 519 3
504 267 7
512 5 5
512 36 4
512 65 2
512 96 4
512 153 2
512 173 20
512 438 2
512 482 7
512 522 2
512 685 3
512 936 2
513 100 5
513 112 3
513 340 2
513 548 2
513 640 3
513 644 10
514 11 2
514 522 2
514 780 7
515 157 7
515 598 2
516 69 6
516 169 9
516 442 40
516 605 3
517 0 2
517 8 6
517 34 2
517 177 8
517 233 2
517 281 2
517 525 2
517 676 3
518 0 37
518 41 3
518 66 2
519 517 3
519 967 87
520 9 24
520 94 2
520 164 12
520 328 723
520 896 11
521 131 1316
521 229 5
521 450 14
521 546 4
521 560 2
522 121 26
522 652 3
523 650 8
524 159 3
524 173 2
524 520 2
525 820 2
526 776 2
527 36 2
528 10 7
528 33 2
528 36 2
528 171 5
528 344 2
528 512 67
528 580 4
528 611 2
528 801 2
529 517 3
529 737 37
529 836 3
530 132 2
530 522 56
532 11 2
532 292 2
532 550 3
533 5 7
533 37 17
533 787 2
534 6 2
534 425 6
534 786 2
534 932 2
535 10 2
536 10 4
536 244 8
536 902 2
537 257 2
537 478 2
538 74 13
538 84 4
538 820 39
540 481 14
544 6 14
544 24 7
544 160 2
544 401 2
544 536 13
544 542 2
544 597 2
544 718 9
545 209 2
545 743 7
546 4 14
546 263 7
546 612 2
546 900 19777
547 265 70
547 427 3
547 577 4
548 512 20
548 577 2
548 586 4
549 68 9
549 97 2
549 146 2
550 649 6
551 40 2
551 89 460
552 136 11
552 932 9
553 36 2
553 102 4
553 933 12
554 4 2
555 52 2
555 418 7
556 409 3
557 6 10
557 15 5
557 400 4
557 557 98
560 104 5140
560 168 2
561 521 11
561 993 4
562 977 6
562 992 2
564 28 2
564 659 9
565 105 11
566 4 26
566 44 3
566 132 4
567 793 11
569 385 2
569 522 2
571 100 10280
571 457 2
572 36 2
572 257 3
572 370 2
572 777 3
573 886 19
576 19 2
576 76 10
576 133 121
576 172 2
576 193 4
576 371 9
576 525 2
577 222 2
577 292 19
577 401 4
577 577 17
577 997 2
578 26 2
578 120 4
578 136 2
578 554 2
578 575 3
579 80 2
579 136 3
579 621 5
579 789 2
580 507 2
581 645 27
583 129 3
584 432 3
585 208 10
585 217 6
585 354 2
585 389 2
588 784 3
589 389 2
590 300 2
590 520 2
590 788 2
591 147 3
592 566 2
592 585 2
592 856 3
593 429 2
595 557 2
596 154 12
596 385 6
597 387 7
599 92 2
599 176 17
600 562 11
602 480 10
604 913 5
604 1006 3
606 281 2
606 807 4
607 393 2
608 185 8
608 522 26
608 576 2
608 648 2
609 28 3
609 225 7
609 526 3
610 24 11
611 125 7
612 170 2
612 534 2
614 265 33
614 936 10
616 450 262
617 908 2
619 76 3
619 140 7
619 231 923
621 293 6
623 1000 18
624 579 2
625 5 7
625 261 10
626 528 176
626 608 3955
627 3 10
627 418 12
627 977 2
628 76 4
629 528 3
631 24 6
632 18 4
633 812 7
638 161 5
640 4 38
640 6 7
640 16 2
640 160 6
640 246 17
640 258 2
640 369 28
640 421 17
640 467 6
640 659 10
640 732 2
642 512 6
642 724 2
644 660 5
644 756 14
645 4 16
646 289 2
646 388 8
648 98 6
648 369 44
648 512 2
648 694 2
648 769 2
649 4 2
649 48 11
650 108 2
650 216 2
650 953 2
651 290 5
652 257 5
652 594 2
654 565 7
656 3 6
656 259 9
656 278 2
657 79 16
658 26 7
658 226 9
660 36 28
660 69 2
660 648 2
661 244 5
661 608 3
662 374 28
664 539 2
664 781 7
665 260 2
666 66 12
668 163 55
668 749 6
672 1 9
672 129 3
672 514 12
672 608 6
672 717 68
673 104 2
673 656 3
674 259 3
674 401 11
675 257 2
677 121 75288
677 641 53
680 540 9
682 14 196
682 156 3
683 278 30
684 1008 2
686 426 555
686 593 19
689 80 3
690 110 2
691 12 2
692 260 2
693 397 2
693 522 81
694 768 2
694 931 9
695 517 8
695 585 4
697 710 3
700 18 7
700 229 5
700 864 2
701 941 2
704 34 9
704 76 2
704 292 2
704 370 11
704 514 20
705 596 187
706 17 4
706 161 3
706 732 5
708 108 16
709 354 84
709 644 5
711 19 2
712 141 16
712 294 2
712 862 5
713 593 2
713 837 2
716 339 7
716 649 2
719 512 2
720 7 3
720 144 2
721 0 22
721 104 11
721 323 2
721 584 2
722 100 7
722 393 22
722 464 2
723 142 38
724 596 2
725 44 5
725 65 3
727 200 46650
728 227 3
729 578 11
737 25 2
737 64 2
737 288 6
737 610 2
738 970 2
740 235 8
740 801 2
741 45 2
741 260 6
742 97 17
743 787 4
744 124 6
746 386 10
751 506 21
752 786 10
760 40 5
760 220 2
760 300 2
763 668 2
768 68 5
768 226 7
768 502 3
768 608 4
768 666 7
768 738 6
769 34 53
769 350 7
770 67 39
770 515 12
771 128 4
771 793 3
772 0 2
772 32 150
772 130 4
773 1 8
774 8 2
774 936 19
775 48 2
776 101 4
776 155 4
776 697 5
777 6 35
777 84 8
777 200 4
777 608 6
777 641 15
778 389 2
778 707 4
780 16 2
780 901 6
781 222 17
782 226 2
784 514 36
784 549 3
784 569 2
784 634 3
785 45 6
786 521 10
786 576 2
786 914 7
787 199 7
792 16 17
793 52 2
793 628 5
795 422 137
798 776 6
800 45 17
800 73 22
800 97 2
800 133 2
800 824 2
801 642 2
802 660 3
802 769 7
803 512 75
804 337 2
805 387 2
805 781 5
806 43 17
806 326 2
806 480 13
808 526 2
808 945 2
810 17 2
810 394 282
819 69 10
819 538 3
821 236 9
822 211 33
824 392 3
824 978 4
830 356 1221
832 21 2
832 30 84
832 43 2
832 304 2
832 548 2
833 147 2
833 999 2
834 0 3
834 32 6
834 67 2
834 912 10
835 392 1634
836 86 2
836 485 25
839 21 2
840 96 47
840 545 4
840 800 9
841 32 4
845 561 10
845 624 3
848 188 2
848 899 11
849 1018 3
850 308 3
852 64 26
852 72 2
852 824 12
854 681 2
856 256 5
863 516 7
864 23 2
864 786 529
866 260 10
870 6 25
872 32 12
872 50 2
873 9 11
875 164 5
878 258 28
884 802 4
894 392 2
895 603 3
896 868 4
897 115 2
897 1002 2
898 699 7
899 736 2
900 162 2
902 131 2
902 420 26
904 112 3
904 231 4
904 888 24
904 929 9
905 196 5
906 137 12
906 210 148
908 456 2
910 614 3
912 2 2
912 129 2
912 388 4
914 669 3
915 431 5
916 742 4
916 777 7
917 560 3
917 912 2
920 200 135
921 272 2
921 320 5
922 8 2
924 33 2
924 196 12056
928 384 3
928 516 41
929 10 2
929 316 8
930 547 3
930 720 2
931 230 2
933 657 6
934 94 6
938 261 4
940 512 2
941 771 2
944 165 11
944 756 4
945 456 9
947 568 5
948 9 3
951 818 2
953 905 2
956 846 2
958 844 13
960 358 2
961 131 13
961 291 2
961 472 15
965 937 2
966 29 435
966 197 2
966 555 11
968 51 30
968 360 56
969 313 369
969 769 857
970 180 2
971 566 21
975 205 6
976 321 78
977 549 7
978 817 3
984 483 2
986 772 2
987 962 5
988 366 2
990 35 2
996 836 7
998 127 3
1000 260 8
1002 652 18
1002 912 2
1011 36 5
1020 371 24
1020 385 5
1021 643 11
