0 4 2
0 8 4
0 17 9
0 47 11
0 112 3
0 150 5
0 156 2
0 215 2
0 265 9
0 274 34
0 352 2
0 415 2
0 552 14
0 646 19
0 670 2
0 674 9
0 679 3
0 704 405
0 917 5
0 936 17
1 7 2
1 15 2
1 82 23
1 135 2
1 228 5
1 292 2
1 481 28
1 535 2
1 565 8
1 644 2
1 768 2
1 825 36
2 0 75
2 3 7
2 8 3
2 167 157
2 328 2
2 523 4
2 826 53
3 24 7
3 272 6
4 15 9
4 50 164
4 60 2
4 64 7
4 248 127
4 284 15
4 368 2
4 517 12
4 576 8
4 683 6
4 774 2
4 808 11
5 18 2
5 216 10
5 584 2
6 148 2
6 259 2
6 268 8
6 512 3
6 1002 4
7 110 27
7 715 28
8 1 59
8 19 2
8 32 4
8 42 2
8 58 7
8 273 2
8 393 9
8 486 2
8 552 26
8 642 2
8 902 33
9 39 9
9 43 3
9 823 4
10 75 2
10 160 26
10 523 6
11 204 300
11 752 2
12 0 2
12 24 2
12 634 2
13 66 13
13 192 2
14 127 2
14 152 2
15 485 2
15 659 19
15 854 2
16 9 7
16 24 3
16 64 96
16 132 4
16 148 2
16 198 2
16 516 3
16 806 8
18 51 14
18 203 2
18 215 9
18 290 5
18 641 2
18 645 4
19 24 3
19 709 2
20 1 2
20 10 12
20 176 6
20 194 2
20 786 2
21 116 2
21 308 9
22 24 2
22 97 5
22 565 2
24 9 6
24 533 2
24 781 3
25 592 3
26 22 24
26 109 5
28 42 2
28 192 7
28 624 81
28 647 2
29 327 2
29 532 10
29 809 17
30 52 24
30 129 1466
30 588 2
32 33 4
32 42 2
32 185 2
32 196 14
32 204 3
32 388 2
32 414 9
32 514 2
32 612 7
32 721 5
32 848 2
32 960 18
33 2 218
33 26 2
33 64 3
33 276 26
34 292 9
34 561 2
34 720 2
34 800 2
35 65 7
35 551 7
36 48 3
36 320 2
36 448 5
36 858 2
37 13 2
37 364 4
37 594 6
37 640 37
37 673 2
38 1 96
39 3 2
39 48 3
39 520 2
39 982 2
40 528 13
40 605 5
40 756 2
41 276 6
41 321 2
41 513 2
42 42 677
42 140 9
42 329 3
42 411 4
42 839 2
44 10 3
44 47 4
44 524 38
45 23 5
45 50 2
45 74 2
45 266 152
45 615 2
45 808 3
46 57 18
47 1022 6
48 67 12
48 168 11
48 176 2
48 193 2
48 708 52
48 789 8
49 17 2
49 313 17
51 70 20
51 516 2
52 46 21
52 188 16
52 256 196
52 390 2
52 899 6
54 718 4
55 278 4
56 267 2
56 544 290
56 560 21
57 5 34
57 128 3
58 113 6
58 470 2
59 58 2
59 292 2
59 453 2
59 583 11
60 3 2
60 112 34
60 948 2
61 644 5
61 648 3
64 1 2
64 192 289
64 272 5
64 756 113
64 771 2
64 780 6
64 790 1715
65 61 45
65 274 17
65 421 3
65 515 6
66 545 15
67 16 2
67 37 3
67 840 2
68 153 2
68 226 72
69 138 53
69 529 29
69 572 2
69 768 73
70 109 2
70 212 22
70 431 2
70 608 4
70 648 11
71 264 179
71 409 2
71 700 4
72 533 6
72 961 8
73 39 10256
73 640 11
73 870 9
74 512 4
74 548 19
74 600 46
75 576 33
76 76 7
76 84 2
76 133 22
76 262 5
77 456 2
78 288 86
78 517 2
78 784 79
78 919 219
79 386 2
80 0 7
80 82 3
80 211 2
80 920 9
81 807 2
81 852 3
83 115 2
83 124 2
83 304 5
83 617 2
83 784 19
84 64 2
84 216 2
84 490 3
85 31 13
85 65 25
86 234 23
86 524 11
87 353 2
87 512 49
89 2 2
91 951 8
92 38 18
92 91 5
93 134 3
94 869 2
95 20 2
95 34 15
96 80 258
96 103 4
96 148 26
96 220 12
96 276 3
96 304 12
96 321 2
96 356 4
96 547 2
96 776 7
96 820 2
97 18 2
97 130 2
97 144 10
97 167 6
97 525 11
98 401 2
98 671 2
98 928 5
100 752 18
100 768 8
101 161 71
101 392 7
102 166 2
104 26 2
104 28 2
104 64 11
104 132 127
104 313 17
105 779 869
107 129 4
112 107 2
112 165 3
114 452 7
114 497 2
114 872 5
117 803 2
118 565 2
119 446 2
120 0 2
122 185 2
123 600 22
124 304 57
124 348 3
125 268 19
128 1 2
128 10 2
128 58 3
128 200 3
128 208 21
128 320 2
128 433 4
128 628 91
128 770 2
129 0 9
129 10 15
129 39 4
129 88 2
129 584 2
130 78 3
130 520 31
130 532 2
130 540 2
132 94 19
132 372 40
132 713 3
132 916 4
132 957 2
133 23 3
133 138 2
133 614 2
134 67 3
134 208 20
134 377 15
135 258 6
136 21 2
136 39 17
136 160 62
136 610 39
136 657 2
136 684 3
136 831 2
137 148 25
137 325 2
138 415 4
138 902 4
139 87 2
139 865 2
140 168 2
140 724 3
140 776 2
142 641 22
143 116 6
143 144 4
144 18 4
144 68 7
144 433 16
144 800 15
145 1 2
145 2 3
145 184 3
145 273 2
145 392 2
145 513 2
146 146 534
146 396 2
147 513 2
148 1 2
148 139 20
148 464 6
148 912 15
149 649 2
150 160 15
151 102 2
151 132 2
153 26 6
153 151 4
153 592 4
156 54 10
156 133 3
156 521 18
156 814 41
157 404 2
159 526 8
160 34 2
160 81 253
160 644 2
161 21 12
161 40 2
161 326 6
161 376 6
161 524 3
161 717 2
161 898 7
162 160 3
162 290 3
162 306 2
163 361 2
164 34 2
164 217 48
164 264 3
164 280 2
164 329 5
164 481 4
164 636 6
165 141 11
166 686 15
167 289 2
167 384 2
167 456 2
168 52 19
168 68 6
168 98 8
168 480 3
169 25 7
171 810 4
172 8 2
172 32 5
172 664 2
173 261 2
174 493 3
174 582 3
175 863 11
176 824 13
176 916 2
177 280 2
177 611 15
177 744 14
178 580 53
178 797 64
180 19 2
180 152 10
181 331 12
181 964 2
182 728 2
184 141 9
184 161 46
185 5 2
185 42 3
186 272 2
186 582 2
192 72 2
192 177 3
192 392 14
192 536 297
192 898 6
192 999 2
193 8 3
193 28 11
193 131 2
193 375 2
193 422 2
193 718 3
194 321 2
194 677 35
196 286 9
196 377 2
197 100 4
197 297 15
197 769 2
198 3 1132
198 196 6
198 812 5
200 445 2
200 577 2
200 924 6
201 39 11
202 11 4
205 457 3
208 12 10
208 88 4
209 55 6
210 1 2
212 285 48
214 585 27
216 138 1038
216 792 2
217 923 2
219 389 29
220 658 3
222 532 5
222 852 110
225 316 2
225 948 28
226 157 2
230 9 4
231 290 5
232 5 16
232 65 12
232 80 4
232 130 2
233 212 9
233 973 3
234 848 3
235 281 13
235 645 3
238 642 2
239 370 15
240 18 17
240 66 2
240 914 5
241 206 2
241 245 21
242 156 3
244 33 12
244 356 5
245 705 3
246 64 4
248 0 6
248 290 31
248 902 3
250 46 2
256 1 2
256 4 2
256 5 3
256 68 98
256 69 4
256 160 2
256 243 2
256 312 41
256 344 12
256 416 13
256 522 3
256 705 3
256 764 2
256 772 4
256 904 2
257 272 4
257 806 21
257 912 5
258 24 8
258 34 5
258 880 3
259 226 3
259 268 49
260 256 2
260 295 2
260 522 2
260 545 4518
260 678 2
261 8 2
261 67 4
261 72 3
261 672 9
261 995 4
262 32 14
262 134 15
262 193 22
262 256 13
262 906 2
262 1013 2
264 296 7
264 320 2
264 568 2
265 632 34
266 11 27
266 326 10
266 336 124
267 523 4
267 581 2
268 12 2
268 192 2
268 524 2
268 577 4
269 640 4
270 532 2
270 642 2
272 162 6
272 208 15
272 234 2
272 259 3
272 554 2
272 640 3
272 684 2
272 899 7
273 47 4
273 693 4
274 98 2
274 334 2
275 133 2
275 401 12
275 485 73
276 288 12
276 392 15
276 394 2
276 628 3
276 661 2
277 8 2
277 27 28
277 128 2
278 258 2
279 18 9
279 901 2
280 82 2
280 600 3
280 674 3
281 101 5
282 576 37
282 787 3
283 514 2
287 448 44
287 802 37
288 224 5
288 292 2
288 341 3
288 776 2
289 36 2
289 60 8
289 345 4
289 472 5
290 388 5
291 768 12
291 967 12
292 7 2
292 524 13
294 27 100
294 864 5
296 57 11
296 288 675
296 336 2
296 409 17
296 516 3
297 167 2
297 389 2
297 742 4
299 78 7
299 291 2
300 29 7
300 140 2
301 274 2
301 777 2
304 8 3
304 258 3
304 292 2
305 11 21
305 34 2
305 576 2
306 36 2
306 918 8
308 21 2
308 692 1311
308 832 2
308 848 7
309 77 2
309 774 14
310 44 12256
310 936 2
312 514 2
314 376 2
314 518 3
318 914 2
320 29 4
320 315 4
320 407 3
320 428 2
320 641 3
321 337 263
321 768 6
322 0 2
322 80 2
322 272 2
322 899 6
322 902 2
323 360 3
323 515 11
324 16 2
324 200 2
325 74 2
325 614 122
325 720 21
326 11 2
326 116 2
326 280 12
328 853 11
329 35 5
329 836 6
330 8 2
332 643 2
334 265 2
334 288 5
335 83 6
336 18 2
336 100 3
336 576 2
336 632 2
337 768 2
338 33 44
338 160 21
338 169 7
340 0 3
340 106 5
340 704 3
341 576 2
342 15 12
342 168 23
342 272 3
342 536 25
343 475 7
344 188 5
344 676 6
345 32 2
345 728 2
346 11 2
347 11 6
347 296 2
347 313 11
352 409 2
352 794 2
352 860 2
353 389 3
353 684 2
354 25 2
354 969 4
355 134 2
355 634 13
356 800 2
357 433 13
360 555 5
360 732 3
360 784 13
360 810 18
363 424 2
364 740 7
368 49 3
368 925 2
372 352 17
375 77 7
376 193 6
379 333 2
380 339 4
384 6 2
384 156 2
384 332 56
384 423 2
384 457 11
384 531 28
384 692 3
385 2 2
385 75 2
385 213 3
385 214 77
385 563 3
386 64 2
386 158 2
386 206 2
386 275 3
386 849 9
386 912 6
387 147 2
387 1016 16
389 596 8
391 461 2
391 800 4
392 38 3
392 553 5
394 80 2
394 590 9
396 536 2
396 960 3
397 305 11
397 518 27
398 943 2
400 21 2
400 144 2
401 932 5
402 80 60
402 769 2
403 20 2
404 298 25
405 160 4
406 928 8
407 591 5
408 66 5
408 576 3
409 66 110
409 417 64
409 888 2
410 520 2
412 6 2
414 932 2
415 101 19
416 52 19
416 279 4
416 832 2
417 577 6
419 7 4
420 32 2
420 114 2
420 288 10
420 538 6
423 384 2
424 481 12
425 261 57
425 746 19
425 776 2
427 580 12
428 32 20
428 194 2
428 620 2
428 880 2
430 68 2
430 203 8
433 24 2
433 197 2
433 398 1986
436 597 2
436 641 2
441 21 18
442 691 2
444 769 5
448 513 5
449 321 2
452 48 3
452 205 6
452 512 2
454 9 6
454 437 24
456 105 2
458 101 2
460 197 6
460 462 12
462 516 30
464 265 4
465 761 2
467 211 2
467 300 2
469 425 3
472 226 3
473 6 7
473 600 8
476 775 314
480 665 23
480 928 2
481 288 2
482 208 2
482 285 484
483 276 4
488 3 12
488 334 2
489 64 2
491 112 23
496 978 3
505 332 3
506 706 3
512 1 9
512 5 80
512 36 2
512 52 4
512 65 7
512 96 5
512 420 2
512 453 2
512 482 14
512 522 2
512 685 24
512 936 7
513 5 3
513 42 20
513 65 11
513 315 2
513 644 10
514 572 7
515 273 6
516 33 4
516 169 15
516 357 2
516 442 2
516 582 2
517 0 2
517 8 2
517 34 3
517 132 4
517 177 4
517 233 2
517 281 7
517 534 10
520 94 2
520 296 27
520 436 24
521 81 5
521 229 6
521 450 6
521 546 96
521 554 3
521 560 2
522 1 12
522 234 3
522 549 2
524 159 18
524 173 4
524 520 2
525 134 2
525 820 320
526 548 2
526 776 5
528 10 2
528 36 3
528 97 12
528 344 5
528 801 3
529 16 9
529 260 3
529 517 6
529 737 6
529 836 2
530 20 5
530 278 10
530 325 17
530 522 330
532 11 55
532 292 2
532 853 2
534 6 2
534 425 13
534 932 10
535 10 2
536 10 2
536 412 6
536 687 2
540 256 6
541 344 15
544 6 3
544 21 15
544 24 32
544 401 2
544 429 167
544 551 2
545 209 2
545 743 12
545 914 36
546 2 4
546 263 6
546 758 4
546 900 74
547 265 7
548 169 23
548 512 2
548 586 2
549 68 3
549 647 9
550 800 2
551 4 87
552 136 3
552 640 10
552 932 14
553 36 4
554 4 3
556 409 2
557 6 12
557 770 4
559 557 289
560 18 2
560 96 3
560 104 4
560 168 2
560 354 2
561 10 97
561 993 4
562 162 2
562 977 11
562 992 2
563 20 3
563 410 2
564 28 18
566 4 6
566 44 4
566 132 2
567 793 5
569 522 2
571 100 2
571 457 7
572 64 6
572 257 8
573 886 7
576 4 4
576 5 21
576 19 2
576 133 12
576 525 16
576 547 2
577 72 36
577 222 2
577 577 26
577 661 7
578 136 2
578 572 6
578 575 9
579 80 4
579 136 11
579 789 51
580 64 2
580 507 24
580 528 2
581 645 14
583 129 5
584 432 3
585 64 2
585 208 2
585 354 21
585 389 2
586 530 6
590 276 2
590 300 2
590 520 16
590 788 2
591 147 2
592 322 5
592 528 58
592 566 2
592 585 2
592 856 4
593 429 45
595 58 8
595 557 3
596 33 13
596 91 52
599 92 8
599 569 3
600 115 2
600 562 6
600 573 2
600 575 2
601 431 6
602 480 9
604 913 10
604 1006 2
605 80 2
606 281 6656
606 807 2
608 522 11
608 576 3
608 648 2
609 210 59
609 225 2
609 526 2
609 768 5
610 24 4
611 125 13
614 936 3
616 450 15
616 806 3
617 374 20
618 70 2
618 1004 2
619 76 2
623 1000 2
624 579 2
625 5 2
626 114 56
626 528 2
627 3 3
627 977 9
628 76 4
629 446 8
633 812 137
637 73 2
638 161 10
640 16 11
640 160 2
640 246 2
640 467 31
640 732 2
640 938 2
640 952 2
641 192 10
642 512 4
642 562 2
642 724 3
643 73 5
643 775 2
644 387 3
644 660 187
644 756 8
644 769 2
645 963 2
646 289 14
646 388 2
648 76 2
648 210 8
648 369 39
648 769 2
649 4 2
649 48 6
650 953 2
652 594 2
654 129 23
654 565 3
655 761 2
656 3 17
656 259 3
656 370 10
656 833 2
657 201 2
658 10 2
658 640 2
660 69 2
660 85 16
660 648 2
661 244 5
661 608 2
662 374 8
664 16 7
664 205 2
664 781 7
665 3 3
667 587 6
668 163 2
668 749 2
670 515 14
672 64 153
672 129 2
672 514 2
672 608 10
673 104 19
674 401 5
674 672 2
675 470 2
676 52 14
678 237 12
679 556 2
680 20 7915
680 39 3
680 105 46
680 450 10
681 33 2
682 14 5
683 278 2
686 593 4
688 385 2
689 80 2
691 12 2
693 397 38
694 6 8
694 931 5
694 976 8
696 885 20
700 229 2
701 941 44
704 34 19
704 76 4
704 292 3
704 370 2
704 514 3
705 854 4
706 17 3
706 161 2
706 460 3
708 108 17
709 325 2
709 644 2
710 2 24
711 19 2
712 141 6
712 283 2
712 294 8
712 862 8
713 593 3
713 837 2
716 98 20
716 339 3
716 649 2
716 842 5
719 512 2
720 144 2
721 104 2
721 170 549988
721 323 6
722 82 4
722 100 2
722 104 25
722 258 4
722 393 7
722 464 9
723 142 23
724 596 6
725 44 2
732 834 38652
737 25 2
737 64 2
737 288 2
737 610 2
738 970 5
740 235 35
740 778 9
741 45 2
741 260 2
743 787 4
744 124 2
744 280 228
744 762 2
746 536 41
752 261 3
752 786 5
754 32 7
759 130 2
760 40 18
760 257 15
760 300 10
765 513 2
768 326 2
768 608 18
768 926 6
769 34 2
769 773 9
770 67 2
770 256 2
770 515 16
771 793 2
771 800 64
772 0 5
772 32 2
772 130 40
774 936 3
775 48 2
776 586 3
777 6 5
777 200 8
777 539 2
777 554 4
778 389 11
780 14 2
780 193 8
780 552 13
780 901 12
781 222 27
781 496 2
782 226 7
782 405 2
784 514 15
784 841 5
785 257 2
786 142 3
786 521 17
786 914 2
787 199 2
788 25 2
788 324 5
788 332 7
792 274 3
792 540 2
792 594 72
793 52 2
793 498 7
795 661 2
798 776 6
800 97 2
800 133 35
801 34 2
801 312 3
804 0 7
805 387 2
805 781 44
806 480 2
808 526 2
808 945 5
810 17 71
812 778 2
814 161 26054
814 264 36
814 523 3
814 905 11
816 18 2
816 24 36
817 784 23
818 253 32
821 236 4
822 211 55
828 592 11
830 356 4
832 21 4
832 30 5
832 281 10
832 304 517
834 32 1357
834 67 8
834 104 2
834 148 6
834 912 23
835 392 6
835 583 2
836 86 10
836 485 5
839 21 3229
840 96 5
840 106 8324
840 545 6
841 32 2
843 939 10
845 561 41
845 624 2
848 90 12
848 188 19
848 899 16
850 308 2
851 195 2
852 72 18
852 824 2
856 256 3
856 866 2
857 42 2
862 130 7
864 786 3
866 260 2
868 332 2
870 68 2
871 264 2
872 50 3
873 9 69
874 360 14
882 778 8
884 802 3
885 601 5
894 392 2
895 603 7
896 330 3
896 868 2
897 39 5
897 115 19
897 523 4
898 336 9
898 699 3
899 537 10
900 4 14
902 420 4
904 231 52
904 888 2
904 929 2
905 248 10
905 572 9
906 137 14
906 328 2
908 456 2
910 614 2
911 10 17
911 896 3
912 2 31
912 129 5
912 388 28
914 216 4
914 776 10
914 968 2
916 742 2
920 200 8214
921 320 4
922 8 2
922 784 3
928 384 74
928 516 2
929 10 2
929 257 8
929 316 6
930 547 5
930 720 4
931 657 6
932 274 2
932 783 3
934 94 11
938 261 2
938 552 2
940 512 40
945 456 6
948 9 2
952 37 2
961 131 8
961 333 2
961 472 7
966 197 2
966 555 2
968 352 7
968 360 25
969 769 15
975 205 2
976 779 17
977 34 29
978 817 3
984 324 13
984 483 9
986 772 2
988 366 4
990 35 2
996 836 25
998 179 2
1000 260 2
1001 286 2
1004 129 8
1011 36 12
1013 316 8
1018 358 2
1020 385 2
1021 643 102
