0 4 10
0 47 2
0 112 2
0 135 2
0 156 21
0 166 2
0 259 12
0 274 41
0 321 2
0 415 3
0 552 2
0 618 2
0 646 2
0 679 5
0 704 2
0 843 2
0 902 8
0 917 17
0 936 9
1 7 23
1 15 11
1 30 17
1 37 11
1 70 2
1 135 43
1 292 3
1 644 7
1 768 7
2 167 2
2 260 3
2 328 3
3 24 4
3 131 3
3 277 5
3 652 4
3 817 3
4 24 4
4 50 7
4 60 2
4 248 2
4 284 2
4 576 21
4 683 11
4 803 271
4 808 2
5 18 3
5 584 11
6 3 8
6 259 9
6 267 2
6 268 2
6 466 3
6 1002 3
7 237 2
7 715 2
8 19 2
8 58 2
8 202 2
8 272 10
8 642 3
8 656 6
8 902 2
9 39 2
9 274 5
9 526 29
9 572 3
9 823 20
10 160 2
10 176 2
10 208 8
10 518 6
10 584 3
10 599 2
10 680 3
10 778 9
11 204 30
12 0 3
12 24 2
12 55 2
12 65 2
12 116 6
12 128 2
12 634 3
12 781 2
13 66 3
13 192 15
14 152 6
14 321 2
14 584 5
14 616 2
15 485 22
15 659 2
15 854 10
16 24 14
16 64 19
16 132 2
16 516 14
16 643 16
16 806 2
17 129 3
18 215 9
18 641 7
18 645 2
19 657 19
19 709 3
20 1 5
20 36 33
20 786 2
21 308 3
22 97 16
22 133 9
22 320 15
22 331 46
22 565 2
23 886 9
24 533 2
24 781 4
24 848 21
26 20 2
26 22 5
27 130 3
27 210 2738
27 547 121
27 549 3
28 42 2
28 146 8
28 624 2
29 5 2
29 327 19
29 532 17
30 21 2
30 52 7
30 129 9
30 588 2
31 77 9
31 561 131
32 16 2
32 33 2
32 185 2
32 204 2
32 211 10
32 276 48
32 848 2
33 3 2
33 64 2
33 544 53
33 898 4
34 324 999
34 800 5
35 65 9
35 689 79
36 12 3
36 257 5
36 266 227
36 288 2
36 448 14
36 555 12
36 858 15
37 13 2
37 594 11
37 673 8203
38 1 10
38 180 5
38 204 3
38 544 156
39 3 4
39 48 2
39 520 2
39 982 5
40 20 2
40 39 13
40 256 3
40 605 11
40 840 53
40 980 4
41 96 7
41 276 6
41 321 7
42 42 4
42 140 5
42 329 3
42 411 6
43 546 1031
44 12 6
44 47 14
44 430 2
44 524 2
44 794 15
45 23 23
45 50 13
45 266 2
45 615 3
45 844 2
47 80 12
48 67 3
48 198 2
48 226 8
49 313 600
49 516 6
50 9 9
50 113 18
51 377 4
51 516 75
52 46 2
52 188 2
52 285 3
52 390 2
52 899 14
53 146 2
54 112 2
54 718 6
55 278 4
56 89 8
56 472 3
57 5 5
57 128 9754
59 292 26
59 583 6
60 5 46
60 33 6
60 112 2
60 948 5
61 648 26
62 521 2
64 26 19
64 41 2
64 197 5
64 203 2
64 272 7
64 514 21
64 686 2
65 61 4
65 96 12
65 241 2
65 274 2
65 421 2
65 614 3
66 140 2
66 545 12
67 37 13
67 482 12
67 840 2
68 153 13
68 192 2
68 226 3
68 322 2
68 576 2
69 529 2
69 768 11
70 109 8
70 212 2
70 646 6
70 672 3
71 1 3
71 264 14
71 409 22
71 700 2
72 37 2
72 280 6
72 437 2
72 961 2
73 39 1378
73 870 3
74 512 3
74 548 24
74 768 3
74 1012 173
76 76 3
76 133 13
76 262 9
76 586 2
76 855 2
77 256 175829
77 267 34
78 288 4
78 919 209
79 386 9
80 0 13
80 51 9
80 528 11
83 124 6
84 64 2
84 216 3
84 490 2
85 31 12
85 65 2
86 234 2
87 462 2
87 512 3
87 515 3
88 330 5
89 4 10
90 274 2
90 988 2
91 154 12
91 652 21
91 951 14
92 38 3
93 669 13
94 869 5
94 954 30
95 20 15
95 34 37
96 80 2
96 148 2
96 208 6
96 276 9
96 820 19
97 48 2
97 144 14
97 167 2
97 473 2
98 14 10
98 352 2
98 401 2
98 671 5
98 928 4
99 117 39
99 134 2
100 128 3
100 294 2
101 70 2
101 124 11
101 392 2
101 599 16
102 6 16
102 78 5
102 166 2
104 26 9
104 48 12
104 132 90
104 512 2
105 3 10
106 652 2
107 3 7
108 133 2
108 514 2
108 825 48
112 0 2
112 28 906
112 84 3
112 107 3
112 165 2
112 776 14
114 416 5
114 497 2
114 872 2
116 33 2
117 803 2
118 565 14
119 446 167
120 76 2
121 536 8
122 185 3
122 294 2
123 600 2
124 304 2
124 348 3
125 268 8
128 10 8
128 58 2
128 134 4
128 200 5
128 208 4
128 320 9
128 433 2
128 628 8
128 770 2
129 10 2
129 39 24
129 163 2
130 273 2
130 528 3
130 532 10
130 540 2
130 772 2
131 581 10
132 6 12
132 94 8
132 372 2
132 516 7
132 916 2
134 67 17
134 84 16
134 224 50
134 377 11
134 390 6
134 768 6
136 39 2
136 81 3
136 160 357
136 610 3691
136 657 2
136 684 15
136 831 7
137 148 2
137 259 8
137 325 4
138 590 6
139 426 7
139 865 10
140 72 8
140 143 8
141 2 2
143 116 5
143 144 3
143 642 83
144 18 4
144 248 2
144 418 5
144 520 5
144 800 2
145 1 2
145 67 38
145 184 2
145 392 9
145 513 31
145 576 12
146 69 11
147 513 50
147 522 2
148 24 14
148 130 16
148 278 10
148 515 2
149 20 19
149 649 2
150 141 2
150 160 76
150 656 2
151 102 5
151 132 2
151 207 4
153 151 3
153 598 2
153 961 4
156 133 6
157 404 8
160 34 5
160 81 9
160 144 40
160 452 2
160 644 2
160 801 6
161 21 10
161 376 6
161 717 2
162 306 10
162 517 3
163 227 24
163 361 9
164 34 2
164 38 7
164 87 7
164 217 2
164 329 2
164 481 2
164 636 3
165 141 67
165 397 167234
167 384 9
167 712 8
168 8 3
168 52 3
168 67 9
168 68 15
168 98 2
168 480 4
169 72 3
169 514 3
172 8 6
172 32 4
172 569 3
172 664 40
174 582 6
176 32 2
176 137 2
176 273 2
176 932 3
177 128 2
177 560 11
177 744 5
178 100 2
178 144 9
178 580 2
180 152 3
180 600 2
181 97 2
181 331 2
181 768 9
182 672 2
182 728 2
184 161 2
185 5 627716
185 42 4
186 272 3
186 582 2
188 4 3
188 199 2
192 43 12
192 52 2
192 177 4
192 536 2
192 713 122
192 999 2
193 8 2
193 120 2
193 131 9
193 375 22
193 775 2
194 321 2
194 592 2
197 100 8
197 297 2
197 592 2
197 611 17
197 769 8
198 3 13
198 812 2
200 146 4
200 577 2
200 924 3
201 39 5
203 654 6
204 6 2
204 520 11
206 80 13
208 12 11
208 14 12538
208 88 132
208 534 2
209 55 10
209 513 4
209 564 2
210 882 5
212 34 33
212 262 2
212 285 3
212 673 20
214 369 8
214 585 30
216 138 3
219 389 48
220 176 5
220 658 6
222 532 2
225 948 3
226 157 5
227 336 61
227 838 4
228 294 5
231 261 6
231 290 5
232 5 4
232 65 2
232 130 2
232 480 23
233 212 10
233 912 3
234 848 2
234 917 2
235 645 19
237 91 22
238 620 5
239 370 58
240 66 2
240 799 3044
240 914 10
241 206 2163
244 356 4
248 0 5
248 557 78
248 902 3
250 46 12
253 636 11
256 4 2
256 160 2
256 212 17
256 262 4
256 616 282
256 772 8
256 904 2
256 963 2
257 0 14
257 156 2
257 272 14
257 680 2
257 912 86
257 920 11
258 24 4
258 34 11
258 36 2
258 138 15
258 810 24
258 880 3
259 7 9
259 165 39
260 256 12
260 522 8
260 678 5
260 978 5
261 8 2
261 356 2
262 32 2
262 134 203
262 193 2
262 256 2
264 1 9
264 4 15
264 296 6
264 320 5
264 568 24
265 264 8
265 339 7
265 632 2
266 242 3
266 326 6
266 336 84
266 504 3
267 523 3
268 34 3
268 177 2
268 192 12
268 524 3
268 577 3
269 444 4
269 640 10
270 73 2
272 162 12
272 208 8
272 225 2
272 378 2
272 554 2
273 47 7
273 693 17
273 809 3
274 334 2
275 4 2
275 16 7
275 116 8
275 133 3
275 401 4
275 485 10
275 512 4
276 288 117
276 392 3
276 628 26
277 8 24
277 27 23
277 128 2
279 18 2
279 901 76
280 600 2
282 717 242
282 787 6
283 514 2
284 835 2
286 12 4
286 624 6
287 448 81
288 224 10
288 292 4
289 36 13
289 60 315
289 345 6
289 472 2
289 648 4
290 0 2
290 328 2
291 32 2
291 768 2
291 967 2
292 162 3
292 593 22
293 960 11
294 27 10
294 742 3
296 57 8
296 84 2
296 131 2
296 231 2
296 336 2
296 409 4
296 516 3
297 325 3
297 389 28
297 742 4
300 29 3
300 140 3
301 274 9
304 6 9
304 63 2
304 106 12
305 11 2
305 576 2
306 550 9
308 583 4662
308 692 6
308 832 10
310 44 4
310 936 6
314 109 2
314 156 4
316 452 11
318 532 2
318 914 2
320 29 9
320 428 2
320 468 5
320 641 2
320 720 5
322 0 4
322 80 106106
322 196 3
322 272 6
322 899 8
323 360 6
323 515 2
324 106 5
324 200 2
324 513 2
325 6 20
325 74 2
325 145 2
325 192 3
325 614 11
326 16 19
326 32 9
326 116 6
327 675 116
328 853 2
329 836 6
330 8 3
331 512 2
332 456 2
334 288 5
335 83 7
335 391 4
336 576 3
336 632 5
337 352 2
338 33 2
338 160 474
338 169 52
339 42 3
340 106 19
340 704 25
341 576 6
342 15 18
342 168 16
342 272 6
342 536 26
343 475 3
344 188 5318
345 992 2
346 11 109
346 89 2
348 128 2
348 395 6
349 12 2
352 409 2
352 514 16
352 680 18
352 794 3
353 138 5008
353 389 8
353 684 5
354 25 5
354 836 6
354 969 3
355 134 2
357 433 32
357 641 2
358 3 10
358 168 20
360 514 7
360 555 15
360 784 300
362 34 208
363 162 5
363 424 2
366 657 4
368 738 17
368 925 6
371 112 2
376 193 70
379 333 4
380 339 2
381 531 2
382 562 15
384 6 5
384 168 8
384 312 4
384 332 2
384 457 2
384 531 2
384 571 14
384 841 2
384 962 2
385 2 3
385 75 2
385 214 6
385 513 2
385 563 2
386 64 40
386 73 3
386 158 2
386 160 2
386 275 2
386 849 5
386 912 12
387 147 8
387 297 9
387 545 2
388 332 5
389 596 6
391 8 14
392 38 2
392 336 28
392 553 3
392 674 5
393 577 9
394 80 2
394 211 2
394 590 11
395 4 415
395 647 67
396 454 2
396 546 4
396 915 2
396 960 7
397 132 2
397 305 11
397 518 2
399 9 2
400 10 2
400 144 2
401 16 4
401 58 2
401 284 2
401 932 6
404 209 2
404 298 16
405 160 3
406 677 9
406 928 42
408 405 7
408 576 6
409 66 2
409 888 2
410 520 2
411 20 8
413 640 23
414 932 8
415 101 3
416 52 2
416 292 3
416 832 30
417 577 2
418 16 2
419 7 2
419 62 14
419 844 2
420 114 2
420 288 2
420 538 3
420 545 2
421 400 6
423 384 2
423 651 2
425 261 4
425 746 2
425 776 2
427 580 9
428 32 7
428 194 85
433 197 6
436 641 3
437 2 2
441 21 2
442 146 4
442 691 2
444 801 7
448 655 10
452 136 2
452 488 2
452 512 373
452 513 4
453 368 2
454 634 2
454 782 41
456 774 10
458 101 4
460 197 16786
460 462 2
461 625 10
461 901 78468
462 641 5
464 265 34
464 928 4
465 902 4
467 211 2
467 300 2
469 425 27
472 226 2
472 256 2
472 801 2
473 6 22
473 600 9
473 800 26
480 665 13
480 731 2
480 928 2
481 288 2
481 416 2
482 64 2
482 208 4
483 276 2
483 555 7
485 134 2
488 334 3
488 565 2
489 64 2
491 112 34
496 433 5
501 519 2
505 332 2
506 706 8
512 1 2
512 5 7
512 52 11
512 96 8
512 266 6
512 420 2
512 438 2
512 453 2
512 522 2
512 685 4
513 65 21
513 100 29
513 112 2
513 315 2
514 36 15
514 401 4
514 522 10
514 572 4
514 780 238
515 93 7
515 273 9
515 598 3
516 33 3
516 442 2
516 582 7
516 785 15
517 3 2
517 177 2
517 233 3
517 281 2
517 534 2
517 672 11
519 517 2
519 944 5
520 94 2
520 164 4
520 296 13
520 812 3
520 896 2
521 131 3
521 546 2
521 554 31
521 560 3
522 1 7
522 121 2
522 652 7
523 650 5
524 173 2
524 520 6
525 820 4
526 548 7
527 36 10
528 10 4
528 33 2
528 36 277
528 97 9
528 144 4
528 171 12
528 512 8
528 580 2
528 582 2
528 720 2
528 801 4
529 423 3
529 517 10
529 836 3
530 20 16
530 132 2
532 134 5
532 550 2
533 37 5
533 787 3
534 425 2
535 10 2
536 244 2
536 687 8
536 902 19
537 99 2
537 138 10
537 478 2
538 74 7
538 84 2
540 256 5
541 793 2
544 6 7
544 24 23
544 416 2
544 551 4
544 597 2
544 718 10
545 226 2
545 743 12
546 2 2
546 612 2
546 650 5
546 758 11
546 900 19
547 265 19
547 577 448
548 169 5
548 577 2
548 586 15
549 68 2
550 800 3
551 89 20
552 136 330
552 640 12
552 932 5
553 36 3
553 102 2
553 933 2
554 4 5
555 418 15
557 400 12
557 512 2
557 770 7
557 938 36
560 18 11
560 32 14
560 96 5
560 354 6
561 10 9
561 444 21
562 977 2
562 992 238
564 28 52
565 105 2
566 44 18
566 132 3
569 385 274
569 522 2
571 457 2
572 36 2
572 64 2
572 370 2
572 777 81
574 533 2
576 4 2
576 5 17
576 76 11
576 133 7
576 172 124
576 228 88
576 325 4
576 371 3
576 525 2
576 607 2
577 72 2
577 222 6
577 401 5
577 577 3
577 661 2
578 26 2
578 96 6
578 136 2
578 554 4248
579 80 2
579 621 9
579 789 2
580 64 14
580 507 23
580 528 12
580 598 2
584 432 6
585 64 31
585 208 10
585 354 105
586 64 6
587 608 13
590 276 2
590 300 2
590 520 2
592 2 27
592 148 7
592 528 2
592 566 3
592 585 2
593 429 2
595 58 70
595 557 2
596 33 7
596 154 4
596 385 9
600 68 2
600 115 50
600 575 2
601 335 2
601 431 2
604 913 2
604 1006 3
607 393 3
608 185 8
608 522 3
608 648 5
609 225 12
610 24 8
611 125 2
612 170 7
612 534 24
613 840 3
614 265 4
614 936 199
616 81 2
617 374 2
618 70 4
619 76 4
619 140 2
619 231 43
623 1000 2
624 579 2
625 5 10
625 261 471
625 530 11
626 104 4
626 528 7
626 608 2
627 3 2
632 18 2
633 812 49
635 546 5
640 4 13
640 16 2
640 160 2
640 246 13
640 258 2
640 369 2
640 421 3
640 525 9
640 732 86
640 938 22
640 952 39
641 192 407045
642 512 2
642 562 8
643 73 9
643 775 9
644 48 9
644 387 3
644 756 13
644 769 14
645 4 17
645 25 7
645 548 3
646 388 2
648 98 364924
648 210 2
648 301 2
648 369 2
648 769 15
649 4 6
649 48 15
650 216 3
650 953 2
652 257 11
654 129 2
654 565 2
655 761 2
656 278 14
656 370 2685
657 79 2
658 226 20
658 640 6
660 52 27
660 69 17
661 608 4
662 374 4
664 16 48
664 205 72
664 781 2
665 3 3
665 260 3
666 66 36
668 163 2
672 64 2
672 608 2
672 717 2
673 104 8
673 656 2
674 672 2
675 257 101
676 52 2
677 121 4
678 237 2
679 556 2
680 20 84
680 540 2
681 33 2
683 278 3
684 1008 4
686 593 2
688 385 60
689 80 4
692 260 2
693 522 4
694 976 2
695 517 7
696 885 7
697 710 5
700 18 8
700 229 5
700 864 2
701 34 3
701 941 4
704 34 2
704 135 8
704 370 4
705 596 7
705 854 7
706 17 2
706 161 3
706 460 2
708 108 6
709 354 23
709 644 7
710 2 2
711 19 16
712 35 2
712 141 29
712 283 9
712 294 2
712 862 3
713 593 6
716 339 2
720 7 2
720 803 3
721 104 28
721 584 3
722 82 2
722 100 8
722 146 11
722 258 8
722 398 38
724 596 6
726 322 6
728 227 2
728 350 9
728 712 4
729 578 3
737 64 143
737 610 2
740 801 4
741 45 15
741 260 2
742 97 7
744 124 10
744 280 6
745 63 4
746 386 12
746 536 2
751 506 10
752 261 5
752 494 3
754 32 2
759 130 13
760 40 3
760 220 2
760 257 9
763 668 5
765 513 2
768 326 14
768 608 24
768 666 3
768 738 7
769 34 1240
769 277 2
769 640 4
770 67 2
770 211 2
770 663 5
771 128 5
771 793 2
771 800 9
772 130 2
773 1 2
774 8 4
774 936 4
775 921 3
776 155 20
776 697 19
777 84 10
777 539 4
777 554 2
777 608 8
778 330 2
778 389 2
780 14 83
780 16 7
780 552 33
780 707 4
781 496 9
782 226 4
782 405 11
784 1 2
784 514 7
784 569 16
784 604 4
785 257 2
786 521 2
786 576 3
787 199 3
788 332 4
792 274 7
792 540 2
793 52 3
795 422 3
798 776 2
800 9 2
800 45 2
800 73 3
800 97 38
800 133 2
801 592 8
801 642 4
802 660 26
802 769 5
804 0 3
804 433 2
805 781 98
806 43 3
806 232 3
806 326 2
806 480 2
808 302 4
808 526 3
808 777 24
808 937 2
808 945 14
810 416 11
812 778 3
814 161 20
814 264 4
814 523 2
814 905 5
816 18 5
816 24 2
817 784 344
818 253 2
819 69 3
822 211 4
824 609 2
830 356 30
832 21 4210
832 328 2
832 548 9
833 147 11
834 67 13
834 148 4
834 912 15
835 264 2
835 392 2
836 388 11
836 485 539
838 785 4
839 21 2
840 545 2
840 800 19
841 32 33
841 370 403
842 132 7
842 200 5
848 188 2
848 899 30
849 792 26
850 308 2
851 195 21
852 64 2
852 72 6
852 824 8
856 256 2
857 42 4
863 516 4
864 786 2
870 68 10
872 50 313
872 165 5
873 9 2
874 360 2
875 164 2
882 42 5
882 591 10
884 802 4
885 601 7
895 603 25
896 330 2
897 115 6
897 523 3
899 537 2
900 4 4
900 313 2
902 131 2
902 420 8
904 112 6
904 231 2
904 888 41
904 929 6
905 248 3
906 328 5
908 456 2
911 5 3
911 896 2
912 2 6
912 388 5
914 216 2
914 776 5
914 968 4
916 742 3
916 777 8
917 912 4
918 0 3
920 200 2
921 272 11
922 8 2
922 784 91
924 33 39
924 196 2
928 64 2
928 384 23
928 516 7
928 518 2
929 10 2
929 257 3
929 316 10
930 720 2
932 783 2
933 657 8419
938 316 2
940 512 2
941 771 4
944 756 9
945 456 8
946 205 11
947 568 2
948 9 2
951 818 2
953 905 2
960 358 2
961 131 2
961 333 4
961 472 10
961 481 30
965 937 9
966 197 4
966 555 29
970 180 4
971 566 2
976 779 17
977 22 5
978 817 44
984 324 4
984 483 2343
996 836 4
998 127 26
998 179 46
1001 286 10
1011 36 9
1013 316 2
1020 371 2
1021 643 6
