0 4 19
0 47 7
0 112 2
0 135 2
0 156 11
0 166 2
0 259 3
0 274 11411
0 321 60
0 415 3
0 552 5
0 618 3
0 646 72
0 679 2
0 704 80
0 843 2
0 902 5
0 917 7
0 936 9
1 7 2
1 15 6
1 30 23
1 37 4
1 70 125
1 135 14
1 292 14
1 644 9
1 768 5
2 167 2
2 260 8
2 328 2
3 24 6
3 131 2
3 277 3
3 652 2
3 817 58
4 24 13
4 50 2
4 60 75
4 248 26
4 284 23
4 576 4
4 683 6
4 803 3
4 808 2
5 18 6
5 584 2
6 3 20
6 259 10
6 267 7
6 268 4
6 466 2
6 1002 11
7 237 14
7 715 2
8 19 8
8 58 7
8 202 2
8 272 2
8 642 4
8 656 4
8 902 36
9 39 4
9 274 23
9 526 2
9 572 49
9 823 3
10 160 2
10 176 8
10 208 5
10 518 14
10 584 2
10 599 187
10 680 2
10 778 6
11 204 3
12 0 3
12 24 11
12 55 2
12 65 2
12 116 4
12 128 2
12 634 5
12 781 2
13 66 2
13 192 10
14 152 2
14 321 82
14 584 7
14 616 6
15 485 5
15 659 2
15 854 2
16 24 36
16 64 12
16 132 2
16 516 21
16 643 3
16 806 14
17 129 7
18 215 4
18 641 99
18 645 4
19 657 13
19 709 4
20 1 9
20 36 2
20 786 2
21 308 13
22 97 2
22 133 2
22 320 3
22 331 8
22 565 3
23 886 2
24 533 7
24 781 6
24 848 528
26 20 668
26 22 20
27 130 8
27 210 265
27 547 5
27 549 4
28 42 1468
28 146 31
28 624 2
29 5 6
29 327 3
29 532 2
30 21 55
30 52 6
30 129 8
30 588 4
31 77 11
31 561 43254
32 16 3
32 33 9
32 185 2
32 204 3
32 211 11
32 276 8
32 848 2
33 3 3
33 64 2583
33 544 2
33 898 5
34 324 3
34 800 3
35 65 17
35 689 676
36 12 8
36 257 2
36 266 5
36 288 3
36 448 9
36 555 131
36 858 2
37 13 2
37 594 13
37 673 2
38 1 6
38 180 2
38 204 6
38 544 9
39 3 2
39 48 3
39 520 23
39 982 4
40 20 1385
40 39 10
40 256 4
40 605 2
40 840 9
40 980 8
41 96 343
41 276 4
41 321 17
42 42 3358
42 140 19
42 329 2
42 411 11
43 546 2
44 12 2
44 47 9
44 430 3
44 524 15
44 794 8
45 23 30
45 50 3
45 266 3
45 615 10
45 844 7
47 80 6
48 67 12
48 198 2
48 226 6
49 313 3
49 516 4
50 9 786
50 113 2
51 377 3
51 516 2
52 46 3
52 188 4
52 285 13
52 390 516
52 899 23
53 146 2
54 112 55
54 718 4
55 278 2
56 89 2
56 472 6
57 5 8
57 128 44
59 292 29
59 583 7
60 5 2
60 33 17
60 112 8
60 948 2
61 648 2
62 521 14
64 26 13
64 41 7
64 197 1995
64 203 40
64 272 7
64 514 2
64 686 6887
65 61 14
65 96 2
65 241 71
65 274 9
65 421 2
65 614 2
66 140 30
66 545 17
67 37 7
67 482 2
67 840 5
68 153 10
68 192 18
68 226 2
68 322 24
68 576 4
69 529 2
69 768 5
70 109 3
70 212 15
70 646 8
70 672 3
71 1 4
71 264 4
71 409 17
71 700 2
72 37 7
72 280 2
72 437 7
72 961 2
73 39 3
73 870 8
74 512 2
74 548 2
74 768 12
74 1012 2
76 76 2
76 133 23
76 262 2
76 586 5
76 855 4
77 256 36145
77 267 25
78 288 2
78 919 2
79 386 4
80 0 6
80 51 17
80 528 20
83 124 4
84 64 19
84 216 61
84 490 2
85 31 6
85 65 2
86 234 2
87 462 3
87 512 4
87 515 20
88 330 2
89 4 8
90 274 3
90 988 2
91 154 2
91 652 4
91 951 9
92 38 2
93 669 3
94 869 8
94 954 8
95 20 3
95 34 3
96 80 5
96 148 3
96 208 2
96 276 3
96 820 21
97 48 7
97 144 3
97 167 7
97 473 4
98 14 39
98 352 2
98 401 2
98 671 2
98 928 4
99 117 7
99 134 2
100 128 6
100 294 2
101 70 13
101 124 2
101 392 8
101 599 12
102 6 4
102 78 6
102 166 114
104 26 10
104 48 2
104 132 7
104 512 8
105 3 7
106 652 2
107 3 22
108 133 7
108 514 6
108 825 34
112 0 4
112 28 5
112 84 2
112 107 4
112 165 28
112 776 7
114 416 32
114 497 6
114 872 179
116 33 2
117 803 7
118 565 2
119 446 9
120 76 2
121 536 10
122 185 3
122 294 16
123 600 2
124 304 4
124 348 1542
125 268 2
128 10 17
128 58 2
128 134 2
128 200 3
128 208 9
128 320 2
128 433 2
128 628 7
128 770 4
129 10 3
129 39 35
129 163 103
130 273 45
130 528 12918
130 532 11
130 540 64
130 772 20
131 581 2
132 6 7
132 94 18
132 372 2
132 516 5
132 916 8
134 67 3
134 84 7
134 224 12
134 377 8
134 390 9
134 768 12
136 39 119
136 81 3
136 160 2
136 610 2
136 657 46
136 684 2
136 831 2
137 148 2
137 259 5
137 325 2
138 590 11
139 426 6
139 865 4
140 72 66
140 143 2
141 2 4
143 116 3
143 144 2
143 642 2
144 18 7
144 248 3
144 418 5
144 520 3
144 800 2
145 1 34
145 67 3
145 184 66
145 392 2
145 513 17
145 576 6
146 69 10
147 513 2
147 522 2
148 24 29
148 130 9
148 278 9
148 515 20
149 20 7
149 649 803
150 141 2
150 160 2
150 656 59
151 102 10
151 132 2
151 207 5
153 151 4
153 598 2
153 961 2
156 133 12
157 404 2
160 34 2
160 81 7
160 144 2
160 452 7
160 644 2
160 801 3
161 21 2
161 376 7
161 717 3
162 306 9
162 517 19
163 227 2
163 361 32
164 34 28
164 38 9
164 87 4
164 217 15
164 329 2
164 481 74
164 636 2
165 141 2
165 397 2
167 384 2
167 712 7
168 8 8
168 52 2
168 67 2
168 68 2
168 98 2
168 480 2
169 72 16
169 514 7
172 8 2
172 32 5
172 569 4
172 664 2
174 582 3
176 32 8
176 137 2
176 273 2
176 932 3
177 128 2
177 560 6
177 744 4
178 100 22
178 144 3
178 580 2
180 152 33
180 600 2
181 97 2
181 331 4
181 768 13
182 672 3
182 728 2
184 161 38
185 5 4
185 42 14
186 272 5
186 582 2
188 4 5
188 199 2
192 43 3
192 52 3
192 177 5
192 536 2
192 713 8
192 999 79
193 8 2
193 120 102
193 131 2
193 375 2
193 775 2
194 321 2
194 592 3
197 100 2
197 297 3
197 592 3
197 611 11
197 769 9
198 3 2
198 812 50
200 146 2
200 577 2
200 924 3
201 39 10
203 654 6
204 6 3
204 520 23
206 80 5
208 12 7
208 14 231
208 88 31
208 534 2
209 55 9
209 513 2
209 564 21
210 882 2
212 34 3
212 262 42
212 285 20
212 673 8
214 369 4
214 585 35
216 138 2
219 389 2
220 176 2
220 658 11
222 532 2
225 948 2
226 157 5
227 336 3
227 838 2
228 294 5
231 261 3
231 290 6
232 5 3
232 65 2
232 130 2
232 480 4
233 212 6
233 912 3
234 848 2
234 917 3
235 645 2
237 91 11
238 620 25
239 370 2
240 66 2
240 799 2
240 914 21
241 206 2
244 356 2
248 0 4
248 557 2
248 902 24
250 46 17
253 636 5
256 4 2
256 160 5
256 212 9
256 262 2
256 616 27
256 772 2
256 904 62
256 963 2
257 0 2
257 156 2
257 272 17
257 680 2
257 912 66
257 920 38
258 24 2
258 34 2
258 36 2
258 138 12
258 810 2
258 880 2
259 7 2
259 165 21
260 256 3
260 522 6
260 678 3
260 978 7
261 8 2
261 356 11
262 32 2
262 134 537
262 193 2
262 256 2
264 1 2
264 4 2
264 296 20
264 320 3
264 568 2
265 264 15
265 339 2
265 632 2
266 242 4
266 326 30
266 336 6
266 504 10
267 523 2
268 34 4
268 177 3
268 192 8
268 524 482
268 577 6
269 444 2
269 640 2
270 73 15
272 162 2
272 208 8
272 225 18
272 378 2
272 554 5
273 47 7
273 693 4
273 809 10
274 334 2
275 4 7
275 16 4
275 116 17
275 133 2
275 401 4
275 485 9
275 512 16
276 288 2
276 392 2
276 628 17
277 8 5
277 27 126
277 128 2
279 18 2
279 901 3
280 600 2
282 717 2
282 787 9
283 514 4
284 835 3
286 12 29
286 624 77
287 448 6
288 224 2
288 292 2
289 36 8
289 60 2
289 345 21
289 472 2
289 648 5
290 0 9
290 328 2
291 32 5
291 768 71
291 967 3
292 162 2
292 593 16
293 960 2
294 27 17
294 742 10
296 57 5
296 84 3
296 131 2
296 231 4
296 336 5
296 409 7
296 516 2
297 325 6
297 389 6
297 742 660
300 29 2
300 140 2
301 274 7
304 6 3
304 63 2
304 106 54
305 11 11
305 576 10
306 550 10
308 583 66
308 692 38
308 832 29
310 44 24
310 936 3
314 109 4
314 156 21
316 452 32
318 532 2
318 914 2
320 29 91
320 428 2
320 468 6
320 641 13
320 720 9
322 0 21
322 80 2
322 196 4
322 272 10
322 899 4
323 360 8
323 515 2
324 106 2
324 200 9
324 513 2
325 6 2
325 74 6
325 145 20
325 192 2
325 614 2
326 16 4
326 32 4
326 116 28
327 675 5
328 853 2
329 836 14
330 8 5
331 512 389
332 456 2
334 288 29
335 83 10
335 391 8
336 576 7
336 632 14
337 352 900
338 33 20
338 160 2
338 169 15
339 42 3
340 106 2
340 704 2
341 576 205
342 15 2
342 168 2
342 272 9
342 536 3
343 475 2
344 188 7
345 992 50
346 11 2
346 89 5
348 128 2
348 395 10
349 12 3
352 409 800
352 514 25
352 680 2
352 794 9
353 138 2
353 389 11
353 684 3
354 25 3
354 836 2
354 969 310
355 134 5
357 433 4
357 641 2
358 3 10
358 168 2
360 514 14
360 555 2
360 784 2
362 34 137
363 162 2
363 424 8
366 657 4
368 738 4
368 925 4
371 112 2
376 193 11
379 333 3
380 339 2
381 531 2
382 562 28
384 6 15
384 168 2
384 312 14
384 332 2
384 457 3
384 531 8
384 571 62
384 841 1835
384 962 3
385 2 3
385 75 2
385 214 5
385 513 2
385 563 2
386 64 27
386 73 13
386 158 4
386 160 2
386 275 5
386 849 5
386 912 3
387 147 2
387 297 7
387 545 2
388 332 5
389 596 3
391 8 10
392 38 2
392 336 4
392 553 114
392 674 6
393 577 19
394 80 196475
394 211 2
394 590 7
395 4 2
395 647 98
396 454 2
396 546 6
396 915 2
396 960 21
397 132 2
397 305 15
397 518 11
399 9 5
400 10 20
400 144 2
401 16 2
401 58 2
401 284 2
401 932 2
404 209 2
404 298 2
405 160 6
406 677 16
406 928 5428
408 405 2
408 576 5
409 66 5
409 888 2
410 520 8
411 20 2
413 640 39
414 932 2
415 101 3
416 52 2
416 292 3
416 832 3
417 577 159528
418 16 2
419 7 3
419 62 9
419 844 18
420 114 2
420 288 4
420 538 3
420 545 2
421 400 2
423 384 4
423 651 2
425 261 2
425 746 2
425 776 2
427 580 5
428 32 2
428 194 2
433 197 7
436 641 5
437 2 76
441 21 5
442 146 2
442 691 2
444 801 36
448 655 4
452 136 40
452 488 3
452 512 13
452 513 3
453 368 2
454 634 3
454 782 6
456 774 3
458 101 3
460 197 2
460 462 2
461 625 8
461 901 2
462 641 2
464 265 2
464 928 5
465 902 3
467 211 2
467 300 3
469 425 2
472 226 4
472 256 2
472 801 2
473 6 4
473 600 10
473 800 7
480 665 2
480 731 4
480 928 2
481 288 5
481 416 13
482 64 4
482 208 7
483 276 21
483 555 7
485 134 2
488 334 4
488 565 2
489 64 12
491 112 2
496 433 2
501 519 2
505 332 74
506 706 4
512 1 36
512 5 4
512 52 2
512 96 2
512 266 4
512 420 2
512 438 39
512 453 70
512 522 2
512 685 4
513 65 2
513 100 2
513 112 269
513 315 2
514 36 36
514 401 2
514 522 7
514 572 2
514 780 2
515 93 24
515 273 2
515 598 11
516 33 11
516 442 2
516 582 2
516 785 9
517 3 6
517 177 257
517 233 2
517 281 2
517 534 2
517 672 10
519 517 2
519 944 4
520 94 2
520 164 2
520 296 3
520 812 2
520 896 2829
521 131 2
521 546 30
521 554 3
521 560 2
522 1 14
522 121 2
522 652 28
523 650 2
524 173 82
524 520 20
525 820 14
526 548 24
527 36 6
528 10 3
528 33 2
528 36 2
528 97 16
528 144 13
528 171 2
528 512 10
528 580 3
528 582 2
528 720 13
528 801 3
529 423 14
529 517 17
529 836 11
530 20 11
530 132 2
532 134 2
532 550 2
533 37 22
533 787 10
534 425 9
535 10 25
536 244 6
536 687 5
536 902 5
537 99 2
537 138 2
537 478 10
538 74 6
538 84 2
540 256 4
541 793 2
544 6 3
544 24 24
544 416 4
544 551 2
544 597 2
544 718 15
545 226 2
545 743 13
546 2 2
546 612 1996
546 650 2
546 758 4
546 900 8
547 265 3
547 577 6
548 169 2
548 577 2
548 586 2
549 68 2
550 800 4
551 89 3
552 136 7
552 640 22
552 932 25
553 36 7
553 102 19
553 933 3
554 4 3
555 418 6
557 400 2
557 512 4
557 770 8
557 938 2
560 18 4
560 32 13
560 96 2
560 354 3
561 10 6
561 444 8
562 977 12
562 992 2
564 28 6
565 105 27
566 44 5
566 132 2
569 385 2
569 522 5
571 457 2
572 36 3
572 64 29
572 370 3
572 777 58
574 533 2
576 4 3
576 5 7
576 76 5
576 133 17
576 172 2
576 228 27
576 325 13
576 371 4
576 525 2
576 607 2
577 72 13
577 222 2
577 401 2
577 577 3
577 661 2
578 26 2
578 96 8
578 136 4
578 554 2
579 80 9
579 621 3
579 789 2
580 64 193
580 507 8
580 528 40
580 598 2
584 432 4
585 64 7
585 208 9
585 354 26
586 64 14
587 608 4
590 276 3
590 300 2
590 520 2
592 2 11
592 148 3
592 528 2
592 566 2
592 585 6
593 429 2
595 58 26
595 557 2
596 33 2
596 154 2
596 385 4
600 68 15
600 115 450
600 575 2
601 335 15
601 431 8
604 913 4
604 1006 15
607 393 2
608 185 49
608 522 2
608 648 20
609 225 3
610 24 2
611 125 2
612 170 9
612 534 2
613 840 155
614 265 11
614 936 2
616 81 2
617 374 16
618 70 2
619 76 36
619 140 8
619 231 3
623 1000 2
624 579 35
625 5 6
625 261 2
625 530 3
626 104 15
626 528 2
626 608 54
627 3 2
632 18 13
633 812 171
635 546 8
640 4 17
640 16 2
640 160 3
640 246 4
640 258 2
640 369 18
640 421 27
640 525 2
640 732 4
640 938 4
640 952 6
641 192 2
642 512 22
642 562 4
643 73 10
643 775 48
644 48 29
644 387 2
644 756 201
644 769 3
645 4 2
645 25 16
645 548 18
646 388 27
648 98 64
648 210 6
648 301 2
648 369 4
648 769 13
649 4 8
649 48 20
650 216 5
650 953 2
652 257 3
654 129 2
654 565 17
655 761 15
656 278 4
656 370 2
657 79 10
658 226 17
658 640 11
660 52 46
660 69 3
661 608 8
662 374 2
664 16 2
664 205 176
664 781 2
665 3 2
665 260 2
666 66 4
668 163 70
672 64 2
672 608 2
672 717 108
673 104 3
673 656 2
674 672 2
675 257 11
676 52 3
677 121 56
678 237 2
679 556 23
680 20 12
680 540 2
681 33 2
683 278 23
684 1008 14
686 593 2
688 385 2
689 80 12
692 260 4
693 522 2
694 976 2
695 517 3
696 885 5
697 710 7
700 18 2
700 229 11
700 864 2
701 34 4
701 941 4
704 34 5
704 135 4
704 370 4
705 596 7
705 854 2
706 17 2
706 161 8
706 460 2
708 108 4
709 354 2
709 644 9
710 2 5
711 19 2
712 35 2
712 141 2
712 283 2
712 294 4
712 862 11
713 593 8
716 339 3
720 7 10
720 803 8
721 104 2
721 584 1167
722 82 3
722 100 5
722 146 9
722 258 5
722 398 2
724 596 3
726 322 11
728 227 29
728 350 10
728 712 2
729 578 9
737 64 2
737 610 2
740 801 5
741 45 7
741 260 7
742 97 12
744 124 8
744 280 2
745 63 15
746 386 20
746 536 47
751 506 10
752 261 4
752 494 9
754 32 10
759 130 3
760 40 7
760 220 2
760 257 4
763 668 4
765 513 10
768 326 7
768 608 2
768 666 19
768 738 2
769 34 2
769 277 11
769 640 9
770 67 1010
770 211 2
770 663 7
771 128 5
771 793 28
771 800 2
772 130 3
773 1 3
774 8 3
774 936 6
775 921 16
776 155 2
776 697 2
777 84 2
777 539 3
777 554 2
777 608 6
778 330 3
778 389 4
780 14 2
780 16 5
780 552 22
780 707 18
781 496 2
782 226 4
782 405 5
784 1 2
784 514 88
784 569 11
784 604 3
785 257 7
786 521 88
786 576 4
787 199 55
788 332 8
792 274 2
792 540 29
793 52 4
795 422 6
798 776 2
800 9 2
800 45 2
800 73 2
800 97 2
800 133 6
801 592 4
801 642 2
802 660 2
802 769 6
804 0 19
804 433 3
805 781 3
806 43 3
806 232 15
806 326 40
806 480 2
808 302 16
808 526 3
808 777 2
808 937 167
808 945 4
810 416 2
812 778 2
814 161 4
814 264 6
814 523 3
814 905 2
816 18 4
816 24 3
817 784 19
818 253 4
819 69 2
822 211 5
824 609 16046
830 356 3
832 21 34
832 328 350
832 548 11
833 147 2
834 67 3
834 148 5
834 912 7
835 264 12
835 392 2
836 388 2
836 485 2
838 785 7
839 21 9
840 545 1391
840 800 31
841 32 86
841 370 2
842 132 19
842 200 2
848 188 5
848 899 24
849 792 3
850 308 3
851 195 5
852 64 8
852 72 9
852 824 10
856 256 11
857 42 2
863 516 2
864 786 2
870 68 668
872 50 2
872 165 4
873 9 25
874 360 6
875 164 4
882 42 10
882 591 4
884 802 3
885 601 5
895 603 4
896 330 2
897 115 4
897 523 2
899 537 2
900 4 5
900 313 117
902 131 10
902 420 2
904 112 2
904 231 2
904 888 4
904 929 4
905 248 3
906 328 10
908 456 14
911 5 2
911 896 11
912 2 21
912 388 4
914 216 718
914 776 3
914 968 11
916 742 4
916 777 2
917 912 11
918 0 6
920 200 12
921 272 2
922 8 2
922 784 2
924 33 3
924 196 2
928 64 2
928 384 3
928 516 212
928 518 2
929 10 4
929 257 55
929 316 3
930 720 2
932 783 2
933 657 1774
938 316 2
940 512 7
941 771 10
944 756 44
945 456 23
946 205 14
947 568 2
948 9 2
951 818 200
953 905 2
960 358 84
961 131 32
961 333 5
961 472 5
961 481 6
965 937 10
966 197 2
966 555 2
970 180 10
971 566 9
976 779 12
977 22 2
978 817 2
984 324 7
984 483 2
996 836 2
998 127 4
998 179 11
1001 286 2
1011 36 6
1013 316 5
1020 371 2
1021 643 6
