0 4 2
0 47 2
0 112 2
0 135 2
0 156 8
0 166 44
0 259 2
0 274 130
0 321 3
0 415 3
0 552 2
0 618 18
0 646 2
0 679 19
0 704 2
0 843 3
0 902 5
0 917 6
0 936 8
1 7 12
1 15 3
1 30 5
1 37 29
1 70 3
1 135 4
1 292 514
1 644 26
1 768 2
2 167 2
2 260 7
2 328 2
3 24 13
3 131 2
3 277 2
3 652 2
3 817 14
4 24 4
4 50 8
4 60 2
4 248 81
4 284 11
4 576 3
4 683 2
4 803 568
4 808 2
5 18 3
5 584 2
6 3 9
6 259 3
6 267 2
6 268 2
6 466 2
6 1002 7
7 237 2
7 715 9
8 19 2
8 58 19
8 202 2
8 272 84
8 642 29
8 656 2
8 902 15
9 39 3
9 274 2
9 526 2
9 572 10
9 823 8
10 160 6
10 176 4
10 208 3
10 518 2
10 584 19
10 599 1208
10 680 2
10 778 15
11 204 2
12 0 19
12 24 15
12 55 327
12 65 198
12 116 3
12 128 2
12 634 2
12 781 2
13 66 33
13 192 13
14 152 2
14 321 3
14 584 6
14 616 2
15 485 9
15 659 3
15 854 3
16 24 2
16 64 10
16 132 2
16 516 6
16 643 8
16 806 2
17 129 8
18 215 2
18 641 2
18 645 2
19 657 2
19 709 21
20 1 16
20 36 2
20 786 3
21 308 3
22 97 23
22 133 15
22 320 16
22 331 24
22 565 40
23 886 2
24 533 2
24 781 12
24 848 87
26 20 8
26 22 4
27 130 2
27 210 3
27 547 4
27 549 2
28 42 2
28 146 13
28 624 15
29 5 2
29 327 6
29 532 2
30 21 4
30 52 2
30 129 9
30 588 40
31 77 55
31 561 2
32 16 2
32 33 2
32 185 4
32 204 2
32 211 5
32 276 5
32 848 2
33 3 2
33 64 2
33 544 438
33 898 2
34 324 2
34 800 5
35 65 23
35 689 82
36 12 2
36 257 4
36 266 79
36 288 2
36 448 4
36 555 2
36 858 11
37 13 2
37 594 3
37 673 51
38 1 2
38 180 4
38 204 3
38 544 8
39 3 2
39 48 2
39 520 2
39 982 2
40 20 2
40 39 26
40 256 12
40 605 20
40 840 20
40 980 27
41 96 16
41 276 48
41 321 8
42 42 102
42 140 5
42 329 2
42 411 13
43 546 2
44 12 4
44 47 9
44 430 2
44 524 10
44 794 4
45 23 8
45 50 9
45 266 2
45 615 2
45 844 4
47 80 3
48 67 11
48 198 6314
48 226 11
49 313 2
49 516 9
50 9 8
50 113 2
51 377 15
51 516 43
52 46 2
52 188 5
52 285 2
52 390 8713
52 899 9
53 146 61
54 112 2
54 718 3
55 278 15
56 89 2
56 472 4
57 5 2
57 128 2
59 292 8
59 583 3
60 5 2
60 33 2
60 112 33
60 948 6
61 648 14
62 521 22
64 26 2
64 41 5
64 197 2
64 203 30
64 272 4
64 514 72
64 686 2
65 61 11
65 96 2
65 241 2
65 274 18
65 421 40
65 614 2
66 140 7
66 545 6
67 37 144
67 482 2
67 840 6
68 153 10
68 192 32
68 226 410
68 322 11
68 576 2
69 529 1007
69 768 32
70 109 9
70 212 2
70 646 2
70 672 2
71 1 4
71 264 4
71 409 6
71 700 2
72 37 5
72 280 18
72 437 2
72 961 2
73 39 3
73 870 2
74 512 8
74 548 132
74 768 9
74 1012 2
76 76 3
76 133 7
76 262 9
76 586 4
76 855 4
77 256 3
77 267 2
78 288 19
78 919 2
79 386 13
80 0 4
80 51 12
80 528 5
83 124 6
84 64 11
84 216 4
84 490 2
85 31 3
85 65 3
86 234 2
87 462 25
87 512 4
87 515 2
88 330 2
89 4 2
90 274 2
90 988 2
91 154 5
91 652 5
91 951 6
92 38 11
93 669 42
94 869 8
94 954 10
95 20 2
95 34 9
96 80 7
96 148 3
96 208 8
96 276 18
96 820 5
97 48 2
97 144 2
97 167 3
97 473 2
98 14 2
98 352 5
98 401 128
98 671 3
98 928 3
99 117 2
99 134 32
100 128 3
100 294 1211
101 70 4
101 124 2
101 392 2
101 599 19
102 6 28
102 78 4
102 166 2
104 26 10
104 48 19
104 132 2
104 512 6
105 3 2
106 652 2
107 3 9
108 133 10
108 514 2
108 825 55
112 0 5
112 28 2
112 84 6
112 107 2
112 165 2
112 776 13
114 416 19
114 497 5
114 872 2
116 33 12
117 803 19
118 565 2
119 446 19
120 76 2
121 536 9
122 185 2
122 294 2
123 600 5
124 304 2
124 348 2
125 268 37
128 10 9
128 58 3
128 134 4
128 200 9
128 208 3
128 320 2
128 433 2
128 628 9
128 770 3
129 10 2
129 39 17
129 163 2
130 273 23
130 528 2
130 532 5
130 540 2
130 772 3
131 581 2
132 6 6
132 94 17
132 372 2
132 516 10
132 916 9
134 67 2
134 84 5
134 224 2
134 377 47
134 390 2
134 768 3
136 39 2
136 81 2
136 160 17
136 610 140
136 657 36
136 684 8
136 831 15
137 148 2
137 259 11
137 325 142
138 590 5
139 426 3
139 865 21
140 72 13
140 143 11
141 2 7
143 116 15
143 144 4
143 642 5
144 18 2
144 248 14
144 418 2
144 520 14
144 800 74
145 1 2
145 67 4
145 184 2
145 392 10
145 513 4
145 576 8
146 69 3
147 513 3
147 522 2
148 24 11
148 130 10
148 278 9
148 515 8
149 20 13
149 649 2
150 141 2
150 160 2
150 656 2
151 102 5
151 132 125
151 207 12
153 151 9
153 598 2
153 961 4
156 133 4
157 404 5
160 34 19
160 81 4
160 144 2
160 452 2
160 644 2
160 801 38
161 21 2
161 376 15
161 717 44
162 306 3
162 517 3
163 227 2
163 361 12
164 34 19
164 38 2
164 87 3
164 217 6
164 329 2
164 481 2
164 636 2
165 141 4
165 397 2
167 384 2
167 712 5
168 8 5
168 52 3
168 67 2
168 68 11
168 98 9
168 480 2
169 72 3
169 514 2
172 8 2
172 32 11
172 569 10
172 664 3
174 582 11
176 32 2
176 137 13
176 273 3
176 932 5
177 128 44
177 560 14
177 744 16
178 100 11
178 144 5
178 580 12
180 152 6
180 600 6
181 97 2
181 331 9
181 768 6
182 672 70
182 728 9
184 161 5
185 5 1884306
185 42 2
186 272 24
186 582 9
188 4 2
188 199 2
192 43 5
192 52 3
192 177 10
192 536 2
192 713 2
192 999 2
193 8 2
193 120 2
193 131 6
193 375 3
193 775 5
194 321 15
194 592 21
197 100 5
197 297 7
197 592 17
197 611 10
197 769 2
198 3 5
198 812 2
200 146 3
200 577 2
200 924 9
201 39 9
203 654 2
204 6 2
204 520 2
206 80 2
208 12 16
208 14 10
208 88 2
208 534 2
209 55 8
209 513 4
209 564 4
210 882 5
212 34 218
212 262 2
212 285 11
212 673 16
214 369 5
214 585 25
216 138 2
219 389 2
220 176 9
220 658 6
222 532 3
225 948 205
226 157 10
227 336 6
227 838 60
228 294 5
231 261 2
231 290 2
232 5 12
232 65 8
232 130 2
232 480 12
233 212 4
233 912 8
234 848 3
234 917 6
235 645 3
237 91 36
238 620 9
239 370 158
240 66 17
240 799 2
240 914 9
241 206 2
244 356 2
248 0 2
248 557 2
248 902 2
250 46 2
253 636 2
256 4 2
256 160 4
256 212 23
256 262 2
256 616 69
256 772 28
256 904 2
256 963 1661
257 0 2
257 156 2
257 272 2
257 680 3
257 912 21
257 920 2
258 24 2
258 34 119
258 36 2
258 138 7
258 810 2
258 880 2
259 7 7
259 165 9
260 256 2
260 522 6
260 678 5
260 978 4
261 8 2
261 356 96
262 32 2
262 134 16
262 193 2
262 256 2
264 1 2
264 4 7
264 296 16
264 320 6
264 568 17
265 264 6
265 339 7
265 632 2
266 242 8
266 326 4
266 336 2
266 504 5
267 523 22
268 34 2
268 177 22
268 192 2
268 524 2
268 577 4
269 444 2
269 640 2
270 73 6
272 162 7
272 208 2
272 225 8
272 378 2
272 554 14
273 47 2
273 693 8
273 809 2
274 334 2
275 4 2
275 16 4
275 116 11
275 133 5
275 401 13
275 485 4
275 512 15
276 288 27
276 392 74
276 628 27
277 8 8
277 27 2
277 128 55
279 18 2
279 901 27
280 600 7
282 717 2
282 787 2
283 514 5
284 835 4
286 12 8
286 624 7616
287 448 3
288 224 2
288 292 2
289 36 5
289 60 2
289 345 6
289 472 2
289 648 7
290 0 2
290 328 159
291 32 7
291 768 13
291 967 5
292 162 2
292 593 4
293 960 21
294 27 30
294 742 4832
296 57 4
296 84 2
296 131 2
296 231 3
296 336 2
296 409 4
296 516 2
297 325 5
297 389 2
297 742 2
300 29 15
300 140 16
301 274 45
304 6 2
304 63 18
304 106 3
305 11 2
305 576 18
306 550 2
308 583 4
308 692 4
308 832 15
310 44 11
310 936 7
314 109 10
314 156 19
316 452 5
318 532 2
318 914 4
320 29 27
320 428 4
320 468 6
320 641 18
320 720 2
322 0 2
322 80 2
322 196 2
322 272 10
322 899 5
323 360 10
323 515 2
324 106 7
324 200 7
324 513 2
325 6 5
325 74 2
325 145 20
325 192 2
325 614 274
326 16 25
326 32 3
326 116 12
327 675 4
328 853 6
329 836 2
330 8 5
331 512 9646
332 456 9
334 288 5
335 83 11
335 391 2
336 576 8
336 632 3
337 352 2
338 33 8
338 160 3
338 169 2
339 42 4
340 106 25
340 704 41
341 576 22
342 15 2
342 168 17
342 272 3
342 536 3
343 475 172
344 188 2
345 992 2
346 11 2
346 89 2
348 128 6
348 395 2
349 12 2
352 409 2
352 514 24
352 680 2
352 794 7
353 138 2
353 389 8
353 684 9
354 25 7
354 836 2
354 969 3
355 134 2
357 433 6
357 641 2
358 3 7
358 168 9
360 514 13
360 555 2
360 784 232792
362 34 2
363 162 3
363 424 2
366 657 30
368 738 12
368 925 287
371 112 106
376 193 7
379 333 22
380 339 2
381 531 2
382 562 11
384 6 5
384 168 2
384 312 2
384 332 6
384 457 2
384 531 3
384 571 2
384 841 2
384 962 11
385 2 15
385 75 2
385 214 4
385 513 3
385 563 13
386 64 2
386 73 3
386 158 44
386 160 2
386 275 5
386 849 4
386 912 14
387 147 13
387 297 4
387 545 4
388 332 2
389 596 2
391 8 6
392 38 2
392 336 4
392 553 3
392 674 19
393 577 5
394 80 2
394 211 2
394 590 2
395 4 627852
395 647 2
396 454 2
396 546 20
396 915 2
396 960 17
397 132 2
397 305 2
397 518 79
399 9 392
400 10 4
400 144 7
401 16 2
401 58 2
401 284 286
401 932 2
404 209 2
404 298 129
405 160 4
406 677 2
406 928 2
408 405 2
408 576 3
409 66 4
409 888 5
410 520 14
411 20 4
413 640 12
414 932 2
415 101 21
416 52 2
416 292 2
416 832 4
417 577 2
418 16 2
419 7 2
419 62 8
419 844 6
420 114 2
420 288 2
420 538 2
420 545 3
421 400 32
423 384 4
423 651 2
425 261 10
425 746 20
425 776 7
427 580 2
428 32 37
428 194 2
433 197 5
436 641 2
437 2 4
441 21 2
442 146 2
442 691 4
444 801 2
448 655 2
452 136 389
452 488 6
452 512 2
452 513 3
453 368 5
454 634 2
454 782 3
456 774 5
458 101 2
460 197 8
460 462 44
461 625 4
461 901 3
462 641 7
464 265 10
464 928 12
465 902 34
467 211 2
467 300 11
469 425 16
472 226 3
472 256 2
472 801 2
473 6 9
473 600 3
473 800 11
480 665 8
480 731 18
480 928 21
481 288 9
481 416 7
482 64 8
482 208 3
483 276 3
483 555 2
485 134 12
488 334 31
488 565 38
489 64 2
491 112 2
496 433 76
501 519 2
505 332 2
506 706 11
512 1 8
512 5 4
512 52 7
512 96 5
512 266 9
512 420 21
512 438 2
512 453 2
512 522 3
512 685 2
513 65 18
513 100 4
513 112 7
513 315 2
514 36 18
514 401 2
514 522 3
514 572 2
514 780 142
515 93 50
515 273 9
515 598 1549
516 33 2
516 442 2
516 582 16
516 785 4
517 3 2
517 177 2
517 233 2
517 281 2
517 534 5
517 672 8
519 517 2
519 944 3
520 94 4
520 164 8
520 296 8
520 812 9
520 896 2815
521 131 2
521 546 2
521 554 7
521 560 2
522 1 25
522 121 179
522 652 2
523 650 3
524 173 2
524 520 2
525 820 4
526 548 2
527 36 6
528 10 3
528 33 2
528 36 14
528 97 15
528 144 7
528 171 5
528 512 3
528 580 7
528 582 9
528 720 2
528 801 6
529 423 5
529 517 18
529 836 8
530 20 2
530 132 2
532 134 4
532 550 4
533 37 43
533 787 14
534 425 12
535 10 2
536 244 2
536 687 2
536 902 26
537 99 96
537 138 2
537 478 3
538 74 5
538 84 2
540 256 2
541 793 2
544 6 2
544 24 97
544 416 2
544 551 10
544 597 2
544 718 3
545 226 2
545 743 9
546 2 2
546 612 4
546 650 2
546 758 3
546 900 5
547 265 2
547 577 2
548 169 6
548 577 5
548 586 4
549 68 3
550 800 2
551 89 6
552 136 15
552 640 27
552 932 6
553 36 2
553 102 3
553 933 19
554 4 25
555 418 11
557 400 2
557 512 2
557 770 5
557 938 15
560 18 3
560 32 2
560 96 2
560 354 16
561 10 19
561 444 7
562 977 4
562 992 2
564 28 14
565 105 3
566 44 2
566 132 5
569 385 10
569 522 153
571 457 2
572 36 6
572 64 15
572 370 2
572 777 2
574 533 11
576 4 2
576 5 4
576 76 2
576 133 146
576 172 7
576 228 89
576 325 2
576 371 15
576 525 14
576 607 4
577 72 2
577 222 2
577 401 3
577 577 4
577 661 2
578 26 2
578 96 3
578 136 9
578 554 37
579 80 17
579 621 3
579 789 2
580 64 2
580 507 2
580 528 27
580 598 111
584 432 2
585 64 10
585 208 6
585 354 2
586 64 11
587 608 11
590 276 2
590 300 2
590 520 3
592 2 12
592 148 5
592 528 42
592 566 20
592 585 7
593 429 235
595 58 16
595 557 3
596 33 14
596 154 2
596 385 8
600 68 14
600 115 2
600 575 2
601 335 3
601 431 2
604 913 2
604 1006 7
607 393 726
608 185 5
608 522 2
608 648 22
609 225 2
610 24 2
611 125 3
612 170 2
612 534 174
613 840 2
614 265 13
614 936 2
616 81 5
617 374 2
618 70 7
619 76 14
619 140 2
619 231 2
623 1000 2
624 579 5
625 5 27
625 261 2
625 530 6
626 104 4
626 528 2
626 608 2
627 3 2
632 18 2
633 812 2
635 546 9
640 4 12
640 16 27
640 160 7
640 246 10
640 258 15
640 369 2
640 421 39
640 525 2
640 732 2
640 938 5
640 952 3
641 192 71
642 512 5
642 562 7
643 73 33
643 775 2
644 48 33
644 387 4
644 756 39
644 769 4
645 4 3
645 25 4
645 548 14
646 388 6
648 98 16535
648 210 14
648 301 19464
648 369 4
648 769 12
649 4 3
649 48 4
650 216 35
650 953 4
652 257 30
654 129 144639
654 565 2
655 761 2
656 278 6
656 370 5
657 79 13
658 226 5
658 640 10
660 52 2
660 69 2
661 608 6
662 374 111
664 16 4
664 205 6
664 781 2
665 3 2
665 260 311
666 66 9
668 163 4
672 64 31
672 608 8
672 717 3
673 104 6
673 656 2
674 672 14
675 257 240
676 52 6
677 121 2
678 237 2
679 556 2
680 20 9
680 540 172
681 33 2
683 278 5
684 1008 2
686 593 2
688 385 2
689 80 3
692 260 9
693 522 2
694 976 2
695 517 15
696 885 19
697 710 5
700 18 2
700 229 26
700 864 622
701 34 4
701 941 8850
704 34 2
704 135 20
704 370 4
705 596 3
705 854 21
706 17 2
706 161 2
706 460 2
708 108 34
709 354 3
709 644 4
710 2 5
711 19 2
712 35 2
712 141 2
712 283 9
712 294 7
712 862 7
713 593 9
716 339 2
720 7 12
720 803 3
721 104 2
721 584 2
722 82 2
722 100 6
722 146 2
722 258 3
722 398 7
724 596 17
726 322 6
728 227 2
728 350 15
728 712 2
729 578 12
737 64 3
737 610 2
740 801 15
741 45 10
741 260 4
742 97 40
744 124 3
744 280 4
745 63 49
746 386 5
746 536 18
751 506 4
752 261 2
752 494 2
754 32 2
759 130 4
760 40 2
760 220 2
760 257 8
763 668 2
765 513 10
768 326 3
768 608 2
768 666 2
768 738 2
769 34 3
769 277 4
769 640 11
770 67 2
770 211 2
770 663 3
771 128 7
771 793 16
771 800 6
772 130 32
773 1 4
774 8 2
774 936 41
775 921 10
776 155 2
776 697 2
777 84 2
777 539 13
777 554 2
777 608 6
778 330 3
778 389 2
780 14 5
780 16 4
780 552 3
780 707 6
781 496 9
782 226 9
782 405 2
784 1 2
784 514 7
784 569 4
784 604 3
785 257 11
786 521 99
786 576 28
787 199 10
788 332 3
792 274 2
792 540 87
793 52 14
795 422 11
798 776 2
800 9 2
800 45 4
800 73 2
800 97 2
800 133 9
801 592 5
801 642 11
802 660 10
802 769 2
804 0 3
804 433 2
805 781 2
806 43 2
806 232 6
806 326 28419
806 480 7
808 302 3
808 526 2
808 777 4
808 937 2
808 945 6
810 416 3
812 778 5
814 161 55
814 264 2
814 523 4
814 905 2
816 18 2
816 24 8
817 784 2
818 253 2
819 69 14
822 211 3
824 609 2
830 356 2
832 21 2
832 328 20
832 548 2
833 147 332
834 67 19
834 148 7
834 912 2
835 264 6
835 392 2
836 388 3
836 485 3
838 785 2
839 21 400
840 545 2
840 800 3
841 32 86
841 370 2
842 132 7
842 200 2
848 188 18
848 899 4
849 792 11
850 308 3
851 195 2
852 64 4
852 72 2
852 824 14
856 256 10
857 42 2
863 516 2
864 786 2
870 68 7
872 50 2
872 165 4
873 9 101
874 360 5
875 164 4
882 42 6
882 591 61
884 802 2
885 601 2
895 603 5
896 330 2
897 115 6
897 523 11
899 537 5
900 4 4
900 313 14
902 131 2
902 420 4
904 112 2
904 231 9
904 888 2
904 929 10
905 248 5
906 328 2
908 456 2
911 5 27
911 896 3
912 2 9
912 388 3
914 216 7
914 776 106
914 968 7
916 742 2
916 777 4
917 912 21
918 0 4
920 200 3
921 272 27
922 8 8
922 784 5
924 33 24
924 196 659
928 64 19
928 384 34
928 516 19
928 518 26587
929 10 24
929 257 2
929 316 3
930 720 27
932 783 2
933 657 16260
938 316 32
940 512 2
941 771 11
944 756 2
945 456 20
946 205 7
947 568 65
948 9 2
951 818 7
953 905 8096
960 358 2
961 131 3
961 333 3
961 472 7
961 481 3
965 937 8
966 197 5
966 555 171
970 180 10
971 566 2
976 779 39
977 22 13
978 817 2
984 324 9
984 483 4
996 836 2
998 127 3
998 179 268
1001 286 74
1011 36 3
1013 316 2
1020 371 564
1021 643 14
