0 4 1820
0 8 14
0 17 3
0 47 5
0 112 2
0 150 2
0 156 3
0 215 7
0 265 2
0 274 9
0 352 4
0 415 2
0 552 2
0 646 2
0 670 2
0 674 8
0 679 16
0 704 2
0 917 2
0 936 2
1 7 6
1 15 6
1 82 3
1 135 2
1 228 10
1 292 362
1 481 2
1 535 2
1 565 27
1 644 29
1 768 11
1 825 3
2 0 2
2 3 3
2 8 18
2 167 2
2 328 2
2 523 6
2 826 2
3 24 2
3 272 2
4 15 19
4 50 6
4 60 4
4 64 4
4 248 8
4 284 29
4 368 90
4 517 115
4 576 4
4 683 44
4 774 2
4 808 38
5 18 2
5 216 42
5 584 4
6 148 2
6 259 55
6 268 12
6 512 4
6 1002 3
7 110 12
7 715 9
8 1 3
8 19 2
8 32 9
8 42 2
8 58 12
8 273 2
8 393 8
8 486 2
8 552 2
8 642 650
8 902 2
9 39 2
9 43 12
9 823 14
10 75 2
10 160 9
10 523 6
11 204 4
11 752 2
12 0 86
12 24 2
12 634 2
13 66 3
13 192 3
14 127 291
14 152 100
15 485 2
15 659 23
15 854 11
16 9 7
16 24 3
16 64 4
16 132 5
16 148 2
16 198 2
16 516 7
16 806 2
18 51 9
18 203 2
18 215 7
18 290 4
18 641 2
18 645 19
19 24 9
19 709 2
20 1 2
20 10 9
20 176 14
20 194 2
20 786 5
21 116 3
21 308 2
22 24 3
22 97 15
22 565 346
24 9 7
24 533 2
24 781 2
25 592 3
26 22 11
26 109 2
28 42 2
28 192 93
28 624 33
28 647 341
29 327 151
29 532 5
29 809 5
30 52 3
30 129 25
30 588 72
32 33 3
32 42 2
32 185 75
32 196 6
32 204 5
32 388 2
32 414 2
32 514 3
32 612 4
32 721 6
32 848 6
32 960 2
33 2 2
33 26 7
33 64 2
33 276 2
34 292 84
34 561 2
34 720 3
34 800 2
35 65 7
35 551 7
36 48 9
36 320 2
36 448 324
36 858 2
37 13 3
37 364 8
37 594 2
37 640 2
37 673 2
38 1 2
39 3 8
39 48 24
39 520 2
39 982 2
40 528 7
40 605 2
40 756 3
41 276 2
41 321 4
41 513 4
42 42 2
42 140 6
42 329 7
42 411 10
42 839 2
44 10 2
44 47 10
44 524 2
45 23 5
45 50 9
45 74 5
45 266 3
45 615 2
45 808 18
46 57 3
47 1022 4
48 67 17
48 168 56
48 176 6
48 193 3
48 708 16
48 789 4
49 17 2
49 313 2
51 70 22
51 516 2
52 46 13
52 188 2
52 256 179
52 390 1247790
52 899 4
54 718 5
55 278 4
56 267 2
56 544 2
56 560 7
57 5 7
57 128 14
58 113 2
58 470 3
59 58 2
59 292 2
59 453 2
59 583 3
60 3 2
60 112 30
60 948 6
61 644 8
61 648 3
64 1 2
64 192 8
64 272 11
64 756 3
64 771 3
64 780 16
64 790 6
65 61 68
65 274 6
65 421 10
65 515 3
66 545 2
67 16 2
67 37 2
67 840 2
68 153 3
68 226 129
69 138 6
69 529 2
69 572 2
69 768 2
70 109 2
70 212 2
70 431 3
70 608 49
70 648 14
71 264 9
71 409 5
71 700 24
72 533 2
72 961 3
73 39 2
73 640 9
73 870 5
74 512 5
74 548 2
74 600 37
75 576 2
76 76 12
76 84 2
76 133 9
76 262 75
77 456 353
78 288 2
78 517 2
78 784 11
78 919 2
79 386 2
80 0 10
80 82 10
80 211 2
80 920 2
81 807 18
81 852 610
83 115 2
83 124 2
83 304 11
83 617 2
83 784 7
84 64 7
84 216 2
84 490 6
85 31 10
85 65 36
86 234 2
86 524 2
87 353 8
87 512 2
89 2 3
91 951 4
92 38 70
92 91 4
93 134 6
94 869 3
95 20 9
95 34 6
96 80 3
96 103 4
96 148 222
96 220 14
96 276 4
96 304 3
96 321 5
96 356 14
96 547 79
96 776 3
96 820 41
97 18 11
97 130 3
97 144 3
97 167 5
97 525 5
98 401 9
98 671 11
98 928 4
100 752 3
100 768 17
101 161 86
101 392 5
102 166 14
104 26 3
104 28 3
104 64 35
104 132 2
104 313 6
105 779 2
107 129 18
112 107 2
112 165 8
114 452 12
114 497 6
114 872 2
117 803 6
118 565 2
119 446 2
120 0 2
122 185 11
123 600 2
124 304 30
124 348 68
125 268 40
128 1 2
128 10 5
128 58 3
128 200 4
128 208 18
128 320 2
128 433 3
128 628 2
128 770 320
129 0 2
129 10 50
129 39 106
129 88 2
129 584 29
130 78 58
130 520 4
130 532 2
130 540 12
132 94 2
132 372 47
132 713 2
132 916 15
132 957 19
133 23 10
133 138 4
133 614 6
134 67 2
134 208 2
134 377 2
135 258 5
136 21 2
136 39 7
136 160 2
136 610 2
136 657 32
136 684 2
136 831 13
137 148 96
137 325 15
138 415 4
138 902 8
139 87 2
139 865 3
140 168 2
140 724 2
140 776 2
142 641 67
143 116 4
143 144 40
144 18 2
144 68 2
144 433 3
144 800 5
145 1 2
145 2 12
145 184 15
145 273 2
145 392 2
145 513 58
146 146 2
146 396 2
147 513 2
148 1 2
148 139 23
148 464 4
148 912 2
149 649 4
150 160 3
151 102 2
151 132 2
153 26 6
153 151 13
153 592 19
156 54 9
156 133 2
156 521 6
156 814 2
157 404 28
159 526 2
160 34 11
160 81 3
160 644 530325
161 21 2
161 40 2
161 326 2
161 376 3
161 524 11
161 717 19
161 898 2
162 160 5
162 290 10
162 306 7
163 361 8
164 34 2
164 217 64
164 264 21
164 280 3
164 329 5
164 481 4
164 636 8
165 141 10
166 686 22
167 289 34
167 384 2
167 456 134
168 52 8
168 68 13
168 98 18
168 480 3
169 25 4
171 810 2
172 8 21
172 32 7
172 664 3
173 261 3
174 493 6
174 582 25
175 863 2
176 824 2
176 916 2
177 280 454
177 611 2
177 744 3
178 580 3
178 797 2
180 19 2
180 152 13
181 331 2
181 964 4
182 728 156
184 141 2
184 161 2
185 5 11
185 42 10
186 272 2
186 582 5
192 72 3
192 177 17
192 392 2
192 536 65
192 898 10
192 999 6
193 8 4
193 28 2
193 131 5
193 375 334
193 422 10
193 718 5
194 321 38
194 677 2
196 286 2
196 377 2
197 100 3
197 297 7
197 769 2
198 3 2
198 196 14
198 812 6
200 445 24
200 577 2
200 924 2
201 39 2
202 11 2
205 457 4
208 12 28
208 88 2
209 55 2
210 1 5
212 285 10
214 585 20
216 138 22
216 792 45
217 923 3
219 389 21
220 658 2
222 532 4
222 852 2
225 316 3
225 948 3
226 157 12
230 9 3
231 290 7
232 5 6
232 65 2
232 80 7
232 130 2
233 212 4
233 973 18
234 848 2
235 281 2
235 645 4
238 642 3
239 370 3
240 18 3
240 66 2
240 914 2
241 206 7
241 245 48
242 156 8
244 33 4
244 356 4
245 705 8
246 64 2
248 0 10
248 290 5
248 902 18
250 46 2
256 1 3
256 4 5
256 5 49
256 68 2
256 69 2
256 160 2
256 243 2
256 312 2
256 344 14
256 416 2
256 522 8
256 705 2
256 764 2
256 772 5
256 904 3
257 272 2
257 806 69
257 912 17
258 24 6
258 34 4
258 880 49
259 226 23
259 268 2
260 256 2
260 295 13
260 522 2
260 545 4
260 678 29
261 8 4
261 67 6
261 72 16
261 672 4
261 995 9
262 32 5
262 134 20
262 193 27
262 256 22
262 906 2
262 1013 13
264 296 4
264 320 2
264 568 25
265 632 2
266 11 3
266 326 11
266 336 2
267 523 2
267 581 2
268 12 3
268 192 2
268 524 2
268 577 2
269 640 2
270 532 33
270 642 6
272 162 2
272 208 2
272 234 6
272 259 3
272 554 2
272 640 2
272 684 7
272 899 2
273 47 4
273 693 4
274 98 2
274 334 2
275 133 21
275 401 19
275 485 151
276 288 7
276 392 5
276 394 18064
276 628 7
276 661 5
277 8 33
277 27 4
277 128 2
278 258 17
279 18 8
279 901 93
280 82 48
280 600 12
280 674 3
281 101 22
282 576 8
282 787 5
283 514 2
287 448 7
287 802 2
288 224 10
288 292 8013
288 341 2
288 776 9
289 36 2
289 60 2
289 345 2
289 472 2
290 388 6
291 768 3
291 967 2
292 7 3
292 524 29
294 27 325
294 864 8
296 57 6
296 288 2
296 336 11
296 409 12
296 516 3
297 167 28
297 389 5
297 742 5
299 78 4
299 291 57
300 29 248
300 140 4
301 274 3
301 777 2
304 8 2
304 258 5
304 292 2
305 11 12
305 34 71
305 576 16
306 36 4
306 918 6
308 21 5
308 692 2
308 832 4
308 848 8
309 77 2
309 774 19
310 44 2
310 936 2
312 514 2
314 376 2
314 518 6
318 914 35
320 29 5
320 315 7
320 407 2
320 428 8
320 641 7
321 337 352
321 768 8
322 0 2
322 80 2
322 272 2
322 899 3
322 902 13
323 360 2
323 515 5
324 16 2
324 200 8
325 74 3
325 614 2
325 720 3
326 11 6
326 116 3
326 280 3
328 853 3
329 35 2
329 836 10
330 8 5
332 643 48
334 265 2
334 288 7
335 83 5
336 18 6
336 100 3
336 576 2
336 632 7
337 768 2
338 33 76
338 160 827
338 169 4
340 0 2
340 106 6
340 704 2
341 576 2
342 15 14
342 168 27
342 272 34
342 536 6
343 475 4
344 188 18
344 676 2
345 32 141
345 728 10
346 11 2
347 11 7
347 296 2
347 313 6
352 409 2
352 794 82
352 860 2
353 389 3
353 684 2
354 25 5
354 969 4
355 134 42
355 634 7
356 800 10
357 433 13
360 555 2
360 732 6
360 784 2
360 810 5
363 424 7
364 740 4
368 49 42
368 925 2
372 352 2
375 77 22
376 193 6
379 333 79
380 339 3
384 6 44
384 156 3
384 332 8
384 423 10
384 457 3
384 531 3
384 692 3
385 2 56448
385 75 6
385 213 6
385 214 2
385 563 6636
386 64 2
386 158 403
386 206 385
386 275 19
386 849 2
386 912 2
387 147 12
387 1016 10
389 596 2
391 461 4
391 800 5
392 38 6
392 553 2
394 80 371
394 590 24
396 536 2
396 960 2
397 305 3
397 518 2
398 943 2
400 21 2
400 144 11
401 932 18
402 80 3
402 769 15
403 20 20
404 298 9
405 160 2
406 928 2
407 591 9
408 66 84
408 576 25
409 66 2
409 417 10
409 888 2
410 520 6
412 6 5
414 932 22
415 101 16
416 52 2
416 279 566
416 832 2
417 577 3
419 7 5
420 32 9
420 114 90
420 288 2
420 538 5
423 384 16
424 481 5
425 261 2
425 746 2
425 776 2
427 580 5
428 32 2
428 194 2
428 620 2
428 880 2
430 68 15
430 203 5
433 24 8
433 197 4
433 398 6
436 597 2
436 641 17
441 21 46
442 691 4
444 769 10
448 513 2
449 321 7
452 48 4
452 205 2
452 512 2
454 9 7
454 437 2
456 105 2
458 101 123
460 197 13
460 462 9
462 516 10
464 265 2
465 761 42
467 211 2
467 300 35
469 425 7
472 226 2
473 6 3
473 600 39
476 775 9
480 665 2
480 928 5
481 288 2
482 208 4
482 285 7
483 276 2
488 3 4
488 334 2
489 64 3
491 112 8
496 978 2
505 332 2
506 706 13
512 1 3
512 5 2
512 36 2
512 52 2
512 65 2
512 96 6
512 420 2
512 453 2
512 482 3
512 522 2
512 685 2
512 936 11
513 5 4
513 42 116
513 65 6
513 315 2
513 644 5
514 572 4
515 273 5
516 33 6
516 169 9
516 357 875
516 442 2
516 582 2
517 0 2
517 8 2
517 34 5
517 132 5
517 177 2
517 233 57
517 281 2
517 534 2
520 94 284
520 296 13
520 436 9
521 81 2
521 229 2
521 450 9
521 546 2
521 554 3
521 560 2
522 1 46
522 234 2
522 549 27
524 159 5
524 173 7
524 520 5
525 134 3
525 820 42
526 548 28
526 776 9
528 10 17
528 36 7
528 97 6
528 344 2
528 801 9
529 16 10
529 260 17
529 517 3
529 737 11
529 836 2
530 20 5
530 278 7
530 325 6
530 522 2121
532 11 1025
532 292 2
532 853 2
534 6 20
534 425 13
534 932 4
535 10 3
536 10 21
536 412 8
536 687 2
540 256 5
541 344 3
544 6 2
544 21 2
544 24 289523
544 401 2
544 429 2
544 551 2
545 209 358
545 743 4
545 914 2
546 2 28
546 263 6
546 758 12
546 900 3
547 265 13
548 169 20
548 512 4
548 586 2
549 68 6
549 647 240
550 800 48
551 4 29
552 136 4
552 640 2
552 932 10
553 36 6
554 4 2
556 409 2
557 6 7
557 770 3
559 557 2
560 18 10
560 96 2
560 104 3
560 168 28
560 354 2
561 10 72941
561 993 3
562 162 4
562 977 2
562 992 15
563 20 14
563 410 2
564 28 14
566 4 13
566 44 9
566 132 2
567 793 2
569 522 2
571 100 2
571 457 8
572 64 9
572 257 4
573 886 10
576 4 5
576 5 3
576 19 3
576 133 15
576 525 4
576 547 101
577 72 3
577 222 15
577 577 6
577 661 3
578 136 2
578 572 14
578 575 3
579 80 19
579 136 2
579 789 3
580 64 5
580 507 5
580 528 9
581 645 29
583 129 3
584 432 3
585 64 14
585 208 2
585 354 2
585 389 2
586 530 4
590 276 2
590 300 7
590 520 6
590 788 2
591 147 61
592 322 2
592 528 47
592 566 19
592 585 2
592 856 2
593 429 29
595 58 2
595 557 3
596 33 8
596 91 2
599 92 19
599 569 2
600 115 2
600 562 8
600 573 123
600 575 11
601 431 3
602 480 7
604 913 3
604 1006 2
605 80 5
606 281 18
606 807 23
608 522 3
608 576 2
608 648 25
609 210 34
609 225 2
609 526 2
609 768 2
610 24 2
611 125 139
614 936 13
616 450 24
616 806 3
617 374 2
618 70 2
618 1004 3
619 76 109
623 1000 2
624 579 2
625 5 3
626 114 4
626 528 3
627 3 10
627 977 2
628 76 3
629 446 3
633 812 455
637 73 44
638 161 8
640 16 16
640 160 6
640 246 2
640 467 99
640 732 3
640 938 7659
640 952 17
641 192 37
642 512 11
642 562 4
642 724 18
643 73 141
643 775 2
644 387 7
644 660 29
644 756 2
644 769 4
645 963 114
646 289 7
646 388 8
648 76 33
648 210 17
648 369 8
648 769 2
649 4 5
649 48 7
650 953 2
652 594 2
654 129 29
654 565 2
655 761 2
656 3 2
656 259 10
656 370 9
656 833 244
657 201 3
658 10 220
658 640 2
660 69 15
660 85 17
660 648 4
661 244 22
661 608 2
662 374 6
664 16 6
664 205 9
664 781 2
665 3 23
667 587 4
668 163 7
668 749 3
670 515 3
672 64 2
672 129 2
672 514 56
672 608 19
673 104 7
674 401 19
674 672 231
675 470 2
676 52 10
678 237 2
679 556 2
680 20 2
680 39 6
680 105 2
680 450 3
681 33 596
682 14 8
683 278 2
686 593 4
688 385 2
689 80 2
691 12 11
693 397 18
694 6 4
694 931 2
694 976 6
696 885 2
700 229 2
701 941 10
704 34 7
704 76 4
704 292 9
704 370 2
704 514 2
705 854 2
706 17 6
706 161 5
706 460 3
708 108 7
709 325 14
709 644 3
710 2 11
711 19 2
712 141 80
712 283 4
712 294 10
712 862 17
713 593 10
713 837 2
716 98 2
716 339 7
716 649 2
716 842 6
719 512 2
720 144 14
721 104 88
721 170 756
721 323 3
722 82 12
722 100 2
722 104 12
722 258 4
722 393 4
722 464 2
723 142 20
724 596 5
725 44 2
732 834 29166
737 25 2
737 64 2
737 288 12
737 610 3
738 970 7
740 235 11
740 778 2
741 45 2
741 260 2
743 787 6
744 124 4
744 280 288
744 762 2
746 536 28
752 261 3
752 786 4
754 32 2
759 130 2
760 40 3
760 257 8
760 300 2
765 513 5
768 326 2
768 608 6
768 926 2
769 34 2
769 773 8
770 67 2205
770 256 13
770 515 16
771 793 3
771 800 3
772 0 6
772 32 2
772 130 2
774 936 3
775 48 2
776 586 10
777 6 7
777 200 6
777 539 4
777 554 2
778 389 2
780 14 2
780 193 13
780 552 2
780 901 2
781 222 5
781 496 2
782 226 18
782 405 6
784 514 4
784 841 2
785 257 2
786 142 3
786 521 2
786 914 2
787 199 2
788 25 4
788 324 5
788 332 2
792 274 46
792 540 2
792 594 2
793 52 2
793 498 27
795 661 2
798 776 10
800 97 11
800 133 3
801 34 2
801 312 2
804 0 11
805 387 14
805 781 30
806 480 2
808 526 2
808 945 38
810 17 2
812 778 2
814 161 5
814 264 11
814 523 2
814 905 12
816 18 3
816 24 11
817 784 2
818 253 1477
821 236 3
822 211 363
828 592 15
830 356 3
832 21 5
832 30 25
832 281 3
832 304 308139
834 32 840
834 67 2
834 104 5
834 148 9
834 912 2
835 392 9
835 583 7
836 86 11
836 485 5
839 21 2
840 96 5
840 106 7
840 545 6
841 32 8
843 939 12
845 561 3
845 624 2157
848 90 3
848 188 11
848 899 8
850 308 2
851 195 13
852 72 6
852 824 7
856 256 695
856 866 63
857 42 42
862 130 5
864 786 2
866 260 2
868 332 5
870 68 23
871 264 2
872 50 82
873 9 2
874 360 5
882 778 2
884 802 2
885 601 4
894 392 3
895 603 9
896 330 16
896 868 21
897 39 7
897 115 3
897 523 5
898 336 5
898 699 6
899 537 2
900 4 2
902 420 2
904 231 6
904 888 41295
904 929 2
905 248 29
905 572 3
906 137 9
906 328 2
908 456 3
910 614 18
911 10 5
911 896 11
912 2 7
912 129 45
912 388 20
914 216 2
914 776 4
914 968 9
916 742 2
920 200 2
921 320 2
922 8 10320
922 784 6
928 384 5
928 516 4
929 10 17
929 257 4
929 316 9
930 547 6
930 720 6
931 657 17
932 274 2
932 783 3
934 94 3
938 261 5
938 552 6
940 512 6
945 456 3
948 9 3
952 37 30
961 131 30
961 333 2
961 472 4
966 197 40
966 555 2
968 352 15
968 360 4
969 769 4
975 205 8
976 779 20
977 34 11
978 817 2
984 324 20
984 483 12
986 772 2
988 366 2
990 35 2
996 836 348
998 179 6
1000 260 8
1001 286 3
1004 129 17
1011 36 6
1013 316 134307
1018 358 71
1020 385 2
1021 643 2
