0 4 9
0 47 2
0 112 2
0 135 72
0 156 15
0 166 139
0 259 4
0 274 311
0 321 6
0 415 4
0 552 3
0 618 112
0 646 2
0 679 8
0 704 3
0 843 34
0 902 4
0 917 6
0 936 9
1 7 31
1 15 6
1 30 6
1 37 2
1 70 6
1 135 8
1 292 3
1 644 6
1 768 44
2 167 22
2 260 6
2 328 2
3 24 12
3 131 2
3 277 2
3 652 8
3 817 2
4 24 2
4 50 5
4 60 8833
4 248 2
4 284 20
4 576 3
4 683 3
4 803 50
4 808 5
5 18 2
5 584 2
6 3 3
6 259 2
6 267 3
6 268 4
6 466 10
6 1002 3
7 237 8
7 715 4710
8 19 9
8 58 3
8 202 2
8 272 177
8 642 3
8 656 2
8 902 5
9 39 10
9 274 2
9 526 2
9 572 39
9 823 2
10 160 35
10 176 15
10 208 3
10 518 7
10 584 17
10 599 2
10 680 4
10 778 6
11 204 18
12 0 4
12 24 4
12 55 12497
12 65 189
12 116 27
12 128 5
12 634 2
12 781 4
13 66 2
13 192 3
14 152 112
14 321 8
14 584 5
14 616 2
15 485 14
15 659 2
15 854 114
16 24 3
16 64 7
16 132 2
16 516 3
16 643 19
16 806 169
17 129 3
18 215 5
18 641 2
18 645 2
19 657 2
19 709 15
20 1 16
20 36 2
20 786 2
21 308 29
22 97 3
22 133 8
22 320 2
22 331 5
22 565 3
23 886 5
24 533 2
24 781 3
24 848 18
26 20 2
26 22 4
27 130 2
27 210 2
27 547 8
27 549 6
28 42 2
28 146 8
28 624 5
29 5 3
29 327 2
29 532 9
30 21 23
30 52 2
30 129 14
30 588 4
31 77 18
31 561 91
32 16 2
32 33 2
32 185 4
32 204 2
32 211 2
32 276 2
32 848 2
33 3 3
33 64 181
33 544 95
33 898 2
34 324 466
34 800 8
35 65 3
35 689 2
36 12 2
36 257 3
36 266 2
36 288 2
36 448 2
36 555 2
36 858 5
37 13 2
37 594 3
37 673 2
38 1 3
38 180 2
38 204 10
38 544 185
39 3 35
39 48 3
39 520 2
39 982 13
40 20 45
40 39 26
40 256 6
40 605 15
40 840 3
40 980 3
41 96 2
41 276 44
41 321 2
42 42 11
42 140 8
42 329 2
42 411 8
43 546 2
44 12 3
44 47 5
44 430 2
44 524 13
44 794 8
45 23 7
45 50 10
45 266 2
45 615 3
45 844 149
47 80 2
48 67 2
48 198 2
48 226 4
49 313 2
49 516 19
50 9 2
50 113 2
51 377 5
51 516 36
52 46 2
52 188 9
52 285 9
52 390 2
52 899 19
53 146 2
54 112 2
54 718 2
55 278 13
56 89 2
56 472 2
57 5 13
57 128 22
59 292 15
59 583 15
60 5 2
60 33 9
60 112 22
60 948 9
61 648 3
62 521 18
64 26 19
64 41 5
64 197 2
64 203 10
64 272 2
64 514 10
64 686 10
65 61 12
65 96 5
65 241 7
65 274 10
65 421 2
65 614 2
66 140 2
66 545 13
67 37 8
67 482 16
67 840 2
68 153 3
68 192 9
68 226 2
68 322 2
68 576 2
69 529 10
69 768 10
70 109 6
70 212 10
70 646 3
70 672 2
71 1 2
71 264 9
71 409 11
71 700 10
72 37 2
72 280 7
72 437 2
72 961 2
73 39 843
73 870 4
74 512 4
74 548 54
74 768 4
74 1012 34
76 76 5
76 133 74
76 262 23
76 586 6
76 855 8
77 256 191
77 267 65
78 288 3
78 919 4
79 386 8
80 0 6
80 51 9
80 528 8
83 124 3
84 64 13
84 216 32
84 490 3
85 31 21
85 65 9
86 234 2
87 462 62
87 512 19
87 515 5
88 330 7
89 4 17
90 274 2
90 988 6
91 154 20
91 652 15
91 951 18
92 38 25
93 669 9
94 869 2
94 954 5
95 20 5
95 34 16
96 80 2
96 148 5
96 208 8
96 276 7
96 820 7
97 48 3
97 144 14
97 167 10
97 473 2
98 14 5
98 352 5
98 401 6
98 671 2
98 928 8
99 117 2
99 134 14
100 128 2
100 294 153
101 70 2
101 124 20
101 392 2
101 599 2
102 6 4
102 78 2
102 166 8
104 26 4
104 48 2
104 132 2
104 512 2
105 3 6
106 652 4
107 3 3
108 133 9
108 514 2
108 825 21
112 0 26
112 28 2
112 84 2
112 107 12
112 165 8
112 776 4
114 416 4
114 497 2
114 872 10
116 33 2
117 803 2
118 565 4
119 446 6
120 76 277
121 536 3
122 185 2
122 294 19
123 600 8
124 304 3
124 348 2
125 268 2
128 10 6
128 58 2
128 134 2
128 200 2
128 208 20
128 320 2
128 433 2
128 628 6
128 770 2
129 10 2
129 39 2
129 163 2
130 273 10
130 528 2
130 532 3
130 540 3
130 772 2
131 581 7
132 6 3
132 94 2
132 372 4
132 516 6
132 916 5
134 67 2
134 84 2
134 224 4
134 377 2
134 390 2
134 768 1193
136 39 39
136 81 5
136 160 2
136 610 2
136 657 2
136 684 4
136 831 10
137 148 195
137 259 3
137 325 598
138 590 6
139 426 4
139 865 7
140 72 5
140 143 2
141 2 2
143 116 4
143 144 2
143 642 2
144 18 2
144 248 2
144 418 13
144 520 2
144 800 4
145 1 2
145 67 3
145 184 2
145 392 25
145 513 11
145 576 7
146 69 9
147 513 4
147 522 160
148 24 4
148 130 5
148 278 10
148 515 5
149 20 3
149 649 8
150 141 2
150 160 26
150 656 184
151 102 2
151 132 2
151 207 18
153 151 176
153 598 5
153 961 3
156 133 11
157 404 3
160 34 24
160 81 8
160 144 13
160 452 2
160 644 42
160 801 8
161 21 5
161 376 2
161 717 3
162 306 2
162 517 5
163 227 122
163 361 9
164 34 9
164 38 18
164 87 9
164 217 11
164 329 2
164 481 17
164 636 21
165 141 3
165 397 2
167 384 4
167 712 2
168 8 2
168 52 2
168 67 3
168 68 8
168 98 2
168 480 4
169 72 32
169 514 15
172 8 2
172 32 24
172 569 3
172 664 12
174 582 5
176 32 3
176 137 2
176 273 2
176 932 2
177 128 2
177 560 8
177 744 5
178 100 23
178 144 4
178 580 3
180 152 12
180 600 10
181 97 62
181 331 146
181 768 13
182 672 5
182 728 4
184 161 67
185 5 95
185 42 5
186 272 2
186 582 2
188 4 9
188 199 5
192 43 5
192 52 3
192 177 10
192 536 2
192 713 2
192 999 14
193 8 2
193 120 2
193 131 3
193 375 2
193 775 14
194 321 3
194 592 2
197 100 2
197 297 2
197 592 11
197 611 17
197 769 5
198 3 2
198 812 2
200 146 11
200 577 3
200 924 6
201 39 2
203 654 9
204 6 3
204 520 2
206 80 10
208 12 3
208 14 72
208 88 8
208 534 5
209 55 12
209 513 2
209 564 42
210 882 3
212 34 13
212 262 7762
212 285 2
212 673 2
214 369 5
214 585 5
216 138 105
219 389 4
220 176 2
220 658 2
222 532 2
225 948 2
226 157 2
227 336 58
227 838 2
228 294 10
231 261 2
231 290 3
232 5 9
232 65 9
232 130 2
232 480 14
233 212 4
233 912 11
234 848 2
234 917 2
235 645 6
237 91 39
238 620 5
239 370 26
240 66 2
240 799 2
240 914 2
241 206 2
244 356 2
248 0 14
248 557 2
248 902 8
250 46 214
253 636 2
256 4 2
256 160 3
256 212 4
256 262 144
256 616 2
256 772 11
256 904 2
256 963 2
257 0 38
257 156 2
257 272 2
257 680 80
257 912 3
257 920 12
258 24 4
258 34 2
258 36 3
258 138 5
258 810 2
258 880 16
259 7 6
259 165 15
260 256 19
260 522 6
260 678 2
260 978 4
261 8 2
261 356 2
262 32 2
262 134 2
262 193 4
262 256 2
264 1 2
264 4 5
264 296 4
264 320 9
264 568 17
265 264 3
265 339 56
265 632 2
266 242 3
266 326 25
266 336 2
266 504 6
267 523 6
268 34 2
268 177 4
268 192 3
268 524 2
268 577 3
269 444 2
269 640 13
270 73 12
272 162 2
272 208 2
272 225 29
272 378 2
272 554 8
273 47 3
273 693 2
273 809 4
274 334 3
275 4 4
275 16 9
275 116 6
275 133 4
275 401 15
275 485 200
275 512 2
276 288 3
276 392 2
276 628 17
277 8 2
277 27 11
277 128 3
279 18 23
279 901 4
280 600 3
282 717 101
282 787 9
283 514 9
284 835 4
286 12 23
286 624 2
287 448 3
288 224 2
288 292 23
289 36 16
289 60 2
289 345 3
289 472 2
289 648 7
290 0 2
290 328 2
291 32 2
291 768 66
291 967 37
292 162 2
292 593 2
293 960 5
294 27 6
294 742 3
296 57 13
296 84 78
296 131 2
296 231 6
296 336 2
296 409 4
296 516 3
297 325 8
297 389 18
297 742 12
300 29 2
300 140 21
301 274 3
304 6 3
304 63 1188
304 106 25
305 11 2
305 576 6
306 550 2
308 583 120
308 692 6
308 832 5
310 44 4
310 936 10
314 109 4
314 156 2
316 452 29
318 532 10
318 914 2
320 29 2
320 428 2
320 468 3
320 641 16
320 720 2
322 0 2
322 80 2
322 196 6
322 272 2
322 899 3
323 360 22
323 515 6
324 106 2
324 200 22
324 513 2
325 6 6
325 74 38
325 145 10
325 192 3
325 614 4
326 16 7
326 32 20
326 116 10
327 675 4
328 853 2
329 836 33
330 8 4
331 512 2
332 456 2
334 288 5
335 83 2
335 391 5
336 576 3
336 632 8
337 352 2
338 33 2
338 160 2
338 169 32
339 42 6
340 106 3
340 704 19
341 576 519
342 15 105
342 168 16
342 272 2
342 536 2
343 475 3
344 188 57
345 992 2
346 11 2
346 89 2
348 128 3
348 395 8
349 12 8
352 409 39780
352 514 13
352 680 4
352 794 5
353 138 2
353 389 18
353 684 2
354 25 6
354 836 2
354 969 38
355 134 97
357 433 25
357 641 3
358 3 3
358 168 3
360 514 2
360 555 23
360 784 3
362 34 2
363 162 2
363 424 34
366 657 11
368 738 3
368 925 2
371 112 4
376 193 7
379 333 27
380 339 2
381 531 3
382 562 17
384 6 2
384 168 3
384 312 2
384 332 291
384 457 10
384 531 2
384 571 2
384 841 2
384 962 3
385 2 8
385 75 2
385 214 7
385 513 2
385 563 2
386 64 8272
386 73 6
386 158 2
386 160 2
386 275 2
386 849 5
386 912 7
387 147 2
387 297 6
387 545 2
388 332 2
389 596 6
391 8 3
392 38 2
392 336 18
392 553 2
392 674 8
393 577 3
394 80 2
394 211 2
394 590 18
395 4 3
395 647 11
396 454 2
396 546 20
396 915 230
396 960 4
397 132 2
397 305 26
397 518 2
399 9 2
400 10 8
400 144 3
401 16 11
401 58 2
401 284 1089
401 932 2
404 209 2
404 298 2
405 160 4
406 677 4
406 928 144967
408 405 2
408 576 3
409 66 5
409 888 2
410 520 2
411 20 2
413 640 3
414 932 2
415 101 3
416 52 3
416 292 8
416 832 4
417 577 2
418 16 56
419 7 2
419 62 9
419 844 10
420 114 4
420 288 2
420 538 14
420 545 622
421 400 9
423 384 2
423 651 2
425 261 11
425 746 3
425 776 9
427 580 4
428 32 12
428 194 2
433 197 2
436 641 25
437 2 2
441 21 2
442 146 2
442 691 2
444 801 2
448 655 4
452 136 2
452 488 2
452 512 2166
452 513 8
453 368 2
454 634 2
454 782 10
456 774 4
458 101 12
460 197 2
460 462 4
461 625 9
461 901 6
462 641 5
464 265 274
464 928 2
465 902 40
467 211 9
467 300 2
469 425 27
472 226 2
472 256 2
472 801 6
473 6 7
473 600 3
473 800 18
480 665 2
480 731 2
480 928 2
481 288 24
481 416 10
482 64 5
482 208 2
483 276 2
483 555 5
485 134 10
488 334 3
488 565 2
489 64 63
491 112 3
496 433 4
501 519 2
505 332 2
506 706 4
512 1 6
512 5 8
512 52 4
512 96 2
512 266 2
512 420 3
512 438 2
512 453 12
512 522 3
512 685 3
513 65 4
513 100 4
513 112 9
513 315 2
514 36 2
514 401 4
514 522 10
514 572 536
514 780 23
515 93 4
515 273 67
515 598 760
516 33 2
516 442 2
516 582 17
516 785 16
517 3 11
517 177 2
517 233 2
517 281 2068
517 534 8
517 672 3
519 517 13
519 944 13
520 94 4
520 164 6
520 296 6
520 812 3
520 896 3
521 131 2
521 546 2
521 554 13
521 560 2
522 1 2
522 121 2
522 652 11
523 650 4
524 173 2
524 520 21
525 820 7
526 548 5
527 36 2
528 10 2
528 33 1902
528 36 3
528 97 2
528 144 13
528 171 2
528 512 3
528 580 6
528 582 2
528 720 2
528 801 7
529 423 6
529 517 3
529 836 7
530 20 42
530 132 2
532 134 3
532 550 1275
533 37 5
533 787 8
534 425 45
535 10 2
536 244 2
536 687 4
536 902 27
537 99 2
537 138 2
537 478 14
538 74 8
538 84 2
540 256 8
541 793 2
544 6 16
544 24 6
544 416 2
544 551 10
544 597 4
544 718 4
545 226 2
545 743 6
546 2 2
546 612 2
546 650 2
546 758 3
546 900 6
547 265 2
547 577 13
548 169 4
548 577 2
548 586 2
549 68 2
550 800 2
551 89 27
552 136 4
552 640 52
552 932 3
553 36 2
553 102 24
553 933 15
554 4 5
555 418 20
557 400 2
557 512 7
557 770 4
557 938 2
560 18 7
560 32 10
560 96 2
560 354 23
561 10 3
561 444 3
562 977 3
562 992 2
564 28 15
565 105 18
566 44 2
566 132 6
569 385 39
569 522 4
571 457 4
572 36 4
572 64 10
572 370 221
572 777 1466
574 533 2
576 4 2
576 5 3
576 76 2
576 133 9
576 172 4
576 228 76723
576 325 38
576 371 4
576 525 2
576 607 2
577 72 5
577 222 2
577 401 2
577 577 5
577 661 10
578 26 2
578 96 6
578 136 6
578 554 2
579 80 10
579 621 5
579 789 2
580 64 12
580 507 24
580 528 3
580 598 2
584 432 2
585 64 4
585 208 2
585 354 4
586 64 10
587 608 14
590 276 2
590 300 2
590 520 2
592 2 3
592 148 7
592 528 3
592 566 4
592 585 2
593 429 2
595 58 21
595 557 2
596 33 10
596 154 10
596 385 13
600 68 151
600 115 90
600 575 2
601 335 12
601 431 2
604 913 2
604 1006 2
607 393 2
608 185 7
608 522 2
608 648 30
609 225 11
610 24 22
611 125 23
612 170 10
612 534 2
613 840 3868
614 265 9
614 936 82
616 81 2
617 374 2
618 70 11
619 76 3
619 140 2
619 231 4
623 1000 2
624 579 5
625 5 5
625 261 42
625 530 4
626 104 4
626 528 2
626 608 7
627 3 140
632 18 6
633 812 4
635 546 7
640 4 15
640 16 2
640 160 2
640 246 8
640 258 2
640 369 3
640 421 11
640 525 956
640 732 4
640 938 12
640 952 2
641 192 3
642 512 10
642 562 3
643 73 2
643 775 8
644 48 3
644 387 14
644 756 2258
644 769 2
645 4 2
645 25 5
645 548 3
646 388 2
648 98 2
648 210 4
648 301 361
648 369 2
648 769 12
649 4 11
649 48 4
650 216 13
650 953 2
652 257 21
654 129 2
654 565 2
655 761 2
656 278 37
656 370 2
657 79 10
658 226 11
658 640 3
660 52 2
660 69 12
661 608 8
662 374 3
664 16 4
664 205 4
664 781 10
665 3 2
665 260 5
666 66 6
668 163 2
672 64 12
672 608 4
672 717 2
673 104 12
673 656 3
674 672 21
675 257 3
676 52 8
677 121 2
678 237 21
679 556 6
680 20 42
680 540 389
681 33 224
683 278 11
684 1008 6
686 593 14
688 385 2
689 80 15
692 260 6
693 522 2
694 976 8
695 517 10
696 885 5
697 710 4
700 18 4
700 229 6
700 864 2
701 34 10
701 941 2
704 34 4
704 135 6
704 370 2
705 596 5
705 854 5
706 17 3
706 161 3
706 460 2
708 108 2
709 354 2
709 644 3
710 2 6
711 19 5
712 35 2
712 141 193
712 283 2
712 294 2
712 862 3
713 593 5
716 339 2
720 7 5
720 803 2
721 104 2
721 584 64
722 82 8
722 100 2
722 146 6
722 258 3
722 398 6
724 596 2
726 322 3
728 227 4
728 350 4
728 712 2
729 578 2
737 64 22
737 610 7
740 801 4
741 45 7
741 260 13
742 97 4
744 124 4
744 280 3
745 63 4
746 386 3
746 536 7
751 506 5
752 261 7
752 494 7
754 32 3
759 130 6
760 40 12
760 220 2
760 257 2
763 668 12
765 513 6
768 326 6
768 608 4
768 666 3
768 738 6
769 34 112
769 277 4
769 640 9
770 67 3
770 211 55
770 663 2
771 128 7
771 793 4
771 800 3
772 130 61966
773 1 3
774 8 4
774 936 5
775 921 7
776 155 5
776 697 2
777 84 33
777 539 2
777 554 12
777 608 12
778 330 3
778 389 5
780 14 30
780 16 3
780 552 6
780 707 11
781 496 6
782 226 2
782 405 2
784 1 17
784 514 2
784 569 12
784 604 5
785 257 3
786 521 3
786 576 2
787 199 10
788 332 17
792 274 16
792 540 13
793 52 6
795 422 7
798 776 2
800 9 2
800 45 8
800 73 2
800 97 486
800 133 20
801 592 6
801 642 6
802 660 12
802 769 3
804 0 24
804 433 2
805 781 6
806 43 2
806 232 8
806 326 2
806 480 3
808 302 12
808 526 13
808 777 2
808 937 2
808 945 3
810 416 5
812 778 2
814 161 20
814 264 11
814 523 2
814 905 3
816 18 3
816 24 3
817 784 57
818 253 2
819 69 2
822 211 10
824 609 381
830 356 11
832 21 2348
832 328 2
832 548 28
833 147 4
834 67 83
834 148 4
834 912 2
835 264 33
835 392 120
836 388 4
836 485 2
838 785 9
839 21 2
840 545 2
840 800 38
841 32 204
841 370 107
842 132 2
842 200 8
848 188 3
848 899 24
849 792 11
850 308 3
851 195 47
852 64 2
852 72 2
852 824 2
856 256 2
857 42 3
863 516 2
864 786 20
870 68 91
872 50 175
872 165 2
873 9 2
874 360 21
875 164 2
882 42 9
882 591 2
884 802 2
885 601 2
895 603 2
896 330 2
897 115 5
897 523 2
899 537 2
900 4 13
900 313 2
902 131 2
902 420 10
904 112 3
904 231 5
904 888 2
904 929 2
905 248 13
906 328 12
908 456 2
911 5 209
911 896 3
912 2 40
912 388 2
914 216 8
914 776 2
914 968 7
916 742 3
916 777 14
917 912 3
918 0 9
920 200 15
921 272 2
922 8 4
922 784 2
924 33 10
924 196 3
928 64 355
928 384 9
928 516 6
928 518 5
929 10 10
929 257 2
929 316 4
930 720 11
932 783 2
933 657 2
938 316 2
940 512 7
941 771 2
944 756 19
945 456 6
946 205 5
947 568 3
948 9 25
951 818 6
953 905 2
960 358 68144
961 131 6
961 333 2
961 472 4
961 481 56
965 937 2
966 197 3
966 555 30
970 180 2
971 566 2
976 779 11
977 22 8
978 817 2
984 324 3
984 483 63
996 836 2
998 127 4
998 179 6
1001 286 9
1011 36 10
1013 316 7
1020 371 14
1021 643 10
