0 4 14
0 47 2
0 112 10
0 135 31
0 156 2
0 166 2
0 259 2
0 274 81
0 321 3
0 415 13
0 552 10
0 618 13
0 646 9
0 679 4
0 704 4
0 843 3
0 902 7
0 917 17
0 936 3
1 7 17
1 15 2
1 30 12
1 37 2
1 70 13
1 135 2
1 292 7
1 644 9
1 768 3
2 167 64
2 260 20
2 328 2
3 24 3
3 131 9
3 277 9
3 652 3
3 817 2
4 24 2
4 50 12
4 60 1108
4 248 24
4 284 10
4 576 8
4 683 7
4 803 2
4 808 4
5 18 2
5 584 2
6 3 12
6 259 8
6 267 18
6 268 9
6 466 5
6 1002 2
7 237 10
7 715 2
8 19 3
8 58 8
8 202 4
8 272 2
8 642 2
8 656 13
8 902 5
9 39 2
9 274 2
9 526 5
9 572 12
9 823 2
10 160 2
10 176 2
10 208 11
10 518 6
10 584 2
10 599 2
10 680 2
10 778 8
11 204 33
12 0 4
12 24 3
12 55 2
12 65 7
12 116 3
12 128 11
12 634 19
12 781 10
13 66 2
13 192 3
14 152 2
14 321 2
14 584 4
14 616 7
15 485 4
15 659 2
15 854 5
16 24 6
16 64 5
16 132 2
16 516 12
16 643 2
16 806 5
17 129 2
18 215 20
18 641 11845
18 645 2
19 657 5
19 709 6
20 1 39
20 36 86
20 786 221
21 308 5
22 97 57
22 133 16
22 320 2
22 331 12
22 565 142
23 886 7
24 533 2
24 781 3
24 848 3
26 20 67
26 22 13
27 130 2
27 210 171
27 547 2
27 549 7
28 42 2
28 146 9
28 624 5
29 5 2
29 327 2
29 532 32
30 21 3
30 52 4
30 129 2
30 588 73
31 77 2
31 561 17
32 16 3
32 33 6
32 185 3
32 204 2
32 211 5
32 276 3
32 848 24862
33 3 2
33 64 2
33 544 7
33 898 2
34 324 639
34 800 11
35 65 30
35 689 2
36 12 3
36 257 5
36 266 18
36 288 2
36 448 2
36 555 50
36 858 4
37 13 7
37 594 29
37 673 7
38 1 24
38 180 8
38 204 7
38 544 2
39 3 2
39 48 5
39 520 2
39 982 5
40 20 2
40 39 6
40 256 8
40 605 2
40 840 28
40 980 16
41 96 2
41 276 31
41 321 6
42 42 4
42 140 3
42 329 10
42 411 2
43 546 55
44 12 2
44 47 2
44 430 2
44 524 9
44 794 4
45 23 6
45 50 3
45 266 2
45 615 5
45 844 2
47 80 7
48 67 5
48 198 4
48 226 3
49 313 7
49 516 3
50 9 2
50 113 6
51 377 2
51 516 129
52 46 3
52 188 2
52 285 2
52 390 442
52 899 8
53 146 2
54 112 2
54 718 2
55 278 4
56 89 2
56 472 3
57 5 11
57 128 2
59 292 4
59 583 34
60 5 10
60 33 2
60 112 22
60 948 2
61 648 7
62 521 2
64 26 7
64 41 6
64 197 7730
64 203 5
64 272 14
64 514 3104
64 686 77
65 61 2
65 96 2
65 241 28
65 274 11
65 421 2
65 614 2
66 140 2
66 545 3
67 37 3
67 482 5
67 840 2
68 153 2
68 192 189
68 226 2
68 322 4
68 576 24
69 529 5
69 768 10
70 109 6
70 212 10
70 646 8
70 672 6
71 1 4
71 264 6
71 409 2
71 700 2
72 37 6
72 280 8
72 437 78
72 961 2
73 39 2
73 870 12
74 512 13
74 548 175
74 768 4
74 1012 74
76 76 8
76 133 10
76 262 17
76 586 22
76 855 3
77 256 2
77 267 2
78 288 231
78 919 7
79 386 3
80 0 3
80 51 12
80 528 3
83 124 9
84 64 8
84 216 39
84 490 11
85 31 3
85 65 2
86 234 8
87 462 2
87 512 7
87 515 14
88 330 4
89 4 25
90 274 296
90 988 2
91 154 17
91 652 5
91 951 17
92 38 2
93 669 18
94 869 3
94 954 7
95 20 2
95 34 12
96 80 2
96 148 3
96 208 2
96 276 5
96 820 2
97 48 2
97 144 46
97 167 2
97 473 24
98 14 7
98 352 2
98 401 3
98 671 31
98 928 6
99 117 2
99 134 2
100 128 3
100 294 13
101 70 4
101 124 3
101 392 4
101 599 35
102 6 118
102 78 4
102 166 2
104 26 7
104 48 2
104 132 2
104 512 3
105 3 12
106 652 6
107 3 3
108 133 10
108 514 2
108 825 3
112 0 3
112 28 8
112 84 5
112 107 2
112 165 2
112 776 4
114 416 16
114 497 3
114 872 7
116 33 16
117 803 3
118 565 3788
119 446 2
120 76 22
121 536 7
122 185 11
122 294 2
123 600 2
124 304 2
124 348 15
125 268 2
128 10 6
128 58 2
128 134 306
128 200 3
128 208 2
128 320 9
128 433 40
128 628 9
128 770 2
129 10 2
129 39 23
129 163 2
130 273 4
130 528 2
130 532 3
130 540 2
130 772 4
131 581 2
132 6 4
132 94 2
132 372 2
132 516 10
132 916 6
134 67 2
134 84 17
134 224 4
134 377 224
134 390 23
134 768 2
136 39 2
136 81 2
136 160 153
136 610 2
136 657 2
136 684 4
136 831 9
137 148 2
137 259 5
137 325 2
138 590 2
139 426 13
139 865 7
140 72 2
140 143 2
141 2 53
143 116 13
143 144 2
143 642 2
144 18 2
144 248 8
144 418 11
144 520 4
144 800 11
145 1 6
145 67 2
145 184 18
145 392 6
145 513 4
145 576 4
146 69 12
147 513 229
147 522 2
148 24 26
148 130 6
148 278 23
148 515 4
149 20 19
149 649 3
150 141 2
150 160 1326
150 656 6
151 102 3
151 132 4
151 207 2
153 151 431232
153 598 2
153 961 35
156 133 8
157 404 2
160 34 2
160 81 7
160 144 9
160 452 825
160 644 2
160 801 2
161 21 10
161 376 4
161 717 2
162 306 24
162 517 6
163 227 2
163 361 18
164 34 6
164 38 3
164 87 17
164 217 3
164 329 12
164 481 112
164 636 5
165 141 13
165 397 3
167 384 2
167 712 16
168 8 2
168 52 10672
168 67 4
168 68 3
168 98 968
168 480 2
169 72 23
169 514 29
172 8 133
172 32 16
172 569 5
172 664 3
174 582 4
176 32 2
176 137 11
176 273 29
176 932 8
177 128 5
177 560 7
177 744 4
178 100 8
178 144 11
178 580 2
180 152 4
180 600 2
181 97 6
181 331 43
181 768 4
182 672 322
182 728 2
184 161 58
185 5 299
185 42 2
186 272 3
186 582 5
188 4 125
188 199 4
192 43 7
192 52 4
192 177 9
192 536 2
192 713 2
192 999 3
193 8 2
193 120 20104
193 131 11
193 375 2
193 775 5
194 321 6
194 592 13
197 100 3
197 297 2
197 592 4
197 611 20
197 769 2
198 3 5
198 812 2
200 146 2
200 577 8
200 924 6
201 39 9
203 654 3
204 6 2
204 520 5010
206 80 13
208 12 12
208 14 11
208 88 2
208 534 8
209 55 2
209 513 5
209 564 8
210 882 6
212 34 6
212 262 2
212 285 17
212 673 2
214 369 4
214 585 17
216 138 26
219 389 3
220 176 3
220 658 3
222 532 9
225 948 32
226 157 2
227 336 2
227 838 2
228 294 6
231 261 2
231 290 11
232 5 17
232 65 10
232 130 2
232 480 6
233 212 9
233 912 3
234 848 2
234 917 11
235 645 16
237 91 42
238 620 4
239 370 2
240 66 16
240 799 5
240 914 6
241 206 2
244 356 3
248 0 2
248 557 13
248 902 58
250 46 4
253 636 2
256 4 2
256 160 2
256 212 7
256 262 34
256 616 2
256 772 26
256 904 3
256 963 2
257 0 22
257 156 50
257 272 2
257 680 13
257 912 2
257 920 8
258 24 2
258 34 2
258 36 32
258 138 5
258 810 29
258 880 4
259 7 2
259 165 10
260 256 2
260 522 28
260 678 5
260 978 4
261 8 5
261 356 2
262 32 2
262 134 89
262 193 2
262 256 14
264 1 2
264 4 5
264 296 30
264 320 2
264 568 4
265 264 9
265 339 361
265 632 2
266 242 3
266 326 49
266 336 5
266 504 13
267 523 2
268 34 2
268 177 3
268 192 4
268 524 6
268 577 3
269 444 8
269 640 3
270 73 5
272 162 2
272 208 6
272 225 2
272 378 2
272 554 2
273 47 3
273 693 4
273 809 4
274 334 2
275 4 11
275 16 2
275 116 10
275 133 5
275 401 2
275 485 5
275 512 22
276 288 11
276 392 145
276 628 5
277 8 2
277 27 7
277 128 4
279 18 2
279 901 4
280 600 13
282 717 36
282 787 2
283 514 2
284 835 2
286 12 4
286 624 15
287 448 6
288 224 12
288 292 151
289 36 6
289 60 2
289 345 34
289 472 17
289 648 15
290 0 14
290 328 2
291 32 2
291 768 3
291 967 22
292 162 2
292 593 19
293 960 7
294 27 9
294 742 2661
296 57 13
296 84 37
296 131 2
296 231 3
296 336 4
296 409 6
296 516 2
297 325 2
297 389 13
297 742 2
300 29 2
300 140 12
301 274 10
304 6 5
304 63 190
304 106 36
305 11 2
305 576 2
306 550 3
308 583 2
308 692 8
308 832 29
310 44 9
310 936 5
314 109 31
314 156 3
316 452 15
318 532 2
318 914 6
320 29 1163
320 428 2
320 468 4
320 641 7
320 720 12
322 0 5
322 80 237
322 196 3
322 272 7
322 899 6
323 360 8
323 515 3
324 106 10
324 200 3
324 513 2
325 6 9
325 74 3
325 145 160
325 192 2
325 614 2
326 16 38
326 32 13
326 116 5
327 675 3
328 853 15
329 836 9
330 8 2
331 512 2
332 456 2
334 288 9
335 83 2
335 391 9
336 576 2
336 632 7
337 352 2
338 33 2
338 160 2
338 169 6
339 42 9
340 106 21
340 704 3
341 576 30
342 15 25
342 168 6
342 272 4
342 536 3
343 475 2
344 188 1131
345 992 8
346 11 2
346 89 21
348 128 10
348 395 2
349 12 9
352 409 5
352 514 6
352 680 46
352 794 38
353 138 3
353 389 16
353 684 27
354 25 5
354 836 2
354 969 13
355 134 32
357 433 6
357 641 7
358 3 14
358 168 2
360 514 15
360 555 23
360 784 184
362 34 6
363 162 14
363 424 16
366 657 23
368 738 17
368 925 2
371 112 2
376 193 2
379 333 8
380 339 45
381 531 2
382 562 9
384 6 10
384 168 8
384 312 2
384 332 3
384 457 29
384 531 2
384 571 2
384 841 2
384 962 4
385 2 9
385 75 15
385 214 5
385 513 85
385 563 4
386 64 2
386 73 3
386 158 2
386 160 40
386 275 2
386 849 3
386 912 5
387 147 3
387 297 3
387 545 2
388 332 2
389 596 3
391 8 7
392 38 2
392 336 18
392 553 2
392 674 4
393 577 10
394 80 3
394 211 2
394 590 8
395 4 2
395 647 63
396 454 2
396 546 11
396 915 4
396 960 17
397 132 3
397 305 7
397 518 42
399 9 2
400 10 19
400 144 6
401 16 3
401 58 5
401 284 2
401 932 2
404 209 2
404 298 85
405 160 2
406 677 12
406 928 2
408 405 4
408 576 4
409 66 4
409 888 2
410 520 2
411 20 2
413 640 2
414 932 2
415 101 16
416 52 2
416 292 5
416 832 5
417 577 2
418 16 2
419 7 2
419 62 33
419 844 8
420 114 2
420 288 2
420 538 7
420 545 2
421 400 6
423 384 5
423 651 2
425 261 94
425 746 2
425 776 2
427 580 16
428 32 2
428 194 2
433 197 8
436 641 16
437 2 2
441 21 2
442 146 4
442 691 2
444 801 21
448 655 4
452 136 68
452 488 2
452 512 2
452 513 2
453 368 2
454 634 2
454 782 6
456 774 7
458 101 2
460 197 76
460 462 2
461 625 3
461 901 8
462 641 5
464 265 280
464 928 10
465 902 2
467 211 2
467 300 29
469 425 19
472 226 2
472 256 2
472 801 7
473 6 7
473 600 16
473 800 5
480 665 2
480 731 2
480 928 169
481 288 2
481 416 8
482 64 5
482 208 5
483 276 4
483 555 29
485 134 2
488 334 49
488 565 7610
489 64 3
491 112 2
496 433 2
501 519 122
505 332 2
506 706 8
512 1 13
512 5 12
512 52 11
512 96 2
512 266 5
512 420 2
512 438 16
512 453 7
512 522 2
512 685 2
513 65 2
513 100 5
513 112 2
513 315 3
514 36 6
514 401 2
514 522 5
514 572 2
514 780 2
515 93 9
515 273 2
515 598 87
516 33 2
516 442 15
516 582 5
516 785 13
517 3 47
517 177 1416
517 233 2
517 281 4
517 534 7
517 672 14
519 517 2
519 944 4
520 94 2
520 164 2
520 296 3
520 812 2
520 896 77
521 131 2
521 546 2
521 554 7
521 560 2625
522 1 6
522 121 2
522 652 7
523 650 4
524 173 2
524 520 2
525 820 3
526 548 8
527 36 8
528 10 4
528 33 4190
528 36 6
528 97 14
528 144 19
528 171 15
528 512 8
528 580 8
528 582 36
528 720 17
528 801 3
529 423 5
529 517 3
529 836 3
530 20 2
530 132 2
532 134 3
532 550 2
533 37 7
533 787 7
534 425 2
535 10 2
536 244 3
536 687 3
536 902 4
537 99 3
537 138 6
537 478 12
538 74 9
538 84 2
540 256 9
541 793 6
544 6 16
544 24 20
544 416 2
544 551 6
544 597 2
544 718 2
545 226 28
545 743 5
546 2 2
546 612 18
546 650 2
546 758 6
546 900 4
547 265 13
547 577 2
548 169 2
548 577 2
548 586 2
549 68 2
550 800 28
551 89 11
552 136 11
552 640 3
552 932 10
553 36 3
553 102 2
553 933 5
554 4 3
555 418 8
557 400 9
557 512 9
557 770 3
557 938 5
560 18 8
560 32 6
560 96 4
560 354 16
561 10 6
561 444 15
562 977 9
562 992 7
564 28 4
565 105 29
566 44 6
566 132 6
569 385 8
569 522 2
571 457 3
572 36 2
572 64 2
572 370 2
572 777 254
574 533 2
576 4 15
576 5 3
576 76 4
576 133 234
576 172 90
576 228 2
576 325 4
576 371 2
576 525 104
576 607 6
577 72 3
577 222 2
577 401 2
577 577 12
577 661 2
578 26 2
578 96 7
578 136 5
578 554 2
579 80 19
579 621 5
579 789 3
580 64 2
580 507 31
580 528 4
580 598 2
584 432 9
585 64 6
585 208 3
585 354 2
586 64 10
587 608 4
590 276 3
590 300 2
590 520 7
592 2 16
592 148 7
592 528 6
592 566 7
592 585 115
593 429 2
595 58 3
595 557 2
596 33 3
596 154 2
596 385 11
600 68 174
600 115 3698
600 575 2
601 335 2
601 431 2
604 913 3
604 1006 11
607 393 2
608 185 9
608 522 2
608 648 5
609 225 17
610 24 68
611 125 4
612 170 18
612 534 2
613 840 6
614 265 17
614 936 2
616 81 4
617 374 2
618 70 2
619 76 9
619 140 2
619 231 2
623 1000 6
624 579 14
625 5 4
625 261 2
625 530 2
626 104 2
626 528 12
626 608 2
627 3 100
632 18 2
633 812 2
635 546 5
640 4 5
640 16 2
640 160 2
640 246 17
640 258 2
640 369 2
640 421 2
640 525 2
640 732 2
640 938 4
640 952 3
641 192 2
642 512 6
642 562 2
643 73 5
643 775 41
644 48 3
644 387 3
644 756 2
644 769 2
645 4 46
645 25 30
645 548 2
646 388 2
648 98 2
648 210 5
648 301 46
648 369 2
648 769 14
649 4 2
649 48 3
650 216 7
650 953 2
652 257 17
654 129 2
654 565 2
655 761 3
656 278 21
656 370 2
657 79 18
658 226 6
658 640 5
660 52 28
660 69 6
661 608 21
662 374 3
664 16 11
664 205 2
664 781 8
665 3 5
665 260 2
666 66 15
668 163 2
672 64 2
672 608 9
672 717 2
673 104 11
673 656 2
674 672 6
675 257 5
676 52 3
677 121 5
678 237 3
679 556 2
680 20 2
680 540 2
681 33 284
683 278 10
684 1008 3
686 593 2
688 385 23
689 80 2
692 260 6
693 522 2
694 976 145
695 517 3
696 885 3
697 710 2
700 18 14
700 229 33
700 864 5052
701 34 22
701 941 57
704 34 3
704 135 3
704 370 7
705 596 9
705 854 2
706 17 2
706 161 5
706 460 2
708 108 2
709 354 31
709 644 7
710 2 7
711 19 12
712 35 2
712 141 2
712 283 37
712 294 155
712 862 18
713 593 4
716 339 2
720 7 9
720 803 11
721 104 2
721 584 2
722 82 2
722 100 3
722 146 7
722 258 13
722 398 9
724 596 2
726 322 3
728 227 2
728 350 13
728 712 2
729 578 16
737 64 3
737 610 2
740 801 22
741 45 11
741 260 9
742 97 28
744 124 2
744 280 2
745 63 20
746 386 11
746 536 2
751 506 3
752 261 4
752 494 3
754 32 2
759 130 6
760 40 5
760 220 12
760 257 19
763 668 2
765 513 12
768 326 7
768 608 2
768 666 3
768 738 2
769 34 5
769 277 2
769 640 7
770 67 2
770 211 2
770 663 14
771 128 5
771 793 2
771 800 28
772 130 2
773 1 13
774 8 3
774 936 2
775 921 5
776 155 22
776 697 2
777 84 6
777 539 2
777 554 7
777 608 4
778 330 2
778 389 8
780 14 9
780 16 2
780 552 354
780 707 8
781 496 3
782 226 8
782 405 2
784 1 2
784 514 2
784 569 7
784 604 7
785 257 5
786 521 5
786 576 17
787 199 6
788 332 2
792 274 2
792 540 2
793 52 8
795 422 11
798 776 2
800 9 33
800 45 4
800 73 2
800 97 2
800 133 28
801 592 17
801 642 5
802 660 8
802 769 2
804 0 5
804 433 42
805 781 2
806 43 2
806 232 4
806 326 2
806 480 29
808 302 6
808 526 2
808 777 14
808 937 35
808 945 2
810 416 3
812 778 2
814 161 7
814 264 597
814 523 7
814 905 2
816 18 2
816 24 50
817 784 6
818 253 2
819 69 12
822 211 11
824 609 2
830 356 10
832 21 3
832 328 2
832 548 4
833 147 6
834 67 7
834 148 12
834 912 2
835 264 31
835 392 2
836 388 8
836 485 22
838 785 2
839 21 3539
840 545 2
840 800 2
841 32 2
841 370 125
842 132 2
842 200 2
848 188 13
848 899 10
849 792 9
850 308 2
851 195 22
852 64 26
852 72 14
852 824 2
856 256 2
857 42 3
863 516 2
864 786 1142
870 68 11
872 50 14
872 165 8
873 9 2
874 360 9
875 164 2
882 42 19
882 591 5
884 802 11
885 601 4
895 603 4
896 330 30
897 115 16
897 523 4
899 537 2
900 4 5
900 313 352
902 131 6
902 420 11
904 112 2
904 231 2
904 888 10
904 929 16
905 248 3
906 328 19
908 456 2
911 5 6
911 896 3
912 2 24
912 388 3
914 216 2
914 776 19
914 968 7
916 742 13
916 777 7
917 912 14
918 0 3
920 200 7
921 272 2
922 8 4
922 784 3
924 33 20
924 196 15530
928 64 14
928 384 2
928 516 3
928 518 1102
929 10 10
929 257 2
929 316 8
930 720 2
932 783 2
933 657 2
938 316 24
940 512 3
941 771 4
944 756 32
945 456 15
946 205 2
947 568 2
948 9 2
951 818 2
953 905 2
960 358 378669
961 131 13
961 333 2
961 472 2
961 481 2
965 937 4
966 197 3
966 555 116
970 180 4
971 566 3
976 779 12
977 22 8
978 817 2
984 324 7
984 483 116
996 836 2
998 127 6
998 179 2
1001 286 4
1011 36 4
1013 316 2
1020 371 320
1021 643 25
