0 9 3
0 47 32
0 150 6
0 156 2
0 215 2
0 259 46
0 265 2
0 274 2
0 321 11
0 352 4
0 552 12
0 670 5
0 674 3
0 704 2
0 843 2
0 902 4
0 917 30615
1 7 2
1 15 9
1 30 9
1 292 39
1 357 3
1 481 11
1 535 2
1 644 246
1 768 8
1 920 6
2 0 2
2 3 2
2 8 64
2 48 11
2 523 7
3 24 2
3 272 2
3 592 4
3 652 144
4 0 6
4 24 6
4 60 4
4 64 2
4 248 5
4 368 5
4 576 9
4 774 181
4 803 10
4 808 6
5 584 5
6 3 2
6 148 17
6 259 2
6 267 18
6 268 8
6 1002 2
7 81 3
7 715 2
8 1 6
8 2 13
8 19 328
8 202 2
8 272 23
8 393 13
8 552 3
8 642 2
8 656 8
8 735 2
8 902 2
9 39 2
9 572 2
10 13 10
10 84 2
10 160 3
10 176 4
10 208 2
10 518 2
10 523 4
10 584 4208
10 599 2
10 680 4
11 204 7
11 586 2
11 779 4
12 0 11
12 24 2
12 55 2
12 65 2
12 366 2
12 634 2
12 781 31
13 66 10
13 192 7
13 224 13
13 320 19
14 152 2
14 321 2
14 584 3
14 616 5
15 352 3
15 485 2
15 659 6
15 854 13
16 24 2
16 64 2
16 96 5
16 132 6
16 148 2
16 198 2
16 516 403299
16 643 7
16 806 14
17 48 2
17 129 8
17 258 12
18 51 2
18 641 2
18 645 10
20 10 2
20 36 26
20 194 2
20 323 4
20 786 11
21 116 2
21 258 3
21 308 2
22 24 8
22 97 2
22 107 41
22 133 24
22 320 4
22 565 11
23 770 3
24 9 5
24 781 8
24 786 99
24 944 2
27 549 8
28 42 6
28 72 2
28 192 2
28 624 3
28 647 14
29 1 9
29 5 54
29 327 15
29 532 3
30 21 2
30 52 2156
30 129 2
30 588 2
32 72 5
32 204 36996
32 388 28
32 641 7
32 759 2
32 803 3
32 848 4
33 2 2
33 3 3
33 26 2
33 276 4
33 785 21
33 898 2
33 945 2
34 561 15
34 663 41
34 800 12
35 266 5
35 551 5
36 34 5
36 48 2
36 257 4
36 266 14
36 320 4
36 555 4
36 705 359
36 858 2
37 2 2
37 640 3
38 204 5
38 544 9
40 605 11
40 645 3
40 672 158
40 840 5
40 980 8
41 276 8
41 321 271
41 987 12
42 140 8
42 839 2
43 1 7
43 546 2
44 10 14
44 47 23
44 794 11
45 50 2
45 74 3
45 615 12
45 808 10
45 844 2
47 80 2
47 1022 19
48 67 2
48 176 2
48 226 2
48 646 3
48 789 2
48 932 7
50 9 2
50 528 4
51 70 3
51 377 8
51 516 6
52 46 4
52 256 26
52 285 5
53 146 7
53 245 6
54 718 2
56 89 2
56 472 16
56 544 2
57 128 3
58 113 95
58 470 5
59 58 2
59 292 2
59 453 4
59 583 6082
60 948 36
61 644 4
61 648 2
62 612 2
64 26 18
64 194 5
64 203 36
64 272 62
64 686 3
64 756 4
64 771 6
64 780 2
65 61 2
65 96 2
65 118 49
65 241 13
65 274 31
65 421 2
65 515 80
65 571 2
65 614 5
66 140 5
66 545 2
68 153 2
68 192 18
68 226 2
68 284 2
68 322 13
69 529 4
69 572 15
69 768 3
70 431 2
70 608 6
70 642 2
70 648 3
70 672 2
71 1 4
71 264 8
71 409 4
71 700 6
72 8 2
72 37 2
72 65 2
72 280 3
73 39 2
73 999 9
74 548 25
74 600 8
74 768 122
74 1012 2
75 259 3
75 576 2
76 76 7
76 133 2
76 586 3
76 855 3
77 256 2
78 288 2
78 517 2
78 919 6
79 165 11
80 0 2
80 528 19
80 920 3
81 807 6
81 852 3
82 280 9
82 283 8
83 124 2
83 304 2
83 784 4
84 64 2
84 74 87
85 65 5
86 524 8
88 782 6
89 2 79
89 76 166
90 20 5
90 843 3
90 977 14
90 988 2
91 154 2
91 652 3
91 951 2
92 91 5
93 669 2
94 869 2
94 954 7
95 20 2
96 80 30
96 148 4
96 208 2
96 276 3038
96 304 3
96 321 9
96 776 2
96 820 3
97 18 8
97 130 2
97 144 1180
97 286 2
97 525 329
98 352 2
98 671 13
98 928 5
99 117 3
99 249 24
100 128 2
100 294 36
100 901 2
101 70 7
101 124 2
101 161 2
101 392 2
101 599 2
102 6 4
102 78 2
102 166 5
104 26 3
104 48 4
104 64 17
104 132 16
104 313 1727
104 673 2
105 3 10
105 296 5
105 779 12
106 652 20
107 129 24
108 133 7
108 514 206
109 707 2
112 0 10
114 416 6
114 872 2
116 33 17
117 106 2
118 565 241
119 446 25
120 0 16
120 76 2
122 24 76
122 185 2
123 600 6
128 10 3
128 200 53
128 208 2
128 320 91
128 362 2
128 376 3
128 453 2
129 37 13
129 39 15
129 163 2
130 78 19
130 273 23
130 368 18
130 532 2
130 540 9
130 675 21
131 581 3
132 17 2
132 94 2
132 137 9
132 372 7
132 516 22
132 916 2
132 957 2
133 23 2
133 614 2
134 208 2
134 224 2
134 377 2
134 390 2
134 516 8
134 768 2
135 258 5
136 21 6
136 39 11
136 81 10
136 482 2
136 610 7
136 657 2
136 831 6
137 148 43
137 259 2
137 678 5
138 266 2
138 415 5
138 590 4
138 902 13
139 865 2
140 72 3
140 135 2
140 776 2
141 521 2
141 954 31
143 187 6
143 286 2
143 642 6
144 248 2
144 418 9
144 433 8
144 800 2
145 1 5
145 67 28
145 94 18
145 576 3
146 146 3
146 396 16
148 1 11
148 24 3
148 130 7
148 139 6
148 146 9
148 278 2
148 515 8
148 912 2
149 20 2
150 141 3
150 160 5
151 102 3
151 132 4
151 207 2
151 250 5
153 26 2
153 592 2
156 54 3
156 133 25
156 521 16
156 814 2
158 104 2
160 34 7
160 81 42
160 144 2
160 452 3
160 644 2
160 801 3
161 40 6
161 326 2
161 898 2
162 160 2
162 306 2
162 517 4
163 227 2
163 361 2
163 601 2
164 264 2
164 280 2
164 646 2
165 141 6
165 397 2
166 686 12
167 384 2
167 456 3
167 712 6
168 8 3644
168 52 11
168 67 27
168 480 2
169 72 10
169 351 21
169 514 2
171 144 2
171 810 17
172 32 2
173 261 2
174 493 14
174 582 4
176 137 2
176 270 11
176 273 4
176 824 106
176 864 7
176 916 6
177 611 2
178 144 12
178 797 4
179 429 10
180 19 6
180 600 18
180 973 18
182 300 2
182 728 10
184 664 7
185 42 2
185 391 13
192 43 9
192 52 7
192 72 3
192 392 3
192 536 9
192 713 11
192 898 2
192 904 2
193 8 9
193 120 8
193 131 5
193 375 2
193 775 20
194 592 5
194 677 13
196 81 17
196 286 21
196 377 2
197 61 2
197 297 11
197 592 2
197 769 4
198 3 5
200 445 5
200 577 2
201 39 14
202 11 5
203 654 3
204 520 9
208 14 2
208 534 13
209 55 11
210 882 2
211 4 5
212 34 6
212 69 7
212 112 9
212 673 8
213 64 71
214 369 18
216 138 4
216 792 7
217 923 3
218 86 5
219 389 26
220 658 4
222 532 10
222 852 162
225 257 3
225 316 3
225 948 7
226 35 2
226 157 2
227 336 2
227 838 5
228 32 2
231 261 6
231 290 2
232 5 9
232 65 2
232 130 12
233 212 67
233 912 7
233 973 14
234 848 18
235 281 3
238 620 277
239 560 2
240 18 8
240 799 86
244 356 29
246 64 6
248 557 4
248 902 11
256 4 2
256 69 5
256 97 26
256 160 2
256 262 4
256 344 2
256 522 2
256 804 2
256 992 3
257 0 11
257 156 2
257 268 2
257 272 2
257 680 9
257 806 2
257 920 2
257 945 2
258 24 2
258 34 7
258 36 266
258 138 14
258 265 2
258 810 26
258 880 2
259 100 50
259 226 3
259 327 2
259 532 6
260 256 2
260 522 2
260 545 3
261 8 6
261 67 6
261 995 2
262 32 4
262 134 8
262 193 20
264 4 3
264 296 11
264 320 3
265 264 6
265 339 11
266 11 5017
266 242 28
266 272 3
267 581 2
268 12 26
268 34 2
268 177 4
268 192 19
268 512 2
268 524 4
268 577 2
269 444 5
269 640 8
270 73 2
270 532 8
272 208 2
272 378 818
272 554 2
272 640 13
272 899 19
273 581 2
273 693 2
273 809 1012
274 98 263
275 4 21
275 116 2
275 133 2
275 401 3
275 485 3
275 512 102
276 288 14
276 392 13
277 27 2
277 128 15
277 385 2
279 901 4
282 717 2607
282 787 4
285 104 6
286 624 2
286 832 8
287 802 2
288 50 30
288 224 2
288 545 2
288 776 6
289 36 3
289 60 2
289 468 4
289 648 2
289 753 4
289 788 2
290 0 18
290 328 206
291 768 12
292 7 22
292 134 2
292 162 4
293 256 12
293 960 2
294 742 10
296 57 3
296 84 3
296 131 2
296 231 16
296 516 11
297 325 6
297 389 2
297 544 28
297 742 5
298 75 56
298 800 7
299 78 2
300 29 2
300 140 2
301 274 6
301 777 10
303 292 3
304 6 16
304 42 3
304 212 3
305 11 2
305 34 14
305 163 4
305 576 36
306 918 15
308 21 18
308 583 20
308 640 2
308 692 29
308 832 8
308 848 14
309 77 7
314 109 2
314 376 4
314 518 13
315 739 18
316 452 2
318 532 2
320 29 6
320 428 3
320 641 4
320 720 4
321 4 7
321 262 2
321 337 2
321 768 9
321 834 3
321 1008 44
322 0 2
322 80 4
322 272 4
322 902 32
323 360 2
323 515 17
324 16 2
324 179 2
325 74 10
326 32 16
326 280 2
326 443 6
327 675 11
327 698 2
328 45 8
329 35 10
329 836 2
330 204 2
331 512 2
332 456 6
335 391 6
336 576 2
337 352 7
337 768 2
338 33 7
339 42 24
340 0 4
340 106 2
340 704 9
340 763 2
341 576 4
342 15 3
342 536 4
343 475 352
348 128 28
348 395 2
352 419 5
352 860 3
353 684 12
354 30 2
354 836 5
354 969 3
356 800 8
357 433 2
357 641 16
358 3 9
360 514 16
360 732 6
360 784 4
360 810 12
363 424 2
364 740 2
368 49 8
368 925 4
371 112 4
372 352 8
379 333 2
381 531 2
384 5 7
384 6 2
384 156 2
384 312 16
384 332 6
384 423 5
384 457 2
384 571 298
384 962 14
385 214 2
386 64 2
386 158 2
386 160 9
386 275 3
386 681 2
386 846 922
386 849 3
387 147 2
387 297 2
388 332 5997
389 596 11
390 566 8
391 461 70
392 336 30
392 674 6
393 461 2
394 590 2
395 4 4
396 454 2
396 536 2
396 777 2
396 915 4
397 305 29
397 518 5
398 943 2
400 10 2
400 144 2
401 58 2
401 277 8
401 932 2
402 68 9
402 769 2
403 20 11
403 98 2
405 160 22
407 591 4
408 66 8
409 105 2
409 417 2
409 888 4
410 520 2
413 640 33
415 101 4
416 531 4
416 832 3
417 577 120
418 16 2
419 7 2
419 844 2
420 538 9
420 545 3
422 736 2
423 384 14
423 651 32
424 481 4
425 161 2
425 746 16
425 776 6
426 644 5
427 580 2
430 8 2
430 68 12
430 203 38
433 197 15
433 398 11
437 2 2
442 146 17
444 769 3
448 655 3
452 488 11
452 513 8
453 368 2
454 782 2
455 640 3
456 367 84
457 906 9
458 101 2
458 743 5
460 197 2
460 462 2
460 566 6
462 641 395
463 916 13
464 928 12
467 211 6
472 256 2
473 6 2
473 600 2
480 665 10
481 288 3
481 416 2
482 64 2
482 285 9
483 555 16
488 3 247
488 269 388
488 334 2
488 565 1519
489 64 3041
496 433 4
496 978 8
501 519 2
505 332 5
506 706 24
512 65 7
512 153 6
512 173 2
512 266 2
512 438 53
512 453 2
512 685 10
512 936 3
513 42 16
513 47 2
513 65 16
513 100 13
513 112 158
513 304 17
513 315 12
513 340 7
513 548 29
513 640 2
513 644 14
514 4 4
514 36 4
514 452 7
514 522 6
514 780 2
515 93 148
515 157 2
515 273 2
516 33 9
516 69 2
516 555 22
516 582 2
516 785 8
517 0 19
517 3 4
517 34 4
517 132 5
517 177 3
517 233 23
517 534 10
517 672 43
517 676 2
518 0 2
519 944 3
519 967 5
520 328 15
520 896 2
521 81 7
521 229 10
521 450 5
521 560 372
522 652 23
523 650 5
524 159 36
524 520 12
525 134 4
525 820 14508
528 33 2
528 36 8
528 156 4
528 406 7
528 512 2
528 720 2
528 801 3
529 148 4
529 260 2
529 423 4
529 520 24
529 737 10
529 836 2
530 86 232
530 278 2
530 325 21252
530 522 2
532 11 2
532 292 2
532 550 35
533 787 16
534 6 8
534 425 19
534 786 27
534 928 142
535 10 1068
536 244 6
536 687 11
536 902 2
537 99 2
537 138 2
537 478 10
538 74 22
538 84 7
538 820 8
540 256 7
540 481 2
541 344 5
541 793 2
544 21 2
544 24 2
544 401 8
544 536 2
544 542 10
545 209 9
545 743 972
545 914 14
546 263 2
546 758 2
546 900 2
547 265 5
547 427 4
547 577 2
548 169 3
548 577 9
549 146 2
549 647 4
550 36 2
550 649 8
550 800 4
551 40 12
552 136 14
552 640 2
552 656 3
553 933 2
554 137 2
556 409 4
557 15 19
557 370 2
557 400 22
557 512 146
557 770 5
559 557 6
560 18 8
560 96 2
560 104 5
560 168 4
561 10 2
561 444 156
561 786 14
561 993 2
564 656 10
566 4 3
566 132 2
569 385 4
569 522 4
571 100 2
571 457 2
572 64 7
572 257 3
572 370 2
573 797 11
573 886 5
574 18 7
574 533 9
576 4 2
576 5 5
576 48 10
576 133 2
576 172 8
576 371 12
576 525 2
577 222 2
577 292 3
578 26 290
578 120 3
578 136 2
578 554 2
578 572 2
578 575 2
579 136 2
579 621 263
580 64 5
580 598 2
582 633 14
583 129 50
584 833 2
585 354 2
585 389 2
586 530 30
587 608 20
588 784 176
590 276 2
590 300 2
590 520 5
590 788 142
591 147 9
592 2 123
592 322 12
592 528 2
592 585 2
595 557 4
596 11 2
596 33 2
596 91 2
597 387 6
599 569 94
600 115 2
600 573 4
600 575 12
601 335 3
601 431 21
602 480 2
604 1006 14
607 393 5
608 176 2
608 185 2
608 576 3
609 768 2
611 125 676
612 170 7
614 265 3
616 81 2
625 5 6
626 104 27
627 3 7
627 769 2
627 977 7
629 446 7
631 24 3
638 161 2
640 4 2
640 16 9
640 160 2
640 181 21
640 258 4
640 421 4
640 467 2
640 584 2
640 659 2
640 732 9
640 938 2
642 562 14
642 724 4
643 73 5
644 387 9
644 756 4
644 769 18
645 4 2
646 289 78872
646 388 3
648 76 2
648 98 2
648 210 4
648 301 4
648 369 4
650 216 259
650 953 3
651 290 68
652 257 18
652 594 2
654 129 2
655 761 4
656 3 11
656 833 7901
657 79 2
657 201 11
658 10 5
658 26 2
658 226 4
658 640 2
660 36 268
660 648 7
664 205 31
664 781 3
665 3 6
665 260 2
666 66 2
667 587 2
668 749 4
672 1 2
672 64 2
672 129 3
672 514 11
672 608 39
672 717 5
674 672 5
675 470 2
676 52 13
677 121 2
678 237 8
680 39 16
680 450 2
681 6 14
681 33 6
682 156 2
684 1008 5
686 426 7
686 593 4
688 385 5
689 80 2
692 914 24
694 931 18
694 976 2
695 517 2
696 885 18
700 18 6
700 229 5
700 864 2
701 941 7
704 292 25
704 370 2
704 673 3
705 854 64
706 17 2
706 161 2
706 460 24
709 354 5
709 644 2
709 843 19
710 2 5
712 35 7
712 141 10
712 294 2
712 862 4858
713 837 3
716 98 2
716 649 2
719 512 6
720 144 2
721 104 2
721 584 7
722 100 2
722 393 2
722 464 2
723 142 2
725 44 111
725 65 6
726 322 2
727 200 3
728 227 2
728 712 2
732 834 4
736 24 49
737 25 2
737 288 12
737 610 5
740 235 8
741 260 263
742 97 4
746 386 2
746 536 187
752 494 19
752 786 2
760 40 7
760 220 2
761 435 2
768 608 6
768 666 18
769 34 2
769 350 2
769 640 22
769 773 5
770 256 15
771 128 2
771 800 5
772 0 11
772 32 2
774 8 8
774 936 29
775 48 6
775 921 15
776 155 2
776 586 202
776 697 6
777 318 13
777 554 2
778 330 2
778 707 2
780 14 195
780 193 2
780 707 2
781 222 72
781 496 12
782 226 2
784 1 12
784 514 2
784 549 30
784 569 17
784 604 13
784 634 6
784 841 2
786 142 2
786 521 3
786 576 3
786 914 2
792 540 2
793 52 20
793 628 1105
798 776 35
800 9 2
800 45 9
800 824 2
801 34 2
801 312 2
802 660 2
802 769 3
803 512 2
804 337 2
804 433 3
804 779 2
805 387 8
806 232 2
806 480 6
808 777 2
808 937 5
810 17 5
810 394 5
810 416 2
812 778 2
814 161 9
814 264 37
814 523 2
814 905 35
816 24 2
817 784 2
818 253 2
821 236 33
824 609 9
824 978 8
830 356 2
832 21 4
832 43 413
832 281 25
832 328 221
832 427 7
834 0 13
834 148 6
834 912 6
835 392 3
835 583 5
836 86 2
839 21 6
840 545 4
840 800 4
841 32 8
841 370 5
842 200 2
845 561 2
848 90 5
848 313 2
848 899 5
849 792 30
849 1018 2
850 308 2
852 2 21
852 72 23
852 824 3
854 681 974
856 866 2
862 130 26
863 516 2
864 23 9
867 998 22
871 264 3
872 165 2
873 9 3
882 42 2
882 591 4
882 778 3
884 802 7
885 601 2
894 392 6
896 868 20
897 115 12
897 1002 3
898 336 17
898 699 12
899 537 4
899 736 10
900 162 5
900 313 2
902 420 2
903 339 19
904 231 3
904 552 2
904 888 5
905 196 2
905 540 112
905 572 4
906 137 13
906 210 15
906 328 8
907 276 13
910 614 4
911 896 2
912 85 2
912 388 2
914 669 28
914 968 2
916 742 13
916 777 4
917 912 14
921 272 36
922 8 5
924 33 6
924 196 2
928 64 3
929 10 10
929 316 15
930 720 57
931 657 2
932 274 5
933 657 8
938 261 2
938 316 2
938 552 7
944 165 109
947 568 11
948 9 10
951 818 2
953 905 372
954 22 24
956 846 5
958 844 2
960 358 2
961 291 5
961 333 6
961 472 54
961 481 17
966 29 4
966 555 2
968 352 5
969 313 5
970 180 175254
971 566 3
975 205 29
976 321 2
977 549 3
985 268 3
987 962 2
988 366 2
996 36 2
996 836 5
1002 652 2
1020 385 10
