0 9 2
0 47 2
0 150 6
0 156 2
0 215 2
0 259 18
0 265 7
0 274 2
0 321 7
0 352 10
0 552 2
0 670 2
0 674 2
0 704 9
0 843 26
0 902 2
0 917 147
1 7 90
1 15 11
1 30 6
1 292 3
1 357 4
1 481 2
1 535 6
1 644 24
1 768 16
1 920 136
2 0 2
2 3 4
2 8 12
2 48 2
2 523 12
3 24 6
3 272 2
3 592 4
3 652 14001
4 0 4
4 24 14
4 60 18
4 64 2
4 248 19
4 368 10
4 576 8
4 774 137
4 803 4
4 808 2
5 584 2
6 3 2
6 148 36
6 259 2
6 267 3
6 268 11
6 1002 3
7 81 9
7 715 9
8 1 2
8 2 31
8 19 524
8 202 4
8 272 40
8 393 14
8 552 3
8 642 3
8 656 16
8 735 3
8 902 2
9 39 45
9 572 4
10 13 9
10 84 24
10 160 2
10 176 2
10 208 4
10 518 2
10 523 5
10 584 31
10 599 2
10 680 2
11 204 4
11 586 8
11 779 26
12 0 2
12 24 19
12 55 2
12 65 2
12 366 2
12 634 4
12 781 2
13 66 4
13 192 2
13 224 29
13 320 19
14 152 947
14 321 3
14 584 7
14 616 2
15 352 5
15 485 2
15 659 31
15 854 12
16 24 14
16 64 2
16 96 7
16 132 4
16 148 27
16 198 2
16 516 2
16 643 11
16 806 3
17 48 2
17 129 2
17 258 5
18 51 4
18 641 18
18 645 2
20 10 7
20 36 6
20 194 16
20 323 8
20 786 6
21 116 191
21 258 2
21 308 3
22 24 4
22 97 2
22 107 12
22 133 11
22 320 2
22 565 7
23 770 2
24 9 3
24 781 14
24 786 2
24 944 12
27 549 10
28 42 24
28 72 1331
28 192 2
28 624 6
28 647 63
29 1 3
29 5 2
29 327 15
29 532 4
30 21 5
30 52 2
30 129 2
30 588 2
32 72 6
32 204 11563
32 388 6
32 641 2
32 759 6
32 803 2
32 848 2
33 2 22
33 3 17
33 26 74
33 276 9
33 785 2
33 898 2
33 945 2
34 561 52
34 663 8
34 800 36
35 266 10
35 551 2
36 34 14
36 48 2
36 257 8
36 266 6
36 320 3
36 555 3
36 705 2
36 858 9
37 2 97
37 640 24
38 204 2
38 544 17
40 605 2
40 645 3
40 672 174
40 840 8
40 980 6
41 276 5
41 321 13
41 987 2
42 140 2
42 839 23
43 1 12
43 546 3
44 10 4
44 47 10
44 794 11
45 50 2
45 74 3
45 615 2
45 808 4
45 844 12
47 80 2
47 1022 2
48 67 16
48 176 9
48 226 2
48 646 2
48 789 2
48 932 15
50 9 30
50 528 21
51 70 18
51 377 7
51 516 9
52 46 11
52 256 3
52 285 9
53 146 15
53 245 2
54 718 3
56 89 1952
56 472 7
56 544 2
57 128 2
58 113 67
58 470 10
59 58 20
59 292 5
59 453 2
59 583 2
60 948 7
61 644 9
61 648 2
62 612 2
64 26 2
64 194 29
64 203 2
64 272 2
64 686 4
64 756 4
64 771 5
64 780 4
65 61 31
65 96 97
65 118 5
65 241 2
65 274 11
65 421 3
65 515 10
65 571 2
65 614 9
66 140 2
66 545 4
68 153 2
68 192 10
68 226 2
68 284 10
68 322 9
69 529 3
69 572 24
69 768 3
70 431 2
70 608 4
70 642 2
70 648 11
70 672 8
71 1 6
71 264 8
71 409 15
71 700 3
72 8 9
72 37 2
72 65 5
72 280 4
73 39 24
73 999 3
74 548 2
74 600 3
74 768 2
74 1012 5
75 259 5
75 576 34
76 76 4
76 133 137
76 586 2
76 855 2
77 256 2
78 288 5
78 517 2
78 919 3
79 165 9
80 0 2
80 528 5
80 920 3054
81 807 9
81 852 4
82 280 2
82 283 3
83 124 2
83 304 10
83 784 5
84 64 5
84 74 2
85 65 60
86 524 2
88 782 3
89 2 2
89 76 2
90 20 2
90 843 2
90 977 9
90 988 8
91 154 2
91 652 14
91 951 12
92 91 4
93 669 2
94 869 2
94 954 2
95 20 2
96 80 7
96 148 5
96 208 5
96 276 2
96 304 2
96 321 4
96 776 4
96 820 2
97 18 13
97 130 13
97 144 2
97 286 3
97 525 2
98 352 6
98 671 2
98 928 2
99 117 2
99 249 14
100 128 2
100 294 12
100 901 2
101 70 6
101 124 363
101 161 7
101 392 133
101 599 24
102 6 10
102 78 39
102 166 18
104 26 5428
104 48 6
104 64 35
104 132 5
104 313 2
104 673 25
105 3 2
105 296 12
105 779 7
106 652 899
107 129 22
108 133 3
108 514 2
109 707 2
112 0 2
114 416 10
114 872 6
116 33 9
117 106 2
118 565 3
119 446 61
120 0 25
120 76 15
122 24 2
122 185 10
123 600 8
128 10 2
128 200 3
128 208 44
128 320 137
128 362 2
128 376 3
128 453 11
129 37 2
129 39 3
129 163 2
130 78 32
130 273 3
130 368 2
130 532 3
130 540 8
130 675 2
131 581 11
132 17 2
132 94 3
132 137 4
132 372 4
132 516 6
132 916 2
132 957 4
133 23 2
133 614 2
134 208 2
134 224 7
134 377 2
134 390 3
134 516 4
134 768 2
135 258 3
136 21 2
136 39 9
136 81 7
136 482 2
136 610 36
136 657 20
136 831 6
137 148 5
137 259 2
137 678 6
138 266 6
138 415 3
138 590 23
138 902 5
139 865 2
140 72 2
140 135 4
140 776 2
141 521 14
141 954 4
143 187 22
143 286 2
143 642 22
144 248 2
144 418 10
144 433 2
144 800 6
145 1 2
145 67 2
145 94 8
145 576 12
146 146 3164
146 396 2
148 1 6
148 24 6
148 130 17
148 139 2
148 146 13
148 278 2
148 515 2
148 912 2
149 20 3
150 141 2
150 160 2
151 102 4
151 132 3
151 207 4
151 250 2
153 26 10
153 592 2
156 54 2
156 133 2
156 521 201
156 814 2
158 104 10
160 34 2
160 81 3
160 144 6
160 452 10
160 644 11
160 801 2
161 40 10
161 326 11
161 898 48
162 160 360
162 306 2
162 517 3
163 227 2
163 361 2
163 601 2
164 264 2
164 280 7
164 646 114
165 141 16
165 397 2
166 686 2
167 384 4
167 456 3
167 712 3
168 8 22
168 52 24
168 67 3
168 480 7
169 72 22
169 351 11
169 514 5
171 144 30
171 810 27
172 32 2
173 261 5
174 493 17
174 582 4
176 137 5
176 270 4
176 273 5
176 824 2
176 864 10
176 916 9
177 611 5
178 144 9
178 797 7
179 429 6
180 19 4
180 600 4
180 973 6
182 300 3
182 728 8
184 664 2
185 42 3
185 391 11
192 43 3
192 52 3
192 72 507
192 392 2
192 536 53
192 713 2
192 898 2
192 904 31
193 8 2
193 120 5
193 131 8
193 375 3
193 775 5
194 592 3
194 677 3
196 81 2
196 286 21
196 377 2
197 61 12969
197 297 5
197 592 11
197 769 2
198 3 15
200 445 11
200 577 2
201 39 26
202 11 7
203 654 5
204 520 19
208 14 14
208 534 17
209 55 3
210 882 31
211 4 7
212 34 2
212 69 4
212 112 2
212 673 3
213 64 2
214 369 2
216 138 66
216 792 2
217 923 7
218 86 9
219 389 3
220 658 8
222 532 2
222 852 2
225 257 17
225 316 2
225 948 4
226 35 2
226 157 2
227 336 52
227 838 5
228 32 6
231 261 6
231 290 2
232 5 4
232 65 2
232 130 3
233 212 2
233 912 4
233 973 2
234 848 10
235 281 23
238 620 20
239 560 2
240 18 3
240 799 2
244 356 5
246 64 2
248 557 753
248 902 3
256 4 2
256 69 3
256 97 5
256 160 2
256 262 15
256 344 2
256 522 2
256 804 4
256 992 3
257 0 2
257 156 3
257 268 2
257 272 2
257 680 18
257 806 2
257 920 9
257 945 7
258 24 2
258 34 4
258 36 15
258 138 7
258 265 3
258 810 5
258 880 7
259 100 2
259 226 4
259 327 3
259 532 2
260 256 3
260 522 97
260 545 9
261 8 12
261 67 25
261 995 3
262 32 3
262 134 28
262 193 2
264 4 3
264 296 7
264 320 68
265 264 2
265 339 16
266 11 8
266 242 11
266 272 20
267 581 2
268 12 52
268 34 4
268 177 6
268 192 3
268 512 2
268 524 4
268 577 21
269 444 7
269 640 6
270 73 8
270 532 8
272 208 2
272 378 2
272 554 2
272 640 5
272 899 2
273 581 2
273 693 2
273 809 2
274 98 59606
275 4 3
275 116 18
275 133 4
275 401 18
275 485 3
275 512 14
276 288 4
276 392 2
277 27 2
277 128 6
277 385 43
279 901 3
282 717 5
282 787 23
285 104 3
286 624 29
286 832 10
287 802 2
288 50 3
288 224 4
288 545 12
288 776 3
289 36 14
289 60 2
289 468 4
289 648 2
289 753 3
289 788 9
290 0 3
290 328 2
291 768 3
292 7 8
292 134 4
292 162 2
293 256 13
293 960 2
294 742 8
296 57 2
296 84 2
296 131 2
296 231 9
296 516 21
297 325 2
297 389 18
297 544 72
297 742 2
298 75 134
298 800 3
299 78 7
300 29 2
300 140 4
301 274 4
301 777 2
303 292 8
304 6 5
304 42 4
304 212 8
305 11 2
305 34 6
305 163 3
305 576 26
306 918 2
308 21 2
308 583 2
308 640 2
308 692 4
308 832 25
308 848 5
309 77 15
314 109 3
314 376 5
314 518 2
315 739 19
316 452 2
318 532 2
320 29 3
320 428 320
320 641 8
320 720 3
321 4 24
321 262 4
321 337 2
321 768 2
321 834 10
321 1008 77
322 0 23
322 80 2
322 272 6
322 902 3
323 360 32
323 515 23
324 16 4
324 179 18
325 74 2
326 32 4
326 280 3
326 443 2
327 675 7
327 698 20
328 45 9
329 35 2
329 836 3
330 204 10
331 512 2
332 456 5
335 391 13
336 576 5
337 352 9
337 768 3
338 33 7
339 42 12
340 0 5
340 106 87
340 704 7
340 763 85
341 576 2
342 15 21
342 536 2
343 475 11
348 128 2
348 395 2
352 419 8
352 860 4
353 684 5
354 30 2
354 836 607
354 969 2
356 800 4
357 433 2
357 641 4
358 3 3
360 514 7
360 732 6
360 784 2
360 810 23
363 424 20
364 740 8
368 49 4
368 925 6
371 112 3
372 352 4
379 333 56
381 531 2
384 5 2
384 6 14
384 156 2
384 312 21
384 332 95
384 423 2
384 457 10
384 571 2
384 962 2
385 214 465
386 64 2
386 158 2
386 160 15
386 275 4
386 681 913
386 846 2
386 849 2
387 147 13
387 297 2
388 332 2
389 596 2
390 566 2
391 461 17
392 336 2
392 674 2
393 461 3
394 590 8
395 4 4
396 454 7
396 536 6
396 777 2
396 915 7
397 305 21
397 518 5
398 943 17
400 10 2
400 144 3
401 58 11
401 277 2
401 932 23
402 68 2
402 769 37
403 20 11
403 98 4
405 160 10
407 591 2
408 66 2
409 105 3
409 417 6
409 888 2
410 520 38
413 640 7
415 101 26
416 531 2
416 832 2
417 577 2
418 16 4
419 7 36
419 844 2
420 538 15
420 545 23
422 736 2
423 384 7
423 651 3
424 481 2
425 161 17
425 746 10
425 776 2
426 644 8
427 580 2
430 8 2
430 68 10
430 203 130
433 197 4
433 398 6
437 2 2
442 146 7
444 769 2
448 655 3
452 488 3
452 513 166
453 368 13
454 782 4
455 640 8
456 367 581
457 906 5
458 101 2
458 743 18
460 197 10
460 462 7
460 566 2
462 641 869
463 916 7
464 928 4
467 211 2
472 256 2
473 6 2
473 600 48
480 665 2
481 288 12
481 416 2
482 64 2
482 285 11
483 555 6
488 3 2
488 269 2
488 334 2
488 565 2
489 64 2
496 433 9
496 978 4
501 519 7
505 332 4
506 706 2
512 65 2
512 153 2
512 173 6
512 266 2
512 438 2
512 453 2
512 685 29
512 936 2
513 42 6
513 47 2
513 65 68
513 100 6
513 112 58
513 304 3
513 315 18
513 340 10
513 548 8
513 640 58
513 644 2
514 4 4
514 36 2
514 452 4
514 522 2214
514 780 3
515 93 2
515 157 2
515 273 13
516 33 11
516 69 7
516 555 7
516 582 6
516 785 2
517 0 2
517 3 44
517 34 2
517 132 23
517 177 3
517 233 17
517 534 9
517 672 4
517 676 14
518 0 8
519 944 9
519 967 4
520 328 4
520 896 4
521 81 2
521 229 3
521 450 13
521 560 339
522 652 189
523 650 9
524 159 55
524 520 4
525 134 5
525 820 2
528 33 5
528 36 4
528 156 12
528 406 4
528 512 142
528 720 9
528 801 2
529 148 8
529 260 3
529 423 8
529 520 25
529 737 5
529 836 383
530 86 2
530 278 5
530 325 19593
530 522 2
532 11 2
532 292 74
532 550 4
533 787 2
534 6 4
534 425 8
534 786 4
534 928 33
535 10 2
536 244 49
536 687 20
536 902 9
537 99 15
537 138 2
537 478 19
538 74 2
538 84 2
538 820 10
540 256 3
540 481 3
541 344 15
541 793 3
544 21 4
544 24 26
544 401 5
544 536 3
544 542 15
545 209 13
545 743 2
545 914 29
546 263 2
546 758 9
546 900 39
547 265 4
547 427 7
547 577 2
548 169 2
548 577 2
549 146 2
549 647 2
550 36 2
550 649 4
550 800 14
551 40 3
552 136 20
552 640 11
552 656 75
553 933 2
554 137 4
556 409 3
557 15 3
557 370 2
557 400 2
557 512 2
557 770 12
559 557 5
560 18 20
560 96 2
560 104 5
560 168 2
561 10 114
561 444 3
561 786 7
561 993 7
564 656 4
566 4 7
566 132 3
569 385 2
569 522 7
571 100 34
571 457 8
572 64 2
572 257 2
572 370 14
573 797 2
573 886 4
574 18 2
574 533 4
576 4 4
576 5 8
576 48 6
576 133 2
576 172 11
576 371 19
576 525 2
577 222 9
577 292 2
578 26 2
578 120 6
578 136 7
578 554 2
578 572 7
578 575 2
579 136 2
579 621 1455
580 64 14
580 598 2
582 633 3
583 129 2
584 833 8
585 354 2
585 389 2
586 530 2
587 608 6
588 784 2
590 276 2
590 300 2
590 520 2
590 788 23
591 147 5
592 2 143
592 322 11
592 528 2
592 585 2
595 557 2
596 11 4
596 33 1424
596 91 2
597 387 7
599 569 2
600 115 2
600 573 43
600 575 4
601 335 61
601 431 2
602 480 2
604 1006 4
607 393 22
608 176 2
608 185 2913
608 576 7
609 768 2
611 125 2
612 170 3
614 265 2
616 81 2
625 5 10
626 104 2
627 3 5
627 769 3
627 977 3
629 446 2
631 24 2
638 161 6
640 4 4
640 16 7
640 160 2
640 181 4
640 258 13
640 421 2
640 467 11
640 584 2
640 659 5
640 732 13
640 938 2
642 562 6
642 724 9
643 73 11
644 387 7
644 756 14
644 769 2
645 4 3
646 289 6
646 388 2
648 76 26
648 98 15
648 210 4
648 301 2
648 369 92
650 216 3
650 953 11
651 290 2
652 257 3
652 594 2
654 129 12
655 761 4
656 3 3
656 833 1824
657 79 2
657 201 12
658 10 2
658 26 28
658 226 6
658 640 2
660 36 4
660 648 6
664 205 2
664 781 2
665 3 2
665 260 3
666 66 10
667 587 5
668 749 9
672 1 10
672 64 2
672 129 343
672 514 2
672 608 2
672 717 3
674 672 3
675 470 187
676 52 11
677 121 13
678 237 258
680 39 4
680 450 2
681 6 21
681 33 13
682 156 2
684 1008 10
686 426 11
686 593 5
688 385 12
689 80 3
692 914 29
694 931 7
694 976 2
695 517 2
696 885 2
700 18 2
700 229 2
700 864 2
701 941 3
704 292 36
704 370 4
704 673 2
705 854 489
706 17 6
706 161 23
706 460 2
709 354 5
709 644 10
709 843 9
710 2 57
712 35 78
712 141 5
712 294 5
712 862 4155
713 837 8
716 98 2
716 649 7
719 512 5
720 144 6
721 104 2
721 584 2
722 100 4
722 393 2
722 464 8
723 142 2
725 44 2
725 65 2
726 322 2
727 200 2
728 227 31
728 712 22
732 834 6
736 24 68
737 25 6
737 288 8
737 610 3
740 235 6
741 260 9
742 97 9
746 386 2
746 536 8
752 494 5
752 786 2
760 40 7
760 220 2
761 435 2
768 608 2
768 666 2
769 34 241
769 350 2
769 640 10
769 773 2
770 256 4
771 128 4
771 800 8
772 0 3
772 32 249
774 8 4
774 936 5
775 48 6
775 921 7
776 155 3
776 586 3
776 697 2
777 318 86
777 554 7
778 330 238
778 707 4
780 14 4367
780 193 2
780 707 3
781 222 7
781 496 7
782 226 2
784 1 14
784 514 2
784 549 22
784 569 3
784 604 21456
784 634 137
784 841 2
786 142 2
786 521 5
786 576 2
786 914 5
792 540 2
793 52 3
793 628 2
798 776 9
800 9 8
800 45 5
800 824 3
801 34 2
801 312 2
802 660 2
802 769 150
803 512 2
804 337 17
804 433 9
804 779 11
805 387 4
806 232 2
806 480 2
808 777 38
808 937 3
810 17 5
810 394 15
810 416 2
812 778 2
814 161 2
814 264 23
814 523 2
814 905 6
816 24 96
817 784 2
818 253 20
821 236 6
824 609 8
824 978 19
830 356 4
832 21 2
832 43 2
832 281 2
832 328 2
832 427 7
834 0 21
834 148 7
834 912 11
835 392 18
835 583 2
836 86 4
839 21 7
840 545 20
840 800 2
841 32 4
841 370 13
842 200 58
845 561 2
848 90 7
848 313 4
848 899 8
849 792 7
849 1018 3
850 308 3
852 2 2
852 72 3
852 824 2
854 681 2
856 866 2
862 130 5
863 516 3
864 23 1681
867 998 11
871 264 2
872 165 4
873 9 4
882 42 8
882 591 3
882 778 4
884 802 29
885 601 3
894 392 6
896 868 25
897 115 2
897 1002 3
898 336 5
898 699 57
899 537 4
899 736 7
900 162 2
900 313 18
902 420 2
903 339 2
904 231 3
904 552 3
904 888 3
905 196 3
905 540 2
905 572 16
906 137 2
906 210 2
906 328 3
907 276 4
910 614 10
911 896 7
912 85 13
912 388 3
914 669 3
914 968 29
916 742 7
916 777 5
917 912 22
921 272 2
922 8 2
924 33 2
924 196 10
928 64 3
929 10 7
929 316 3
930 720 163
931 657 3
932 274 2
933 657 2
938 261 7
938 316 2
938 552 33
944 165 153
947 568 2
948 9 14
951 818 11
953 905 21
954 22 3
956 846 2
958 844 13
960 358 8
961 291 13
961 333 13
961 472 16
961 481 3
966 29 23
966 555 3
968 352 2
969 313 5
970 180 30
971 566 2
975 205 2
976 321 4
977 549 9
985 268 24
987 962 2
988 366 2
996 36 9
996 836 6
1002 652 2
1020 385 5
