0 9 8
0 47 102
0 150 65
0 156 2
0 215 12
0 259 4
0 265 2
0 274 2
0 321 14
0 352 3
0 552 3
0 670 3
0 674 2
0 704 11
0 843 2
0 902 6
0 917 924
1 7 8
1 15 20
1 30 2
1 292 21
1 357 2
1 481 10
1 535 4
1 644 14
1 768 11
1 920 4
2 0 2
2 3 2
2 8 9
2 48 16
2 523 10
3 24 2
3 272 2
3 592 4
3 652 9
4 0 4
4 24 2
4 60 6
4 64 43
4 248 18
4 368 8
4 576 25
4 774 2
4 803 3
4 808 2
5 584 3
6 3 40
6 148 12
6 259 13
6 267 5
6 268 22
6 1002 4
7 81 7
7 715 2
8 1 2
8 2 141
8 19 2
8 202 3
8 272 2
8 393 6
8 552 9
8 642 2
8 656 2
8 735 5
8 902 3
9 39 3
9 572 2
10 13 6
10 84 2
10 160 301
10 176 3
10 208 6
10 518 2
10 523 2
10 584 2
10 599 6
10 680 18
11 204 9
11 586 12
11 779 16
12 0 2
12 24 5
12 55 3
12 65 2
12 366 2
12 634 2
12 781 2
13 66 9
13 192 2
13 224 3
13 320 5
14 152 2
14 321 2
14 584 5
14 616 4
15 352 19
15 485 2
15 659 5
15 854 21
16 24 2
16 64 2
16 96 2
16 132 5
16 148 2
16 198 10559
16 516 2
16 643 23
16 806 4
17 48 345
17 129 5
17 258 2
18 51 9
18 641 3
18 645 4
20 10 6
20 36 5
20 194 10
20 323 5
20 786 65
21 116 130
21 258 3
21 308 6
22 24 24
22 97 48
22 107 13
22 133 2
22 320 2
22 565 3
23 770 3
24 9 5
24 781 13
24 786 92
24 944 2
27 549 31
28 42 13
28 72 2
28 192 2
28 624 2
28 647 3
29 1 2
29 5 8
29 327 8
29 532 11
30 21 2
30 52 2
30 129 2
30 588 2
32 72 5
32 204 2
32 388 3
32 641 38767
32 759 3
32 803 3
32 848 2
33 2 2
33 3 4
33 26 48
33 276 28
33 785 18
33 898 3
33 945 2
34 561 3
34 663 5
34 800 2
35 266 6
35 551 2
36 34 5
36 48 68
36 257 11
36 266 4
36 320 2
36 555 2
36 705 2
36 858 2
37 2 502
37 640 2
38 204 7
38 544 2
40 605 2
40 645 13
40 672 59
40 840 34
40 980 13
41 276 2
41 321 12
41 987 4
42 140 2
42 839 28
43 1 12
43 546 8
44 10 50
44 47 4
44 794 21
45 50 426
45 74 2
45 615 4
45 808 3
45 844 4
47 80 2
47 1022 11
48 67 14
48 176 7
48 226 26
48 646 2
48 789 144
48 932 4
50 9 34
50 528 2
51 70 3
51 377 15
51 516 2
52 46 9
52 256 15
52 285 9
53 146 2
53 245 14
54 718 2
56 89 121
56 472 2
56 544 38
57 128 3
58 113 2
58 470 11
59 58 1330
59 292 2
59 453 348
59 583 107
60 948 4
61 644 2
61 648 2
62 612 2
64 26 2
64 194 5
64 203 2
64 272 2
64 686 5
64 756 2
64 771 2
64 780 2
65 61 10
65 96 35
65 118 13
65 241 3
65 274 23
65 421 3
65 515 21
65 571 2
65 614 6
66 140 3
66 545 2
68 153 3
68 192 2
68 226 2
68 284 5
68 322 9
69 529 2
69 572 2
69 768 18
70 431 17
70 608 88
70 642 2
70 648 10
70 672 2
71 1 2
71 264 5
71 409 3
71 700 2
72 8 2
72 37 2
72 65 2
72 280 8
73 39 2
73 999 2
74 548 2
74 600 6
74 768 2
74 1012 2
75 259 2
75 576 3
76 76 8
76 133 16
76 586 2
76 855 43
77 256 2
78 288 2
78 517 2
78 919 4
79 165 22
80 0 13
80 528 5
80 920 34
81 807 10
81 852 3
82 280 6
82 283 5
83 124 4
83 304 2
83 784 4
84 64 2
84 74 3
85 65 2
86 524 6
88 782 3
89 2 2
89 76 2
90 20 25
90 843 2
90 977 5
90 988 7
91 154 2
91 652 25
91 951 8
92 91 7
93 669 2
94 869 54
94 954 7
95 20 22
96 80 11
96 148 6
96 208 2
96 276 3
96 304 2
96 321 8
96 776 5
96 820 3
97 18 17
97 130 28
97 144 18
97 286 875
97 525 8
98 352 2
98 671 4
98 928 14
99 117 2
99 249 22
100 128 2
100 294 4
100 901 2
101 70 4
101 124 2
101 161 8
101 392 2
101 599 10
102 6 21
102 78 292
102 166 25
104 26 1451
104 48 20
104 64 2
104 132 4
104 313 8
104 673 7
105 3 2
105 296 5
105 779 31
106 652 22
107 129 4
108 133 39
108 514 419
109 707 2
112 0 2
114 416 9
114 872 3
116 33 9
117 106 2
118 565 2
119 446 8
120 0 8
120 76 2
122 24 12
122 185 2
123 600 10
128 10 3
128 200 3
128 208 4
128 320 2
128 362 2
128 376 2
128 453 145
129 37 2
129 39 4
129 163 24
130 78 2
130 273 14
130 368 20
130 532 2
130 540 14
130 675 2
131 581 4
132 17 5
132 94 2
132 137 3
132 372 3
132 516 3
132 916 7
132 957 13
133 23 2
133 614 56
134 208 2
134 224 2
134 377 2
134 390 3
134 516 4
134 768 10
135 258 6
136 21 9
136 39 6
136 81 11
136 482 2
136 610 16
136 657 4
136 831 2
137 148 21
137 259 4
137 678 5
138 266 4
138 415 2
138 590 3
138 902 17
139 865 2
140 72 2
140 135 17
140 776 2
141 521 10
141 954 28
143 187 14
143 286 2
143 642 5
144 248 4
144 418 4
144 433 33
144 800 2
145 1 2
145 67 2
145 94 14
145 576 12
146 146 2
146 396 2
148 1 3
148 24 2
148 130 2
148 139 5
148 146 17
148 278 3
148 515 7
148 912 2
149 20 2
150 141 2
150 160 4
151 102 2
151 132 3
151 207 19
151 250 4
153 26 8
153 592 2
156 54 68
156 133 4
156 521 10
156 814 2
158 104 2
160 34 4
160 81 6
160 144 3
160 452 23
160 644 4
160 801 4
161 40 7
161 326 2
161 898 5
162 160 13
162 306 169
162 517 22
163 227 2
163 361 2
163 601 2
164 264 2
164 280 60
164 646 2
165 141 19
165 397 2
166 686 2
167 384 3
167 456 4
167 712 4
168 8 154
168 52 20
168 67 11
168 480 43
169 72 8
169 351 5
169 514 2
171 144 3
171 810 4
172 32 22
173 261 2
174 493 2
174 582 25
176 137 3
176 270 17
176 273 5
176 824 2
176 864 17
176 916 10
177 611 3
178 144 11
178 797 58
179 429 29
180 19 4
180 600 4
180 973 11
182 300 2
182 728 26
184 664 2
185 42 3
185 391 7
192 43 3
192 52 6
192 72 388
192 392 2
192 536 2
192 713 3
192 898 902
192 904 3
193 8 2
193 120 2
193 131 6
193 375 2
193 775 3
194 592 7
194 677 2
196 81 68
196 286 8
196 377 2
197 61 12
197 297 4
197 592 10
197 769 4
198 3 2
200 445 141
200 577 3
201 39 6
202 11 25
203 654 5
204 520 4
208 14 2
208 534 5
209 55 28
210 882 2
211 4 13
212 34 2
212 69 6
212 112 4
212 673 5
213 64 2
214 369 3
216 138 57
216 792 2
217 923 4
218 86 21
219 389 8
220 658 4
222 532 2
222 852 4156
225 257 6
225 316 14
225 948 3
226 35 8
226 157 2
227 336 38
227 838 24
228 32 9
231 261 12
231 290 3
232 5 3
232 65 35
232 130 9
233 212 2
233 912 2
233 973 2
234 848 13
235 281 3
238 620 2
239 560 58
240 18 6
240 799 2
244 356 2
246 64 3
248 557 6
248 902 79
256 4 307
256 69 36
256 97 2
256 160 2
256 262 2
256 344 8
256 522 2
256 804 15
256 992 4
257 0 15
257 156 2
257 268 2
257 272 2
257 680 7
257 806 2
257 920 4
257 945 5
258 24 15
258 34 4
258 36 11
258 138 4
258 265 2
258 810 7
258 880 56
259 100 5
259 226 9
259 327 40
259 532 2
260 256 2
260 522 6
260 545 2
261 8 6
261 67 13
261 995 4
262 32 4
262 134 3
262 193 2
264 4 38
264 296 7
264 320 2
265 264 3
265 339 3
266 11 7
266 242 20
266 272 14
267 581 2
268 12 86
268 34 3
268 177 2
268 192 2
268 512 3
268 524 5
268 577 41
269 444 3
269 640 6
270 73 2
270 532 4
272 208 2
272 378 2
272 554 132
272 640 12
272 899 3
273 581 3
273 693 2
273 809 2
274 98 2
275 4 8
275 116 2
275 133 5
275 401 5
275 485 2
275 512 2
276 288 3
276 392 9
277 27 124
277 128 4
277 385 2
279 901 15
282 717 2
282 787 18
285 104 7
286 624 2
286 832 3
287 802 2
288 50 5
288 224 5
288 545 255
288 776 3
289 36 7
289 60 2
289 468 2
289 648 3
289 753 4
289 788 60
290 0 9
290 328 2
291 768 22
292 7 2
292 134 3
292 162 4
293 256 5
293 960 151
294 742 2
296 57 5
296 84 3
296 131 57
296 231 7
296 516 9
297 325 14
297 389 3
297 544 2
297 742 2
298 75 2
298 800 12
299 78 2
300 29 2
300 140 17
301 274 4
301 777 2
303 292 7
304 6 6
304 42 5
304 212 4
305 11 4
305 34 3
305 163 5
305 576 19
306 918 16
308 21 4
308 583 7
308 640 2
308 692 21
308 832 20
308 848 32
309 77 10
314 109 3
314 376 8
314 518 3
315 739 3
316 452 7
318 532 2
320 29 14
320 428 25
320 641 18
320 720 3
321 4 10
321 262 2
321 337 2
321 768 6
321 834 113
321 1008 2
322 0 2
322 80 11
322 272 3
322 902 3
323 360 23
323 515 34
324 16 4
324 179 2
325 74 5
326 32 20
326 280 2
326 443 6
327 675 2
327 698 9
328 45 13
329 35 6
329 836 8
330 204 8
331 512 2
332 456 2
335 391 12
336 576 2
337 352 8
337 768 3
338 33 8
339 42 11
340 0 2
340 106 4
340 704 6
340 763 3
341 576 2
342 15 2
342 536 3
343 475 117
348 128 2
348 395 2
352 419 6
352 860 9
353 684 6
354 30 2429
354 836 12
354 969 10
356 800 8
357 433 4
357 641 16
358 3 9
360 514 2
360 732 17
360 784 825
360 810 2
363 424 533
364 740 6
368 49 2
368 925 5
371 112 6
372 352 11
379 333 11
381 531 2
384 5 20
384 6 4
384 156 2
384 312 4
384 332 2
384 423 2
384 457 5
384 571 2
384 962 2
385 214 2
386 64 9
386 158 2
386 160 3
386 275 8
386 681 74
386 846 2
386 849 7
387 147 6
387 297 2
388 332 2
389 596 14
390 566 2
391 461 139
392 336 134
392 674 1250
393 461 2
394 590 7
395 4 3
396 454 7
396 536 4
396 777 3
396 915 5
397 305 2
397 518 2
398 943 10
400 10 2
400 144 21
401 58 2
401 277 2
401 932 2
402 68 16
402 769 2
403 20 2
403 98 8
405 160 15
407 591 2
408 66 4
409 105 4
409 417 2
409 888 2
410 520 4
413 640 2
415 101 8
416 531 2
416 832 3
417 577 2
418 16 2
419 7 2
419 844 12
420 538 7
420 545 22
422 736 2
423 384 8
423 651 5
424 481 6
425 161 2
425 746 10
425 776 2
426 644 4
427 580 2
430 8 36
430 68 6
430 203 92
433 197 8
433 398 4
437 2 9
442 146 13
444 769 2
448 655 7
452 488 10
452 513 2
453 368 2
454 782 3
455 640 16
456 367 2
457 906 5
458 101 3
458 743 2
460 197 2
460 462 2
460 566 30
462 641 2
463 916 3
464 928 6
467 211 3
472 256 7
473 6 7
473 600 2
480 665 2
481 288 4
481 416 996
482 64 2
482 285 2
483 555 5
488 3 2
488 269 2
488 334 2
488 565 752
489 64 2
496 433 2
496 978 4
501 519 6
505 332 2
506 706 2
512 65 2
512 153 3
512 173 8
512 266 4
512 438 2
512 453 5
512 685 17
512 936 2
513 42 3
513 47 5
513 65 10
513 100 18
513 112 2
513 304 3
513 315 14
513 340 17
513 548 10
513 640 2
513 644 8
514 4 8
514 36 2
514 452 9
514 522 2
514 780 8
515 93 2
515 157 10
515 273 2
516 33 23
516 69 2
516 555 12
516 582 5
516 785 18
517 0 2
517 3 12
517 34 3
517 132 44
517 177 6
517 233 4
517 534 18
517 672 5
517 676 8
518 0 4
519 944 7
519 967 3
520 328 2
520 896 2
521 81 343
521 229 19
521 450 5
521 560 2
522 652 494
523 650 7
524 159 172
524 520 2
525 134 3
525 820 42955
528 33 101
528 36 2
528 156 2
528 406 2
528 512 3
528 720 2
528 801 2
529 148 9
529 260 2
529 423 14
529 520 7
529 737 13
529 836 2
530 86 2
530 278 2
530 325 3
530 522 2
532 11 6
532 292 2
532 550 17
533 787 2
534 6 7
534 425 35
534 786 2
534 928 4
535 10 2
536 244 2
536 687 2
536 902 2
537 99 13
537 138 2
537 478 10
538 74 7
538 84 2
538 820 5
540 256 15
540 481 3
541 344 7
541 793 2
544 21 5
544 24 68
544 401 5
544 536 11
544 542 10
545 209 12
545 743 350
545 914 2
546 263 2
546 758 2
546 900 2
547 265 7
547 427 9
547 577 2
548 169 3
548 577 15
549 146 2
549 647 6
550 36 2
550 649 19
550 800 7
551 40 8
552 136 2
552 640 45
552 656 2
553 933 3
554 137 3
556 409 3
557 15 5
557 370 14
557 400 95
557 512 2
557 770 45
559 557 5
560 18 2
560 96 77
560 104 2
560 168 13
561 10 2
561 444 2
561 786 2
561 993 7
564 656 2
566 4 5
566 132 20
569 385 2
569 522 2
571 100 15
571 457 2
572 64 3
572 257 2
572 370 13
573 797 16
573 886 28
574 18 4
574 533 8
576 4 34
576 5 11
576 48 2
576 133 2
576 172 5
576 371 4
576 525 6
577 222 2
577 292 2
578 26 5
578 120 2
578 136 2
578 554 2
578 572 2
578 575 2
579 136 9
579 621 2
580 64 7
580 598 4
582 633 4
583 129 2
584 833 2
585 354 2
585 389 8
586 530 2
587 608 7
588 784 2
590 276 23
590 300 2
590 520 3
590 788 20
591 147 3
592 2 8
592 322 2
592 528 2
592 585 3
595 557 37
596 11 2
596 33 45
596 91 3
597 387 14
599 569 2
600 115 164
600 573 11
600 575 3
601 335 2
601 431 2
602 480 2
604 1006 278
607 393 2
608 176 31
608 185 2
608 576 27
609 768 11
611 125 2
612 170 6
614 265 2
616 81 2
625 5 12
626 104 2
627 3 5
627 769 3
627 977 4
629 446 5
631 24 5
638 161 4
640 4 7
640 16 5
640 160 4
640 181 9
640 258 2
640 421 3
640 467 2
640 584 3
640 659 2
640 732 4
640 938 9
642 562 8
642 724 6
643 73 7
644 387 3
644 756 13
644 769 2
645 4 8
646 289 2
646 388 6
648 76 14
648 98 4
648 210 6
648 301 2
648 369 2
650 216 78
650 953 13
651 290 36
652 257 5
652 594 5
654 129 3
655 761 4
656 3 9
656 833 195
657 79 2
657 201 2
658 10 6
658 26 9
658 226 13
658 640 2
660 36 5
660 648 13
664 205 3
664 781 4
665 3 7
665 260 10
666 66 2
667 587 6
668 749 7
672 1 2
672 64 2
672 129 2
672 514 8
672 608 37
672 717 9
674 672 2
675 470 2
676 52 2
677 121 4
678 237 54
680 39 32
680 450 23
681 6 3
681 33 3
682 156 49
684 1008 2
686 426 12
686 593 3
688 385 3
689 80 2
692 914 11
694 931 4
694 976 2
695 517 2
696 885 18
700 18 6
700 229 3
700 864 9
701 941 13
704 292 2
704 370 2
704 673 14
705 854 7
706 17 2
706 161 2
706 460 5
709 354 4
709 644 2
709 843 9
710 2 18
712 35 14
712 141 2
712 294 2
712 862 2
713 837 2
716 98 43
716 649 7
719 512 7
720 144 2
721 104 2
721 584 3
722 100 2
722 393 4
722 464 2
723 142 2
725 44 2
725 65 2
726 322 3
727 200 2
728 227 136
728 712 2
732 834 4
736 24 4
737 25 11
737 288 3
737 610 6
740 235 5
741 260 2
742 97 14
746 386 2
746 536 2
752 494 6
752 786 2
760 40 5
760 220 3
761 435 2
768 608 4
768 666 20
769 34 7951
769 350 2
769 640 17
769 773 3
770 256 6
771 128 2
771 800 2
772 0 4
772 32 2
774 8 7
774 936 22
775 48 10
775 921 17
776 155 2
776 586 94
776 697 16
777 318 5
777 554 16
778 330 2
778 707 6
780 14 24
780 193 2
780 707 2
781 222 321
781 496 6
782 226 5
784 1 5
784 514 2
784 549 2
784 569 3
784 604 2
784 634 2
784 841 7
786 142 2
786 521 2
786 576 8
786 914 2
792 540 2
793 52 7
793 628 591
798 776 16
800 9 11
800 45 12
800 824 393
801 34 2
801 312 2
802 660 12
802 769 2
803 512 2
804 337 8
804 433 3
804 779 2
805 387 3
806 232 2
806 480 2
808 777 2
808 937 2
810 17 3
810 394 2
810 416 5
812 778 2
814 161 10
814 264 7
814 523 91
814 905 19
816 24 2
817 784 3
818 253 2
821 236 5
824 609 11
824 978 3
830 356 5
832 21 3
832 43 2
832 281 8
832 328 2
832 427 3
834 0 3
834 148 4
834 912 3
835 392 13
835 583 2
836 86 2
839 21 2
840 545 5
840 800 21
841 32 4
841 370 16
842 200 8
845 561 2
848 90 2
848 313 2
848 899 4
849 792 5
849 1018 2
850 308 2
852 2 5
852 72 7
852 824 2
854 681 6
856 866 5
862 130 6
863 516 3
864 23 2
867 998 6
871 264 3
872 165 8
873 9 2
882 42 4
882 591 7
882 778 5
884 802 7
885 601 2
894 392 3
896 868 2
897 115 5
897 1002 38
898 336 27
898 699 4
899 537 3
899 736 2
900 162 8
900 313 22
902 420 9
903 339 2
904 231 4
904 552 16
904 888 6
905 196 8
905 540 673
905 572 17
906 137 2
906 210 24
906 328 3
907 276 3
910 614 6
911 896 13
912 85 3
912 388 2
914 669 8
914 968 2
916 742 5
916 777 6
917 912 4
921 272 106
922 8 2
924 33 2
924 196 5
928 64 2
929 10 11
929 316 2
930 720 2
931 657 47
932 274 2
933 657 15
938 261 3
938 316 3
938 552 16
944 165 24
947 568 2
948 9 2
951 818 6
953 905 9
954 22 2
956 846 5
958 844 28
960 358 7
961 291 16
961 333 4
961 472 35
961 481 25
966 29 2
966 555 2
968 352 2
969 313 7
970 180 2
971 566 5
975 205 2
976 321 4
977 549 17
985 268 4
987 962 2
988 366 2
996 36 2
996 836 4
1002 652 7
1020 385 10
