0 4 6
0 8 8
0 17 14
0 47 2
0 112 2
0 150 10
0 156 3
0 215 16
0 265 2
0 274 6
0 352 2
0 415 2
0 552 2
0 646 2
0 670 2
0 674 2
0 679 3
0 704 2
0 917 2
0 936 9
1 7 2
1 15 2
1 82 2
1 135 2
1 228 5
1 292 2
1 481 21
1 535 2
1 565 2
1 644 2
1 768 6
1 825 10
2 0 28
2 3 6
2 8 5
2 167 2
2 328 4
2 523 9
2 826 7
3 24 7
3 272 2
4 15 36
4 50 2
4 60 8
4 64 11
4 248 11
4 284 11
4 368 7
4 517 101
4 576 35
4 683 686
4 774 9
4 808 17
5 18 18
5 216 3
5 584 10
6 148 2
6 259 6
6 268 2
6 512 3
6 1002 2
7 110 72
7 715 4
8 1 2
8 19 2
8 32 12
8 42 4
8 58 5
8 273 7
8 393 15
8 486 2
8 552 11429
8 642 2
8 902 2
9 39 4
9 43 16
9 823 6
10 75 3
10 160 4
10 523 6
11 204 70
11 752 2
12 0 2
12 24 2
12 634 10
13 66 2
13 192 4
14 127 2
14 152 2
15 485 2
15 659 34
15 854 9
16 9 3
16 24 15
16 64 2
16 132 5
16 148 35
16 198 2
16 516 2
16 806 7
18 51 8
18 203 6
18 215 5
18 290 8
18 641 2
18 645 3
19 24 2
19 709 7
20 1 2
20 10 8
20 176 4
20 194 2
20 786 29
21 116 1110
21 308 2
22 24 11
22 97 2
22 565 2
24 9 9
24 533 19
24 781 92
25 592 6
26 22 5
26 109 3
28 42 2
28 192 65
28 624 2
28 647 2
29 327 6
29 532 9
29 809 8
30 52 2
30 129 18
30 588 2
32 33 88
32 42 243
32 185 14
32 196 12
32 204 9
32 388 2
32 414 2
32 514 2
32 612 5
32 721 4
32 848 6
32 960 2
33 2 2
33 26 2
33 64 2
33 276 2
34 292 3
34 561 6
34 720 15
34 800 3088
35 65 6
35 551 7
36 48 10
36 320 2
36 448 79
36 858 20
37 13 2
37 364 2
37 594 53
37 640 2
37 673 2
38 1 2
39 3 198
39 48 6
39 520 9
39 982 1605
40 528 2
40 605 2
40 756 2
41 276 2
41 321 8
41 513 2
42 42 48
42 140 2
42 329 9
42 411 11
42 839 30647
44 10 5
44 47 2
44 524 2
45 23 6
45 50 19
45 74 2
45 266 2
45 615 3
45 808 4
46 57 2
47 1022 27
48 67 2
48 168 2
48 176 9
48 193 5
48 708 29
48 789 12
49 17 3
49 313 6
51 70 2
51 516 66
52 46 4
52 188 2
52 256 7895
52 390 55352
52 899 9
54 718 10
55 278 9
56 267 7
56 544 2
56 560 9
57 5 7
57 128 142
58 113 5
58 470 2
59 58 4
59 292 2
59 453 9572
59 583 11
60 3 2
60 112 2
60 948 7
61 644 16
61 648 2
64 1 2
64 192 4
64 272 21
64 756 26
64 771 2
64 780 17
64 790 167
65 61 25
65 274 10
65 421 2
65 515 2
66 545 3
67 16 23
67 37 8
67 840 2
68 153 2
68 226 2
69 138 2
69 529 2
69 572 5
69 768 2
70 109 42
70 212 2
70 431 2
70 608 23
70 648 19
71 264 2
71 409 2
71 700 16
72 533 2
72 961 2
73 39 35
73 640 2
73 870 9
74 512 4
74 548 4
74 600 2
75 576 1576
76 76 5
76 84 2
76 133 13
76 262 5
77 456 2
78 288 47
78 517 2
78 784 18
78 919 2
79 386 2
80 0 2
80 82 7
80 211 8
80 920 4
81 807 3
81 852 2
83 115 2
83 124 2
83 304 14
83 617 13
83 784 9
84 64 3
84 216 2
84 490 2
85 31 6
85 65 13
86 234 14
86 524 21
87 353 4
87 512 11
89 2 5
91 951 3
92 38 12
92 91 6
93 134 2
94 869 2
95 20 4
95 34 7
96 80 2
96 103 4
96 148 2
96 220 3
96 276 19
96 304 11
96 321 2
96 356 4
96 547 2
96 776 3
96 820 19
97 18 15
97 130 2
97 144 17
97 167 7
97 525 4
98 401 3
98 671 2
98 928 2
100 752 3
100 768 6
101 161 2
101 392 4
102 166 35
104 26 6
104 28 2
104 64 8
104 132 2
104 313 9
105 779 2
107 129 17
112 107 4
112 165 6
114 452 2
114 497 4
114 872 17
117 803 2
118 565 544
119 446 2
120 0 2
122 185 7
123 600 3
124 304 2
124 348 3
125 268 15
128 1 9
128 10 3
128 58 5
128 200 5
128 208 14
128 320 21
128 433 2
128 628 10
128 770 2
129 0 3
129 10 3
129 39 4
129 88 2
129 584 18
130 78 59
130 520 5
130 532 22
130 540 2
132 94 6
132 372 27
132 713 2
132 916 9
132 957 5
133 23 24
133 138 9
133 614 3
134 67 2
134 208 157919
134 377 2
135 258 9
136 21 2
136 39 2
136 160 4677
136 610 8
136 657 81
136 684 4
136 831 4
137 148 2
137 325 7
138 415 12
138 902 2
139 87 2
139 865 2
140 168 2
140 724 2
140 776 160
142 641 2
143 116 4
143 144 2
144 18 8
144 68 2
144 433 5
144 800 22
145 1 2
145 2 6
145 184 4
145 273 23
145 392 2
145 513 2
146 146 2
146 396 2
147 513 90
148 1 2
148 139 2
148 464 8
148 912 3
149 649 2
150 160 2
151 102 14
151 132 2
153 26 20
153 151 2
153 592 6
156 54 12
156 133 21
156 521 6
156 814 7
157 404 4
159 526 29
160 34 4
160 81 66
160 644 9
161 21 28
161 40 61
161 326 15
161 376 19
161 524 3
161 717 2
161 898 2
162 160 2
162 290 2
162 306 4
163 361 7
164 34 92
164 217 163
164 264 2
164 280 2
164 329 2
164 481 2
164 636 13
165 141 2
166 686 4
167 289 337
167 384 9
167 456 78
168 52 19
168 68 8
168 98 40
168 480 4
169 25 27
171 810 3
172 8 3
172 32 2
172 664 4
173 261 2
174 493 3
174 582 9
175 863 3
176 824 14
176 916 7
177 280 169
177 611 12
177 744 4
178 580 2
178 797 2
180 19 26
180 152 15
181 331 4
181 964 2
182 728 2
184 141 28
184 161 2
185 5 2
185 42 14
186 272 5
186 582 4
192 72 2
192 177 2
192 392 4
192 536 4
192 898 8
192 999 19
193 8 47
193 28 2
193 131 12
193 375 2
193 422 5
193 718 2
194 321 2
194 677 4
196 286 5
196 377 2
197 100 2
197 297 6
197 769 3
198 3 6
198 196 21
198 812 4
200 445 5
200 577 3
200 924 3
201 39 3
202 11 4
205 457 195
208 12 3
208 88 2
209 55 2
210 1 15
212 285 2
214 585 22
216 138 16
216 792 8
217 923 2
219 389 10
220 658 12
222 532 4
222 852 2
225 316 2
225 948 2
226 157 2
230 9 9
231 290 2
232 5 2
232 65 129
232 80 4
232 130 8
233 212 4
233 973 16
234 848 11
235 281 2
235 645 92
238 642 2
239 370 3
240 18 20
240 66 5
240 914 2
241 206 2
241 245 5
242 156 13
244 33 2
244 356 13
245 705 6
246 64 2
248 0 7
248 290 27
248 902 9
250 46 2
256 1 3
256 4 7
256 5 12
256 68 2
256 69 2
256 160 64
256 243 2
256 312 240
256 344 8
256 416 3
256 522 2
256 705 10
256 764 2
256 772 8
256 904 3
257 272 2
257 806 2
257 912 2
258 24 15
258 34 11
258 880 15
259 226 2
259 268 2
260 256 2
260 295 9
260 522 5
260 545 13737
260 678 3
261 8 6
261 67 4
261 72 318
261 672 6
261 995 9
262 32 3
262 134 25
262 193 11
262 256 9
262 906 91
262 1013 2
264 296 5
264 320 10
264 568 325
265 632 2
266 11 2
266 326 10
266 336 17
267 523 2
267 581 2
268 12 7
268 192 8
268 524 2
268 577 20
269 640 2
270 532 65
270 642 2
272 162 2
272 208 5
272 234 7
272 259 2
272 554 58
272 640 2
272 684 2
272 899 2
273 47 2
273 693 4
274 98 2
274 334 6
275 133 90
275 401 72
275 485 121
276 288 2
276 392 2
276 394 2
276 628 33
276 661 5
277 8 7
277 27 4
277 128 15
278 258 3
279 18 15
279 901 2
280 82 5
280 600 3
280 674 11
281 101 10
282 576 5
282 787 17
283 514 2
287 448 8
287 802 2
288 224 9
288 292 2
288 341 2
288 776 4
289 36 2
289 60 2
289 345 317
289 472 5
290 388 3
291 768 2
291 967 12
292 7 3
292 524 4
294 27 2
294 864 15
296 57 3
296 288 2
296 336 34
296 409 2
296 516 3
297 167 14
297 389 2
297 742 7
299 78 13
299 291 2
300 29 71
300 140 2
301 274 7
301 777 2
304 8 4
304 258 2
304 292 2
305 11 16
305 34 2
305 576 2
306 36 20
306 918 6
308 21 2
308 692 362
308 832 10
308 848 6
309 77 2
309 774 3
310 44 102
310 936 37
312 514 20
314 376 2
314 518 18
318 914 16
320 29 4
320 315 3
320 407 3
320 428 5
320 641 3
321 337 2
321 768 44
322 0 172
322 80 2
322 272 2
322 899 2
322 902 4
323 360 2
323 515 4
324 16 2
324 200 2
325 74 7
325 614 7
325 720 2
326 11 2
326 116 2
326 280 11
328 853 6
329 35 28
329 836 2
330 8 2
332 643 22
334 265 2
334 288 3
335 83 27
336 18 2
336 100 5
336 576 12
336 632 11
337 768 16
338 33 2
338 160 4
338 169 2
340 0 3
340 106 7
340 704 2
341 576 2
342 15 5
342 168 2
342 272 2
342 536 20
343 475 74
344 188 12
344 676 3
345 32 33
345 728 3
346 11 2306
347 11 6
347 296 2
347 313 15
352 409 2
352 794 2
352 860 3
353 389 2
353 684 2
354 25 2
354 969 2
355 134 4
355 634 9
356 800 8
357 433 7
360 555 3
360 732 8
360 784 12
360 810 13
363 424 2
364 740 16
368 49 7
368 925 3
372 352 26
375 77 15
376 193 14
379 333 6
380 339 2
384 6 5
384 156 32
384 332 2
384 423 2
384 457 7
384 531 5
384 692 6
385 2 2
385 75 12
385 213 6
385 214 2
385 563 458
386 64 2
386 158 2
386 206 2
386 275 5
386 849 52
386 912 9
387 147 2
387 1016 8
389 596 4
391 461 5
391 800 9
392 38 6
392 553 3
394 80 2
394 590 8
396 536 2
396 960 2
397 305 14
397 518 79
398 943 23
400 21 3
400 144 23
401 932 9
402 80 2
402 769 2
403 20 3
404 298 19
405 160 30
406 928 6
407 591 11
408 66 7
408 576 2
409 66 51
409 417 332
409 888 2
410 520 119
412 6 2
414 932 6
415 101 53
416 52 3
416 279 91057
416 832 42
417 577 6
419 7 5
420 32 206
420 114 2
420 288 2
420 538 2
423 384 2
424 481 14
425 261 5
425 746 9
425 776 2
427 580 7
428 32 3311
428 194 3075
428 620 5
428 880 2
430 68 2
430 203 10
433 24 3
433 197 2
433 398 2
436 597 2
436 641 6
441 21 15
442 691 21
444 769 17
448 513 2
449 321 7
452 48 29
452 205 3
452 512 1235
454 9 6
454 437 3
456 105 3
458 101 783
460 197 3
460 462 42
462 516 3
464 265 2
465 761 25
467 211 2
467 300 2
469 425 3
472 226 2
473 6 16
473 600 8
476 775 641
480 665 3
480 928 4
481 288 2
482 208 4
482 285 2
483 276 13
488 3 28
488 334 2
489 64 6
491 112 9
496 978 21
505 332 29
506 706 6
512 1 3
512 5 6
512 36 5
512 52 37
512 65 4
512 96 2
512 420 2
512 453 4
512 482 7
512 522 2
512 685 272
512 936 12
513 5 2
513 42 32
513 65 5
513 315 2
513 644 21
514 572 12
515 273 4
516 33 9
516 169 2
516 357 417
516 442 2
516 582 11137
517 0 2
517 8 2
517 34 6
517 132 4
517 177 10
517 233 3
517 281 2
517 534 3
520 94 22
520 296 3
520 436 3
521 81 3
521 229 5
521 450 10
521 546 2
521 554 26
521 560 58
522 1 31
522 234 2
522 549 7
524 159 20
524 173 2
524 520 8
525 134 2
525 820 4019
526 548 41
526 776 7
528 10 2
528 36 8
528 97 2
528 344 2
528 801 11
529 16 2
529 260 2
529 517 4
529 737 21
529 836 2
530 20 5
530 278 24
530 325 2
530 522 2
532 11 2
532 292 2
532 853 4
534 6 2
534 425 16
534 932 3
535 10 15
536 10 9
536 412 22
536 687 2
540 256 3
541 344 2
544 6 4
544 21 2
544 24 148
544 401 2
544 429 2
544 551 5
545 209 4
545 743 5
545 914 2
546 2 2
546 263 8
546 758 3
546 900 15
547 265 2
548 169 5
548 512 11
548 586 9
549 68 2
549 647 3
550 800 4
551 4 3
552 136 4
552 640 4
552 932 12
553 36 2
554 4 4
556 409 2
557 6 7
557 770 2
559 557 2
560 18 7
560 96 2
560 104 5
560 168 2
560 354 12
561 10 2
561 993 2
562 162 45
562 977 2
562 992 4
563 20 28
563 410 2
564 28 2
566 4 7
566 44 2
566 132 2
567 793 7
569 522 2
571 100 2
571 457 2
572 64 2
572 257 9
573 886 11
576 4 2
576 5 12
576 19 3
576 133 4
576 525 13
576 547 2
577 72 2
577 222 2
577 577 10
577 661 6
578 136 8
578 572 3
578 575 7
579 80 7
579 136 2
579 789 2
580 64 8
580 507 2
580 528 6
581 645 11
583 129 19
584 432 8
585 64 4
585 208 2
585 354 2
585 389 2
586 530 5
590 276 13
590 300 7
590 520 7
590 788 8
591 147 2
592 322 2
592 528 2
592 566 8
592 585 14
592 856 4
593 429 2290
595 58 5
595 557 22
596 33 7
596 91 4
599 92 14
599 569 2
600 115 2
600 562 2
600 573 13666
600 575 2
601 431 31
602 480 34
604 913 2
604 1006 5
605 80 4
606 281 2
606 807 1316
608 522 2
608 576 2
608 648 32
609 210 2
609 225 7
609 526 2
609 768 677
610 24 2
611 125 3
614 936 2
616 450 4
616 806 6
617 374 21
618 70 52
618 1004 2
619 76 311
623 1000 4
624 579 5
625 5 58
626 114 81
626 528 21
627 3 7
627 977 2
628 76 5
629 446 6
633 812 89
637 73 67
638 161 3
640 16 25
640 160 6
640 246 6
640 467 13
640 732 7
640 938 10
640 952 2
641 192 12
642 512 27
642 562 26
642 724 3
643 73 13
643 775 23
644 387 2
644 660 7
644 756 2
644 769 54
645 963 2
646 289 10
646 388 1270
648 76 2
648 210 2
648 369 2
648 769 112
649 4 2
649 48 16
650 953 2
652 594 13
654 129 4
654 565 6
655 761 59
656 3 2
656 259 18
656 370 5
656 833 2
657 201 3
658 10 3
658 640 10
660 69 3
660 85 5
660 648 2
661 244 13
661 608 2
662 374 4
664 16 6
664 205 4
664 781 6
665 3 10
667 587 2
668 163 2
668 749 2
670 515 57
672 64 2
672 129 2
672 514 2
672 608 7
673 104 4
674 401 2
674 672 10
675 470 16
676 52 8
678 237 174
679 556 2
680 20 2
680 39 2
680 105 2
680 450 23
681 33 2
682 14 6
683 278 2
686 593 42
688 385 2
689 80 2
691 12 4
693 397 2
694 6 8
694 931 4
694 976 6
696 885 10
700 229 2
701 941 2
704 34 4
704 76 6
704 292 15
704 370 2
704 514 7
705 854 2
706 17 2
706 161 2
706 460 48
708 108 4
709 325 5
709 644 2
710 2 2
711 19 2
712 141 9
712 283 2
712 294 27
712 862 6
713 593 3
713 837 5
716 98 2
716 339 2
716 649 2
716 842 8
719 512 3
720 144 5
721 104 2
721 170 2
721 323 16
722 82 6
722 100 4
722 104 9
722 258 7
722 393 10
722 464 2
723 142 4
724 596 4
725 44 2
732 834 4680
737 25 2
737 64 2
737 288 2
737 610 2
738 970 30
740 235 6
740 778 4
741 45 7
741 260 1055
743 787 7
744 124 2
744 280 21
744 762 11
746 536 3
752 261 2
752 786 7
754 32 5
759 130 2
760 40 2
760 257 3
760 300 3
765 513 13
768 326 2
768 608 13
768 926 11
769 34 105
769 773 4
770 67 2
770 256 2
770 515 4
771 793 2
771 800 2
772 0 3
772 32 2
772 130 282
774 936 2
775 48 10
776 586 17
777 6 6
777 200 8
777 539 3
777 554 2
778 389 2
780 14 83
780 193 3
780 552 3
780 901 16
781 222 13
781 496 2
782 226 3
782 405 17
784 514 12
784 841 5
785 257 2
786 142 7
786 521 7
786 914 14
787 199 22
788 25 2
788 324 2
788 332 20
792 274 2
792 540 2
792 594 2
793 52 5
793 498 4
795 661 2
798 776 10
800 97 2
800 133 7
801 34 2
801 312 2
804 0 5
805 387 6
805 781 7
806 480 8
808 526 1057
808 945 2
810 17 2
812 778 2
814 161 5
814 264 6
814 523 2
814 905 12
816 18 9
816 24 5
817 784 3
818 253 171
821 236 3
822 211 2
828 592 31
830 356 5
832 21 22
832 30 3
832 281 4
832 304 2
834 32 11898
834 67 31
834 104 4
834 148 2
834 912 2
835 392 7
835 583 2
836 86 6
836 485 2
839 21 2
840 96 7
840 106 2
840 545 25
841 32 2
843 939 9
845 561 2
845 624 2
848 90 4
848 188 10
848 899 5
850 308 4
851 195 21
852 72 61
852 824 2
856 256 3
856 866 2
857 42 2
862 130 5
864 786 5
866 260 4
868 332 6
870 68 2
871 264 63
872 50 9
873 9 2
874 360 9
882 778 7
884 802 15
885 601 15
894 392 125
895 603 5
896 330 5
896 868 6
897 39 3
897 115 19
897 523 2
898 336 12
898 699 4
899 537 2
900 4 6
902 420 2
904 231 3
904 888 2
904 929 2
905 248 7
905 572 2
906 137 9
906 328 13
908 456 174
910 614 3
911 10 5
911 896 13
912 2 12
912 129 3
912 388 22
914 216 12
914 776 14
914 968 6
916 742 2
920 200 2
921 320 2
922 8 2
922 784 22
928 384 11
928 516 2
929 10 2
929 257 2
929 316 2
930 547 12
930 720 4
931 657 31
932 274 42
932 783 31
934 94 2
938 261 10
938 552 10
940 512 25
945 456 16
948 9 5
952 37 2
961 131 4
961 333 2
961 472 2
966 197 2
966 555 7
968 352 26
968 360 2
969 769 8
975 205 2
976 779 2
977 34 3
978 817 3
984 324 6
984 483 3
986 772 44
988 366 11
990 35 2
996 836 29038
998 179 60
1000 260 6
1001 286 4
1004 129 3
1011 36 3
1013 316 140
1018 358 3
1020 385 5
1021 643 2
