0 9 2
0 17 2
0 47 2
0 112 2
0 135 2
0 150 7
0 156 3
0 215 6758
0 265 2
0 274 8
0 352 7
0 415 2
0 618 11
0 646 2
0 670 291
0 674 14625
0 679 8
0 704 2
0 843 101300
0 917 3
1 15 2
1 30 2
1 82 29
1 292 5
1 481 2
1 535 135
1 644 3
1 825 50
1 920 3
2 3 3
2 132 2
2 167 48
2 260 2
2 267 5
2 328 2
2 826 30
3 24 11
3 272 4
3 592 2
3 817 3
4 0 3
4 15 2
4 50 3
4 64 2
4 248 2
4 293 2
4 368 9
4 576 13
4 774 2
5 18 10
5 216 145
5 584 4
5 887 3
6 148 3
6 259 5
6 267 2
6 512 4
6 798 10
7 81 14
7 237 60
7 715 2
8 1 3
8 19 8
8 42 2
8 58 3
8 273 8
8 386 3
8 486 17
8 642 6
8 735 17
8 850 30
9 39 4
9 274 5
9 572 9
9 907 7
10 40 7
10 160 4
10 176 3
10 208 2
10 599 2
10 680 3
11 586 5
11 752 25
11 779 181
12 65 2
12 128 2
12 269 22
12 366 7
12 634 2
13 192 4
13 320 22
14 210 2
14 376 2
15 352 7532
15 659 65467
15 854 3
16 24 2
16 64 2
16 96 5
16 132 5
16 198 6
16 643 2
17 48 2
18 290 3
18 641 6
18 645 12
19 7 2
19 24 2
19 657 4
19 709 28
20 1 19
20 36 2
20 176 14
20 194 14
20 323 3
21 308 20
22 97 4
22 107 2
22 133 24
22 281 2
22 565 2
23 886 16
24 786 11
25 523 2
25 592 12
26 22 2
26 109 23
26 801 2
27 210 4
27 547 24
28 146 2
28 624 9
28 647 2
29 1 77
29 5 5
29 327 18
30 21 2
30 52 4560
30 129 5
30 588 2
31 77 9
32 204 9
32 211 5
32 219 25
32 276 2
32 514 2
32 721 6
32 759 6
32 803 21
32 848 2
33 2 2
33 3 6
33 31 2
33 64 12
33 320 3
33 785 2
33 945 20
34 324 64
34 561 8
34 663 2
34 720 2
35 65 4
35 266 14
36 34 3
36 48 63
36 257 24
36 288 2
36 320 12
36 705 20
37 13 8
37 364 2
37 594 3
37 640 2
38 1 2
38 204 4
38 544 2
39 3 6
39 48 9
39 520 378
40 256 28
40 512 7
40 528 4
40 605 8
40 756 5
41 96 10
41 263 38
41 321 2
41 513 4
41 987 2
42 42 135
42 140 6
42 839 2
43 546 5
44 10 4
44 47 451
44 430 4
44 524 2
45 23 9
45 74 11
45 615 329
45 808 2
45 844 258
47 1022 2
48 176 2
48 198 2
48 226 4
48 789 21
48 843 5
49 313 9
49 516 2
50 113 282
50 528 42
51 377 3
52 188 14
52 285 22
54 112 2
55 278 3
56 89 13
56 267 2
56 472 38
57 5 4
57 128 2
59 292 12
59 453 3
59 583 8
60 3 755
60 5 2
60 33 2
60 112 2
60 948 3
62 612 3
64 1 2
64 41 4
64 192 4
64 203 15
64 481 2
64 514 2
64 686 23
64 771 2
64 780 153
64 790 13
65 25 2
65 61 2
65 118 17
65 241 2
65 265 3
65 274 121
65 421 2
66 545 2
67 16 2287
67 20 13
67 73 6
67 453 18
67 482 7
67 840 2
68 322 4
68 576 2
69 276 8
69 466 25
69 572 22
70 109 16
70 212 4
70 431 15
70 646 26
70 648 3
70 672 2
71 1 4
71 264 60
71 409 2
71 700 2
72 280 5
72 437 4
73 870 2
73 999 2
74 512 3
74 768 10
74 1012 5
75 259 2
76 84 2
76 133 6
76 262 2
76 586 2
78 288 889
78 517 8
78 784 42
80 51 2
80 82 5
80 211 2
80 528 12
80 677 2
82 283 9
83 304 4811
83 617 2
83 784 6
84 216 12
84 490 2
85 31 2
86 234 2
87 353 2
87 462 8
87 515 7
89 4 2
90 843 2
90 988 2
91 154 2
91 652 2
91 951 2
93 49 93
93 134 10
93 669 5
94 869 17
94 954 3
96 32 6
96 80 96
96 103 2
96 208 2
96 220 9
96 276 4
96 321 2
96 356 4
96 547 2
96 776 23
97 48 2
97 130 10
97 144 252
97 167 3
97 195 2
97 286 2
97 525 2
99 117 3
99 134 11
100 128 3
100 294 2
100 752 2
100 768 4
100 901 117
101 70 3
101 124 2
101 161 2
101 169 5
101 392 40
102 6 2
102 166 35
104 26 23
104 28 7
104 64 13
105 3 2
105 296 9
107 3 22
108 133 251
108 514 2
109 707 23
111 12 2
112 28 6
112 84 5
112 107 3
112 776 2
114 68 7
114 416 13
114 452 2
114 497 2
116 33 12
117 803 12
118 565 5
119 446 23
120 0 81
121 536 6
122 185 2
122 294 2
123 600 2
124 348 2
125 268 7
128 1 7
128 10 2
128 58 6
128 134 4
128 200 2
128 320 114
128 362 12
128 375 14
128 453 2
128 628 18
128 770 6
128 806 4
129 0 3
129 10 2
129 37 2
129 39 14
129 163 19
129 584 1262
129 707 7
130 78 8
130 272 8
130 528 9
130 540 11
130 675 10
130 980 2
131 581 24
132 137 12
132 372 14
132 916 2
133 138 3
134 67 27
134 377 11
134 390 4
135 544 2
136 81 3
136 160 8
136 684 11
137 148 35
137 256 4
137 259 10
137 325 4
137 678 9
138 415 7
139 87 4
139 865 111
140 72 2
140 464 20
140 776 2
141 954 8
142 641 2
143 116 9
143 286 7
144 68 429
144 248 2
144 257 17
144 418 2
144 520 3
144 800 9
145 1 2
145 67 5
146 146 6
146 396 3
146 910 2
147 522 5
148 1 10
148 24 10
148 146 4
148 912 11
149 20 11
149 649 10
150 141 27
150 160 3
151 102 3
151 132 5
151 250 7
153 26 3
153 151 2
153 592 3
153 598 2
153 833 67
156 54 4
156 814 2
157 404 13
160 144 163
160 452 43
160 644 48
160 801 2
161 40 3
161 326 2
161 576 2
161 717 14
161 898 2
162 306 5
163 227 3
163 601 7
164 34 2
164 38 18
164 87 4
164 280 8
164 481 5
164 636 2
164 646 2
165 141 3
166 686 5
167 104 2
167 289 2
167 384 7
167 712 18
168 8 3
168 52 7
168 67 2
168 68 3
168 98 2
169 25 2
169 72 3
169 514 15
171 144 6
171 810 2
172 32 117
172 569 4
172 664 3
173 261 5
174 493 12
176 137 12
176 270 211
176 273 2
177 128 3
177 280 2
177 560 6
178 100 2
180 19 2
180 600 9
181 97 5
181 331 2
181 768 5
182 300 13
182 728 2
184 161 10
184 664 12
185 5 2
185 391 43
186 582 3
192 52 17
192 72 13
192 177 4
192 392 2
192 524 7
192 536 34
192 713 34
193 8 2
193 28 2
193 120 2
193 131 2
193 162 2
193 375 5
193 422 2
194 321 5
196 81 2
196 377 989
197 61 2
197 297 2
197 611 2
198 3 38
198 196 2
200 146 1557
200 577 2
201 39 13
201 140 2
203 654 2
204 6 3
205 457 211
206 530 2
208 14 8
208 88 914
208 534 2
209 513 5
209 564 7
211 4 9
213 64 13
216 792 2
218 86 2
219 389 2
220 658 2
222 852 4
225 316 2
225 948 13
226 157 10
227 336 2
231 290 18
232 65 2
232 130 2
232 480 2
233 212 2
233 912 2
234 848 2
235 281 7
237 91 11
239 370 2
239 560 116
240 914 4
241 206 4
241 245 3
242 156 3
244 33 2
244 356 3
244 932 3
247 626 4
248 0 22
248 557 2
248 902 4
250 46 2
256 1 2
256 4 2
256 68 3
256 97 6
256 160 12
256 212 13
256 243 8
256 522 2
256 616 7
256 705 8
256 764 6
256 772 7
256 804 9
256 992 2
257 0 115
257 156 9
257 680 2
257 806 15
257 912 2
257 920 7
258 36 4
258 138 9
258 265 3
258 673 2
258 810 8
258 880 2
259 100 2
259 268 2
259 532 2
260 295 10
260 522 2
260 678 2
260 978 9
261 8 11
261 672 6
262 32 6
262 134 25
262 193 2
262 256 4
262 1013 8
264 1 12
264 296 16
264 320 10
265 339 74
265 632 2
266 11 2
266 242 2
266 326 2
266 336 10
267 523 13
267 581 14
268 12 26
268 34 2
268 192 2
268 512 14
268 524 4
268 577 2
269 640 6
270 532 71
270 642 45
272 41 4
272 162 9
272 259 7
272 280 6
272 554 5
272 684 15
273 581 23
273 693 4
273 903 2
274 334 89
275 4 2
275 116 3
275 401 2
275 485 5
276 392 26
276 538 2
276 661 2
277 8 18
282 136 2
282 576 15
282 717 14
282 787 5
284 835 135
285 104 10
286 624 3
286 832 8
287 448 4
288 47 11
288 132 2
288 224 2
288 292 2
288 341 5
288 545 3885
289 36 2
289 60 6
289 156 8
289 345 6
289 468 3
289 472 6
289 753 7
289 788 2
291 610 18
291 768 7
291 967 3
292 7 17
292 19 4
292 162 184
293 256 2
293 960 2
294 742 2
294 864 2
296 57 2
296 231 8
296 288 6
296 516 4
297 325 2
297 389 9
297 742 7
299 78 2
299 291 3
300 29 2
300 140 39
301 274 62
301 777 2
303 292 9
304 6 2
304 8 20
304 63 4
304 212 4
305 34 2
306 36 7
306 550 5
306 918 25
308 640 2
308 832 3
308 848 2
309 77 7
309 774 8
310 44 2
310 936 15
314 109 2
314 376 2
314 518 3
315 739 6
316 452 3
318 532 321
320 29 2
320 407 36
320 428 2
320 641 2
320 720 2
321 4 2
321 262 163
321 337 2
321 768 2
321 1008 39
322 0 22
322 899 2
323 360 5
323 515 11
324 16 2
324 106 2
324 167 4
324 179 12
324 513 17
324 530 2
325 6 5
325 74 15
325 145 129
325 192 5
325 614 18
326 11 3
326 16 2
326 280 6
327 698 23
328 45 14
328 853 2
332 643 12
334 265 12
334 288 2
335 83 3
335 391 2
336 18 4
336 632 25
337 352 5
337 768 5
337 833 2
340 106 32
340 704 6
340 763 5
342 15 22
342 168 2
342 536 3
343 475 3
344 188 10
345 32 2
346 89 17
347 11 33
347 149 16
347 296 16
348 128 4
349 12 4
352 419 2
352 680 3532
352 794 16
353 389 2
353 684 11
354 25 2
354 30 2
355 134 22
356 800 4
357 641 2
357 690 2
358 3 2
358 168 16
360 555 35
363 162 20
363 424 9
371 112 4
371 705 2
371 772 3
375 77 14
376 193 12
379 333 5
380 339 10
384 5 2
384 156 6
384 423 10
384 531 2
384 571 20
384 692 18
384 841 3
384 962 3
385 2 5
385 75 9
385 213 2
385 214 3
386 73 2
386 160 2
386 275 3
386 849 8
387 297 174
387 545 2
391 461 5
392 38 21
392 674 2
393 461 5
393 577 2
395 4 19
395 558 2
396 454 2
396 536 2
396 546 6
396 777 22
396 960 28
397 518 2
398 943 2
399 9 2
400 10 975
400 21 11
400 144 27
401 58 9
401 284 4
401 673 2
402 68 8
402 80 3
402 769 2
403 20 2
403 98 2
404 298 51
406 677 3
408 66 3
408 405 4
408 576 2
409 66 17
409 417 2
409 888 4
410 520 16
412 6 9
413 640 2
414 932 2
416 279 206
416 292 2
416 531 2
417 577 2
418 16 6
419 62 2
419 844 2
420 32 2
420 114 2
420 538 2
421 400 6
423 384 2
423 651 4
424 481 3
425 161 29
425 776 2
427 580 3
428 32 3
428 194 2
428 880 5
430 8 16
430 68 3
433 24 2
433 398 86
434 734 12
437 2 11
441 21 4
442 146 10
444 801 2
448 92 4
448 655 997961
449 321 8
452 48 2
452 136 14
452 205 2
452 512 2
452 513 15
453 368 2
453 661 2
454 437 2
456 367 2
456 774 2
460 197 14
460 462 21
460 566 2
462 641 2
463 916 93
464 928 3
466 58 6
467 211 273
467 300 14
469 425 2
472 226 28
472 256 67
472 801 5
473 6 8
473 600 2
480 0 12
480 665 2
480 928 4
481 288 7
482 64 4
482 285 3
483 276 6
484 841 33
485 134 3
488 269 23
488 334 5
489 64 6
491 112 2
496 978 7
504 267 2
505 332 2
512 36 126
512 65 146
512 173 2
512 438 3
512 453 2
512 482 5
512 685 5
513 5 2
513 100 17
513 304 4
513 315 2
513 340 2
513 644 3
514 4 5
514 11 19
514 401 6
514 452 8
514 522 2
514 572 6
515 157 21
515 273 2
515 598 18
516 33 5
516 72 2
516 169 3
516 357 2
516 555 5
516 779 157
516 785 12
517 0 8
517 3 36
517 34 7
517 177 2
517 233 2
517 281 3
517 534 8
517 768 10
518 66 9
520 9 2
520 94 7
520 436 2
520 785 2
520 812 45
520 896 9
521 81 2
521 229 2
521 546 2
521 554 4
521 560 8
521 609 2
524 520 4
525 134 10
525 820 2
526 776 9
527 36 23
527 713 7
528 406 2
528 580 77
528 582 2
528 720 5
528 801 5
529 260 35
529 520 6
529 737 6
529 836 7
530 20 2
530 86 24
530 132 8
532 11 91
532 134 5
532 292 15
534 786 6
534 932 2
535 10 2
536 10 2
536 687 6
537 99 2
537 138 9
538 84 2
538 820 15
540 256 13
541 344 10
541 793 9
544 6 31
544 21 11
544 160 6
544 416 6
544 536 21
544 542 18
544 551 3
544 597 15
544 718 7
546 263 7
546 650 2
546 900 2
547 265 2
547 427 652
547 577 20
548 141 2
548 512 11
548 577 2
549 68 2
549 97 2
549 288 547
550 649 5
550 800 21
551 4 11
551 40 3
551 89 3
552 932 6
553 102 8
553 933 7
557 557 4
557 770 3
559 557 2
560 96 203
560 104 2
560 168 2
560 354 2
561 444 8
561 521 2
561 786 840
562 992 22
563 20 4
563 410 11
564 656 9
566 4 5
566 132 10
567 793 8
569 522 2
571 100 4
571 457 5
572 36 11
572 257 7
573 886 16
574 18 9
574 533 57
574 696 237
576 48 8
576 76 18
576 193 2
576 371 2
576 525 3
576 547 5
576 607 2
577 72 4
577 292 7
577 401 2
577 661 13
578 554 7
578 575 4
579 136 2
579 621 4
579 789 2
580 64 2
580 507 15
582 633 17
583 129 296
584 432 28
585 64 5
585 208 2
585 217 2
585 389 8
586 658 2
587 608 3
588 784 2
590 276 25
590 300 2
590 788 11
591 147 8
592 2 4
592 148 13
592 322 2
592 585 106
592 856 5
596 154 2
599 92 4
599 569 4
600 115 13
600 562 5
600 573 2
600 575 9
601 335 2
602 480 2
604 1006 17
605 80 5
606 281 3
608 576 50
608 648 6
609 225 2
610 24 2
611 125 3
612 534 6
613 840 2
614 265 2
616 806 2
619 76 2
619 140 2
619 231 4
623 1000 2
624 579 15
625 5 11
625 261 104
626 8 3
626 104 3
626 114 6
627 418 2
627 769 3
629 446 8
629 528 4
633 812 2
635 546 28
637 73 5
640 6 103
640 16 3
640 181 2
640 246 2
640 369 2
640 421 2
640 467 3
640 952 22
641 192 793
642 512 2
643 775 5
644 387 2
645 4 11
648 76 12
648 98 12
648 301 2
648 369 14
648 512 5
648 769 2
649 4 12
650 108 4
650 216 8
651 290 2
652 257 2
654 129 5
654 565 2
655 384 50
655 761 4
656 259 29
656 370 30
658 26 6
658 226 7
660 36 3
660 69 10
660 85 2
662 374 2
664 205 9
664 781 90
665 3 5
665 260 4
666 66 3
668 163 2
668 749 10
670 515 13
672 1 2
672 717 9
673 104 2
674 259 5
674 288 7
675 257 17
675 470 3
677 121 5
678 237 3
679 556 12
680 39 11
681 6 5
681 33 2
682 14 11
684 1008 5
690 110 15
691 12 2
693 397 2
693 522 13
694 6 10
694 768 2
696 885 45
697 710 14
700 18 7
701 34 2
701 941 13
704 34 4
704 292 3
704 370 35
704 514 2
705 854 2
706 17 21
708 108 14
709 644 2
712 141 18
713 593 19
713 837 2
716 98 2
716 339 2
716 649 2
716 842 2
719 512 2
721 104 2
721 584 2
722 146 9
722 393 2
722 398 5
722 464 3
723 142 9
724 20 2
726 322 82
727 200 8
728 227 3
728 712 3
736 24 7
737 64 5
737 610 36
740 235 13
740 778 2
740 801 2
741 45 2
741 260 2
744 280 3
745 63 3
746 386 2
746 536 3
754 32 3
759 130 10
760 220 8
760 257 3
760 300 2
761 435 13
768 68 2
768 226 2
768 608 3
768 666 36
768 736 2
769 277 8
770 67 2
770 211 2
770 256 5
771 128 37
771 793 2
772 0 2
772 32 6
775 921 3
776 101 4
776 586 2542
776 697 9
777 6 8
777 84 2
777 318 8
777 539 11
777 641 2
780 16 2
780 552 17
780 707 2
780 901 2
781 222 25
784 1 4
784 514 8
784 549 317
784 634 2
784 841 2
786 521 10
787 199 11
788 25 4
788 324 7
788 332 15
792 540 40
792 594 11
793 52 2
793 498 13
795 422 36
795 661 120
798 776 2
799 433 7
800 9 2
800 45 18
800 824 51
801 642 2
802 660 2
802 769 23
803 512 3
804 104 8
804 779 54
806 134 13
806 232 7
808 302 6
808 777 4
808 937 2
810 17 9
810 416 11
812 778 2
814 161 2
814 523 27
814 905 4
816 18 2
816 24 2
818 253 7
824 392 3
832 21 4
832 30 16
832 43 9
832 304 6
832 427 5
833 147 2
834 32 3
834 104 28
834 148 2
834 912 4
835 264 3
835 583 7
836 388 32
840 96 17
840 545 2
840 800 5
841 32 24
842 200 2
844 584 2
845 624 5
848 313 2
848 391 4
848 899 33
849 792 213
849 1018 2
850 308 8
850 776 2552
852 2 2
852 72 292
856 866 2
862 130 2
864 786 15
867 998 2
868 332 60
872 50 2
872 165 436
874 360 6
878 258 3
882 42 7
882 778 10
885 601 4
894 392 3
896 330 5
896 868 6
897 39 4
897 115 6
898 336 5
899 736 2
900 4 2
900 313 2
902 131 2
903 339 2
904 231 4
904 552 14
904 888 70
905 248 20
905 540 42
905 572 2
906 194 4
907 276 4
908 456 23
910 614 2
911 10 7
912 85 2
912 129 15
912 388 2
914 968 16
915 431 2
916 742 13
916 777 3
920 200 5
921 272 5
922 8 2
922 784 58
924 33 41
924 196 2
928 518 2
929 257 14
930 720 10
931 657 9
932 783 99
934 94 2
938 316 2
938 552 6
940 512 2
941 771 2
945 456 2
951 818 2
953 905 19
954 22 2
960 358 21
961 131 18
961 472 5
961 481 4
965 937 4
966 197 60
966 555 14
968 51 2
968 352 10
968 360 5
975 205 2
976 321 2
976 779 2
977 22 8
984 324 2
984 483 3
985 268 2
986 772 107
987 962 34
988 366 2
990 35 4
998 127 10
998 179 6
1002 912 13
1003 684 4
1020 371 14
1021 643 6
