926 0.002881647002221456 
805 0.0027776794124990296 
1186 0.0028104264765867787 
1821 0.002765313513819386 
1647 0.00279164838440392 
1869 0.002846838035317662 
444 0.0027728704429394696 
1455 0.0027834043904153413 
1150 0.002852792171457327 
1042 0.0028594333376910632 
435 0.002855311232732965 
1848 0.002765084516423086 
1328 0.002781801395083518 
292 0.0028717996871942104 
1413 0.002865158493068632 
349 0.0028182125553367775 
659 0.002726613396932373 
790 0.0029824119105173637 
1977 0.0027760764214161755 
1594 0.002731651225439988 
1315 0.0027769924161717583 
649 0.0027582146075644945 
1790 0.0028475250504000614 
1086 0.0027380630340096534 
362 0.0027994344053298014 
1816 0.002843631967103154 
1357 0.0027765344187441806 
1284 0.002750657738336524 
1238 0.0027769924161717583 
323 0.0027703514633714166 
121 0.0027348571260791456 
1754 0.0027664585012107216 
1327 0.0028200445771763387 
1494 0.0028669905451355615 
1367 0.00282554065012606 
131 0.002726613396932373 
546 0.0027623365498254254 
1682 0.002869738625359234 
1858 0.0028887462492488847 
144 0.0027678324869745926 
452 0.0027783664090483087 
64 0.0028422579389658065 
480 0.002866074518960319 
1374 0.002805159436493807 
344 0.002730964247704706 
806 0.0026130413262990372 
746 0.0027728704429394696 
1882 0.00275363468286145 
1473 0.002871112666424058 
904 0.0027582146075644945 
1289 0.002944624744534438 
676 0.002915998348203718 
1189 0.002751802716377949 
1553 0.0027763054200677087 
1533 0.002687456495694813 
714 0.00283332677226051 
255 0.0029732513564684035 
1174 0.0027943963889069845 
322 0.002746306829047079 
539 0.002797144396568939 
1547 0.0028177545500721155 
456 0.002796457394360171 
959 0.0027730994412369266 
603 0.002756153639967735 
1906 0.0028168385397779696 
429 0.0028360748205506683 
759 0.0028161515322636626 
607 0.002529941949851677 
326 0.00276806148469598 
587 0.0028136325062320133 
604 0.0027030274809053635 
1166 0.002809510468840463 
1527 0.002802869422456671 
228 0.002757756614558648 
1750 0.0028237086245783746 
1784 0.002761420561855467 
1033 0.0029063799335560833 
1520 0.002926303823674738 
361 0.0028065334459097704 
1894 0.0027275293643186393 
1379 0.0028459220154627646 
276 0.0027740154346822974 
442 0.0027366890725912313 
360 0.0028193575688403587 
259 0.0028209605885629184 
1321 0.0027756184241881114 
531 0.0027616495588055133 
783 0.0027976023981493904 
591 0.002853708193487194 
1454 0.0026920361692836835 
355 0.0027456198444440545 
1389 0.002749512761083392 
1070 0.002760962568040625 
936 0.00261281237347494 
267 0.0027169957799666007 
844 0.002763481535420923 
1407 0.002753405686943152 
447 0.0027472228089788753 
1677 0.002801724416220723 
260 0.0028564562613051184 
999 0.0028456930105446167 
1771 0.0027570696252705467 
807 0.0028081364578289606 
1406 0.002777221414922774 
1895 0.0027591305939269383 
905 0.0027980603998159267 
1920 0.002794167388410344 
1200 0.0027927933858928667 
158 0.0028140905107866486 
1571 0.002786381384805906 
1017 0.002809510468840463 
95 0.00285668526707342 
1526 0.0027524897035774297 
1724 0.0028225636092345805 
1369 0.0028273726768956653 
817 0.0029006547004695312 
1911 0.0029938626246978728 
1871 0.0028143195130937706 
768 0.002789587383132517 
35 0.002776763417445546 
469 0.0027485967798546182 
1522 0.002771725451837951 
376 0.002756611632559685 
792 0.002765771508694122 
1387 0.002800121408374649 
739 0.002765771508694122 
53 0.0028793569260807186 
557 0.0028079074560649103 
1620 0.0028534791879526837 
648 0.0027637105326238347 
175 0.0027364600791486247 
1499 0.0029240137152853215 
1271 0.0028385938671682087 
1352 0.0026080043941721204 
148 0.0027726414446676635 
1944 0.0027243234813290823 
1683 0.002723407516250127 
589 0.0028477540554639152 
1757 0.0028766088370093383 
780 0.0028750057862122636 
1510 0.00275363468286145 
173 0.0028138615084993906 
1005 0.002718827701107983 
1907 0.002640745492918214 
1846 0.002903402811057314 
902 0.0027630235410987343 
1607 0.0027937093874829903 
1134 0.002851876149716145 
873 0.0025583258251709096 
953 0.0028438609718568412 
1595 0.0027355441057447115 
1013 0.0028040144292153834 
1672 0.002787755383539709 
1336 0.002731651225439988 
1356 0.002764397524399141 
990 0.0029952367118512404 
1162 0.0027676034892799932 
325 0.00280630444428898 
1154 0.0025578679958241815 
1217 0.0027678324869745926 
