0 8 3 1 4
1 15 5 7 59572
1 535 6 1 4
1 565 7 2 21
2 328 2 2 7
3 277 9 1 4
4 293 6 1 4
6 3 3 1 4
6 1002 7 3 49
8 386 9 1 4
8 486 1 2 4
9 39 2 2 4
10 518 6 1 4
10 680 4 5 635
12 65 8 1 10
13 66 3 4 72
14 321 9 2 29
19 24 9 2 17
21 116 6 1 4
22 565 8 1 4
24 9 10 2 32
24 786 9 1 7
27 547 5 1 4
28 647 9 1 4
29 5 4 1 4
32 16 2 2 4
32 414 9 1 4
32 721 1 2 5
33 31 5 1 5
34 324 8 1 13
36 12 7 2 13
36 448 3 1 4
42 42 9 1 4
44 12 4 3 29
44 430 3 1 4
45 50 1 3 14
45 615 4 2 13
45 844 3 2 14
52 46 8 1 4
58 470 9 5 1056
61 648 7 1 4
64 1 4 2 9
64 272 9 3 59
64 771 9 6 11315
67 482 8 1 13
67 840 3 2 7
69 276 1 5 265
71 409 5 8 543278
77 267 6 1 9
82 280 1 6 1499
83 784 10 2 28
87 353 2 6 4634
98 401 8 1 4
100 768 3 2 8
104 26 3 2 12
104 64 3 1 4
105 296 10 1 4
112 1 8 1 4
112 107 4 5 863
114 416 6 1 7
120 76 10 3 194
128 433 1 3 7
130 772 1 3 10
132 137 4 1 4
134 516 10 1 4
135 258 8 5 3630
136 610 8 2 30
138 266 9 1 4
139 865 8 1 4
140 776 5 1 4
141 521 6 7 30477
143 642 8 1 4
144 257 10 1 4
148 130 7 1 4
148 464 3 1 5
160 81 9 2 23
160 801 10 5 1740
176 864 1 3 11
178 580 9 1 13
181 768 5 1 4
184 141 9 1 15
186 582 6 2 14
192 898 6 3 33
198 812 7 1 5
214 585 4 3 30
216 66 1 2 4
225 316 1 4 51
231 290 9 8 442845
239 370 1 4 26
244 356 10 1 4
244 932 3 1 4
256 4 4 1 4
256 97 6 1 9
256 992 1 2 4
257 272 1 2 4
258 34 7 3 97
259 532 4 1 4
260 978 4 2 10
261 356 9 3 140
265 264 3 2 7
265 339 8 2 35
272 684 8 1 4
282 787 5 5 1146
288 545 3 4 88
289 345 2 2 4
291 768 9 1 4
293 960 10 1 4
296 131 6 2 15
299 78 8 1 12
314 376 2 2 4
320 407 6 7 58271
322 0 6 1 4
322 196 7 1 4
324 16 1 4 67
324 167 4 2 9
324 200 5 1 4
324 530 7 1 4
325 614 10 4 604
325 720 2 2 4
345 992 3 3 17
349 12 1 2 4
353 684 2 3 11
368 925 5 2 16
380 339 2 2 5
384 423 3 3 18
384 962 3 3 32
385 214 8 10 16949712208
386 64 2 3 20
392 674 10 2 51
396 960 4 1 4
398 943 1 3 18
399 9 7 1 5
403 20 6 3 94
408 66 1 3 20
412 6 2 6 1475
415 101 1 2 4
420 545 9 1 4
422 736 4 3 63
425 161 7 1 8
430 8 4 1 4
433 398 6 1 9
441 21 1 2 4
442 691 1 2 4
448 513 3 1 4
448 655 10 5 2115
460 566 5 2 11
472 256 9 1 4
480 0 6 1 4
481 288 1 2 4
505 332 3 1 4
512 36 6 1 4
514 4 4 1 4
514 11 4 1 7
514 36 1 2 4
514 780 4 3 22
516 72 2 4 61
516 582 9 1 4
517 676 10 1 4
521 81 5 2 10
521 229 4 1 4
521 450 6 3 75
523 650 3 1 4
527 36 3 1 4
528 10 3 1 4
528 36 1 2 4
528 720 2 2 4
530 522 9 5 1633
532 11 9 1 4
534 425 1 2 4
536 244 9 1 4
545 914 9 1 4
546 650 2 3 15
549 530 5 1 4
553 102 9 6 43880
554 137 5 1 4
560 96 4 4 136
561 521 10 1 4
562 992 8 6 11607
577 72 5 2 9
578 96 7 2 28
578 572 10 1 4
580 528 8 5 983
584 833 1 2 4
585 208 4 1 4
585 354 2 3 41
586 530 3 1 4
608 176 7 2 35
609 768 8 1 8
611 125 5 1 4
617 908 3 1 4
618 70 8 1 4
627 418 4 1 4
635 546 4 2 10
640 160 6 1 4
640 421 4 1 4
640 525 8 1 4
648 210 8 1 4
658 26 2 2 4
660 69 7 1 4
665 260 8 2 35
668 163 8 1 4
672 717 7 1 4
700 864 6 1 8
706 460 8 1 4
709 325 4 5 2654
716 98 5 3 89
716 339 8 1 4
720 144 4 1 4
722 398 10 1 4
724 596 5 3 50
726 322 2 5 484
727 200 3 1 4
736 24 10 1 4
752 786 4 1 4
768 738 2 2 4
769 640 3 1 4
770 211 9 1 4
777 200 1 4 48
777 641 3 1 5
780 552 5 1 4
786 576 8 1 5
798 776 3 1 4
800 133 2 2 4
802 769 2 2 4
804 337 8 1 4
804 779 8 1 13
805 781 1 4 26
808 777 9 1 4
810 17 7 1 7
822 211 8 6 18477
833 999 8 3 114
834 912 3 1 5
835 264 1 2 4
870 68 10 1 4
872 50 8 1 7
897 39 4 3 47
902 420 10 1 13
904 929 9 7 161303
905 540 1 3 10
914 216 2 5 375
924 33 5 1 4
927 190 5 1 4
930 720 10 3 169
933 657 7 2 20
961 291 5 1 4
976 321 1 2 4
977 549 7 3 76
988 366 10 3 99
1000 260 7 1 4
