0 17 9 1 4
0 902 4 1 4
0 917 2 6 1445
1 565 8 3 93
2 3 7 1 7
2 8 2 2 8
3 272 3 1 4
3 277 8 1 7
4 0 7 1 7
5 584 8 5 3354
6 259 8 5 1301
7 237 6 3 54
8 552 5 1 4
8 642 6 1 4
9 526 9 1 4
10 13 3 4 106
10 75 1 2 4
13 66 9 1 4
14 376 1 6 1685
14 616 3 6 13307
15 485 3 6 2837
16 643 4 3 25
17 48 1 2 4
17 129 7 1 4
19 709 6 6 4247
22 281 1 4 25
28 42 9 1 4
32 803 7 2 13
34 292 7 1 7
34 324 8 1 4
37 520 9 1 4
40 20 8 1 13
42 140 7 3 90
42 839 3 2 10
44 10 5 1 4
52 899 8 1 4
55 278 6 6 11060
56 89 10 1 7
58 470 5 1 5
64 26 7 1 4
64 780 9 3 84
64 790 8 1 7
65 96 6 2 11
67 453 5 5 1202
68 226 3 4 122
69 138 8 7 205022
70 648 2 6 9856
72 8 9 3 68
87 353 8 1 4
87 512 6 1 5
89 4 8 1 4
90 274 7 3 80
94 954 4 4 126
97 144 4 6 14483
100 768 3 3 20
104 48 9 1 4
104 313 8 7 131915
107 129 9 1 7
108 133 2 4 105
108 514 1 8 48299
114 68 5 2 11
114 452 10 3 204
114 497 6 1 4
114 872 3 2 8
117 803 7 2 16
121 536 2 4 76
128 320 4 2 8
130 273 5 1 4
130 368 9 4 279
130 528 10 1 5
132 137 4 1 4
134 377 8 1 10
136 684 1 2 4
138 266 10 1 4
139 865 5 1 4
144 68 1 2 4
147 513 10 1 4
148 278 4 4 101
148 464 6 1 4
150 141 10 1 7
151 132 4 1 4
176 864 1 2 4
180 152 4 2 11
180 600 10 1 14
181 331 7 1 10
182 728 10 3 194
185 42 3 7 33767
193 28 8 1 4
193 375 10 1 10
194 321 10 1 4
197 100 4 1 7
198 196 4 1 4
209 513 6 1 4
212 69 3 1 4
233 212 1 2 4
237 91 2 2 4
238 620 2 4 59
240 799 10 1 4
244 356 7 1 4
244 932 5 3 64
261 72 2 4 125
266 326 2 3 19
266 336 4 1 7
272 280 3 1 4
273 693 6 1 4
275 16 2 2 7
276 538 7 1 4
285 104 1 2 4
287 448 4 2 12
288 47 10 2 21
289 753 9 1 5
290 388 9 1 4
292 524 6 1 4
294 742 4 1 5
296 336 8 4 184
296 409 6 8 263911
306 918 3 1 4
307 514 5 1 4
308 583 4 3 37
309 77 10 1 4
318 914 9 1 4
320 468 2 2 7
321 4 1 4 107
321 262 4 2 8
322 80 10 4 873
322 416 9 1 7
322 902 2 2 4
324 179 5 1 5
326 116 4 2 20
329 836 6 1 10
335 83 2 2 4
340 763 7 4 622
342 536 6 1 5
343 475 9 1 4
352 680 1 2 4
352 794 3 3 31
355 134 1 3 21
360 514 10 2 23
384 168 6 1 4
387 147 8 1 10
388 332 4 4 308
392 674 10 1 4
395 4 2 2 7
400 144 8 1 4
401 58 3 4 92
402 68 8 2 30
420 424 8 5 2269
422 736 9 3 53
425 161 7 1 7
425 746 4 1 4
433 398 4 1 4
444 769 8 1 7
449 321 4 2 17
452 48 9 1 4
454 634 2 5 551
456 105 10 3 69
456 376 8 1 4
458 743 9 1 5
472 226 3 1 4
488 334 8 1 4
496 433 4 1 5
512 96 4 1 4
512 936 6 1 4
513 548 9 1 7
515 273 8 1 4
517 132 7 1 4
517 177 9 2 17
517 233 3 1 4
519 517 5 1 5
520 328 3 1 4
520 812 8 5 2983
528 406 4 1 4
528 720 1 6 1057
529 517 8 2 18
530 325 7 4 655
532 11 5 1 5
536 244 4 1 4
544 542 1 3 7
548 586 8 1 4
549 97 10 4 355
549 146 2 2 4
552 656 9 1 4
553 36 3 1 4
557 15 1 4 50
559 557 7 1 4
564 659 7 3 98
569 385 7 1 4
572 257 1 2 5
574 696 8 1 4
576 19 5 5 921
583 129 3 1 4
585 217 8 1 4
592 856 2 2 7
601 335 10 1 4
607 393 8 2 19
609 225 1 2 5
616 450 2 3 11
618 70 10 1 4
625 5 8 1 7
625 261 6 1 4
627 3 10 1 7
629 446 1 2 4
640 246 1 4 33
640 525 6 1 9
640 659 1 2 4
645 25 7 1 5
648 98 4 2 8
662 374 9 1 4
665 3 10 4 522
672 129 10 2 49
672 717 10 10 56563550
683 278 2 2 4
688 385 2 4 108
690 110 1 2 4
697 710 4 1 4
704 370 6 2 31
704 514 3 1 4
709 843 4 1 4
740 235 4 1 4
740 778 2 4 162
768 608 2 2 4
768 736 5 1 4
768 738 1 4 42
770 67 5 1 4
774 936 4 2 8
784 549 4 1 4
800 73 5 1 4
806 232 4 1 4
830 356 4 1 4
832 548 5 2 10
834 912 1 4 40
840 96 6 2 22
840 106 6 1 10
849 1018 5 2 11
852 72 3 7 26230
856 256 3 1 4
871 264 8 2 40
872 32 7 1 4
872 50 1 3 7
902 420 2 2 4
904 231 5 1 4
904 552 1 5 242
905 248 1 4 30
905 572 1 2 4
916 777 10 1 4
921 272 1 2 4
938 261 1 2 5
938 316 2 2 4
952 37 6 1 4
961 291 4 2 8
961 472 10 1 14
966 29 9 3 93
966 197 3 1 4
976 321 9 5 5912
996 836 4 1 5
1002 652 8 3 79
1013 316 4 1 4
1020 371 3 1 5
