1484 0.0023482897505145064 
1030 0.0023264898820668273 
1861 0.0026054012627022664 
78 0.00258880047385669 
1740 0.002243859902731789 
1101 0.0023723686947718383 
1871 0.0024573058332159254 
867 0.0024625131289027448 
852 0.0022884249512391697 
436 0.0023079448362901627 
80 0.002305016771262844 
1440 0.0022432093793936132 
943 0.002499941718483017 
658 0.0023645591478253804 
1318 0.0023844086959911867 
1195 0.002434849870494455 
1505 0.002461211301068242 
1567 0.0026037737250343886 
1018 0.0023957981865924327 
67 0.0023918931865441074 
507 0.0023495912769033833 
1562 0.002397750698805663 
691 0.0023847341060393235 
1096 0.00255950551879097 
443 0.0024149982298255525 
1286 0.0019816459315072214 
533 0.0023720432940399893 
127 0.0023889644581493092 
1668 0.0022815933082362422 
1771 0.002381480016313136 
1649 0.0024016557472215905 
336 0.002412069361913838 
400 0.0023648845426378295 
966 0.0023749719096820567 
557 0.002647066859262591 
1706 0.002418903412777533 
824 0.002352194343198224 
797 0.0024963615106482003 
1940 0.0023720432940399893 
1349 0.002403608283270899 
882 0.0023915677713556046 
1932 0.0023805037940857923 
1301 0.002501243616259826 
1677 0.0023717178935610205 
1714 0.0023902661129026927 
994 0.0023844086959911867 
657 0.00238538492684803 
1009 0.0023987269579254233 
1160 0.002431595454055298 
883 0.0024849700511181292 
198 0.002486597391916741 
519 0.0025061257516995 
1128 0.0024823663133384656 
1400 0.0024771588659095794 
1356 0.0023792021678475123 
778 0.0023798529804799047 
597 0.002423459496034603 
1130 0.0023606544306565233 
1292 0.002439731529803952 
1689 0.0026981737674923027 
1405 0.002512635310760752 
1785 0.0024641404173221942 
270 0.0023938456824791027 
1259 0.0024110930763343668 
1780 0.0025259800615448865 
374 0.0023713924933353335 
986 0.002442660544983236 
724 0.002449820420203588 
785 0.002512635310760752 
1312 0.0025920555135106886 
1852 0.002580337411123205 
998 0.002415974522823908 
1554 0.0024774843302610944 
1108 0.0024381043054640186 
302 0.002416625385841325 
1305 0.002373019496992562 
751 0.002400679482142973 
338 0.0023336478986487543 
1676 0.0024156490916204245 
955 0.0024241103682301384 
461 0.002499290770394374 
183 0.0024000286398548087 
49 0.0025191449198769 
642 0.002421832318983903 
1897 0.002416299954230985 
1060 0.002380829201252826 
241 0.0023362508506393686 
1697 0.002421506884165712 
1938 0.002347964369626152 
1239 0.002433548101678221 
756 0.0024107676482246067 
1866 0.002449820420203588 
38 0.0024423350981355525 
277 0.0024149982298255525 
1357 0.002423784932034457 
992 0.002407838804679101 
734 0.002534117202067407 
921 0.00238538492684803 
1502 0.002305992789803755 
437 0.0024527494842180976 
1540 0.002460560388123843 
76 0.0024800880504351032 
1039 0.0024468913701130757 
741 0.0022467872811187 
1573 0.00237529731267176 
574 0.002404584554222673 
1201 0.0024839936483645408 
1249 0.0024931067905131863 
259 0.002483342713918431 
1035 0.002449169518972944 
48 0.0023944965162787293 
148 0.0024563294699593862 
1672 0.0024241103682301384 
1510 0.0023824562407134082 
1070 0.002422808624623653 
1990 0.0024052354026015857 
1767 0.0023505674246597145 
1628 0.002399377798448012 
971 0.0024267138648074132 
538 0.0024013303253096726 
1828 0.002400354060888897 
1518 0.002566340940838512 
1363 0.0022867983541574695 
901 0.0023583766967080816 
668 0.0023990523780760137 
700 0.0023401553146863213 
1388 0.002400679482142973 
960 0.002515890109164708 
1972 0.002391242356396842 
611 0.0024657677097401475 
235 0.0023505674246597145 
625 0.0024010049036166828 
769 0.002472276918746923 
1176 0.002434849870494455 
970 0.002541277943859187 
1539 0.0023974252795442726 
1593 0.002400679482142973 
1375 0.0024355007560155828 
997 0.0024026320142673924 
1650 0.0023746465069416287 
1382 0.002439731529803952 
587 0.002418252546930489 
1446 0.0023476389890222443 
828 0.002367162313634858 
1797 0.0024638149593173737 
491 0.0023482897505145064 
836 0.0027352840871100984 
91 0.0023421075627160877 
827 0.002420205146876802 
1773 0.0024328972183879577 
656 0.002431595454055298 
1508 0.002436151642275502 
819 0.002392869433484384 
618 0.0023723686947718383 
579 0.002416299954230985 
1085 0.002510682437711312 
1324 0.0024068625273007157 
394 0.0024966869834127737 
1054 0.0024000286398548087 
617 0.0024400569752155983 
