151 0.014123219716447538 
706 0.013768740504541946 
382 0.013460903673656299 
1882 0.013570512223485855 
737 0.013892341758012882 
1288 0.013267339698131953 
551 0.013794393612752262 
1843 0.014008947591187345 
1967 0.01355418794509393 
843 0.014452049996301376 
937 0.013617154210901235 
1172 0.013108757272734334 
688 0.013563515918005175 
1365 0.014076577696903337 
1299 0.013871352920601942 
1896 0.01454533031878596 
143 0.01397396527559312 
1 0.015426870997121112 
196 0.0141395445290922 
672 0.013803722008360202 
634 0.01356118487742337 
1658 0.013876017129304773 
623 0.013635811097837867 
917 0.013642807238857408 
776 0.01477620753383682 
212 0.01225754265014485 
1269 0.01271230157208176 
335 0.015025745035298238 
1855 0.013451575289260815 
962 0.013992622099901274 
1468 0.014482363490326675 
220 0.013621818366613126 
847 0.013577508515675334 
1510 0.013572844307739274 
436 0.012996816998631562 
712 0.013936651711325148 
863 0.013474896250989266 
885 0.013705773939810184 
997 0.01350987769478686 
698 0.013498217531411585 
