0 4 7 5 1039
0 8 10 1 4
0 17 9 1 7
0 47 9 2 21
0 112 2 2 4
0 150 5 1 4
0 156 7 3 128
0 215 2 2 4
0 265 1 5 264
0 274 8 1 11
0 352 1 6 899
0 415 1 3 11
0 552 1 2 4
0 646 5 3 40
0 670 8 5 2857
0 674 8 1 4
0 679 9 1 7
0 704 3 4 99
0 917 2 7 14484
0 936 2 5 1138
1 7 3 2 6
1 15 1 4 35
1 82 9 2 19
1 135 6 1 4
1 228 2 2 4
1 292 8 3 79
1 481 6 5 4008
1 535 1 2 4
1 565 1 3 14
1 644 5 6 6771
1 768 10 1 4
1 825 9 1 6
2 0 2 4 196
2 3 6 1 7
2 8 8 1 13
2 167 10 3 140
2 328 4 5 479
2 523 8 1 11
2 826 3 7 15274
3 24 6 1 4
3 272 3 3 23
4 15 9 3 154
4 50 1 6 1354
4 60 5 1 4
4 64 10 1 4
4 248 5 2 12
4 284 4 3 32
4 368 8 3 82
4 517 5 2 25
4 576 7 1 4
4 683 8 3 143
4 774 1 2 4
4 808 8 1 4
5 18 3 4 73
5 216 6 2 27
5 584 3 2 6
6 148 2 2 4
6 259 10 1 4
6 268 9 1 4
6 512 6 2 11
6 1002 4 6 5335
7 110 2 6 1654
7 715 10 1 4
8 1 3 3 23
8 19 1 5 556
8 32 7 1 4
8 42 3 3 25
8 58 10 1 7
8 273 4 1 4
8 393 9 1 4
8 486 6 5 923
8 552 8 6 7868
8 642 9 7 223919
8 902 5 3 44
9 39 8 1 4
9 43 10 1 4
9 823 5 1 4
10 75 3 1 4
10 160 7 1 4
10 523 4 1 4
11 204 3 3 49
11 752 5 7 40462
12 0 2 5 573
12 24 6 2 28
12 634 4 1 4
13 66 2 2 4
13 192 3 1 4
14 127 3 4 198
14 152 8 7 53978
15 485 2 2 4
15 659 9 1 4
15 854 9 1 4
16 9 6 1 4
16 24 9 1 7
16 64 3 3 47
16 132 8 1 4
16 148 2 6 1508
16 198 3 6 6643
16 516 8 1 13
16 806 9 2 36
18 51 5 1 4
18 203 2 3 21
18 215 6 1 4
18 290 7 1 4
18 641 2 5 439
18 645 7 1 7
19 24 10 4 579
19 709 8 3 55
20 1 6 6 4188
20 10 6 1 10
20 176 10 1 17
20 194 5 5 2584
20 786 2 2 4
21 116 10 6 9907
21 308 8 1 9
22 24 1 2 4
22 97 5 1 4
22 565 9 2 30
24 9 9 1 7
24 533 2 2 4
24 781 8 2 18
25 592 5 3 44
26 22 8 1 13
26 109 3 1 4
28 42 2 4 143
28 192 6 2 23
28 624 3 4 72
28 647 2 8 172099
29 327 5 2 19
29 532 9 1 6
29 809 7 1 4
30 52 2 2 6
30 129 6 8 384951
30 588 10 4 448
32 33 6 3 38
32 42 3 3 44
32 185 7 3 53
32 196 7 1 4
32 204 6 1 7
32 388 7 5 1081
32 414 3 2 14
32 514 1 4 36
32 612 3 1 4
32 721 3 2 8
32 848 4 4 358
32 960 2 4 217
33 2 4 9 12440136
33 26 1 9 465674
33 64 2 2 4
33 276 4 3 44
34 292 6 2 11
34 561 3 3 30
34 720 2 2 4
34 800 5 7 72732
35 65 5 1 4
35 551 5 1 4
36 48 6 1 4
36 320 3 2 11
36 448 7 3 79
36 858 3 2 11
37 13 2 2 4
37 364 6 1 4
37 594 2 3 20
37 640 10 3 97
37 673 3 3 37
38 1 2 4 45
39 3 8 3 134
39 48 9 1 4
39 520 3 6 2896
39 982 7 4 540
40 528 6 1 4
40 605 3 4 133
40 756 2 2 4
41 276 5 3 30
41 321 7 3 47
41 513 4 3 27
42 42 9 4 284
42 140 8 1 13
42 329 5 1 7
42 411 9 1 9
42 839 2 5 372
44 10 3 1 4
44 47 1 5 114
44 524 5 3 29
45 23 5 1 6
45 50 4 1 7
45 74 8 9 13258265
45 266 10 3 59
45 615 5 4 227
45 808 9 1 8
46 57 1 2 4
47 1022 8 1 4
48 67 5 1 4
48 168 5 2 9
48 176 10 1 4
48 193 2 2 4
48 708 9 2 26
48 789 8 1 9
49 17 6 3 74
49 313 10 3 82
51 70 4 2 11
51 516 10 6 12771
52 46 9 1 4
52 188 9 5 3920
52 256 10 6 7469
52 390 2 9 1509325
52 899 8 1 8
54 718 3 1 4
55 278 5 1 4
56 267 2 3 21
56 544 1 4 86
56 560 4 1 4
57 5 9 1 11
57 128 4 2 13
58 113 3 1 4
58 470 1 4 33
59 58 8 3 58
59 292 2 7 56457
59 453 4 10 32117598
59 583 7 1 4
60 3 1 6 2443
60 112 10 3 94
60 948 4 2 14
61 644 7 1 7
61 648 3 2 6
64 1 2 4 115
64 192 9 5 2838
64 272 10 1 4
64 756 6 3 97
64 771 10 8 637719
64 780 7 1 4
64 790 9 4 462
65 61 10 8 3588147
65 274 5 1 4
65 421 6 1 4
65 515 2 2 4
66 545 6 1 7
67 16 3 2 7
67 37 9 1 4
67 840 2 4 209
68 153 2 4 114
68 226 8 4 893
69 138 8 2 37
69 529 3 3 36
69 572 5 1 4
69 768 2 4 152
70 109 4 2 11
70 212 3 3 17
70 431 4 3 25
70 608 10 1 4
70 648 7 1 12
71 264 1 4 34
71 409 1 3 11
71 700 7 1 7
72 533 7 9 16112769
72 961 4 1 6
73 39 4 5 764
73 640 4 2 9
73 870 6 1 4
74 512 3 1 4
74 548 6 1 6
74 600 8 1 4
75 576 9 5 1248
76 76 10 1 4
76 84 1 3 22
76 133 9 1 4
76 262 8 3 112
77 456 3 3 59
78 288 3 2 7
78 517 3 5 380
78 784 7 8 2274101
78 919 2 3 23
79 386 1 4 28
80 0 7 1 7
80 82 7 1 4
80 211 1 2 4
80 920 5 1 6
81 807 7 3 63
81 852 1 9 1081789
83 115 1 3 7
83 124 2 6 3270
83 304 10 1 4
83 617 3 4 328
83 784 5 1 4
84 64 8 1 4
84 216 2 2 4
84 490 5 3 48
85 31 8 1 4
85 65 3 3 18
86 234 4 2 11
86 524 1 2 4
87 353 9 1 4
87 512 1 3 7
89 2 5 3 33
91 951 7 1 4
92 38 5 3 53
92 91 7 1 7
93 134 2 2 9
94 869 4 1 4
95 20 6 1 4
95 34 5 1 4
96 80 9 5 1319
96 103 4 1 4
96 148 4 3 67
96 220 10 1 6
96 276 4 2 11
96 304 10 1 4
96 321 1 3 12
96 356 7 1 4
96 547 7 5 1911
96 776 9 1 8
96 820 2 4 125
97 18 5 1 4
97 130 2 2 4
97 144 6 1 4
97 167 7 1 8
97 525 6 1 9
98 401 5 1 4
98 671 5 1 6
98 928 1 4 23
100 752 6 1 7
100 768 6 1 4
101 161 8 3 49
101 392 10 1 4
102 166 8 7 95129
104 26 2 4 59
104 28 10 4 457
104 64 8 1 4
104 132 4 6 3185
104 313 7 1 9
105 779 5 5 1706
107 129 9 1 6
112 107 6 4 299
112 165 6 1 9
114 452 2 2 4
114 497 9 1 14
114 872 9 1 7
117 803 1 8 148878
118 565 3 4 113
119 446 4 5 1869
120 0 9 2 16
122 185 10 1 9
123 600 4 2 9
124 304 5 6 3849
124 348 8 3 138
125 268 10 1 4
128 1 6 4 635
128 10 2 7 38696
128 58 7 1 4
128 200 6 1 4
128 208 8 1 4
128 320 7 7 43215
128 433 6 3 40
128 628 9 2 16
128 770 4 5 478
129 0 6 2 23
129 10 9 3 62
129 39 9 2 19
129 88 2 3 11
129 584 1 4 45
130 78 10 2 18
130 520 8 1 11
130 532 1 3 14
130 540 2 2 6
132 94 3 3 32
132 372 9 5 2517
132 713 2 2 4
132 916 8 1 4
132 957 7 1 4
133 23 9 1 4
133 138 7 1 7
133 614 3 2 7
134 67 1 2 4
134 208 6 9 2512133
134 377 2 2 4
135 258 9 1 4
136 21 5 5 1597
136 39 6 1 7
136 160 5 5 1621
136 610 10 1 7
136 657 6 3 101
136 684 3 2 6
136 831 3 1 4
137 148 2 5 403
137 325 9 1 4
138 415 7 1 4
138 902 4 3 54
139 87 1 2 4
139 865 2 3 28
140 168 1 2 4
140 724 2 5 349
140 776 8 5 1217
142 641 4 3 54
143 116 3 1 4
143 144 5 3 84
144 18 3 1 4
144 68 5 4 113
144 433 8 1 4
144 800 7 2 19
145 1 8 7 276637
145 2 8 1 4
145 184 5 3 28
145 273 3 2 9
145 392 5 7 27999
145 513 5 3 78
146 146 9 3 130
146 396 2 3 20
147 513 10 2 23
148 1 8 2 39
148 139 9 1 8
148 464 3 1 4
148 912 4 1 7
149 649 1 2 4
150 160 4 1 4
151 102 5 1 4
151 132 1 6 796
153 26 6 1 6
153 151 6 1 4
153 592 7 1 4
156 54 6 1 7
156 133 6 1 4
156 521 7 1 11
156 814 2 4 89
157 404 7 1 9
159 526 10 2 30
160 34 8 1 4
160 81 4 6 7601
160 644 9 9 31365192
161 21 7 1 4
161 40 9 8 1856179
161 326 6 2 11
161 376 5 1 4
161 524 6 1 4
161 717 8 2 18
161 898 1 2 4
162 160 6 4 154
162 290 9 2 28
162 306 10 1 7
163 361 5 1 7
164 34 5 3 73
164 217 7 5 1094
164 264 5 2 23
164 280 3 4 145
164 329 4 1 4
164 481 3 2 6
164 636 6 1 9
165 141 4 2 16
166 686 7 1 4
167 289 4 5 599
167 384 1 2 4
167 456 4 4 227
168 52 8 1 8
168 68 7 1 4
168 98 10 1 4
168 480 4 2 14
169 25 5 2 14
171 810 7 3 49
172 8 5 2 16
172 32 7 1 9
172 664 5 1 6
173 261 1 3 18
174 493 5 1 7
174 582 10 1 4
175 863 2 2 4
176 824 5 1 4
176 916 8 1 7
177 280 9 3 88
177 611 2 2 4
177 744 5 3 74
178 580 9 2 42
178 797 9 2 23
180 19 3 8 474746
180 152 9 1 4
181 331 1 5 558
181 964 5 4 230
182 728 6 4 308
184 141 6 1 7
184 161 2 3 33
185 5 2 2 4
185 42 10 1 4
186 272 6 2 21
186 582 2 2 9
192 72 1 2 4
192 177 10 1 4
192 392 4 1 4
192 536 3 4 243
192 898 5 1 6
192 999 3 3 21
193 8 3 3 24
193 28 2 4 47
193 131 1 3 8
193 375 4 3 64
193 422 7 1 9
193 718 3 1 4
194 321 6 2 14
194 677 6 5 1108
196 286 3 1 4
196 377 8 5 4664
197 100 2 2 4
197 297 4 2 18
197 769 3 1 4
198 3 6 9 3054509
198 196 8 1 4
198 812 6 1 4
200 445 8 2 18
200 577 10 1 4
200 924 6 1 4
201 39 9 1 7
202 11 7 1 9
205 457 1 4 45
208 12 6 1 4
208 88 1 2 4
209 55 2 2 6
210 1 6 7 40879
212 285 6 1 6
214 585 8 1 7
216 138 10 4 333
216 792 9 1 4
217 923 1 2 4
219 389 9 1 7
220 658 3 1 4
222 532 7 3 120
222 852 10 8 485427
225 316 2 3 12
225 948 5 2 23
226 157 4 3 52
230 9 5 1 7
231 290 3 1 4
232 5 3 2 7
232 65 2 2 4
232 80 7 1 7
232 130 1 3 21
233 212 5 1 4
233 973 8 1 7
234 848 4 1 4
235 281 1 3 8
235 645 8 4 233
238 642 9 3 59
239 370 6 1 7
240 18 10 2 21
240 66 9 1 4
240 914 6 2 21
241 206 5 2 24
241 245 9 1 15
242 156 8 1 4
244 33 7 1 4
244 356 3 1 4
245 705 4 1 4
246 64 10 2 50
248 0 9 1 4
248 290 4 2 9
248 902 9 1 11
250 46 1 5 353
256 1 4 1 6
256 4 1 3 8
256 5 10 1 7
256 68 2 7 15567
256 69 3 2 7
256 160 6 5 3184
256 243 5 4 501
256 312 8 5 1643
256 344 8 1 6
256 416 6 1 7
256 522 3 2 9
256 705 7 2 20
256 764 8 5 2845
256 772 3 1 4
256 904 7 1 4
257 272 5 1 4
257 806 1 5 182
257 912 10 2 24
258 24 6 1 7
258 34 8 1 4
258 880 2 4 96
259 226 10 2 18
259 268 8 3 157
260 256 5 3 52
260 295 2 2 9
260 522 10 5 1315
260 545 8 6 7635
260 678 5 5 3437
261 8 1 3 8
261 67 6 1 4
261 72 6 3 32
261 672 3 1 4
261 995 6 1 6
262 32 7 1 6
262 134 7 2 30
262 193 9 1 14
262 256 6 1 4
262 906 1 5 129
262 1013 7 2 14
264 296 9 1 14
264 320 5 2 9
264 568 10 3 56
265 632 1 3 15
266 11 5 3 28
266 326 5 3 33
266 336 9 3 118
267 523 8 2 24
267 581 2 7 12362
268 12 4 2 21
268 192 5 2 11
268 524 1 2 4
268 577 2 2 4
269 640 10 3 76
270 532 3 5 465
270 642 1 2 4
272 162 1 4 74
272 208 3 1 4
272 234 6 1 4
272 259 1 5 250
272 554 7 5 2474
272 640 2 2 4
272 684 7 3 45
272 899 2 2 8
273 47 2 2 4
273 693 4 1 4
274 98 1 8 198516
274 334 1 4 48
275 133 4 4 91
275 401 4 4 410
275 485 10 4 368
276 288 7 1 4
276 392 10 3 180
276 394 2 8 368313
276 628 5 1 4
276 661 7 2 14
277 8 6 2 25
277 27 10 1 4
277 128 5 4 263
278 258 7 2 25
279 18 6 1 6
279 901 10 4 292
280 82 3 3 20
280 600 8 1 4
280 674 10 1 11
281 101 9 1 7
282 576 10 1 4
282 787 5 1 4
283 514 4 5 756
287 448 6 3 34
287 802 8 7 279863
288 224 8 1 4
288 292 2 6 6981
288 341 2 2 4
288 776 9 1 9
289 36 4 9 2199558
289 60 4 4 350
289 345 8 3 77
289 472 2 3 20
290 388 4 1 7
291 768 9 1 4
291 967 3 2 9
292 7 1 5 164
292 524 10 1 4
294 27 8 2 17
294 864 7 1 12
296 57 9 2 23
296 288 7 6 5254
296 336 3 5 1531
296 409 2 2 4
296 516 4 1 7
297 167 3 2 7
297 389 8 1 9
297 742 8 1 4
299 78 8 1 7
299 291 10 3 172
300 29 3 3 23
300 140 1 3 7
301 274 10 3 213
301 777 3 4 152
304 8 9 1 4
304 258 10 1 4
304 292 5 3 63
305 11 9 1 4
305 34 7 6 5594
305 576 7 5 1332
306 36 9 1 4
306 918 9 1 11
308 21 7 2 13
308 692 3 7 20961
308 832 7 1 4
308 848 6 1 4
309 77 2 2 8
309 774 8 1 4
310 44 5 7 113120
310 936 1 3 7
312 514 8 1 4
314 376 2 3 39
314 518 3 1 4
318 914 4 4 91
320 29 6 1 4
320 315 3 1 4
320 407 4 1 4
320 428 9 1 4
320 641 4 1 4
321 337 5 5 775
321 768 7 1 7
322 0 9 5 1586
322 80 1 3 6
322 272 1 2 4
322 899 3 2 7
322 902 9 1 4
323 360 6 3 86
323 515 6 1 4
324 16 2 5 330
324 200 3 4 115
325 74 4 2 16
325 614 7 3 105
325 720 10 3 60
326 11 2 3 14
326 116 6 3 35
326 280 9 1 4
328 853 7 2 13
329 35 10 1 4
329 836 2 4 54
330 8 8 6 29167
332 643 7 5 3168
334 265 1 3 11
334 288 2 2 4
335 83 8 1 7
336 18 9 6 7851
336 100 4 1 4
336 576 2 3 11
336 632 2 2 4
337 768 3 4 134
338 33 1 3 7
338 160 7 4 427
338 169 8 1 4
340 0 3 3 28
340 106 4 1 7
340 704 3 3 55
341 576 8 3 81
342 15 10 1 6
342 168 10 1 4
342 272 6 2 11
342 536 9 1 11
343 475 10 1 9
344 188 10 1 6
344 676 1 3 16
345 32 4 5 512
345 728 8 4 277
346 11 1 5 134
347 11 10 1 4
347 296 1 2 4
347 313 7 1 4
352 409 3 5 401
352 794 2 5 457
352 860 3 4 70
353 389 2 2 4
353 684 1 2 4
354 25 2 2 4
354 969 3 5 1921
355 134 5 3 110
355 634 10 1 6
356 800 9 5 1104
357 433 9 1 9
360 555 4 1 4
360 732 9 1 4
360 784 9 1 4
360 810 8 1 4
363 424 6 2 27
364 740 8 1 4
368 49 5 3 74
368 925 7 5 859
372 352 7 1 7
375 77 8 1 7
376 193 7 1 4
379 333 2 8 98893
380 339 6 4 673
384 6 6 4 173
384 156 9 3 77
384 332 10 3 159
384 423 10 1 4
384 457 8 1 7
384 531 9 1 11
384 692 4 1 4
385 2 9 9 5686454
385 75 7 1 4
385 213 4 1 4
385 214 4 7 80976
385 563 8 5 2964
386 64 1 2 4
386 158 9 6 6269
386 206 8 5 1085
386 275 6 3 64
386 849 7 2 16
386 912 2 2 4
387 147 6 2 21
387 1016 9 3 141
389 596 3 1 4
391 461 6 1 6
391 800 3 1 4
392 38 9 1 6
392 553 3 1 4
394 80 3 8 532532
394 590 10 1 7
396 536 1 3 11
396 960 1 2 4
397 305 10 1 6
397 518 3 6 5179
398 943 3 3 19
400 21 10 2 19
400 144 10 1 6
401 932 7 1 7
402 80 7 2 37
402 769 6 2 16
403 20 6 1 4
404 298 6 1 4
405 160 3 2 12
406 928 8 1 4
407 591 9 1 4
408 66 9 3 124
408 576 1 4 101
409 66 8 6 23023
409 417 7 4 263
409 888 1 2 4
410 520 6 3 63
412 6 2 2 4
414 932 4 3 23
415 101 10 2 26
416 52 1 2 4
416 279 8 6 20653
416 832 1 3 18
417 577 9 3 102
419 7 3 1 4
420 32 9 4 597
420 114 7 6 7005
420 288 2 2 4
420 538 7 2 26
423 384 2 5 322
424 481 9 1 4
425 261 1 4 58
425 746 9 1 4
425 776 9 3 56
427 580 9 1 4
428 32 2 5 1313
428 194 2 6 5537
428 620 9 4 409
428 880 5 2 11
430 68 8 2 16
430 203 6 1 9
433 24 4 2 11
433 197 1 2 4
433 398 2 4 55
436 597 7 6 23512
436 641 9 3 49
441 21 9 2 19
442 691 2 2 4
444 769 5 1 4
448 513 5 1 4
449 321 8 2 26
452 48 9 1 4
452 205 4 1 4
452 512 7 4 506
454 9 7 1 4
454 437 8 1 4
456 105 1 2 4
458 101 9 4 242
460 197 7 1 4
460 462 10 2 23
462 516 9 2 25
464 265 4 2 15
465 761 9 6 9583
467 211 2 4 49
467 300 1 3 6
469 425 9 1 8
472 226 2 3 21
473 6 3 2 15
473 600 8 1 6
476 775 6 3 70
480 665 3 4 250
480 928 5 2 14
481 288 1 2 4
482 208 3 5 376
482 285 6 5 1583
483 276 1 3 7
488 3 7 1 8
488 334 2 2 7
489 64 4 1 6
491 112 10 1 11
496 978 6 1 4
505 332 4 2 9
506 706 7 1 7
512 1 10 1 6
512 5 7 2 21
512 36 1 3 11
512 52 3 2 9
512 65 6 1 7
512 96 9 2 44
512 420 9 5 2497
512 453 4 2 18
512 482 7 1 7
512 522 1 2 4
512 685 7 3 48
512 936 10 1 4
513 5 4 1 4
513 42 10 2 36
513 65 6 1 4
513 315 9 7 48523
513 644 6 1 4
514 572 4 1 7
515 273 4 2 16
516 33 9 1 4
516 169 2 3 29
516 357 8 3 44
516 442 2 4 155
516 582 2 8 237422
517 0 9 5 1156
517 8 6 7 98145
517 34 1 3 11
517 132 5 1 4
517 177 2 2 7
517 233 10 1 4
517 281 2 2 9
517 534 5 1 4
520 94 6 4 195
520 296 9 1 4
520 436 9 1 4
521 81 2 2 4
521 229 9 1 6
521 450 7 1 4
521 546 3 5 878
521 554 3 4 107
521 560 7 5 3357
522 1 10 2 32
522 234 5 1 4
522 549 2 7 47073
524 159 6 1 4
524 173 2 2 4
524 520 2 3 11
525 134 4 4 342
525 820 5 6 4019
526 548 10 2 44
526 776 8 1 9
528 10 4 3 30
528 36 10 1 4
528 97 10 1 4
528 344 8 3 95
528 801 9 1 4
529 16 6 1 4
529 260 4 3 33
529 517 6 1 4
529 737 10 1 11
529 836 2 3 42
530 20 8 1 4
530 278 7 1 4
530 325 9 1 7
530 522 3 5 560
532 11 10 3 63
532 292 1 2 4
532 853 4 4 428
534 6 2 6 3566
534 425 9 1 4
534 932 4 1 7
535 10 6 1 9
536 10 8 1 9
536 412 9 1 4
536 687 8 4 547
540 256 10 1 4
541 344 3 1 4
544 6 7 4 163
544 21 2 8 688296
544 24 4 7 77274
544 401 1 2 4
544 429 4 3 82
544 551 4 1 7
545 209 8 5 1939
545 743 7 1 6
545 914 1 3 6
546 2 8 1 4
546 263 9 1 11
546 758 3 2 6
546 900 7 2 13
547 265 7 2 23
548 169 10 1 7
548 512 6 1 4
548 586 9 4 345
549 68 1 3 13
549 647 9 7 108538
550 800 7 4 793
551 4 7 2 27
552 136 7 1 4
552 640 9 1 6
552 932 10 1 4
553 36 5 1 4
554 4 2 2 4
556 409 2 3 36
557 6 8 1 4
557 770 2 2 4
559 557 5 9 2220439
560 18 9 1 4
560 96 3 1 4
560 104 4 1 7
560 168 2 8 386035
560 354 8 5 1957
561 10 6 6 9545
561 993 7 2 27
562 162 6 2 11
562 977 7 5 1330
562 992 7 6 29908
563 20 8 2 24
563 410 1 3 7
564 28 8 4 536
566 4 4 1 4
566 44 7 1 4
566 132 9 6 8786
567 793 4 3 49
569 522 7 3 149
571 100 1 3 9
571 457 8 1 4
572 64 8 1 4
572 257 8 1 4
573 886 6 1 4
576 4 7 1 11
576 5 7 1 4
576 19 2 2 8
576 133 2 3 13
576 525 10 1 11
576 547 9 2 43
577 72 8 2 16
577 222 7 7 43680
577 577 10 2 47
577 661 10 3 62
578 136 6 2 21
578 572 7 1 9
578 575 5 2 11
579 80 10 1 4
579 136 10 9 14249145
579 789 2 3 11
580 64 2 2 4
580 507 7 1 4
580 528 9 1 4
581 645 9 1 7
583 129 4 1 4
584 432 9 1 4
585 64 8 1 4
585 208 2 6 9582
585 354 8 4 300
585 389 1 2 4
586 530 3 1 4
590 276 5 2 22
590 300 9 1 4
590 520 6 1 7
590 788 7 2 27
591 147 1 4 48
592 322 3 1 4
592 528 3 3 45
592 566 7 1 4
592 585 4 6 4552
592 856 8 1 4
593 429 8 4 703
595 58 10 1 13
595 557 5 1 4
596 33 5 1 4
596 91 7 4 478
599 92 10 1 4
599 569 1 2 4
600 115 1 3 19
600 562 5 1 7
600 573 1 8 46144
600 575 7 1 4
601 431 8 1 6
602 480 9 1 4
604 913 2 2 7
604 1006 4 5 685
605 80 4 1 4
606 281 8 6 6352
606 807 9 6 9177
608 522 7 2 23
608 576 2 3 23
608 648 8 1 4
609 210 3 5 877
609 225 2 5 246
609 526 10 5 1625
609 768 10 6 9612
610 24 1 4 34
611 125 5 3 45
614 936 6 2 14
616 450 4 2 13
616 806 6 1 7
617 374 7 2 21
618 70 2 3 12
618 1004 3 1 4
619 76 10 5 2208
623 1000 1 4 42
624 579 2 3 44
625 5 8 5 2563
626 114 3 3 37
626 528 3 4 236
627 3 7 1 7
627 977 1 3 9
628 76 4 1 4
629 446 8 1 4
633 812 4 5 624
637 73 9 2 16
638 161 4 1 4
640 16 10 1 16
640 160 3 3 33
640 246 2 3 41
640 467 3 3 40
640 732 3 1 4
640 938 10 6 21100
640 952 1 7 6010
641 192 10 1 4
642 512 7 1 4
642 562 5 2 13
642 724 8 1 14
643 73 7 5 1396
643 775 3 2 11
644 387 8 1 4
644 660 9 3 84
644 756 4 4 133
644 769 1 2 4
645 963 2 3 11
646 289 8 1 6
646 388 3 7 52671
648 76 3 7 103959
648 210 8 1 4
648 369 8 3 55
648 769 5 2 14
649 4 1 2 4
649 48 5 1 4
650 953 6 4 186
652 594 3 3 39
654 129 9 1 4
654 565 3 5 1415
655 761 6 4 459
656 3 5 4 150
656 259 10 1 4
656 370 10 1 4
656 833 3 7 48661
657 201 5 2 21
658 10 10 3 63
658 640 3 1 4
660 69 7 1 4
660 85 5 1 4
660 648 7 1 8
661 244 10 2 18
661 608 1 2 4
662 374 8 1 13
664 16 8 1 11
664 205 3 1 4
664 781 9 3 143
665 3 2 2 4
667 587 5 2 9
668 163 4 3 68
668 749 9 5 4864
670 515 10 2 18
672 64 3 3 50
672 129 2 2 4
672 514 4 3 29
672 608 10 1 7
673 104 8 1 4
674 401 9 2 23
674 672 1 5 161
675 470 2 4 166
676 52 5 1 6
678 237 5 6 10307
679 556 7 2 16
680 20 6 7 65155
680 39 1 3 19
680 105 8 6 16207
680 450 8 1 7
681 33 1 6 2394
682 14 7 1 4
683 278 1 5 235
686 593 6 2 19
688 385 3 4 214
689 80 7 4 497
691 12 8 1 11
693 397 1 5 124
694 6 10 1 11
694 931 4 1 4
694 976 8 1 4
696 885 6 2 11
700 229 6 7 58268
701 941 2 3 11
704 34 8 1 4
704 76 4 1 4
704 292 8 1 4
704 370 4 5 739
704 514 9 1 13
705 854 4 2 11
706 17 4 1 4
706 161 9 5 4686
706 460 8 2 16
708 108 4 1 4
709 325 5 1 4
709 644 2 2 4
710 2 8 1 9
711 19 6 3 54
712 141 8 5 1108
712 283 6 4 352
712 294 3 2 6
712 862 6 1 4
713 593 2 2 4
713 837 2 2 7
716 98 7 2 25
716 339 1 5 446
716 649 6 5 896
716 842 4 1 4
719 512 2 3 32
720 144 5 2 14
721 104 5 4 144
721 170 4 7 80990
721 323 6 1 4
722 82 6 1 4
722 100 3 2 13
722 104 8 1 7
722 258 3 1 4
722 393 4 1 4
722 464 3 2 7
723 142 6 3 43
724 596 7 1 4
725 44 4 7 103917
732 834 7 6 23099
737 25 1 5 259
737 64 1 5 222
737 288 10 1 14
737 610 2 2 4
738 970 9 1 4
740 235 10 3 69
740 778 5 1 7
741 45 2 3 13
741 260 1 4 59
743 787 10 1 9
744 124 5 1 4
744 280 9 3 112
744 762 2 2 4
746 536 6 3 90
752 261 5 1 4
752 786 8 1 7
754 32 7 2 14
759 130 4 6 14825
760 40 6 5 1673
760 257 10 1 4
760 300 2 2 6
765 513 2 2 4
768 326 4 5 1333
768 608 10 1 8
768 926 10 1 4
769 34 2 3 11
769 773 10 2 18
770 67 2 8 282892
770 256 4 2 19
770 515 7 1 4
771 793 4 5 482
771 800 9 8 1705992
772 0 7 1 4
772 32 2 3 36
772 130 2 6 2746
774 936 4 1 4
775 48 3 6 8960
776 586 3 2 6
777 6 7 1 4
777 200 8 1 7
777 539 4 1 7
777 554 3 3 16
778 389 1 2 4
780 14 4 3 37
780 193 7 1 4
780 552 3 2 11
780 901 7 1 11
781 222 8 1 7
781 496 2 3 16
782 226 6 2 12
782 405 10 1 4
784 514 9 1 4
784 841 3 2 6
785 257 8 3 45
786 142 6 2 11
786 521 6 1 4
786 914 4 1 4
787 199 1 2 4
788 25 1 2 4
788 324 2 2 4
788 332 9 2 45
792 274 4 2 17
792 540 3 5 698
792 594 1 5 693
793 52 1 3 16
793 498 10 1 9
795 661 1 3 7
798 776 7 1 4
800 97 4 1 4
800 133 9 2 33
801 34 2 2 4
801 312 1 2 4
804 0 7 1 9
805 387 2 2 4
805 781 6 3 96
806 480 4 1 4
808 526 7 8 759297
808 945 8 2 19
810 17 8 3 90
812 778 5 7 41223
814 161 3 8 859281
814 264 10 1 12
814 523 1 2 4
814 905 9 1 7
816 18 4 1 4
816 24 9 2 35
817 784 8 1 4
818 253 7 4 369
821 236 5 2 23
822 211 10 7 354019
828 592 10 1 7
830 356 4 2 21
832 21 8 1 4
832 30 10 1 4
832 281 3 1 4
832 304 2 10 44963636
834 32 4 7 21799
834 67 3 3 25
834 104 3 1 4
834 148 9 2 18
834 912 7 2 16
835 392 6 1 6
835 583 9 5 4467
836 86 5 1 6
836 485 10 1 4
839 21 5 6 10102
840 96 5 1 6
840 106 1 10 4108075
840 545 9 1 13
841 32 1 2 4
843 939 8 1 6
845 561 4 6 6093
845 624 1 6 2315
848 90 10 1 7
848 188 8 1 7
848 899 5 1 8
850 308 1 3 17
851 195 7 2 18
852 72 9 2 17
852 824 4 5 1876
856 256 5 6 4787
856 866 1 5 187
857 42 7 4 284
862 130 7 1 12
864 786 2 2 4
866 260 5 1 4
868 332 7 2 16
870 68 5 5 711
871 264 4 6 5333
872 50 5 2 9
873 9 1 5 575
874 360 7 1 4
882 778 4 1 6
884 802 10 3 117
885 601 7 1 7
894 392 7 5 1547
895 603 9 1 14
896 330 8 1 4
896 868 2 3 11
897 39 7 1 4
897 115 10 1 4
897 523 1 3 7
898 336 10 1 4
898 699 7 1 6
899 537 8 1 4
900 4 10 1 4
902 420 2 2 7
904 231 6 3 32
904 888 5 6 3494
904 929 8 4 508
905 248 7 1 8
905 572 5 1 4
906 137 10 1 9
906 328 3 4 81
908 456 7 4 227
910 614 10 1 4
911 10 9 1 6
911 896 6 1 4
912 2 9 1 6
912 129 9 1 11
912 388 7 2 18
914 216 4 3 25
914 776 5 1 7
914 968 4 1 4
916 742 1 6 1325
920 200 2 6 1529
921 320 6 2 30
922 8 10 6 44909
922 784 8 1 4
928 384 7 2 14
928 516 3 3 48
929 10 8 4 691
929 257 3 3 20
929 316 1 3 6
930 547 4 1 4
930 720 4 1 4
931 657 9 1 4
932 274 2 3 39
932 783 10 1 4
934 94 4 1 4
938 261 9 1 4
938 552 4 1 4
940 512 5 2 11
945 456 5 1 7
948 9 1 3 14
952 37 2 3 35
961 131 7 1 7
961 333 2 2 4
961 472 8 1 4
966 197 5 7 50726
966 555 7 5 1722
968 352 10 2 19
968 360 3 3 62
969 769 10 1 7
975 205 3 8 177409
976 779 8 1 6
977 34 6 2 11
978 817 3 1 4
984 324 8 1 4
984 483 6 1 4
986 772 4 5 904
988 366 4 1 4
990 35 5 4 266
996 836 8 4 228
998 179 9 2 25
1000 260 4 1 4
1001 286 2 2 4
1004 129 4 1 7
1011 36 10 1 4
1013 316 10 7 369286
1018 358 2 5 401
1020 385 2 2 7
1021 643 1 3 7
