0 8 8 1 4
0 17 2 2 4
0 18 4 2 10
0 29 10 1 4
0 47 10 3 59
0 112 9 3 197
0 150 1 2 4
0 215 3 2 8
0 265 4 1 7
0 415 8 1 10
0 618 2 5 526
0 646 8 4 775
0 674 8 2 24
0 679 3 6 5306
0 704 8 3 57
0 902 7 1 4
0 917 9 2 43
0 936 4 1 4
1 15 7 1 12
1 30 8 3 98
1 228 8 1 4
1 292 5 4 147
1 357 10 1 4
1 705 4 1 4
1 768 1 2 4
2 0 1 3 7
2 3 8 3 98
2 8 4 3 28
2 167 1 2 4
2 260 6 4 278
2 267 7 1 4
3 131 8 1 10
3 277 3 9 1650409
3 530 7 1 4
3 592 6 1 7
3 652 3 2 8
4 4 8 1 4
4 24 8 1 4
4 50 8 5 1615
4 284 1 3 19
4 368 7 4 621
4 576 5 1 7
4 803 8 4 828
5 18 2 4 94
5 584 4 1 4
5 887 6 1 4
6 259 6 6 4542
6 267 9 2 32
6 798 4 5 1987
7 81 1 2 3
7 110 6 1 4
7 237 4 3 27
7 715 2 2 7
8 1 6 2 28
8 2 8 3 54
8 19 3 6 11422
8 32 6 1 4
8 272 7 1 7
8 273 7 1 4
8 393 8 3 77
8 552 7 6 7285
8 642 2 2 4
8 656 2 2 4
8 735 4 1 4
8 902 5 1 4
9 39 1 6 3644
9 43 10 1 4
9 416 4 1 4
9 526 7 1 4
9 823 5 2 13
9 907 3 3 25
10 40 3 3 52
10 84 9 1 4
10 518 1 2 4
10 523 2 4 52
10 584 4 1 4
10 680 4 7 39920
10 778 2 4 123
11 204 6 1 4
12 0 10 6 47366
12 24 7 5 822
12 55 6 2 13
12 65 5 5 773
12 634 9 1 4
13 224 5 1 5
13 780 4 1 4
14 127 9 1 4
14 152 5 2 16
14 210 9 1 4
14 321 3 2 11
14 376 1 2 4
14 584 3 2 13
15 352 6 2 12
15 485 5 1 4
15 854 10 5 2956
16 9 10 1 4
16 24 1 4 29
16 64 6 2 24
16 132 8 1 5
18 51 3 2 12
18 215 2 2 7
18 290 7 1 10
19 657 5 1 4
19 709 6 1 4
20 28 10 3 125
20 36 2 3 18
20 69 7 2 36
20 194 10 3 55
20 786 9 1 7
21 116 10 3 172
21 308 3 7 107637
22 68 6 8 1379590
22 97 3 3 36
22 133 5 1 8
22 320 6 1 4
22 565 9 1 4
23 886 8 2 35
24 9 1 3 8
24 533 3 1 4
24 781 4 1 4
24 786 7 3 89
24 848 2 6 2663
24 944 10 4 282
25 523 5 1 3
25 592 3 2 13
26 20 6 3 39
26 22 2 6 5206
26 801 6 1 4
27 547 6 2 15
28 42 5 1 4
28 146 4 1 4
28 192 5 1 4
28 624 10 2 40
28 647 1 2 4
29 327 4 5 940
29 809 3 1 4
30 21 8 2 31
30 588 1 2 4
31 77 10 1 10
31 561 6 5 1247
32 16 3 1 4
32 33 3 3 39
32 42 4 1 7
32 72 2 3 27
32 185 1 2 4
32 196 5 3 28
32 211 2 3 27
32 219 1 5 146
32 276 8 1 7
32 388 2 3 33
32 414 4 3 63
32 612 10 3 63
32 803 9 1 4
33 2 5 1 4
33 3 4 3 80
33 26 4 1 4
33 276 10 5 1239
33 277 7 5 2415
33 320 2 2 8
33 544 3 7 111732
33 785 10 1 5
33 898 7 4 345
33 945 6 1 4
34 144 8 3 50
34 292 1 7 14254
34 324 10 1 8
34 663 2 2 4
35 266 3 1 4
35 551 4 3 54
35 689 7 2 14
36 34 5 1 4
36 257 10 1 7
36 288 9 3 71
36 448 10 1 4
37 2 6 6 26978
37 13 6 1 4
37 364 7 5 3597
37 520 5 2 15
37 594 7 1 4
37 640 9 3 86
37 673 4 3 22
38 1 2 4 117
38 204 1 2 4
38 544 4 7 50891
39 3 7 1 5
39 982 9 1 4
40 65 3 1 4
40 605 3 1 4
40 756 4 1 4
40 761 6 1 7
41 263 8 1 4
41 276 7 5 1037
41 513 5 2 10
42 42 7 4 724
42 411 7 2 34
42 778 3 1 4
42 839 2 6 6621
44 10 5 3 54
44 430 1 2 5
44 524 4 2 10
45 23 6 4 165
45 266 5 1 4
45 615 2 2 5
45 808 9 5 1045
45 844 6 1 4
47 80 6 2 14
48 67 1 3 8
48 168 6 1 10
48 176 9 7 101743
48 198 5 1 7
48 646 6 2 13
48 932 4 1 4
49 17 3 4 84
49 516 4 1 4
50 9 1 2 4
50 528 4 1 4
51 377 3 2 8
51 516 6 1 4
52 46 3 6 2690
52 256 2 2 4
52 899 10 1 4
54 112 6 5 1720
55 278 6 8 491217
56 267 10 1 4
56 472 9 1 5
56 560 8 1 4
57 128 10 1 12
57 448 9 1 13
58 470 5 3 50
59 453 5 1 5
59 583 10 1 7
60 948 2 2 4
62 521 1 8 45722
64 26 6 1 4
64 41 8 2 16
64 203 9 1 4
64 481 10 1 10
64 686 10 1 11
64 780 7 2 16
64 790 4 1 4
65 25 10 3 54
65 61 3 1 4
65 104 3 5 1216
65 118 6 1 4
65 241 10 1 4
65 265 2 5 404
65 274 1 2 4
65 614 7 1 4
66 140 5 1 4
66 545 5 7 33968
67 2 1 2 4
67 16 3 4 176
67 20 2 7 11467
67 453 5 2 24
67 482 1 4 25
68 153 8 6 9829
68 226 8 1 8
68 322 3 1 4
68 576 8 1 4
69 138 4 3 24
69 529 10 1 5
69 768 9 3 124
70 109 7 1 4
70 608 7 2 19
70 642 6 7 106888
70 672 5 1 4
71 1 5 2 26
71 264 5 1 4
71 409 10 4 368
71 700 6 1 4
72 533 5 1 4
73 39 5 1 4
74 548 4 4 230
74 1012 5 4 496
75 576 5 1 4
76 76 3 4 244
76 262 6 1 4
77 256 10 1 4
77 267 8 1 4
77 456 6 8 1918625
78 517 5 1 4
78 784 4 3 87
78 919 1 2 4
80 0 6 1 4
80 82 2 3 41
80 211 6 5 3399
80 528 6 4 441
80 920 6 1 7
81 852 5 3 86
82 280 9 1 4
82 283 4 3 23
83 115 9 1 5
83 124 4 5 1698
83 304 2 2 7
83 617 9 6 40766
83 784 2 6 5369
84 216 3 1 4
84 490 4 1 4
86 234 4 1 5
86 524 5 1 7
87 462 9 5 5915
87 512 7 1 10
87 515 4 6 10166
88 330 2 2 8
88 782 8 1 10
89 2 6 4 235
89 76 10 1 4
90 274 5 1 7
90 977 5 9 3200054
90 988 5 1 4
91 154 5 1 4
91 652 7 1 11
91 951 2 4 167
92 38 10 1 8
92 91 10 4 241
93 134 6 1 4
93 669 10 1 13
95 20 1 6 2377
95 34 7 1 4
96 32 4 2 10
96 80 2 5 1223
96 208 2 2 4
96 220 2 2 4
96 321 4 3 25
96 356 3 3 40
96 547 9 1 4
96 776 1 4 74
96 820 7 1 4
97 18 10 2 36
97 144 7 1 7
97 167 10 1 7
97 195 1 2 4
97 473 9 1 4
98 14 2 2 4
98 352 9 1 7
98 401 6 1 10
98 671 1 5 127
100 128 8 1 8
100 901 1 2 4
101 161 10 1 14
101 169 9 2 16
101 392 1 2 4
101 599 9 3 160
102 6 7 1 4
102 264 6 3 110
104 26 3 3 31
104 28 1 6 1296
104 48 2 2 10
104 64 2 4 119
104 132 4 2 10
104 512 3 4 129
105 779 1 5 120
106 516 9 1 7
109 707 4 1 4
111 12 6 3 61
112 0 2 3 15
112 1 8 1 4
112 3 4 6 9083
112 28 6 1 4
112 84 1 3 16
114 416 5 6 4347
114 452 8 1 4
114 872 1 3 8
117 803 10 1 4
119 446 7 3 42
119 836 5 3 33
120 76 7 1 4
122 24 9 1 4
122 185 4 3 38
124 304 9 1 4
124 348 7 2 13
128 10 4 3 73
128 58 10 1 4
128 200 3 5 568
128 320 6 5 855
128 376 9 1 4
128 433 8 3 49
128 628 1 8 191510
129 0 8 1 4
129 39 1 3 21
130 78 1 4 72
130 272 10 3 152
130 368 7 3 98
130 540 10 2 40
130 675 1 2 4
130 980 9 3 61
132 17 4 5 1929
132 94 4 1 5
132 137 1 2 5
132 713 7 1 7
132 957 7 1 12
133 23 6 2 15
133 138 7 1 11
133 614 2 2 4
134 67 8 1 4
134 84 10 1 4
134 208 5 1 4
134 224 3 1 4
134 377 10 1 7
134 516 5 4 136
136 21 2 2 4
136 81 6 1 4
136 160 8 1 8
136 482 10 4 304
136 610 9 6 35852
136 684 8 2 39
137 148 5 3 49
137 259 10 1 7
137 325 8 3 109
137 678 8 2 37
137 778 9 8 1151854
138 266 3 3 31
138 590 4 2 18
139 87 1 4 56
140 135 9 3 118
140 143 1 3 7
140 168 2 3 31
140 464 5 7 97557
140 776 5 3 63
141 2 3 5 397
141 521 10 4 686
141 954 10 1 4
142 641 5 3 53
143 116 10 1 15
143 187 6 4 407
143 642 4 3 67
144 18 10 3 84
144 68 5 2 15
144 248 7 1 9
144 257 2 6 1442
144 418 9 1 5
144 433 7 6 32272
144 520 1 4 32
145 2 8 4 274
145 67 9 1 4
145 184 5 8 212844
145 216 5 1 4
145 273 4 4 174
145 513 1 2 4
145 576 7 5 2746
146 69 2 3 43
146 910 3 1 4
147 522 10 3 211
148 1 5 1 7
148 24 9 2 29
148 139 9 1 5
148 146 3 8 412708
148 515 7 1 7
148 912 6 2 23
149 649 6 2 11
150 160 5 1 5
150 656 1 3 21
151 132 3 1 4
151 250 8 1 4
153 26 4 1 4
153 151 9 1 13
153 598 4 1 4
153 961 3 1 4
156 814 4 3 50
158 104 1 5 137
159 526 4 8 315749
160 34 4 5 1194
160 644 2 2 8
161 326 6 1 4
161 376 3 2 7
161 576 4 2 12
161 898 4 1 4
162 160 5 5 2796
162 290 8 1 4
162 306 7 1 4
162 517 4 9 10183903
163 227 7 1 4
164 87 10 1 10
164 329 2 3 14
164 636 4 1 4
165 141 6 1 7
167 104 1 2 3
167 289 9 2 18
167 712 2 3 13
168 8 4 1 4
168 67 5 2 14
168 480 4 6 2783
169 72 10 1 4
169 351 10 1 7
169 514 5 1 7
171 144 3 8 170459
172 569 8 1 4
172 664 8 1 4
176 32 10 1 4
176 270 1 2 4
176 273 8 4 358
177 128 9 2 29
177 280 9 1 4
178 100 5 5 1442
178 144 8 1 10
178 580 10 1 4
178 797 3 6 8335
179 429 4 1 5
180 19 5 1 7
180 152 4 3 33
181 97 7 1 4
181 331 2 3 12
181 964 2 2 4
182 672 1 4 69
182 728 10 2 38
184 141 6 4 492
185 5 6 2 13
185 42 6 1 4
186 582 5 1 4
188 199 10 1 14
192 52 8 1 7
192 72 1 5 402
192 177 7 1 5
192 388 8 1 4
192 392 4 7 69903
192 524 2 7 12525
192 713 3 1 5
192 898 7 1 4
192 904 1 4 32
193 8 1 6 1057
193 28 9 1 4
193 131 10 1 7
193 375 8 1 7
193 422 9 1 4
194 321 9 1 5
194 592 2 2 7
194 677 10 4 1026
196 81 8 2 41
196 286 1 2 4
196 377 7 4 271
197 61 7 4 206
197 297 8 7 96371
197 611 4 4 316
198 3 6 3 45
198 812 1 4 51
200 146 7 6 10102
200 577 2 9 2531674
200 924 4 1 4
203 654 8 5 1432
204 6 4 4 104
204 520 9 1 4
205 457 5 1 4
206 530 4 1 4
208 14 8 1 4
208 88 3 1 4
208 534 6 5 1804
209 513 8 3 47
211 4 8 1 4
212 34 5 4 147
212 112 8 1 8
212 262 8 1 8
214 585 4 3 53
216 792 8 1 4
217 923 8 1 14
219 389 9 1 4
220 176 6 1 4
222 532 2 2 10
225 257 8 1 5
226 157 3 1 4
227 336 2 2 10
227 838 10 2 31
228 32 7 1 4
231 261 9 1 4
231 290 8 1 4
232 5 7 2 29
232 65 9 5 2254
232 130 6 1 5
233 212 3 1 4
233 912 10 1 5
234 848 6 3 93
238 620 10 3 146
239 560 6 4 647
240 66 8 1 7
240 799 6 4 247
240 914 6 1 7
241 245 4 1 4
242 156 1 3 7
244 932 9 2 18
245 705 4 1 4
248 0 3 1 4
253 636 9 1 4
256 1 9 3 52
256 4 9 1 4
256 69 2 3 13
256 160 1 2 5
256 262 7 2 19
256 312 6 1 7
256 344 2 5 263
256 416 3 3 21
256 512 3 1 4
256 616 2 2 4
256 705 3 4 112
256 772 7 1 8
256 804 1 2 4
256 904 1 3 13
257 0 3 5 381
257 268 1 2 4
257 272 6 3 64
257 680 8 1 4
257 806 8 1 4
257 912 4 4 93
258 24 7 3 49
258 34 6 1 7
258 265 6 1 4
259 165 7 1 4
259 268 1 3 7
260 131 7 1 4
260 256 10 3 77
260 295 9 5 1036
260 522 7 3 43
261 8 8 2 32
261 672 5 3 36
262 32 2 2 4
262 134 5 1 4
262 193 4 1 7
262 1013 8 2 19
264 1 2 4 66
264 4 2 3 14
264 568 8 1 4
266 11 4 2 12
266 56 6 2 18
266 242 6 3 33
266 336 8 2 24
267 581 6 1 8
268 34 6 1 7
268 177 8 1 7
268 192 1 6 1281
268 524 1 3 13
268 577 1 4 103
269 444 4 2 16
269 640 3 2 10
270 73 5 1 4
270 532 5 1 5
270 642 9 1 4
272 208 8 1 4
272 225 3 9 4561089
272 259 2 3 31
272 280 6 1 4
272 378 8 7 93337
272 520 5 6 12220
272 554 9 1 7
272 684 5 1 5
273 693 5 1 8
273 903 1 4 35
275 116 1 2 4
275 401 5 2 15
275 512 7 1 4
276 538 1 2 4
276 628 2 2 4
277 8 9 8 1735546
277 27 2 3 13
277 128 9 7 187858
278 258 3 3 61
279 18 6 3 91
280 36 10 2 43
280 82 10 3 150
280 600 7 2 20
282 136 6 1 4
282 576 1 4 76
282 717 10 1 5
282 787 4 3 75
283 514 6 2 16
284 835 10 1 4
285 104 1 6 748
286 12 8 1 11
288 47 10 3 61
288 50 2 2 4
288 224 6 1 7
288 292 3 1 4
288 341 9 1 4
288 545 3 4 263
288 776 3 2 13
289 36 5 1 4
289 60 9 1 8
289 468 10 8 3526528
289 648 8 1 7
289 753 9 1 5
289 788 3 3 63
290 0 4 1 4
290 388 5 3 64
291 32 2 2 4
291 610 9 4 202
291 768 8 3 66
292 7 1 4 25
292 19 9 1 4
292 134 4 3 32
292 162 9 2 41
292 593 9 4 222
294 742 9 1 7
296 84 6 1 4
296 260 3 3 18
296 288 4 1 5
296 336 10 1 15
296 409 2 2 4
296 516 10 1 4
297 167 5 1 5
297 544 10 1 4
298 75 9 1 4
300 140 10 1 4
301 777 5 6 3844
304 6 4 4 92
304 8 8 2 36
304 63 4 1 7
304 106 2 6 6074
304 212 6 5 1213
304 292 5 1 4
305 11 5 1 4
305 34 8 1 8
305 576 4 1 4
306 918 8 2 15
307 514 3 1 4
308 583 8 1 4
308 832 9 1 4
309 774 2 3 11
312 514 7 1 4
314 109 3 7 28309
314 156 10 1 5
314 376 8 1 4
314 518 9 3 67
320 29 6 1 4
320 428 10 1 4
320 641 2 3 18
320 720 7 1 4
321 4 8 1 4
321 337 5 2 17
321 768 1 3 10
321 1008 5 3 60
322 80 5 1 4
322 196 3 1 4
322 272 4 5 658
322 899 5 2 10
322 902 7 7 216080
324 106 2 2 4
324 200 1 5 124
324 530 8 1 5
325 74 2 2 4
326 11 10 1 4
326 32 9 1 5
326 280 1 2 4
327 675 8 1 4
328 853 3 3 24
330 8 9 1 4
332 456 8 4 281
332 643 1 8 41379
335 83 2 6 3447
336 18 4 1 4
336 632 5 2 24
337 352 8 1 4
337 833 10 1 4
340 0 1 3 21
340 763 1 2 4
342 15 8 3 89
342 168 1 2 4
342 536 3 1 4
345 32 10 1 4
346 11 4 1 4
346 89 3 1 4
347 11 9 2 25
347 296 7 1 8
347 313 7 2 15
348 395 3 3 18
349 12 3 3 39
352 409 5 3 32
352 514 10 1 4
352 680 2 2 4
353 138 4 3 25
353 389 7 2 13
353 684 9 1 10
354 25 7 2 29
354 836 10 1 5
354 969 7 1 4
355 134 6 4 567
355 634 8 1 4
356 800 9 2 21
358 3 4 1 4
360 555 2 2 10
360 732 6 2 15
360 784 9 1 8
360 810 7 1 10
361 266 2 4 188
361 316 2 2 4
362 34 8 2 24
363 162 6 1 4
363 424 3 1 4
366 657 1 2 4
368 738 1 7 14039
368 925 2 2 4
371 112 2 2 4
371 705 8 1 5
371 772 7 1 7
376 193 3 2 7
379 333 8 3 45
381 531 6 3 60
382 562 7 2 26
384 5 1 4 30
384 156 1 3 7
384 332 9 1 10
384 423 10 1 7
384 692 7 1 8
384 962 7 2 32
385 213 2 4 204
385 214 3 2 7
385 513 9 2 24
386 64 3 10 12015024
386 73 7 1 7
386 160 3 3 49
386 206 2 8 176415
386 275 9 1 13
386 681 4 1 4
386 846 8 1 7
386 912 9 2 31
387 545 4 1 4
387 1016 4 5 483
389 596 6 1 4
390 566 8 3 167
391 8 8 1 4
391 461 8 3 53
391 800 4 6 5911
392 38 8 1 4
392 553 1 3 18
394 80 5 8 501503
394 590 3 1 4
395 4 7 2 15
395 558 7 1 7
395 647 8 2 16
396 546 3 1 4
396 960 4 2 11
397 518 4 4 239
399 9 10 1 4
400 10 3 2 7
400 21 10 1 12
400 144 3 2 7
401 58 3 1 4
401 277 4 7 23865
401 284 8 1 4
401 673 5 3 33
402 68 9 1 4
402 769 1 2 4
403 98 9 1 4
404 298 9 6 9693
405 160 10 1 13
406 677 4 1 5
408 66 10 1 4
408 405 8 4 287
408 576 8 2 38
409 66 1 3 7
409 888 10 1 4
414 932 8 3 67
415 101 7 2 21
416 279 10 1 13
416 292 1 2 5
416 531 9 1 4
416 832 6 1 4
418 16 2 3 20
419 7 9 1 5
419 844 1 3 7
420 288 5 6 4806
420 545 3 5 1976
421 400 4 1 4
423 384 10 9 13699621
423 651 9 1 8
424 481 7 4 358
425 161 4 6 15596
425 776 2 5 1254
426 644 6 1 7
427 580 8 7 110892
428 194 2 3 37
428 880 7 2 24
430 8 4 3 24
430 203 3 1 4
433 197 2 2 9
434 734 5 2 16
436 641 1 5 179
437 2 10 1 16
441 21 7 1 4
442 146 6 1 7
444 769 3 6 7567
444 801 1 2 4
448 92 7 1 4
448 513 5 1 4
449 321 2 2 4
452 48 7 2 27
452 205 3 1 4
453 368 9 2 34
453 661 1 8 271015
455 640 4 1 4
456 105 6 4 155
456 367 10 1 4
456 376 4 1 4
460 197 7 1 4
460 566 4 3 80
461 625 2 2 4
461 901 4 1 4
462 516 7 1 4
462 641 4 1 3
464 265 7 2 13
464 928 2 5 381
465 902 3 9 1867591
467 300 10 1 4
469 425 2 4 211
472 226 6 2 20
472 801 3 2 7
473 800 4 1 4
476 775 3 3 44
480 731 3 9 2065744
481 416 4 1 5
482 64 1 2 5
482 208 7 2 13
483 555 5 3 27
485 134 6 1 4
488 3 1 3 17
488 269 2 2 4
491 112 1 3 14
496 978 8 1 4
501 519 10 1 3
504 267 5 1 4
505 332 8 1 7
506 706 2 3 23
512 5 3 1 4
512 36 3 1 4
512 52 2 2 4
512 65 3 6 9418
512 153 2 2 8
512 266 7 5 1649
512 420 8 3 75
512 453 6 2 13
513 47 5 3 53
513 100 3 1 4
513 315 3 3 21
513 340 6 1 10
513 548 6 1 8
513 640 8 1 4
514 4 8 1 7
514 36 5 1 8
514 452 4 1 5
514 522 2 2 4
514 572 10 1 4
514 780 1 2 4
515 93 5 2 16
515 273 9 4 230
515 598 3 2 13
516 33 4 4 363
516 69 4 1 4
516 169 6 1 4
516 357 2 2 7
516 385 8 1 5
516 442 4 3 32
516 582 2 2 4
516 779 7 4 332
516 785 6 6 24505
517 8 10 2 27
517 34 10 1 4
517 132 2 2 4
517 281 10 1 4
517 525 7 7 93418
517 672 2 3 18
517 676 10 3 129
517 768 1 2 4
518 41 2 4 48
518 517 4 1 4
519 517 2 4 59
519 944 4 3 33
519 967 5 4 486
520 94 3 7 26535
520 164 9 3 82
520 296 2 2 4
520 328 5 1 4
520 436 3 2 7
520 785 3 4 74
520 812 2 5 340
520 896 4 1 4
521 81 3 1 4
521 131 9 1 7
521 450 2 3 11
521 560 6 1 4
522 121 5 1 4
522 652 4 2 19
523 650 10 1 7
525 134 10 2 27
525 820 3 2 7
526 548 2 4 61
527 713 10 2 33
528 36 4 2 16
528 97 4 1 4
528 144 10 3 64
528 156 9 1 4
528 171 4 1 7
528 512 6 2 25
528 582 8 4 275
528 611 7 1 5
528 720 1 3 13
528 801 1 2 4
529 260 8 1 10
529 423 2 2 5
529 520 5 1 7
530 86 3 6 2417
530 278 5 5 2864
530 325 7 1 4
530 696 9 1 4
533 5 3 4 131
534 6 9 1 4
534 425 1 3 14
534 928 7 1 4
535 10 6 5 2573
536 412 8 1 4
536 687 6 5 1666
536 902 4 2 12
537 138 4 3 85
537 257 10 3 142
537 478 2 5 536
538 74 5 4 237
538 84 2 2 4
538 820 9 1 11
540 481 2 5 812
541 344 9 1 4
541 793 1 4 61
544 21 2 2 4
544 24 6 4 512
544 160 5 3 59
544 401 10 3 72
544 416 4 3 31
544 542 6 2 13
544 597 2 7 13703
544 718 1 4 52
545 914 10 4 939
546 263 3 4 226
546 612 3 7 49761
546 650 5 1 5
546 758 9 1 7
546 900 1 8 67474
547 427 6 1 4
547 577 3 1 4
548 141 5 1 7
549 68 7 1 4
549 97 1 3 18
549 288 10 3 69
549 530 6 3 33
549 647 5 1 5
550 800 1 2 4
552 640 2 3 22
552 656 1 3 7
553 36 5 5 698
554 4 9 1 15
554 137 4 1 5
554 296 1 2 4
555 418 6 2 31
557 15 4 1 4
557 400 1 2 4
560 96 3 3 25
560 104 10 7 342292
560 354 5 5 1802
561 444 4 1 4
561 521 9 3 81
561 786 1 3 10
562 162 9 3 59
562 992 10 6 16274
563 20 3 2 7
564 656 1 2 4
566 4 1 3 7
566 44 4 2 14
569 385 7 3 86
569 522 5 1 4
571 457 5 1 4
572 64 8 2 35
572 257 1 2 4
572 370 1 4 66
573 797 6 4 459
573 886 2 3 39
574 18 10 3 58
574 696 10 3 124
576 19 2 2 10
576 48 6 3 106
576 76 3 1 4
576 133 10 1 4
576 172 5 6 5129
576 193 4 2 8
576 228 1 2 4
576 371 1 4 24
576 525 1 6 1717
577 72 9 4 285
577 236 8 2 16
577 292 7 8 900078
577 401 7 2 13
577 661 8 1 4
578 26 10 1 8
578 96 10 1 4
578 120 8 1 4
578 136 8 1 10
578 572 2 2 5
578 575 9 2 21
579 80 6 1 4
579 136 3 1 4
580 528 3 2 8
580 598 10 9 13624200
582 633 10 1 4
585 64 1 6 3406
585 208 8 1 4
585 217 3 1 4
585 354 6 5 828
586 64 7 1 4
586 658 6 1 4
587 608 3 1 4
588 784 6 7 42083
590 276 1 2 5
590 300 4 6 9407
591 147 6 1 4
592 4 10 2 20
592 148 6 1 4
592 322 8 3 146
592 528 2 2 4
592 585 7 2 27
592 856 2 2 4
593 429 6 7 53724
595 58 3 6 11393
595 557 3 2 10
596 33 8 1 4
596 91 6 1 3
596 154 2 5 423
597 387 2 4 99
599 176 9 5 5823
600 68 3 6 5876
600 575 3 3 24
602 480 8 1 4
604 913 4 2 13
604 1006 10 1 5
606 281 10 1 11
607 288 2 3 17
607 393 3 1 4
608 176 6 2 24
608 185 3 3 19
608 648 3 1 5
609 28 9 5 1628
609 210 3 2 14
609 526 2 4 91
610 24 1 2 4
611 125 2 2 4
613 840 7 1 12
614 265 10 2 35
616 81 10 1 4
616 450 1 2 4
618 1004 8 1 4
619 76 7 2 17
623 1000 6 2 30
624 579 5 1 7
625 261 8 1 4
626 8 8 3 99
626 114 5 3 57
626 528 8 1 4
627 3 2 2 4
627 418 1 4 35
627 769 4 6 3983
627 977 1 2 4
628 76 3 1 4
629 528 8 3 85
631 24 6 4 257
632 18 7 4 195
635 546 3 5 1603
637 73 6 1 7
640 4 2 4 49
640 6 6 1 4
640 16 1 6 1775
640 160 5 1 4
640 246 9 4 520
640 369 8 1 4
640 467 6 1 4
640 732 8 3 143
642 512 1 2 4
642 562 3 1 4
643 775 2 4 48
644 387 1 2 5
644 769 3 2 7
645 25 6 1 7
645 195 4 1 4
645 548 1 3 8
646 289 2 2 5
646 388 7 7 80712
648 76 7 1 4
648 98 10 1 8
648 210 2 5 436
648 369 10 2 27
648 512 6 1 4
648 694 6 1 4
648 769 3 1 4
649 4 6 4 142
649 48 2 2 4
650 108 5 5 3473
650 953 9 1 10
651 290 2 4 224
652 257 10 6 9548
652 594 1 2 4
654 129 2 3 16
655 761 10 1 4
656 3 5 2 23
657 201 4 6 5680
658 10 7 1 4
658 26 7 3 123
658 226 2 3 18
660 36 7 1 4
660 69 10 1 10
662 374 8 3 49
664 781 3 1 4
665 3 10 1 4
665 260 6 7 136164
666 66 3 2 10
668 163 10 3 215
670 515 1 2 4
672 64 6 3 32
672 514 6 5 1063
672 608 9 1 7
673 104 6 3 124
673 656 1 4 66
674 401 8 1 5
677 641 10 1 4
678 237 1 3 18
680 20 3 2 8
680 39 3 2 11
680 540 6 1 10
681 6 9 1 4
681 33 1 2 4
683 278 3 3 55
684 1008 3 1 4
688 385 5 5 1901
689 80 1 10 18851393
692 260 1 3 22
692 914 8 5 1272
693 397 2 2 7
693 522 8 6 27617
694 6 2 2 4
694 931 5 1 5
695 585 1 3 7
697 710 3 2 7
700 18 7 1 5
700 229 4 1 4
700 864 10 1 4
701 34 4 1 5
701 941 2 2 7
704 34 7 4 348
704 76 10 1 3
704 292 6 2 22
704 370 9 2 19
704 673 10 3 112
705 596 6 1 7
705 854 2 2 7
706 17 1 3 13
706 460 4 4 191
706 732 4 3 25
708 108 7 2 19
709 325 8 3 73
709 843 4 1 4
710 2 10 1 4
711 19 9 2 36
712 35 3 2 10
712 283 1 5 290
712 294 2 2 4
713 593 2 2 5
716 339 4 7 66002
720 7 9 2 30
720 144 8 1 4
721 104 5 2 13
721 170 1 4 35
721 584 5 10 451038397
722 82 3 2 7
722 100 2 2 4
722 104 1 2 4
722 146 4 2 10
722 258 7 1 4
722 464 8 5 1901
723 142 4 2 10
724 596 1 3 10
725 44 3 1 4
725 65 6 1 8
726 322 4 10 1001248565
728 712 2 2 7
732 834 9 1 4
736 24 10 7 129324
737 288 5 4 122
740 801 10 1 4
742 97 9 1 4
744 124 8 3 104
744 280 2 2 4
745 63 3 3 43
746 536 2 2 7
752 494 4 4 162
752 786 5 4 260
759 130 9 1 7
760 40 2 3 18
760 220 4 1 7
760 300 1 2 4
761 435 3 6 3109
765 513 9 1 4
768 226 6 4 254
768 608 4 2 16
768 666 6 4 164
768 736 1 2 4
769 34 9 1 4
769 277 10 4 350
769 350 5 1 4
769 640 3 4 99
769 773 9 3 142
770 256 3 6 11926
770 515 4 1 7
771 793 1 3 17
771 800 10 6 10098
772 32 8 1 4
772 130 1 2 4
773 1 1 2 4
775 921 4 4 187
776 101 3 1 4
776 155 8 7 186276
776 697 7 1 7
777 6 9 2 19
777 84 5 1 4
777 200 7 6 5986
777 318 5 2 10
777 608 9 1 4
777 641 9 5 2194
778 389 2 2 4
780 16 1 4 113
780 552 10 7 78293
780 901 6 1 4
781 222 2 2 7
782 226 4 8 1285318
784 1 5 1 8
784 549 2 6 2420
784 569 2 3 11
784 634 10 4 241
785 45 2 6 6245
785 257 1 2 4
786 521 2 2 4
786 576 2 2 8
786 914 9 1 4
787 199 2 8 492831
788 332 9 3 163
792 594 3 5 649
793 52 8 1 4
793 498 1 3 20
795 422 9 1 4
799 433 7 1 4
800 9 2 4 110
800 73 10 1 4
800 97 10 1 4
800 133 7 2 13
800 824 9 4 850
801 34 4 3 26
801 312 10 5 1180
801 592 8 1 4
801 642 3 3 34
802 660 2 5 965
804 0 5 1 4
804 104 9 1 4
804 433 7 4 428
804 779 9 1 5
805 387 2 3 17
805 781 9 4 773
806 232 1 9 791518
806 480 7 4 779
808 937 6 4 274
810 17 5 1 4
812 778 1 2 4
814 161 9 1 7
814 905 5 5 646
816 18 9 4 218
816 24 6 5 1377
817 784 9 9 3532963
819 69 3 1 4
821 236 8 1 4
822 211 5 6 7891
824 392 1 3 8
824 978 5 5 1474
828 592 10 1 4
832 16 7 5 4631
832 30 3 4 192
832 304 1 2 4
832 427 5 5 2682
833 999 8 1 4
834 32 4 1 4
834 67 5 1 4
834 912 4 1 7
835 264 6 1 5
835 392 1 3 18
835 583 2 2 8
836 86 6 6 9671
838 785 7 1 4
840 96 4 6 5729
840 106 10 5 2466
841 32 6 4 272
841 370 4 1 7
842 200 9 4 432
845 624 1 6 2140
848 90 4 2 20
848 313 6 1 5
849 1018 4 1 5
850 308 5 1 8
851 195 1 2 4
852 64 4 2 19
852 824 8 1 10
854 681 6 3 53
856 866 5 2 19
864 23 6 1 4
866 260 5 1 4
867 998 10 1 8
870 6 5 2 13
870 68 4 1 4
872 50 5 3 34
872 165 3 3 37
874 360 7 4 562
882 42 1 2 4
882 778 6 3 127
884 802 10 1 4
885 601 6 3 127
894 392 10 1 4
895 603 8 2 21
896 330 9 1 4
896 868 7 2 31
897 39 10 3 114
897 523 6 1 7
898 336 6 6 18307
898 699 3 2 7
902 131 8 3 52
903 339 1 2 4
904 112 4 3 27
904 231 3 2 14
904 929 1 2 4
906 328 3 3 27
907 276 3 1 4
908 456 4 2 21
911 5 2 2 4
911 10 7 1 8
911 896 2 4 66
912 2 7 1 4
912 129 6 1 4
912 388 5 2 19
914 216 5 4 481
915 431 8 1 7
916 777 3 1 4
917 912 9 4 522
918 0 3 5 478
921 320 5 4 451
922 784 7 1 4
924 33 3 4 145
928 384 5 7 132999
928 516 9 1 4
928 518 10 1 11
929 10 5 3 104
929 257 3 7 45307
930 720 1 2 4
931 230 5 1 4
931 657 8 1 4
932 274 1 2 4
932 783 2 2 4
933 657 9 1 4
938 261 8 1 5
938 552 4 5 1222
940 512 6 1 4
944 165 7 1 4
944 756 4 4 117
945 456 5 1 7
946 205 6 1 7
947 568 2 2 4
951 818 2 2 4
954 22 2 2 4
956 846 7 1 10
960 358 4 4 330
961 131 8 3 58
963 130 5 2 19
966 192 4 4 382
966 197 2 6 9420
966 555 1 5 459
968 352 3 1 4
970 180 6 4 267
971 566 1 5 481
976 321 10 3 214
976 779 5 1 4
977 34 6 1 4
977 549 2 5 605
986 772 8 1 5
987 962 6 3 82
996 36 10 1 4
996 836 8 1 4
998 127 8 3 53
998 179 6 4 565
1000 260 4 4 126
1001 286 6 3 65
1002 912 9 1 13
1013 316 3 3 19
1020 385 1 5 247
