0 17 3 8 162175
0 29 10 2 25
0 47 3 1 4
0 112 2 2 4
0 135 7 1 4
0 265 6 2 15
0 274 8 1 4
0 415 2 3 18
0 618 2 2 4
0 674 4 7 36958
0 704 1 3 22
1 30 8 3 150
1 70 9 3 131
1 82 6 1 7
1 135 4 1 4
1 228 10 1 4
1 535 7 1 5
1 768 5 6 17500
1 920 8 1 4
2 3 7 1 3
2 132 6 8 396716
2 167 8 1 4
3 131 8 3 80
3 272 8 1 4
3 652 10 1 4
4 50 3 5 1242
4 60 4 1 4
4 368 2 2 4
4 683 5 3 65
4 808 1 3 15
5 18 5 3 52
6 212 8 4 223
6 259 1 2 4
6 267 5 1 4
6 798 3 1 4
7 81 8 4 191
7 110 8 5 1173
7 237 7 4 180
8 1 9 2 21
8 19 10 1 4
8 42 2 2 7
8 272 10 1 7
8 552 4 6 7370
9 416 5 1 4
10 13 7 1 4
10 40 6 1 4
10 75 5 2 25
10 680 9 2 35
12 55 2 5 1200
12 269 8 3 70
12 366 4 4 118
13 224 8 3 115
14 127 8 1 8
15 854 5 1 3
16 9 6 1 4
16 64 1 2 4
17 258 9 1 4
18 203 6 3 32
20 28 4 1 4
20 323 7 7 69951
21 116 6 3 132
22 68 3 1 4
22 97 2 2 4
22 320 9 1 4
24 533 4 1 4
24 781 10 1 7
24 786 1 2 5
24 848 5 2 25
26 109 8 3 65
26 801 5 3 72
27 130 4 1 5
28 203 4 4 130
28 624 5 1 4
29 327 3 1 4
29 809 9 1 4
30 52 7 5 2949
32 33 2 3 30
32 211 4 6 7056
32 388 2 8 126242
32 414 2 5 403
32 848 8 3 121
33 277 9 1 4
34 292 9 8 900484
34 800 6 2 18
35 551 2 3 12
36 12 2 4 59
36 266 10 1 12
36 288 10 3 67
36 705 3 8 837204
36 858 4 4 105
37 520 8 1 4
38 1 3 7 15094
40 9 3 1 4
40 65 1 2 4
40 512 3 1 5
40 605 4 2 8
40 645 2 3 12
40 980 5 1 4
41 513 9 1 4
41 987 9 2 37
42 140 10 1 4
42 778 10 1 4
44 524 5 1 7
45 23 3 2 8
48 193 3 4 86
48 708 9 1 4
48 932 7 6 6828
49 17 10 3 212
49 310 7 1 5
50 9 7 1 4
50 528 10 1 4
51 70 5 2 17
51 377 4 1 5
51 516 2 2 7
53 245 6 4 455
54 718 1 3 20
57 128 7 1 5
59 292 10 3 207
59 583 6 1 4
60 5 9 5 1877
64 192 1 3 7
64 203 2 3 34
64 686 7 1 4
64 756 2 2 4
65 96 4 2 10
65 515 7 1 12
66 140 3 3 17
67 20 5 3 32
67 840 1 7 5036
68 153 6 8 584577
68 226 2 2 4
69 572 5 1 4
70 109 7 1 10
70 431 7 2 20
70 648 8 4 615
70 672 1 2 4
71 264 10 1 4
71 700 1 4 75
72 533 2 2 5
72 961 10 1 4
73 870 10 1 3
74 548 3 4 88
74 768 7 2 13
74 1012 7 7 227640
76 586 7 1 4
77 256 3 2 10
78 517 8 1 4
80 0 8 6 12173
80 51 9 2 24
80 211 10 1 4
80 677 10 3 64
81 852 3 1 5
83 617 10 3 148
87 512 7 1 4
89 2 4 2 16
89 76 2 2 4
90 20 5 8 346862
91 154 6 1 4
92 38 9 1 4
93 49 9 1 4
93 134 10 1 9
95 34 1 2 4
96 80 4 5 1240
96 304 10 1 4
96 321 6 7 46316
96 547 6 1 4
97 48 10 4 257
100 128 3 9 1851615
100 901 1 2 4
101 392 9 2 27
101 599 5 1 4
102 78 8 4 841
102 264 9 2 31
104 26 1 4 28
104 28 7 1 4
104 64 1 2 4
104 673 5 1 4
105 779 2 2 4
106 516 6 1 4
106 652 2 4 45
108 514 5 2 11
112 0 10 2 37
112 3 3 1 4
112 28 4 1 7
112 776 6 2 12
114 416 1 3 16
117 106 9 1 4
117 803 4 1 4
119 446 8 1 4
119 836 9 1 4
121 536 7 3 95
122 24 2 2 4
124 348 9 1 4
125 268 4 3 24
128 1 9 4 327
128 362 8 1 5
128 375 1 2 4
128 433 3 3 31
128 628 7 1 4
129 0 1 2 4
130 78 10 1 4
130 273 6 1 4
130 368 10 1 12
130 540 4 5 534
130 772 7 7 38383
132 94 9 3 149
132 137 1 4 53
132 516 1 4 79
132 713 9 1 4
132 916 6 3 70
132 957 5 1 4
133 23 6 1 4
133 614 1 3 10
134 768 3 1 5
135 258 2 2 9
136 160 10 2 24
136 657 3 5 395
137 256 1 2 3
137 678 2 2 4
137 778 9 1 4
138 266 5 1 4
138 902 6 1 9
139 865 10 1 4
140 143 4 2 17
140 724 4 1 5
142 641 8 3 50
143 116 9 3 62
143 187 2 5 1191
143 286 8 3 44
143 642 7 4 171
144 68 8 4 815
144 433 8 1 13
144 520 5 1 4
144 800 9 1 4
145 1 10 3 140
145 94 2 2 4
145 273 6 2 15
145 513 2 2 4
146 69 1 3 13
146 146 4 1 7
146 396 5 1 4
147 522 9 2 22
148 1 8 1 4
148 24 1 3 7
148 146 8 2 19
149 20 6 2 25
150 141 8 2 23
150 160 1 2 4
150 656 1 2 4
151 250 10 1 7
153 26 3 4 159
153 171 8 1 4
153 961 2 3 19
156 521 5 3 48
156 814 9 1 9
159 526 9 1 4
160 144 5 6 17321
160 644 1 2 4
161 898 3 3 36
164 280 2 2 4
164 481 10 5 1673
165 397 10 7 294093
166 686 8 2 40
167 456 8 2 38
167 712 8 1 7
168 52 4 4 158
168 67 2 3 40
171 144 9 2 35
174 493 3 5 608
176 137 3 2 8
176 270 10 1 7
176 864 10 1 4
177 280 6 1 4
177 744 9 1 4
178 580 7 1 4
178 797 3 3 18
179 429 8 1 4
180 600 4 1 5
180 973 4 1 7
181 964 10 6 7286
182 672 9 2 33
184 161 2 4 192
185 391 8 1 4
186 582 1 2 4
187 800 4 1 4
192 43 3 2 10
192 72 9 1 12
192 524 6 1 7
192 713 6 1 4
193 8 2 4 92
193 120 6 1 4
193 131 1 5 216
193 375 9 1 7
193 422 8 3 45
194 677 7 5 4111
196 81 9 5 1908
196 377 7 1 4
197 61 1 2 4
197 592 1 2 4
200 577 9 2 27
200 924 9 1 4
202 11 3 2 11
203 654 8 1 4
204 6 7 2 34
206 80 7 1 12
209 564 7 1 4
212 34 2 3 25
212 673 6 1 4
219 389 1 2 4
225 948 3 6 2432
228 32 8 1 4
231 290 7 1 4
232 130 1 4 23
234 848 9 1 5
235 281 7 1 4
235 645 1 3 10
239 370 3 5 854
241 206 8 1 4
242 156 10 1 4
256 512 6 1 4
256 764 3 1 4
256 772 3 1 4
256 963 9 3 66
256 992 10 6 32045
257 0 1 2 4
257 806 10 1 4
257 920 3 2 7
258 36 1 4 57
258 673 10 1 4
258 810 4 1 4
259 100 9 1 4
259 165 10 5 6491
259 226 8 6 7350
259 268 6 2 16
260 256 3 3 44
260 295 6 3 41
260 678 9 1 4
260 978 1 9 885067
261 67 7 1 5
261 672 2 2 7
264 1 9 1 7
264 296 6 3 32
264 320 3 1 4
264 568 10 1 4
265 264 9 4 268
266 336 1 4 33
268 524 7 1 9
269 444 3 3 24
270 642 7 2 13
272 225 8 1 5
272 280 10 1 4
272 378 1 3 16
272 899 2 6 7620
273 903 8 1 4
274 334 6 3 82
275 133 7 1 4
275 485 4 4 249
275 512 10 1 4
276 288 8 1 8
276 392 9 2 16
276 538 2 2 4
277 8 8 1 12
277 128 5 2 20
280 600 7 1 4
280 674 2 3 12
282 576 10 1 12
282 717 2 2 7
286 12 7 1 4
287 448 7 1 9
287 802 3 8 354937
288 132 3 1 5
288 224 3 1 4
288 292 1 2 4
288 776 10 2 22
290 258 2 4 100
290 328 2 2 4
291 32 5 1 4
291 610 5 1 4
291 768 2 2 4
292 7 4 5 1006
292 162 5 1 4
292 524 1 6 1574
293 960 6 2 12
294 742 7 1 4
296 409 9 2 17
297 167 7 1 7
297 325 5 1 5
299 291 8 1 12
301 777 6 2 12
304 6 8 1 9
304 42 9 1 4
304 63 7 4 185
304 258 3 2 8
305 576 2 2 4
306 550 2 2 7
308 21 6 1 4
308 583 1 2 4
308 640 10 1 4
312 514 4 1 4
320 315 8 2 15
320 641 4 3 83
320 720 4 3 23
321 4 7 1 7
321 768 10 1 4
321 1008 6 5 1011
322 0 2 4 75
322 899 6 1 7
323 360 10 1 7
324 167 5 5 1736
324 513 5 1 4
325 6 4 1 7
325 74 3 4 126
325 614 10 1 4
325 720 4 3 58
326 443 10 1 4
330 8 7 1 4
331 512 4 2 8
332 456 7 1 7
334 265 2 3 22
336 18 4 6 5672
336 100 9 1 4
340 704 1 2 4
340 763 6 3 44
341 576 3 1 4
342 15 9 2 16
342 168 4 1 5
343 475 10 7 60548
344 188 9 5 1835
346 11 7 1 4
347 11 5 1 4
347 313 9 1 4
348 128 10 3 106
348 395 3 2 7
352 409 4 2 10
352 419 7 1 5
352 680 1 6 726
353 389 8 1 4
357 641 5 3 75
358 168 4 1 4
360 514 10 1 7
360 555 9 1 7
360 732 2 2 7
362 34 8 1 4
368 925 4 3 34
379 333 4 2 12
382 562 10 1 5
384 5 6 2 25
384 332 6 1 4
384 423 4 1 5
384 481 8 1 11
384 571 9 1 4
385 2 10 7 72700
385 75 2 2 4
385 513 6 2 20
386 846 10 1 10
387 297 10 1 5
388 332 4 5 2574
392 38 10 1 4
393 577 3 1 4
394 211 9 1 4
394 590 4 1 4
396 6 4 1 4
396 454 6 2 12
396 960 6 1 4
397 132 4 3 79
400 712 6 1 5
401 58 10 9 4121001
402 80 7 2 31
404 298 9 1 4
408 66 1 5 224
409 417 8 1 4
409 888 6 4 598
412 6 5 1 7
414 932 1 2 4
416 52 1 3 8
416 292 5 1 4
420 114 10 2 30
420 288 9 5 3710
420 424 9 6 6955
423 384 9 1 4
423 651 4 1 7
424 481 5 1 4
425 161 6 1 4
425 261 10 3 142
427 580 3 1 4
430 68 8 6 12033
434 734 1 5 226
441 21 6 1 7
442 691 6 5 1824
444 801 10 1 10
452 136 7 3 62
452 205 6 1 4
453 368 4 6 4422
453 661 8 1 4
454 634 9 1 4
455 640 10 8 3282193
456 367 8 1 5
458 743 8 1 4
460 197 7 3 139
460 566 5 2 11
461 625 9 2 43
462 516 3 1 4
462 641 7 1 4
464 265 7 2 28
464 928 3 6 4097
467 300 4 1 5
472 226 10 2 20
472 256 2 6 7499
473 6 2 3 18
480 665 7 5 4667
480 731 7 1 11
480 928 9 1 4
481 416 7 1 4
482 285 7 2 31
483 276 5 4 439
483 555 7 1 12
484 841 3 3 29
488 565 2 3 12
491 112 5 1 4
496 978 10 1 4
504 267 4 2 21
505 332 8 1 4
506 706 9 1 4
512 5 9 1 3
512 36 2 3 14
512 173 10 2 32
512 266 5 3 86
512 420 1 5 547
512 438 9 2 30
512 514 4 1 4
512 522 4 9 3423859
512 685 8 6 6932
513 42 5 1 7
513 65 6 3 38
513 340 4 2 15
513 644 9 1 4
514 780 3 1 4
515 157 5 1 8
515 273 2 3 16
516 69 10 1 4
516 169 8 6 38270
516 357 9 2 18
516 385 7 2 20
516 442 6 2 12
516 582 2 3 16
516 605 8 1 7
516 785 6 2 15
517 233 2 2 4
517 281 4 3 29
517 534 7 1 4
517 676 3 1 4
520 9 3 1 4
520 296 4 2 20
520 812 5 1 4
521 131 1 2 4
521 554 2 2 4
521 560 10 5 3082
522 652 1 2 4
524 159 3 1 4
524 173 2 6 3021
524 520 9 1 4
527 36 6 1 4
527 713 6 2 21
528 10 7 1 9
528 33 4 5 714
528 97 3 3 34
528 144 2 2 7
528 171 9 1 4
528 580 4 2 17
528 720 3 4 170
528 801 3 2 7
529 737 10 3 94
530 86 8 1 5
530 132 1 6 1722
532 134 5 1 4
533 37 2 2 4
534 6 4 4 230
535 10 7 4 260
536 10 7 1 5
536 687 7 1 4
537 99 9 1 4
537 138 5 1 4
538 820 1 4 36
544 21 2 2 7
544 24 2 3 21
544 429 1 8 64751
544 536 9 2 42
545 520 1 3 10
546 758 5 6 4735
546 900 5 7 28203
547 265 4 1 7
547 427 3 1 4
548 512 3 3 65
550 649 10 1 15
551 89 9 1 4
553 933 1 5 525
557 400 10 3 57
557 512 10 1 4
560 96 3 2 7
560 354 6 5 1735
561 10 1 3 7
561 993 1 7 7760
562 162 1 6 1904
562 992 10 1 9
563 20 8 1 9
566 4 8 1 9
566 44 9 3 174
569 522 9 5 2324
571 457 5 1 4
572 64 3 7 22557
572 257 9 1 13
572 777 6 1 4
574 696 8 1 5
576 172 8 3 85
576 325 3 2 8
576 525 5 1 4
576 607 3 5 1832
577 72 9 1 8
578 26 10 4 390
578 572 4 2 12
579 789 6 2 23
580 64 10 1 4
580 507 5 1 8
584 432 8 1 4
585 217 10 3 80
586 64 8 1 7
589 389 4 1 4
590 276 9 7 159546
592 2 2 3 19
592 4 3 1 4
592 148 2 4 62
592 528 2 2 4
592 856 3 1 4
593 429 1 2 4
596 91 9 1 4
597 387 10 1 15
604 913 4 1 4
604 1006 1 2 4
606 281 5 4 114
607 288 8 1 4
608 176 8 1 4
608 576 9 2 25
609 210 8 4 457
609 526 9 1 4
610 24 4 1 4
614 936 1 2 5
618 70 10 1 3
619 76 10 1 9
619 231 2 2 7
623 1000 6 2 26
625 5 4 4 313
625 261 8 1 4
625 530 3 1 5
626 8 5 1 4
627 3 8 3 115
627 769 6 1 4
627 977 7 1 7
629 528 2 2 5
631 24 4 4 112
633 812 5 4 138
640 16 3 1 4
640 160 3 1 4
640 246 4 1 4
640 258 9 1 7
640 421 7 2 20
640 525 1 8 87172
640 732 2 3 15
640 938 8 1 4
643 775 1 6 1156
644 48 3 2 7
644 769 6 1 9
645 25 10 4 494
645 963 1 2 4
646 388 9 1 4
648 76 10 1 5
648 210 4 1 5
648 769 6 1 4
652 594 10 2 31
654 129 8 1 5
654 565 2 4 60
655 384 2 2 4
656 3 3 3 31
656 259 5 1 4
656 278 7 1 7
658 226 7 1 4
660 52 2 2 7
660 85 4 1 5
661 244 3 1 4
668 163 9 1 4
668 749 10 3 86
672 129 2 2 5
672 514 4 1 4
673 656 4 3 27
674 672 7 4 258
682 14 8 1 4
683 278 1 2 4
684 1008 9 1 4
686 593 5 1 7
694 768 5 1 4
696 885 9 1 7
700 864 6 1 7
701 941 2 2 7
704 135 5 2 9
704 514 10 1 15
705 854 3 1 4
706 17 9 1 4
706 460 5 1 7
706 732 5 2 13
709 325 5 5 788
709 644 6 1 4
710 2 5 1 4
713 593 2 2 4
716 339 3 1 4
716 649 3 1 4
719 512 4 3 44
721 104 8 1 7
721 323 2 2 4
722 104 3 1 4
722 258 9 1 5
722 393 8 2 19
722 398 7 1 4
728 227 6 1 4
728 350 6 4 542
732 834 10 1 4
736 24 4 1 4
737 610 6 5 1129
738 970 10 3 55
741 45 9 1 4
741 260 6 1 8
751 506 10 1 4
759 130 3 2 15
760 40 6 1 7
763 668 9 1 11
768 326 6 1 4
768 608 7 1 7
768 666 3 2 13
768 926 5 1 4
769 34 2 6 6395
769 640 3 1 4
769 773 9 1 4
770 256 2 2 5
771 128 8 1 4
772 0 2 2 4
772 32 1 2 4
773 1 5 1 4
775 48 2 2 4
775 921 2 2 4
777 539 4 1 7
777 608 10 3 196
778 330 2 2 5
780 16 10 1 4
780 901 3 6 3676
784 1 10 3 72
784 569 5 3 38
784 634 4 1 4
786 521 6 1 4
786 576 1 3 7
788 25 7 3 47
792 16 9 1 4
792 594 4 5 650
793 628 9 3 127
800 45 4 2 14
800 73 5 4 304
800 97 10 1 13
800 824 7 7 56549
801 34 8 2 39
802 660 3 2 7
804 337 9 1 13
805 781 4 6 5934
806 480 9 1 4
808 526 9 1 4
810 394 9 7 170494
812 778 5 1 4
814 161 2 3 18
816 24 2 4 51
817 784 1 2 4
818 253 5 4 118
819 69 7 1 4
824 978 7 1 4
828 592 4 7 24783
832 21 3 3 45
832 281 3 3 35
832 328 7 1 5
834 32 9 3 61
834 104 2 2 4
835 583 1 2 4
836 485 6 2 23
845 624 3 6 2165
848 391 7 1 4
852 2 10 1 4
854 681 2 3 39
856 256 3 2 14
856 866 2 2 4
864 23 6 1 7
864 786 4 4 122
867 998 7 1 4
872 50 3 1 4
874 360 6 1 4
878 258 6 1 4
884 802 10 7 85471
895 603 4 1 5
896 330 6 1 4
896 868 4 1 4
897 523 1 2 5
898 336 6 3 40
898 699 10 9 4480862
900 4 9 1 4
902 131 1 9 729687
903 339 10 1 4
904 112 9 1 4
904 231 4 3 29
904 929 1 2 3
905 540 2 4 57
905 572 6 7 91624
906 137 3 3 30
907 276 4 1 4
908 456 3 2 13
910 614 4 1 4
911 10 9 1 4
911 896 4 1 4
914 776 2 2 4
917 912 10 1 4
922 784 10 1 4
928 64 5 1 4
929 316 5 1 4
930 547 7 5 1370
931 230 10 1 5
941 771 6 1 6
952 37 6 1 4
961 472 2 2 4
963 130 3 1 4
966 192 8 1 5
966 555 5 1 4
969 769 6 3 73
976 321 1 6 4339
977 22 10 1 7
977 34 5 4 166
986 772 4 1 4
987 962 2 5 988
988 366 8 1 4
996 36 8 1 4
998 179 6 1 4
1001 286 9 1 8
1011 36 2 3 19
1021 643 4 2 12
