17 0.0139036771609127 
909 0.014737009494574568 
107 0.01453606503503343 
1008 0.014784290731459985 
1701 0.014420815758095295 
708 0.014497648151751603 
1591 0.014574480828216453 
714 0.014332163437862297 
1991 0.01415485911368618 
200 0.015242329147546483 
768 0.014447412698261336 
605 0.015091619160141805 
41 0.0141666798093695 
1850 0.014255331620141299 
315 0.014633583010699695 
1032 0.013983464553731931 
45 0.014530153683221284 
259 0.01422873550828867 
237 0.014539019753527149 
989 0.014252376212036458 
1982 0.014515379253755057 
1499 0.01399823932263349 
393 0.014335119569057178 
1364 0.014556749939088108 
371 0.014148947532361409 
1016 0.014657223188844994 
1310 0.014742921009339821 
441 0.014677908109480015 
1295 0.014515378767849108 
1815 0.014338073427277262 
1286 0.014010059810537765 
585 0.014228735595597345 
423 0.014846348081311998 
345 0.014810887173882665 
288 0.014645402734718503 
607 0.014503559262944521 
108 0.014692684537813862 
1184 0.015206868050138274 
1795 0.01447696275138064 
1627 0.014246466527531355 
346 0.014391265355669945 
1665 0.014370579221321204 
66 0.01452128825783093 
1664 0.014642447213748456 
1679 0.014284883412142013 
249 0.014370580905111301 
1034 0.014488783843460926 
1145 0.014861122605949609 
839 0.014379444792823966 
1958 0.014261243526983478 
301 0.014875898408563421 
896 0.014243511250348648 
1603 0.014122354466249447 
1161 0.014447411807778815 
1806 0.014476962597052822 
1097 0.014101667588854833 
747 0.015106395412584355 
1985 0.01418440900378227 
416 0.014432636538979285 
1844 0.014276018006910774 
1681 0.01432920927793298 
1934 0.014698594039349906 
1630 0.014116443911824938 
154 0.01404256683711039 
1768 0.014609939877676646 
320 0.014778380949127815 
1755 0.013880036620603081 
400 0.014169635728925909 
1595 0.014754740018465457 
1749 0.014686772723659522 
1219 0.014373535586415508 
439 0.014311479073973647 
355 0.01436762360775141 
549 0.014296703091014962 
1740 0.01416076974813193 
833 0.014547885002928834 
1667 0.014660179226247174 
1304 0.014580391090740708 
1606 0.014790202241794299 
1415 0.014550841220488681 
1183 0.014110533063534877 
1764 0.01473110021010536 
1308 0.014604031652359739 
719 0.014530154389789196 
98 0.01425237748112351 
263 0.01496159649070591 
1083 0.014704504054909378 
1434 0.014539020307444153 
362 0.01416668036729942 
1458 0.014163723565157025 
1224 0.014840436880351665 
1830 0.014722234666464079 
1564 0.01425828700016807 
881 0.014695638911889722 
59 0.014804977537777415 
744 0.014828618122593036 
474 0.014506513639421268 
135 0.015008878045732017 
520 0.014447412319512106 
1155 0.014213960713771219 
