1194 0.008501103713671467 
423 0.008501103713671467 
1382 0.008501103713671467 
767 0.008510965775927012 
534 0.00852082783832307 
390 0.008501103713671467 
768 0.008501103713671467 
740 0.008501103713671467 
1600 0.008501103713671467 
1416 0.008501103713671467 
1633 0.008501103713671467 
26 0.008501103713671467 
1210 0.008501103713671467 
214 0.008501103713671467 
1718 0.008501103713671467 
1825 0.008501103713671467 
1627 0.008501103713671467 
115 0.008501103713671467 
1232 0.008501103713671467 
1980 0.008501103713671467 
411 0.008481379651588013 
624 0.008501103713671467 
1768 0.008501103713671467 
113 0.008501103713671467 
755 0.008501103713671467 
388 0.008491241681528556 
1381 0.008501103713671467 
1150 0.008501103713671467 
1990 0.008501103713671467 
509 0.008501103713671467 
605 0.008501103713671467 
1994 0.008530689900859314 
696 0.008501103713671467 
1124 0.00852082783832307 
640 0.008501103713671467 
1611 0.008501103713671467 
1666 0.008501103713671467 
826 0.008501103713671467 
1021 0.008501103713671467 
1214 0.008491241622896026 
488 0.008501103713671467 
1685 0.008501103713671467 
958 0.008501103713671467 
1207 0.008501103713671467 
1543 0.008481379651588013 
1979 0.008501103713671467 
314 0.008501103713671467 
1618 0.008501103713671467 
645 0.008501103713671467 
1748 0.008501103713671467 
678 0.008501103713671467 
622 0.008501103713671467 
682 0.008501103713671467 
902 0.008501103713671467 
1302 0.008501103713671467 
1883 0.00854055196353549 
1616 0.008501103713671467 
1506 0.008501103713671467 
1585 0.008530689900859314 
965 0.008501103713671467 
379 0.008501103713671467 
184 0.008481379651588013 
1882 0.008501103713671467 
609 0.008510965775927012 
1233 0.008501103713671467 
887 0.008530689900859314 
1309 0.008501103713671467 
1550 0.008501103713671467 
1413 0.008501103713671467 
611 0.008491241622896026 
949 0.008501103713671467 
890 0.008501103713671467 
57 0.008501103713671467 
1783 0.008481379651588013 
937 0.00852082783832307 
1140 0.008501103713671467 
429 0.008501103713671467 
1772 0.008501103713671467 
336 0.008501103713671467 
1958 0.008501103713671467 
315 0.008501103713671467 
1008 0.008501103713671467 
110 0.00852082783832307 
1909 0.008501103713671467 
1692 0.008501103713671467 
1814 0.008501103713671467 
473 0.008491241681528556 
1408 0.008510965775927012 
550 0.008501103713671467 
1996 0.008501103713671467 
1548 0.008491241681528556 
1178 0.008501103713671467 
909 0.008501103713671467 
1128 0.008510965775927012 
1445 0.008501103713671467 
1434 0.008510965775927012 
1588 0.008491241681528556 
865 0.008501103713671467 
265 0.008501103713671467 
494 0.008501103713671467 
