1 503 4 1 4
3 218 8 8 561080
4 414 3 1 4
9 129 4 1 4
9 451 2 2 10
10 462 8 1 4
11 297 5 1 7
11 477 3 1 4
12 343 2 3 31
14 173 4 7 90184
14 265 2 4 217
16 232 4 1 4
16 357 1 2 4
19 33 6 1 4
23 418 3 2 8
24 52 5 2 19
24 386 5 4 530
25 126 2 4 71
25 234 4 2 11
25 408 2 2 10
27 378 3 1 4
28 407 4 1 7
34 199 9 1 4
35 151 8 1 8
35 446 9 1 4
35 479 3 1 4
36 444 4 1 4
39 467 9 1 8
40 464 2 2 4
42 316 3 1 4
45 98 9 1 10
45 408 1 7 5045
46 139 4 1 4
47 99 3 3 19
47 505 9 2 23
48 344 3 3 17
50 474 9 1 4
51 342 2 2 5
54 464 2 7 60214
55 151 3 2 7
56 234 8 1 10
56 435 2 7 57132
58 164 3 1 5
59 276 3 1 4
60 384 10 1 4
62 444 1 2 4
62 489 7 5 808
64 179 1 3 7
65 386 1 4 34
66 185 10 1 4
67 70 4 3 28
68 209 8 1 4
68 221 7 1 4
69 72 8 3 46
69 89 2 5 398
69 462 7 2 26
70 295 7 1 7
74 411 9 1 8
74 451 1 2 4
82 84 7 3 103
82 464 9 1 4
83 402 6 1 4
83 407 6 1 4
84 257 10 1 4
87 133 1 2 4
88 404 7 1 8
90 292 8 5 1526
94 427 4 1 4
95 182 7 1 4
95 486 8 1 5
100 291 4 2 10
103 186 10 4 722
103 273 10 1 7
103 277 10 1 5
106 249 9 5 3854
107 241 7 1 4
107 350 1 2 4
109 367 5 1 5
111 273 8 1 5
112 236 1 5 441
115 193 6 3 41
116 207 9 1 13
118 346 1 6 993
119 293 4 5 1305
119 417 10 1 7
120 475 4 2 10
123 173 10 1 4
123 377 3 4 113
124 280 5 2 11
125 445 7 3 71
127 250 2 5 409
127 311 6 1 7
128 385 1 2 4
129 406 1 3 22
132 475 6 1 5
135 167 8 6 32842
137 201 2 2 4
141 390 1 3 7
143 270 9 1 5
143 286 3 1 4
144 505 10 1 4
146 215 7 1 4
146 362 3 3 49
148 359 3 1 4
149 224 3 2 11
149 304 5 5 3092
149 458 7 4 196
151 307 2 5 956
151 463 4 1 4
155 418 8 1 4
156 400 3 5 873
159 331 7 5 1128
159 451 5 1 4
163 181 3 1 4
163 333 7 1 4
164 291 5 3 35
165 281 3 1 4
172 480 7 5 3675
174 501 10 1 4
176 462 7 1 7
178 182 2 3 34
178 254 8 2 20
179 223 5 2 11
179 255 2 2 4
179 473 4 2 8
180 197 6 1 7
186 237 3 1 4
189 474 4 3 34
191 352 3 3 22
191 368 8 2 29
191 401 9 7 104833
197 230 3 3 17
198 267 7 2 34
198 279 10 1 8
198 353 7 1 4
202 254 3 3 64
205 345 4 3 23
208 275 9 1 4
209 492 9 7 137491
212 238 2 2 4
218 254 5 2 15
219 234 5 2 10
223 412 5 2 14
223 478 1 6 1236
227 273 1 8 241030
230 482 3 6 9331
231 378 6 1 4
233 366 10 1 11
235 354 8 1 4
239 323 5 1 7
241 345 10 1 4
243 492 7 2 19
246 254 9 1 4
250 395 9 1 4
252 502 10 1 4
253 500 7 1 4
256 288 3 1 4
258 267 9 1 4
260 283 7 4 406
260 316 5 3 62
262 299 7 1 10
262 414 3 1 4
262 487 8 1 4
264 473 7 2 16
266 294 9 2 22
267 463 4 1 4
269 336 2 2 10
270 395 2 2 5
275 323 10 6 12240
277 279 2 2 8
277 359 5 1 4
280 385 7 1 7
281 345 5 1 4
281 464 5 1 8
290 427 4 1 4
298 347 9 1 4
303 305 7 1 4
303 376 9 1 4
305 411 10 4 422
305 416 2 8 500017
311 330 1 2 4
312 466 9 1 4
314 418 7 1 4
317 318 10 6 13432
325 422 1 2 4
339 475 3 4 86
343 415 9 1 7
352 373 7 3 52
353 371 4 8 169800
354 457 5 3 64
358 432 2 6 1847
358 447 3 7 30739
361 510 9 2 40
368 482 10 6 30715
371 421 3 1 4
374 489 3 3 17
380 470 8 1 4
383 387 10 1 8
384 450 7 1 7
386 482 6 2 14
388 472 1 4 67
391 404 6 1 4
395 423 9 5 3033
398 484 9 1 4
400 492 4 1 4
405 474 3 1 4
410 473 8 8 2047528
427 505 9 4 1018
432 455 2 3 32
438 501 2 4 94
444 468 6 1 4
449 452 8 1 13
450 475 6 4 218
461 503 6 1 4
485 501 4 1 4
