0 8 6 1 4
0 259 1 3 7
1 30 2 2 4
3 592 7 1 4
4 683 10 1 10
6 267 1 2 4
6 466 5 1 4
6 512 9 1 4
8 58 8 1 4
8 202 1 2 5
8 272 9 1 4
9 416 3 3 16
10 160 10 1 4
10 176 5 2 12
10 208 1 4 32
13 224 8 1 4
14 127 3 1 4
16 9 7 6 7371
17 129 4 1 4
18 51 5 5 1861
18 290 4 1 4
19 24 9 1 4
22 565 10 1 4
28 42 4 1 4
32 759 6 5 2851
33 3 9 1 11
33 945 8 1 4
34 324 5 1 4
34 720 7 4 400
36 266 2 2 7
37 364 8 1 10
41 96 6 1 4
42 778 9 3 116
44 10 5 3 84
45 50 8 1 4
45 808 3 1 4
45 844 9 4 501
48 226 1 2 4
49 516 2 6 1761
64 203 8 1 8
64 272 8 1 4
65 61 10 1 13
65 104 5 6 23902
65 241 7 1 4
66 545 8 2 26
70 672 5 1 4
71 1 5 2 13
76 84 10 5 2324
77 267 2 2 7
82 283 7 2 19
83 115 5 3 70
83 304 7 1 4
83 784 3 5 1518
85 31 4 6 4830
92 38 9 1 4
93 669 5 1 4
95 34 6 1 4
99 134 9 1 4
100 752 10 2 24
101 169 2 6 3909
101 392 5 3 49
101 599 9 2 29
104 132 9 1 4
106 652 8 1 4
108 514 2 7 62716
111 12 8 1 8
112 0 8 4 214
112 776 2 2 4
118 565 6 2 15
119 446 2 6 5749
119 836 1 4 25
120 76 2 2 4
129 163 3 1 4
130 78 7 2 15
132 516 8 4 270
136 482 10 1 4
139 865 9 1 4
141 521 3 3 62
148 130 1 6 4454
148 912 3 1 4
153 171 3 3 45
160 801 10 1 10
164 636 3 1 4
177 128 8 1 11
178 580 8 1 4
181 97 9 4 279
194 321 10 1 4
197 611 6 1 4
202 11 7 4 409
204 520 5 1 4
211 4 5 1 5
212 112 9 1 4
218 86 10 2 23
231 290 10 1 4
232 5 1 2 4
232 130 6 6 11756
237 91 6 1 4
241 206 5 2 10
244 932 4 1 4
245 705 4 1 4
256 416 3 1 4
256 764 10 1 13
257 0 7 3 55
257 268 1 2 4
257 544 7 4 481
257 920 4 5 573
258 24 9 1 4
259 268 8 2 22
259 532 2 3 28
260 978 9 1 4
264 296 1 2 4
266 11 2 2 4
267 523 8 2 24
272 280 10 1 5
273 581 3 1 4
275 116 3 2 7
284 835 10 3 69
288 292 5 3 30
289 788 6 1 4
292 19 6 1 7
296 231 1 4 55
296 260 3 1 4
296 288 2 2 7
296 516 10 1 4
297 389 4 2 10
304 63 1 3 15
314 109 10 2 18
321 4 5 3 48
321 262 8 4 217
321 337 10 1 4
334 265 6 1 4
337 833 3 1 4
354 25 3 3 19
366 657 9 6 14900
368 738 3 1 4
372 352 5 1 4
384 156 6 1 4
385 213 5 1 4
385 563 5 1 5
386 849 3 2 8
387 297 2 5 250
388 332 4 1 4
389 596 1 2 4
393 577 9 1 4
398 943 8 1 4
400 21 8 1 13
400 144 1 3 13
403 20 4 1 7
416 531 9 7 49267
425 261 3 7 32321
433 398 7 1 4
437 2 2 6 1840
448 92 4 3 60
460 462 4 1 4
480 0 7 1 4
482 64 1 3 10
491 112 3 1 4
496 433 4 2 8
512 5 7 1 4
512 453 6 1 4
512 482 9 7 232261
514 36 7 2 18
516 169 1 2 4
516 385 8 1 4
516 555 3 1 5
517 0 7 3 50
517 177 4 2 13
520 436 8 1 5
527 36 9 6 10973
528 406 2 9 3316221
529 16 1 2 5
529 260 4 3 29
529 423 2 2 4
529 836 9 1 4
532 292 4 2 8
534 928 6 2 11
537 138 7 1 4
538 820 3 1 5
544 24 8 9 8619844
544 597 6 1 4
545 209 7 1 4
557 557 5 1 4
557 938 5 1 4
566 44 4 4 92
572 370 6 5 776
576 371 2 2 5
580 507 3 1 4
587 608 1 5 229
592 2 3 1 4
592 4 10 1 10
596 33 7 1 4
600 573 8 2 18
608 648 6 1 5
609 225 4 1 4
612 534 7 1 4
626 528 9 1 4
629 528 4 2 10
633 812 7 2 31
640 160 1 5 636
640 369 8 1 4
641 192 4 1 5
644 387 2 7 47277
644 756 1 3 7
648 369 8 1 4
649 4 2 2 10
652 594 6 6 7822
655 384 8 1 4
655 761 7 3 75
657 201 9 1 5
664 781 8 1 4
665 3 3 1 4
668 464 8 1 4
686 426 4 1 4
704 292 4 1 4
712 862 1 7 21031
716 339 4 3 61
719 512 6 1 4
721 170 4 2 13
722 100 2 2 4
744 280 2 3 27
744 762 1 2 4
746 386 6 1 4
768 326 5 1 4
768 608 5 1 4
768 736 2 2 4
770 211 1 2 4
776 586 6 1 8
780 552 8 1 4
785 45 4 1 4
792 594 5 5 1700
808 302 6 1 4
814 161 10 1 4
835 583 2 2 5
838 785 10 1 4
856 256 9 1 4
856 866 4 4 319
903 339 8 1 4
912 2 7 1 7
920 200 4 3 65
922 784 1 5 245
931 657 1 5 525
932 783 8 1 4
934 94 8 5 2357
954 22 10 1 5
956 846 8 4 239
968 352 10 1 8
970 180 1 2 4
1002 912 2 2 5
1021 643 8 1 4
