59 0.003526040522312848 
26 0.0034559923698385554 
1844 0.0034704302311210607 
758 0.0034347909928696537 
1400 0.003577042819744502 
1768 0.0034403209989052907 
894 0.0034129775187871753 
1503 0.003419733933807517 
1066 0.003937769615492785 
587 0.003561373562442358 
453 0.0032242722769805824 
275 0.0035426315990242352 
921 0.0034584479642253483 
63 0.0035469324656386093 
1526 0.0034037604884744432 
725 0.0035217392103767038 
1338 0.0035997832416490303 
832 0.003488250098522491 
1609 0.0032869585395959755 
284 0.003388707033975384 
1401 0.003225572623245799 
351 0.0034824126013902226 
1554 0.003597627944000024 
1306 0.003525424643460094 
1960 0.0034286280363851995 
732 0.003488249678849458 
1682 0.003269814411821113 
706 0.0034602947586037276 
1668 0.003448601550395536 
1982 0.0034492309205032415 
293 0.0034037593897066017 
18 0.0034649003799590503 
1267 0.0036086908539133336 
610 0.0034590568243061982 
1416 0.0032679716007912524 
1744 0.0034731953851313132 
208 0.0034559803105523846 
854 0.0037405028518807367 
1227 0.003475038525913188 
691 0.0034074474494603726 
859 0.0035205100959931047 
537 0.003477189225585188 
1546 0.0033681215953299914 
546 0.003531263568180546 
646 0.003544475047326101 
788 0.0035604519795841534 
1829 0.0035420167869219315 
1717 0.0035825736586105224 
1457 0.0035699765479781905 
27 0.0035238922409269735 
1090 0.0034728882777601425 
601 0.00366092272819784 
1812 0.003557994001077171 
1491 0.003522660734069566 
903 0.0036126838177349308 
181 0.003478109960855338 
730 0.0037435758186394373 
1112 0.0034636711471207364 
499 0.003432343747296567 
441 0.0036529344879321275 
1962 0.0034209659029565244 
661 0.0033739596404069577 
705 0.003529420316823118 
1637 0.003450763565710938 
1428 0.00344185671608731 
465 0.003485177743598505 
1269 0.003181937272435353 
34 0.003506991492158908 
1754 0.0034341766129027656 
708 0.0036194434925715647 
1047 0.0037936599548275907 
1314 0.003444315073926993 
508 0.003534028847379983 
736 0.0034980814573679804 
1382 0.003522660491109572 
1687 0.003530956289236126 
624 0.0033312564433190155 
1535 0.0035890254134090436 
1918 0.003597017466307598 
1598 0.003643716828259308 
343 0.00341820093673646 
1983 0.0034645719158515444 
1831 0.003658157829254414 
1971 0.0034311045737317122 
789 0.0032600558552517574 
248 0.003469201048141662 
1288 0.003297461491019887 
341 0.0035152869475251806 
1158 0.0035417094580785595 
845 0.0035331072265385394 
1322 0.003468894208239383 
1389 0.0034953153322698884 
1859 0.0033960583207158154 
1848 0.0034480022432212664 
329 0.0035632165309573125 
1627 0.0033567539788926684 
753 0.0036695263064937225 
458 0.0034999250763690843 
549 0.0036679895064415783 
510 0.00334999579008861 
1747 0.0034768823446597232 
911 0.0035822647762824957 
65 0.0036114553678491326 
776 0.003522660980586063 
306 0.003417289761634422 
1051 0.003377646179132223 
1079 0.0034120561943144097 
236 0.003477189218185892 
285 0.0034547613093261526 
1069 0.0033724243331636704 
1910 0.003567823756364856 
254 0.0034728880579927663 
1723 0.003505762645160865 
426 0.0035238864518626753 
1178 0.0034480021597524863 
482 0.003498056362931491 
1160 0.0034357130323481016 
1775 0.0034363272980067524 
1225 0.0032344868973507523 
1379 0.003566596763838946 
318 0.00357243459562078 
1212 0.0035705908235859197 
1857 0.003516515470666133 
74 0.0035011541049028688 
1368 0.003454146957135386 
1276 0.0034255737273808716 
1026 0.0035343361914158826 
335 0.003596400009962276 
1421 0.003432332712603397 
344 0.003566287919551235 
544 0.003593327417023513 
1721 0.003381335194379841 
786 0.0034731948094900863 
1059 0.0035066839749214405 
23 0.0035195883369527866 
1567 0.003454763768322003 
1984 0.0034446223883011383 
1889 0.003471966185865172 
1208 0.003494701331794234 
189 0.003394851111739722 
937 0.0034320256470306404 
120 0.003388398805181549 
913 0.0033460025493643876 
1713 0.0035207921899777107 
1476 0.0036904192374863564 
1123 0.0036793610750045923 
1856 0.0033134373469857793 
917 0.00356382882070849 
1596 0.003509449481353739 
56 0.0034212724825870813 
521 0.0033527541622219567 
430 0.003467357953772993 
1575 0.003469508373564007 
1865 0.003446158774486949 
1667 0.0036584650779093526 
1348 0.0035825737389853234 
1543 0.0034480020406232968 
978 0.003460291091128031 
483 0.003514058137153438 
1150 0.003419429387037435 
