0 8 7 1 4
0 17 9 7 170557
0 29 6 2 12
0 150 4 5 573
0 256 7 1 4
0 265 6 2 16
0 321 8 1 4
0 646 10 1 4
0 674 6 5 2705
0 679 4 1 4
0 902 8 1 4
0 917 1 2 4
1 15 2 2 7
1 82 7 1 9
1 135 10 1 4
1 228 9 2 41
1 535 1 10 419771140
1 768 8 6 18423
2 0 5 4 199
2 48 3 1 4
2 167 10 3 86
2 260 1 2 4
2 328 4 1 4
2 523 6 3 43
3 272 3 1 3
3 530 1 2 3
4 4 8 2 18
4 24 8 1 7
4 50 5 2 13
4 64 2 2 4
4 248 2 4 159
4 284 8 1 5
4 293 4 1 7
4 517 1 6 1752
4 683 10 1 13
4 774 2 4 202
6 212 6 1 4
6 259 3 2 10
6 267 10 2 26
6 512 1 2 4
6 1002 6 5 1279
8 1 9 1 4
8 2 2 2 4
8 19 5 3 57
8 202 6 5 1028
8 552 10 4 596
8 656 1 3 18
8 735 1 3 14
9 39 8 1 7
9 572 8 1 10
10 13 1 3 13
10 75 10 2 25
10 584 4 5 508
10 599 7 3 47
10 680 2 2 4
11 204 1 5 147
12 24 9 4 360
12 634 1 3 7
13 224 2 2 7
13 320 8 1 4
14 127 6 1 4
14 321 6 1 4
14 376 5 1 4
16 24 1 2 4
16 96 10 1 7
16 148 1 3 7
16 643 1 2 4
19 7 9 1 4
20 194 5 1 4
21 308 1 3 15
22 97 4 1 4
23 328 5 1 4
23 886 1 3 9
24 9 6 1 9
24 533 6 1 4
24 781 9 1 10
24 786 6 5 2482
26 22 4 1 4
26 109 3 3 30
27 547 6 3 47
27 549 4 1 4
28 192 5 4 290
28 624 8 1 4
28 647 4 3 37
30 52 2 3 24
30 129 2 3 32
32 16 2 6 2839
32 33 2 2 7
32 42 2 6 7287
32 204 2 2 10
32 219 8 2 32
32 276 9 1 9
32 388 4 1 4
32 514 6 2 11
33 3 4 2 9
33 277 10 2 47
34 720 8 2 27
35 266 8 1 4
37 364 9 1 4
38 180 2 2 4
38 204 3 1 4
38 544 8 1 4
39 3 10 4 652
40 512 2 2 4
40 605 2 5 294
40 645 8 1 4
40 756 1 2 4
41 96 9 1 4
41 276 5 5 1112
41 321 5 1 4
42 42 6 4 157
43 1 7 1 4
43 546 5 1 4
44 12 1 3 8
44 524 6 1 4
45 808 4 2 12
47 1022 2 1 3
48 168 7 1 4
48 176 7 2 30
49 310 8 1 4
50 9 5 1 4
50 113 9 4 207
51 516 10 6 12474
52 188 2 3 36
52 285 7 7 93352
54 718 4 1 4
56 544 7 1 7
57 5 7 1 4
57 448 10 1 4
58 113 10 1 4
58 470 3 4 339
59 58 4 1 7
60 5 9 1 11
60 112 10 1 4
62 521 7 2 14
62 612 3 4 99
64 1 7 1 9
64 26 9 3 49
64 41 5 1 7
64 203 5 4 116
64 514 10 5 1345
64 686 9 2 16
64 756 10 1 4
64 780 2 6 1787
64 790 1 4 98
65 96 10 1 7
65 241 9 3 74
65 421 1 2 4
65 571 2 2 4
67 20 7 1 4
67 37 6 1 4
68 153 4 9 4426860
69 529 2 4 159
70 109 2 2 10
70 212 7 1 4
70 608 8 2 21
70 642 5 1 4
70 646 10 1 9
70 672 6 3 78
71 409 1 2 4
72 65 2 2 4
72 280 6 1 4
74 768 4 1 4
74 1012 8 1 4
76 262 1 6 1555
77 256 6 5 844
78 288 6 1 4
78 784 2 2 7
80 132 7 1 9
80 677 1 2 4
82 283 6 1 7
83 124 5 1 4
84 64 9 1 9
84 216 3 1 4
84 490 4 3 32
87 353 4 1 4
88 782 9 1 4
89 2 10 1 4
90 843 10 1 5
90 977 3 1 4
91 652 6 1 9
92 38 2 2 7
93 134 3 2 6
94 954 7 1 4
96 776 10 1 4
97 473 9 3 159
98 401 10 1 14
98 671 1 4 81
99 249 5 4 154
100 128 4 4 325
100 768 1 2 5
100 901 3 1 4
101 70 6 3 71
101 392 3 3 50
101 599 9 1 4
102 6 4 1 7
106 516 3 1 4
106 652 6 1 5
107 3 9 1 4
108 133 6 1 4
112 1 10 7 69371
112 776 2 9 6342978
116 33 8 1 4
117 106 2 2 4
117 803 2 2 4
119 446 5 8 272906
119 836 6 2 29
122 80 9 7 97403
122 294 9 1 3
123 600 5 5 780
128 134 2 4 92
128 320 9 5 1206
128 375 3 1 3
128 433 10 1 7
129 0 10 1 7
129 10 7 1 4
129 39 5 2 19
129 88 8 1 5
130 78 7 6 30157
130 368 9 3 61
130 540 10 4 561
132 137 9 1 4
132 713 9 1 4
132 916 2 2 5
133 23 9 3 58
133 138 3 3 20
134 67 1 2 4
134 377 8 1 4
134 390 6 1 4
136 482 8 4 319
136 657 3 1 4
137 148 6 2 31
137 778 10 8 1235998
138 266 4 1 4
138 415 1 4 57
139 87 6 2 21
139 865 2 2 4
140 72 2 2 4
140 135 6 1 4
140 724 9 6 15501
140 776 2 4 67
141 2 3 1 4
142 641 9 2 21
144 418 1 4 61
144 433 7 1 4
145 1 6 2 30
145 2 8 1 9
145 67 5 4 144
145 184 7 1 4
145 216 1 2 4
146 146 1 2 5
146 396 4 3 81
148 146 4 1 4
148 464 1 3 7
149 20 2 4 50
151 102 4 6 8291
153 171 4 1 4
153 961 7 1 9
161 524 7 1 7
162 160 10 6 7432
162 517 2 2 4
163 361 8 1 4
163 601 7 1 4
164 34 9 1 4
164 38 10 2 28
164 87 4 1 4
164 264 10 6 7573
164 636 3 2 9
164 646 10 1 4
165 141 4 1 4
167 104 2 2 4
167 384 2 2 4
167 456 9 1 9
167 712 1 3 9
168 52 3 1 4
168 67 9 1 4
168 480 5 1 3
169 25 4 2 12
171 144 7 1 12
173 261 6 2 27
174 582 7 1 7
175 863 3 2 7
176 32 6 2 19
176 916 5 1 4
178 100 7 1 4
178 797 3 1 5
179 429 3 3 41
180 973 9 1 4
181 331 7 1 4
181 768 4 2 14
182 672 8 3 71
182 728 9 1 5
185 391 10 8 532677
188 4 3 3 54
192 72 4 1 4
192 536 3 2 7
192 898 3 8 401021
193 8 1 2 4
194 677 4 3 84
197 61 1 5 259
197 592 4 1 6
197 611 4 1 4
202 11 5 4 183
203 654 5 2 9
205 457 3 2 7
206 80 8 1 4
206 530 6 1 4
208 88 3 4 128
209 564 10 1 4
210 1 2 2 4
212 673 4 1 7
214 369 7 4 206
216 66 1 4 29
217 923 3 2 7
219 389 6 1 4
220 658 9 1 11
225 316 10 1 14
225 948 7 3 48
226 157 9 1 4
231 290 4 2 12
232 5 1 4 30
232 130 9 1 14
233 973 4 3 47
235 645 8 1 14
239 560 3 1 4
240 66 1 3 10
240 914 1 2 4
241 206 9 6 42829
246 64 1 4 57
256 1 1 7 13981
256 5 3 1 3
256 97 7 1 4
256 160 1 3 7
256 344 7 4 347
256 416 4 1 6
256 616 2 9 3657329
256 772 8 2 19
256 904 3 2 14
257 156 9 1 4
257 272 7 1 7
257 806 10 1 7
257 920 8 3 56
258 36 10 2 22
258 810 2 2 4
258 880 2 2 4
259 165 2 4 66
260 131 8 3 130
260 545 5 1 4
260 678 5 4 362
261 356 6 1 4
261 672 6 3 34
262 32 1 3 9
262 1013 1 3 12
264 1 5 1 7
264 4 5 1 4
264 296 8 2 20
264 568 2 2 4
266 272 8 5 4418
266 336 4 3 34
266 504 3 1 4
267 581 4 2 15
268 512 6 1 3
268 577 6 2 23
270 73 9 3 65
272 41 6 4 195
272 259 3 2 7
272 554 2 3 28
272 640 2 2 4
275 4 3 2 9
275 133 8 1 4
275 512 6 1 6
276 661 5 1 4
277 8 6 1 4
277 128 7 1 4
277 385 3 2 9
279 901 8 1 7
280 36 8 1 4
280 82 1 8 135902
280 600 10 1 5
282 576 10 3 129
282 717 2 2 7
282 787 10 3 109
283 35 6 2 16
287 448 10 1 7
288 50 2 2 7
288 132 4 6 9353
288 545 6 1 4
289 60 9 1 4
290 328 4 1 4
291 610 9 1 7
292 162 7 1 4
292 524 4 1 4
292 593 3 2 10
293 960 1 4 102
294 27 5 1 4
294 864 4 4 164
296 288 6 1 4
296 409 1 2 4
296 516 3 1 4
297 325 6 1 6
298 75 10 3 122
298 800 3 2 12
300 29 7 1 4
301 274 10 1 4
304 8 9 2 38
304 42 7 1 4
304 63 1 2 4
304 292 4 7 122728
305 163 3 9 1958863
307 514 5 5 1085
314 376 4 4 373
316 452 5 1 4
320 428 4 2 12
320 468 10 3 69
320 641 8 2 20
321 834 2 2 4
322 196 10 1 4
322 902 8 4 207
323 360 9 1 12
324 167 3 1 4
324 200 7 1 9
325 6 10 2 32
325 74 6 4 347
326 11 5 1 4
326 280 7 1 4
326 443 9 1 13
329 258 4 5 789
332 456 1 3 12
334 265 4 8 377956
334 288 1 2 4
335 391 3 1 4
336 18 9 1 3
338 160 5 1 6
342 15 9 1 4
342 272 6 1 4
345 728 8 1 9
346 11 10 3 195
347 296 6 1 4
347 313 3 1 4
348 128 6 1 4
352 794 2 4 51
352 860 5 1 4
353 138 1 3 9
353 684 1 4 23
354 288 10 2 31
355 634 2 3 23
356 800 3 2 10
357 641 4 1 4
357 690 10 1 4
360 514 5 2 11
360 732 4 1 4
360 810 2 6 3487
362 34 2 2 4
363 162 6 3 32
366 657 4 4 277
368 49 6 1 4
368 738 2 7 15064
368 925 3 2 15
371 772 4 1 4
376 193 4 1 4
381 531 10 1 9
384 5 1 4 102
384 6 1 4 41
384 156 2 4 47
384 312 3 3 33
384 457 7 1 7
384 531 6 1 5
384 841 5 1 4
385 213 7 1 4
385 563 8 1 14
386 64 7 9 12892766
386 73 3 1 4
386 275 3 2 12
386 846 9 1 4
387 147 6 1 4
387 545 5 1 4
387 1016 3 1 4
389 596 8 7 46992
391 8 9 1 11
391 461 3 5 1087
391 800 3 1 4
394 590 1 3 17
396 536 8 3 58
397 305 2 7 65816
397 518 5 8 422155
400 144 9 3 124
400 712 9 1 6
401 16 1 2 4
401 277 1 2 4
401 284 2 4 160
401 932 4 8 275137
402 769 7 1 4
403 98 1 2 4
404 209 9 1 4
406 677 10 1 4
408 576 4 1 6
409 417 2 2 10
410 520 3 1 4
412 6 7 1 4
413 640 2 2 4
416 52 9 1 6
416 292 2 3 18
417 577 4 9 4154120
418 16 3 4 71
419 62 9 1 4
420 424 7 1 4
423 384 9 1 4
423 651 4 4 363
425 776 10 1 16
428 194 10 4 1010
433 24 6 4 427
433 197 8 1 4
434 734 9 4 229
442 691 8 3 125
448 655 8 1 5
449 321 2 4 81
452 48 5 1 4
452 136 10 2 22
454 437 7 1 4
454 634 10 1 7
456 367 6 1 5
456 774 4 1 4
460 197 9 1 4
461 625 3 1 5
463 916 9 7 326979
467 300 1 3 9
473 6 5 4 152
476 775 1 3 7
480 928 6 1 4
483 555 1 3 7
485 134 2 2 4
488 269 1 5 144
488 334 4 1 4
489 64 7 5 2214
491 112 7 1 4
512 65 8 2 27
513 65 10 2 42
513 100 9 1 12
513 304 1 4 47
513 644 8 1 7
514 11 9 1 4
514 452 9 1 10
515 93 9 6 21686
515 157 10 1 4
515 273 5 1 5
516 72 7 4 685
516 357 10 1 4
516 605 5 1 4
517 0 6 7 61265
517 233 3 1 4
517 672 10 5 5699
517 676 9 2 25
518 41 1 2 4
518 66 6 5 2985
520 296 7 1 4
520 896 10 9 18804725
521 229 1 2 5
521 546 8 1 14
522 1 2 2 9
522 121 5 1 4
524 173 8 5 3055
524 520 8 1 4
528 33 8 1 4
528 36 6 2 23
528 144 5 3 42
528 156 8 1 4
528 406 8 4 180
528 580 9 2 18
528 611 8 3 71
529 16 9 1 4
529 148 5 1 4
529 260 9 2 22
529 737 9 1 4
529 836 10 2 50
530 20 9 4 244
530 132 6 1 4
533 37 1 3 9
533 787 7 1 3
534 6 7 2 14
534 786 2 2 4
536 244 9 3 82
536 412 5 5 1742
537 138 7 3 86
544 6 10 2 23
544 151 6 4 174
546 4 4 5 1718
546 263 9 2 22
546 650 5 2 17
546 758 9 5 4782
546 900 5 1 4
547 577 7 1 7
557 400 9 1 4
557 557 6 1 7
559 557 5 1 4
560 18 9 1 9
560 96 3 3 17
560 104 7 1 4
560 168 1 6 2057
561 10 9 4 663
561 444 6 1 7
561 786 1 6 1626
561 993 2 2 4
563 20 2 2 4
564 656 4 4 146
565 105 2 3 24
567 793 10 3 213
571 100 8 1 9
571 457 4 1 4
572 64 4 7 22813
572 257 9 1 9
572 370 3 1 4
573 886 10 1 5
574 18 10 1 4
574 533 8 1 4
576 5 10 1 7
576 76 3 1 4
576 133 5 2 10
576 172 7 6 5496
576 371 1 7 18226
576 525 3 7 21363
577 222 7 1 4
577 236 3 1 4
578 96 5 1 4
578 575 1 2 4
579 789 8 2 16
580 507 1 2 4
580 598 4 3 68
583 129 6 3 70
584 833 3 1 4
585 208 6 1 4
585 354 10 1 4
585 389 3 2 7
586 64 10 1 7
589 389 4 2 16
590 788 7 2 19
591 147 2 2 4
592 2 6 3 129
592 148 7 3 146
592 322 8 1 9
595 58 7 1 4
596 91 2 2 4
596 385 1 2 4
599 569 2 3 26
600 115 7 1 4
600 562 9 2 37
600 575 7 1 4
601 335 7 1 4
601 431 5 2 11
604 913 7 1 4
604 1006 10 4 353
605 80 6 1 4
606 281 5 1 3
607 393 2 2 4
608 185 4 7 133985
608 522 6 1 5
608 648 5 1 4
609 210 1 2 4
609 526 2 2 4
609 768 9 1 4
613 840 3 7 58828
614 936 4 4 298
616 450 10 1 7
618 70 8 1 4
619 140 7 2 22
624 579 2 2 4
625 261 4 1 4
625 530 10 1 6
627 3 4 4 117
627 418 1 2 4
627 769 7 1 5
629 446 5 2 12
631 24 6 1 4
632 18 3 1 4
633 812 9 1 7
635 546 3 4 121
640 160 7 1 10
640 258 1 2 4
640 369 6 2 12
640 659 5 2 10
643 73 5 1 7
644 660 10 1 4
645 4 2 3 11
646 388 9 1 5
648 98 5 10 56901394
648 210 6 3 42
648 301 1 3 12
648 369 10 2 20
648 694 3 1 4
648 769 1 3 16
649 4 8 1 4
651 290 1 6 4037
652 594 8 2 35
656 3 7 1 4
656 370 10 1 4
660 52 6 1 4
666 66 5 2 10
668 464 10 1 16
668 749 7 6 5659
674 288 8 1 4
676 52 7 1 4
677 121 6 1 4
678 237 1 2 4
680 20 5 2 11
680 450 9 1 14
681 6 1 3 7
682 156 6 1 4
686 593 1 3 6
692 914 4 1 5
693 397 9 1 7
693 522 10 2 31
694 768 9 1 4
700 864 7 3 38
701 34 6 1 5
704 34 5 6 8601
704 76 7 4 247
704 292 6 2 17
705 854 2 2 5
706 17 1 4 89
706 732 2 4 47
708 108 9 3 131
709 354 8 2 34
709 644 5 3 35
711 19 8 2 36
712 283 4 1 4
712 294 2 6 1588
719 512 3 2 7
720 7 9 2 17
720 144 8 2 35
721 0 7 1 6
721 104 6 3 36
721 584 3 2 6
722 104 1 3 10
722 146 6 1 4
722 398 3 4 136
722 464 10 1 7
723 142 6 1 4
725 65 9 3 101
726 322 9 1 4
727 200 6 1 4
728 227 6 9 4224335
728 712 4 1 7
732 834 7 1 4
737 64 1 2 4
738 970 8 1 4
752 261 10 1 6
752 786 1 3 14
760 220 8 1 7
760 257 8 1 4
761 435 3 1 4
765 513 5 1 7
768 326 4 2 9
768 608 3 1 4
768 666 6 1 4
769 277 1 3 6
769 350 2 2 4
770 211 8 1 7
771 800 6 2 13
775 48 2 4 51
775 921 9 2 17
777 608 8 2 21
778 330 10 1 4
780 552 1 5 241
780 707 5 1 4
781 496 6 1 6
784 549 2 3 37
784 634 2 2 4
785 257 4 4 298
786 521 10 1 4
786 576 3 1 4
792 16 2 2 4
793 52 9 1 4
800 824 8 1 4
801 34 1 3 7
804 337 10 1 14
805 387 8 3 65
806 134 9 1 4
808 945 10 1 3
810 394 9 2 16
810 416 6 1 4
812 778 1 2 4
814 161 6 1 5
814 905 3 4 86
824 392 6 2 12
824 609 3 2 12
824 978 5 1 4
832 328 4 2 15
832 427 9 1 14
832 548 6 1 7
833 999 6 1 4
834 0 4 8 231086
834 912 4 1 3
835 264 8 1 7
836 388 10 1 4
840 106 2 2 4
840 545 7 1 4
842 200 6 1 4
845 561 4 3 39
848 90 6 1 4
870 6 2 2 4
872 50 8 5 2494
873 9 8 3 45
874 360 6 6 8387
882 778 2 2 4
894 392 3 1 4
895 603 9 1 4
896 868 9 1 4
897 1002 4 1 6
898 336 9 1 4
898 699 6 1 4
900 4 4 3 54
900 162 1 4 43
900 313 2 2 4
904 231 2 2 4
904 888 1 4 30
904 929 10 1 4
905 12 5 1 4
906 210 3 3 20
912 2 6 1 4
912 388 5 1 4
914 216 6 1 6
917 912 4 1 4
918 0 7 1 4
920 200 8 1 4
921 320 3 2 12
922 784 6 2 11
924 33 1 2 3
928 518 8 1 4
929 257 5 3 40
930 547 9 4 475
930 720 5 1 4
932 783 9 4 344
938 552 9 1 4
941 771 3 1 4
953 905 7 1 4
956 846 1 3 22
960 358 6 4 354
961 131 1 2 4
961 472 10 2 19
966 197 6 1 4
976 321 6 6 4563
976 779 6 1 7
978 817 6 1 3
985 268 2 2 4
986 772 6 4 475
988 366 9 1 9
996 836 2 3 19
998 127 3 2 12
1000 260 10 1 7
1001 286 5 1 3
1002 652 3 2 7
1002 912 10 1 4
1013 316 8 6 11776
