268 0.019696800596726297 
1846 0.019607775531104175 
1309 0.019607775531104175 
1673 0.019607775531104175 
269 0.019607775531104175 
1124 0.01967454433012835 
1616 0.019607775531104175 
641 0.01963003179731595 
536 0.019607775531104175 
1042 0.019607775531104175 
579 0.01971905684079851 
98 0.0195632629737877 
1625 0.019607775531104175 
698 0.019630031822460817 
1905 0.019607775531104175 
943 0.019607775531104175 
831 0.019607775531104175 
1125 0.019607775531104175 
1308 0.019741313130298973 
667 0.019607775531104175 
1812 0.01967454433012835 
164 0.01965228806365779 
858 0.019607775531104175 
1470 0.01963003179731595 
1711 0.019607775531104175 
1254 0.019607775531104175 
986 0.019607775531104175 
1828 0.019607775531104175 
820 0.019607775531104175 
1522 0.019607775531104175 
511 0.019607775531104175 
1498 0.019607775531104175 
1150 0.019607775531104175 
233 0.019607775531104175 
392 0.01963003179731595 
1490 0.01963003179731595 
1676 0.019607775531104175 
1646 0.019607775531104175 
780 0.019607775531104175 
717 0.019607775531104175 
