0 89 8 3 77
0 198 10 2 32
0 342 1 4 73
1 18 9 3 53
1 503 9 7 63090
2 115 1 8 149276
2 217 4 5 821
3 218 4 4 329
3 363 8 3 107
3 430 7 3 89
4 361 4 1 7
4 414 8 5 1606
5 214 8 3 151
8 303 1 8 63206
9 129 3 2 10
9 171 6 7 41353
9 451 8 4 705
10 223 10 2 22
10 416 5 4 187
10 462 2 3 14
11 30 6 9 3438074
11 297 8 3 46
11 438 3 3 46
11 477 1 3 10
12 343 8 3 85
12 499 1 8 188744
13 207 10 1 3
13 280 3 8 426599
13 397 6 1 4
14 173 6 6 4390
14 265 8 1 7
15 160 3 5 1969
15 194 4 3 49
15 414 6 1 10
16 25 1 9 1928299
16 114 7 1 7
16 232 1 6 1625
16 357 2 3 19
16 370 3 2 13
17 83 8 1 4
17 131 7 3 50
17 316 8 7 243900
18 90 5 3 35
19 33 6 3 65
19 180 9 2 32
20 139 10 5 3507
20 283 6 3 92
21 209 2 7 44016
21 259 1 3 16
22 226 2 2 10
22 451 2 3 26
23 108 2 3 22
23 304 10 4 797
23 418 8 2 40
24 52 2 7 78820
24 386 1 5 172
24 418 7 10 63582296
24 503 6 3 32
25 126 10 8 657589
25 234 7 8 291560
25 309 6 1 4
25 320 2 3 23
25 408 7 4 499
26 142 5 1 4
26 296 3 4 152
27 342 7 4 436
27 378 10 1 10
28 407 5 2 13
29 40 8 4 220
30 403 3 3 38
31 66 8 1 11
32 105 6 2 16
32 177 1 4 47
33 489 9 2 16
34 84 4 3 23
34 129 2 2 5
34 199 3 4 124
34 231 10 5 5602
34 282 5 5 756
34 317 6 4 187
35 151 4 3 38
35 446 10 6 12645
35 458 9 3 64
35 479 1 5 134
36 162 8 4 773
36 341 4 7 79731
36 374 9 4 319
36 444 6 3 41
38 170 6 3 37
38 277 5 8 1210086
38 390 3 5 858
38 488 9 3 76
39 467 10 7 80077
39 490 6 3 34
40 75 6 5 3845
40 103 5 2 20
40 148 6 5 1023
40 464 8 8 1115273
40 486 3 3 17
41 429 10 4 646
42 45 9 1 14
42 316 2 9 863607
43 123 1 6 1131
45 98 1 7 7941
45 108 3 4 111
45 408 1 7 5048
46 106 1 4 44
46 139 8 5 1806
47 99 2 7 48174
47 246 7 2 20
47 505 4 3 83
48 344 7 4 465
49 66 10 2 41
49 370 7 8 294776
50 169 1 6 3624
50 177 4 4 95
50 474 2 5 462
51 342 10 8 776629
52 78 4 3 34
52 181 8 1 13
52 207 6 3 65
52 277 3 3 29
52 500 2 6 3025
54 464 1 6 4393
55 151 10 1 10
56 234 10 2 22
56 435 6 5 809
58 164 2 4 142
58 249 7 2 19
59 199 5 10 932436723
59 276 9 4 676
60 384 8 4 316
61 396 3 6 4365
62 444 3 2 13
62 489 6 5 815
63 335 3 6 10497
64 89 9 6 40476
64 91 3 4 79
64 179 4 7 27741
64 501 10 7 127272
65 236 1 5 217
65 267 8 1 7
65 277 7 6 34081
65 386 2 6 6516
65 397 9 1 10
65 409 5 2 23
66 185 1 3 11
66 376 10 3 86
67 70 4 6 18492
68 132 8 2 16
68 209 3 4 175
68 221 3 5 571
68 267 10 1 4
68 290 8 3 70
68 432 2 6 1450
68 474 9 2 22
69 72 5 3 50
69 89 3 6 14710
69 462 6 3 58
70 295 10 1 13
70 505 8 2 17
71 228 8 1 4
72 167 4 3 34
74 220 2 7 12723
74 411 1 8 182607
74 451 2 5 238
75 330 7 5 1089
75 392 9 4 570
76 153 7 8 1046083
76 322 3 6 3844
77 337 6 5 2147
77 340 4 3 58
78 209 2 5 584
78 267 2 3 17
78 308 9 6 14451
79 319 9 3 125
80 86 5 2 19
80 368 4 2 20
80 420 9 5 1509
82 84 4 3 28
82 464 1 3 7
82 488 7 4 223
83 402 6 2 17
83 407 4 7 30775
84 257 7 1 4
84 295 5 1 7
85 244 9 4 371
86 118 4 6 6768
86 145 4 5 1196
87 133 2 6 3014
88 404 3 6 4713
89 305 1 4 76
89 349 5 7 33871
90 292 6 5 2722
90 402 9 1 4
91 280 3 3 28
92 477 5 6 8034
93 161 4 3 37
94 427 1 3 16
95 182 7 2 22
95 486 7 2 13
96 488 10 6 39102
97 319 2 4 107
97 351 2 7 61988
98 113 9 1 11
99 154 4 3 31
99 172 10 3 169
99 402 8 7 63941
100 291 2 3 13
101 165 2 4 77
102 259 1 6 809
103 117 5 6 14420
103 186 6 5 3941
103 192 6 4 191
103 273 2 4 88
103 277 10 3 157
104 166 7 2 16
104 327 10 1 8
105 242 3 10 472856653
105 496 4 4 101
106 198 8 4 350
106 249 10 5 1262
107 241 9 5 3289
107 277 3 4 68
107 335 9 5 1487
107 350 1 4 41
107 359 10 6 23937
108 404 8 7 159919
109 143 3 2 13
109 354 8 6 8997
109 367 7 1 7
109 408 3 7 45400
109 437 3 2 14
111 198 7 4 280
111 273 8 4 466
112 236 1 5 552
112 446 9 1 11
113 430 10 3 94
114 205 9 6 13455
114 327 4 6 8893
115 180 2 10 113053218
115 193 10 6 8808
115 198 4 9 10862584
116 207 10 3 77
117 314 5 2 10
118 221 4 4 438
118 260 4 4 196
118 285 1 9 440139
118 346 5 7 148910
118 390 10 1 16
119 293 10 5 1466
119 417 6 6 10356
119 423 10 4 323
119 506 10 7 70082
120 475 5 2 10
122 258 10 2 50
122 371 3 1 4
122 383 10 1 8
123 173 6 5 2376
123 377 9 6 8695
124 280 5 6 9642
124 471 7 6 13451
125 154 8 4 180
125 445 5 3 71
125 507 2 5 599
126 251 6 5 3437
126 277 4 4 301
126 466 2 6 2611
127 250 7 5 2069
127 311 5 4 307
128 355 9 5 2253
128 385 5 2 16
129 206 7 2 23
129 276 5 8 444479
129 406 5 2 26
129 480 4 6 18576
130 277 2 4 215
131 194 5 2 13
132 385 8 7 149446
132 434 2 7 10421
132 475 3 7 23329
134 226 7 1 7
135 167 10 6 11595
135 169 6 2 19
136 405 5 3 28
137 160 1 3 10
137 201 8 5 3592
137 250 7 2 14
138 470 1 5 346
139 455 5 5 2385
140 510 6 5 1182
141 278 4 5 505
141 351 3 7 20810
141 353 3 4 154
141 390 7 6 23015
141 418 1 7 18712
142 322 8 1 10
143 192 6 3 43
143 223 4 8 679843
143 270 8 6 5588
143 286 4 4 124
144 505 6 4 188
146 215 4 3 88
146 288 9 4 848
146 362 5 3 29
146 365 9 4 203
147 402 1 5 221
147 467 9 5 3811
147 480 4 4 331
148 162 10 3 113
148 238 4 6 5104
148 359 6 4 136
149 196 10 1 13
149 224 2 3 17
149 304 5 2 10
149 458 4 3 53
150 430 8 5 1595
150 458 6 2 20
151 285 1 4 25
151 307 8 4 887
151 387 2 4 136
151 399 3 2 8
151 463 3 5 556
152 167 2 2 7
152 196 5 1 4
152 421 8 2 17
152 433 6 3 40
153 200 6 5 4057
153 257 3 4 238
153 409 7 6 6392
154 273 8 4 786
154 507 1 4 29
155 412 6 6 5120
155 418 9 1 10
156 160 7 1 10
156 400 6 5 984
156 507 8 7 50929
157 385 5 6 18926
159 189 10 1 4
159 331 3 3 37
159 353 9 4 371
159 451 6 4 573
161 423 7 2 16
162 273 4 2 17
163 181 6 4 365
163 293 8 4 191
163 333 2 4 95
164 241 5 5 2442
164 291 5 2 19
165 281 3 3 31
165 323 3 3 35
165 484 1 4 65
165 501 10 4 582
166 170 10 1 14
168 209 6 9 5936608
169 266 5 4 338
171 319 3 2 14
171 506 8 2 22
172 480 1 3 7
173 266 2 4 56
173 274 4 6 5764
174 352 2 3 11
174 501 9 2 23
175 205 6 3 32
175 272 1 3 16
176 393 3 3 19
176 462 1 6 891
177 250 3 5 386
177 459 8 5 3628
178 182 1 3 13
178 254 8 1 14
178 409 4 7 41503
178 486 4 3 35
179 223 9 6 6353
179 255 9 1 14
179 473 5 1 7
180 197 8 1 4
180 346 9 5 1121
180 421 5 3 95
180 448 2 4 218
181 436 8 1 4
182 277 8 1 7
183 463 3 3 21
186 237 2 3 19
187 440 7 6 8388
189 252 2 2 4
189 275 6 2 19
189 474 3 5 640
190 424 3 9 1412959
191 352 9 4 206
191 368 6 5 1433
191 401 8 4 376
191 416 4 7 24284
192 437 2 2 10
194 346 1 4 73
195 363 8 2 19
196 439 9 6 6571
197 230 3 3 32
198 267 4 5 454
198 279 5 6 13561
198 353 3 4 86
198 478 10 4 672
200 210 6 4 495
200 342 10 3 220
200 448 1 3 10
201 238 1 4 56
202 254 9 3 67
202 442 3 4 335
204 245 4 5 666
204 472 1 6 2129
205 345 8 6 20056
206 410 6 2 31
206 436 1 2 5
208 275 1 6 790
208 303 2 3 26
208 506 10 2 37
209 223 2 2 4
209 274 8 2 19
209 492 1 8 137518
210 380 8 1 14
211 386 5 4 116
212 238 3 7 100129
213 443 6 1 4
214 231 8 1 10
214 511 10 3 136
215 393 10 5 5620
215 417 5 10 67647611
218 254 3 2 10
218 447 6 5 1255
219 234 4 4 391
219 478 5 4 131
219 498 6 5 1160
221 351 8 2 16
222 430 6 1 4
223 412 8 3 53
223 435 7 7 221646
223 491 10 1 13
223 508 2 3 23
227 273 5 3 31
227 397 9 6 11682
228 299 2 2 7
229 452 6 2 22
230 482 1 7 9347
231 349 6 8 1172789
231 378 2 8 371179
232 248 2 6 5684
233 247 4 3 35
233 366 8 4 358
235 354 4 3 41
237 407 10 2 20
238 319 3 5 451
239 323 5 6 14086
241 345 8 5 1191
242 257 3 3 22
242 312 4 5 637
243 249 1 3 19
243 492 10 2 31
246 254 10 4 236
246 500 10 1 11
248 431 5 7 157654
249 404 3 2 10
250 395 5 6 4216
250 441 10 5 1571
252 502 1 4 52
253 296 5 5 2892
253 500 4 3 29
255 392 4 4 398
256 476 4 2 10
258 267 3 2 10
258 478 10 3 185
259 373 9 2 25
260 283 10 4 373
260 316 7 5 3049
260 327 4 2 8
260 400 1 4 58
262 299 10 2 32
262 414 5 3 40
262 487 2 8 81895
264 339 5 2 16
264 473 5 2 10
265 281 2 4 137
265 430 9 2 31
266 294 7 6 16374
267 463 5 3 32
267 475 4 4 293
269 336 4 3 31
270 335 4 1 4
270 395 10 3 112
271 489 3 7 31029
272 320 4 6 6577
272 404 10 4 1058
275 280 6 4 336
275 323 9 4 942
276 335 4 8 160555
277 279 9 6 21384
277 359 10 2 49
279 392 3 5 1764
280 385 5 2 23
281 345 2 5 475
281 464 3 2 8
284 333 7 5 3555
288 505 6 7 165225
289 366 5 1 6
290 427 5 6 20059
291 454 5 1 8
293 489 4 4 119
294 451 2 4 61
295 463 6 2 14
295 478 7 1 7
297 441 4 5 1194
298 347 5 9 4488448
298 354 2 4 62
298 501 7 3 85
299 363 8 7 147190
299 382 8 4 239
303 305 10 1 10
303 376 7 4 337
303 400 9 3 110
304 474 3 4 144
305 411 5 1 7
305 416 4 4 391
306 481 2 8 501135
307 394 10 1 4
308 450 3 4 113
309 400 4 6 7630
311 330 3 3 19
311 342 2 2 8
311 432 4 7 35989
312 313 6 7 88236
312 409 8 3 80
312 466 5 2 10
313 451 5 2 22
313 463 2 3 29
314 418 8 1 10
314 499 8 1 7
315 435 8 3 124
317 318 5 6 13457
318 481 4 5 2762
321 365 1 3 16
322 354 1 7 5161
325 352 2 2 4
325 422 6 3 98
326 446 3 3 25
332 368 1 6 2088
336 444 4 6 13949
337 451 2 2 4
338 341 9 2 38
338 461 3 4 230
339 342 10 5 1879
339 475 6 2 11
341 435 9 8 387414
341 469 4 5 2703
343 415 8 5 2274
349 431 5 3 73
351 497 1 4 58
352 373 9 7 47323
353 371 5 7 178232
354 363 5 4 199
354 457 9 3 67
355 428 10 9 4929432
355 464 3 3 50
357 421 1 6 3874
357 467 1 3 7
358 420 1 4 29
358 432 5 5 2661
358 447 4 7 46126
360 431 8 2 32
361 510 8 2 20
362 456 7 2 23
362 493 3 6 7067
367 499 4 2 11
368 438 6 3 52
368 482 4 3 71
370 419 6 8 1346287
371 421 1 9 1803058
372 477 5 4 247
373 436 5 5 841
374 489 5 6 11430
379 434 1 7 5072
380 462 4 7 72704
380 470 9 4 607
381 501 2 6 3560
383 387 5 5 1565
383 504 5 7 94360
384 450 10 6 30157
385 425 5 3 53
385 498 1 7 15401
386 394 2 3 11
386 448 1 5 480
386 468 9 3 189
386 482 9 2 43
388 418 10 6 19194
388 472 9 7 59815
389 500 6 7 114965
391 404 9 2 23
391 429 8 3 55
391 511 9 1 5
393 488 10 1 10
394 399 8 3 44
395 423 10 1 10
396 468 7 2 17
398 413 3 4 70
398 484 1 7 17332
399 410 10 4 337
400 407 4 4 136
400 492 7 2 29
402 433 7 6 14602
404 443 10 1 17
405 474 2 4 183
406 407 10 1 4
408 439 8 5 2593
410 473 8 4 481
412 455 7 4 271
414 416 5 2 19
414 461 6 4 230
415 472 8 5 914
417 503 4 4 256
425 450 5 7 60392
427 505 2 5 1113
429 432 7 1 7
432 455 9 2 38
438 501 9 3 181
444 468 10 1 4
447 485 3 5 448
448 494 7 3 40
449 452 5 3 79
450 475 10 2 26
453 471 10 1 7
453 479 10 3 55
455 479 4 5 1336
458 490 3 3 28
461 503 8 3 142
463 468 8 5 2235
466 481 7 3 80
466 501 6 7 117599
474 480 10 3 62
485 501 7 2 19
501 504 10 5 2542
507 509 7 3 122
