27 0.01489568380614519 
1773 0.014883163571000264 
1531 0.01518996802618018 
1637 0.014682801764363226 
1370 0.014989605943243903 
1812 0.015027173839202077 
634 0.015042825910815115 
983 0.01522753657450758 
291 0.014695324576682467 
682 0.014545051549390658 
683 0.015017779593793105 
327 0.0144761780905194 
654 0.014820550640207266 
383 0.01503030516515614 
1894 0.014936382457271398 
251 0.01481741909303928 
1818 0.014895685795531322 
198 0.014883162426638357 
614 0.01460766449600486 
1505 0.014642103135603768 
1456 0.014563837091052316 
1268 0.014582620026898996 
1186 0.014848726314732308 
1744 0.015002127170599955 
854 0.014826811648634093 
426 0.01465775589986987 
1253 0.014335298317471327 
1391 0.014610795402011002 
1592 0.014839333791336664 
1571 0.014973951732952524 
1849 0.014892557250443451 
1238 0.014729759368935377 
145 0.014876902259078706 
124 0.014566966083513431 
1487 0.015174315208720132 
120 0.014864379912263324 
197 0.014451132483337079 
1166 0.014720370068648403 
1879 0.01470784485798323 
834 0.014820549999021167 
513 0.014294599252968145 
97 0.014673408680135539 
100 0.015387199732900725 
1335 0.014823681430948777 
345 0.015215012633181133 
573 0.014782981620461318 
1922 0.015352762210738046 
1891 0.014889424406962622 
1510 0.015368416054215354 
1988 0.01462018793602439 
861 0.0149833451371497 
716 0.014892554619334438 
470 0.014773590776959264 
320 0.01513048617099381 
1109 0.015114831720309155 
1710 0.014607665651062848 
658 0.015067870743940365 
112 0.014563836624712648 
1634 0.014585750400408722 
752 0.014820549628086028 
1415 0.014798634052046001 
117 0.01439791120631862 
434 0.01546859547848056 
1621 0.01459514204313751 
427 0.014898816691388539 
993 0.014792374590354044 
1349 0.015196229446972421 
653 0.014707846400474234 
173 0.014485568672525848 
1055 0.014983344588604607 
1217 0.014948907553616787 
1730 0.014939514579735346 
1044 0.014554443242687119 
1688 0.014648364603146462 
1172 0.015186836592352496 
1453 0.014864378941007372 
1979 0.014911338482021452 
1677 0.01501152037909757 
460 0.015136747029452266 
1774 0.015449811898832808 
785 0.014773589939472524 
481 0.014958297801139617 
103 0.01446678535737436 
611 0.014989604811056021 
1910 0.015340239532880802 
1549 0.014397910474657698 
1820 0.015133615082836631 
592 0.014789243274068218 
338 0.014485569145360167 
354 0.015111702408661344 
1799 0.014751674603780195 
1937 0.014833072463081451 
1928 0.015011520089225142 
1780 0.014469917600304086 
747 0.015208751267905211 
1102 0.01480489667539884 
1445 0.014422956912116957 
1314 0.014798634774563621 
215 0.014977081861479858 
1669 0.015196228861441443 
