712 0.004545907108797801 
1300 0.004545907108797801 
838 0.004545907108797801 
607 0.004545907108797801 
1229 0.00455566156752943 
1212 0.004545907108797801 
397 0.004550784331819067 
96 0.004545907108797801 
568 0.004545907108797801 
1354 0.00455566156752943 
692 0.004545907108797801 
971 0.004545907108797801 
1680 0.004545907108797801 
1112 0.004545905010452739 
552 0.004550784331819067 
212 0.004545907108797801 
954 0.004545907108797801 
1588 0.004545907108797801 
206 0.004545907108797801 
81 0.004545907108797801 
1575 0.004545907108797801 
1026 0.004545907108797801 
908 0.004545907108797801 
1483 0.004545907108797801 
717 0.004545907108797801 
294 0.004545907108797801 
382 0.004550784331819067 
1589 0.00455566156752943 
676 0.004545907108797801 
1886 0.004550784331819067 
354 0.004545907108797801 
231 0.004545907108797801 
337 0.004550784331819067 
574 0.004545907108797801 
193 0.004545907108797801 
1252 0.004545907108797801 
1534 0.004545907108797801 
468 0.004545907108797801 
305 0.00455566156752943 
682 0.004545907108797801 
1746 0.00455566156752943 
1439 0.004545907108797801 
1772 0.004545907108797801 
105 0.004550784331819067 
1920 0.004545907108797801 
586 0.004531270121287239 
808 0.004545907108797801 
524 0.004545907108797801 
1800 0.004545907108797801 
1283 0.004545907108797801 
297 0.004545907108797801 
272 0.00455566156752943 
1138 0.004545907108797801 
649 0.004536152701519593 
1334 0.004545907108797801 
1596 0.004550784331819067 
1604 0.004545907108797801 
1998 0.004545907108797801 
1455 0.004545907108797801 
768 0.004545907108797801 
1634 0.004550784331819067 
1357 0.004545907108797801 
521 0.004545907108797801 
1678 0.004560538815772247 
336 0.004545907108797801 
1074 0.004550784331819067 
237 0.004545907108797801 
472 0.004545907108797801 
1805 0.004545907108797801 
207 0.004545907108797801 
37 0.004545907108797801 
904 0.004545907108797801 
514 0.004545907108797801 
771 0.004545907108797801 
203 0.004545907108797801 
912 0.00457029334930688 
666 0.00455566156752943 
1067 0.004545907108797801 
1891 0.004545907108797801 
256 0.004550784331819067 
836 0.004545907108797801 
1684 0.004545907108797801 
681 0.004545907108797801 
1276 0.004545907108797801 
313 0.004545907108797801 
609 0.004545907108797801 
393 0.00455566156752943 
219 0.00455566156752943 
1197 0.004545907108797801 
805 0.004545907108797801 
1595 0.004545907108797801 
1460 0.004545907108797801 
45 0.004550784331819067 
331 0.004545907108797801 
580 0.004545907108797801 
777 0.00454102989863655 
616 0.004545907108797801 
1328 0.004545907108797801 
686 0.004545907108797801 
1417 0.004545907108797801 
1042 0.004545907108797801 
1981 0.004545907108797801 
1233 0.004545907108797801 
1490 0.004545907108797801 
1661 0.004545907108797801 
343 0.004545907108797801 
882 0.004545907108797801 
1245 0.004550784331819067 
1823 0.004545907108797801 
1547 0.004545907108797801 
360 0.004545907108797801 
714 0.004545907108797801 
1946 0.004550784331819067 
6 0.004545907108797801 
629 0.00455566156752943 
1539 0.004550784331819067 
1655 0.004545907108797801 
624 0.004545907108797801 
1298 0.004545907108797801 
1797 0.004545907108797801 
1897 0.004545907108797801 
787 0.004545907108797801 
1318 0.004545907108797801 
1515 0.004545907108797801 
54 0.004550784331819067 
885 0.00455566156752943 
465 0.004545907108797801 
689 0.004545907108797801 
843 0.004545907108797801 
99 0.00455566156752943 
1391 0.004545907108797801 
749 0.004550784331819067 
509 0.00455566156752943 
1938 0.004545907108797801 
1400 0.004545907108797801 
583 0.00455566156752943 
826 0.004545907108797801 
1296 0.004531270121287239 
848 0.00455566156752943 
1122 0.004545907108797801 
1621 0.004545907108797801 
394 0.004545907108797801 
70 0.004545907108797801 
1048 0.004550784331819067 
1440 0.004550784331819067 
812 0.004545907108797801 
1708 0.004550784331819067 
462 0.004545907108797801 
867 0.004545907108797801 
597 0.004550784331819067 
978 0.004550784331819067 
248 0.004545907108797801 
5 0.004545907108797801 
630 0.004545907108797801 
1268 0.004545907108797801 
952 0.004545907108797801 
899 0.004545907108797801 
1843 0.004545907108797801 
738 0.004545907108797801 
1554 0.004545907108797801 
220 0.004545907108797801 
1965 0.004550784331819067 
0 0.004545907108797801 
922 0.004550784331819067 
754 0.004545907108797801 
759 0.004545905997455026 
1677 0.004545907108797801 
1183 0.004545907108797801 
258 0.004545907108797801 
1930 0.004545907108797801 
174 0.004560538815772247 
844 0.004545907108797801 
1280 0.004545907108797801 
833 0.004550784331819067 
1508 0.004550784331819067 
13 0.004545907108797801 
1892 0.004545907108797801 
447 0.00455566156752943 
1087 0.004545907108797801 
1663 0.004545907108797801 
1050 0.004550784331819067 
1505 0.00455566156752943 
775 0.004545907108797801 
407 0.00455566156752943 
319 0.004545907108797801 
499 0.004545907108797801 
1716 0.004545907108797801 
1906 0.004545907108797801 
254 0.004545907108797801 
596 0.004550784331819067 
918 0.00455566156752943 
1561 0.004545907108797801 
353 0.004545907108797801 
573 0.004545907108797801 
1324 0.004545907108797801 
135 0.004545907108797801 
1442 0.004560538815772247 
1658 0.004545907108797801 
132 0.004545907108797801 
1931 0.004550784331819067 
