839 0.0062340096478283044 
912 0.006199724738213513 
1022 0.006176946412803463 
1893 0.006190096786331328 
788 0.006323009539206768 
225 0.006286141516937055 
805 0.006160743275858691 
1603 0.006245751058937385 
1331 0.006309389512106923 
1794 0.006080197283464516 
366 0.006164500517806775 
1909 0.006078083784595945 
1748 0.005484439550020911 
434 0.005726781267502362 
198 0.0062016033638868685 
1216 0.006163561192947928 
495 0.006228138944734179 
1154 0.005577431003597561 
1094 0.006196906897095094 
1504 0.005976403389453587 
1886 0.0062335399927929535 
1096 0.0063028143252096555 
68 0.005973350613896654 
1913 0.00606775138941058 
609 0.006051783112373712 
1053 0.006096870060609126 
1286 0.005550191180345102 
1394 0.006182582287927309 
436 0.0061327987416911365 
417 0.006516038728492743 
888 0.006131389748083303 
24 0.00627486975730792 
1880 0.00619972473806896 
1621 0.005598330513953252 
1492 0.0060156195622909905 
1175 0.006084189357424807 
1888 0.006076440034384069 
166 0.006181877799834673 
996 0.006206534754866279 
1626 0.006086772455976119 
185 0.00627909666821894 
970 0.0061931495447694294 
38 0.00613467736715827 
1337 0.006136555991136883 
1934 0.006061645865222967 
167 0.0064533394161351305 
626 0.00607761416442021 
1727 0.006171780196051284 
1060 0.006267120427113339 
1177 0.005992371686886114 
1145 0.006130685290439364 
878 0.006091234190834022 
1522 0.006164500526492601 
1339 0.006071273817294423 
1208 0.0061811733190670235 
11 0.006107906974270547 
197 0.006029709294932613 
1568 0.0061969068005635185 
1967 0.006006461304005932 
1635 0.0064164712895995275 
1485 0.006157220856834437 
384 0.006006226522603455 
1716 0.0062361230954345115 
1951 0.0061762419288276145 
209 0.006103210418820914 
1292 0.006353772085231903 
1403 0.006007635486960975 
307 0.006110490082965145 
379 0.0061393739265135855 
1079 0.006143835653678723 
1460 0.006214753739835884 
1449 0.006201368536137031 
152 0.0064369014005521705 
1217 0.0061205876840556 
109 0.006183286770796231 
777 0.006071508650445581 
502 0.0060010603114342385 
244 0.006129745973988049 
181 0.006135147022614813 
1205 0.006090529708960479 
