797 0.012418440604015663 
200 0.011989953089544233 
1335 0.012375696929449868 
1347 0.01239475028704871 
526 0.012517324040623959 
529 0.012022407465349294 
1439 0.012655859810265362 
1063 0.012430803894116183 
1153 0.01238599508800669 
569 0.012396810195516217 
1086 0.012042999009358867 
1574 0.012325224128564183 
1309 0.013142543705395656 
1758 0.012368485663018292 
761 0.012582728546146981 
1766 0.01245861131283155 
860 0.01257088338017203 
985 0.01307198727361808 
1948 0.01290203437017586 
1637 0.012063084359649924 
1539 0.012350459449222842 
1056 0.012391662667328556 
1517 0.012692940626660352 
406 0.012672340124418275 
690 0.012030125270217329 
328 0.012565221217380082 
1204 0.012280418713334492 
1369 0.012550282815930592 
747 0.012724356140363328 
13 0.01225672773391414 
414 0.01234891420678497 
1236 0.012277328090046884 
280 0.012420500754340239 
1591 0.012382390080632136 
1660 0.012489511896917375 
1730 0.012435951024517255 
895 0.012487451811311629 
235 0.012578093428292055 
1960 0.01217742055355473 
1974 0.01238548089098009 
