0 9 2 4 140
0 17 4 3 85
0 47 1 3 8
0 112 1 4 41
0 135 7 3 110
0 150 8 1 4
0 156 2 4 46
0 215 8 7 40427
0 265 1 2 4
0 274 6 1 4
0 352 9 1 4
0 415 1 4 52
0 618 7 1 4
0 646 5 6 4720
0 670 8 4 327
0 674 4 9 5885815
0 679 10 1 14
0 704 5 2 10
0 843 2 8 126018
0 917 3 1 4
1 15 9 2 25
1 30 3 2 13
1 82 7 1 4
1 292 6 1 4
1 481 3 4 332
1 535 10 2 26
1 644 3 1 4
1 825 6 2 16
1 920 3 2 13
2 3 3 1 4
2 132 2 8 379186
2 167 5 2 14
2 260 8 2 15
2 267 5 3 87
2 328 5 1 5
2 826 5 3 39
3 24 7 1 4
3 272 3 1 4
3 592 2 2 4
3 817 10 1 4
4 0 10 2 18
4 15 8 1 4
4 50 8 1 4
4 64 1 3 11
4 248 2 3 34
4 293 4 1 5
4 368 10 2 44
4 576 5 1 5
4 774 6 4 191
5 18 5 1 4
5 216 10 3 102
5 584 7 1 4
5 887 3 2 11
6 148 1 3 19
6 259 10 1 4
6 267 10 3 69
6 512 9 1 7
6 798 10 1 4
7 81 4 1 7
7 237 10 2 27
7 715 9 1 4
8 1 5 2 22
8 19 9 3 112
8 42 4 1 4
8 58 6 1 4
8 273 5 1 4
8 386 3 1 4
8 486 9 1 4
8 642 5 1 7
8 735 3 2 13
8 850 8 1 8
9 39 6 1 7
9 274 3 3 22
9 572 10 1 13
9 907 6 1 4
10 40 3 1 4
10 160 3 3 41
10 176 8 1 4
10 208 1 2 5
10 599 1 4 46
10 680 4 3 30
11 586 10 2 51
11 752 5 3 55
11 779 10 5 1363
12 65 6 6 5824
12 128 2 3 22
12 269 8 3 68
12 366 6 2 14
12 634 8 2 16
13 192 6 1 8
13 320 1 4 30
14 210 6 1 5
14 376 1 2 4
15 352 8 5 2246
15 659 4 8 661318
15 854 7 2 37
16 24 4 2 10
16 64 4 4 90
16 96 10 1 4
16 132 7 2 19
16 198 8 1 4
16 643 5 1 7
17 48 10 3 75
18 290 6 1 4
18 641 10 1 4
18 645 9 1 7
19 7 5 1 4
19 24 2 3 22
19 657 4 1 7
19 709 10 2 45
20 1 6 1 5
20 36 1 2 4
20 176 9 1 4
20 194 8 1 4
20 323 10 4 240
21 308 10 2 28
22 97 2 3 11
22 107 8 6 11854
22 133 7 3 127
22 281 1 3 15
22 565 5 1 8
23 886 10 1 4
24 786 9 1 4
25 523 7 6 8173
25 592 9 1 4
26 22 8 3 78
26 109 9 1 4
26 801 4 4 449
27 210 4 1 5
27 547 8 1 4
28 146 5 1 8
28 624 5 1 4
28 647 10 2 31
29 1 7 8 335847
29 5 6 2 23
29 327 10 1 7
30 21 1 3 8
30 52 4 7 97879
30 129 9 3 108
30 588 1 4 53
31 77 6 2 13
32 204 4 2 10
32 211 1 5 147
32 219 8 1 5
32 276 3 5 622
32 514 5 1 7
32 721 5 1 4
32 759 1 5 156
32 803 5 2 10
32 848 6 4 318
33 2 8 2 15
33 3 6 1 4
33 31 4 7 27318
33 64 5 1 4
33 320 5 1 4
33 785 2 8 99890
33 945 2 4 74
34 324 10 1 10
34 561 4 1 4
34 663 8 1 4
34 720 1 5 396
35 65 5 1 4
35 266 2 3 19
36 34 10 1 4
36 48 6 6 4433
36 257 10 1 4
36 288 5 2 16
36 320 9 1 14
36 705 7 1 4
37 13 5 4 118
37 364 5 2 10
37 594 8 1 4
37 640 4 1 4
38 1 3 8 482007
38 204 4 1 7
38 544 1 2 4
39 3 5 1 8
39 48 8 2 16
39 520 2 5 240
40 256 1 4 33
40 512 5 1 4
40 528 9 2 19
40 605 8 1 4
40 756 1 2 4
41 96 2 2 4
41 263 9 3 151
41 321 4 1 4
41 513 10 1 5
41 987 2 3 24
42 42 10 4 493
42 140 6 2 13
42 839 8 4 334
43 546 4 1 7
44 10 9 1 4
44 47 7 4 346
44 430 8 3 124
44 524 5 1 8
45 23 2 2 4
45 74 9 5 3563
45 615 8 3 55
45 808 1 2 4
45 844 2 4 75
47 1022 1 3 7
48 176 7 2 28
48 198 2 2 4
48 226 7 1 4
48 789 5 2 16
48 843 5 1 4
49 313 9 1 4
49 516 8 2 37
50 113 5 4 193
50 528 9 5 3849
51 377 10 1 5
52 188 8 1 7
52 285 6 3 92
54 112 3 1 5
55 278 1 3 7
56 89 6 6 4602
56 267 10 1 10
56 472 3 3 58
57 5 7 1 4
57 128 8 7 108405
59 292 5 1 5
59 453 8 1 4
59 583 5 1 7
60 3 6 3 75
60 5 10 5 1797
60 33 4 2 8
60 112 3 3 52
60 948 6 1 4
62 612 2 2 5
64 1 10 3 121
64 41 4 1 5
64 192 10 2 29
64 203 7 4 155
64 481 10 5 1516
64 514 4 5 1288
64 686 10 1 4
64 771 8 2 33
64 780 5 4 111
64 790 7 1 4
65 25 7 1 4
65 61 1 4 25
65 118 9 1 7
65 241 1 2 4
65 265 3 4 281
65 274 4 2 8
65 421 8 1 10
66 545 7 2 25
67 16 8 10 6462284990
67 20 7 2 34
67 73 5 1 4
67 453 8 1 4
67 482 4 1 7
67 840 7 6 5001
68 322 3 1 4
68 576 5 1 4
69 276 5 1 4
69 466 10 1 14
69 572 8 1 5
70 109 6 1 4
70 212 6 1 5
70 431 9 1 4
70 646 4 3 45
70 648 6 2 13
70 672 5 8 228908
71 1 8 2 19
71 264 5 6 15902
71 409 2 4 173
71 700 4 2 10
72 280 2 2 5
72 437 2 2 7
73 870 4 6 18008
73 999 6 2 31
74 512 5 4 492
74 768 1 8 65134
74 1012 10 2 42
75 259 10 4 309
76 84 7 5 2306
76 133 3 1 4
76 262 8 2 21
76 586 9 4 625
78 288 8 6 9682
78 517 6 1 4
78 784 10 3 104
80 51 1 2 4
80 82 3 1 4
80 211 7 3 117
80 528 1 3 7
80 677 9 3 62
82 283 9 2 30
83 304 1 7 8017
83 617 5 7 40265
83 784 9 1 7
84 216 2 5 277
84 490 2 3 27
85 31 6 3 101
86 234 1 3 7
87 353 2 3 24
87 462 3 2 14
87 515 6 1 8
89 4 4 1 7
90 843 10 1 4
90 988 4 3 51
91 154 4 4 199
91 652 4 1 7
91 951 1 3 12
93 49 9 2 16
93 134 10 1 4
93 669 5 1 4
94 869 3 3 30
94 954 1 2 4
96 32 5 1 5
96 80 7 3 94
96 103 4 2 19
96 208 9 1 12
96 220 9 1 7
96 276 5 2 10
96 321 5 6 4420
96 356 1 3 7
96 547 4 4 176
96 776 9 1 4
97 48 1 2 4
97 130 10 1 10
97 144 9 5 1294
97 167 5 1 4
97 195 8 5 2436
97 286 1 2 4
97 525 4 10 164009942
99 117 8 1 4
99 134 3 3 42
100 128 6 1 7
100 294 5 1 8
100 752 7 4 343
100 768 1 3 22
100 901 9 5 4532
101 70 5 6 6146
101 124 8 3 71
101 161 7 5 1731
101 169 9 4 445
101 392 5 3 84
102 6 6 1 4
102 166 10 1 7
104 26 8 1 4
104 28 10 4 334
104 64 5 2 11
105 3 1 4 70
105 296 10 1 4
107 3 7 1 4
108 133 6 3 60
108 514 6 1 10
109 707 10 1 4
111 12 2 2 8
112 28 2 7 60579
112 84 3 2 10
112 107 9 4 297
112 776 3 5 475
114 68 4 1 4
114 416 4 1 4
114 452 4 2 10
114 497 5 3 55
116 33 9 1 4
117 803 10 1 4
118 565 6 1 4
119 446 7 4 403
120 0 9 2 31
121 536 7 1 10
122 185 2 3 32
122 294 7 2 33
123 600 6 1 5
124 348 9 4 243
125 268 3 1 4
128 1 8 1 4
128 10 2 2 7
128 58 10 5 1251
128 134 3 1 4
128 200 6 2 11
128 320 6 4 502
128 362 9 2 31
128 375 10 1 7
128 453 4 2 10
128 628 7 1 10
128 770 8 1 5
128 806 2 5 374
129 0 7 1 4
129 10 2 3 33
129 37 6 3 68
129 39 10 7 241200
129 163 3 2 14
129 584 4 5 524
129 707 10 1 13
130 78 6 2 14
130 272 7 1 5
130 528 1 5 162
130 540 5 1 5
130 675 4 2 10
130 980 2 7 61752
131 581 10 1 4
132 137 5 1 7
132 372 9 1 11
132 916 7 2 19
133 138 10 1 4
134 67 8 1 4
134 377 2 2 4
134 390 4 1 4
135 544 2 5 732
136 81 2 2 4
136 160 2 2 4
136 684 5 1 7
137 148 5 3 49
137 256 1 3 7
137 259 6 1 4
137 325 10 1 4
137 678 4 3 56
138 415 1 4 68
139 87 8 1 7
139 865 3 5 361
140 72 3 1 4
140 464 10 1 5
140 776 2 3 11
141 954 1 3 8
142 641 2 2 4
143 116 7 1 7
143 286 7 1 7
144 68 9 4 673
144 248 1 3 7
144 257 8 1 4
144 418 5 3 55
144 520 4 1 4
144 800 6 4 146
145 1 4 1 4
145 67 4 1 7
146 146 5 1 5
146 396 6 1 4
146 910 4 1 7
147 522 7 1 7
148 1 3 1 5
148 24 10 1 10
148 146 6 1 7
148 912 9 1 8
149 20 9 1 4
149 649 6 1 4
150 141 4 3 28
150 160 5 4 264
151 102 3 1 4
151 132 8 4 688
151 250 6 2 19
153 26 6 4 158
153 151 4 1 4
153 592 9 1 4
153 598 1 2 4
153 833 2 2 10
156 54 1 3 7
156 814 3 6 6217
157 404 5 1 7
160 144 2 5 287
160 452 5 3 42
160 644 10 5 1598
160 801 3 2 13
161 40 10 5 3354
161 326 8 3 133
161 576 3 4 108
161 717 9 1 4
161 898 6 4 595
162 306 8 1 4
163 227 6 1 4
163 601 5 1 4
164 34 8 4 268
164 38 7 1 4
164 87 4 2 16
164 280 10 1 16
164 481 8 3 102
164 636 6 2 13
164 646 1 5 274
165 141 4 1 4
166 686 10 1 4
167 104 9 5 1158
167 289 2 5 349
167 384 2 2 7
167 712 2 5 1038
168 8 2 2 4
168 52 4 1 4
168 67 8 2 39
168 68 9 2 28
168 98 1 3 8
169 25 5 3 66
169 72 5 1 8
169 514 9 1 8
171 144 7 1 4
171 810 3 2 13
172 32 4 3 36
172 569 8 1 4
172 664 7 2 13
173 261 3 3 21
174 493 10 3 55
176 137 2 2 10
176 270 9 3 63
176 273 8 2 22
177 128 3 1 4
177 280 1 2 4
177 560 5 1 7
178 100 7 4 467
180 19 1 6 1054
180 600 7 1 5
181 97 3 4 277
181 331 9 3 67
181 768 3 1 4
182 300 10 1 4
182 728 3 4 274
184 161 7 3 125
184 664 9 1 5
185 5 10 1 4
185 391 9 3 78
186 582 2 2 4
192 52 6 4 210
192 72 5 3 42
192 177 2 2 4
192 392 1 2 4
192 524 8 1 4
192 536 6 1 7
192 713 10 1 16
193 8 3 3 31
193 28 1 3 7
193 120 1 7 37742
193 131 1 5 166
193 162 5 4 114
193 375 4 1 7
193 422 10 3 153
194 321 8 1 4
196 81 5 3 37
196 377 10 5 4146
197 61 9 4 274
197 297 3 1 4
197 611 1 2 4
198 3 3 2 10
198 196 7 8 281196
200 146 10 5 2195
200 577 1 3 16
201 39 10 1 17
201 140 7 2 19
203 654 3 2 13
204 6 2 2 4
205 457 8 4 368
206 530 3 1 4
208 14 7 1 7
208 88 9 3 66
208 534 8 3 69
209 513 5 1 4
209 564 10 1 7
211 4 7 1 7
213 64 7 1 5
216 792 2 4 59
218 86 7 3 110
219 389 2 3 16
220 658 4 2 20
222 852 6 1 4
225 316 9 5 1249
225 948 7 1 4
226 157 8 1 4
227 336 4 4 191
231 290 9 1 7
232 65 4 1 4
232 130 7 6 11680
232 480 7 4 248
233 212 1 7 6029
233 912 1 3 11
234 848 3 6 2097
235 281 10 1 7
237 91 8 1 4
239 370 1 3 19
239 560 6 3 70
240 914 7 1 4
241 206 6 2 13
241 245 1 2 4
242 156 7 1 4
244 33 2 2 4
244 356 1 5 155
244 932 6 1 7
247 626 3 3 45
248 0 9 1 13
248 557 7 7 55329
248 902 2 3 16
250 46 7 1 4
256 1 8 6 13015
256 4 8 5 3624
256 68 1 2 4
256 97 6 1 4
256 160 7 2 21
256 212 7 1 11
256 243 9 1 7
256 522 5 6 5048
256 616 1 2 5
256 705 10 2 26
256 764 6 1 8
256 772 3 3 19
256 804 4 1 7
256 992 1 7 31138
257 0 2 6 3216
257 156 9 1 11
257 680 6 1 7
257 806 7 1 4
257 912 7 4 253
257 920 8 1 7
258 36 2 3 17
258 138 6 1 4
258 265 7 3 117
258 673 4 1 4
258 810 4 1 4
258 880 10 1 10
259 100 9 3 123
259 268 8 2 33
259 532 5 1 4
260 295 7 3 39
260 522 5 4 149
260 678 1 3 14
260 978 9 1 11
261 8 8 1 8
261 672 3 1 4
262 32 8 1 10
262 134 10 2 53
262 193 2 2 8
262 256 5 3 29
262 1013 2 3 16
264 1 8 1 4
264 296 6 2 25
264 320 3 2 14
265 339 1 4 42
265 632 7 6 6028
266 11 4 2 13
266 242 2 2 4
266 326 1 2 4
266 336 2 2 10
267 523 2 3 24
267 581 7 1 4
268 12 10 4 506
268 34 2 2 4
268 192 8 6 17365
268 512 9 1 4
268 524 2 2 4
268 577 5 3 40
269 640 10 2 27
270 532 3 4 93
270 642 10 1 7
272 41 5 4 182
272 162 1 3 7
272 259 6 1 5
272 280 7 7 71900
272 554 4 2 10
272 684 9 1 4
273 581 9 2 18
273 693 8 1 4
273 903 2 2 4
274 334 5 3 83
275 4 9 3 99
275 116 3 1 4
275 401 10 1 11
275 485 5 1 4
276 392 8 1 4
276 538 4 5 1159
276 661 10 5 1710
277 8 3 3 38
282 136 2 4 49
282 576 5 5 1087
282 717 7 1 4
282 787 7 1 5
284 835 5 3 69
285 104 8 1 10
286 624 7 3 42
286 832 5 1 4
287 448 10 1 4
288 47 1 4 44
288 132 9 6 8706
288 224 10 3 216
288 292 9 4 841
288 341 5 1 4
288 545 2 6 2839
289 36 7 1 7
289 60 8 1 7
289 156 9 1 4
289 345 1 3 7
289 468 6 1 8
289 472 10 3 177
289 753 6 1 10
289 788 5 1 4
291 610 7 1 4
291 768 9 1 4
291 967 10 1 8
292 7 6 3 63
292 19 5 1 7
292 162 4 3 29
293 256 1 5 232
293 960 5 3 71
294 742 1 5 130
294 864 1 2 4
296 57 8 1 4
296 231 7 1 4
296 288 6 3 41
296 516 1 5 202
297 325 2 2 4
297 389 10 4 308
297 742 9 1 4
299 78 2 2 7
299 291 4 1 5
300 29 7 1 4
300 140 7 4 585
301 274 8 5 1507
301 777 2 6 3797
303 292 2 4 211
304 6 1 3 13
304 8 9 1 4
304 63 5 1 7
304 212 10 1 4
305 34 1 4 26
306 36 8 3 53
306 550 4 2 8
306 918 9 2 26
308 640 10 2 35
308 832 9 4 685
308 848 1 6 3127
309 77 1 2 4
309 774 10 1 7
310 44 3 7 100617
310 936 6 4 341
314 109 10 2 51
314 376 2 6 2133
314 518 6 1 4
315 739 2 2 4
316 452 3 1 5
318 532 7 6 11355
320 29 5 3 56
320 407 1 2 4
320 428 5 1 4
320 641 5 1 8
320 720 4 3 23
321 4 6 1 4
321 262 2 4 137
321 337 5 6 5113
321 768 1 2 4
321 1008 1 4 68
322 0 6 1 4
322 899 1 3 17
323 360 5 1 4
323 515 4 1 4
324 16 4 1 5
324 106 2 2 4
324 167 8 2 16
324 179 2 2 5
324 513 5 2 18
324 530 2 2 10
325 6 1 3 10
325 74 5 2 15
325 145 5 4 225
325 192 6 1 4
325 614 8 1 7
326 11 4 2 10
326 16 7 1 4
326 280 9 3 157
327 698 8 5 1622
328 45 7 1 7
328 853 1 3 7
332 643 10 1 4
334 265 7 1 4
334 288 1 3 10
335 83 7 2 20
335 391 8 1 7
336 18 9 1 13
336 632 10 3 217
337 352 6 1 4
337 768 3 1 4
337 833 4 2 19
340 106 6 2 13
340 704 2 2 4
340 763 4 4 131
342 15 7 1 7
342 168 2 4 114
342 536 8 2 24
343 475 7 1 7
344 188 10 3 61
345 32 7 4 461
346 89 1 3 16
347 11 5 4 147
347 149 7 1 5
347 296 7 1 8
348 128 8 1 4
349 12 6 1 7
352 419 2 2 10
352 680 4 5 730
352 794 9 2 31
353 389 5 5 1691
353 684 10 1 4
354 25 1 4 25
354 30 4 6 4172
355 134 7 2 24
356 800 9 1 4
357 641 7 1 4
357 690 8 4 382
358 3 1 2 4
358 168 2 3 14
360 555 10 1 4
363 162 8 1 13
363 424 8 1 4
371 112 9 2 44
371 705 2 2 4
371 772 4 1 4
375 77 7 1 4
376 193 4 1 4
379 333 5 2 18
380 339 8 1 4
384 5 10 1 4
384 156 9 3 76
384 423 9 1 5
384 531 10 4 967
384 571 8 7 164401
384 692 9 1 4
384 841 5 1 4
384 962 4 1 4
385 2 5 3 32
385 75 1 2 4
385 213 1 6 837
385 214 4 1 4
386 73 3 3 33
386 160 6 1 5
386 275 4 1 7
386 849 6 1 5
387 297 5 3 46
387 545 7 2 14
391 461 10 2 25
392 38 7 1 5
392 674 1 6 850
393 461 7 1 4
393 577 2 2 4
395 4 8 8 752445
395 558 10 7 350973
396 454 3 1 4
396 536 1 10 137435984
396 546 2 3 11
396 777 8 1 5
396 960 8 1 4
397 518 7 4 761
398 943 9 1 5
399 9 10 1 10
400 10 9 6 12133
400 21 10 1 16
400 144 3 4 115
401 58 5 1 5
401 284 2 2 7
401 673 9 1 4
402 68 2 2 4
402 80 5 1 4
402 769 1 5 335
403 20 2 2 7
403 98 5 7 30947
404 298 7 2 20
406 677 3 3 22
408 66 1 2 4
408 405 9 1 4
408 576 7 3 41
409 66 6 1 7
409 417 10 2 22
409 888 3 6 3931
410 520 9 2 42
412 6 9 1 13
413 640 2 3 16
414 932 1 2 4
416 279 5 2 21
416 292 1 2 4
416 531 5 3 43
417 577 2 3 39
418 16 6 1 4
419 62 3 2 7
419 844 10 5 3870
420 32 10 4 712
420 114 2 6 3294
420 538 6 8 2115658
421 400 6 1 4
423 384 1 4 30
423 651 4 1 4
424 481 3 3 37
425 161 8 2 31
425 776 3 3 44
427 580 1 3 7
428 32 4 3 45
428 194 1 7 10423
428 880 4 1 4
430 8 8 1 4
430 68 7 2 22
433 24 8 6 14223
433 398 4 4 346
434 734 7 1 7
437 2 9 1 14
441 21 5 1 5
442 146 5 1 7
444 801 8 2 22
448 92 3 3 59
448 655 3 8 184058
449 321 4 1 4
452 48 5 10 37301570
452 136 4 1 7
452 205 2 2 4
452 512 10 4 1071
452 513 8 1 4
453 368 6 4 624
453 661 5 4 116
454 437 8 1 13
456 367 4 5 772
456 774 4 8 298763
460 197 8 1 7
460 462 10 1 4
460 566 10 2 26
462 641 3 7 30659
463 916 8 7 304463
464 928 6 1 4
466 58 1 2 4
467 211 10 5 6947
467 300 5 3 34
469 425 4 1 4
472 226 9 1 4
472 256 6 3 52
472 801 5 1 4
473 6 10 2 21
473 600 7 5 1974
480 0 5 1 4
480 665 4 1 5
480 928 5 1 4
481 288 3 1 4
482 64 7 1 4
482 285 5 3 40
483 276 10 1 4
484 841 5 3 28
485 134 5 2 14
488 269 6 4 394
488 334 6 1 4
489 64 8 1 4
491 112 10 3 84
496 978 8 1 7
504 267 1 5 379
505 332 6 1 4
512 36 6 6 11134
512 65 2 5 936
512 173 9 2 39
512 438 2 2 4
512 453 3 1 4
512 482 10 1 4
512 685 5 2 24
513 5 4 8 534003
513 100 8 1 7
513 304 6 3 124
513 315 2 6 5005
513 340 1 3 17
513 644 7 5 2094
514 4 6 1 4
514 11 9 1 7
514 401 2 2 4
514 452 8 1 4
514 522 4 1 4
514 572 5 1 7
515 157 6 1 4
515 273 5 6 12667
515 598 10 1 7
516 33 6 1 4
516 72 9 6 29830
516 169 9 1 4
516 357 1 3 17
516 555 1 3 8
516 779 1 5 390
516 785 9 1 11
517 0 5 3 30
517 3 4 3 30
517 34 10 1 10
517 177 10 8 550131
517 233 5 4 453
517 281 8 2 17
517 534 8 1 10
517 768 5 1 4
518 66 9 1 11
520 9 2 3 30
520 94 3 3 20
520 436 3 5 1833
520 785 8 1 7
520 812 3 2 7
520 896 6 2 16
521 81 1 5 393
521 229 3 2 11
521 546 9 2 46
521 554 10 1 4
521 560 5 1 4
521 609 3 4 225
524 520 1 2 4
525 134 7 1 4
525 820 1 6 3355
526 776 1 2 4
527 36 5 1 4
527 713 2 3 13
528 406 7 4 168
528 580 1 4 27
528 582 6 2 13
528 720 10 2 30
528 801 5 1 4
529 260 1 5 365
529 520 10 1 4
529 737 6 1 4
529 836 4 2 15
530 20 1 2 4
530 86 4 6 4950
530 132 4 3 24
532 11 10 2 38
532 134 6 2 23
532 292 10 1 4
534 786 8 2 18
534 932 9 3 184
535 10 2 6 3101
536 10 2 2 5
536 687 5 1 8
537 99 8 2 16
537 138 5 1 7
538 84 3 2 7
538 820 9 2 45
540 256 7 1 4
541 344 6 1 5
541 793 4 1 4
544 6 6 3 129
544 21 6 1 4
544 160 7 2 22
544 416 8 1 8
544 536 10 2 40
544 542 8 1 4
544 551 4 1 4
544 597 2 3 14
544 718 4 1 7
546 263 10 1 4
546 650 2 9 6084817
546 900 5 4 362
547 265 8 4 246
547 427 5 3 78
547 577 10 1 4
548 141 6 2 22
548 512 3 2 7
548 577 7 4 612
549 68 3 3 53
549 97 2 4 49
549 288 10 6 23834
550 649 5 1 7
550 800 6 1 4
551 4 10 1 4
551 40 5 1 4
551 89 8 1 4
552 932 4 1 4
553 102 10 1 7
553 933 5 2 11
557 557 3 1 5
557 770 4 1 4
559 557 2 2 8
560 96 5 3 46
560 104 5 2 11
560 168 1 2 4
560 354 8 1 4
561 444 5 1 5
561 521 2 2 4
561 786 3 6 2269
562 992 9 3 75
563 20 3 2 8
563 410 4 1 4
564 656 1 2 4
566 4 6 1 4
566 132 3 1 4
567 793 3 1 4
569 522 1 6 2758
571 100 7 1 7
571 457 5 3 71
572 36 10 1 7
572 257 4 2 13
573 886 8 1 4
574 18 5 1 4
574 533 3 4 81
574 696 7 6 7105
576 48 5 1 4
576 76 2 2 4
576 193 8 1 7
576 371 4 3 74
576 525 10 3 87
576 547 7 1 4
576 607 8 5 2405
577 72 7 1 4
577 292 6 1 4
577 401 2 2 4
577 661 8 1 4
578 554 7 2 25
578 575 9 3 128
579 136 6 1 4
579 621 4 2 10
579 789 5 1 7
580 64 2 3 22
580 507 10 1 8
582 633 3 5 373
583 129 10 4 899
584 432 6 1 4
585 64 6 1 4
585 208 1 3 10
585 217 1 2 4
585 389 8 1 4
586 658 6 1 4
587 608 3 1 4
588 784 7 1 7
590 276 10 4 347
590 300 5 10 663223231
590 788 9 1 14
591 147 5 1 8
592 2 9 6 30150
592 148 1 2 4
592 322 1 2 4
592 585 3 4 184
592 856 7 1 7
596 154 9 3 113
599 92 8 7 136906
599 569 8 3 71
600 115 5 1 5
600 562 8 2 40
600 573 9 2 18
600 575 9 1 4
601 335 6 3 113
602 480 7 2 24
604 1006 10 1 4
605 80 3 1 4
606 281 8 1 4
608 576 7 4 225
608 648 1 2 4
609 225 3 2 10
610 24 1 6 792
611 125 9 1 8
612 534 7 1 10
613 840 10 2 21
614 265 3 2 8
616 806 7 4 640
619 76 6 8 387989
619 140 6 2 30
619 231 1 3 7
623 1000 5 4 347
624 579 6 1 4
625 5 2 2 4
625 261 1 6 2215
626 8 2 3 31
626 104 4 1 7
626 114 10 1 4
627 418 4 1 4
627 769 6 1 7
629 446 3 1 4
629 528 10 1 15
633 812 7 3 134
635 546 10 1 8
637 73 10 1 7
640 6 3 3 38
640 16 5 1 7
640 181 9 6 12045
640 246 1 4 53
640 369 2 7 39843
640 421 3 3 42
640 467 2 2 4
640 952 7 1 4
641 192 3 7 21526
642 512 3 1 4
643 775 6 4 461
644 387 9 2 45
645 4 5 1 4
648 76 1 3 8
648 98 4 1 4
648 301 10 1 4
648 369 8 1 4
648 512 10 1 4
648 769 3 2 7
649 4 9 1 4
650 108 2 2 7
650 216 4 1 4
651 290 5 4 488
652 257 9 1 7
654 129 6 1 4
654 565 1 2 4
655 384 8 2 15
655 761 2 2 7
656 259 6 2 21
656 370 8 1 4
658 26 8 1 4
658 226 8 1 4
660 36 1 4 51
660 69 9 3 81
660 85 4 1 4
662 374 8 3 82
664 205 9 1 7
664 781 6 2 24
665 3 8 1 4
665 260 4 1 5
666 66 5 1 4
668 163 6 2 11
668 749 3 6 4383
670 515 6 3 67
672 1 4 6 4733
672 717 10 1 5
673 104 8 7 193744
674 259 5 1 4
674 288 1 2 4
675 257 7 6 7357
675 470 4 1 4
677 121 7 1 4
678 237 4 1 4
679 556 5 1 7
680 39 10 1 7
681 6 7 1 4
681 33 1 2 4
682 14 3 3 29
684 1008 3 1 4
690 110 4 5 1598
691 12 1 6 711
693 397 10 3 115
693 522 10 1 4
694 6 8 2 34
694 768 9 3 70
696 885 1 5 118
697 710 6 2 22
700 18 9 1 7
701 34 2 2 4
701 941 10 1 7
704 34 5 3 40
704 292 1 3 12
704 370 7 2 31
704 514 5 3 67
705 854 3 6 7235
706 17 2 4 46
708 108 5 1 4
709 644 2 2 7
712 141 3 8 635228
713 593 8 1 4
713 837 10 4 922
716 98 5 4 384
716 339 5 1 4
716 649 4 4 125
716 842 5 9 3051599
719 512 8 3 64
721 104 8 3 74
721 584 3 3 22
722 146 9 1 8
722 393 7 1 5
722 398 9 1 10
722 464 1 4 112
723 142 7 1 4
724 20 5 1 8
726 322 2 4 87
727 200 5 1 4
728 227 7 1 7
728 712 4 1 4
736 24 4 1 4
737 64 7 1 4
737 610 2 7 35025
740 235 8 1 4
740 778 7 4 249
740 801 7 3 105
741 45 7 2 27
741 260 6 1 4
744 280 10 5 2952
745 63 10 1 5
746 386 1 8 40799
746 536 9 2 30
754 32 3 1 4
759 130 10 1 4
760 220 3 5 1065
760 257 1 2 4
760 300 3 5 1199
761 435 8 1 4
768 68 7 1 4
768 226 4 8 182037
768 608 9 1 10
768 666 3 3 31
768 736 1 3 21
769 277 5 3 44
770 67 4 3 40
770 211 6 2 28
770 256 10 1 8
771 128 5 3 59
771 793 1 2 4
772 0 2 2 8
772 32 8 1 4
775 921 5 1 4
776 101 4 1 4
776 586 10 6 22068
776 697 4 1 7
777 6 7 1 4
777 84 3 8 190794
777 318 6 1 8
777 539 2 4 53
777 641 6 3 47
780 16 2 2 10
780 552 10 2 21
780 707 1 2 4
780 901 1 2 4
781 222 7 1 4
784 1 5 1 7
784 514 9 1 4
784 549 5 7 47558
784 634 1 5 129
784 841 8 1 8
786 521 8 1 4
787 199 10 1 4
788 25 10 1 11
788 324 3 1 5
788 332 1 3 10
792 540 5 4 428
792 594 7 1 7
793 52 5 3 39
793 498 5 1 7
795 422 7 2 20
795 661 1 6 1443
798 776 2 2 7
799 433 8 1 4
800 9 5 5 1534
800 45 8 1 10
800 824 6 3 50
801 642 6 1 4
802 660 2 2 7
802 769 5 1 4
803 512 1 3 21
804 104 2 2 10
804 779 1 3 13
806 134 10 4 735
806 232 6 4 194
808 302 2 2 4
808 777 3 4 182
808 937 6 4 157
810 17 2 2 4
810 416 4 2 17
812 778 10 4 388
814 161 8 1 7
814 523 4 2 11
814 905 6 1 7
816 18 3 3 24
816 24 10 5 1523
818 253 9 1 4
824 392 5 1 4
832 21 2 2 8
832 30 4 1 4
832 43 3 2 7
832 304 10 1 17
832 427 5 1 4
833 147 9 3 94
834 32 1 5 226
834 104 3 3 66
834 148 6 1 4
834 912 7 1 4
835 264 4 2 16
835 583 5 1 7
836 388 10 1 4
840 96 8 1 13
840 545 5 4 487
840 800 5 1 7
841 32 6 1 4
842 200 2 5 326
844 584 7 8 286464
845 624 8 1 4
848 313 1 2 4
848 391 5 1 4
848 899 3 3 34
849 792 6 3 48
849 1018 1 4 54
850 308 10 4 572
850 776 7 5 3508
852 2 1 4 97
852 72 1 8 226029
856 866 4 1 4
862 130 1 2 4
864 786 10 3 120
867 998 4 5 502
868 332 1 4 58
872 50 8 6 5815
872 165 8 8 514072
874 360 3 1 4
878 258 10 1 4
882 42 8 2 23
882 778 7 1 4
885 601 9 1 5
894 392 7 1 4
896 330 6 3 52
896 868 7 3 69
897 39 2 4 136
897 115 4 1 7
898 336 5 4 201
899 736 2 3 11
900 4 8 3 43
900 313 3 3 25
902 131 2 8 709034
903 339 9 6 34402
904 231 3 1 4
904 552 10 1 4
904 888 1 4 51
905 248 10 1 4
905 540 10 1 4
905 572 4 7 89034
906 194 8 1 4
907 276 10 1 4
908 456 5 3 81
910 614 5 2 16
911 10 6 4 365
912 85 9 2 17
912 129 5 1 4
912 388 9 1 4
914 968 8 1 4
915 431 2 4 214
916 742 9 2 17
916 777 1 2 4
920 200 4 1 7
921 272 4 1 4
922 8 2 5 489
922 784 3 4 243
924 33 10 1 8
924 196 3 2 7
928 518 4 5 2331
929 257 8 1 5
930 720 8 1 4
931 657 2 2 7
932 783 8 3 60
934 94 9 6 39703
938 316 6 2 31
938 552 5 1 7
940 512 6 4 302
941 771 2 2 4
945 456 10 1 4
951 818 6 8 502325
953 905 5 2 19
954 22 6 1 8
960 358 10 1 8
961 131 10 5 1573
961 472 8 1 4
961 481 6 3 40
965 937 4 1 4
966 197 8 3 83
966 555 7 1 7
968 51 8 2 27
968 352 6 1 4
968 360 4 1 7
975 205 2 7 38575
976 321 3 2 7
976 779 2 2 4
977 22 8 1 4
984 324 5 5 2335
984 483 3 1 5
985 268 1 8 49662
986 772 7 2 14
987 962 1 3 16
988 366 2 4 155
990 35 7 2 19
998 127 6 8 635257
998 179 9 1 4
1002 912 10 2 53
1003 684 3 1 4
1020 371 3 1 4
1021 643 9 1 4
