1 292 1 3 18
2 48 4 3 28
2 132 5 2 10
2 167 6 1 4
6 798 10 1 4
8 42 5 2 20
8 272 10 5 2651
8 735 6 1 4
10 40 5 2 13
16 24 7 1 4
16 516 9 7 60547
17 48 8 1 4
17 129 5 1 5
19 24 1 2 4
20 28 6 3 34
22 24 10 1 7
24 781 7 2 13
28 72 7 6 8579
29 5 1 2 4
32 196 5 1 4
34 561 6 1 4
38 180 1 4 108
40 9 3 3 61
40 840 9 1 6
44 10 8 1 4
44 12 4 6 6444
44 47 3 1 4
49 17 5 3 65
51 377 2 2 4
55 278 3 1 4
64 514 10 1 8
67 2 4 1 4
67 840 7 4 192
68 153 2 4 105
73 39 4 4 353
73 999 2 2 6
76 76 10 3 55
78 517 8 5 1546
87 353 10 1 4
88 782 6 3 126
90 988 3 5 867
91 154 9 1 4
92 91 6 1 4
96 276 10 1 7
97 18 6 2 16
97 167 9 1 4
97 286 2 2 4
99 249 4 1 4
103 704 9 1 4
104 48 7 6 7158
114 497 2 2 10
117 803 6 1 4
118 565 6 2 19
120 76 10 3 219
129 0 3 1 4
129 707 8 1 4
132 17 1 2 4
136 831 7 1 4
137 325 9 1 4
138 266 2 6 5018
144 520 9 1 5
156 814 8 3 51
167 289 9 4 372
168 98 8 5 1522
169 514 1 3 7
176 270 4 1 4
177 280 5 1 4
181 964 2 5 229
192 52 8 1 8
192 904 6 2 28
193 422 5 1 4
208 12 1 2 4
216 138 1 3 17
218 86 5 1 7
231 290 2 2 4
232 5 10 1 10
240 799 7 4 253
248 557 3 1 5
256 4 1 2 4
257 806 9 1 4
261 67 3 1 4
268 177 1 2 4
268 192 1 5 499
268 512 1 4 65
269 640 4 1 4
270 532 9 1 4
275 116 2 3 13
280 600 9 1 4
283 514 10 1 13
285 104 7 1 4
289 648 6 1 4
296 516 6 1 4
298 75 8 2 40
299 291 6 2 17
301 777 3 2 8
306 36 5 6 6036
308 640 2 2 5
324 167 5 1 4
325 74 1 3 12
326 11 10 1 4
334 288 3 1 5
336 18 8 1 13
342 536 7 1 4
345 32 4 5 472
347 11 9 2 23
348 128 6 3 119
361 266 4 3 43
371 705 9 1 4
382 562 5 3 56
384 312 6 4 294
384 332 10 1 16
390 566 8 1 4
391 461 7 1 4
392 674 4 1 4
395 558 7 1 4
396 546 10 1 4
404 209 4 1 7
408 66 1 3 10
427 580 6 7 113426
428 32 9 1 4
441 21 5 1 4
448 92 9 4 459
452 513 2 2 4
453 661 4 8 275154
460 566 3 1 4
462 641 5 3 29
465 761 5 1 4
482 208 3 1 4
506 706 1 7 6535
512 173 8 1 4
513 340 9 1 5
517 34 10 1 10
517 676 8 1 4
520 9 9 1 4
520 164 6 1 4
521 450 4 1 4
528 10 9 5 2966
528 344 8 1 7
529 520 4 1 4
544 24 10 1 4
544 536 8 1 10
547 265 10 1 4
554 4 3 4 191
557 15 8 1 5
559 557 7 1 4
560 96 4 1 4
560 104 8 1 4
563 410 3 1 4
566 4 9 1 4
576 371 7 1 4
576 607 9 5 2111
578 554 4 1 4
579 789 8 1 7
581 645 8 1 4
585 208 1 3 13
585 389 10 3 58
590 276 7 1 10
595 58 3 1 4
596 11 3 2 6
597 387 1 3 9
600 115 7 1 7
606 281 2 3 11
608 185 9 1 4
608 648 6 1 4
609 210 5 2 15
617 908 5 2 16
618 70 4 1 5
624 579 1 2 4
640 160 2 2 4
640 258 9 5 3386
642 724 6 7 103205
644 756 1 3 6
648 98 6 1 4
648 301 6 1 7
652 594 7 2 23
655 761 2 2 7
662 374 9 1 12
672 514 1 2 4
693 397 1 4 112
695 585 7 1 4
704 370 7 2 14
705 596 7 1 4
706 17 7 2 13
716 339 3 1 5
720 7 3 4 79
722 464 2 2 4
760 40 4 1 4
768 326 2 5 408
770 515 2 2 4
770 663 4 1 4
774 8 2 4 47
780 16 3 4 72
784 634 10 4 247
792 540 8 1 6
800 73 7 1 4
805 781 3 1 4
810 17 3 2 7
833 147 5 1 4
839 21 1 2 4
840 96 6 1 5
840 106 8 1 5
841 370 9 1 7
852 824 9 2 23
863 516 7 2 18
864 23 1 3 7
868 332 5 1 4
894 392 6 5 1237
904 929 1 2 4
914 968 2 4 196
928 384 9 1 4
931 230 8 1 8
931 657 6 5 783
940 512 8 1 10
952 37 4 1 5
975 205 7 7 163704
1001 286 1 2 4
