0 4 4 1 4
0 18 6 1 7
0 47 5 5 1073
0 112 2 2 4
0 166 6 5 2272
0 215 6 1 4
0 256 4 1 7
0 259 9 7 264999
1 7 6 4 192
1 30 9 1 13
1 481 10 2 20
1 535 10 1 4
1 705 6 1 4
2 3 7 3 123
2 132 3 1 4
2 267 2 4 109
3 131 7 1 3
3 530 8 7 77636
3 592 1 3 8
4 24 1 4 58
4 248 7 3 154
4 293 2 2 5
4 368 1 2 4
4 576 4 2 20
5 216 4 3 63
6 3 7 6 7250
6 259 2 1 3
6 267 6 1 7
6 268 6 1 7
6 466 9 2 20
6 512 8 1 4
6 798 4 1 4
7 110 5 1 4
7 715 5 1 4
8 1 8 1 12
8 393 2 2 10
8 486 10 2 21
8 656 5 2 15
8 850 9 1 4
9 416 8 1 13
9 823 8 1 7
10 40 4 2 13
10 84 10 1 4
10 523 5 1 4
10 584 7 1 4
10 599 3 1 5
10 680 6 1 7
10 778 7 1 9
11 204 10 1 4
11 752 1 2 4
12 24 9 1 5
12 65 10 1 4
12 116 4 3 86
12 269 5 3 29
13 66 10 1 4
13 320 9 2 30
14 210 10 1 12
14 584 5 2 22
16 96 3 1 4
16 132 1 2 4
16 198 8 1 4
17 48 2 2 4
17 129 1 2 4
19 657 8 2 21
20 28 2 2 10
20 786 8 1 12
21 116 7 1 4
22 107 9 1 12
22 133 2 2 5
22 331 4 4 168
22 565 5 1 4
23 770 2 2 4
23 886 8 1 4
25 592 5 4 459
26 20 3 1 5
26 109 5 1 4
27 547 4 1 4
28 146 1 3 16
31 561 2 9 2519636
32 33 1 2 4
32 196 1 2 4
32 388 6 2 17
32 414 5 2 10
32 514 9 7 58602
32 803 8 1 4
33 3 1 4 51
33 26 5 1 4
33 277 2 3 14
33 785 6 2 21
34 324 6 3 48
34 800 6 7 67701
35 551 3 1 4
36 257 7 5 2719
36 448 1 6 1061
36 705 10 1 4
36 858 9 1 4
37 13 7 1 12
37 594 4 1 4
38 1 9 2 17
38 544 10 1 4
39 3 10 1 10
39 520 4 9 1508407
40 39 8 1 4
40 65 10 2 25
40 256 6 1 4
40 512 7 1 4
40 528 4 3 39
40 605 7 1 5
40 980 3 1 4
41 96 7 5 917
41 276 6 4 184
41 321 7 5 3332
42 140 6 1 4
43 1 10 3 179
44 10 6 1 4
44 430 5 2 11
44 524 5 1 5
45 23 2 2 4
45 615 8 1 13
47 80 8 1 12
48 176 4 1 7
48 226 2 4 61
48 646 6 5 3293
48 789 4 1 4
48 843 3 1 5
50 113 6 7 51287
50 528 2 2 4
51 516 7 3 51
52 46 2 3 12
53 245 4 1 4
56 544 6 1 4
56 560 5 1 6
57 5 6 4 616
57 128 4 1 5
57 448 9 1 4
58 470 5 3 35
60 112 1 2 4
61 648 5 1 4
64 197 1 6 1730
64 203 2 4 171
64 272 6 3 60
64 481 4 1 4
64 790 2 2 4
65 25 7 1 4
65 118 6 1 4
65 241 1 3 21
65 515 1 2 4
65 614 10 1 10
67 16 4 1 4
67 453 6 1 4
67 482 2 3 15
69 466 2 3 20
70 109 6 1 4
70 608 3 2 10
70 646 10 3 117
70 648 9 1 13
72 37 1 2 4
72 65 6 2 17
72 280 6 1 4
73 39 5 1 4
73 640 1 5 517
74 1012 8 1 9
75 576 9 1 4
76 586 4 1 4
76 855 2 4 56
77 256 8 1 4
77 450 1 3 10
77 456 10 1 4
78 288 6 1 4
80 0 6 4 593
80 51 5 2 10
80 82 4 1 5
80 132 4 1 7
80 528 4 1 4
80 920 3 1 4
82 280 3 4 120
83 124 9 5 1746
83 304 10 1 7
83 617 2 2 4
84 64 9 1 5
87 512 3 1 4
88 782 7 2 13
90 274 7 1 7
90 843 2 5 783
92 91 4 1 4
94 869 6 1 4
96 103 2 2 7
96 321 7 1 7
96 356 6 1 4
96 547 7 1 5
96 776 8 1 8
96 820 7 1 4
97 167 8 1 7
97 525 2 2 9
98 352 5 4 397
98 401 8 1 4
98 671 9 1 10
98 928 5 4 120
100 128 5 4 215
100 752 2 3 20
100 901 8 1 4
101 161 1 3 7
101 599 7 3 67
102 6 2 3 18
102 264 2 4 131
104 26 2 2 4
105 3 5 1 4
108 133 5 2 18
108 825 1 2 5
112 1 9 1 15
114 68 2 6 7130
116 33 1 7 16195
122 80 5 2 13
124 348 4 1 4
128 58 1 4 32
128 208 3 1 4
128 320 7 1 4
128 375 8 1 4
128 376 2 3 12
129 10 10 3 195
129 88 10 2 28
129 163 8 1 8
130 78 4 1 4
130 272 10 2 42
130 520 1 4 37
130 528 9 1 4
130 540 9 1 12
130 675 4 2 9
130 772 10 5 5847
131 581 2 2 4
132 17 1 6 718
132 137 5 3 56
132 957 7 6 25587
134 84 9 1 5
134 516 6 2 26
134 768 8 3 109
136 39 8 2 36
136 482 7 1 4
136 610 4 7 30683
136 831 5 2 10
137 678 3 2 7
137 778 6 1 4
138 266 4 6 5055
138 590 2 5 282
138 902 5 1 7
139 865 3 1 4
140 72 2 2 4
140 776 7 1 4
144 418 10 1 4
144 433 2 2 9
145 2 8 5 3492
148 130 9 1 4
148 146 9 1 4
149 633 5 1 4
151 102 8 1 4
153 592 10 1 9
156 54 4 1 4
156 133 7 3 81
156 521 10 5 2968
157 404 6 1 4
160 81 10 4 778
160 452 8 4 714
160 801 2 2 4
161 40 7 1 6
161 524 1 7 17304
161 898 4 1 4
162 306 1 4 30
164 34 9 2 26
164 87 4 1 4
164 217 10 2 21
164 280 3 2 8
164 636 1 2 4
167 104 9 1 4
167 289 8 2 21
168 8 6 1 7
168 52 9 2 23
168 98 1 6 1533
168 480 7 1 4
169 351 7 1 4
171 144 1 3 11
172 8 1 4 27
174 493 5 5 2448
176 270 10 1 4
176 932 2 1 3
177 280 9 1 4
177 560 7 4 331
178 144 2 4 169
180 19 8 1 4
180 152 3 2 13
180 600 3 1 4
181 331 6 1 4
181 964 2 2 4
182 728 2 2 5
184 161 6 4 526
185 391 5 3 80
192 43 10 1 4
192 52 3 4 119
192 72 5 3 57
192 713 4 2 13
192 898 7 1 9
193 120 2 2 4
193 718 10 1 4
194 592 5 1 7
196 81 6 1 4
197 61 2 2 4
197 297 9 1 4
197 769 6 1 4
198 3 1 9 2843335
198 196 8 1 4
198 812 9 1 4
200 146 4 5 2254
200 445 8 1 4
203 654 6 1 8
206 80 3 1 4
208 14 5 1 4
208 88 2 2 5
209 564 2 3 29
211 4 4 1 4
212 285 3 2 8
214 369 9 3 194
217 923 9 1 7
219 389 5 2 16
222 532 8 1 10
222 852 8 3 118
225 316 1 3 9
225 948 10 1 4
226 157 10 1 10
227 592 5 2 10
228 294 9 1 4
230 9 8 3 75
231 290 6 6 9036
232 130 8 1 4
233 212 6 2 28
235 281 8 3 55
235 645 10 1 4
237 91 9 1 5
238 620 1 6 1011
239 370 6 2 26
242 156 5 3 33
244 33 9 1 4
244 356 8 3 159
244 932 4 1 4
245 705 6 1 9
248 902 9 1 4
256 69 6 1 4
256 160 10 2 22
256 243 8 1 4
256 312 8 1 4
256 344 8 1 4
256 512 8 1 4
256 616 1 6 902
256 772 5 6 6664
256 804 8 1 4
257 268 10 1 4
257 272 8 1 4
257 544 1 2 5
257 912 2 3 15
257 920 6 1 4
258 24 1 2 4
258 673 6 1 7
259 532 10 1 17
260 131 4 1 3
260 545 6 1 4
260 678 5 1 4
260 978 3 2 7
261 8 2 7 75020
261 356 7 3 141
262 193 3 2 9
264 1 8 1 7
264 320 9 4 288
265 339 2 3 20
266 336 1 6 4529
267 523 5 2 20
270 73 10 1 4
270 532 4 6 11447
272 378 5 1 4
272 554 7 2 19
272 684 1 2 4
272 899 9 1 13
273 47 4 3 47
273 693 5 5 604
275 116 9 1 4
276 538 5 2 13
277 27 8 5 3544
277 385 9 1 8
279 901 4 1 7
283 514 2 2 8
287 448 9 1 4
288 132 7 1 7
288 224 3 1 4
289 36 7 1 5
289 472 4 2 16
290 258 1 2 4
290 388 3 3 65
291 768 7 1 4
291 967 5 1 4
292 7 1 4 40
292 19 9 1 4
292 162 10 1 4
296 84 9 1 7
296 260 3 5 833
296 336 2 2 4
296 516 10 1 4
297 167 2 5 289
297 389 10 1 13
297 544 2 2 7
297 742 10 1 4
298 75 1 2 4
299 291 1 3 13
300 140 1 2 4
304 8 1 2 4
305 34 9 1 4
305 163 7 3 131
306 36 5 5 3069
308 640 9 1 4
310 44 2 6 7696
310 936 10 1 4
315 739 8 1 5
318 914 3 1 4
321 4 1 7 5373
321 1008 10 1 4
322 0 6 1 4
322 272 5 1 4
322 899 3 1 4
324 16 6 5 1199
324 200 7 1 4
324 530 9 4 215
325 6 8 1 4
325 720 1 3 7
326 11 9 1 7
327 675 3 5 353
328 45 6 1 4
329 258 10 1 4
330 8 8 5 1401
334 288 2 3 23
335 83 3 1 4
335 391 10 2 53
337 833 10 2 20
338 160 6 3 34
340 704 4 1 4
340 763 10 1 4
342 15 1 3 20
342 272 7 1 10
344 676 2 2 4
345 32 8 1 8
346 11 6 1 4
347 149 3 1 4
347 296 2 2 5
348 128 4 4 123
348 395 1 7 27986
349 12 4 2 10
352 794 10 3 174
352 860 1 2 4
353 684 6 1 7
354 25 2 2 10
354 30 8 1 4
354 288 1 3 7
354 836 6 1 8
354 969 2 3 24
356 800 10 1 7
357 690 5 1 4
360 732 4 1 5
361 266 8 4 196
363 162 3 2 10
363 424 9 1 4
364 740 1 3 7
366 657 3 6 2712
368 738 1 2 4
368 925 3 3 16
371 112 2 3 17
371 705 8 3 76
371 772 8 1 4
375 77 6 2 21
384 312 8 1 4
384 423 5 3 88
384 962 3 3 18
386 64 9 2 20
386 158 3 1 4
386 206 3 2 12
386 275 3 1 4
386 912 7 2 21
387 147 1 5 202
387 297 3 3 29
387 1016 3 3 36
388 332 2 4 56
390 566 6 1 4
392 336 8 5 1063
392 674 4 6 3338
393 577 1 8 125344
394 590 3 2 13
395 558 4 3 41
395 647 9 1 4
396 6 1 3 7
396 454 7 2 33
396 546 6 1 4
396 915 7 3 59
396 960 5 2 21
397 518 6 1 4
398 943 4 1 4
400 144 1 3 15
401 58 1 2 4
401 284 3 3 25
402 80 7 1 4
402 769 3 2 7
404 209 6 4 190
404 298 4 1 4
406 677 4 8 176023
408 576 6 4 222
409 417 10 2 19
414 932 3 4 96
415 101 1 4 33
419 7 7 3 69
419 844 2 2 4
420 538 9 8 2169943
420 545 6 2 15
422 736 10 1 4
423 384 2 2 4
424 481 1 4 98
425 261 6 2 12
425 776 1 2 4
426 644 2 2 4
427 580 2 2 4
428 32 2 2 7
428 880 7 1 4
430 8 10 1 4
433 197 9 2 30
437 2 7 1 4
448 92 9 1 4
448 655 5 1 4
449 321 1 2 4
452 512 8 1 7
453 368 9 1 5
453 661 2 3 15
454 782 8 4 180
455 640 7 1 4
456 367 6 1 4
456 774 1 2 4
460 566 9 1 4
464 265 8 1 10
465 531 5 1 4
465 761 4 5 651
466 58 9 5 2690
467 211 6 1 4
470 713 9 1 5
472 226 3 1 4
472 256 9 2 29
480 0 10 3 150
481 416 8 1 4
482 285 6 3 42
485 134 8 5 1191
488 269 1 5 405
488 565 3 1 4
489 64 6 3 45
491 112 1 2 4
504 267 10 4 383
505 332 3 1 4
512 173 7 6 8998
512 420 5 3 66
513 42 8 1 4
513 100 1 3 7
513 315 7 1 4
513 548 7 1 4
514 160 10 5 5921
514 452 3 2 6
514 522 10 2 32
514 780 7 3 78
515 157 2 3 21
516 33 8 3 54
517 3 9 1 4
517 34 7 1 7
517 177 3 2 7
517 233 5 1 4
517 281 4 3 24
517 525 8 1 4
517 672 10 1 3
518 0 3 2 7
519 517 5 1 4
520 94 6 1 5
520 328 7 1 4
520 785 1 3 13
520 812 1 2 4
520 896 9 1 4
521 131 8 1 4
521 450 5 2 18
521 546 9 6 34383
521 554 4 1 4
521 560 9 7 183172
522 121 7 1 4
522 652 2 2 4
524 159 1 6 3424
524 173 3 6 5603
526 548 9 1 12
526 776 9 1 7
527 36 2 2 4
527 713 9 5 1881
528 10 8 5 2988
528 97 4 1 7
528 144 1 2 4
529 16 4 5 1005
529 260 9 2 26
529 836 10 2 44
530 522 10 5 1643
530 696 4 1 4
532 134 1 2 4
532 292 6 2 13
532 550 8 1 4
533 787 4 1 4
534 928 7 2 17
536 902 2 2 7
537 138 9 1 4
540 481 7 1 5
544 21 8 1 7
544 429 5 1 7
544 536 3 2 12
544 551 6 1 4
544 597 5 1 4
545 209 4 1 4
545 226 1 3 7
545 743 1 9 530335
545 914 5 9 5467959
546 263 1 2 4
546 758 4 1 4
546 900 6 7 142829
548 586 5 2 21
549 97 5 1 4
549 146 7 9 13944054
551 40 4 1 7
552 656 7 1 4
552 932 9 2 17
553 36 4 8 753707
553 102 8 4 227
553 933 2 2 7
554 137 1 3 8
557 400 9 1 4
557 512 9 1 4
559 557 9 7 61731
560 96 8 2 16
560 104 5 1 4
561 444 2 2 4
563 20 10 5 2195
565 105 5 1 7
566 132 10 1 4
569 522 10 2 18
572 36 7 2 24
572 257 4 1 6
572 370 8 1 4
576 19 7 1 4
576 133 8 2 38
576 172 9 1 4
576 525 1 6 1737
576 607 8 5 2127
577 72 9 3 157
577 292 9 1 4
577 577 7 3 45
578 26 3 2 8
578 120 2 4 204
579 80 7 7 146454
579 136 9 2 41
582 633 10 1 4
585 354 1 2 4
586 530 5 1 4
586 658 7 1 4
590 788 3 1 4
592 4 10 1 4
592 585 1 7 11051
595 557 1 5 588
596 91 8 5 2314
599 92 3 1 4
599 569 7 5 2271
600 115 3 4 72
600 575 4 1 4
606 281 8 1 8
606 807 5 1 5
608 522 7 1 4
609 210 8 1 4
609 768 9 3 54
611 125 4 2 9
616 81 7 1 4
616 450 7 1 4
617 908 7 1 4
618 1004 6 5 3086
619 140 10 1 4
625 530 5 1 4
626 528 3 7 16748
627 3 7 1 4
627 418 6 1 5
627 977 3 1 4
632 18 3 2 10
633 812 5 1 4
635 546 7 2 21
638 161 3 1 4
640 6 5 1 4
640 16 6 1 4
640 160 9 1 13
640 181 7 1 4
640 258 8 1 4
640 659 5 1 7
640 732 4 1 4
640 952 5 1 4
642 512 1 2 4
642 562 9 1 4
644 756 1 3 15
644 769 5 1 4
645 4 3 2 11
648 76 10 8 403636
648 98 4 3 26
649 4 7 1 5
651 290 9 5 3805
652 594 3 2 8
655 384 5 1 4
656 278 3 1 4
656 370 2 2 7
657 79 5 1 4
657 201 3 3 18
658 226 10 1 5
660 52 2 2 4
665 3 9 1 13
668 749 3 7 25356
672 1 2 3 16
672 64 3 3 36
672 129 7 1 12
675 470 5 1 4
676 52 4 1 7
678 237 9 1 14
680 540 10 1 4
683 278 4 1 4
688 385 5 1 4
693 522 2 7 27772
694 768 10 1 14
694 931 6 6 23368
695 517 1 3 7
700 864 8 4 237
701 34 3 2 12
701 941 3 1 4
704 135 5 1 4
704 370 10 1 4
706 732 7 1 4
709 325 10 1 9
709 644 8 1 4
710 2 4 3 52
711 19 7 2 14
712 141 4 3 48
712 283 7 1 4
712 862 1 7 32776
716 842 1 5 159
720 7 8 3 79
721 104 10 1 10
721 584 4 1 4
722 82 8 1 3
723 142 3 2 7
724 20 1 3 7
725 65 5 4 161
726 322 7 1 4
737 288 2 2 4
740 235 6 3 64
741 260 3 4 141
742 97 2 3 13
744 124 8 1 10
744 762 9 1 12
745 63 7 2 21
752 261 6 3 47
752 494 8 1 7
752 786 9 1 7
754 32 2 4 92
760 40 8 2 24
761 435 10 1 4
768 226 4 1 4
768 502 3 1 4
768 608 3 4 120
768 738 1 3 14
769 34 2 4 54
769 350 4 6 4529
769 640 9 3 83
770 211 3 1 4
771 800 8 2 30
772 0 3 1 4
774 8 5 4 391
776 586 6 2 15
777 6 6 2 19
777 200 7 1 5
777 608 10 1 9
778 389 3 3 31
780 193 1 2 4
780 901 4 1 4
781 496 4 1 4
782 226 10 8 1321734
784 1 7 6 17048
784 634 5 1 4
786 576 1 3 8
788 25 8 10 46939972
792 274 10 2 43
793 52 1 5 242
793 498 2 2 4
800 97 2 4 58
801 34 3 1 4
805 781 7 1 4
806 134 4 1 5
808 302 6 4 167
808 526 8 1 12
808 777 5 3 43
808 937 5 1 4
808 945 4 2 18
810 17 9 1 4
810 394 7 1 5
816 24 8 1 9
818 253 7 1 4
821 236 5 3 36
822 211 7 2 20
824 978 1 3 16
830 356 6 1 7
832 30 7 1 4
832 43 2 5 505
832 328 1 4 38
833 147 5 1 4
834 104 3 1 4
835 264 8 1 4
838 785 10 1 5
840 106 2 2 5
841 370 3 6 5663
845 561 3 3 36
848 391 3 1 5
852 2 10 1 4
852 824 10 5 1698
854 681 10 7 234296
871 264 7 1 4
873 9 5 4 177
875 164 9 5 1059
882 42 8 1 4
882 778 4 1 4
896 868 8 3 47
897 1002 7 1 4
898 336 1 2 4
898 699 4 6 4954
899 537 6 1 4
900 4 10 1 4
900 162 1 4 30
904 231 9 2 19
904 552 2 2 4
905 12 2 8 522006
911 5 6 6 4326
911 896 9 1 4
912 2 4 1 4
912 129 4 5 818
914 669 10 1 4
917 912 10 1 4
922 784 6 1 4
924 33 9 1 4
924 196 7 1 4
931 230 4 3 81
938 552 3 1 4
940 512 4 1 4
944 756 5 1 4
945 456 10 1 7
946 205 10 1 4
948 9 9 1 4
952 37 7 1 4
961 472 9 2 18
961 481 8 5 1235
963 130 4 3 31
966 192 10 2 27
968 352 7 1 5
969 313 4 2 9
969 769 6 1 4
975 205 10 5 2412
976 321 7 1 4
976 779 5 1 4
977 34 7 4 188
977 549 1 2 4
984 324 9 3 77
985 268 3 1 4
987 962 4 1 7
988 366 10 4 783
996 36 4 2 8
996 836 1 3 7
1001 286 2 2 4
1003 684 8 1 5
1011 36 7 3 46
