1901 0.01573862889512603 
1933 0.01575537210380332 
176 0.01573862889512603 
1701 0.01573862889512603 
672 0.01573862889512603 
222 0.01575537210380332 
559 0.01575537210380332 
913 0.01573862889512603 
478 0.01573862889512603 
983 0.01573862889512603 
430 0.01573862889512603 
1492 0.01573862889512603 
279 0.01575537210380332 
1529 0.015788858522007624 
1281 0.01573862889512603 
942 0.01573862889512603 
1058 0.01573862889512603 
1319 0.01575537210380332 
1732 0.01573862889512603 
1588 0.01573862889512603 
78 0.01573862889512603 
951 0.01573862889512603 
1728 0.01575537210380332 
1806 0.015721885686734792 
1834 0.01573862889512603 
278 0.01573862889512603 
1704 0.01575537210380332 
1219 0.01573862889512603 
1067 0.01573862889512603 
950 0.01573862889512603 
237 0.01573862889512603 
1851 0.01573862889512603 
996 0.01573862889512603 
1373 0.015638169649144423 
574 0.01573862889512603 
735 0.01575537210380332 
1629 0.01573862889512603 
1884 0.01573862889512603 
1639 0.01573862889512603 
1288 0.01573862889512603 
859 0.01573862889512603 
867 0.015805601731530415 
1258 0.01573862889512603 
1108 0.01575537210380332 
1822 0.01573862889512603 
782 0.01573862889512603 
1568 0.01573862889512603 
786 0.01573862889512603 
836 0.01573862889512603 
199 0.01573862889512603 
