274 0.005618578255385384 
574 0.005657892637482147 
1528 0.005771954534466626 
1584 0.005647519384457175 
472 0.005491986136237947 
1504 0.005553337927611921 
160 0.005629810038581043 
513 0.0056060475170746984 
1247 0.0055546337088967146 
212 0.0055395101685791325 
552 0.005670422674595123 
1423 0.005680791459387573 
319 0.005847133064639688 
718 0.005679496195302408 
1488 0.005609934241698932 
1445 0.005885586149151801 
331 0.005685543429612288 
1556 0.005700232938432126 
277 0.005711467924247127 
1399 0.005259108263311546 
78 0.005657461939275869 
107 0.005470379285291198 
1079 0.005524815536877381 
1480 0.005863121795147193 
337 0.005644933450316578 
1406 0.005901572930539897 
808 0.005646661787169597 
565 0.0055481532454765906 
124 0.00582855734236903 
1305 0.005656165304113185 
515 0.005661780505082027 
880 0.005791830257948832 
531 0.0053999572394866835 
225 0.005760724553322213 
914 0.005756401414234112 
522 0.005883859016335506 
216 0.0054919829257756205 
1513 0.0056216005163258745 
1875 0.005734798303893554 
908 0.005886450347502127 
1886 0.005768932824487178 
1356 0.0054937110216346004 
1676 0.005732637931712318 
142 0.005640610326342433 
441 0.005746030987795011 
511 0.005675599578313561 
203 0.005610801262223725 
272 0.005543397874389662 
82 0.005841084294518177 
1275 0.005859229773903091 
1949 0.00575078406850965 
202 0.005650979207240111 
1531 0.005751648020950284 
56 0.005574075219993822 
1021 0.005699370855230134 
155 0.005631536936498952 
1809 0.005637585369511251 
1639 0.005851022716029277 
1308 0.005868296398279901 
1460 0.005679063531401763 
1361 0.005746030932418528 
1141 0.0056177110522779095 
1608 0.005654868543377465 
1459 0.0057468947589568485 
838 0.005667397474744357 
1846 0.0056751747546188265 
1736 0.005785779902794877 
1733 0.005502785493153307 
1494 0.005772387002432294 
698 0.005576234590528621 
1657 0.005771090263729091 
197 0.00566134811740174 
463 0.006019958219097055 
1766 0.0055049477466280064 
586 0.0057767097666836815 
604 0.005527841749300801 
1597 0.0056699902023469965 
660 0.005600858945583418 
293 0.005536055685658114 
247 0.005941752478030532 
