583 0.014073229286040758 
1221 0.01399370517725947 
134 0.01406040282589552 
634 0.01383978678704996 
848 0.014057837528939687 
485 0.014709422520752804 
1454 0.01164902384393119 
1814 0.013724348428868946 
222 0.01428871408146896 
1171 0.014163014599336428 
1706 0.013991139874893447 
1072 0.01449393772962415 
1389 0.01439389116264716 
199 0.014257930515430855 
223 0.014491372433668843 
187 0.014558070124842086 
128 0.014234842858962257 
1872 0.014401587078299785 
1408 0.014183536967730918 
930 0.013921876868877373 
1444 0.014265626413693059 
983 0.014429805294500454 
676 0.013955225534039474 
557 0.014930038245559996 
290 0.014288714074481897 
1716 0.014758163530297411 
1870 0.014173275623938855 
301 0.01521735142153733 
252 0.014098881760554464 
1311 0.01442467469377876 
310 0.01436310764540273 
1159 0.01409375156081746 
471 0.014275887605527348 
597 0.014245104045894207 
84 0.013955225620820463 
1343 0.014086055758562756 
600 0.014511894785108843 
1787 0.014486241710401393 
492 0.012369878322799382 
345 0.014286148590035692 
