0 112 7 1 4
0 135 2 5 540
0 150 3 4 70
0 321 9 3 155
0 618 1 5 523
0 674 4 3 27
0 704 8 1 7
0 917 6 4 151
0 936 9 2 20
1 705 4 1 4
1 768 3 2 7
1 825 3 1 4
1 920 3 5 345
2 3 8 2 30
2 8 7 1 4
2 167 9 1 4
2 267 5 1 4
2 826 8 4 382
3 24 3 3 27
3 277 1 2 4
3 530 7 2 13
3 592 1 3 7
3 652 6 1 5
4 15 2 2 4
4 24 7 1 4
4 50 4 2 10
4 64 3 5 1131
4 248 10 1 4
4 284 7 1 4
4 803 10 1 7
5 18 4 2 20
5 584 9 1 3
6 267 10 1 7
6 466 8 1 5
6 798 6 1 4
7 81 1 2 4
8 58 9 1 4
8 386 9 3 54
8 393 1 2 4
8 902 1 2 4
9 39 5 6 12394
9 526 4 1 7
10 176 2 3 18
10 518 1 2 4
10 523 2 4 52
10 584 1 5 476
10 599 1 3 7
11 586 1 3 19
12 0 1 2 4
12 24 1 8 49576
12 55 6 2 16
13 66 5 1 7
13 320 8 1 4
14 376 10 5 2726
14 584 6 4 261
14 616 1 3 20
16 9 2 2 4
16 24 4 1 7
16 96 1 6 1334
16 132 5 1 4
16 148 4 5 2570
16 643 9 3 62
16 806 5 9 3616606
18 215 8 1 4
18 290 5 1 4
18 641 7 4 637
19 24 10 1 7
19 657 9 2 21
19 709 2 2 4
20 10 2 2 7
20 28 9 1 4
20 194 10 1 5
20 323 1 3 7
22 97 4 1 4
22 331 1 5 292
23 328 9 4 1003
24 781 1 4 83
24 786 6 2 16
26 22 10 3 90
27 130 6 1 5
27 549 2 2 4
28 624 7 1 4
29 1 9 4 886
29 327 9 1 14
29 532 5 1 4
29 809 1 2 4
30 21 6 1 4
30 129 3 6 2844
32 42 6 7 44124
32 204 1 2 4
32 211 8 4 845
32 219 2 4 145
32 276 4 1 4
32 414 5 1 4
32 848 2 3 16
33 2 9 2 18
33 26 8 1 4
33 277 6 9 20162204
34 324 3 1 3
34 561 2 4 98
34 800 6 4 413
35 551 4 1 4
35 689 6 1 4
36 12 4 1 4
36 34 1 3 7
36 266 6 1 7
37 13 1 3 11
37 520 1 3 7
40 256 5 5 1529
40 528 5 3 39
40 672 6 1 5
41 276 5 1 4
42 140 9 4 217
42 778 6 1 4
44 10 8 1 14
44 12 4 3 44
45 23 8 5 5247
45 74 9 1 7
45 615 2 3 24
48 176 2 2 8
48 646 9 5 3217
49 4 2 2 4
49 17 4 2 8
49 313 1 3 11
49 516 1 2 4
51 377 3 2 14
51 516 8 6 12662
52 188 5 1 4
52 256 1 2 5
56 472 5 2 25
57 5 9 4 596
57 448 7 4 661
58 470 10 2 41
59 58 1 8 220600
59 292 6 2 16
59 583 4 7 155569
60 5 7 1 4
61 644 5 5 1923
64 1 3 4 105
64 481 10 1 4
64 771 6 7 64633
64 780 4 4 303
65 25 4 5 1070
65 96 1 5 295
65 218 8 1 4
65 241 9 2 17
65 515 4 1 4
65 571 8 1 5
66 545 5 1 4
67 2 9 1 4
67 37 3 1 4
67 840 8 4 191
68 192 3 1 4
69 529 9 1 4
69 572 9 2 16
70 212 6 1 4
70 431 7 2 31
70 608 8 1 13
70 642 5 1 4
71 264 3 3 17
71 409 4 1 4
72 8 1 2 4
72 65 6 1 4
72 437 3 5 1255
74 600 9 1 5
75 576 5 1 4
77 256 7 4 231
78 919 1 3 11
79 165 3 1 4
80 0 1 2 5
80 528 2 2 7
80 920 9 1 4
84 64 4 1 5
84 216 6 1 7
84 490 1 2 4
87 353 4 1 4
89 76 6 3 52
90 20 4 2 11
90 274 4 1 7
90 843 9 1 4
91 154 4 1 4
93 134 1 7 12744
95 34 8 1 7
96 32 2 3 33
96 80 7 1 4
97 18 10 1 5
97 130 8 1 4
97 167 7 1 10
99 249 8 2 29
100 294 5 6 4101
100 768 10 1 4
100 901 6 3 62
101 599 1 5 157
102 6 2 2 4
104 26 5 4 253
104 28 3 4 286
104 64 3 1 4
107 3 6 1 4
112 28 2 3 13
114 68 4 1 4
114 416 10 6 9388
114 497 6 2 15
118 565 7 1 4
119 446 8 5 1603
120 0 5 1 4
122 24 1 3 19
122 80 1 3 20
124 304 7 1 4
124 348 9 1 4
125 268 6 2 11
128 320 1 2 4
128 375 10 3 175
128 376 9 4 521
128 628 9 1 7
129 0 6 5 1602
129 707 4 1 4
130 78 5 7 28274
130 368 10 1 4
130 540 9 1 5
131 581 5 1 8
132 6 5 1 7
133 23 10 1 4
133 614 10 2 21
134 84 6 1 5
134 390 2 2 4
134 516 3 1 4
135 258 7 1 3
136 39 9 3 72
136 160 9 1 4
136 610 7 1 4
136 831 2 2 4
137 678 3 1 4
140 724 1 2 4
140 776 2 6 1409
141 954 1 4 28
143 116 7 1 4
145 1 2 2 7
145 2 9 1 13
145 67 9 3 116
145 273 6 1 4
145 576 1 7 12987
146 69 4 1 5
146 146 8 1 4
147 513 2 2 7
148 130 9 2 18
148 139 6 1 7
149 20 2 7 28701
151 102 9 1 4
151 207 2 2 4
153 833 4 1 4
156 133 9 3 76
156 521 8 5 2900
156 814 1 3 16
157 404 10 1 8
159 526 8 1 4
160 81 9 2 19
160 144 10 2 24
160 801 10 1 4
161 21 4 6 12326
161 40 8 1 11
161 524 7 5 1122
161 576 9 2 22
162 306 4 1 4
163 361 1 2 5
163 601 10 1 4
164 38 4 3 26
164 280 2 2 8
166 686 2 2 7
167 289 3 5 355
168 67 5 1 4
168 98 8 2 15
169 25 4 1 4
169 72 1 2 4
169 351 10 4 352
169 514 7 1 4
172 8 3 1 4
172 569 8 1 4
172 664 1 2 4
174 493 5 5 2433
174 582 3 3 24
176 137 4 1 4
176 916 8 6 6675
177 280 4 4 214
177 611 8 1 5
178 144 1 2 5
180 19 6 5 2863
180 152 8 4 185
181 331 5 1 4
181 768 9 1 4
182 300 3 3 49
185 5 10 4 251
185 391 5 1 5
186 582 8 1 7
192 43 5 3 100
192 713 6 1 4
193 131 1 2 5
193 375 1 3 20
193 775 1 3 8
194 321 5 1 5
194 592 8 1 4
196 377 2 7 64290
197 61 1 5 240
197 769 8 1 10
198 812 6 1 4
200 146 5 1 7
208 14 7 1 4
212 69 2 3 17
212 285 6 3 73
225 316 9 1 7
225 948 3 2 7
226 157 10 1 7
228 32 6 1 4
231 290 2 6 2623
232 5 5 1 5
232 65 1 2 4
233 973 2 3 13
234 848 5 3 33
234 917 4 1 7
235 645 3 1 4
239 370 9 2 40
239 560 3 1 4
240 799 5 1 4
241 245 6 4 232
246 64 2 2 7
256 69 1 3 8
256 262 3 2 7
256 312 9 1 7
256 344 1 3 8
256 522 5 1 4
256 764 5 1 7
256 904 10 1 4
257 544 3 1 4
257 680 3 5 620
258 36 3 3 21
258 265 7 1 7
258 880 2 2 4
259 100 1 2 4
259 532 7 1 7
260 545 7 1 4
260 978 8 1 4
261 8 8 5 2306
261 72 4 3 38
261 995 7 2 24
262 134 4 1 4
262 193 6 2 15
262 906 5 2 24
265 264 10 1 4
265 339 9 4 654
266 242 1 3 19
267 523 1 2 4
268 192 9 1 5
268 524 7 4 287
268 577 4 1 4
269 444 5 1 8
269 640 8 1 7
272 162 7 2 22
272 234 9 1 4
272 554 1 2 4
272 640 4 1 4
273 47 7 1 4
273 581 3 5 677
273 693 6 2 26
273 809 2 8 489263
274 98 7 5 3935
274 334 7 3 49
275 16 1 2 4
275 116 2 2 4
276 288 2 2 4
277 8 9 1 7
277 27 4 2 11
277 128 2 2 4
278 258 10 1 5
279 18 10 2 30
279 901 3 1 4
280 82 2 2 4
280 674 8 1 4
281 101 3 1 4
282 136 8 3 120
282 576 3 6 7865
285 104 8 2 27
286 624 3 1 4
286 832 8 1 14
287 448 8 1 4
288 47 2 2 7
288 132 8 3 53
288 224 7 1 7
288 545 6 3 122
290 0 4 8 202511
290 258 8 1 4
290 328 6 1 10
292 19 9 4 558
292 593 4 1 4
294 27 2 2 8
296 57 7 1 4
296 260 8 4 828
296 409 7 1 3
296 516 3 1 4
297 389 4 1 7
297 544 3 9 10265559
299 78 9 1 4
299 291 9 1 13
301 777 6 3 45
304 6 7 1 4
304 212 8 4 330
305 576 9 2 17
306 36 8 1 4
306 550 5 1 4
306 918 6 2 27
308 21 9 5 1172
308 692 9 2 21
314 376 7 1 4
314 518 2 2 7
315 739 8 1 4
320 407 10 1 4
320 428 9 1 4
320 641 7 3 40
320 720 5 2 18
321 337 2 2 4
321 834 3 3 43
322 272 7 1 10
322 902 10 3 91
323 360 6 2 14
324 16 8 2 25
324 167 4 1 5
324 179 4 2 21
324 200 1 2 4
324 513 2 2 10
325 74 1 2 4
325 145 5 1 4
325 192 6 1 4
326 11 8 1 13
326 280 4 3 60
327 698 10 1 16
328 853 10 1 11
332 456 3 1 4
332 643 3 1 4
336 18 4 2 13
337 352 1 7 7623
337 768 10 1 4
338 33 5 3 65
340 0 1 3 16
340 704 7 1 7
341 576 1 4 35
342 168 10 1 4
345 32 9 4 469
347 296 6 1 4
347 313 8 2 37
349 12 5 2 10
352 680 9 1 4
353 389 9 2 17
353 684 1 2 4
354 30 8 1 4
355 134 5 3 78
356 800 4 1 4
357 433 9 1 10
360 555 9 2 24
361 266 1 5 257
361 316 6 7 42868
366 657 2 3 28
368 49 9 2 21
379 333 6 3 106
380 339 7 1 4
384 6 8 5 937
384 168 5 2 16
384 332 3 1 4
384 481 8 1 4
384 692 8 1 7
385 2 6 1 4
385 75 10 3 59
385 213 7 2 33
386 64 2 2 4
386 73 8 1 4
386 158 6 2 11
386 275 9 1 11
386 912 5 1 5
387 147 8 4 201
387 1016 7 2 20
389 596 7 1 7
390 566 5 1 4
391 461 8 5 1997
392 38 2 2 4
392 553 4 4 120
396 536 3 1 4
396 777 9 7 299387
401 932 7 7 258008
403 98 9 9 3689211
404 209 10 3 192
409 888 9 1 4
416 52 3 1 5
419 844 3 1 4
420 32 6 3 103
422 736 10 2 50
423 384 8 2 22
424 481 6 3 98
425 161 8 8 992228
428 620 2 4 59
433 197 3 1 4
434 734 5 1 4
448 513 6 1 4
448 655 9 1 5
452 513 10 1 4
453 368 7 1 5
454 9 7 1 7
454 437 10 1 4
456 105 9 1 4
456 367 6 1 4
456 376 7 1 5
460 197 5 1 4
460 462 2 2 7
464 265 10 1 4
465 531 6 1 4
467 211 2 7 68132
469 425 7 2 13
472 226 6 1 4
480 0 6 4 147
480 731 9 1 7
480 928 7 2 13
481 416 6 1 4
491 112 1 3 16
496 978 3 1 5
501 519 6 5 1859
506 706 10 1 16
512 438 3 1 4
512 453 7 1 8
512 514 4 1 4
513 65 5 1 4
513 304 5 2 17
513 315 1 2 4
513 340 10 1 10
513 640 2 4 181
514 452 1 3 7
514 522 6 5 1342
514 572 9 1 10
515 157 9 1 4
515 273 6 3 72
515 598 3 1 4
516 72 3 4 182
516 357 4 1 4
516 779 1 2 4
517 0 5 1 4
517 8 5 1 4
517 34 5 2 10
518 0 5 1 4
518 41 10 1 4
518 66 2 2 4
520 328 1 3 7
520 785 10 1 4
520 812 10 2 40
521 229 9 1 8
521 450 5 1 8
522 1 8 1 4
522 121 7 1 7
522 549 8 1 4
528 10 4 1 4
528 33 4 1 4
528 580 10 1 4
528 582 5 3 28
529 16 1 2 4
532 11 3 1 4
532 550 2 2 4
532 853 2 6 1931
533 37 5 1 4
533 787 4 2 16
534 786 3 1 4
535 10 10 1 4
536 902 2 5 389
537 99 8 1 10
537 478 9 1 7
538 84 5 2 10
538 820 3 1 4
540 256 4 1 5
544 21 9 2 31
544 416 10 1 7
544 536 5 1 4
544 551 5 1 4
544 597 8 1 4
544 718 6 1 7
545 209 2 2 4
545 226 7 5 1803
545 520 4 1 5
545 914 3 9 1294526
546 2 5 3 70
546 263 2 2 4
546 612 7 5 3636
547 265 4 2 18
549 68 3 3 40
549 146 10 3 113
549 647 1 3 7
550 36 10 2 32
550 649 6 1 4
551 40 4 6 3737
552 136 2 2 4
552 656 10 1 8
553 102 2 2 4
555 418 9 6 28374
557 6 10 1 7
557 15 6 1 7
557 512 6 1 7
557 557 9 3 88
560 18 3 2 10
560 96 10 4 562
560 104 7 2 28
560 168 9 1 4
560 354 2 2 4
561 444 9 1 4
563 410 6 4 568
564 656 10 3 154
564 659 3 2 7
565 105 6 1 4
566 4 8 3 69
569 522 5 2 17
571 100 1 3 11
572 36 4 1 4
572 370 3 3 19
573 797 8 1 5
576 5 8 1 4
576 76 6 1 4
576 133 7 1 8
576 172 2 4 45
577 72 9 3 153
577 222 6 3 94
577 292 5 1 3
577 997 10 1 7
578 26 5 4 177
578 572 10 1 10
579 789 4 1 7
580 507 2 2 4
582 633 2 4 126
590 276 6 1 4
590 300 5 4 178
590 520 8 1 4
590 788 8 3 173
591 147 6 1 10
592 322 2 2 8
592 585 3 1 4
595 58 6 1 4
596 11 7 2 34
596 385 9 1 3
597 387 7 2 13
600 115 9 1 4
602 480 6 1 4
605 80 1 2 4
607 288 7 1 11
607 393 4 4 270
608 648 10 1 4
609 768 10 6 8539
611 125 3 1 4
616 450 9 2 47
619 76 2 3 30
625 5 10 5 1410
626 528 2 2 4
632 18 8 1 10
633 812 6 2 16
640 6 7 1 4
640 16 7 5 1765
640 160 10 1 8
640 246 7 2 20
640 258 5 4 262
640 467 4 1 4
640 525 1 2 4
640 659 5 1 4
640 732 9 1 4
640 952 8 4 338
642 562 7 1 4
642 724 7 1 7
644 48 2 2 4
644 387 7 1 4
646 289 8 1 14
648 98 3 2 8
648 369 1 4 23
648 694 4 1 7
649 4 1 2 5
650 216 10 1 13
650 953 9 1 4
651 290 7 1 4
654 129 6 1 4
654 565 9 2 25
655 761 3 1 4
656 370 10 1 7
657 201 8 6 5654
658 10 1 3 10
660 69 10 1 5
660 85 2 2 7
661 244 6 1 4
661 608 1 2 4
662 374 2 4 205
667 587 4 2 10
668 749 8 6 25189
672 1 5 2 16
672 129 10 1 11
674 288 7 5 934
674 672 2 4 100
678 237 9 1 8
680 540 10 1 4
681 6 7 1 4
681 33 9 1 4
683 278 10 1 4
686 593 4 1 4
688 385 2 2 4
690 110 8 1 8
692 914 3 1 4
693 397 10 3 111
694 768 4 2 10
694 931 10 7 83132
700 18 9 1 8
700 229 2 2 4
700 864 4 1 4
701 941 4 1 5
704 76 9 1 4
704 292 5 2 17
704 673 1 2 4
705 854 1 3 7
706 732 5 1 4
709 644 9 3 57
709 843 3 1 5
711 19 1 3 14
713 837 5 1 4
716 98 10 3 54
716 842 4 1 4
721 104 2 2 4
721 323 9 1 7
721 584 10 6 32242
722 258 10 1 4
722 398 1 2 5
722 464 3 1 4
724 596 7 1 4
726 322 2 6 3961
728 712 2 2 4
732 834 7 6 21064
737 25 9 3 87
737 288 4 4 284
738 970 7 1 7
741 45 5 1 4
741 260 8 5 1211
744 124 2 2 8
744 762 2 4 115
746 536 1 4 49
752 494 10 1 4
752 786 10 1 4
754 32 7 2 36
760 300 5 1 3
768 226 1 2 4
768 326 6 1 4
768 666 2 2 7
768 736 2 2 7
769 34 2 4 56
769 640 10 3 85
769 773 7 3 55
770 256 9 1 4
770 515 5 1 7
770 663 10 1 4
771 128 9 1 4
772 0 6 2 11
776 586 8 1 4
777 6 5 2 14
777 84 7 1 4
777 200 7 3 60
777 318 7 1 7
777 539 5 4 309
777 641 7 2 30
778 389 9 1 13
780 16 7 1 4
780 552 3 1 4
782 405 9 4 651
784 1 1 7 16939
784 549 10 2 41
784 569 3 1 3
784 604 10 1 4
785 257 10 1 4
787 199 4 1 5
788 25 3 1 4
788 332 3 1 5
792 16 1 2 4
792 540 3 5 459
793 52 2 2 4
793 498 8 4 282
795 422 1 2 4
795 661 8 4 265
800 9 1 9 1039604
800 97 2 3 14
800 824 3 1 4
801 312 2 2 4
804 337 3 1 4
805 387 4 1 4
806 134 9 1 4
806 232 7 1 4
814 161 10 1 4
816 18 8 4 432
817 784 10 8 3513682
818 253 4 4 395
822 211 5 1 5
824 392 4 1 4
828 592 1 7 8666
832 21 5 1 4
832 30 8 2 33
832 281 6 2 24
832 304 4 3 24
832 427 4 5 1757
833 999 8 1 7
834 67 1 2 4
836 86 6 4 400
836 388 5 6 11309
839 21 2 2 4
840 96 7 1 4
841 370 3 6 5612
845 624 4 1 4
848 90 3 3 63
849 792 4 4 128
850 776 3 2 7
852 72 3 3 20
852 824 7 1 4
856 866 10 3 170
863 516 9 1 5
864 23 6 1 4
868 332 3 4 88
870 68 1 5 645
871 264 4 1 4
872 50 8 1 4
882 42 5 1 7
895 603 6 3 56
896 868 9 2 16
897 115 5 1 7
904 112 4 3 31
904 888 8 1 4
904 929 9 4 463
905 572 4 3 24
906 194 3 1 4
906 210 7 8 1017964
912 129 9 1 8
914 669 6 1 4
914 776 6 1 4
922 8 1 2 4
928 384 10 1 4
928 516 5 1 4
929 316 5 1 4
930 720 5 4 449
931 230 1 2 4
938 552 9 1 4
940 512 8 8 356606
941 771 6 1 4
947 568 5 1 8
948 9 10 2 20
961 291 7 1 4
961 333 7 1 4
975 205 10 1 4
976 321 5 1 5
977 34 6 1 4
977 549 7 5 802
987 962 7 1 4
996 36 5 1 4
996 836 10 1 4
1000 260 7 1 7
1018 358 2 3 13
