0 17 1 2 4
0 47 9 2 19
1 30 6 2 13
1 70 1 2 4
1 228 6 1 4
1 535 6 1 4
2 3 10 1 7
3 131 4 4 409
3 272 9 1 4
3 277 1 2 4
4 774 4 1 4
7 110 6 1 4
10 523 4 1 3
12 65 8 1 4
12 116 7 1 4
13 320 3 3 27
14 127 5 4 366
14 376 9 1 4
16 198 6 6 5819
16 643 2 3 25
17 129 8 1 4
20 1 7 1 10
20 323 3 1 4
25 592 3 1 3
31 77 8 1 7
32 211 4 1 4
32 612 10 1 4
32 803 8 1 5
33 276 2 2 4
35 65 4 1 4
35 689 2 5 238
36 858 9 1 7
37 594 3 1 3
40 756 8 3 102
42 42 10 1 11
42 839 4 1 7
44 430 3 2 8
49 17 8 6 7718
56 544 7 8 1138345
64 203 3 4 119
64 481 9 3 87
65 241 9 1 4
69 466 10 1 11
72 8 9 3 68
73 870 8 6 7677
74 512 5 5 992
82 283 1 3 19
92 38 3 4 68
94 954 4 4 126
96 356 4 1 4
97 286 4 1 4
100 128 4 4 192
100 901 10 1 3
101 599 8 6 6177
106 516 10 1 10
108 133 1 4 104
111 12 10 1 7
114 872 2 2 8
128 375 8 1 4
128 433 9 1 4
129 163 10 1 8
129 584 8 2 40
130 520 1 2 5
132 713 5 3 30
136 160 6 1 4
137 678 4 1 7
143 642 2 2 4
148 278 5 3 101
161 524 3 1 4
164 217 6 2 16
164 264 7 1 4
164 636 3 1 4
165 141 3 1 4
167 712 5 1 7
174 582 3 1 4
177 128 8 1 4
177 280 6 1 4
178 580 3 1 4
180 152 4 2 11
181 768 7 1 4
185 42 5 1 3
185 391 10 3 79
188 199 1 4 23
192 52 4 3 42
193 375 9 2 17
196 377 3 3 59
197 100 4 1 4
200 146 7 5 2211
201 39 1 2 4
208 88 7 4 292
222 852 1 3 10
225 257 5 1 3
227 592 9 1 10
228 294 4 3 28
238 642 2 2 4
244 356 7 4 156
247 626 9 1 5
256 312 9 1 4
257 912 4 2 10
258 24 4 1 4
259 226 1 2 4
262 1013 8 1 13
268 577 7 1 4
270 642 8 1 4
272 162 8 1 4
272 208 6 1 4
272 280 7 1 4
280 600 8 1 4
290 258 6 3 95
292 7 5 3 39
296 131 4 1 4
298 800 6 1 4
301 274 4 2 8
303 292 2 2 4
305 34 5 1 4
320 468 1 3 7
321 4 6 6 5297
325 6 6 1 4
326 116 4 2 20
342 15 3 1 4
342 272 9 1 10
343 475 3 2 8
349 12 5 1 4
354 969 10 2 24
355 134 4 1 4
382 562 5 4 168
384 168 3 1 3
384 962 8 1 10
386 275 10 1 4
386 912 6 1 4
387 297 2 2 5
390 566 2 2 5
392 553 9 4 1010
401 58 9 3 95
401 284 8 1 4
403 98 8 7 270083
408 66 8 1 7
409 417 2 3 19
416 279 7 1 4
420 424 1 2 4
420 538 2 9 2130810
426 644 1 4 58
430 203 7 1 8
434 734 5 1 3
437 2 10 1 5
444 769 10 1 4
452 48 9 1 4
452 488 5 2 25
472 256 5 5 1142
480 665 8 1 13
485 134 10 2 40
488 269 7 4 397
491 112 9 1 4
504 267 5 4 376
512 522 7 1 4
513 42 10 1 7
513 548 6 1 4
514 522 7 1 10
516 442 2 1 3
516 582 1 8 208143
520 812 3 6 2980
521 546 2 2 4
522 234 5 1 4
528 580 5 1 3
528 801 5 1 3
530 325 5 1 4
532 292 5 1 7
536 10 10 1 4
544 401 2 1 3
546 612 5 1 7
546 900 10 1 5
552 932 4 2 16
553 36 2 2 4
553 933 7 1 7
557 6 3 1 3
557 370 10 1 4
560 32 9 1 7
573 797 4 1 4
573 886 7 1 4
576 547 10 2 25
595 557 7 4 548
600 68 6 1 4
604 913 4 2 11
607 288 5 9 3374763
608 648 4 1 4
609 225 4 1 5
611 125 2 2 4
616 450 7 1 11
624 579 2 2 4
626 528 5 1 4
631 24 10 8 2085524
640 258 7 1 4
640 525 8 1 4
640 584 7 1 4
640 938 10 1 4
642 512 1 2 4
648 98 5 1 4
655 761 2 2 4
658 10 7 3 80
672 129 10 2 49
673 104 6 1 3
674 672 2 2 4
676 52 6 3 37
680 540 5 1 4
688 385 6 3 107
690 110 5 1 4
697 710 6 1 4
704 34 3 4 91
704 76 4 1 4
721 104 7 1 4
737 64 7 1 4
763 668 9 5 2126
768 736 5 1 4
768 738 5 3 42
772 130 1 2 4
773 1 2 2 8
780 707 8 1 5
782 226 10 1 4
784 1 6 1 4
788 25 2 2 5
792 274 7 1 4
798 776 9 1 7
808 302 6 4 165
819 538 10 1 3
824 978 10 2 22
833 147 3 1 4
852 824 7 5 1645
872 50 9 1 7
898 699 4 6 4871
900 162 2 6 8987
905 196 8 1 3
905 248 6 2 30
918 0 4 1 7
920 200 1 2 4
924 196 3 1 4
934 94 5 1 4
947 568 10 1 4
986 772 5 8 316782
1002 652 9 3 78
1002 912 10 7 323404
