1256 0.013257717219579431 
1700 0.013547439638536381 
230 0.013071506922393315 
1964 0.013557845668496328 
1357 0.013207331921249435 
1463 0.013463644660963132 
644 0.013343155117401187 
1361 0.013136132005638991 
1446 0.013197472861913332 
1040 0.013659166712084937 
514 0.011682060448925018 
1271 0.013579752744749674 
897 0.013096151994133814 
871 0.013291673255292897 
248 0.013253883546272932 
324 0.01327250430823322 
680 0.01320130616830503 
617 0.013106009829293027 
689 0.01319528190505588 
1909 0.01295101706156331 
415 0.013167897604105094 
942 0.01348609952422323 
667 0.013595635469960368 
895 0.013467478385096958 
1128 0.013320700092786788 
272 0.013291125756939377 
1792 0.013847020772155242 
1724 0.013740223029590359 
661 0.013027692462438178 
1856 0.013095055950493107 
501 0.013449952641738908 
1677 0.01337053920234992 
1485 0.013175017305717582 
981 0.013311389852317727 
956 0.01293842037908427 
470 0.013155849201478003 
192 0.013447761862793593 
1745 0.013626853509529203 
1009 0.01306110064805017 
918 0.013520603525673637 
