1526 0.0051207426509705676 
1261 0.005239454118943188 
1323 0.005163654725598772 
1799 0.00525381112791526 
1826 0.0052474497498220946 
1677 0.005346333495319221 
44 0.005291625816495513 
846 0.005447244964398594 
1020 0.005188188523441311 
941 0.005307627662720562 
518 0.005183468345265142 
787 0.005197639343819773 
871 0.005200546229928101 
653 0.005013867342562708 
1839 0.005214366052624076 
114 0.005214188284264244 
1011 0.005115654798045965 
542 0.005227086343735352 
1331 0.005366524413685501 
514 0.004757599615775077 
1205 0.005174919085610449 
843 0.005274539002360857 
920 0.005258900295796014 
118 0.005131660120147755 
866 0.005265270794266597 
876 0.0052545353958777805 
583 0.005197454709918263 
1903 0.005296719432192213 
565 0.005159455614601634 
195 0.005006051728656866 
1883 0.005247265440133193 
223 0.005215995164382538 
873 0.004920391431578328 
1705 0.00529835312571585 
1370 0.005466513310237773 
1004 0.005223818847203127 
51 0.005154377691286988 
1810 0.005375611857366291 
395 0.005301985297018926 
1038 0.005273620549674973 
479 0.005309442706562202 
965 0.00540160908269892 
1956 0.005342893579968576 
371 0.005247449495583885 
1945 0.0053419765964902955 
1969 0.005185102657103743 
1668 0.00519909842680645 
1093 0.005306719082310903 
1833 0.005221997231368691 
1783 0.005148927028993428 
939 0.005257077964867067 
1388 0.005285442037932905 
1547 0.005284717825114559 
1284 0.005193828500947078 
790 0.005330700279080758 
393 0.005280350012497378 
844 0.0051838336216471475 
911 0.005356340665878101 
816 0.00493116225830348 
456 0.0052808976911222025 
1299 0.0052619998297774645 
405 0.005202551948832787 
380 0.005319253960557935 
1179 0.00503386329259795 
1109 0.005219091479401715 
1234 0.005342878069853642 
1069 0.005222005073418648 
52 0.005229452068952128 
1213 0.005271445154176027 
265 0.005293254155388573 
376 0.005197458258707488 
1905 0.00527726424301809 
544 0.005379247912455299 
1880 0.005353614824356445 
152 0.0052981774903570235 
1149 0.005251444201037603 
896 0.005369243943599233 
1345 0.005188000290234138 
956 0.005156192033769572 
1588 0.0055806843792972 
