0 4 3 2 11
0 8 9 3 70
0 17 1 4 91
0 112 1 3 10
0 135 5 1 4
0 150 4 1 4
0 156 9 1 4
0 166 2 4 57
0 256 9 1 6
0 259 3 2 12
0 274 1 7 6376
0 618 10 4 797
0 646 3 5 560
0 674 8 1 4
0 679 6 1 4
0 936 1 4 23
1 7 8 3 135
1 15 5 1 4
1 30 2 4 213
1 37 1 3 12
1 82 3 2 10
1 135 7 3 122
1 228 1 4 41
1 292 6 4 582
1 357 2 2 5
1 535 6 1 5
1 644 2 7 30057
1 920 1 2 4
2 48 8 1 14
2 167 3 2 15
2 267 1 4 70
2 328 6 1 5
3 24 2 2 4
3 131 9 3 115
3 530 8 1 13
3 592 1 2 4
3 652 4 1 4
4 4 6 4 460
4 15 9 2 37
4 24 10 1 5
4 248 10 1 4
4 284 8 1 4
4 368 1 6 791
4 576 4 1 4
4 774 1 6 2672
4 803 2 1 3
5 216 2 4 60
5 584 1 4 39
5 887 10 1 7
6 212 9 7 130640
6 259 6 1 7
6 267 5 4 141
6 268 5 1 5
6 466 10 1 17
6 1002 6 5 1272
7 110 1 6 1231
7 237 10 3 58
8 1 3 2 9
8 19 5 1 7
8 32 2 2 4
8 58 4 2 13
8 202 9 1 12
8 273 9 1 4
8 386 8 7 91935
8 393 6 1 4
8 552 2 2 5
8 642 2 5 1161
8 735 5 1 4
8 850 6 1 4
9 39 9 1 7
9 274 1 3 16
9 572 4 3 26
10 75 9 2 16
10 84 2 2 4
10 160 8 1 4
10 523 5 1 5
10 584 3 6 4094
10 599 7 1 10
10 778 3 5 1557
11 204 9 2 25
11 752 2 2 4
11 779 1 6 1452
12 0 10 1 17
12 24 9 1 10
12 55 1 9 386568
12 128 5 2 20
12 366 5 4 250
12 634 10 1 7
12 781 9 6 21896
13 780 7 1 4
14 127 7 4 199
14 152 3 1 4
14 376 4 5 1788
15 352 2 2 5
15 485 1 7 29472
15 659 6 8 704262
16 9 8 1 4
16 132 8 5 2271
16 148 4 5 1455
16 198 3 6 7958
16 516 7 1 4
16 643 5 2 20
16 806 1 4 60
17 48 8 5 1449
17 258 2 2 4
18 645 10 1 4
19 24 6 2 17
19 709 7 1 4
20 28 3 4 88
20 36 8 1 7
20 176 2 3 28
20 194 8 9 3219609
20 786 6 1 10
21 116 1 8 306734
21 258 10 2 30
21 308 5 1 7
22 281 7 1 4
23 328 9 7 86718
23 770 1 2 4
24 781 3 10 60967134
24 944 5 2 13
25 523 3 1 4
25 592 1 2 4
26 109 2 2 10
26 801 2 2 4
27 130 10 1 10
27 549 10 1 9
28 42 7 1 7
28 146 4 3 40
28 624 8 2 39
29 1 10 1 4
29 327 2 2 4
29 532 6 1 10
30 52 1 3 19
30 129 4 7 80399
32 16 6 1 4
32 33 4 1 4
32 42 2 2 4
32 204 9 1 4
32 211 10 4 903
32 276 5 1 4
32 388 8 1 4
32 414 2 2 9
32 759 8 1 10
32 803 9 3 58
32 848 10 1 7
33 3 1 6 4185
33 64 4 4 445
33 276 3 1 4
33 277 7 3 120
33 544 9 4 245
33 785 8 1 4
34 144 1 2 5
34 324 4 1 4
34 561 5 1 4
34 663 3 1 4
34 720 2 5 379
34 800 5 3 32
35 65 5 4 352
35 689 2 2 7
36 12 10 2 25
36 48 7 2 14
36 257 8 7 76643
36 266 9 7 95763
36 288 10 2 24
36 555 8 2 29
36 858 9 1 7
37 13 6 1 4
37 364 9 4 283
37 594 6 1 7
38 1 8 1 10
38 180 8 1 7
38 204 2 5 813
38 544 10 1 4
39 3 6 1 4
39 982 4 5 495
40 20 2 2 4
40 65 1 2 4
40 512 2 2 4
40 528 6 1 5
40 645 1 5 239
40 756 10 1 5
40 761 9 2 42
40 980 4 1 4
41 96 8 2 20
41 276 1 4 45
41 987 8 1 7
42 42 3 4 156
42 140 9 2 21
42 329 10 6 20865
42 778 8 5 1042
42 839 8 1 7
43 1 4 1 4
44 12 9 1 4
44 47 8 4 276
44 430 8 2 25
44 524 1 3 9
44 794 3 2 14
45 23 9 1 9
45 266 1 6 2982
45 844 3 2 11
48 67 6 1 4
48 168 1 3 7
48 176 8 1 4
48 198 5 1 7
48 226 2 3 22
48 789 3 4 193
49 17 2 3 12
49 310 3 3 24
50 9 7 1 7
51 70 8 1 7
51 377 3 1 4
51 516 4 4 170
52 188 1 2 4
52 285 2 3 36
53 245 5 1 4
55 278 7 4 363
56 89 6 2 19
56 267 3 4 81
56 560 2 2 7
57 5 5 1 7
57 448 6 5 703
58 113 9 1 4
58 470 3 4 157
59 292 1 3 9
60 33 3 2 9
61 644 9 1 4
62 521 10 1 5
62 612 6 1 7
64 26 1 6 1704
64 194 6 1 4
64 203 9 3 102
64 272 4 4 136
64 370 2 4 169
64 465 7 1 10
64 514 6 5 800
64 686 5 2 9
64 771 8 1 12
64 780 5 1 5
64 790 10 1 7
65 25 1 3 12
65 118 5 1 5
65 265 3 4 162
65 421 3 3 33
65 614 3 2 15
67 2 5 1 4
67 16 10 2 42
67 20 7 2 15
67 73 4 6 6949
67 453 10 8 2902761
67 840 9 4 199
68 226 4 5 861
68 284 7 1 4
68 322 4 1 4
68 576 8 1 4
69 138 10 1 4
69 276 10 4 279
69 572 1 2 4
70 109 7 5 829
70 608 4 3 23
70 642 1 4 47
70 648 8 1 9
71 264 10 1 7
71 409 2 4 195
71 700 7 1 10
72 8 7 4 385
73 640 4 2 20
73 870 10 2 49
74 512 3 2 12
74 600 2 4 45
74 1012 6 8 238844
75 576 7 1 4
76 76 4 2 15
76 262 3 1 5
76 855 5 2 17
77 267 1 5 118
78 784 5 1 4
78 919 2 3 19
79 165 4 1 4
79 386 6 1 4
80 0 4 1 7
80 51 5 1 7
80 82 6 2 27
80 528 6 1 7
80 920 8 4 536
82 280 10 1 4
83 115 1 6 1346
83 124 7 3 66
83 304 9 1 9
83 784 5 1 7
84 64 9 3 52
84 74 7 4 155
84 490 7 1 4
85 31 5 6 5342
85 65 10 2 31
87 353 2 2 4
87 512 6 1 6
87 515 5 6 10719
89 4 8 1 4
90 843 7 1 7
90 977 4 1 4
91 652 5 5 806
92 38 4 1 4
93 669 6 5 2762
94 869 2 4 71
94 954 8 3 73
95 20 6 1 4
95 34 8 1 4
96 32 2 2 4
96 80 4 1 4
96 103 2 2 5
96 148 8 1 5
96 220 9 1 9
96 276 1 2 4
96 304 4 1 4
96 776 10 1 4
96 820 4 3 53
97 18 4 2 14
97 167 10 1 4
97 286 5 1 4
97 525 1 4 27
98 14 9 4 703
98 352 2 5 395
98 671 7 1 12
98 928 2 2 7
99 117 10 2 53
99 249 8 3 168
100 294 4 1 5
100 752 2 3 26
101 124 6 3 76
101 161 9 1 4
101 169 5 8 1544372
101 392 7 1 9
102 78 1 3 12
102 166 1 2 4
104 26 2 6 9439
104 28 7 3 107
104 64 8 1 4
104 132 4 3 65
104 512 5 1 4
105 296 1 2 4
105 779 10 1 5
107 3 8 1 9
107 129 8 3 109
108 514 2 5 393
109 707 9 1 4
111 12 2 5 1210
112 0 7 1 7
112 3 3 1 4
112 28 3 4 79
112 84 1 3 7
112 107 10 4 316
112 165 4 3 23
112 776 9 4 594
114 416 1 7 10049
114 452 4 5 688
114 497 1 3 20
114 872 6 5 702
116 33 3 2 7
117 803 2 3 42
119 446 9 3 56
121 536 7 1 4
122 80 1 4 25
122 294 10 1 17
123 600 2 5 248
124 304 2 2 7
125 268 4 4 218
128 10 1 4 28
128 58 5 4 115
128 208 4 1 7
128 320 2 2 4
128 362 6 2 30
128 376 1 2 5
128 628 7 1 4
129 10 5 1 5
129 37 10 1 9
129 39 4 2 19
129 163 5 1 7
129 707 5 2 9
130 272 4 4 110
130 273 8 1 7
130 368 10 5 1296
130 520 3 1 4
130 528 2 2 6
130 532 8 1 14
130 675 6 1 9
130 980 10 4 312
132 94 2 6 4942
132 137 4 1 4
132 372 6 1 7
132 516 5 4 299
132 916 9 6 9626
132 957 7 1 4
133 23 2 7 24430
133 138 3 2 9
133 614 8 1 4
134 67 3 1 4
134 84 2 4 94
134 208 7 3 150
134 377 2 2 4
134 390 5 1 4
134 768 2 2 4
135 258 7 3 50
135 544 2 3 12
136 610 3 2 14
136 684 1 3 7
137 148 9 1 4
137 256 2 2 4
138 266 1 3 22
138 415 6 3 131
138 590 5 9 2130129
138 902 4 1 4
139 426 7 1 11
139 865 3 1 4
140 72 9 2 22
140 135 4 1 5
140 143 6 1 10
140 464 2 2 7
140 724 7 1 4
141 954 8 2 17
143 144 10 3 96
143 642 6 1 7
144 18 1 3 12
144 257 8 3 133
144 433 2 2 6
144 520 4 1 7
144 800 3 3 30
145 67 9 1 4
145 184 7 5 2671
145 513 5 1 4
146 146 9 5 3505
146 396 5 7 28761
146 910 6 1 4
148 1 6 3 80
148 24 2 5 1261
148 139 8 4 542
148 146 4 2 20
148 515 3 2 12
149 20 4 1 7
149 633 10 4 758
150 141 4 3 24
150 160 4 2 9
151 102 3 2 7
151 132 2 2 4
151 207 1 7 23438
153 598 4 4 199
153 833 5 2 11
153 961 6 1 7
156 54 1 6 1014
156 521 5 2 14
156 814 7 2 27
157 404 1 3 12
160 34 6 1 4
160 81 8 1 6
160 144 2 3 19
160 452 1 3 7
161 40 7 2 24
161 326 1 5 137
161 376 7 1 7
161 524 10 2 24
161 717 6 1 4
162 290 9 1 4
162 517 5 1 7
163 227 8 1 4
163 361 10 5 1417
164 34 8 3 50
164 38 3 4 73
164 87 2 3 12
164 217 5 3 28
164 280 7 2 27
164 329 6 1 4
164 481 2 2 9
164 636 7 4 451
164 646 9 2 24
167 104 7 10 1322297168
167 289 5 4 374
167 384 5 1 7
167 456 10 1 4
167 712 7 4 229
168 52 4 1 4
168 67 5 2 15
168 68 10 1 4
168 480 4 4 407
169 25 7 1 6
171 144 4 5 1100
172 32 3 1 4
172 569 3 1 4
172 664 9 1 7
173 261 10 1 7
174 582 4 1 7
176 32 9 1 4
176 137 1 2 4
176 273 9 1 3
176 824 8 4 753
177 280 6 6 6811
177 560 6 1 4
177 744 6 4 435
178 100 6 4 276
178 144 3 1 4
179 429 5 2 18
180 19 3 1 4
180 152 8 1 9
180 973 3 3 29
181 97 9 1 7
181 331 4 2 9
181 964 5 1 4
182 300 7 1 4
182 672 9 1 10
182 728 9 1 4
184 141 8 3 58
184 161 2 2 4
184 664 10 2 34
185 42 7 1 4
188 4 5 1 4
188 199 1 3 11
192 52 10 1 7
192 72 8 4 203
192 392 8 3 108
192 536 9 2 46
192 904 5 1 5
192 999 3 5 1310
193 8 8 1 4
193 120 10 1 4
193 162 9 3 131
193 718 7 2 23
194 321 3 3 17
194 592 10 1 4
194 677 5 5 3165
196 81 5 7 51196
196 286 7 8 335164
196 377 9 6 13549
197 61 7 1 9
197 100 4 2 20
197 592 7 2 20
198 3 4 1 4
198 196 5 6 17216
198 812 2 4 92
200 924 4 3 29
201 98 3 5 617
201 140 3 1 4
202 11 10 5 3754
203 654 7 3 114
204 520 3 2 7
205 457 8 2 26
206 80 9 5 1236
206 530 7 1 4
208 14 8 3 84
208 88 1 8 169261
208 534 8 3 76
209 55 9 1 4
209 513 10 1 7
210 1 6 2 15
210 882 4 4 105
211 4 9 1 5
212 34 4 1 4
212 112 5 2 17
212 262 10 1 4
212 673 6 3 35
213 64 6 1 7
214 369 9 2 25
216 138 10 1 10
220 176 8 1 4
220 658 3 1 5
227 336 4 1 4
228 294 6 6 27236
230 9 4 1 4
231 261 2 7 41533
231 290 9 4 234
232 5 8 2 27
232 65 8 3 50
232 130 6 1 4
232 480 8 1 4
233 212 4 2 9
233 912 8 1 9
234 848 2 2 9
235 281 7 1 7
239 370 5 1 4
239 560 3 3 42
240 18 9 1 4
240 66 1 3 7
240 799 8 1 7
241 206 8 1 4
244 33 4 1 4
246 64 4 6 5460
248 0 1 2 4
248 902 8 1 4
256 1 1 3 19
256 4 10 1 11
256 97 2 2 4
256 160 1 9 728270
256 212 3 2 7
256 416 9 1 4
256 522 7 6 9129
256 764 10 3 55
256 804 1 6 3967
256 992 10 1 4
257 0 9 3 66
257 272 8 1 4
257 544 5 1 4
257 680 3 5 1713
257 920 2 1 3
258 24 4 1 4
258 34 4 4 106
258 36 5 1 4
258 265 7 1 7
258 810 9 2 20
259 165 5 1 4
259 226 8 2 41
259 268 4 3 63
259 327 5 5 2702
259 532 7 3 45
260 131 2 4 127
260 256 5 5 1909
260 545 2 3 24
260 678 9 2 20
260 978 3 4 84
261 67 6 1 4
261 72 5 2 10
261 356 9 1 4
261 995 2 6 9105
262 32 7 1 4
262 134 1 5 316
262 256 5 2 22
262 906 6 1 7
262 1013 5 1 4
264 1 4 3 24
264 296 6 3 39
264 320 9 5 1340
266 11 7 1 4
266 56 1 7 8337
266 336 3 2 7
266 504 6 2 12
268 34 2 2 4
268 177 6 3 80
268 192 8 2 15
268 512 3 1 4
269 640 3 3 22
270 532 9 4 443
270 642 6 1 4
272 225 3 3 35
272 259 9 1 7
273 581 8 1 10
273 809 10 2 27
274 334 2 2 4
275 4 6 4 338
275 116 6 7 36932
276 288 5 2 10
276 392 5 4 169
276 628 9 4 603
276 661 9 5 1815
277 128 9 4 247
279 901 3 1 4
280 36 1 2 4
280 674 6 3 71
281 101 4 6 9386
282 717 9 1 4
282 787 2 2 7
283 35 1 3 16
284 835 4 1 4
285 104 2 3 14
286 624 3 7 23128
287 448 7 1 12
287 802 10 1 12
288 132 2 2 7
288 224 3 6 3526
288 292 2 2 4
288 341 7 1 4
288 545 7 3 95
288 776 3 2 15
289 36 7 1 4
289 60 10 1 4
289 156 7 1 7
289 472 6 1 4
289 648 1 3 7
289 753 2 2 4
290 328 4 2 9
291 32 1 3 7
291 768 8 3 76
291 967 10 3 95
292 19 4 1 7
292 134 1 2 4
292 524 9 2 22
292 593 9 3 170
294 864 8 1 4
296 84 8 1 4
296 131 5 2 16
296 260 7 4 528
296 336 5 2 17
296 516 3 2 7
297 167 7 2 34
297 389 7 3 46
297 742 5 4 343
298 800 10 1 7
299 78 4 2 12
299 291 10 7 193532
301 274 3 6 9965
303 292 9 1 12
304 6 6 4 473
304 8 6 3 38
304 63 6 1 4
304 212 3 1 4
304 258 6 1 7
305 11 3 7 20397
305 163 7 1 4
306 550 2 2 7
307 514 4 6 9440
308 583 4 3 27
308 832 6 1 4
310 936 6 1 4
314 109 9 2 44
314 156 3 3 30
316 452 2 2 6
318 914 1 2 4
320 29 3 3 55
320 407 8 7 60628
320 468 6 1 3
320 641 3 3 32
320 720 8 4 178
321 4 3 4 120
321 262 9 1 10
321 337 3 5 353
321 1008 1 4 64
322 0 1 2 4
322 80 8 8 2387414
322 196 9 1 4
322 416 10 1 4
322 902 9 1 7
323 515 4 1 4
324 167 4 2 9
324 179 9 2 38
324 513 10 8 1401760
325 6 4 5 1574
325 74 5 2 16
325 614 6 3 57
325 720 10 3 68
326 11 10 2 33
326 32 9 3 69
329 836 9 2 29
330 204 9 3 146
331 512 7 1 10
332 643 7 1 9
334 265 5 7 45887
334 288 4 1 4
336 18 5 2 17
336 632 2 2 4
337 352 5 3 53
337 833 6 1 4
339 42 8 1 4
340 0 9 1 4
340 106 8 1 4
340 704 9 1 10
340 763 4 1 7
342 168 5 1 4
342 536 10 1 4
344 676 1 2 4
345 32 7 4 489
345 992 10 2 21
347 11 5 2 22
347 149 9 2 23
347 296 2 2 5
347 313 10 1 4
348 395 9 1 4
349 12 2 2 4
352 419 5 3 92
352 514 5 1 4
352 680 3 1 4
352 794 1 4 52
353 138 10 1 4
353 389 9 4 242
356 800 4 1 4
357 641 8 1 10
357 690 4 1 4
358 3 3 1 3
358 168 4 3 55
358 197 3 1 4
360 555 8 6 8587
360 732 10 7 53684
360 784 3 2 7
361 266 10 1 9
361 316 8 2 24
362 34 3 1 5
363 162 7 1 4
363 424 1 4 61
368 49 9 8 984886
368 738 10 2 48
375 77 7 3 54
379 333 9 1 5
381 531 6 1 7
382 562 4 1 7
384 5 1 3 12
384 312 3 1 4
384 423 5 1 4
384 457 7 1 4
384 481 6 3 122
384 531 8 1 12
384 597 2 5 849
384 692 1 4 34
385 2 5 2 9
385 75 4 1 4
385 213 1 6 737
386 275 2 2 4
386 846 3 2 9
387 147 6 5 1301
387 545 5 1 4
388 332 8 7 60253
390 566 1 5 644
392 336 4 2 14
392 674 7 1 12
393 461 10 5 1798
394 80 9 2 37
394 590 9 1 4
395 4 2 2 4
395 558 7 1 7
395 647 7 3 52
396 6 10 1 4
396 915 3 1 4
397 518 1 2 4
398 943 9 3 73
400 21 6 6 12257
401 16 9 5 4516
401 58 9 1 4
401 932 1 5 184
402 68 4 1 4
402 80 9 2 17
402 769 4 4 359
403 98 5 1 4
404 209 7 1 7
407 591 10 1 6
408 66 3 2 7
408 405 6 2 18
408 576 3 3 66
409 66 7 2 32
409 417 3 1 4
409 888 8 1 4
410 520 9 2 17
411 20 1 2 4
412 6 8 1 4
413 640 4 2 10
415 101 10 1 4
416 292 10 1 9
419 62 5 3 88
419 844 4 1 5
420 288 2 4 220
420 424 5 1 4
420 545 3 7 17406
422 736 9 3 64
423 651 3 2 7
425 161 7 1 6
425 776 1 2 4
426 644 2 2 4
427 580 9 7 179256
428 194 10 1 4
428 620 8 2 15
428 880 1 2 4
430 8 10 2 41
430 68 4 1 4
430 203 3 2 7
433 197 3 4 81
433 398 1 3 17
437 2 10 1 14
441 21 7 3 71
442 146 6 1 5
442 691 2 3 25
448 655 2 6 2201
452 48 6 6 18693
452 512 2 4 87
452 513 6 1 4
453 368 7 8 579669
454 634 6 1 10
455 640 4 4 119
456 105 9 3 76
456 376 9 3 101
456 774 6 1 7
457 906 10 3 113
458 101 1 3 7
460 462 1 3 10
461 901 10 1 5
462 516 6 1 5
463 916 2 2 4
464 265 1 2 4
465 531 5 2 10
465 761 4 1 4
465 902 6 1 7
467 211 8 1 9
467 300 8 1 4
469 425 6 4 220
472 801 9 1 7
473 6 6 3 78
473 600 6 2 19
473 800 2 2 4
480 665 6 2 25
480 731 10 4 324
480 928 1 8 166121
481 288 1 3 9
482 64 5 5 1562
488 269 5 3 70
488 334 3 3 30
489 64 10 1 4
496 433 9 2 43
504 267 9 1 4
505 332 4 1 4
506 706 5 1 4
512 1 3 1 4
512 36 9 6 11855
512 52 1 3 6
512 153 2 2 7
512 173 7 2 37
512 438 1 4 35
512 453 3 5 2046
512 514 6 1 4
512 522 8 1 4
512 685 9 3 61
512 936 3 1 4
513 42 5 1 7
513 47 4 4 222
513 65 7 1 4
513 100 10 1 17
513 112 10 4 730
513 304 4 1 4
513 315 9 3 135
513 640 6 1 4
513 644 2 2 4
514 4 2 7 29730
514 160 10 3 157
514 522 10 1 4
514 780 10 2 26
515 598 2 3 12
516 33 10 2 32
516 72 9 1 4
516 357 1 5 389
516 385 9 1 4
516 555 4 1 4
516 582 3 2 7
516 605 7 1 4
516 779 10 6 21568
516 785 3 5 512
517 0 8 3 55
517 3 6 1 4
517 8 1 6 4287
517 34 1 3 14
517 132 6 1 4
517 177 7 10 3919854755
517 233 6 1 4
517 534 7 1 5
517 672 9 1 15
517 676 5 1 4
517 768 9 1 4
518 41 7 1 10
519 517 10 1 6
519 967 5 3 54
520 9 4 4 366
520 328 1 2 4
520 436 5 1 4
520 785 2 2 4
520 812 10 5 1138
521 229 9 1 4
521 554 7 1 9
522 1 4 3 23
522 121 5 4 462
522 652 1 4 28
523 650 3 3 19
524 173 4 6 10574
524 520 3 2 6
525 134 2 2 4
525 820 8 1 4
526 776 8 1 5
527 713 7 4 225
528 10 10 1 9
528 36 4 1 4
528 144 9 1 4
528 156 9 1 10
528 171 1 2 4
528 406 3 1 4
528 512 8 5 2431
528 611 5 3 71
528 801 5 2 11
529 260 1 4 31
529 737 3 1 4
530 325 2 7 10329
530 522 3 5 540
532 11 5 3 50
532 134 10 2 30
532 292 1 3 7
532 550 7 4 234
533 5 7 1 5
533 787 8 1 7
534 425 2 2 7
534 786 5 1 7
534 928 7 3 109
536 902 4 3 23
537 99 4 1 4
537 138 1 3 11
537 478 4 2 14
538 74 9 1 4
538 820 1 3 12
540 481 10 1 10
544 21 2 5 364
544 24 8 1 4
544 151 3 6 3593
544 160 5 1 4
544 416 3 2 7
544 429 9 3 61
544 536 3 1 5
544 551 3 1 4
544 718 4 2 14
545 209 4 2 14
545 226 10 7 260213
545 520 4 2 11
545 914 4 1 4
546 2 9 2 22
546 263 4 1 4
546 612 3 1 4
546 758 3 3 20
546 900 8 3 81
547 427 6 1 7
547 577 7 1 4
548 169 3 2 10
548 512 7 4 343
549 647 10 1 5
550 36 8 5 2896
551 4 3 1 4
551 40 7 1 7
552 136 7 3 44
553 102 10 1 5
554 4 4 2 20
554 137 1 3 7
555 418 8 6 30324
556 409 5 1 4
557 15 10 1 7
557 557 6 1 9
559 557 4 5 1811
560 18 7 1 4
560 96 5 5 627
560 354 9 1 4
561 444 10 1 4
561 521 1 3 7
561 993 7 1 4
562 977 2 3 15
563 20 9 1 5
564 28 9 1 4
564 656 6 1 4
564 659 1 4 25
565 105 9 1 4
566 44 5 3 103
569 522 6 2 22
571 100 5 1 4
571 457 3 1 4
572 64 10 1 15
573 797 6 1 4
574 18 2 2 7
574 533 4 1 4
576 76 2 2 4
576 133 9 3 181
576 228 10 1 5
576 525 8 1 5
576 547 2 3 24
576 607 8 1 12
577 236 10 1 4
578 26 9 2 19
578 96 7 1 9
578 554 4 4 245
578 572 1 3 9
578 575 8 1 11
579 136 6 1 4
579 789 10 3 69
580 64 4 1 4
580 528 5 3 96
580 598 1 3 10
581 645 5 1 7
582 633 10 1 7
583 129 7 1 4
585 208 10 1 5
585 354 8 2 19
585 389 1 2 4
586 64 1 3 9
587 608 2 5 252
589 389 5 1 4
590 276 4 4 156
590 300 10 1 4
590 520 3 6 8574
592 585 7 2 17
595 557 7 1 4
596 33 2 7 19115
596 91 4 3 24
597 387 7 1 5
599 92 5 1 4
599 176 8 5 3136
600 115 4 1 4
600 573 8 1 12
600 575 6 2 12
601 335 8 1 4
601 431 6 1 5
602 480 1 2 4
604 913 3 5 426
605 80 4 7 29844
606 281 8 3 138
606 807 1 2 5
607 288 5 4 468
607 393 4 3 38
608 176 10 1 4
608 185 4 1 4
608 522 8 2 17
608 576 5 6 7896
608 648 10 1 9
609 28 1 2 4
609 210 10 1 5
609 225 1 3 19
609 768 1 2 4
610 24 5 2 19
611 125 4 1 4
614 936 7 1 4
616 81 1 5 483
616 450 1 2 4
616 806 10 5 2399
618 70 10 3 63
618 1004 10 4 534
619 76 9 1 14
619 140 5 1 4
619 231 4 4 251
621 293 10 1 11
623 1000 8 2 30
624 579 2 5 1113
625 5 8 1 4
625 261 1 2 4
626 104 10 1 4
626 114 1 3 10
626 528 8 1 7
626 608 2 7 66830
627 3 2 2 7
627 418 9 1 4
627 769 9 1 4
627 977 5 3 45
628 76 2 2 4
629 446 6 2 29
629 528 7 1 4
631 24 3 4 103
632 18 5 3 75
637 73 4 2 12
640 16 8 1 4
640 421 2 2 4
640 938 1 3 12
640 952 5 4 155
642 512 3 1 4
642 562 1 3 15
642 724 8 1 14
644 387 2 5 773
644 756 7 1 7
644 769 8 1 4
645 4 4 1 4
645 963 10 1 4
646 289 10 6 27363
648 76 3 4 266
648 210 7 2 35
648 369 4 3 39
648 694 8 1 4
648 769 4 4 425
649 48 8 2 32
650 108 3 6 2781
650 216 2 2 4
650 953 7 3 117
651 290 5 3 44
652 594 10 1 5
654 565 6 3 119
655 384 9 1 4
655 761 2 2 4
656 3 8 6 8178
656 370 9 4 496
656 833 7 1 4
657 79 6 6 7797
658 10 1 2 4
658 26 1 3 7
660 36 7 3 51
660 85 3 1 4
661 608 10 1 12
662 374 5 2 12
664 781 4 4 160
665 3 4 3 31
665 260 8 2 16
668 163 3 4 168
668 464 9 1 4
668 749 9 1 9
670 515 9 1 4
672 1 5 5 590
672 64 4 6 3923
672 514 2 2 7
672 717 6 1 4
673 104 3 1 4
674 288 1 3 7
675 257 6 3 89
675 470 2 2 7
677 121 2 4 193
677 641 5 3 40
679 556 10 1 4
680 20 5 1 4
680 39 2 2 4
680 450 1 2 4
680 540 2 2 7
681 6 3 1 4
681 33 7 3 53
682 156 5 1 4
686 593 8 1 7
689 80 4 1 4
690 110 9 5 1700
691 12 5 1 4
692 914 5 2 14
693 397 9 3 119
693 522 5 6 20106
694 6 7 4 725
694 931 5 2 19
697 710 1 4 100
700 18 7 3 42
700 229 9 1 15
700 864 5 1 4
704 292 6 1 4
704 370 8 1 4
704 673 8 3 50
705 596 8 4 507
705 854 6 4 183
706 17 7 1 4
706 161 9 3 57
708 108 2 4 91
709 325 1 5 154
709 354 6 1 9
709 843 3 1 4
710 2 7 4 343
712 283 5 7 56568
712 862 4 9 4947882
713 593 10 6 26835
716 98 6 2 24
716 339 7 6 6738
716 649 5 1 5
716 842 10 1 11
719 512 7 1 4
720 144 4 3 31
721 0 4 1 4
721 104 5 1 4
721 170 1 3 14
721 584 5 7 34604
722 100 7 1 4
722 258 8 1 4
722 393 5 3 30
722 464 6 2 18
723 142 7 2 25
724 20 7 1 12
725 44 2 7 34117
725 65 4 1 4
726 322 4 1 4
727 200 6 1 4
728 227 4 3 26
728 350 10 1 17
728 712 6 2 11
729 578 9 4 322
732 834 2 2 4
736 24 8 2 17
737 25 8 1 5
740 778 3 3 29
741 45 9 2 20
741 260 4 1 4
744 280 5 1 4
744 762 8 1 7
745 63 4 3 45
746 386 7 1 4
746 536 10 3 87
751 506 9 6 13023
752 786 5 1 4
754 32 7 6 9204
759 130 5 1 4
760 40 3 5 1596
760 220 3 1 4
768 68 10 1 4
768 226 7 1 7
768 326 6 1 4
768 502 10 1 4
768 608 7 1 4
768 738 2 2 7
768 926 7 1 4
769 277 4 3 54
769 640 4 1 4
769 773 6 3 113
770 67 6 1 7
770 663 6 1 6
771 128 10 1 12
772 0 5 2 10
772 130 1 7 9520
774 8 5 2 12
774 936 4 1 5
775 921 1 2 4
776 101 3 3 16
776 155 3 3 53
776 697 7 1 4
777 6 4 4 128
777 84 7 3 142
777 200 10 1 4
777 539 6 4 186
777 554 5 3 71
777 641 1 4 35
778 330 8 3 52
778 389 8 6 5583
780 16 3 1 4
780 552 8 2 16
780 707 2 2 4
781 222 7 1 9
781 496 10 4 723
782 226 5 2 9
784 514 9 1 4
784 549 10 7 50577
784 604 10 1 4
785 45 4 1 7
785 257 5 2 18
786 914 7 1 4
787 199 9 1 5
788 324 4 1 4
792 540 2 5 1184
792 594 3 1 4
793 498 10 1 14
793 628 7 1 4
795 661 4 4 352
798 776 2 2 4
799 433 10 1 4
800 9 8 1 6
800 45 7 8 2450368
800 97 2 3 12
801 34 3 3 44
802 660 10 1 14
803 512 3 3 52
804 433 8 3 171
804 779 9 1 5
805 387 3 3 66
806 43 2 2 7
806 232 4 4 206
806 326 3 2 10
806 480 10 1 4
808 302 6 1 10
808 526 9 1 4
808 777 8 1 7
808 945 6 5 2028
810 17 3 6 3625
814 161 4 3 68
814 264 7 1 4
814 523 1 3 14
814 905 3 3 16
816 18 7 3 129
816 24 8 7 133112
817 784 7 1 4
818 253 6 8 246380
821 236 8 1 4
822 211 8 1 7
824 609 8 6 19645
832 16 8 6 11395
832 21 2 7 36333
832 43 6 2 15
832 304 4 2 15
832 518 1 9 1619220
833 999 3 1 4
834 0 10 2 19
834 32 6 1 4
834 104 7 2 31
834 148 6 1 4
834 912 1 3 7
835 264 8 1 5
835 583 5 1 6
836 485 7 1 4
840 96 2 2 4
840 106 3 1 4
840 800 4 1 4
842 200 6 1 4
843 939 7 2 21
844 584 7 8 304626
845 561 5 8 1581793
845 624 7 2 17
848 313 10 2 24
848 391 3 1 4
849 792 6 1 4
849 1018 10 1 7
852 2 9 1 4
852 64 6 2 12
852 72 2 8 240620
852 824 8 2 17
854 681 9 1 5
856 866 4 4 182
862 130 4 4 144
864 23 2 2 5
864 786 9 3 69
867 998 3 5 511
868 332 6 1 4
870 6 6 2 15
870 68 5 1 4
872 50 3 2 10
880 611 10 1 4
882 42 7 3 60
882 591 3 1 4
882 778 2 2 5
885 601 2 2 6
896 868 2 2 10
897 39 10 1 4
897 115 4 1 4
897 523 8 1 4
897 1002 10 2 52
898 699 4 1 7
899 537 8 3 49
899 736 7 1 4
902 131 2 4 60
902 420 6 2 17
903 339 3 5 599
904 112 5 1 4
904 231 1 2 4
904 888 6 1 4
905 196 7 1 9
906 137 9 1 7
906 210 7 8 1670041
908 456 6 1 4
911 10 1 7 14822
912 2 4 1 4
912 129 4 1 4
914 669 2 2 9
916 777 1 2 4
917 912 10 1 4
921 272 2 2 4
922 8 2 2 4
924 33 6 1 5
928 516 4 2 9
928 518 3 2 12
929 257 2 3 43
929 316 6 1 4
930 547 7 1 10
930 720 7 5 1294
931 657 5 1 4
932 274 7 1 5
934 94 5 1 4
938 316 6 1 4
940 512 6 1 7
947 568 6 6 22792
951 818 8 1 7
952 37 2 2 4
953 905 6 5 3571
954 22 6 6 4958
956 846 5 4 198
958 844 10 1 5
960 358 9 1 7
961 291 8 8 2231583
961 472 2 7 46604
965 937 3 1 5
966 29 1 2 5
966 192 5 1 4
966 197 1 5 264
966 555 3 6 10300
968 51 9 1 4
968 352 7 6 6747
969 769 8 3 70
970 180 5 1 4
971 566 6 1 9
976 321 7 1 7
977 22 5 3 31
978 817 2 5 731
984 483 10 2 37
986 772 5 1 5
987 962 7 1 7
990 35 9 2 24
998 127 8 1 9
1000 260 2 2 4
1001 286 7 4 621
1002 652 10 4 223
1002 912 4 5 2328
1004 129 8 1 4
1011 36 1 3 10
1013 316 8 3 52
1018 358 3 6 6485
1020 371 10 1 7
1021 643 5 1 4
