731 0.020079357364921998 
721 0.020065708393535178 
882 0.020045234969954622 
143 0.020052059439947454 
1513 0.020045234969954622 
1851 0.020045234969954622 
1021 0.020045234969954622 
1871 0.020045234969954622 
1069 0.020045234969954622 
1774 0.020058883914491572 
1784 0.020072532877028145 
1102 0.020045234969954622 
164 0.020045234969954622 
365 0.020045234969954622 
1814 0.020045234969954622 
1152 0.020065708393535178 
1350 0.020058883914491572 
1897 0.0200930063537268 
518 0.020065710553763997 
1672 0.020045234969954622 
1497 0.020079357364921998 
1840 0.020079357364921998 
1086 0.020045234969954622 
1800 0.020045234969954622 
450 0.020045234969954622 
1718 0.020072532877028145 
1007 0.020052059439947454 
729 0.020058886089868253 
1819 0.020058883914491572 
567 0.02003841272637102 
699 0.020045234969954622 
1622 0.020045234969954622 
1313 0.020045234969954622 
323 0.020045234969954622 
780 0.020045234969954622 
1633 0.020045234969954622 
665 0.020058886089868253 
1032 0.020058883914491572 
1707 0.020045234969954622 
78 0.020045234969954622 
