0 4 6 1 4
0 9 5 1 4
0 47 5 2 12
0 112 9 1 4
0 150 10 3 73
0 215 9 1 4
0 259 8 1 7
0 274 1 2 4
0 321 8 4 197
0 415 10 3 158
0 618 7 4 562
0 674 10 1 4
0 679 7 2 21
0 704 5 1 4
1 7 6 1 4
1 30 7 1 4
1 82 4 2 15
1 292 5 7 45103
1 535 1 2 4
1 768 9 1 4
1 825 3 1 5
1 920 3 4 75
2 3 3 2 7
2 132 4 1 4
2 167 8 1 4
3 272 10 2 18
3 530 8 7 66830
3 592 6 1 4
3 652 6 1 9
4 808 3 3 23
5 216 1 2 4
6 268 8 7 47284
7 715 5 1 4
8 32 8 4 419
8 58 10 3 144
8 202 1 2 5
8 272 5 2 11
8 386 5 7 84490
8 642 1 2 4
8 735 10 2 43
8 850 2 4 123
8 902 10 1 14
9 39 2 2 4
9 416 8 2 20
9 526 2 4 104
9 823 2 2 4
10 13 4 2 14
10 40 1 2 4
10 523 2 4 56
10 680 2 3 28
10 778 7 5 1574
11 586 9 5 3596
12 24 9 1 7
12 269 10 1 4
15 485 5 1 7
15 659 7 4 290
16 9 1 4 104
16 198 10 1 8
16 806 1 2 4
17 48 8 1 4
17 129 10 1 4
17 258 8 1 4
18 215 5 1 4
18 290 4 2 10
19 24 8 2 18
20 69 9 4 502
20 323 7 1 4
20 786 6 1 4
21 116 7 6 9759
22 68 8 1 4
22 133 8 1 5
22 320 7 2 28
22 565 8 6 10925
23 328 7 7 79046
24 786 4 1 4
24 848 9 1 4
25 592 6 2 26
26 22 6 1 4
27 210 6 1 10
27 547 7 1 4
28 192 8 1 4
28 647 5 1 4
29 327 3 1 4
30 21 6 2 25
30 52 7 3 51
31 77 3 1 4
31 561 4 9 2517093
32 16 4 1 4
32 219 8 3 156
32 641 5 1 4
32 803 1 4 59
33 945 7 3 90
34 144 9 1 7
34 292 2 2 4
34 720 3 2 13
35 65 10 1 5
36 34 1 2 4
36 48 1 3 7
36 320 7 2 34
36 448 1 4 94
36 858 3 1 4
37 13 9 1 14
37 520 6 1 7
39 520 6 7 48607
40 9 9 1 4
40 65 2 2 4
40 256 3 1 4
40 645 7 3 48
40 761 8 7 102915
40 980 8 1 4
42 778 9 1 4
42 839 3 1 4
44 10 10 3 55
44 47 6 4 274
44 430 4 1 4
45 23 1 2 4
45 50 5 1 7
45 74 5 3 91
48 193 5 8 435756
48 198 2 2 4
48 789 5 4 132
49 4 2 2 6
54 718 6 5 717
56 472 3 2 14
57 448 1 2 4
58 113 1 3 22
58 470 7 3 39
59 58 8 1 5
59 453 10 3 65
60 5 4 1 7
60 948 8 1 4
61 648 6 1 6
62 521 4 1 4
64 26 3 1 4
64 41 7 1 7
64 192 9 1 4
64 194 10 3 114
64 197 1 6 1728
64 370 1 3 10
64 465 7 1 4
64 686 10 9 11329647
64 790 8 3 127
65 118 5 1 5
65 218 2 3 13
65 241 5 1 4
65 614 10 2 18
66 545 7 1 4
68 226 7 1 4
69 276 7 4 282
69 466 1 3 10
70 109 6 1 9
71 1 5 2 14
71 264 10 1 4
71 409 10 1 7
72 437 4 1 4
73 640 8 1 4
74 768 8 1 4
75 259 7 7 34540
76 133 4 1 5
76 855 7 3 49
77 450 10 1 4
78 919 9 1 4
80 0 1 3 7
80 82 6 2 27
81 852 3 2 7
84 64 5 1 4
84 490 7 1 4
87 515 9 5 2473
90 20 6 2 12
90 274 2 6 1535
91 154 10 4 376
95 20 7 1 4
96 103 8 1 4
96 148 3 5 435
96 276 8 1 4
96 304 1 2 4
96 321 4 1 4
97 144 2 2 6
97 473 2 2 7
98 352 4 1 4
98 401 8 1 5
98 671 8 1 4
100 128 1 5 119
100 294 3 2 7
101 70 5 9 9466827
104 26 3 3 22
104 48 5 5 1990
105 3 4 1 4
106 516 7 7 110639
106 652 8 1 4
107 3 5 4 117
108 514 9 5 2301
109 707 9 6 18136
112 84 7 4 724
112 165 10 1 4
112 776 2 6 2106
114 416 4 2 11
114 452 1 3 10
119 446 2 2 4
119 836 7 2 30
120 0 8 4 504
121 536 8 2 34
124 348 3 4 130
125 268 4 2 17
128 10 4 7 53197
129 0 2 4 72
129 707 2 3 32
130 528 8 1 4
130 540 5 6 3508
130 772 1 2 4
131 581 9 1 10
132 137 6 1 4
132 916 5 9 2903625
132 957 2 2 4
133 138 3 1 5
134 377 5 1 4
134 390 3 1 4
134 516 5 1 4
134 768 6 1 4
136 39 10 2 47
136 160 5 2 12
136 610 4 4 122
136 657 5 5 1708
136 684 8 1 5
137 148 6 1 4
138 415 9 1 4
139 426 8 1 4
140 72 10 2 28
140 135 5 1 5
140 464 5 1 4
143 642 9 1 4
144 418 8 4 212
144 433 9 1 4
145 1 2 2 4
145 2 7 2 13
145 216 6 3 48
145 513 5 1 4
145 576 2 8 140926
146 146 1 2 4
146 396 10 1 4
147 522 8 1 4
148 24 8 1 4
148 139 4 2 20
148 146 2 6 5687
148 278 10 2 30
148 464 3 1 4
148 912 1 3 12
150 141 4 5 1793
151 207 5 3 31
153 26 9 1 4
153 171 10 2 36
153 961 8 1 4
156 521 2 2 7
156 814 10 3 85
159 526 5 2 22
160 81 2 2 4
160 452 10 4 713
160 801 5 1 4
161 376 9 1 4
162 306 8 3 166
164 34 4 1 4
164 38 7 1 4
164 217 10 1 4
164 264 2 3 14
164 280 6 3 37
164 481 5 1 4
164 636 2 9 1494733
167 289 3 4 203
167 384 6 1 7
168 98 2 2 9
169 25 4 5 522
169 514 5 4 319
172 569 1 5 186
174 582 7 1 9
176 137 7 7 40639
176 916 2 6 6971
176 932 6 6 5580
177 560 10 1 4
177 744 8 1 4
178 144 7 1 9
178 580 8 1 4
180 19 7 1 4
180 973 1 4 28
181 964 7 2 19
184 141 10 1 16
185 5 4 4 262
187 800 1 6 729
192 43 6 1 4
192 72 1 2 4
192 388 5 1 4
192 713 7 1 5
192 898 2 2 4
193 120 10 1 4
193 422 4 1 4
193 775 10 1 4
194 677 5 2 10
196 286 10 1 4
196 377 2 2 4
197 611 9 4 346
198 812 5 1 6
200 577 2 2 4
200 924 2 3 38
201 140 3 1 5
203 654 8 1 4
204 6 6 3 54
204 520 2 2 4
206 80 6 1 4
206 530 9 1 4
209 55 4 1 7
209 513 3 5 1150
212 34 2 2 4
212 69 3 6 3645
212 112 10 1 7
212 262 3 1 5
212 285 2 4 69
214 585 3 2 6
216 792 6 1 4
218 86 10 1 4
225 257 3 1 4
225 948 7 2 19
228 32 5 3 87
230 9 1 4 33
231 290 1 3 11
232 65 7 1 7
232 130 9 1 4
233 912 5 4 407
233 973 10 2 28
235 645 6 1 4
238 620 9 1 4
240 914 1 4 72
241 245 9 1 4
244 356 8 2 39
248 0 9 4 255
248 290 7 1 4
250 46 2 7 26486
256 4 4 1 4
256 69 1 3 9
256 97 5 6 7708
256 522 6 1 9
256 764 4 1 4
256 992 6 1 4
257 156 7 1 4
258 24 6 1 4
258 34 7 3 111
258 138 10 1 4
260 522 2 3 17
260 678 8 1 4
260 978 8 2 25
261 8 7 1 11
261 356 2 2 4
261 672 9 6 32122
262 134 6 1 7
264 1 8 1 7
264 296 5 1 4
265 632 6 1 4
266 11 10 2 27
266 56 9 1 4
266 272 9 1 4
266 336 9 1 7
268 34 3 7 32339
268 192 2 2 5
268 524 5 1 4
269 444 10 1 7
269 640 2 3 28
270 532 2 4 208
270 642 6 1 4
272 41 4 1 4
272 162 10 1 4
272 208 6 2 29
272 225 8 1 8
272 234 2 2 4
272 280 3 1 5
272 684 1 4 59
273 693 3 1 4
273 809 1 5 127
275 116 2 7 43443
275 133 3 4 73
277 27 9 4 294
277 385 10 1 4
278 258 8 1 11
281 101 1 2 4
282 136 1 2 4
282 787 1 3 16
283 35 5 1 7
286 832 8 1 4
288 47 3 1 5
288 50 1 4 60
288 132 1 2 5
288 224 4 2 10
288 341 4 1 4
288 545 10 4 242
289 468 10 1 4
289 472 4 2 18
290 388 1 3 21
291 768 8 1 10
292 134 4 1 4
294 27 7 9 14112988
296 131 8 1 4
296 260 4 1 7
296 409 6 2 20
296 516 7 3 47
297 167 5 3 37
297 389 4 5 571
298 800 4 2 10
299 78 5 2 13
301 777 5 1 4
304 63 3 1 4
304 106 5 1 4
305 11 8 2 23
305 34 5 6 5488
305 576 4 1 4
308 583 8 1 4
309 77 3 1 4
309 774 5 2 21
310 936 5 1 7
314 109 5 4 118
314 376 5 1 4
315 739 5 6 11974
320 29 10 5 4773
320 407 6 7 61958
320 468 7 5 2868
320 641 9 1 4
321 4 9 3 48
321 337 10 1 4
322 80 8 2 40
322 196 7 1 4
322 272 4 1 7
322 899 3 4 74
322 902 6 1 5
323 515 2 5 331
324 106 1 2 4
324 167 8 2 21
324 513 5 1 5
324 530 9 1 4
325 145 1 2 4
325 720 6 1 4
326 11 6 2 28
326 116 10 1 4
326 280 5 3 62
330 204 9 2 46
331 512 3 1 4
332 456 2 2 4
332 643 5 1 7
335 391 9 1 7
336 100 4 1 4
336 576 7 8 727059
336 632 4 7 54078
337 352 8 4 232
338 160 6 6 12503
338 169 6 4 430
340 106 3 3 43
340 704 1 2 4
342 15 9 1 10
342 536 2 5 421
345 728 3 1 4
345 992 4 2 18
347 11 1 2 4
347 149 4 3 32
347 296 3 1 4
347 313 5 1 4
348 128 2 2 8
352 419 6 1 4
353 389 2 4 223
354 30 3 3 17
354 836 9 1 4
354 969 4 3 81
355 134 3 2 13
355 634 5 2 9
356 800 6 2 20
357 690 5 1 5
360 810 1 2 4
361 316 10 1 4
364 740 6 1 4
371 112 7 2 27
371 705 7 1 4
372 352 9 1 4
375 77 10 1 4
379 333 9 1 4
384 5 7 1 4
384 6 6 1 7
384 168 6 5 863
384 531 6 4 363
384 571 2 2 4
384 692 9 1 11
384 841 1 9 1465947
385 2 1 3 7
385 213 4 1 4
386 73 3 1 4
386 681 4 1 4
386 849 8 1 6
387 1016 9 1 4
388 332 4 3 56
392 553 4 4 126
396 536 1 3 12
396 777 2 3 17
396 915 6 7 34354
397 305 1 5 352
398 943 8 2 26
400 144 8 1 14
401 58 3 2 12
401 673 5 1 7
401 932 3 1 4
402 769 9 1 11
403 20 3 3 28
408 576 7 3 94
409 66 6 1 4
412 6 4 4 90
414 932 1 3 17
416 832 5 1 5
417 577 1 4 97
420 288 2 2 5
420 424 4 1 7
420 545 4 2 15
421 400 1 6 1170
423 384 8 1 4
424 481 2 2 4
425 161 3 2 6
427 580 9 1 4
428 32 2 5 1292
428 194 1 2 4
430 8 1 2 4
430 68 6 3 87
437 2 6 1 4
441 21 4 1 4
448 92 10 1 4
448 655 6 5 2249
452 136 4 1 4
454 9 2 2 10
454 634 10 1 4
456 367 4 1 4
458 743 2 2 4
460 197 4 1 4
463 916 7 3 94
464 265 9 1 7
467 211 10 4 943
470 713 8 1 4
472 256 1 2 4
472 801 2 2 6
473 6 3 4 79
473 600 8 1 4
473 800 1 2 4
483 276 2 2 4
485 134 9 5 1193
488 565 4 8 892877
496 978 3 2 7
506 706 5 1 4
512 65 7 1 4
512 96 1 2 4
512 153 9 7 61981
512 420 1 3 7
512 438 8 2 19
512 685 5 1 4
512 936 10 6 14578
513 42 5 4 269
513 112 8 1 12
513 315 6 1 4
513 340 4 2 19
514 4 6 7 37320
514 11 4 1 4
514 36 6 2 19
514 160 9 1 4
514 780 7 2 23
515 93 6 1 4
515 157 9 1 7
516 33 7 2 29
516 72 2 2 4
516 169 8 3 53
516 357 10 1 4
517 0 7 1 7
517 8 7 1 4
517 34 10 4 1128
517 177 2 4 73
517 233 4 9 1454238
517 281 8 3 81
519 944 6 2 12
521 81 1 5 408
521 546 3 7 34349
521 560 1 2 4
523 650 2 2 4
524 173 2 6 8979
524 520 6 1 10
525 134 4 1 7
525 820 5 1 4
526 776 7 1 11
528 10 1 3 7
528 36 9 1 4
528 344 4 4 93
528 580 9 9 10061579
529 16 2 2 8
529 423 1 7 6871
529 737 2 2 4
530 20 5 6 17554
530 278 5 9 15367032
530 696 1 2 4
532 134 1 3 7
532 550 3 1 4
533 787 8 3 96
534 6 2 2 4
534 425 3 1 4
534 786 8 3 63
536 412 8 8 2441386
536 902 1 4 53
537 138 2 2 4
538 74 3 1 4
538 84 6 1 4
541 793 4 1 4
544 6 10 1 4
544 416 6 1 4
544 536 5 2 11
544 542 10 1 4
544 551 10 1 4
546 2 10 1 4
546 4 3 1 5
546 650 10 4 728
547 577 6 1 9
548 141 2 3 15
549 146 5 1 5
550 649 8 1 14
550 800 10 1 4
551 4 10 1 4
552 656 8 5 1804
554 4 3 4 76
554 137 5 3 52
554 296 10 1 10
555 418 5 1 4
557 770 8 1 7
557 938 1 2 4
560 18 5 1 4
560 104 7 8 712124
561 10 6 3 46
564 28 9 1 4
565 105 2 2 7
571 457 5 2 9
572 36 7 1 4
572 370 9 1 5
573 797 1 3 6
573 886 1 2 4
574 696 3 7 66466
576 5 10 1 4
576 172 6 7 33426
576 371 8 1 4
576 525 3 1 4
577 72 7 4 185
577 236 3 2 11
577 997 9 2 35
578 96 8 1 9
578 136 7 2 24
578 554 7 4 269
579 621 4 3 55
579 789 1 2 4
580 507 1 3 19
580 598 8 1 8
582 633 8 5 5147
585 217 5 1 4
588 784 6 3 52
590 520 10 1 4
590 788 4 3 25
591 147 6 3 98
592 2 8 2 17
592 528 10 1 12
593 429 9 1 12
595 58 6 1 4
596 11 2 9 5180415
597 387 3 1 4
599 92 9 1 7
599 176 7 5 3153
600 68 10 1 4
600 575 9 1 4
604 913 5 2 10
605 80 2 3 18
606 807 6 1 4
607 288 2 2 4
607 393 6 4 279
609 210 7 1 7
609 768 1 2 4
610 24 2 3 22
616 450 9 5 3158
616 806 4 1 4
617 374 4 1 7
617 908 5 8 393644
618 70 3 3 40
624 579 2 2 10
625 5 6 5 1476
627 769 4 8 197615
629 446 4 3 29
629 528 6 1 10
632 18 8 3 113
637 73 7 1 4
640 16 10 5 1897
640 160 10 5 1557
640 421 3 1 4
640 659 6 2 11
640 952 9 4 429
641 192 9 1 4
642 562 4 1 4
644 387 8 3 75
644 660 4 3 81
645 4 3 1 4
645 548 10 1 11
646 388 2 2 7
648 210 3 2 9
648 301 4 1 5
648 369 1 3 7
648 512 3 1 4
649 4 1 2 5
649 48 6 5 3275
650 108 1 4 52
651 290 6 2 24
652 594 3 6 8350
655 384 3 1 4
656 3 8 6 7876
657 201 5 6 6070
658 10 5 1 4
662 374 2 4 224
665 260 1 2 4
668 464 4 3 30
673 104 6 1 4
674 259 9 1 4
675 257 8 1 4
681 6 1 2 5
682 14 8 1 4
682 156 7 1 6
686 426 6 1 4
693 397 6 9 2276727
694 6 10 1 4
695 517 4 1 4
696 885 1 2 4
700 18 5 1 6
701 941 1 4 47
704 292 4 3 24
704 514 8 2 42
704 673 10 1 4
705 854 7 1 5
706 17 8 4 216
709 354 4 3 56
709 644 4 1 4
712 35 7 1 4
712 862 1 2 4
713 837 8 1 11
716 98 5 1 4
716 339 1 4 62
716 649 8 1 7
719 512 8 8 828304
721 323 3 7 54961
722 100 1 2 4
722 104 9 3 108
722 393 3 1 4
725 44 5 7 102002
726 322 10 1 4
727 200 4 2 10
728 350 6 1 4
729 578 1 2 4
737 288 4 1 4
740 235 1 8 89903
740 778 8 1 4
741 45 6 4 264
746 386 8 1 4
752 494 3 2 7
752 786 6 1 7
760 257 9 1 4
763 668 3 6 3575
768 502 10 1 7
768 608 1 3 7
768 738 3 1 4
768 926 9 1 4
769 34 9 3 91
769 640 7 1 4
770 515 3 1 4
771 128 10 7 82080
771 793 4 1 4
771 800 4 2 8
772 32 5 1 4
774 8 7 1 4
774 936 7 3 144
776 101 10 2 41
776 586 2 4 112
776 697 8 1 4
777 6 10 2 41
777 84 6 5 1390
777 200 5 3 64
777 539 5 2 22
777 554 2 2 4
777 608 6 4 218
778 389 5 3 104
780 552 4 1 4
781 496 5 2 24
782 226 3 3 41
782 405 6 1 7
784 549 5 1 4
784 634 4 6 5319
786 142 9 2 21
786 576 5 4 269
787 199 2 2 4
792 540 9 5 1194
792 594 5 2 19
793 52 10 1 4
795 422 9 1 4
795 661 6 1 4
798 776 8 1 7
800 73 5 1 4
800 97 3 3 58
800 824 8 1 9
801 34 3 1 4
805 387 6 1 4
805 781 10 1 4
806 43 9 2 39
806 134 8 1 4
806 232 9 5 1451
806 480 8 1 4
808 945 1 6 2036
812 778 9 5 1560
814 523 2 2 6
816 24 3 3 34
817 784 9 9 3777423
818 253 1 2 4
824 392 10 1 4
828 592 7 1 12
830 356 10 6 18876
832 16 1 4 31
832 30 2 6 2325
833 147 8 1 4
834 104 9 1 4
836 485 9 4 301
838 785 4 1 4
840 545 3 2 7
840 800 5 1 4
841 32 3 1 4
842 132 4 1 7
843 939 2 2 4
848 188 10 1 4
848 899 4 4 133
850 308 9 6 10918
852 2 6 5 1570
852 72 9 5 2186
856 866 7 4 341
862 130 10 1 9
863 516 5 6 8254
867 998 9 1 4
872 50 5 1 5
874 360 6 1 4
878 258 7 3 134
880 611 1 2 4
895 603 10 1 10
897 115 9 1 7
898 699 7 1 4
900 4 6 1 4
900 313 9 1 14
902 420 5 2 14
903 339 1 2 4
904 112 3 5 362
904 231 6 2 27
904 888 5 1 6
904 929 6 1 4
905 248 3 1 4
906 194 9 3 141
906 210 1 2 4
911 5 6 1 4
912 2 3 2 7
912 85 1 2 4
912 388 6 1 4
914 776 1 3 6
917 912 3 3 31
918 0 6 3 75
921 272 5 5 830
921 320 1 2 4
928 516 4 1 4
928 518 6 6 5554
929 316 1 2 4
930 547 3 2 9
933 657 4 2 10
934 94 8 1 4
938 316 2 4 76
940 512 4 3 40
941 771 4 1 4
944 165 1 2 4
944 756 8 1 4
945 456 2 2 4
946 205 6 1 4
952 37 4 2 12
953 905 10 1 4
954 22 9 1 4
961 131 2 2 7
961 472 1 2 4
961 481 10 1 9
966 29 1 3 15
968 51 8 4 192
970 180 6 1 4
971 566 1 2 4
976 321 1 3 7
976 779 9 1 5
977 22 4 1 4
984 483 2 2 7
990 35 9 1 6
1002 652 7 4 225
1021 643 8 1 4
