1 503 6 1 5
2 115 6 1 4
2 217 7 1 8
3 218 8 1 4
3 430 1 3 16
9 451 4 1 4
10 223 2 2 9
10 462 1 3 7
11 30 10 1 4
11 297 8 1 4
11 438 4 1 4
14 265 8 1 8
15 160 9 1 8
17 83 3 2 7
17 316 3 5 542
18 90 7 1 4
19 180 8 1 4
20 139 7 3 66
20 283 7 1 4
22 451 10 1 4
23 418 8 2 16
27 342 3 4 224
27 378 9 7 52022
32 177 1 3 8
34 199 10 1 5
34 317 8 1 4
35 458 5 1 4
35 479 8 1 4
36 341 8 1 4
38 390 7 2 20
40 103 6 2 11
40 148 5 1 4
40 464 9 1 10
42 45 2 4 60
43 123 2 2 4
45 98 9 1 4
45 108 1 2 4
47 99 5 6 15631
49 66 8 2 29
50 169 10 1 4
50 177 3 1 5
52 181 8 1 4
54 464 7 1 4
56 234 10 1 4
58 249 8 1 7
59 276 7 3 128
62 444 7 1 4
63 335 8 1 4
64 179 8 1 4
64 501 7 1 8
65 386 6 1 4
65 409 2 2 4
66 185 8 2 20
68 132 5 1 4
68 221 9 1 4
68 432 9 1 4
68 474 5 1 4
69 72 1 6 704
69 462 3 1 5
71 228 6 1 4
78 209 5 2 11
78 267 4 7 22333
80 86 1 2 4
82 84 8 1 5
83 402 4 1 4
86 118 3 3 28
86 145 9 1 4
89 305 5 1 4
89 349 3 6 6597
90 402 1 4 53
91 280 6 1 4
95 486 4 2 10
97 319 7 1 4
97 351 1 6 2067
98 113 3 1 4
102 259 1 7 6027
103 277 10 1 5
104 166 2 2 7
104 327 10 1 7
105 496 8 1 4
106 249 6 1 5
107 335 6 1 4
107 350 6 5 1132
109 354 8 7 133994
109 367 8 1 5
109 437 10 1 7
111 198 10 3 173
111 273 5 7 53369
115 198 10 1 7
116 207 8 3 123
118 346 6 3 34
118 390 5 1 4
119 417 10 3 149
119 506 1 2 4
120 475 10 1 7
122 258 7 1 4
123 377 10 1 4
124 280 6 3 52
129 480 10 1 4
130 277 7 1 7
132 475 10 1 13
134 226 4 4 385
137 160 1 6 772
137 250 10 1 4
139 455 7 1 4
141 278 5 4 145
142 322 6 9 3706792
143 223 3 1 4
143 286 1 9 445543
146 215 10 1 7
146 362 4 2 14
147 402 3 2 13
147 467 3 4 150
148 162 10 1 8
148 238 3 2 7
149 304 1 2 5
153 200 7 2 13
153 409 8 2 16
154 273 10 1 4
155 418 9 3 167
159 353 1 2 4
162 273 7 4 749
165 323 3 3 25
165 484 5 10 2636963643
166 170 10 1 10
168 209 1 4 82
171 319 7 1 4
173 274 4 1 4
175 205 1 5 638
175 272 9 1 4
176 393 2 1 3
177 250 5 1 4
178 182 6 1 10
178 254 9 2 17
178 486 4 2 16
179 255 5 3 103
180 421 1 3 13
180 448 2 3 21
181 436 9 3 143
186 237 10 2 35
189 275 3 6 5505
191 352 1 2 5
191 368 8 1 4
198 279 3 4 305
198 353 5 4 358
201 238 1 3 7
202 442 9 1 4
204 245 6 1 4
209 274 8 1 4
214 511 4 1 4
215 393 3 5 1939
218 254 7 2 16
218 447 10 1 4
219 478 5 1 4
219 498 8 5 2383
221 351 1 2 4
223 491 2 2 10
227 397 1 3 7
229 452 7 2 13
231 349 7 1 5
231 378 9 1 8
233 366 9 1 4
242 285 6 1 10
246 254 10 5 1693
246 500 9 1 4
259 373 5 2 16
260 400 7 1 4
262 414 9 1 7
262 487 9 1 5
264 473 8 1 10
267 463 7 1 7
271 489 8 6 37983
272 404 7 1 4
275 280 6 5 2527
277 279 6 3 87
277 359 5 2 23
281 345 1 2 4
284 333 5 1 4
288 505 2 6 5818
289 366 5 1 4
295 463 9 1 4
295 478 6 6 8676
298 347 9 1 7
298 354 10 1 4
299 363 5 4 187
299 382 2 2 4
304 474 7 1 7
305 411 7 4 432
305 416 6 8 504862
308 450 3 1 4
309 400 6 5 898
311 432 2 2 7
313 463 10 1 4
315 435 6 1 7
317 318 7 3 100
322 354 8 1 10
325 422 9 1 4
326 446 4 1 7
336 444 7 3 112
341 435 3 3 29
349 431 2 2 7
354 363 7 1 4
355 464 2 1 3
357 467 1 2 4
358 420 5 3 65
358 447 7 1 10
362 493 10 1 7
368 482 4 1 4
370 419 8 1 7
383 387 1 4 40
385 425 4 3 43
385 498 1 2 4
386 394 9 2 46
388 472 9 1 4
389 500 2 2 4
396 468 4 1 4
410 473 1 2 4
412 455 6 1 7
414 461 5 1 4
427 505 7 1 10
429 432 4 2 14
432 455 4 7 20055
448 494 8 1 7
455 479 10 5 2855
485 501 10 3 112
507 509 4 1 4
