0 4 10 2 26
0 8 6 1 8
0 9 5 5 1116
0 17 9 1 4
0 18 7 1 11
0 29 3 2 11
0 47 4 3 33
0 112 1 5 298
0 135 1 6 1528
0 150 10 1 8
0 156 2 2 9
0 166 7 5 2473
0 256 8 1 14
0 265 6 2 15
0 321 9 1 4
0 352 2 5 914
0 415 9 1 9
0 552 9 3 53
0 618 9 4 967
0 646 1 2 4
0 674 5 2 11
0 679 3 8 532838
0 704 1 4 63
0 843 1 2 4
0 902 7 1 4
0 917 6 6 15785
0 936 10 3 132
1 7 3 2 8
1 15 7 7 100572
1 30 1 4 38
1 37 7 6 6004
1 70 1 5 145
1 82 1 3 7
1 135 8 3 65
1 228 5 2 11
1 357 8 1 4
1 481 10 3 55
1 565 6 2 15
1 644 6 3 39
1 768 6 2 11
1 920 8 5 2878
2 0 10 1 11
2 3 2 4 108
2 8 3 5 546
2 48 5 5 1775
2 132 2 2 4
2 167 2 4 192
2 260 4 1 4
2 267 5 1 6
2 523 3 6 9030
2 826 9 4 463
3 24 2 2 8
3 131 2 7 15243
3 277 2 9 1849835
3 530 10 7 71825
3 592 2 3 13
3 652 4 5 1258
3 817 1 3 6
4 0 9 1 9
4 4 3 2 7
4 15 7 3 50
4 24 8 1 4
4 50 1 8 211821
4 64 2 5 1221
4 368 8 4 270
4 517 6 5 911
4 576 3 1 4
4 683 10 2 41
4 808 3 3 30
5 18 5 1 6
5 216 5 1 4
5 584 2 6 2497
5 887 5 2 9
6 3 2 2 6
6 148 2 3 14
6 259 8 1 7
6 267 6 1 7
6 268 5 3 104
6 466 3 3 18
6 512 6 2 14
6 798 1 6 2099
6 1002 5 6 4963
7 81 10 3 137
7 110 6 4 213
7 715 3 2 7
8 1 5 4 167
8 2 5 2 13
8 19 7 2 13
8 32 6 2 23
8 42 3 9 7626599
8 58 4 1 7
8 202 1 3 13
8 272 8 2 15
8 273 9 1 4
8 386 2 4 57
8 393 1 2 4
8 486 4 1 7
8 552 7 2 20
8 642 6 5 1285
8 656 2 4 86
8 735 2 2 4
9 39 9 6 13338
9 43 5 1 4
9 274 1 4 98
9 416 8 1 7
9 526 2 3 35
9 823 1 6 1385
9 907 7 2 32
10 40 3 1 4
10 75 1 4 29
10 84 3 4 228
10 160 4 1 4
10 176 3 1 4
10 208 9 2 16
10 518 2 6 5262
10 523 4 4 91
10 584 5 4 524
10 599 6 4 518
10 680 8 1 14
11 204 3 3 23
11 586 7 5 2985
11 752 4 2 9
11 779 3 1 4
12 24 4 2 9
12 55 3 5 1762
12 65 7 1 4
12 116 1 4 100
12 128 8 2 18
12 269 6 9 6553943
12 366 7 3 149
12 781 7 4 311
13 192 7 1 7
13 224 5 4 242
13 320 9 2 16
13 780 10 2 42
14 127 10 3 206
14 152 7 5 2069
14 210 2 2 4
14 321 5 3 47
14 584 6 1 4
15 352 10 1 6
15 485 7 1 4
15 659 6 1 9
16 9 8 2 21
16 24 6 2 25
16 64 6 5 3613
16 132 3 1 4
16 148 2 6 1517
16 198 3 6 7065
16 806 4 6 17698
17 48 3 1 4
17 129 4 7 93499
17 258 1 3 11
18 51 1 3 8
18 215 4 8 218323
18 290 8 7 42203
18 641 7 2 32
19 24 6 1 4
19 657 7 2 26
19 709 9 1 4
20 1 4 2 18
20 28 8 1 13
20 36 6 1 7
20 176 2 3 30
20 194 4 5 2570
20 323 3 4 262
20 786 10 1 4
21 116 7 2 16
21 258 8 2 28
21 308 5 2 16
22 24 4 2 11
22 68 4 9 1561526
22 97 1 2 4
22 107 1 2 4
22 133 3 2 8
22 281 8 2 16
22 320 10 1 4
22 565 10 6 11679
23 328 5 5 1907
23 886 3 2 11
24 9 3 1 4
24 533 7 3 144
24 781 8 1 7
24 786 6 1 7
25 523 5 3 27
25 592 8 3 49
26 20 7 3 47
26 22 4 4 197
26 109 4 1 4
26 801 7 1 4
27 130 4 3 28
27 210 1 5 667
27 547 9 1 4
27 549 10 1 4
28 42 2 2 4
28 146 4 2 20
28 192 9 2 31
28 624 9 1 9
28 647 5 3 77
29 1 9 5 1984
29 5 10 1 7
29 327 1 2 4
29 532 7 3 88
29 809 9 4 567
30 129 8 7 88076
31 77 9 1 4
31 561 4 2 13
32 16 8 2 42
32 33 3 2 7
32 42 8 4 257
32 72 7 1 4
32 185 10 1 6
32 196 6 1 4
32 204 5 1 7
32 211 6 6 24217
32 219 7 1 6
32 276 8 2 22
32 388 1 4 38
32 414 7 1 8
32 612 4 6 5468
32 641 6 7 91813
32 721 7 1 4
32 759 10 6 27328
32 803 8 3 44
32 848 3 3 25
33 3 1 4 87
33 31 3 4 87
33 276 7 1 7
33 277 2 8 197712
33 320 5 5 2222
33 785 5 1 6
33 945 8 1 11
34 292 5 1 7
34 324 6 1 7
34 663 9 1 7
34 720 5 4 437
35 689 4 1 7
36 12 4 1 4
36 48 7 4 336
36 257 2 8 458726
36 288 10 1 4
36 448 9 1 4
36 555 3 2 14
36 705 5 1 4
36 858 2 3 11
37 2 8 2 18
37 13 4 4 192
37 364 10 5 4037
37 640 5 5 1167
37 673 6 1 4
38 1 5 2 19
38 180 7 2 21
38 204 6 2 11
38 544 2 8 98963
39 3 4 2 9
39 48 2 3 33
39 520 1 8 53451
39 982 2 5 583
40 9 4 2 11
40 20 10 2 23
40 39 8 1 7
40 65 1 5 117
40 256 3 5 1895
40 512 6 3 57
40 605 6 7 88550
40 645 9 3 50
40 756 8 1 4
40 840 8 1 14
40 980 10 3 183
41 263 4 1 4
41 276 9 2 40
41 321 8 8 890471
41 513 9 2 17
41 987 10 1 14
42 42 1 4 23
42 140 5 1 7
42 329 5 1 4
42 411 1 3 7
42 778 2 3 14
42 839 4 2 18
43 546 3 2 7
44 10 1 4 23
44 12 1 3 9
44 47 5 5 1418
44 430 7 4 448
44 524 9 1 7
44 794 7 3 57
45 23 1 2 4
45 50 3 2 15
45 74 9 9 11116959
45 266 9 1 6
45 615 5 2 18
45 808 2 2 7
45 844 10 4 564
46 57 6 4 218
48 67 7 3 82
48 168 2 3 13
48 176 9 1 11
48 193 2 4 90
48 198 7 4 310
48 226 4 3 28
48 646 6 5 3588
48 932 9 5 3808
49 17 2 2 6
49 313 3 3 28
49 516 5 2 9
50 9 1 5 125
51 70 1 4 40
51 377 8 2 41
52 46 10 5 4354
52 188 1 3 16
52 256 3 6 8720
52 285 4 4 129
52 899 9 1 9
53 146 10 5 1293
54 718 1 4 28
55 278 6 8 547539
56 89 7 1 6
56 267 1 4 29
56 472 2 7 11203
56 544 4 6 11989
56 560 7 1 4
57 5 10 4 659
57 33 1 6 1183
57 128 10 2 28
57 448 6 2 20
58 470 5 1 4
59 58 6 1 8
59 292 1 6 1901
59 453 3 6 2253
59 583 9 1 6
60 3 10 1 11
60 5 10 6 38822
60 33 3 1 4
60 112 4 1 4
60 948 10 1 7
62 521 4 2 15
62 612 2 4 56
64 1 10 1 4
64 26 7 5 1865
64 41 9 2 18
64 192 10 1 11
64 194 9 2 28
64 203 2 2 4
64 272 4 3 68
64 481 1 3 16
64 514 4 1 4
64 686 1 8 139338
64 756 4 4 89
64 771 5 1 4
64 780 6 2 11
64 790 2 5 570
65 25 3 3 18
65 61 4 3 28
65 104 2 3 29
65 118 9 1 4
65 241 9 2 23
65 274 9 4 207
65 421 7 3 81
65 515 10 1 11
65 614 2 3 24
66 140 4 8 971311
66 545 8 4 520
67 2 3 3 20
67 16 1 5 206
67 20 5 6 12824
67 37 6 1 7
67 73 5 5 1493
67 482 10 2 25
67 840 5 1 4
68 153 10 1 9
68 226 8 5 919
69 138 2 7 74137
69 466 5 4 225
69 529 8 4 202
69 572 6 1 4
69 768 10 3 134
70 109 10 1 4
70 212 2 5 277
70 431 10 1 16
70 642 2 3 11
70 646 2 4 153
70 648 1 7 6589
70 672 4 5 517
71 1 1 2 4
71 409 8 3 118
71 700 2 3 11
72 8 1 3 18
72 37 9 1 7
72 280 10 4 541
72 437 4 2 13
72 533 1 3 9
72 961 3 7 61628
73 39 8 1 4
73 870 7 1 4
74 548 6 1 4
74 600 2 2 4
75 259 8 2 33
75 576 9 7 146678
76 76 8 7 185371
76 84 9 5 2525
76 133 9 3 183
76 262 4 1 6
76 586 6 1 4
77 256 5 2 18
77 267 3 2 6
77 450 10 1 4
78 288 6 3 95
78 784 1 2 4
78 919 9 4 455
79 386 9 5 2250
80 0 8 5 970
80 51 3 1 3
80 82 6 1 7
80 132 2 2 4
80 211 10 2 23
80 528 8 4 538
80 677 5 1 7
80 920 1 2 4
81 807 9 1 11
81 852 10 2 39
82 280 5 1 4
82 283 8 2 21
83 115 9 1 7
83 124 5 3 50
83 304 3 6 8910
83 617 7 4 405
83 784 1 9 1667180
84 64 7 3 60
84 216 5 2 11
85 65 7 3 58
86 234 3 2 14
86 524 3 3 50
87 353 9 1 12
87 462 5 5 646
87 512 6 1 4
87 515 8 8 614692
88 330 6 2 14
89 2 1 5 309
89 4 2 2 4
89 76 6 1 4
90 274 8 3 91
90 843 1 6 877
90 988 7 2 18
91 154 4 3 27
91 652 7 1 11
91 951 1 3 11
92 38 3 2 13
92 91 1 5 283
93 49 10 2 37
93 134 7 3 136
93 669 5 3 36
94 954 1 2 4
95 20 2 6 2257
96 32 6 2 18
96 80 3 4 215
96 103 7 1 4
96 148 6 7 35732
96 220 3 3 30
96 276 9 4 459
96 304 5 3 81
96 321 9 10 103079786
96 356 7 1 4
96 547 8 1 6
96 776 7 1 9
96 820 6 1 4
97 48 1 3 8
97 130 1 3 9
97 144 1 3 18
97 195 3 2 9
97 286 9 1 4
97 473 9 2 44
97 525 2 5 599
98 14 3 2 8
98 352 5 4 431
98 401 9 1 7
98 671 9 1 13
98 928 2 4 129
99 117 10 4 861
99 249 10 2 38
100 128 3 1 4
100 294 10 5 4755
100 752 9 2 32
100 768 3 1 4
101 70 4 1 4
101 124 3 4 149
101 161 7 2 25
101 169 7 5 1560
101 392 7 3 58
101 599 6 3 40
102 6 6 3 67
102 78 2 3 17
102 166 7 2 28
102 264 3 3 23
103 704 5 1 4
104 26 8 6 10331
104 28 7 4 545
104 48 7 2 15
104 64 5 2 20
104 132 9 5 3290
105 3 1 5 186
105 296 8 1 4
105 779 10 5 5790
106 652 6 3 39
108 825 3 2 7
109 707 6 1 9
111 12 5 2 9
112 0 1 3 7
112 1 5 1 4
112 3 9 3 62
112 28 9 1 4
112 84 6 1 8
112 107 1 2 4
112 165 10 1 16
112 776 9 2 16
114 416 5 3 37
114 452 9 8 393560
114 497 4 6 18876
114 872 5 7 180632
116 33 4 6 17995
117 803 5 3 28
118 565 5 1 4
119 446 3 6 2110
119 836 3 2 7
120 76 5 6 8764
121 536 1 3 8
122 185 8 6 12988
122 294 7 2 24
123 600 10 1 14
124 304 8 1 4
125 268 10 2 22
128 10 4 4 189
128 58 1 3 8
128 208 2 2 8
128 320 4 7 44941
128 362 2 3 14
128 433 1 3 16
128 628 8 3 103
128 770 3 5 597
128 806 7 1 7
129 0 3 5 1945
129 10 8 1 4
129 37 5 5 865
129 88 1 2 4
129 163 5 6 3841
129 584 4 3 69
129 707 2 3 14
130 78 2 7 31164
130 272 2 2 8
130 273 7 1 4
130 368 4 1 4
130 520 2 2 6
130 528 3 1 4
130 532 9 4 389
130 540 5 2 25
130 675 6 1 4
130 772 6 1 4
131 581 5 10 41225937
132 6 1 2 4
132 17 1 2 4
132 94 4 9 5168571
132 137 3 1 4
132 372 9 2 16
132 516 7 1 9
132 713 6 3 125
132 916 6 3 37
132 957 7 6 28787
133 23 2 8 314801
133 138 10 1 12
133 614 9 1 6
134 67 9 1 4
134 208 7 1 4
134 224 10 1 4
134 377 1 3 11
134 390 7 2 33
134 516 6 3 40
134 768 2 5 329
135 258 7 1 7
136 21 1 4 24
136 39 10 3 174
136 81 4 4 93
136 160 2 3 42
136 482 8 2 18
136 657 3 2 9
136 684 10 1 15
136 831 2 2 8
137 148 4 3 31
137 259 5 2 13
137 325 8 1 8
137 678 5 3 71
137 778 6 2 13
138 266 4 1 4
138 415 5 2 11
138 590 5 5 1683
138 902 2 2 4
139 87 8 4 304
139 426 3 1 4
139 865 3 3 16
140 72 6 1 4
140 135 3 1 4
140 143 8 3 72
140 464 4 2 9
140 724 1 5 347
140 776 4 1 4
141 2 10 3 79
141 954 4 1 7
142 641 7 2 14
143 116 5 4 415
143 144 7 6 5339
143 187 1 3 10
143 286 10 3 109
143 642 9 1 4
144 18 7 6 5222
144 248 1 3 11
144 257 2 5 347
144 418 3 2 7
144 433 10 1 6
144 800 7 1 4
145 1 6 2 11
145 2 9 5 3799
145 67 4 4 127
145 184 9 1 14
145 273 3 2 11
145 392 6 1 7
145 513 6 10 88059300
145 576 5 6 4259
146 69 5 2 18
146 396 9 2 27
146 910 2 2 6
147 513 4 7 54234
147 522 8 4 662
148 24 6 1 4
148 130 7 1 7
148 139 7 4 522
148 146 5 2 13
148 278 4 1 7
148 464 4 2 13
148 515 2 2 4
148 912 10 1 4
149 20 10 8 3083166
149 633 10 3 63
149 649 3 4 251
150 141 9 1 4
150 160 10 2 46
151 102 1 5 145
151 207 5 1 4
153 26 4 2 20
153 151 7 1 4
153 171 10 2 30
153 592 3 4 148
153 598 2 2 4
153 833 7 1 4
153 961 5 1 4
156 54 6 5 1117
156 133 10 3 129
156 521 10 5 3211
156 814 5 1 7
157 404 4 3 24
158 104 10 3 154
159 526 3 1 4
160 34 7 3 115
160 81 3 5 689
160 144 2 2 7
160 644 8 1 7
160 801 8 5 1516
161 21 4 2 13
161 40 9 8 1894703
161 326 5 1 4
161 576 1 5 130
161 898 7 1 4
162 160 3 3 17
163 227 4 4 230
163 361 5 7 68758
163 601 9 1 4
164 34 8 1 4
164 38 5 2 18
164 87 6 1 4
164 217 10 1 13
164 264 4 4 201
164 280 7 1 12
164 329 10 1 4
164 481 7 1 4
164 636 2 2 4
165 397 9 1 13
166 686 8 4 200
167 104 2 4 112
167 289 2 4 60
167 384 5 5 1911
167 456 1 2 4
167 712 1 2 4
168 67 8 2 18
168 98 10 1 6
168 480 2 3 33
169 514 7 1 7
171 144 9 5 1308
171 810 9 5 3231
172 8 4 1 4
172 32 4 1 4
172 569 2 3 18
172 664 10 3 67
173 261 8 1 4
174 493 10 2 37
174 582 3 2 11
176 32 4 3 86
176 270 10 1 13
176 273 2 3 18
176 824 5 1 4
176 864 7 1 12
176 916 8 1 9
176 932 6 1 9
177 128 1 2 4
177 280 9 1 7
177 560 5 2 13
177 611 2 3 41
177 744 3 4 76
178 100 6 3 89
178 144 2 3 42
178 580 9 2 20
178 797 5 6 8793
179 429 7 1 4
180 152 10 1 7
180 600 7 5 1432
180 973 5 3 85
181 97 4 5 657
181 331 3 5 1285
181 768 3 1 4
181 964 4 8 188204
182 300 4 2 13
182 672 1 4 36
182 728 8 1 8
184 141 4 1 7
185 5 8 3 113
185 391 1 3 16
186 582 1 4 63
188 4 2 9 1631502
188 199 9 1 12
192 52 7 3 81
192 72 7 1 7
192 177 7 2 16
192 388 5 1 4
192 524 4 3 29
192 536 1 4 33
192 713 1 8 62951
192 898 8 6 5948
192 904 3 1 4
192 999 4 4 112
193 8 9 2 43
193 28 1 4 45
193 375 2 2 4
193 422 1 9 539726
193 718 3 4 233
193 775 5 6 12948
194 321 6 1 4
194 592 7 1 8
194 677 6 4 378
196 81 3 5 347
196 377 7 7 74532
197 61 7 4 579
197 100 1 4 68
197 592 10 1 4
197 611 7 3 58
198 3 2 3 11
198 196 4 2 8
200 146 4 5 1060
200 445 1 5 177
200 577 10 2 29
200 924 7 3 50
201 39 9 6 8981
201 98 9 2 16
201 140 6 1 6
202 11 9 1 4
203 654 6 2 30
204 6 6 2 18
204 520 10 1 8
206 80 9 1 11
206 530 2 2 4
208 12 6 1 4
208 88 1 6 1192
208 534 8 1 4
209 55 5 2 11
209 513 9 2 22
209 564 4 1 4
211 4 6 2 14
212 34 3 2 14
212 69 9 1 8
212 112 4 3 23
212 673 8 1 4
213 64 7 4 445
214 369 2 3 30
214 585 5 1 4
216 66 9 3 88
216 792 3 2 14
217 923 6 1 7
218 86 1 7 20807
219 389 2 3 42
220 176 10 1 13
222 532 4 1 4
222 852 5 2 23
225 257 8 3 141
225 948 9 7 50937
226 35 6 9 12637027
227 336 6 1 8
227 592 1 3 13
227 838 3 4 90
228 32 1 3 7
228 294 5 1 7
230 9 10 3 78
231 290 6 2 27
232 5 9 3 61
232 65 7 2 33
232 80 4 4 170
232 130 4 6 12757
232 480 4 2 9
233 912 7 2 34
233 973 3 5 879
234 848 1 4 110
235 281 3 1 4
237 91 9 2 28
238 620 8 2 42
238 642 6 7 31178
239 370 1 2 4
239 560 3 3 57
240 66 2 3 11
240 799 2 2 8
240 914 10 6 12166
241 206 5 3 27
241 245 2 4 61
242 156 8 2 36
244 33 7 3 135
244 932 1 3 7
245 705 10 4 608
246 64 9 1 4
247 626 10 1 11
248 0 1 4 24
248 290 10 1 16
248 557 1 3 12
248 902 6 3 38
250 46 10 4 225
253 636 8 1 8
256 1 3 2 11
256 4 7 1 4
256 5 4 3 51
256 68 4 6 16018
256 69 4 3 25
256 97 1 3 8
256 212 4 2 9
256 243 4 9 2036168
256 262 8 2 28
256 312 8 1 11
256 344 7 6 23947
256 416 10 2 34
256 512 5 1 8
256 522 10 5 5874
256 616 7 3 145
256 705 7 2 31
256 772 8 1 4
256 804 8 2 32
256 904 10 6 25396
256 992 1 4 24
257 0 10 1 6
257 268 10 3 82
257 272 2 5 840
257 544 9 3 72
257 680 2 4 60
257 806 7 1 11
257 912 2 3 15
257 920 6 1 8
257 945 3 1 4
258 24 2 7 14101
258 34 6 2 21
258 36 9 1 11
258 138 3 2 8
258 265 10 2 39
258 673 8 7 105524
258 880 2 2 4
259 7 5 1 4
259 100 4 1 4
259 165 1 2 4
259 226 5 5 860
259 268 6 2 21
259 327 4 8 1360532
259 532 9 2 45
260 131 5 5 2128
260 256 4 3 71
260 295 6 4 220
260 522 4 1 6
260 545 1 3 11
260 678 10 1 11
261 8 4 4 187
261 67 8 1 4
261 72 1 3 7
261 356 5 4 285
261 995 10 2 39
262 32 10 1 6
262 193 10 2 32
262 906 3 4 211
262 1013 8 4 667
264 1 7 2 25
264 296 8 2 16
264 320 6 2 13
266 11 7 2 32
266 56 4 6 9380
266 242 5 3 57
266 272 10 1 4
266 326 8 5 1229
266 336 4 7 20078
266 504 9 1 6
267 523 10 2 29
267 581 5 1 4
268 34 3 7 33985
268 177 6 3 89
268 192 6 5 1487
268 512 9 1 4
268 524 8 9 3039200
268 577 9 1 7
269 444 10 1 8
269 640 3 5 384
270 73 10 1 4
270 532 2 4 134
270 642 7 1 4
272 162 7 2 16
272 208 2 2 4
272 225 7 9 5060984
272 259 7 3 47
272 554 6 1 6
272 640 2 5 759
272 684 4 1 4
272 899 3 2 9
273 47 2 3 11
273 581 6 5 1148
273 693 6 2 20
273 809 5 3 40
274 334 2 5 279
275 4 5 3 44
275 116 8 3 125
275 133 7 1 4
275 401 6 2 16
275 485 8 1 4
276 288 7 2 13
276 392 5 2 9
276 394 5 1 4
276 538 6 2 15
276 628 2 6 9348
277 8 7 5 4673
277 128 8 7 212651
278 258 4 7 41551
279 901 8 5 4229
280 36 1 4 30
280 82 1 2 4
280 600 8 4 610
280 674 8 4 209
281 101 2 3 29
282 576 3 2 7
282 717 2 6 1628
282 787 8 3 74
283 35 2 2 7
284 835 6 3 94
285 104 3 3 28
286 12 2 2 7
286 624 7 1 8
286 832 4 2 21
287 448 10 2 25
288 47 5 1 4
288 50 7 2 14
288 132 2 4 64
288 224 3 1 4
288 292 7 6 10042
288 341 9 7 61864
289 60 9 6 31343
289 345 7 1 4
289 472 3 3 16
289 648 1 3 7
289 753 1 2 4
289 788 1 3 12
290 0 2 6 3881
290 328 1 4 31
290 388 6 2 19
291 32 7 2 22
291 610 5 1 7
291 768 10 3 59
291 967 6 3 46
292 7 10 3 122
292 19 6 2 11
292 134 2 4 167
292 524 4 5 1708
292 593 7 4 187
293 256 6 1 7
294 27 8 1 4
294 742 8 1 11
294 864 5 4 281
296 84 8 1 7
296 131 4 4 120
296 231 6 2 13
296 260 7 1 9
296 288 7 1 6
296 336 7 1 4
296 409 6 5 799
296 516 5 6 4517
297 325 6 1 9
297 389 9 2 28
297 544 4 3 26
297 742 10 1 11
298 75 9 5 5679
298 800 4 2 17
299 78 7 1 7
299 291 8 1 7
300 140 4 4 205
301 274 6 1 8
301 777 3 3 52
303 292 2 7 11943
304 6 5 1 4
304 8 10 2 40
304 63 2 3 11
304 106 1 3 13
304 212 8 1 8
304 258 9 1 12
304 292 9 2 19
305 11 5 1 4
305 34 7 3 82
305 576 5 5 701
306 36 1 3 6
306 550 6 1 7
306 918 8 3 61
308 640 9 1 7
308 692 6 3 85
308 832 1 4 60
309 77 2 9 2304387
309 774 10 1 7
310 44 4 7 62427
310 936 8 1 7
312 514 4 5 1430
314 109 7 5 2025
314 156 7 2 15
314 376 2 4 69
314 518 5 1 4
315 739 3 4 149
320 29 2 2 4
320 315 4 2 16
320 407 5 1 4
320 428 3 1 4
320 468 2 3 34
320 641 3 6 8053
320 720 3 1 4
321 4 5 4 542
321 262 6 3 56
321 768 3 3 28
321 834 8 1 11
321 1008 8 8 2096956
322 0 9 1 7
322 80 4 1 4
322 196 8 5 916
322 272 10 7 111151
322 416 8 2 25
322 902 7 4 169
323 360 8 2 16
324 16 10 2 18
324 106 8 2 29
324 167 7 1 4
324 179 7 5 2589
324 200 8 1 4
324 530 5 2 22
325 6 6 5 1702
325 74 7 1 4
325 145 5 2 13
325 614 1 6 1014
325 720 8 1 4
326 11 6 2 11
326 16 10 1 6
326 32 9 2 16
327 698 7 5 1833
328 45 6 1 8
328 853 1 3 7
329 35 3 2 6
329 836 9 1 4
330 8 10 2 28
330 204 2 3 27
331 512 8 2 16
332 456 1 7 8569
332 643 1 8 46162
334 265 4 1 4
334 288 1 5 183
335 83 6 3 72
335 391 5 3 57
336 18 8 1 4
336 576 6 3 44
336 632 3 3 16
337 352 3 6 8934
337 833 4 2 20
338 33 1 8 334103
338 160 9 6 13535
338 169 2 5 530
339 42 5 1 7
340 0 8 1 9
340 106 6 3 59
340 704 4 2 8
340 763 2 3 11
341 576 1 4 34
342 15 7 3 93
342 168 10 1 4
342 536 2 3 14
343 475 1 5 316
344 188 8 3 138
344 676 5 2 20
345 32 5 5 877
345 728 6 2 14
346 11 7 1 4
347 11 2 6 3809
347 296 3 1 4
347 313 2 2 4
348 395 4 6 4055
349 12 4 4 207
352 409 3 1 4
352 419 10 5 1875
352 514 9 1 8
352 680 10 2 30
352 794 7 3 99
353 389 10 2 22
353 684 1 5 311
354 25 7 8 1089153
354 30 4 2 14
354 288 7 1 4
354 969 10 1 11
355 134 8 3 91
355 634 10 1 6
356 800 2 2 4
357 433 2 2 9
357 641 2 2 9
358 3 1 2 4
358 168 2 3 18
358 197 5 1 4
360 514 9 3 69
360 555 8 2 21
360 732 6 2 11
360 784 3 3 36
360 810 4 2 8
361 316 2 3 11
362 34 8 1 4
363 424 6 3 85
364 740 3 3 18
366 657 7 4 222
368 738 4 2 18
368 925 2 3 18
371 112 9 1 7
371 705 2 2 9
371 772 3 3 61
375 77 5 4 182
376 193 7 1 6
381 531 7 2 16
382 562 9 1 6
384 6 2 4 216
384 156 1 4 86
384 168 4 4 89
384 312 8 1 11
384 332 8 1 4
384 423 10 2 19
384 457 6 1 6
384 481 9 2 34
384 531 8 2 15
384 571 10 1 4
384 597 10 1 4
384 692 7 1 11
384 841 9 7 264132
384 962 10 1 6
385 213 7 5 920
385 214 3 7 66623
385 513 6 7 39230
385 563 10 5 4066
386 64 1 7 8712
386 73 8 3 47
386 160 3 5 823
386 206 9 1 7
386 275 6 2 12
386 681 8 2 32
386 846 1 3 11
386 849 4 2 19
386 912 1 2 4
387 297 2 2 6
387 1016 10 4 460
388 332 10 6 8964
389 596 10 1 7
391 8 2 3 18
391 461 8 5 1099
391 800 9 6 6569
392 553 2 2 4
392 674 5 3 59
393 577 8 7 139184
394 80 3 3 65
394 211 8 1 13
394 590 4 1 4
395 558 5 3 32
395 647 2 2 7
396 6 8 1 4
396 536 6 2 13
396 546 3 1 4
396 777 6 2 18
396 915 8 3 44
396 960 8 1 4
397 132 3 6 3612
397 305 3 2 13
397 518 5 6 5503
398 943 2 3 41
399 9 7 1 9
400 10 9 1 14
400 21 7 2 14
400 144 1 4 112
400 712 4 5 738
401 58 8 2 38
401 277 9 6 26531
401 284 9 4 302
401 932 8 7 283975
402 68 9 2 24
402 80 6 3 48
402 769 1 2 4
403 20 6 2 11
403 98 2 3 15
404 209 7 4 209
406 677 6 7 187264
406 928 4 2 9
407 591 3 2 6
408 66 2 5 250
408 405 10 4 322
408 576 5 4 165
409 66 10 2 18
409 417 6 4 348
409 888 4 5 651
411 20 1 5 373
412 6 2 4 97
413 640 6 5 3269
414 932 4 7 27587
416 279 4 1 4
416 292 9 1 13
416 832 1 8 43622
417 577 4 1 4
418 16 2 2 4
419 62 6 1 4
419 844 6 1 4
420 32 5 1 4
420 114 4 5 2243
420 288 7 1 5
420 424 8 2 32
422 736 8 3 66
423 384 10 9 14549280
423 651 10 2 44
424 481 7 4 484
425 261 10 3 159
425 776 10 1 7
426 644 3 5 1027
427 580 6 7 196282
428 194 10 1 15
428 620 6 1 7
428 880 8 4 815
430 8 4 3 85
430 68 8 1 11
430 203 9 1 13
433 24 5 1 7
433 197 5 2 11
433 398 5 3 27
434 734 6 1 7
436 597 2 2 8
436 641 1 2 4
437 2 5 1 4
441 21 8 1 7
442 146 10 2 21
442 691 6 3 39
444 801 9 1 15
448 92 10 3 74
448 513 3 3 30
448 655 6 2 26
449 321 1 2 4
450 450 10 4 648
452 48 2 10 41308569
452 136 4 3 48
452 205 6 1 4
452 488 6 3 44
452 512 3 2 15
452 513 10 5 1262
454 9 5 1 4
454 634 4 2 14
454 782 2 3 25
455 640 10 2 28
456 105 4 1 4
456 367 7 2 13
456 376 4 6 10369
457 906 7 1 4
458 101 3 6 2769
458 743 4 2 19
460 197 2 6 1959
460 462 10 3 109
460 566 7 1 4
461 625 2 3 23
461 901 5 2 25
462 516 7 5 1117
463 916 10 3 144
464 265 1 2 4
464 928 5 1 8
465 531 6 1 4
465 761 4 5 722
465 902 1 4 103
467 300 6 3 37
469 425 2 3 42
472 226 1 6 1320
472 256 1 3 11
472 801 8 1 8
473 800 2 2 4
480 0 2 5 1335
480 731 2 4 89
481 288 9 1 6
481 416 10 4 593
482 208 2 4 72
482 285 4 2 16
484 841 6 4 545
485 134 2 6 7831
488 334 1 3 11
488 565 7 1 4
489 64 4 1 4
496 433 6 1 4
496 978 7 1 4
501 519 9 1 4
504 267 6 3 95
506 706 2 3 27
512 1 3 4 153
512 5 6 1 4
512 36 10 1 4
512 65 5 6 10661
512 153 5 4 503
512 173 9 1 4
512 420 2 5 591
512 438 6 1 4
512 453 10 1 7
512 482 4 8 304443
512 514 6 2 11
512 522 7 1 11
512 685 8 1 4
513 5 5 2 9
513 42 1 3 11
513 47 2 4 225
513 65 8 1 4
513 100 4 5 564
513 112 2 3 19
513 340 1 3 7
513 644 9 7 57988
514 4 3 7 31590
514 11 7 1 11
514 401 10 4 472
514 452 5 2 25
514 522 9 2 32
514 572 3 3 65
514 780 6 4 680
515 93 9 2 44
515 157 6 3 104
515 273 7 4 254
515 598 8 3 169
516 69 9 6 21244
516 169 9 1 4
516 357 3 1 4
516 385 5 3 92
516 555 8 1 4
516 582 5 8 247209
516 605 10 1 11
516 779 10 4 346
516 785 4 2 11
517 0 8 2 21
517 3 8 1 8
517 8 4 6 4910
517 34 4 2 8
517 132 2 4 101
517 233 8 1 8
517 281 10 3 86
517 525 3 2 9
517 672 4 3 23
517 676 2 2 4
518 0 3 2 11
518 66 1 3 16
518 517 8 5 1198
519 517 4 1 4
519 944 1 4 38
520 9 8 2 34
520 296 10 2 29
520 328 3 2 7
520 436 6 1 4
520 785 3 1 4
520 812 2 7 24722
520 896 1 5 217
521 81 10 4 400
521 131 5 1 8
521 229 5 7 49092
521 450 6 1 4
521 546 2 2 4
521 554 8 1 4
521 609 9 1 4
522 121 10 1 7
522 234 6 4 326
522 549 3 3 25
523 650 3 4 326
524 173 1 2 4
524 520 7 5 4259
525 134 8 1 6
525 820 1 7 27680
526 548 6 1 4
526 776 4 3 31
527 36 10 6 12431
527 713 5 1 4
528 10 3 3 30
528 33 1 6 768
528 36 1 2 4
528 97 3 1 4
528 144 6 1 8
528 156 1 2 4
528 171 5 2 9
528 344 8 2 18
528 406 10 1 4
528 580 7 7 251822
528 582 4 4 126
528 720 6 1 8
528 801 5 6 6409
529 16 6 3 50
529 148 5 1 4
529 260 2 3 15
529 517 4 3 57
529 520 3 3 22
529 737 9 5 1730
529 836 1 3 20
530 20 10 6 18764
530 86 6 1 4
530 132 5 3 41
530 278 5 6 19399
530 325 6 9 7810445
530 522 4 5 2387
530 696 10 3 216
532 11 7 6 21931
532 134 5 1 4
532 550 2 4 54
533 37 9 1 4
534 425 10 3 92
534 786 9 3 71
534 928 3 1 4
535 10 2 4 48
536 10 8 1 11
536 244 10 4 339
536 412 1 5 165
536 687 9 2 16
536 902 2 3 20
537 99 4 3 85
537 138 1 4 95
537 257 7 1 4
537 478 7 1 4
538 74 10 1 11
538 820 7 3 40
540 256 1 3 11
540 481 9 4 932
541 344 8 1 6
544 6 8 3 59
544 21 1 3 7
544 24 10 4 475
544 151 8 5 1711
544 160 10 3 165
544 429 10 3 70
544 536 7 5 1474
544 542 6 4 190
544 551 7 2 25
544 597 4 6 15119
544 718 6 2 18
545 209 1 2 4
545 226 10 4 415
545 520 8 2 39
545 743 2 2 4
546 2 8 1 4
546 4 4 1 4
546 263 7 1 7
546 612 2 6 4056
546 650 2 2 7
546 758 7 3 70
546 900 4 3 68
547 265 1 2 4
547 427 3 4 124
547 577 6 1 10
548 141 7 1 12
548 169 7 1 10
548 512 2 2 6
548 577 9 1 4
548 586 10 1 4
549 68 4 1 4
549 97 2 3 11
549 530 5 3 62
549 647 3 1 4
550 36 2 2 4
550 649 6 7 117067
550 800 4 3 59
551 40 9 1 4
552 136 7 1 9
552 640 8 1 9
552 656 6 1 6
552 932 9 2 18
553 36 5 4 520
553 102 3 2 7
553 933 6 1 7
554 4 4 1 4
554 137 7 1 9
554 296 5 1 8
555 418 3 5 826
556 409 9 2 40
557 6 5 3 38
557 15 2 2 7
557 400 4 4 437
557 557 5 4 116
557 770 4 1 4
557 938 4 3 76
559 557 8 5 3916
560 32 10 1 8
560 96 5 3 69
560 104 8 8 1122993
560 168 5 1 4
560 354 4 9 7239974
561 10 10 1 4
561 521 2 3 42
561 786 2 6 3697
562 162 9 1 13
562 992 8 1 4
563 20 10 2 23
563 410 7 1 4
564 28 5 3 27
564 656 4 4 154
564 659 5 1 4
565 105 3 3 22
566 4 2 4 123
566 44 6 3 97
566 132 3 6 8815
569 385 7 1 4
571 100 7 2 16
571 457 8 1 12
572 36 4 3 25
572 64 5 3 30
572 257 5 3 39
572 370 2 4 143
573 886 6 3 33
574 18 7 4 159
574 696 6 4 135
576 4 9 1 4
576 5 7 4 216
576 76 3 4 89
576 172 3 4 106
576 193 1 2 4
576 228 10 1 14
576 371 1 4 23
576 525 4 5 1892
576 547 6 3 44
577 72 9 4 379
577 222 10 2 35
577 236 1 2 4
577 292 10 8 997849
577 401 3 3 20
577 577 6 1 4
577 661 10 4 243
577 997 8 3 51
578 26 3 1 4
578 96 9 5 2501
578 136 3 5 1347
578 554 4 2 11
578 572 5 4 266
578 575 9 3 184
579 80 8 3 58
579 136 2 6 4996
579 621 5 5 800
579 789 8 3 61
580 528 2 2 7
581 645 9 5 3606
582 633 10 1 8
584 432 3 1 4
585 64 1 6 1065
585 208 6 6 9652
585 354 8 2 19
585 389 9 1 4
586 64 8 1 4
586 530 2 5 333
587 608 3 3 18
588 784 9 1 4
589 389 3 5 624
590 276 9 3 106
590 788 6 5 686
591 147 4 1 4
592 2 9 3 128
592 4 8 1 4
592 148 3 2 8
592 322 4 2 16
592 528 10 4 781
592 585 3 2 8
592 856 1 2 4
595 557 9 2 28
596 11 8 6 25703
596 33 5 1 7
596 91 2 2 7
596 385 5 7 34052
597 387 8 3 102
599 92 8 1 9
599 569 3 5 1374
600 562 7 1 8
600 573 1 4 40
600 575 7 1 4
601 335 4 1 4
601 431 8 5 3374
602 480 10 6 32766
604 913 9 2 25
604 1006 1 3 13
605 80 9 6 7399
607 288 4 5 2099
607 393 1 4 99
608 185 5 2 13
608 522 6 1 4
608 576 9 1 4
608 648 9 7 75505
609 28 10 3 205
609 210 2 3 18
609 225 5 3 78
609 526 9 1 4
610 24 2 5 892
611 125 6 2 13
612 170 8 1 11
612 534 7 2 21
613 840 1 2 4
616 81 6 5 3453
616 450 8 5 3375
617 374 1 5 508
617 908 10 8 420696
618 70 1 2 4
618 1004 9 4 573
619 76 2 5 1258
619 140 1 5 557
619 231 2 2 4
621 293 4 1 4
624 579 1 6 951
625 5 1 3 8
625 261 8 1 9
625 530 5 2 14
626 8 4 3 85
626 104 2 2 4
626 114 2 2 4
627 418 3 5 415
627 769 5 1 4
627 977 5 1 7
628 76 7 1 4
629 446 4 1 4
629 528 8 2 35
631 24 10 7 277174
632 18 1 4 23
633 812 5 3 63
635 546 6 2 26
638 161 4 1 4
640 4 10 3 176
640 16 5 1 7
640 160 1 6 834
640 181 6 3 34
640 258 6 2 31
640 369 9 2 18
640 421 6 1 7
640 467 10 2 29
640 584 10 1 4
640 732 4 3 27
640 938 3 5 493
640 952 9 3 164
642 512 3 7 16746
642 562 1 3 14
642 724 8 3 75
643 73 9 3 94
643 775 9 1 7
644 48 3 7 32194
644 387 2 8 241455
644 660 4 4 418
644 756 2 2 4
644 769 10 4 236
645 4 10 1 8
645 25 8 9 3083979
645 963 5 1 7
646 289 3 2 6
646 388 3 2 7
648 98 5 2 11
648 210 1 5 479
648 301 6 1 6
648 369 8 3 49
648 512 10 5 3832
648 694 3 2 6
648 769 5 3 46
649 48 1 3 8
650 108 7 3 71
650 216 1 4 62
650 953 3 1 4
651 290 3 4 249
652 257 2 3 30
652 594 7 2 13
655 384 5 1 4
655 761 2 2 8
656 3 9 1 15
656 278 5 3 73
656 370 8 3 63
656 833 5 3 73
657 79 3 2 6
657 201 7 1 6
658 226 2 2 6
658 640 2 2 8
660 52 1 2 4
660 69 2 2 4
660 648 7 2 20
661 244 6 1 9
661 608 8 3 56
664 781 5 2 26
665 3 6 3 39
665 260 7 2 27
666 66 8 2 16
668 749 9 6 35836
670 515 10 1 15
672 1 7 1 7
672 64 2 2 4
672 129 7 2 16
672 514 4 7 22623
672 717 5 3 35
673 104 9 3 106
673 656 6 8 238907
674 259 7 1 4
674 401 6 2 13
674 672 6 1 4
675 470 9 3 103
676 52 1 3 13
677 121 6 1 4
677 641 3 1 4
679 556 6 3 37
680 20 8 8 943496
680 39 6 2 11
681 6 4 2 11
681 33 3 1 3
682 14 8 2 20
682 156 5 1 4
684 1008 1 2 4
686 426 4 2 18
686 593 9 4 255
688 385 6 1 9
690 110 7 2 16
691 12 6 4 463
692 260 9 1 8
693 522 5 3 30
694 6 9 1 11
694 768 5 5 787
694 931 8 1 11
694 976 5 1 8
695 585 10 1 4
697 710 3 3 50
700 229 6 3 113
700 864 9 3 61
701 34 7 2 13
701 941 5 3 62
704 34 3 3 33
704 76 2 3 33
704 135 4 5 1123
704 292 9 2 22
704 370 1 4 23
704 514 9 1 7
704 673 1 3 15
705 596 2 5 591
705 854 1 2 4
706 17 8 1 4
706 161 2 2 4
706 732 9 2 18
708 108 4 3 28
709 354 2 2 4
709 644 8 3 62
711 19 1 6 753
712 35 9 1 4
712 141 5 1 7
712 294 4 2 11
712 862 7 9 5414461
713 593 10 1 4
716 339 3 2 7
716 649 4 4 149
716 842 9 4 488
719 512 1 3 7
720 7 10 2 39
720 144 10 3 143
721 0 6 5 851
721 104 2 8 361519
721 170 4 3 48
721 323 6 7 57364
721 584 7 5 1439
722 82 3 2 7
722 100 4 3 33
722 146 2 2 4
722 258 1 6 3126
722 393 6 2 19
722 398 7 3 140
722 464 5 5 2357
723 142 9 1 8
724 596 7 3 39
725 44 5 7 36542
725 65 6 5 843
727 200 3 3 37
728 227 7 1 11
728 350 10 1 4
728 712 3 4 154
729 578 2 7 66514
730 332 3 2 13
732 834 2 2 4
736 24 10 7 144088
737 25 9 1 4
737 64 3 1 4
737 288 9 3 143
738 970 3 2 7
740 778 5 1 6
740 801 9 2 28
741 260 2 2 7
742 97 3 6 4497
743 787 1 3 7
744 124 7 7 75831
744 280 6 1 4
744 762 9 1 4
745 63 8 2 20
746 386 9 1 8
746 536 1 4 90
751 506 7 1 4
752 261 1 4 68
752 494 1 5 172
752 786 8 1 11
754 32 10 2 22
759 130 8 1 7
760 40 1 4 46
760 257 6 1 8
760 300 4 1 7
761 435 5 5 3240
763 668 7 5 2618
768 68 10 4 473
768 326 5 4 138
768 608 3 4 243
768 666 8 3 59
768 736 2 2 7
768 738 6 1 7
769 34 2 4 87
769 277 9 4 476
769 350 4 3 27
769 640 1 3 13
769 773 6 1 7
770 67 8 1 4
770 211 2 2 4
770 256 7 1 4
770 663 5 4 317
771 128 9 1 4
771 793 1 2 4
771 800 5 3 27
772 0 9 1 4
772 32 7 4 211
772 130 5 1 4
773 1 8 1 4
774 8 3 1 4
774 936 7 4 215
775 48 8 4 433
775 921 1 3 7
776 101 8 2 17
776 155 1 3 6
776 586 8 2 28
776 697 2 3 32
777 6 10 2 46
777 84 4 1 4
777 200 10 5 6708
777 318 10 1 4
777 554 3 4 81
777 608 6 1 8
778 330 4 5 523
780 16 5 1 4
780 193 2 2 4
780 552 3 3 27
780 707 4 5 774
780 901 8 1 11
781 222 9 8 482769
781 496 9 4 664
782 226 10 1 4
782 405 8 1 4
784 1 4 4 100
784 514 3 1 4
784 549 9 5 1322
784 569 4 2 14
784 604 6 3 40
784 634 3 4 80
784 841 9 2 16
785 45 6 7 34289
785 257 1 2 5
786 142 4 3 22
786 576 3 2 9
786 914 8 3 131
788 25 3 10 52120722
788 324 5 3 47
788 332 5 4 164
792 16 3 2 14
792 274 3 3 25
792 540 9 3 74
792 594 2 6 1967
793 52 6 2 18
793 498 3 7 64692
793 628 3 5 1705
795 422 9 2 42
795 661 1 6 1606
800 9 1 6 1684
800 97 1 3 16
800 133 4 3 48
800 824 7 5 873
801 34 3 6 6472
801 312 3 2 6
801 592 10 1 11
802 660 7 1 4
802 769 8 8 782816
804 0 6 2 11
804 337 2 3 13
804 779 3 2 13
805 387 9 7 111803
805 781 2 3 16
806 43 10 2 28
806 134 5 8 351839
806 232 7 1 6
806 326 6 1 7
806 480 7 3 45
808 302 10 1 6
808 526 10 1 9
808 777 1 5 165
808 937 8 4 352
810 17 1 4 32
810 394 10 1 6
810 416 8 1 4
812 778 6 7 41847
814 161 3 3 16
814 523 7 1 4
814 905 9 2 21
816 18 9 1 4
816 24 10 5 1918
817 784 4 3 50
818 253 3 2 7
819 69 9 2 18
819 538 5 7 40237
821 236 3 4 98
822 211 5 10 87044073
824 392 1 4 64
824 978 4 2 21
828 592 9 2 23
830 356 10 1 4
832 16 9 1 4
832 30 8 5 1009
832 43 8 1 8
832 281 3 1 4
832 304 6 4 156
832 427 6 2 11
832 548 8 2 28
833 999 7 6 10160
834 0 10 4 348
834 32 4 3 25
834 67 1 3 7
834 104 6 1 4
834 148 2 2 7
835 264 9 2 39
835 392 9 4 797
836 86 5 4 448
836 388 8 4 180
836 485 9 4 322
838 785 7 1 9
839 21 9 1 4
840 96 7 5 915
840 106 1 6 927
840 545 6 1 8
840 800 6 1 7
841 32 10 1 4
841 370 1 3 8
842 132 4 2 18
842 200 4 5 2284
843 939 1 3 16
845 561 3 9 1730977
848 313 5 1 4
848 391 1 8 58890
848 899 6 3 37
849 792 3 7 82690
849 1018 4 3 55
850 308 5 2 15
850 776 10 1 7
851 195 9 3 138
852 2 1 2 4
852 64 7 2 21
852 824 10 2 20
854 681 4 3 62
856 256 3 2 7
857 42 3 2 6
862 130 1 3 14
863 516 2 3 15
864 23 9 2 22
867 998 10 1 4
870 6 4 1 4
871 264 6 6 7977
872 32 10 5 1505
872 50 9 6 13505
872 165 6 7 150589
873 9 3 2 13
874 360 7 1 7
875 164 6 6 11211
880 611 9 1 6
882 42 7 1 4
882 591 3 1 4
882 778 3 3 26
884 802 9 1 11
894 392 7 2 13
895 603 4 10 17572839
896 330 5 4 269
897 39 9 1 4
897 115 10 2 23
897 523 4 3 69
897 1002 3 4 131
898 699 4 9 4941768
899 537 1 7 6076
899 736 3 5 1131
900 4 4 2 16
900 162 7 4 354
902 131 3 3 54
902 420 4 4 413
903 339 9 4 946
904 112 2 5 353
904 231 1 3 21
904 552 8 5 1176
904 888 7 2 29
904 929 3 6 4348
905 248 9 1 11
905 540 7 5 1144
906 137 7 3 45
906 210 4 8 1135423
906 328 3 3 27
907 276 8 1 4
908 456 5 8 1139545
910 614 10 1 4
911 5 8 1 7
911 896 4 2 16
912 2 7 1 4
912 85 8 2 20
912 129 1 3 9
914 216 8 5 959
914 669 1 3 8
914 776 9 7 45428
914 968 1 3 16
916 777 5 2 16
917 560 4 1 7
917 912 5 6 4508
918 0 8 1 4
920 200 7 2 18
921 272 9 1 11
921 320 8 1 9
922 784 2 5 288
924 33 8 4 234
924 196 6 1 4
927 190 2 3 20
928 64 3 3 23
928 384 10 7 147460
928 516 8 1 7
928 518 8 5 4036
929 10 9 1 4
929 257 3 3 20
930 547 2 4 59
930 720 2 5 508
931 230 6 4 240
931 657 2 5 609
932 274 8 3 44
932 783 6 3 35
933 657 8 2 39
934 94 7 2 30
938 261 4 6 4742
938 552 6 6 10756
940 512 3 1 4
941 771 10 4 1029
944 165 8 1 4
944 756 6 1 4
945 456 9 1 7
948 9 4 2 14
951 818 1 2 4
952 37 1 3 22
954 22 9 2 26
956 846 3 3 20
958 844 4 3 25
961 131 9 3 70
961 481 5 5 1356
963 130 6 1 7
966 29 10 1 13
966 192 2 5 445
966 197 5 3 33
966 555 2 5 509
968 51 9 1 7
968 352 8 4 265
969 313 10 4 278
969 769 1 3 9
970 180 7 5 967
971 566 2 2 4
975 205 9 6 42965
976 321 7 1 4
976 779 1 3 11
977 22 4 1 7
977 34 2 8 86174
977 549 1 6 1604
984 324 5 1 7
984 483 6 1 6
987 962 3 3 52
990 35 10 5 5760
996 36 1 4 52
1000 260 8 3 137
1001 286 10 3 73
1002 912 9 3 83
1003 684 6 2 23
1004 129 8 6 8822
1011 36 1 5 250
1013 316 6 2 13
1018 358 3 5 1321
1020 371 5 1 4
1021 643 7 5 1360
