609 0.002982338279684815 
459 0.003149802903282105 
1796 0.003040451551051772 
1940 0.0029854867806154823 
202 0.0029488404985217615 
1758 0.0030130265555727382 
94 0.003157738769228868 
439 0.0030747621077933545 
1321 0.0029970383533477383 
686 0.0027595607545299245 
1651 0.0029882841297371615 
1892 0.0028973754314149565 
1542 0.003027029685273408 
30 0.002996687188171097 
423 0.0030297140952075204 
1741 0.0029893355935066 
789 0.0030183940849150574 
1795 0.0029676277983340343 
955 0.002980348771539157 
694 0.0030271456869928096 
1622 0.0030154770420597675 
1924 0.0029826826247497944 
1073 0.0030309967617599496 
1194 0.002977890600626388 
1366 0.003006141345680367 
492 0.002951174896719417 
195 0.0029221191512330377 
1566 0.003024696280181845 
1774 0.003001006144706391 
59 0.0031359149074452904 
1458 0.0029384550371211486 
1770 0.0028917735252981247 
1262 0.003017926067767212 
1751 0.00301816078709227 
276 0.0030867821825177008 
520 0.00306682663981716 
1551 0.002996104964352336 
867 0.0030797802150892197 
29 0.0030420852124511564 
639 0.003057488527457365 
445 0.00295047634448395 
706 0.0029707805137669505 
908 0.0030809479645619083 
1787 0.0030622750419458077 
1905 0.0030202604869089844 
1258 0.003026680481719565 
703 0.003118175586828231 
986 0.0030918004929013825 
585 0.002999605695235707 
332 0.0029384567257964376 
785 0.003052241651850465 
965 0.0030885328834175003 
1933 0.003019211250418267 
525 0.0030398674461943774 
603 0.0030122103023142712 
300 0.003011976456667183 
1278 0.0030522381929971422 
1099 0.003029831303314715 
1353 0.0028248446758693123 
716 0.0030027568259661753 
1813 0.0029920200945363893 
931 0.003051421105602251 
1251 0.003044185611117915 
1487 0.0030139602715941495 
508 0.0029823323017475747 
1782 0.003096935513435734 
302 0.0030189780033720534 
1656 0.003036600210857586 
642 0.003024930022435488 
1563 0.0029573594832617593 
850 0.002946387718437123 
1507 0.0030774460762017643 
604 0.003035898835061515 
428 0.003006140001184566 
1166 0.0029901548982485915 
16 0.002995871294587367 
637 0.0028959837629631228 
1746 0.0029952843199967656 
1761 0.0030508381384855517 
1159 0.002995054150254071 
1317 0.003032865607650703 
782 0.003293585981675676 
1299 0.002993652667360166 
1303 0.0031498050010214944 
303 0.003134864530495783 
1118 0.003055856777959419 
1316 0.0029432414267635313 
87 0.002982804926916799 
1915 0.0030479204068236416 
738 0.0031382537681978245 
1894 0.0029184979648833593 
236 0.0029913197850615384 
831 0.0031157308020785305 
598 0.0030657757735038775 
886 0.003073472748686399 
1638 0.0030457029443475324 
1623 0.0029567767452974686 
14 0.0030396344316161355 
506 0.0030309983417851744 
189 0.003028312821334598 
498 0.0030494369424645547 
1698 0.003074526731059599 
89 0.0030157119692546877 
1038 0.0030105754280617286 
1632 0.0029777801954116363 
205 0.003003221874141694 
1128 0.003050602694498357 
1909 0.002978016541177381 
1541 0.003018043781509703 
1660 0.003063442259667547 
1709 0.00303648373571063 
1327 0.0029980886829563845 
71 0.002966112270398945 
926 0.002993419423263662 
658 0.00302458023013404 
664 0.003066126209716435 
269 0.003035899828904895 
1793 0.0029965716093358213 
336 0.0030353167928074973 
1481 0.0028791711455748857 
220 0.0030297146553860043 
896 0.002999136965980452 
146 0.003046986736561377 
1074 0.0029774329010800646 
1986 0.0029964588704133317 
879 0.0029467507073106416 
1325 0.003012792340021925 
266 0.0030148931448446795 
1853 0.002966695209449793 
1927 0.003085147350908855 
161 0.002918148596846635 
1765 0.0030591245676295 
444 0.003031349574663122 
982 0.0031470011845987087 
849 0.003080946912653374 
1225 0.0030724279952887698 
301 0.0031116392004307976 
405 0.0030476865892142178 
133 0.003051071287834974 
1213 0.0030127925866652336 
624 0.003032164821562813 
267 0.003016995351011999 
1420 0.0028558318928932143 
25 0.003177111802535208 
1222 0.0030335660154362015 
322 0.0030312318442481797 
649 0.0030103417295157535 
140 0.0029919016965747947 
1886 0.0030591240291360285 
749 0.0030916835757574365 
1440 0.0029885171402648783 
441 0.0030422017812545003 
222 0.0029279511833435728 
1059 0.0029888689812321272 
696 0.0030472191783931634 
1018 0.0030471033413517414 
1867 0.0031487523959121116 
440 0.002793409789312253 
320 0.0030937846649101344 
1802 0.003056556567100135 
