0 9 8 4 812
0 17 9 1 4
0 18 1 6 1052
0 29 9 1 7
0 47 6 2 17
0 112 4 5 1948
0 135 8 5 1484
0 150 9 2 19
0 156 3 9 2247343
0 166 4 1 4
0 215 10 6 17918
0 256 3 7 83055
0 259 7 4 547
0 265 10 2 46
0 415 9 2 18
0 552 10 5 6658
0 646 3 3 43
0 670 7 1 10
0 674 4 9 6326363
0 679 10 1 15
0 843 4 5 1731
0 902 2 8 623805
0 917 3 7 27675
1 7 10 1 4
1 15 3 6 3647
1 37 4 1 4
1 70 10 3 132
1 82 5 1 4
1 135 6 1 4
1 228 5 1 4
1 292 9 4 327
1 481 4 3 60
1 644 3 7 29962
1 768 5 1 4
1 920 9 4 710
2 0 6 4 196
2 3 2 2 4
2 8 5 1 4
2 48 7 1 4
2 132 1 9 420674
2 167 2 2 4
2 267 10 1 4
2 328 3 1 4
2 523 9 1 7
2 826 8 1 4
3 24 10 1 7
3 131 9 4 461
3 277 6 3 35
3 530 4 1 7
3 592 4 1 4
3 652 1 3 10
3 817 2 3 17
4 0 5 5 788
4 4 1 4 29
4 15 1 2 4
4 24 3 3 47
4 50 10 4 589
4 64 1 3 7
4 248 10 1 11
4 368 1 2 4
4 517 10 4 862
4 683 8 1 7
4 803 8 1 4
4 808 7 2 36
5 18 10 1 7
5 216 5 2 13
5 584 1 5 484
6 3 7 6 8131
6 259 9 2 22
6 267 1 3 7
6 268 3 7 65548
6 466 1 3 10
6 798 9 1 7
6 1002 3 5 462
7 110 1 2 4
7 237 6 2 26
7 715 7 1 7
8 1 7 2 22
8 2 8 1 9
8 19 7 4 342
8 32 6 1 4
8 42 7 3 51
8 58 5 2 11
8 202 7 1 12
8 272 5 2 14
8 273 1 3 7
8 386 4 4 94
8 486 9 1 7
8 642 3 3 16
8 735 6 6 9271
8 902 5 3 80
9 39 4 1 4
9 43 9 1 7
9 274 4 1 4
9 526 3 7 45013
9 823 2 5 295
9 907 5 2 25
10 13 1 3 14
10 40 8 3 143
10 75 8 7 193163
10 84 7 7 165223
10 176 6 2 18
10 208 4 1 5
10 518 5 6 4867
10 523 1 5 210
10 584 10 2 22
10 599 6 3 34
10 680 3 5 978
10 778 9 3 110
11 204 10 3 114
11 586 6 5 3008
12 0 6 1 4
12 24 3 3 43
12 55 5 5 1226
12 65 5 6 6331
12 116 8 2 16
12 128 9 1 4
12 269 3 4 329
12 366 8 4 181
12 634 3 2 7
12 781 6 1 4
13 66 4 1 7
13 192 8 3 49
13 224 3 2 9
13 320 7 3 50
13 780 2 3 21
14 127 10 4 411
14 152 5 3 29
14 321 2 2 4
14 376 9 2 21
14 584 5 3 35
15 352 9 3 49
15 485 4 2 10
15 854 9 1 12
16 24 3 2 9
16 64 3 2 7
16 96 1 3 7
16 132 9 1 9
16 148 8 2 23
16 198 5 4 217
16 516 3 2 7
16 643 8 1 12
16 806 8 1 4
17 48 7 2 35
17 258 4 1 4
18 51 2 4 123
18 203 1 3 17
18 215 8 3 138
18 290 2 2 7
19 24 10 5 4457
19 709 1 2 4
20 1 10 1 4
20 28 1 3 14
20 36 5 1 7
20 176 10 3 96
20 194 3 2 9
20 323 1 2 4
20 786 8 2 15
21 116 5 2 9
21 258 9 3 50
21 308 2 2 6
22 24 4 2 12
22 107 10 6 12798
22 133 5 1 4
22 320 3 1 4
22 331 6 4 437
22 565 2 9 742400
23 328 1 3 7
23 886 8 3 48
24 9 1 3 7
24 781 7 2 14
24 786 9 1 4
24 848 9 1 9
24 944 2 5 988
25 523 3 3 59
25 592 6 4 515
26 20 8 1 4
26 22 10 4 1116
26 109 3 2 7
26 801 4 1 4
27 130 9 3 49
27 210 1 5 670
27 549 9 1 4
28 42 10 4 229
28 72 2 3 16
28 146 3 2 15
28 192 9 1 4
28 203 9 3 146
28 624 8 3 53
28 647 1 4 38
29 1 1 2 4
29 5 4 2 12
29 532 9 1 7
29 809 4 3 24
30 21 2 2 4
30 52 2 4 83
30 588 3 2 7
31 561 10 1 12
32 16 6 1 6
32 33 8 1 12
32 72 4 2 21
32 185 2 2 4
32 196 4 5 2643
32 204 4 1 4
32 211 7 6 15042
32 219 6 1 5
32 514 3 2 7
32 612 6 6 25444
32 641 7 7 84764
32 721 8 1 9
32 759 1 4 30
32 848 9 1 4
32 960 4 1 4
33 2 7 3 56
33 3 2 3 42
33 26 3 4 200
33 31 2 6 6093
33 64 1 2 4
33 276 9 2 19
33 277 6 1 9
33 320 8 7 207465
33 544 9 1 4
33 785 3 4 68
33 945 4 5 877
34 144 4 1 4
34 292 7 8 907813
34 663 6 2 28
34 720 9 2 28
34 800 1 4 42
35 65 10 3 102
35 266 8 2 30
35 551 3 1 5
35 689 7 1 4
36 34 8 5 3053
36 48 9 2 45
36 320 4 1 4
36 448 1 4 88
36 555 10 1 14
36 705 1 2 4
36 858 4 2 11
37 2 6 4 139
37 364 4 1 5
37 594 2 2 4
37 640 6 1 8
37 673 2 2 9
38 1 7 2 34
38 180 7 2 27
38 204 3 5 802
38 544 7 1 7
39 3 9 6 12891
39 520 7 7 51532
39 982 10 1 17
40 9 10 1 13
40 20 2 2 5
40 39 6 1 4
40 256 5 3 30
40 528 6 3 66
40 605 1 5 132
40 756 5 5 1579
40 761 2 9 1233640
40 840 2 7 16032
40 980 3 4 191
41 96 2 8 131628
41 263 6 1 4
41 276 4 3 22
41 321 1 2 4
41 513 3 3 34
41 987 6 1 4
42 42 6 6 17256
42 140 5 3 40
42 329 5 4 429
42 411 9 5 1810
42 778 8 5 1055
43 546 1 5 310
44 12 7 4 190
44 430 3 6 4074
44 524 1 3 10
44 794 7 1 7
45 23 4 2 10
45 50 9 2 19
45 266 1 6 2944
45 615 5 1 7
45 808 6 2 15
45 844 8 2 23
46 57 2 2 4
47 1022 6 1 4
48 67 2 9 2708099
48 168 9 1 4
48 176 4 3 28
48 193 4 8 445942
48 198 6 4 334
48 646 2 3 24
48 789 6 2 17
48 843 9 5 1730
49 4 1 7 10722
49 17 1 4 68
49 313 9 3 61
49 516 7 2 16
50 9 7 1 4
50 113 2 2 4
50 528 6 5 4158
51 70 9 1 4
51 377 2 2 6
51 516 8 3 115
52 46 5 2 9
52 256 8 6 7843
52 285 1 3 7
52 390 6 1 9
53 146 2 4 72
53 245 8 1 4
54 112 10 1 9
54 718 8 4 198
55 278 7 2 16
56 89 1 3 7
56 267 10 4 315
56 472 7 6 10978
56 544 5 3 35
56 560 3 1 4
57 5 9 4 803
57 33 2 5 994
57 448 3 1 4
58 113 2 6 3405
58 470 10 1 12
59 58 4 1 4
59 292 1 2 4
59 583 2 3 17
60 3 8 1 4
60 5 10 6 38881
60 33 5 1 4
60 112 9 3 83
60 948 5 1 4
61 644 5 5 2076
61 648 2 2 10
62 521 2 2 10
64 1 1 2 4
64 41 3 2 7
64 192 3 8 179057
64 194 6 2 19
64 197 9 1 4
64 203 7 3 120
64 272 8 1 4
64 370 3 2 7
64 465 1 3 10
64 481 10 2 24
64 514 10 1 16
64 686 4 3 83
64 756 8 1 4
64 771 7 2 17
64 780 9 4 741
64 790 6 3 43
65 25 1 6 1157
65 96 10 2 41
65 104 5 2 18
65 118 2 3 37
65 218 4 2 10
65 241 1 2 4
65 265 1 3 22
65 274 8 3 49
65 515 8 1 5
65 571 6 4 212
66 545 4 1 4
67 2 6 2 17
67 16 2 10 7322581576
67 20 10 7 274385
67 37 9 1 4
67 453 8 9 2947336
67 482 2 3 20
67 840 5 6 5353
68 153 3 4 119
68 192 4 5 1236
68 226 10 1 7
68 284 2 4 98
68 322 4 3 35
68 576 6 2 14
69 138 9 1 14
69 276 5 2 11
69 466 2 3 15
69 529 3 3 24
69 572 8 1 7
69 768 4 1 7
70 109 2 4 53
70 212 3 4 139
70 431 7 1 4
70 608 10 1 12
70 642 3 6 3189
70 646 6 3 60
70 648 5 4 399
70 672 8 1 4
71 1 8 1 12
71 264 2 3 27
71 409 5 1 7
71 700 7 1 4
72 8 9 1 7
72 37 1 2 4
72 65 7 3 82
72 280 5 5 1986
72 437 2 7 24930
72 533 6 2 15
72 961 9 1 5
73 640 7 1 9
73 870 7 1 4
73 999 6 2 27
74 548 6 8 2038925
74 600 2 2 9
74 768 5 1 4
74 1012 6 1 10
75 259 8 3 55
76 76 8 1 7
76 133 4 8 347658
76 262 5 4 125
76 855 1 3 7
77 256 9 6 7005
77 267 5 7 25791
77 450 1 3 11
77 456 3 3 63
78 288 7 3 75
78 517 2 10 7552214
78 784 5 2 11
79 165 7 1 7
79 386 3 5 580
80 0 4 3 44
80 51 5 3 63
80 82 5 2 11
80 132 1 3 19
80 211 3 3 31
80 528 4 1 4
80 677 7 4 283
80 920 4 5 508
81 807 10 1 12
81 852 3 4 99
82 283 4 2 12
83 115 2 2 4
83 124 5 4 212
83 304 7 6 11566
83 617 7 3 152
84 64 8 1 9
84 74 7 1 7
84 216 6 2 11
84 490 1 6 998
85 31 1 2 4
85 65 9 1 7
86 234 1 9 716557
87 353 4 1 4
87 462 10 1 15
87 512 9 6 23062
87 515 1 4 41
88 330 3 1 4
88 782 4 1 4
89 2 6 1 4
89 4 3 8 981301
90 843 7 2 15
90 988 7 2 14
91 154 3 5 377
91 652 2 8 576778
91 951 3 2 10
92 38 6 2 11
92 91 6 2 20
93 134 9 2 47
93 669 1 3 7
94 869 8 3 67
94 954 4 1 7
95 34 10 3 97
96 32 7 3 48
96 80 10 1 5
96 103 4 3 22
96 208 9 2 36
96 220 2 3 24
96 276 3 3 27
96 304 9 1 7
96 321 3 2 10
96 547 2 2 4
96 776 5 1 4
97 48 2 3 16
97 130 1 5 620
97 286 3 1 4
97 473 1 3 7
97 525 8 8 381377
98 14 8 2 20
98 352 6 3 53
98 401 5 5 1490
98 671 1 3 19
98 928 6 2 17
99 117 4 1 4
99 134 2 2 4
99 249 10 4 331
100 128 9 4 443
100 294 1 4 29
100 901 5 2 14
101 70 8 1 4
101 169 10 4 449
101 392 8 1 4
102 6 8 1 7
102 166 6 1 7
102 264 2 3 22
104 26 1 3 12
104 28 3 1 4
104 48 4 3 25
104 64 6 1 4
104 132 5 2 14
104 313 9 1 4
104 512 5 4 146
104 673 7 4 315
105 296 8 1 12
106 652 5 2 21
107 3 10 3 119
108 133 5 3 31
108 514 8 4 419
108 825 5 2 11
109 707 2 3 14
112 0 2 2 6
112 3 7 3 59
112 28 10 1 4
112 84 9 1 12
112 107 4 2 14
112 165 2 2 4
112 776 4 4 102
114 416 7 8 1492527
114 452 3 2 11
114 497 4 3 24
114 872 1 2 4
116 33 4 3 71
117 106 7 3 43
117 803 10 1 4
118 565 10 5 2234
119 446 4 1 7
120 0 1 3 7
120 76 4 4 198
121 536 6 2 11
122 80 4 1 4
122 294 5 2 14
123 600 10 2 37
124 304 1 5 319
124 348 6 2 25
128 1 6 1 4
128 10 2 3 15
128 58 10 1 4
128 134 8 4 606
128 200 7 4 617
128 208 2 2 6
128 320 10 7 116727
128 375 4 1 7
128 433 6 1 7
128 628 10 3 103
128 770 9 6 27939
129 0 6 1 4
129 37 5 2 18
129 39 9 1 12
129 88 5 2 11
129 163 7 5 1057
129 584 6 5 767
129 707 9 2 35
130 78 6 6 27267
130 273 7 1 7
130 368 10 1 4
130 528 9 5 1048
130 540 3 2 12
130 675 7 4 300
131 581 8 6 18762
132 6 1 6 1844
132 94 8 5 1582
132 137 6 2 11
132 372 1 7 35277
132 516 7 1 11
132 713 1 2 4
132 916 1 4 85
133 23 2 5 299
134 67 9 1 7
134 84 3 3 22
134 224 3 1 4
134 390 7 4 309
134 768 9 6 30377
135 258 2 3 20
135 544 5 5 1671
136 21 10 2 18
136 39 7 1 9
136 160 8 2 25
136 482 5 2 17
136 610 9 2 24
136 657 1 5 219
136 684 5 1 4
136 831 9 4 206
137 148 6 4 372
137 256 9 1 4
137 325 5 3 43
137 678 4 3 44
137 778 7 1 9
138 266 8 5 5021
138 415 2 3 21
138 590 8 5 1704
139 426 6 1 7
139 865 9 8 384162
140 72 3 3 44
140 135 6 1 4
140 143 5 2 22
140 168 9 1 7
140 464 4 1 5
140 724 3 2 9
140 776 2 7 11228
141 2 6 1 4
141 521 2 2 4
142 641 2 3 15
143 286 5 4 114
144 18 9 1 9
144 248 10 1 4
144 418 3 3 65
144 433 3 3 27
144 520 8 5 4240
144 800 7 4 653
145 1 2 2 7
145 2 8 6 34525
145 67 8 1 7
145 94 10 1 5
145 184 3 6 2720
145 216 5 3 50
145 273 4 1 4
145 392 9 4 734
145 513 5 2 10
145 576 4 3 37
146 69 2 3 23
146 146 3 5 674
146 396 8 1 11
146 910 4 3 74
147 513 10 1 4
147 522 8 4 436
148 1 7 1 4
148 130 3 5 944
148 139 1 2 4
148 146 6 1 7
148 278 7 1 7
148 464 5 1 4
148 515 3 3 55
148 912 1 3 12
149 20 7 1 11
149 633 5 6 4607
149 649 2 5 243
150 141 3 4 115
150 160 1 8 90949
150 656 8 1 4
151 102 8 2 29
151 132 7 1 5
151 207 1 3 14
151 250 7 1 7
153 26 7 1 4
153 171 2 2 10
153 592 10 1 4
153 598 2 4 208
156 54 3 1 4
156 133 1 4 51
156 521 6 1 4
156 814 4 2 15
159 526 10 6 8204
160 34 3 3 43
160 81 10 4 663
160 144 4 3 38
160 452 1 3 17
160 644 1 4 48
160 801 4 3 25
161 21 7 2 23
161 40 2 3 20
161 326 6 1 7
161 376 10 2 43
161 524 7 1 9
161 898 4 1 4
162 160 9 1 13
162 290 7 1 4
162 306 4 1 7
162 517 9 1 7
163 361 8 1 7
163 601 6 3 37
164 34 10 4 344
164 38 10 2 36
164 87 9 2 24
164 217 4 2 10
164 264 4 6 7671
164 280 6 2 30
164 329 8 2 31
164 481 3 5 393
164 636 2 9 1529387
164 646 10 1 9
165 141 4 4 182
165 397 5 4 120
166 686 9 2 37
167 104 5 5 684
167 289 8 2 15
167 384 10 1 7
167 456 7 3 48
167 712 7 5 899
168 68 4 3 32
168 98 8 5 1521
168 480 9 1 14
169 25 5 5 720
169 351 7 1 7
169 514 1 8 58299
171 144 8 1 10
171 810 4 1 4
172 8 10 1 14
172 32 8 1 4
173 261 3 2 7
174 493 1 7 24874
174 582 1 3 9
176 32 5 1 4
176 137 10 2 26
176 270 10 1 12
176 273 3 1 4
176 932 9 1 11
177 128 6 1 4
177 280 10 1 4
177 560 10 2 19
177 611 4 4 432
177 744 2 2 4
178 100 8 4 507
178 144 2 3 11
178 580 7 2 16
179 429 8 1 8
180 19 7 1 4
180 152 6 1 6
180 600 8 5 1723
180 973 1 4 88
181 331 4 2 10
181 768 1 4 47
181 964 9 2 26
182 300 9 6 23613
182 672 4 3 33
182 728 9 1 4
184 141 2 5 380
184 161 1 4 23
184 664 7 2 19
185 5 9 3 117
186 272 8 1 4
186 582 7 1 11
187 800 9 1 4
188 4 6 8 1578933
188 199 2 3 44
192 43 7 1 4
192 52 7 4 271
192 72 4 3 41
192 177 6 1 4
192 392 6 3 99
192 536 7 5 1913
192 713 8 3 45
192 898 7 6 6019
192 999 5 6 5578
193 8 4 2 20
193 28 6 3 77
193 120 10 1 6
193 375 2 2 4
193 422 2 2 4
193 718 1 3 9
193 775 6 1 7
194 321 3 1 5
194 592 3 4 80
194 677 2 3 43
196 81 9 7 51038
196 377 3 5 348
197 61 9 4 288
197 100 7 3 39
197 297 8 1 7
197 592 2 2 9
197 611 5 2 9
198 3 10 4 315
198 196 3 8 302245
198 812 4 1 4
200 146 1 4 33
200 924 9 1 4
201 39 7 3 63
201 98 6 5 901
202 11 5 3 60
203 654 3 1 4
205 457 1 3 21
206 530 8 1 7
208 14 7 1 10
208 88 1 5 387
209 55 10 1 4
209 513 1 3 17
211 4 8 1 4
212 34 6 3 35
212 69 2 2 4
212 112 1 2 4
212 262 1 4 45
212 285 4 2 17
212 673 8 2 17
213 64 6 2 11
216 66 1 2 4
216 792 9 2 17
218 86 1 2 4
219 389 6 2 24
220 176 4 7 65558
222 532 9 1 7
222 852 8 4 202
225 257 4 3 22
225 316 10 2 43
225 948 4 3 25
226 35 2 6 2474
226 157 10 2 29
227 336 1 5 130
227 592 2 6 5854
227 838 7 1 7
228 32 7 3 92
228 294 9 6 27478
230 9 2 5 1357
231 261 4 5 499
231 290 8 1 12
232 5 1 4 57
232 80 5 2 16
232 130 3 5 590
233 212 8 1 6
233 912 3 2 9
233 973 10 1 4
234 917 10 1 4
235 281 4 1 4
235 645 1 5 172
237 91 10 2 19
239 370 8 1 4
239 560 2 3 16
240 66 7 1 7
240 799 4 5 2259
240 914 1 2 4
241 245 8 1 4
242 156 1 4 34
244 33 1 3 17
244 356 10 2 21
244 932 1 2 4
245 705 3 5 605
246 64 6 6 5839
247 626 6 3 78
248 0 1 3 7
248 902 4 2 21
253 636 5 1 4
256 1 7 1 7
256 4 6 5 3908
256 5 7 4 251
256 68 2 2 4
256 69 8 1 6
256 97 8 1 9
256 160 4 6 3194
256 212 9 2 16
256 243 9 3 61
256 262 2 2 4
256 312 1 8 88461
256 416 8 1 7
256 512 1 3 7
256 522 5 6 22266
256 616 8 1 7
256 705 6 3 48
256 764 7 4 341
256 772 6 6 7482
256 804 5 1 7
256 904 4 1 7
256 963 5 3 40
256 992 3 7 111902
257 156 6 1 7
257 268 3 5 346
257 272 1 3 7
257 544 2 5 269
257 680 5 5 695
257 912 6 1 4
257 945 2 2 4
258 24 8 6 33808
258 36 9 2 22
258 265 9 2 21
258 673 1 5 564
258 810 10 1 4
258 880 3 4 89
259 7 6 1 7
259 100 8 3 154
259 165 2 2 4
259 226 5 3 42
259 268 2 4 156
259 532 3 2 7
260 131 6 2 27
260 256 10 1 4
260 295 8 4 221
260 545 7 1 8
260 678 6 7 34069
260 978 3 3 19
261 8 1 3 7
261 72 3 1 5
261 356 1 3 7
261 672 6 2 29
261 995 7 3 75
262 32 6 1 4
262 134 2 2 4
262 256 2 2 7
262 906 3 3 49
264 1 2 3 17
264 296 1 2 4
264 320 6 1 7
264 568 8 1 7
265 264 1 3 9
265 339 2 5 702
266 11 5 3 68
266 56 4 6 8511
266 242 7 1 11
266 272 4 1 6
266 326 6 1 4
266 336 4 2 17
267 581 4 1 7
268 34 3 3 17
268 177 5 1 7
268 192 1 5 124
268 512 1 7 15564
268 524 5 3 90
268 577 5 1 7
269 444 7 1 4
269 640 6 3 55
270 73 7 3 69
270 532 8 6 11888
270 642 9 3 113
272 208 1 8 80205
272 234 4 3 65
272 259 8 1 4
272 280 3 1 4
272 378 9 1 4
272 520 8 1 4
272 554 5 1 4
272 640 6 3 75
272 684 4 1 4
272 899 2 2 4
273 47 7 1 4
273 581 4 1 4
273 693 6 5 687
273 809 9 3 137
274 98 8 7 186570
274 334 8 5 4923
275 4 8 5 2235
275 116 10 7 230146
275 133 6 2 22
275 401 5 2 12
275 485 2 2 7
275 512 1 2 4
276 288 5 2 12
276 392 3 2 15
276 394 6 1 4
276 538 8 5 1246
276 628 5 3 31
276 661 4 2 10
277 8 9 3 55
278 258 5 1 4
279 18 4 1 4
279 901 1 5 284
280 36 2 6 1617
280 82 4 7 28793
280 600 10 1 7
280 674 4 3 27
281 101 6 1 7
282 136 9 3 56
282 576 6 6 8520
282 717 3 2 7
282 787 10 4 373
283 35 10 5 1985
284 835 1 6 3294
286 624 2 2 9
287 448 5 2 11
287 802 3 3 22
288 47 5 3 52
288 50 9 5 1949
288 132 7 4 195
288 224 5 5 982
288 292 3 10 11066141
288 545 10 4 312
289 36 4 1 4
289 60 5 1 7
289 156 10 1 4
289 345 3 1 4
289 468 9 1 7
289 472 10 2 23
289 648 4 1 4
289 753 5 2 16
290 258 1 8 111319
290 328 1 3 14
290 388 10 1 4
291 768 10 1 14
291 967 5 4 153
292 7 9 4 273
292 134 9 1 11
292 162 10 1 4
292 524 8 1 7
292 593 6 5 3891
293 256 9 3 68
293 960 8 3 62
294 742 6 1 9
294 864 5 1 4
296 84 6 1 10
296 131 4 4 178
296 260 9 5 1364
296 288 2 2 7
296 336 4 1 7
296 409 8 4 761
297 389 3 7 49579
297 544 6 2 25
297 742 5 2 14
298 75 6 4 359
298 800 8 6 19211
299 291 7 2 29
300 29 4 6 5472
300 140 8 2 15
301 274 5 1 4
301 777 1 3 7
303 292 9 6 10833
304 6 3 3 22
304 8 3 1 4
304 42 8 1 4
304 63 7 4 304
304 106 3 3 59
304 212 5 2 15
304 258 9 1 14
305 11 8 4 543
305 34 5 1 4
305 163 8 6 7543
305 576 3 1 4
306 550 10 1 4
306 918 6 4 597
307 514 10 1 11
308 21 3 5 1259
308 583 2 3 21
308 640 10 2 40
308 692 10 3 92
308 832 7 5 1526
308 848 10 3 196
309 774 3 3 27
310 44 7 6 28682
310 936 8 1 4
312 514 1 2 4
314 109 3 3 58
314 156 5 2 12
314 376 7 5 1936
314 518 8 3 111
315 739 6 2 11
316 452 1 2 4
318 532 4 3 40
318 914 2 3 12
320 29 10 5 3051
320 315 4 3 26
320 407 10 2 22
320 428 10 2 20
320 468 2 3 31
321 4 1 3 16
321 262 1 2 4
321 337 9 1 4
321 768 5 1 4
321 834 9 8 1050668
321 1008 1 2 4
322 0 4 1 7
322 80 9 1 5
322 196 1 6 911
322 272 1 4 60
322 416 2 3 14
322 899 8 4 480
322 902 8 9 4016139
323 360 1 3 7
324 106 5 3 36
324 167 6 5 1760
324 179 2 2 5
324 200 3 2 7
324 513 1 4 29
324 530 4 1 7
325 6 6 1 7
325 74 1 4 26
325 145 2 5 258
325 192 5 4 194
325 614 6 3 107
325 720 10 2 20
326 11 5 3 42
326 16 9 2 22
326 32 2 2 7
326 116 3 2 7
326 280 5 3 89
326 443 4 1 4
327 675 5 3 30
327 698 5 5 1746
328 45 9 4 662
328 853 8 4 436
329 258 6 1 10
329 836 4 3 30
330 8 5 1 4
330 204 6 3 74
331 512 6 5 1009
332 456 1 6 4620
332 643 6 4 183
335 83 4 1 4
335 391 5 1 7
336 18 10 8 3184099
336 100 4 5 1001
336 576 2 9 728955
336 632 6 7 56207
337 352 7 6 8917
338 33 1 2 4
338 160 6 4 157
338 169 5 6 16329
339 42 1 4 52
340 106 7 7 83801
340 704 8 1 4
340 763 5 1 4
342 15 6 2 14
342 168 5 2 25
342 272 8 1 9
342 536 7 4 443
343 475 1 4 39
344 188 7 2 14
344 676 9 1 5
345 32 2 3 22
345 728 9 3 113
345 992 4 1 7
346 11 1 7 11271
346 89 6 1 4
347 149 3 3 21
347 296 4 1 7
347 313 5 1 7
348 128 10 3 119
348 395 8 5 2984
352 419 2 3 39
352 680 6 7 46301
352 794 9 1 4
352 860 1 4 70
353 389 6 5 1838
354 25 5 2 11
354 30 3 3 38
354 288 10 3 85
354 969 2 4 87
355 134 7 3 102
355 634 10 1 9
357 433 8 1 7
357 641 7 1 5
357 690 10 4 409
358 168 1 4 26
358 197 8 1 4
360 514 10 1 4
360 555 7 5 863
360 732 4 1 5
360 784 10 1 4
360 810 2 7 60972
361 266 5 5 936
361 316 6 4 212
362 34 3 2 6
363 162 7 1 4
363 424 1 3 18
364 740 2 6 1834
366 657 8 5 1080
368 49 3 5 388
368 925 10 4 826
371 112 3 2 7
371 705 9 6 11039
371 772 2 2 10
375 77 1 3 16
379 333 5 2 12
380 339 7 10 676420546
381 531 8 1 12
382 562 7 4 195
384 5 9 1 4
384 6 4 1 7
384 156 7 3 85
384 168 9 3 70
384 312 10 1 4
384 332 9 6 11049
384 423 2 4 80
384 481 4 2 15
384 531 5 1 4
384 597 7 3 47
384 692 7 1 4
384 841 4 9 1517393
385 2 8 2 20
385 75 4 1 4
385 213 10 1 4
385 214 4 2 14
385 513 3 1 4
385 563 6 3 58
386 64 2 3 34
386 160 10 2 22
386 206 2 8 188889
386 275 4 1 5
386 846 1 2 4
386 912 9 1 4
387 147 4 4 211
387 297 9 1 5
387 545 5 1 7
387 1016 10 2 47
388 332 9 2 17
390 566 7 1 7
391 8 2 2 7
391 461 4 1 4
391 800 1 5 174
392 38 1 3 12
392 336 9 6 42237
392 553 10 1 16
392 674 4 3 76
393 461 6 1 4
393 577 2 2 7
394 80 8 4 193
394 211 1 8 126252
395 4 10 3 105
395 558 5 3 46
395 647 8 1 4
396 6 10 1 7
396 454 6 2 19
396 536 6 1 4
396 546 3 3 26
396 777 5 2 17
396 960 5 7 45070
397 132 10 1 15
397 305 8 7 66430
398 943 1 5 204
399 9 4 1 7
400 10 5 6 6234
400 21 3 1 4
400 712 10 2 44
401 16 6 3 57
401 58 2 3 31
401 277 8 1 12
401 673 1 3 10
401 932 7 1 10
402 68 5 1 4
402 80 1 3 15
402 769 6 1 4
403 98 5 9 4147954
404 209 9 10 215391819
404 298 5 1 4
405 160 5 2 19
406 677 8 7 112858
406 928 4 1 4
407 591 8 1 4
408 66 9 4 265
408 405 7 1 7
408 576 4 4 237
409 66 10 5 1436
409 105 9 3 75
409 417 2 4 206
409 888 10 1 16
410 520 9 3 49
412 6 8 1 4
413 640 10 2 27
414 932 7 1 5
415 101 9 1 7
416 279 5 2 11
416 292 3 2 7
416 832 3 2 7
417 577 10 3 188
418 16 4 3 26
419 7 9 1 10
419 62 9 3 117
419 844 10 1 10
420 32 10 4 810
420 114 3 1 4
420 288 3 7 20710
420 538 5 3 41
420 545 8 1 4
421 400 9 1 10
422 736 2 7 10020
423 384 4 2 14
423 651 8 1 7
424 481 10 4 943
425 161 9 8 1072260
425 261 7 4 239
425 746 4 3 35
425 776 6 3 38
426 644 4 1 4
427 580 1 4 23
428 32 5 3 54
428 194 6 6 12049
428 620 10 2 20
430 8 5 2 12
430 68 9 7 57589
430 203 1 7 7753
433 24 10 6 15339
433 197 2 3 21
433 398 3 5 427
434 734 9 1 4
436 597 6 2 20
436 641 10 1 4
437 2 9 4 244
441 21 8 1 7
442 146 10 5 1611
442 691 8 4 544
444 769 7 4 449
444 801 1 3 19
448 92 8 3 49
448 655 1 2 4
449 321 10 1 4
450 450 6 1 4
452 48 10 1 6
452 136 5 3 69
452 205 9 6 7273
452 488 10 6 19114
452 512 8 7 246273
452 513 5 3 39
453 368 5 6 7600
453 661 6 10 98755080
454 437 1 6 1310
454 634 4 2 9
454 782 1 3 20
455 640 5 3 49
456 105 1 4 28
456 367 8 1 4
456 376 1 2 4
456 774 9 7 302741
457 906 10 3 115
458 743 8 3 115
460 197 10 2 46
460 462 5 1 4
460 566 5 1 3
461 625 4 2 14
461 901 2 6 6048
462 516 10 4 1028
462 641 3 8 261434
463 916 1 3 19
464 928 6 2 16
465 531 6 3 66
465 761 7 1 9
466 58 3 1 4
467 211 5 6 7461
467 300 4 5 1231
470 713 2 4 118
472 256 10 1 4
473 6 2 3 19
473 600 2 3 42
473 800 4 1 4
480 0 2 2 7
480 665 2 3 14
480 731 6 2 21
480 928 7 1 4
481 288 5 2 11
481 416 6 1 9
482 64 4 2 21
483 276 5 1 4
483 555 1 3 14
484 841 4 5 1461
485 134 2 4 48
488 269 3 2 9
488 334 5 1 4
488 565 3 6 5576
489 64 10 1 4
491 112 1 3 16
496 978 2 2 7
501 519 9 2 34
504 267 4 1 7
505 332 1 4 28
512 1 4 2 20
512 5 2 3 11
512 36 9 1 14
512 52 6 2 22
512 65 5 3 70
512 96 5 1 7
512 153 4 5 779
512 173 7 2 15
512 420 10 4 566
512 438 4 1 4
512 453 3 3 38
512 482 10 6 41393
512 685 8 2 17
512 936 4 2 11
513 5 6 6 15413
513 42 3 1 4
513 47 6 1 4
513 65 9 1 4
513 100 9 2 43
513 112 10 2 51
513 304 5 2 17
513 315 5 3 35
513 340 5 3 31
513 640 7 1 12
514 4 7 7 38630
514 11 9 3 57
514 36 9 1 4
514 160 2 3 19
514 401 10 1 7
514 452 3 1 4
514 572 9 1 11
514 780 9 1 12
515 93 6 1 4
515 157 1 7 5531
515 273 3 4 119
515 598 5 7 26606
516 33 5 1 7
516 69 1 4 41
516 72 3 1 4
516 169 8 1 4
516 357 2 5 391
516 385 7 2 20
516 442 8 1 4
516 555 10 1 14
516 582 10 4 664
516 605 1 2 4
517 0 4 2 15
517 3 4 6 6888
517 8 2 2 4
517 34 7 4 305
517 177 9 1 11
517 281 5 2 23
517 525 7 1 4
517 672 9 1 10
517 676 7 5 2449
517 768 1 3 7
518 0 3 1 4
518 66 8 1 9
519 517 7 1 4
519 967 4 1 4
520 9 10 1 7
520 94 9 1 4
520 164 3 2 7
520 296 9 7 151522
520 328 5 1 4
520 812 10 6 23216
521 81 5 2 10
521 131 8 2 17
521 229 5 6 13411
521 450 5 5 1666
521 554 7 2 15
521 560 7 6 5123
521 609 10 4 242
522 121 6 1 10
522 234 6 1 4
522 549 9 6 24915
522 652 5 2 10
524 159 2 5 1141
524 520 10 1 4
525 134 2 3 25
525 820 9 3 141
526 548 3 2 11
527 713 10 3 118
528 10 9 5 2969
528 33 6 6 6397
528 36 1 2 4
528 97 3 3 19
528 144 5 1 4
528 171 5 6 11885
528 344 9 1 7
528 406 8 2 29
528 512 7 3 111
528 580 3 1 4
528 611 4 3 41
528 720 2 3 14
528 801 9 3 56
529 16 7 1 7
529 148 7 1 7
529 260 2 3 16
529 423 6 2 24
529 517 4 2 12
529 520 9 3 54
529 737 5 1 5
530 86 2 2 7
530 132 4 1 6
530 278 7 1 4
530 325 3 9 7215361
530 522 7 2 37
530 696 8 4 209
532 11 10 2 40
532 134 8 4 905
532 550 3 6 3975
532 853 9 1 4
533 5 8 6 12973
533 37 6 1 8
533 787 1 3 17
534 6 2 3 13
534 425 8 1 4
534 786 8 3 143
535 10 2 5 315
536 10 4 5 867
536 244 4 1 4
536 412 10 1 4
536 687 9 1 5
536 902 9 1 4
537 99 3 4 87
537 138 6 1 4
537 257 5 2 9
538 74 3 4 151
538 84 5 1 7
540 256 7 1 12
541 344 8 4 805
541 793 9 1 4
544 6 10 3 208
544 24 9 2 16
544 151 5 1 4
544 160 1 2 4
544 401 5 1 4
544 416 10 1 9
544 536 5 3 52
544 542 9 2 34
544 551 3 1 4
544 597 1 4 24
544 718 3 6 8313
545 209 3 2 11
545 520 4 3 34
545 743 9 1 4
545 914 7 2 14
546 2 7 8 1015996
546 4 1 3 6
546 263 2 3 14
546 612 9 1 10
546 650 2 2 7
546 900 2 8 160199
547 265 8 4 265
547 427 6 3 88
547 577 10 1 4
548 141 6 2 14
548 169 1 3 14
548 512 1 7 19658
548 577 3 5 641
548 586 6 1 7
549 97 6 5 1647
549 146 3 4 179
549 530 1 3 7
550 36 8 1 4
550 800 2 5 776
551 4 8 2 18
551 40 7 5 4048
551 89 5 2 19
552 136 9 3 48
552 640 1 6 1523
553 36 9 3 58
553 102 6 7 44112
553 933 3 3 16
554 137 4 4 194
554 296 7 2 32
555 52 6 7 66732
555 418 8 1 4
556 409 4 1 7
557 6 1 5 299
557 15 6 1 6
557 370 1 10 18203496
557 400 7 4 416
557 557 2 2 4
557 770 1 4 30
557 938 8 1 12
559 557 6 1 10
560 18 2 6 2880
560 32 2 2 9
560 96 7 4 718
560 104 9 4 213
560 168 9 1 4
561 10 5 4 384
561 444 7 6 20767
561 521 2 3 40
561 786 4 5 2440
562 162 6 5 994
562 992 6 6 11679
563 20 7 2 21
563 410 8 1 11
564 28 4 3 55
564 656 4 2 19
564 659 4 3 25
565 105 1 7 8816
566 4 1 3 9
566 44 7 3 75
566 132 5 1 4
569 385 10 1 4
569 522 6 4 171
571 100 10 6 39133
571 457 9 1 11
572 36 10 1 4
572 64 3 4 131
572 257 4 2 21
572 370 5 6 14333
573 797 1 3 12
573 886 3 6 2360
574 18 10 7 126086
574 696 4 1 5
576 4 4 3 39
576 5 4 1 4
576 48 3 1 4
576 133 5 2 10
576 172 9 3 93
576 193 8 3 113
576 325 1 4 85
576 371 4 3 81
576 525 5 10 244838538
576 547 6 5 1071
576 607 4 5 2118
577 72 10 3 189
577 222 8 7 48224
577 236 10 1 11
577 401 8 6 7378
577 577 2 4 205
577 661 9 4 255
578 26 9 3 62
578 96 5 1 4
578 120 8 1 4
578 136 2 5 1247
578 554 4 3 25
578 572 10 1 17
578 575 8 1 4
579 80 6 3 88
579 136 8 1 7
579 621 3 1 4
579 789 1 3 12
580 64 8 1 7
580 507 5 1 4
580 528 7 1 9
580 598 3 3 22
581 645 1 2 4
582 633 7 2 14
583 129 9 3 48
584 432 4 2 9
585 64 4 7 75908
585 208 3 5 975
585 217 3 2 7
585 354 10 6 27888
585 389 6 3 51
586 64 7 1 4
586 658 8 1 11
590 276 5 7 160842
590 520 10 1 7
590 788 10 5 2797
591 147 6 2 19
592 2 3 1 4
592 4 8 2 28
592 148 3 2 14
592 566 2 4 221
593 429 6 4 664
595 557 5 3 28
596 11 8 1 6
596 33 3 3 34
596 91 3 3 32
596 154 2 3 21
596 385 2 7 32984
597 387 6 3 38
599 92 4 3 55
599 176 9 6 20758
599 569 2 2 4
600 68 1 3 11
600 115 7 5 2809
600 562 5 3 78
600 573 10 1 4
600 575 3 2 12
601 431 5 5 3155
602 480 5 1 4
604 913 3 3 27
605 80 7 3 83
606 281 7 3 41
606 807 5 6 8798
607 288 4 3 40
607 393 4 3 30
608 176 7 3 48
608 185 2 3 14
608 522 1 3 7
608 576 9 6 7684
608 648 6 1 4
609 225 2 2 4
609 526 6 1 5
609 768 7 3 154
611 125 7 3 45
612 170 7 1 4
613 840 7 1 10
614 936 10 1 16
616 81 10 4 504
616 450 9 2 27
616 806 2 2 4
617 374 10 1 14
617 908 3 2 7
618 70 8 3 132
618 1004 1 3 9
619 76 6 1 4
619 140 9 1 4
619 231 5 5 1884
621 293 7 1 11
623 1000 5 6 3484
624 579 3 2 14
625 5 10 1 10
625 261 7 1 4
625 530 6 6 28032
626 8 3 2 7
626 104 6 1 4
626 114 2 4 45
626 528 3 2 7
626 608 3 1 4
627 3 3 1 4
627 418 5 1 7
627 769 4 1 4
627 977 5 1 7
628 76 7 1 4
629 446 1 2 4
629 528 4 2 9
632 18 2 4 120
635 546 7 1 4
637 73 3 1 4
638 161 10 1 12
640 4 3 1 4
640 6 10 1 4
640 16 6 1 7
640 160 6 2 24
640 181 1 3 15
640 246 6 1 10
640 258 2 4 172
640 369 5 2 11
640 421 2 2 7
640 525 7 4 635
640 584 9 2 33
640 659 4 3 22
640 732 1 7 17459
640 938 2 2 4
640 952 5 1 7
641 192 5 1 4
642 512 3 1 4
642 562 1 5 234
643 73 2 4 98
643 775 6 7 76126
644 48 6 1 4
644 387 7 1 7
644 756 10 1 4
644 769 2 2 7
645 4 1 4 51
645 25 4 9 2985219
645 548 2 4 57
645 963 4 1 4
646 289 4 7 31025
646 388 1 6 1266
648 76 6 4 277
648 98 8 3 66
648 210 6 4 411
648 369 9 3 91
648 694 8 1 7
648 769 7 1 7
649 4 4 2 15
650 216 2 6 6525
650 953 8 5 1992
651 290 6 4 171
652 594 7 5 1039
654 129 2 8 90006
654 565 9 1 7
655 384 9 1 9
656 3 10 3 202
656 259 1 3 9
656 278 4 4 262
656 370 10 7 262814
656 833 3 7 46606
657 201 7 2 19
658 26 7 1 4
658 226 6 2 12
658 640 3 1 4
660 36 10 1 4
660 52 9 3 156
660 69 2 2 4
660 85 5 3 40
660 648 10 2 20
661 244 3 1 4
661 608 6 1 7
662 374 7 4 218
664 16 10 1 4
664 205 5 1 4
664 781 5 1 7
665 3 9 6 13296
665 260 7 4 157
666 66 4 2 11
667 587 8 1 14
668 163 7 4 254
668 464 10 3 59
668 749 7 6 28680
670 515 8 3 125
672 1 8 6 17142
672 64 2 2 9
672 129 7 3 64
672 514 9 7 45972
672 608 5 1 4
672 717 5 1 4
673 104 7 10 53509851
674 259 2 3 34
674 288 8 1 7
674 401 5 2 12
674 672 4 1 4
675 257 3 1 4
675 470 2 7 21754
676 52 3 2 15
677 121 5 2 17
677 641 1 3 6
679 556 4 2 20
680 20 6 3 47
680 39 4 3 22
680 450 4 2 15
680 540 8 5 2837
681 6 6 5 1031
682 14 3 2 14
682 156 1 3 19
683 278 7 1 10
684 1008 3 2 14
686 426 6 3 85
686 593 7 1 11
689 80 4 1 4
691 12 4 5 609
692 260 10 3 60
692 914 8 1 14
693 397 5 1 7
693 522 10 6 9858
694 6 3 4 151
694 768 5 5 988
694 931 2 6 1428
695 517 5 3 30
695 585 3 2 11
696 885 5 4 182
697 710 6 3 100
700 18 7 2 14
700 229 5 3 109
700 864 5 2 9
701 34 6 2 12
701 941 7 3 56
704 34 10 1 7
704 135 3 3 20
704 292 6 4 527
704 673 6 2 14
705 596 5 5 571
705 854 7 4 187
706 17 7 3 51
706 161 3 3 17
706 460 8 2 24
706 732 9 1 13
709 325 10 1 12
709 354 4 2 10
709 644 4 2 9
709 843 5 1 4
710 2 6 2 23
711 19 5 3 55
712 35 9 1 7
712 283 2 2 4
712 862 9 3 58
713 593 7 3 40
713 837 6 1 5
716 339 10 3 60
716 649 7 3 52
719 512 9 1 11
720 7 10 3 78
720 144 4 4 126
720 803 10 2 26
721 0 7 3 136
721 170 2 3 18
721 584 9 1 4
722 82 10 3 54
722 100 5 2 12
722 146 10 3 66
722 258 4 5 1444
722 393 8 1 10
722 464 1 2 5
724 596 8 1 4
725 44 2 3 26
725 65 2 3 14
726 322 10 4 588
728 227 1 2 4
728 350 4 1 4
728 712 7 7 197192
729 578 10 1 9
730 332 1 3 7
732 834 6 2 21
736 24 6 3 71
737 25 4 4 239
737 64 3 5 1888
737 288 4 4 324
737 610 10 6 38078
740 235 3 8 1015775
740 778 6 1 4
740 801 9 3 124
741 45 7 2 27
742 97 2 3 15
743 787 9 1 4
744 124 6 1 10
744 280 10 3 88
744 762 9 1 4
745 63 7 2 22
752 261 7 1 4
752 494 2 5 387
752 786 1 3 12
754 32 9 6 7543
759 130 6 6 14217
760 40 8 1 5
760 300 1 3 9
761 435 5 2 14
763 668 6 5 2406
765 513 4 3 39
768 226 4 4 275
768 326 6 4 187
768 502 10 1 4
768 608 4 2 17
768 666 2 3 25
768 736 9 1 7
768 738 1 3 16
769 34 9 3 129
769 350 3 6 4779
769 640 10 3 90
769 773 4 3 47
770 67 2 2 4
770 515 10 1 4
770 663 6 4 311
771 128 8 1 4
771 800 4 2 13
772 0 10 4 274
772 32 6 3 107
772 130 7 6 9541
774 8 9 1 7
775 48 10 2 24
775 921 9 5 1193
776 586 2 7 23682
776 697 4 2 12
777 6 3 3 28
777 84 9 1 4
777 200 3 5 1887
777 318 7 1 10
777 608 9 2 16
777 641 3 2 9
778 330 7 4 328
778 389 1 2 4
780 16 1 2 4
780 193 10 1 12
780 707 7 1 4
780 901 8 1 4
781 222 10 2 33
782 226 10 4 678
782 405 4 7 30050
784 1 3 7 17237
784 514 10 1 4
784 549 6 3 35
784 604 8 4 313
784 634 8 4 304
784 841 7 1 4
785 257 4 8 342769
786 142 1 5 331
786 521 10 1 17
786 576 9 1 4
786 914 4 1 7
787 199 7 1 7
788 25 2 3 15
788 324 3 10 11283968
788 332 3 5 352
792 274 6 2 15
792 540 5 7 27149
792 594 6 3 39
793 52 6 5 3210
793 498 5 1 7
795 422 6 3 43
795 661 7 3 38
800 45 10 1 4
800 133 1 3 7
800 824 9 1 12
801 34 9 1 5
801 592 5 6 4065
801 642 10 2 40
802 660 9 2 20
802 769 2 2 7
803 512 5 1 6
804 0 3 2 9
804 104 5 3 27
804 337 6 1 4
804 433 6 2 23
804 779 8 1 4
805 387 4 2 19
805 781 4 4 119
806 43 3 2 10
806 134 6 1 4
806 232 7 1 7
806 326 9 1 4
806 480 8 2 19
808 302 3 2 9
808 526 5 1 7
808 937 1 5 143
808 945 5 4 126
812 778 2 6 1540
814 161 6 3 52
814 264 5 2 21
814 523 1 4 36
816 18 1 2 5
816 24 3 5 1699
817 784 5 2 12
818 253 5 1 4
819 69 8 1 7
819 538 1 7 7183
821 236 7 3 98
824 392 4 2 9
824 609 2 3 36
828 592 6 6 9368
830 356 8 3 44
832 16 8 1 10
832 21 7 4 366
832 30 1 6 731
832 43 6 3 104
832 281 2 2 7
832 328 9 1 4
832 427 9 2 36
832 518 9 2 16
832 548 4 2 17
833 147 10 1 10
833 999 5 1 4
834 0 8 4 331
834 32 10 2 23
834 67 7 2 14
834 104 3 2 7
834 148 4 2 10
834 912 10 9 16018806
835 264 9 1 11
835 583 6 1 9
836 388 9 1 7
836 485 10 1 7
840 96 8 1 6
840 106 4 2 12
840 545 6 1 7
840 800 6 1 7
841 32 7 1 4
841 370 9 6 38528
842 200 5 1 7
845 561 9 3 69
848 90 7 3 56
848 188 7 5 2084
848 391 9 1 6
848 899 2 4 47
849 792 3 3 56
849 1018 3 1 4
850 308 6 1 7
851 195 3 4 141
852 2 9 1 7
852 72 5 3 89
852 824 10 7 221008
856 256 3 6 4732
856 866 7 3 50
857 42 2 2 5
862 130 4 3 29
863 516 8 1 7
864 23 7 1 7
864 786 8 4 561
870 6 3 2 13
871 264 10 1 7
872 32 9 1 7
872 50 9 3 142
872 165 2 8 145908
873 9 10 1 9
874 360 3 3 36
875 164 10 6 9556
880 611 5 2 13
882 42 1 3 7
882 591 1 4 31
884 802 6 2 17
885 601 9 1 7
894 392 1 6 1300
895 603 7 6 22675
896 330 2 2 4
896 868 8 3 82
897 39 6 3 122
897 115 1 4 36
897 523 7 4 284
898 336 4 5 977
898 699 6 9 4607991
899 537 8 5 5476
899 736 8 2 32
900 4 4 2 19
900 162 1 4 23
900 313 6 5 1475
902 131 1 4 47
902 420 3 1 4
903 339 8 6 36928
904 112 3 4 157
904 231 7 3 41
904 552 5 5 1114
904 888 6 4 536
904 929 10 1 4
905 12 8 8 548415
905 196 1 3 11
905 540 2 5 1056
905 572 1 2 4
906 210 3 6 13150
906 328 5 3 75
907 276 2 2 4
908 456 7 8 1103927
910 614 5 1 4
911 5 3 1 4
912 2 8 4 180
912 85 5 1 4
912 129 5 1 7
912 388 3 4 191
914 216 2 2 9
914 669 8 2 21
914 776 2 2 4
914 968 3 2 7
915 431 9 1 9
916 777 7 4 431
917 912 2 2 7
918 0 9 2 20
920 200 5 1 7
921 272 9 3 85
922 8 3 3 52
924 33 8 2 15
924 196 10 1 6
928 384 8 1 7
928 516 3 5 694
928 518 6 4 595
930 547 1 4 60
930 720 7 4 463
931 230 10 1 8
931 657 4 2 16
932 783 2 2 9
933 657 1 4 26
934 94 6 5 2768
938 261 2 6 4765
938 316 5 8 1621784
938 552 8 2 36
940 512 1 5 227
941 771 9 1 10
944 756 5 1 7
945 456 4 3 32
946 205 6 5 1710
947 568 9 1 7
948 9 3 2 7
951 818 2 8 111680
952 37 4 1 6
953 905 6 1 4
956 846 10 2 37
958 844 8 1 7
960 358 8 1 4
961 131 3 3 22
961 291 5 2 18
961 333 9 1 6
961 481 3 6 2722
963 130 10 1 9
965 937 1 5 235
966 29 4 9 2023949
966 192 3 3 30
966 197 7 2 33
968 51 7 1 11
968 352 2 2 8
968 360 1 3 7
969 313 6 3 107
969 769 8 7 175835
970 180 7 1 4
971 566 9 1 12
975 205 8 7 171635
976 321 4 4 221
976 779 1 3 7
977 22 2 3 15
977 34 9 3 152
977 549 6 1 7
984 324 1 4 31
984 483 8 2 18
985 268 3 2 10
986 772 5 3 35
987 962 5 7 86643
988 366 2 2 4
990 35 3 1 4
996 36 5 1 4
996 836 10 2 37
998 179 8 1 10
1000 260 2 3 15
1001 286 1 3 11
1002 652 4 3 51
1002 912 3 8 359816
1003 684 9 3 51
1013 316 1 4 56
1018 358 1 6 3299
1020 371 2 3 19
1021 643 6 2 12
