1296 0.002527281354792304 
714 0.002526228749301898 
1783 0.002473249855963509 
1070 0.002541667117723475 
773 0.0024893886227135486 
913 0.00254342149817594 
1955 0.0024606198576320147 
254 0.002448341000247486 
1438 0.002539912741335323 
645 0.0025114924431648743 
1817 0.0024844767744911715 
209 0.0025816679314690557 
412 0.002578159014212608 
1300 0.0025581584493850774 
1161 0.002441675468776192 
964 0.002496756473266024 
167 0.002538158369049329 
224 0.0025437723747508438 
1025 0.002439921397767529 
1026 0.002526228749301898 
1944 0.0025157027831635074 
108 0.0023960720219404854 
1302 0.002489037775010056 
1040 0.002473249855963509 
651 0.002244578565856946 
1466 0.002651848743952861 
1551 0.0024764074033456814 
578 0.0024953530660590715 
1183 0.002442727914656052 
1960 0.0024571115808637908 
1284 0.0024143127760415063 
1510 0.002502720990329896 
1542 0.0025041244145531257 
1093 0.0024599182002826756 
1149 0.002421679478264086 
1575 0.0024879852331858216 
1791 0.002534649636936861 
1382 0.002330483740835587 
391 0.002481670023300236 
290 0.002481670023300236 
490 0.002473249855963509 
103 0.002409401717454396 
1418 0.0025746501103564596 
425 0.002495002214774463 
1634 0.0025034227020440747 
1860 0.0024753548854802264 
47 0.002413961984094296 
1615 0.0024981598837645887 
972 0.002650094173081579 
712 0.002523070942389285 
1298 0.0025441232514865197 
442 0.0024462360851401576 
872 0.002510089002565828 
1345 0.0024571115808637908 
1779 0.002480968337718571 
815 0.002523421809111174 
1495 0.0024381673336333555 
1246 0.002453252505558817 
249 0.0024806174952623546 
874 0.0026241268051921595 
996 0.002550439059883668 
185 0.0024879852331858216 
1387 0.0023487207500372496 
436 0.0024879852331858216 
1287 0.0024911428644291845 
1807 0.002548684663545758 
1509 0.0025167553723798248 
727 0.0024669348179390147 
1563 0.0025079838474321623 
6 0.002472899018521108 
1109 0.002517106235823084 
858 0.002443078730492237 
377 0.00259079117729262 
1099 0.0024957039175509087 
347 0.002778182874299988 
982 0.002563772596304961 
860 0.00245781323421462 
1624 0.0025630708258925945 
1386 0.0025321935344778386 
127 0.002483073397129248 
1802 0.002523421809111174 
1159 0.002506931272480209 
480 0.0024458852668852132 
1319 0.002400632127001968 
826 0.00250482612785415 
1757 0.0025809661469576506 
787 0.0024781616043527185 
823 0.002518509691442815 
1326 0.002548684663545758 
1588 0.0024921954120032163 
816 0.002578860796599835 
1710 0.0024069462115895585 
1674 0.0024721973443346725 
756 0.00256026375007099 
1228 0.0024188730995851645 
1277 0.0025076329889203207 
307 0.0024764074033456814 
1106 0.002530790051111406 
1830 0.002474653208051272 
751 0.002496054769249597 
332 0.002340303518022003 
1933 0.002517106235823084 
1328 0.002495002214774463 
1178 0.002489739470630769 
1669 0.002589036700234022 
493 0.0025107907224829005 
1561 0.002549035542501203 
1028 0.0025223692094837667 
1934 0.002479564969237011 
1469 0.002482722553339787 
632 0.002451498390668534 
1847 0.0024546558021018884 
487 0.0025479829061051057 
0 0.00270273221991425 
749 0.00241817150795889 
1340 0.002525176145398712 
194 0.002587282226338073 
534 0.0024364132764344076 
783 0.002622372273267011 
1581 0.0024788632863435834 
733 0.002522018343300799 
1912 0.0024953530660590715 
1052 0.0023473178605592114 
1170 0.00253640400090367 
950 0.0024090509299377204 
353 0.0024448328137234112 
1175 0.0025128958868123373 
96 0.0024932479614730696 
373 0.002396422797219077 
586 0.0025192114203559527 
1574 0.0024420262837975505 
1202 0.002526228749301898 
1293 0.0024683381530939204 
681 0.0025300883104599652 
1460 0.0024753548854802264 
525 0.002443429546599073 
529 0.0024385181459073224 
336 0.0025255270131895402 
434 0.002276482052177459 
1271 0.002506931272480209 
680 0.0025083347061380513 
1892 0.00241817150795889 
1856 0.0024627248356104553 
207 0.00260237080312991 
721 0.0024606198576320147 
1281 0.0025455267600309993 
1455 0.0024539541533179434 
220 0.002491493713409243 
1426 0.0024497442822634472 
926 0.002591142073081286 
718 0.0025721938857647822 
753 0.002548684663545758 
893 0.002473249855963509 
1428 0.0024108048707159628 
530 0.00247430236968244 
1393 0.0024714956710821852 
1496 0.002486932693299134 
1451 0.0024935988117158656 
20 0.002413260401139168 
272 0.00243886895845821 
