0 166 2 2 4
0 843 6 1 4
1 135 3 1 4
1 292 2 6 5068
2 267 8 2 16
2 826 1 9 672032
3 277 8 1 5
4 293 1 2 5
4 803 6 5 823
6 3 9 1 11
7 81 9 1 5
7 237 10 2 27
7 715 4 6 6889
8 850 1 2 4
8 902 9 3 48
9 823 10 1 10
10 176 10 1 9
10 778 4 5 540
14 584 8 1 4
20 10 7 1 4
20 786 4 1 4
30 588 7 1 4
32 276 1 2 4
32 721 7 1 10
32 803 5 1 4
32 960 4 1 3
33 64 6 1 4
33 898 6 4 343
33 945 6 1 4
35 266 9 1 3
37 594 8 2 18
37 640 6 1 8
39 48 2 2 4
39 982 3 2 8
40 756 2 3 12
42 839 5 6 6578
48 198 6 1 4
50 9 6 1 3
51 70 4 2 11
51 377 3 5 862
52 899 6 1 4
56 89 1 5 124
58 470 9 1 4
59 58 6 1 5
59 583 2 2 7
64 194 8 1 4
65 421 3 2 8
67 16 10 1 4
68 153 1 2 4
69 138 4 3 24
69 768 3 3 64
70 431 9 1 4
73 640 2 2 4
77 450 8 1 4
80 82 3 2 10
83 784 9 5 5334
90 274 7 1 4
96 32 10 1 5
96 321 9 4 787
97 195 5 2 24
102 166 4 5 608
108 825 5 1 4
109 707 7 1 5
119 836 2 3 13
122 185 2 5 515
128 453 2 4 70
130 273 3 2 12
130 520 9 1 7
132 957 7 1 4
133 138 3 1 4
134 67 1 2 4
134 377 3 1 4
138 590 1 8 288043
140 72 9 9 8571785
144 418 3 4 80
146 910 2 2 5
148 912 4 1 3
151 102 9 1 4
153 598 3 1 4
157 404 3 1 5
161 21 4 1 4
164 217 2 2 4
178 797 2 2 7
185 5 9 4 622
186 582 10 1 4
192 43 1 7 13812
202 11 2 2 5
208 14 8 1 8
209 513 9 1 4
216 138 8 1 4
225 948 10 1 8
232 5 7 4 752
238 620 9 3 139
241 206 10 3 120
248 557 10 1 5
256 512 8 1 4
257 156 10 1 4
259 7 3 1 4
260 295 10 1 4
260 522 7 3 42
262 256 1 2 4
264 1 9 3 65
269 444 8 2 19
270 73 10 1 8
272 554 5 1 4
273 47 10 4 779
276 628 5 1 7
280 600 10 2 19
285 104 5 5 740
286 12 1 2 4
290 388 3 6 10525
291 768 7 4 168
296 260 1 2 4
301 777 7 1 4
303 292 5 1 4
304 42 4 1 4
304 106 3 6 6032
305 11 4 1 4
305 34 3 4 152
307 514 7 1 4
308 21 1 2 4
314 109 2 1 3
320 720 5 1 6
321 768 4 3 56
321 1008 5 1 4
324 530 7 1 5
325 720 5 1 5
334 288 3 4 115
335 83 8 5 3424
336 18 4 4 125
336 100 7 1 4
344 188 4 1 7
344 676 1 3 19
347 149 3 4 324
353 684 5 1 4
354 30 10 2 27
355 134 7 1 4
368 738 3 2 13
368 925 9 1 4
381 531 7 3 50
387 297 2 1 3
397 132 10 1 13
397 518 10 1 4
400 144 10 1 4
402 769 1 2 5
408 576 1 2 4
409 66 3 1 5
414 932 7 1 4
415 101 6 1 4
416 52 10 1 3
421 400 3 3 25
425 746 2 3 11
428 32 3 1 4
450 450 3 1 4
452 512 5 2 13
458 101 2 3 11
488 334 9 2 16
496 978 9 1 4
512 1 3 1 4
515 273 5 1 4
517 233 3 5 627
519 967 2 2 4
520 896 6 1 4
521 131 2 2 4
527 36 8 1 4
528 156 10 3 151
528 406 4 1 4
528 512 10 1 4
529 836 5 1 4
534 425 5 1 4
545 209 8 1 4
548 577 10 1 4
554 296 5 2 14
557 6 8 1 8
563 410 2 1 3
569 385 8 1 4
576 19 6 1 7
576 193 3 6 4232
577 401 9 1 4
577 577 8 1 4
585 64 6 4 340
585 389 9 4 552
587 608 5 1 4
592 585 6 2 11
593 429 3 7 53375
595 58 7 5 2100
606 807 9 1 6
607 393 10 1 4
612 534 9 2 37
613 840 1 3 10
617 908 4 1 4
625 5 7 1 11
626 528 5 1 4
631 24 2 2 10
640 258 1 2 4
640 369 9 1 4
644 660 8 1 4
644 769 8 5 1245
648 512 10 1 4
656 278 7 1 4
658 10 1 2 4
658 26 9 3 86
662 374 1 7 24977
664 205 6 5 2498
665 3 5 2 9
672 608 9 1 7
673 656 4 3 62
674 259 6 2 11
681 33 7 1 4
686 426 9 1 13
690 110 2 2 4
692 914 4 1 4
701 34 3 3 59
701 941 8 5 3183
710 2 2 2 5
716 339 4 4 94
720 7 5 1 6
721 584 3 10 448112990
723 142 1 2 4
724 596 6 1 4
725 65 7 1 5
740 778 9 1 4
742 97 4 1 4
768 68 5 1 8
771 128 9 1 4
772 130 6 1 10
777 539 9 1 4
780 16 3 1 4
781 496 9 1 12
782 226 2 7 67803
784 1 2 2 8
784 514 7 4 456
788 25 5 2 10
793 498 8 1 4
800 824 6 5 846
806 326 8 1 4
808 945 10 3 103
814 523 8 5 1446
832 548 5 1 4
834 912 10 1 4
835 392 4 2 18
863 516 3 4 155
898 699 8 1 3
904 231 5 1 4
912 85 9 1 4
944 165 10 1 4
958 844 1 2 4
968 51 5 2 16
970 180 10 5 1557
986 772 6 4 363
