0 198 6 1 4
1 503 7 2 18
3 218 9 2 16
3 363 10 1 4
4 361 2 6 3797
5 214 1 3 10
8 303 2 2 4
10 223 4 1 4
11 438 2 2 4
13 207 2 2 4
13 280 3 2 7
13 397 6 8 373838
14 173 10 1 4
14 265 10 1 4
15 414 1 4 23
16 25 8 2 22
16 232 9 1 4
17 131 9 3 73
17 316 10 1 8
18 90 3 3 50
19 33 9 1 8
20 283 7 1 10
22 226 1 4 77
23 108 2 2 7
23 304 4 5 517
24 386 6 2 16
24 418 7 2 26
25 126 10 1 4
27 342 7 1 5
27 378 8 5 4355
28 407 6 1 4
32 105 4 1 4
32 177 8 2 16
34 84 10 1 14
34 231 1 2 4
34 282 5 2 14
34 317 7 1 5
35 446 4 1 4
35 458 8 1 4
38 277 1 2 4
39 467 6 1 4
40 148 8 1 7
40 486 8 7 93302
41 429 4 1 4
44 327 6 1 4
45 108 6 1 10
45 408 1 4 47
46 106 7 2 26
47 246 5 2 13
47 505 1 4 26
50 169 2 3 16
50 177 4 7 32922
51 134 5 2 23
52 78 5 5 2569
58 164 4 1 7
62 444 7 1 4
63 335 4 1 4
64 91 10 1 14
65 236 5 6 15524
65 277 1 2 4
65 386 3 6 6291
66 185 4 1 4
67 70 7 6 18439
68 209 3 4 174
68 267 7 3 115
68 363 4 1 4
68 432 10 1 3
68 474 1 2 4
69 89 5 1 4
69 462 8 1 4
71 228 8 1 4
75 392 1 3 7
76 322 3 1 4
77 340 8 1 4
80 86 5 2 19
80 368 6 1 4
86 118 4 2 20
89 305 10 1 4
89 349 3 7 22258
98 113 4 2 10
102 259 10 1 5
103 273 5 1 4
105 242 8 2 41
107 359 7 6 13054
108 404 9 1 4
109 367 3 5 603
109 408 10 2 22
116 207 1 2 4
117 314 7 1 8
118 260 2 4 181
118 285 4 8 441612
119 293 1 2 4
119 423 8 1 5
122 258 7 1 4
125 445 7 1 5
126 466 10 1 4
128 385 3 1 4
129 206 4 2 10
129 406 1 2 3
135 169 8 2 25
137 160 3 1 4
137 201 9 1 4
137 250 4 1 4
143 270 1 6 2665
147 467 7 5 945
148 162 7 1 7
148 238 1 2 4
148 359 4 1 3
149 196 6 1 4
151 285 3 1 4
151 463 1 2 5
152 167 8 1 14
152 421 2 3 20
156 160 7 1 4
156 400 6 1 4
156 507 9 2 25
159 353 4 2 8
159 451 5 5 2865
161 423 6 1 7
162 273 3 1 4
163 333 6 1 4
164 241 3 1 4
164 291 1 2 4
165 323 10 1 4
166 170 8 1 4
169 266 6 1 4
171 319 1 2 4
173 266 2 6 4159
177 459 6 5 820
178 182 2 3 40
178 254 10 1 8
187 440 8 1 7
191 368 10 1 5
191 416 3 3 16
196 439 4 1 4
198 478 4 5 662
200 210 6 1 4
200 342 6 1 7
200 448 5 1 4
202 442 7 7 174914
204 245 7 2 37
205 345 3 1 4
206 410 2 2 5
208 275 10 1 10
211 386 10 1 4
212 238 5 1 4
213 443 4 1 4
214 231 6 1 4
215 393 3 2 14
219 478 2 2 7
223 412 8 1 4
227 397 3 6 11258
230 482 3 2 8
232 248 4 1 4
238 319 6 1 4
239 323 6 2 16
242 257 10 1 10
242 312 7 5 2053
243 249 6 1 4
250 395 10 4 643
250 441 6 4 391
253 296 10 1 8
255 392 5 1 4
256 288 6 1 4
259 373 3 1 4
260 283 1 2 4
260 316 8 1 4
265 281 3 1 4
267 463 2 2 4
271 489 6 1 4
272 320 1 2 4
277 359 1 5 199
284 333 10 1 5
303 305 4 2 13
303 376 9 1 13
306 481 6 1 10
307 394 10 1 4
311 342 10 1 13
311 432 10 2 49
314 418 1 6 1484
317 318 4 2 10
318 481 6 1 4
332 368 5 1 4
337 451 2 2 4
338 341 8 1 4
343 415 6 2 17
349 431 8 1 7
357 467 4 1 4
360 431 10 1 7
362 456 5 2 14
370 419 10 1 4
371 421 6 2 14
374 489 2 3 16
380 462 9 8 941999
381 501 5 2 17
383 387 3 1 4
383 504 4 1 4
384 450 3 7 29785
386 448 3 1 5
386 482 5 6 9789
388 418 4 2 13
389 500 1 2 4
391 404 6 5 2201
391 429 7 1 7
391 511 2 2 4
393 488 5 1 4
394 399 7 1 7
395 423 3 2 7
396 468 2 2 4
398 413 8 1 4
402 433 7 4 172
408 439 6 1 4
414 416 7 3 50
414 461 4 2 11
415 472 7 1 4
425 450 5 7 60831
427 505 1 2 4
447 485 8 1 11
449 452 4 1 4
455 479 9 1 4
458 490 9 2 19
461 503 7 1 5
485 501 3 1 4
501 504 3 4 124
