1982 0.02121368662057899 
422 0.021188670485476773 
586 0.021088605946202932 
844 0.021188670485476773 
1281 0.021188670485476773 
1662 0.021188670485476773 
405 0.021188670485476773 
1157 0.021238702755791858 
789 0.021238702755791858 
943 0.021188670485476773 
729 0.02116365437350351 
1394 0.021188670485476773 
1136 0.021188670485476773 
969 0.021188670485476773 
1163 0.021188670485476773 
1780 0.021188670485476773 
746 0.02121368662057899 
481 0.021188670485476773 
227 0.021188670485476773 
496 0.021188670485476773 
220 0.021188670485476773 
1464 0.021188670485476773 
1974 0.021188670485476773 
1734 0.021188670485476773 
739 0.021188670485476773 
1225 0.021188670485476773 
813 0.021188670485476773 
1880 0.021188670485476773 
191 0.021188670485476773 
122 0.021188670485476773 
1820 0.021188670485476773 
462 0.021188670485476773 
578 0.02121368662057899 
614 0.021188670485476773 
172 0.021188670485476773 
64 0.021188670485476773 
1513 0.021188670485476773 
1103 0.021188670485476773 
258 0.021188670485476773 
1848 0.02121368662057899 
