1710 0.0028016293612523253 
1296 0.0027944882180163787 
1302 0.0027616323051529636 
1697 0.0027561235592926682 
318 0.002819387186715432 
1212 0.0027332680764819315 
1013 0.0027457150501860937 
1449 0.0028187738401283563 
1225 0.0028044866477235785 
1293 0.0027632662867487882 
1676 0.002802445977753589 
1621 0.0026189785340163863 
257 0.002752457925015683 
1312 0.002778161913431135 
602 0.002682865093222933 
338 0.00278917504041782 
1946 0.0029759072218073033 
213 0.002784695499021031 
910 0.002912234940447695 
870 0.0027724483933040034 
487 0.0028934616319570452 
1434 0.0028991766933923664 
274 0.0028126528245755894 
474 0.0028346975272788336 
1162 0.0028867285271124018 
275 0.0027826574302358634 
1716 0.002815507155177295 
1644 0.002745512311694885 
1201 0.0027595952013402376 
1346 0.0027514332172681693 
1933 0.002800405732586264 
201 0.0028424455443742166 
1923 0.002803471052973071 
6 0.002802854267041346 
1803 0.002851014597758451 
1482 0.002745306300390515 
1900 0.0028820354748013877 
268 0.0027702042081315624 
1776 0.0027589806604747073 
1618 0.002752652518726995 
1742 0.0027904085269592647 
657 0.002738983945659915 
1240 0.0027948956244315056 
403 0.002812240780983591 
882 0.0027961190449215445 
91 0.002759794636317968 
1230 0.0028712181842059223 
1510 0.002803466479118153 
1839 0.0028004061364691793 
1842 0.0028420360434667914 
1540 0.0028075496676162937 
1363 0.002832243674547198 
938 0.00282407857881202 
545 0.0027685720839608244 
1144 0.0026138900071067937 
867 0.0029534587939903756 
944 0.0027410261774925833 
887 0.002865304598588301 
44 0.002826323781479762 
1285 0.0026589888707902734 
750 0.002756327228588296 
1352 0.002814078235093929 
1797 0.002788163411661336 
778 0.002796324320817691 
1591 0.0028263227004195505 
1863 0.0028093856325741204 
1770 0.0027718390065540476 
256 0.0028083638810373996 
54 0.0028063266445264804 
437 0.0029026451819442124 
450 0.0027663257067303032 
1666 0.0028453034907384676 
1362 0.0028942757454906132 
1441 0.002822036671133376 
1505 0.0028369336658910387 
1813 0.0028195876330275823 
785 0.0029228503327537415 
1891 0.0029412151160936964 
624 0.002828977089290992 
945 0.0028291791797180567 
24 0.0028653064609877026 
1959 0.0027542855770546445 
1844 0.0028095941126510962 
561 0.0028008133939633343 
479 0.0027561248347683816 
398 0.002805713301645031 
103 0.0027175535830600665 
1865 0.0028208151101497547 
1980 0.0027665344127202375 
1603 0.002726133460451507 
1502 0.0027928546237600453 
536 0.0028181591173560418 
1174 0.0027653070025706094 
524 0.0028502005732924727 
249 0.0029181585303562157 
920 0.0027857167665301975 
57 0.00281346732339543 
238 0.002936725070094013 
1158 0.002839996211754154 
1273 0.0027112270928912412 
1046 0.002771426971742445 
809 0.0027714316395533152 
1667 0.00273164070181314 
1759 0.002825506856964999 
1388 0.0028263232332629558 
1766 0.0028424483055460898 
352 0.00288060753759919 
1367 0.0028110168944610954 
1134 0.002839179209587949 
446 0.0027622444404743498 
1391 0.002785916323071049 
448 0.002790406221741769 
958 0.002842035895632181 
675 0.002740002335484356 
1920 0.0027524571761206756 
1281 0.0028122422406558246 
1233 0.0027665315658249538 
1335 0.002831220224942697 
951 0.0028163258340146405 
1564 0.0029640712154111806 
1250 0.0027665325681602015 
46 0.0027642814946154328 
1619 0.0027589808232125644 
1012 0.002834893711015191 
607 0.002590218208828687 
472 0.002746329590733936 
1494 0.002818976159586609 
510 0.0027959176207481913 
1341 0.0028234669491935655 
1459 0.002771836220041738 
1404 0.0028134656894718045 
552 0.0027397958513092845 
182 0.0027636789997202912 
1001 0.0028036702907797023 
358 0.0028144912385361584 
909 0.002822651588169022 
1295 0.002809181834961566 
609 0.0027663285160781552 
335 0.002864280313170317 
1421 0.002754691778740076 
190 0.0028287728908251227 
1410 0.00285244365492173 
1027 0.0027787772310488737 
770 0.0027571472701645437 
869 0.002740005831325533 
821 0.0027077644652339474 
1646 0.002851220438602339 
1270 0.002787549457135604 
287 0.0027863296418973982 
833 0.0028014246749375033 
513 0.002691232631791641 
88 0.002827552699667192 
1169 0.0026375639485948783 
134 0.002737959865693248 
1308 0.0027418314304380907 
1986 0.002844280013822483 
1121 0.00274265430586617 
1189 0.0028369354515390753 
993 0.002737351077298536 
1396 0.002780000886905598 
