959 0.011599119084983312 
1455 0.011622527381114758 
1253 0.011642034316639863 
1292 0.012125811752126216 
1731 0.01170055524005536 
87 0.012201890384679111 
538 0.012133614682498841 
1405 0.011803942610772136 
1000 0.011532795741796003 
392 0.012141417614404001 
1865 0.012012669455146 
420 0.01185856254955464 
1067 0.011819548294294489 
675 0.011911231895320508 
1091 0.012016570907060509 
491 0.012361850922931702 
126 0.01293146739403397 
442 0.011844907552774278 
1875 0.012028275265832378 
482 0.012016570907060509 
949 0.012049733268425981 
472 0.01176297774371169 
1264 0.011997063652636033 
1219 0.012523762418775139 
1881 0.012125811752126216 
598 0.01180784403063962 
941 0.011999014377494418 
169 0.011823449716854634 
1928 0.011897576868932678 
1026 0.01202632453905774 
1504 0.011764928449922628 
1926 0.011696653839826909 
300 0.011805893320621064 
1631 0.011954147739817298 
438 0.012000965102483836 
308 0.01226041249010929 
312 0.012008768003742546 
1004 0.012080944933977697 
951 0.011866365408392816 
1981 0.010545802261470949 
