0 8 5 1 4
0 18 3 4 85
0 47 4 1 4
0 135 1 2 4
0 150 2 2 6
0 166 10 3 58
0 256 4 7 80342
0 321 2 3 11
0 352 10 1 4
0 670 4 1 4
0 674 10 1 4
0 679 1 3 7
0 843 5 1 4
0 902 1 4 65
0 917 10 5 1139
1 15 2 7 68273
1 30 4 9 7267014
1 37 8 4 633
1 70 4 1 5
1 82 3 1 4
1 135 1 3 7
1 228 6 1 7
1 357 8 1 4
1 481 1 4 55
2 3 3 2 7
2 8 4 2 12
2 48 6 3 130
2 132 10 1 4
2 260 4 1 4
2 267 8 2 17
2 523 4 1 4
3 272 3 2 7
3 530 7 1 4
4 15 4 1 4
4 24 7 1 7
4 50 5 1 4
4 60 4 3 26
4 293 5 5 574
4 368 1 3 13
4 576 3 1 4
4 774 10 1 4
5 18 4 1 4
5 584 4 3 25
5 887 4 2 14
6 3 6 1 4
6 212 3 2 7
6 259 2 6 4815
6 267 4 1 4
6 268 3 1 4
6 512 6 1 4
7 110 7 5 4532
7 715 5 1 4
8 19 8 1 7
8 42 9 1 4
8 202 9 2 22
8 272 6 1 7
8 393 1 3 8
8 486 6 1 9
8 552 6 1 4
9 39 3 2 6
9 43 8 1 7
9 416 1 4 68
9 572 6 3 44
9 823 8 2 22
10 40 7 5 4563
10 84 2 3 36
10 160 2 2 4
10 176 7 2 16
10 584 9 1 4
10 778 2 5 570
11 204 1 2 4
11 586 5 5 1286
12 24 5 5 742
12 55 6 4 477
12 128 4 1 4
13 192 9 1 9
13 320 3 8 616463
13 780 1 3 9
14 127 5 2 15
14 152 8 2 15
14 210 3 1 4
14 321 6 4 501
14 584 4 2 14
14 616 7 1 11
15 659 5 1 7
16 9 6 2 14
16 64 4 2 11
16 132 10 1 11
16 148 5 5 2770
16 198 10 3 55
16 643 6 1 4
16 806 8 1 10
17 48 7 2 24
18 51 5 1 4
18 203 9 2 16
18 641 3 7 109921
18 645 5 1 4
19 657 7 3 62
19 709 8 1 4
20 36 9 2 20
20 176 10 2 22
20 786 4 1 4
21 258 4 3 39
22 24 4 4 97
22 68 9 2 16
22 97 7 1 12
22 107 10 1 7
22 331 7 3 39
23 328 7 4 734
23 886 7 1 4
24 9 4 1 4
24 781 3 5 793
24 848 10 3 90
24 944 4 8 177485
25 592 7 1 7
26 20 8 1 7
26 801 4 1 7
27 130 4 3 35
27 210 3 1 4
27 549 6 1 4
28 42 4 4 229
28 72 6 6 8043
28 624 8 3 64
28 647 8 1 4
29 327 7 2 16
29 532 5 2 17
30 52 10 1 4
30 129 5 3 95
31 77 9 1 4
31 561 10 1 9
32 42 2 6 2080
32 196 2 2 4
32 204 10 1 7
32 388 3 5 1685
32 414 8 1 7
32 612 5 8 205498
32 641 10 1 12
32 721 7 1 10
32 759 6 2 19
32 848 2 3 17
33 2 2 3 11
33 3 3 7 18429
33 276 1 3 8
33 320 8 7 71137
33 544 10 2 41
33 898 10 1 7
34 292 6 8 910630
34 324 3 3 17
34 561 10 1 5
34 800 9 2 35
35 551 9 1 5
35 689 3 8 295706
36 12 1 5 442
36 34 1 3 7
36 48 7 1 11
36 266 1 4 35
36 448 1 2 5
36 555 6 4 135
37 2 2 2 4
37 13 1 7 7452
37 364 7 3 81
37 594 3 3 22
37 640 10 1 13
37 673 2 5 523
38 180 2 3 25
38 204 2 2 4
38 544 9 1 4
39 3 10 1 4
39 520 3 1 4
40 39 2 2 4
40 65 5 3 56
40 512 2 3 34
40 528 8 1 4
40 605 10 1 9
40 645 3 5 1936
40 672 3 1 4
40 756 9 1 12
40 761 4 1 7
40 840 6 1 4
41 263 10 1 4
41 276 5 1 4
41 513 2 3 42
42 778 9 1 4
42 839 3 1 4
43 546 2 2 4
44 47 2 4 71
44 794 10 4 652
45 23 7 1 9
45 50 3 3 26
45 266 6 1 4
45 808 9 1 4
47 1022 1 2 4
48 176 8 1 4
48 193 8 3 79
48 226 10 6 31761
48 646 3 2 9
48 708 4 3 25
48 789 10 3 183
48 932 7 5 3773
49 17 1 5 265
49 313 1 4 24
50 528 8 3 43
51 377 5 5 3288
51 516 8 1 4
52 46 2 2 6
52 188 8 1 4
52 285 9 2 46
52 390 3 3 47
53 146 3 2 15
54 112 7 1 9
54 718 4 1 4
55 278 10 1 4
56 267 9 2 27
56 472 6 1 4
57 5 3 5 636
57 33 1 3 8
57 448 10 1 10
58 113 7 1 4
58 470 4 3 30
59 292 1 4 42
60 33 10 1 6
60 112 2 2 4
61 644 4 1 4
61 648 1 3 7
62 521 5 1 5
62 612 1 4 25
64 26 4 1 4
64 41 5 1 7
64 194 9 1 4
64 197 5 3 52
64 203 2 2 5
64 272 5 1 4
64 686 7 3 71
64 756 8 1 9
64 780 1 3 7
64 790 6 2 24
65 25 10 1 4
65 61 2 3 14
65 96 9 4 314
65 218 6 1 4
65 241 3 4 101
65 274 10 1 7
65 571 5 3 78
66 545 3 2 9
67 20 10 1 4
67 453 7 1 4
67 482 2 3 26
68 192 8 4 519
68 226 6 2 12
68 322 8 1 4
68 576 3 2 7
69 768 3 2 7
70 109 7 1 7
70 212 3 1 4
70 431 10 1 11
70 646 5 4 198
71 1 1 2 4
71 264 8 6 12318
71 409 8 4 262
71 700 6 2 23
72 8 7 1 4
72 37 7 1 4
72 65 8 2 15
72 533 10 1 10
73 39 3 1 4
73 999 8 1 9
74 512 1 5 114
74 548 8 1 4
74 1012 6 8 240614
75 576 10 1 4
76 586 7 1 7
78 784 4 4 95
78 919 9 1 4
79 165 7 1 4
80 0 1 5 221
80 51 3 3 24
80 677 8 3 67
81 807 7 1 7
82 280 6 7 105099
83 115 9 1 4
83 124 3 1 4
83 304 5 5 2295
83 617 10 1 4
83 784 6 3 33
84 64 1 3 9
87 353 9 1 7
87 462 4 2 19
87 512 8 6 22731
89 2 5 7 179948
89 4 7 1 11
90 274 10 1 4
90 843 6 1 7
90 977 8 3 48
90 988 3 3 63
91 154 6 1 5
91 951 3 5 781
93 134 4 1 4
94 869 2 2 4
96 103 1 3 10
96 208 9 1 4
96 220 3 4 245
96 276 6 5 1143
96 321 6 5 3209
96 776 2 3 16
97 18 3 2 9
97 48 8 1 4
97 130 7 1 4
97 144 3 1 4
97 167 3 1 4
97 195 5 1 5
97 286 1 2 4
98 352 10 1 5
98 671 5 1 4
98 928 6 1 7
99 117 2 5 325
99 134 2 2 7
100 128 10 1 13
100 294 4 3 30
100 768 7 1 4
100 901 5 3 42
101 124 3 2 14
101 169 10 4 435
101 599 8 3 165
102 166 1 5 638
104 28 10 4 318
104 64 3 1 4
104 673 8 3 57
105 296 7 2 33
105 779 10 1 4
106 516 5 1 4
106 652 7 2 15
108 514 2 2 4
108 825 8 1 4
109 707 3 2 7
111 12 3 5 1232
112 28 9 7 66638
112 84 6 1 4
112 165 6 1 4
114 68 2 2 7
114 452 3 1 4
114 872 5 1 4
117 106 7 1 9
119 446 4 5 2190
119 836 8 1 4
120 0 6 1 9
121 536 3 1 4
122 24 2 2 7
122 185 7 4 472
123 600 3 3 33
124 304 5 1 4
124 348 8 1 4
128 10 8 4 399
128 58 8 1 4
128 134 2 2 8
128 200 9 1 7
128 208 5 1 4
128 320 4 1 4
128 375 4 5 1036
128 376 5 1 5
128 433 10 1 7
128 453 2 2 4
128 628 3 4 94
129 0 2 3 22
129 37 1 2 5
129 39 8 1 10
129 88 2 3 34
129 163 4 2 8
129 584 5 1 4
130 78 8 1 6
130 273 2 3 12
130 528 2 2 4
130 772 1 3 9
130 980 9 3 58
131 581 2 2 10
132 17 2 5 764
132 94 1 10 4922793
132 372 5 1 4
132 516 1 5 209
132 713 6 1 5
132 916 5 3 70
132 957 2 2 4
133 23 1 7 24923
133 614 2 2 4
134 67 6 6 22895
134 84 8 3 154
134 208 7 1 4
134 377 5 4 244
134 516 8 1 4
135 258 10 5 3942
136 21 4 1 4
136 39 6 3 88
136 610 9 1 8
136 657 2 2 7
136 684 10 1 5
136 831 7 3 116
137 148 5 2 14
137 256 10 2 34
137 678 4 1 4
138 266 4 1 7
139 87 7 1 4
140 135 5 2 14
140 143 5 5 755
140 464 6 7 104827
140 776 5 5 1185
141 2 5 3 28
141 521 1 7 33903
141 954 6 1 4
142 641 8 2 15
143 116 1 3 12
143 144 8 5 5295
143 187 8 4 464
144 18 3 3 24
144 68 2 5 1036
144 248 4 1 4
144 418 8 1 9
144 433 10 1 4
144 520 1 4 36
145 216 9 4 500
145 273 1 8 124027
145 392 5 2 9
145 513 1 2 4
145 576 6 8 517902
146 910 4 4 130
148 1 3 1 4
148 24 7 3 109
148 146 9 8 411188
148 278 8 1 8
149 633 3 1 4
150 141 7 2 24
150 160 8 1 4
150 656 10 3 73
151 102 9 1 10
151 207 10 6 23865
151 250 1 3 7
153 26 10 1 4
153 151 8 4 199
156 521 7 1 4
156 814 8 2 28
157 404 9 1 9
158 104 6 6 8779
159 526 6 3 73
160 144 3 3 31
160 644 9 1 4
160 801 9 1 14
161 21 2 2 9
161 376 2 7 28096
161 524 8 5 1411
161 576 2 6 5396
161 717 3 1 4
161 898 1 4 84
162 160 5 2 13
162 517 10 1 7
163 227 8 2 23
163 361 7 1 10
164 34 2 3 32
164 38 5 4 194
164 87 1 2 4
164 217 9 3 72
165 141 9 3 173
165 397 4 8 243132
167 104 7 4 714
167 289 6 1 4
167 384 5 2 12
167 712 9 6 37518
168 8 4 4 126
168 52 5 1 4
168 98 8 1 4
169 351 2 2 4
171 144 4 8 197113
171 810 9 1 12
172 8 1 3 7
172 32 6 2 11
172 569 8 1 4
176 32 6 4 140
176 137 10 3 195
176 270 8 1 6
176 273 2 3 16
176 824 4 1 4
176 932 6 7 140542
177 128 10 4 1062
177 744 2 2 6
178 100 2 4 177
178 144 10 1 8
178 580 9 1 9
178 797 6 1 5
179 429 10 5 1344
180 19 1 3 6
180 152 10 1 10
180 600 1 5 512
181 331 7 1 4
181 768 3 5 477
182 300 2 2 4
182 672 5 1 4
182 728 1 2 4
184 141 3 2 7
185 5 4 5 628
185 42 6 4 633
185 391 7 1 4
186 272 10 1 6
187 800 10 1 4
188 4 7 3 38
192 43 5 3 108
192 177 5 1 4
192 524 2 7 13274
192 713 5 1 8
193 8 7 2 16
193 162 10 1 4
193 375 8 3 46
194 321 4 1 4
194 592 9 2 30
194 677 4 6 3170
196 377 9 6 13779
197 100 1 2 4
197 611 2 3 23
197 769 2 2 4
198 196 4 2 10
198 812 8 1 4
202 11 6 2 16
203 654 5 2 16
204 520 8 1 4
206 80 6 5 1257
208 88 6 7 172134
208 534 2 3 12
209 55 9 2 23
209 513 6 2 11
209 564 1 2 4
212 69 7 2 25
212 262 3 7 75138
212 673 10 2 29
213 64 10 1 4
214 369 4 2 13
216 138 7 1 10
216 792 6 2 12
217 923 9 1 4
218 86 4 1 4
219 389 6 1 4
220 176 1 4 96
220 658 1 3 10
225 316 3 3 60
226 157 6 2 22
227 592 4 1 7
232 5 9 1 13
232 80 9 2 28
233 212 7 1 7
233 912 1 5 149
233 973 1 3 8
234 848 7 2 37
235 645 8 2 21
237 91 2 2 4
238 642 10 1 4
239 370 7 1 7
239 560 9 1 4
240 18 1 6 1590
240 914 7 1 11
241 206 3 2 14
244 356 5 1 7
244 932 4 1 4
245 705 9 1 4
246 64 8 1 4
247 626 6 2 11
248 290 10 1 4
248 557 1 3 9
248 902 2 3 18
250 46 7 1 6
253 636 1 3 21
256 4 10 1 4
256 5 1 3 14
256 69 3 2 7
256 160 10 8 741544
256 262 3 1 4
256 312 2 3 28
256 344 1 2 4
256 512 7 1 11
256 616 2 7 32777
256 705 7 1 4
256 764 2 2 7
256 804 9 1 4
256 904 1 5 590
256 963 2 3 38
256 992 7 1 4
257 0 8 2 33
257 272 7 2 16
257 544 9 1 4
257 680 4 5 1745
257 912 10 3 106
258 24 9 1 4
258 34 3 1 4
258 138 1 4 25
258 673 10 1 4
258 810 5 1 4
259 7 3 1 4
259 100 10 1 5
259 268 5 1 4
259 327 7 3 50
260 131 9 1 4
260 545 1 2 4
260 678 6 5 1449
260 978 3 4 86
261 67 9 1 9
261 72 8 1 4
261 356 5 1 4
261 995 2 3 30
262 134 10 3 58
262 256 2 4 148
262 1013 2 3 17
264 4 2 3 16
264 320 8 7 203222
265 264 8 5 2962
265 339 8 6 17479
266 56 6 1 4
266 326 7 1 4
267 523 1 2 4
268 34 5 2 24
268 192 6 3 50
268 512 6 5 1277
268 524 8 4 310
269 444 9 1 9
270 73 3 2 14
270 642 9 2 24
272 41 5 4 157
272 208 5 1 4
272 225 10 1 4
272 234 1 3 6
272 259 3 2 7
272 378 7 7 106416
272 554 7 1 9
272 684 3 2 6
272 899 4 7 37565
273 581 8 1 4
273 693 8 1 4
273 809 5 2 22
273 903 7 3 39
274 98 6 3 72
274 334 9 5 3953
275 4 4 2 18
275 485 10 1 4
275 512 6 4 334
277 8 3 1 4
277 27 3 1 4
277 128 6 1 4
277 385 1 4 63
278 258 7 3 69
279 18 7 1 4
280 36 6 3 33
280 82 6 4 159
281 101 5 2 19
282 576 1 3 15
283 514 3 1 5
285 104 7 2 24
286 624 8 8 1619714
286 832 3 7 26924
287 448 6 7 102605
288 47 3 7 21569
288 132 6 3 54
288 224 5 5 968
288 292 6 5 878
288 341 4 1 5
288 545 3 1 5
288 776 1 4 37
289 36 10 3 64
289 156 1 3 11
289 345 2 2 4
289 468 3 5 1400
290 0 8 1 4
291 32 7 1 7
291 967 5 1 4
292 7 6 3 125
292 19 6 1 4
292 524 3 1 4
293 960 9 1 4
294 742 10 1 4
294 864 7 5 1188
296 57 3 6 2229
296 84 5 1 7
296 131 8 1 12
296 260 6 1 4
296 288 1 2 4
296 336 5 4 394
296 409 2 2 4
296 516 4 1 7
297 325 1 7 6108
298 75 7 1 4
298 800 1 3 7
299 291 8 4 188
300 29 7 5 4427
300 140 1 4 43
301 274 3 4 72
303 292 4 5 2263
304 6 1 2 4
304 63 7 1 4
304 258 2 4 66
305 11 7 7 45070
305 34 1 4 76
306 918 2 2 4
307 514 5 1 4
308 21 5 2 11
308 583 5 2 11
308 832 3 2 7
308 848 1 2 4
309 77 10 8 2194831
309 774 5 1 7
314 109 1 7 32275
314 156 3 5 364
314 518 3 3 29
318 532 10 1 4
318 914 3 2 13
320 29 5 1 4
320 315 5 1 4
320 407 4 2 13
320 641 3 6 7385
320 720 10 2 35
321 262 10 1 4
321 834 2 3 20
322 196 6 8 299479
322 272 2 3 35
324 106 2 8 228288
324 167 1 6 1719
324 179 2 4 63
324 200 5 1 4
325 145 2 2 4
325 720 1 2 5
326 11 10 1 9
326 16 4 1 4
326 32 1 2 4
326 443 10 1 7
327 698 3 1 4
328 45 9 2 24
328 853 3 3 39
329 35 3 2 7
330 204 9 2 37
331 512 6 1 9
332 643 5 2 14
334 265 1 3 7
336 18 6 9 2992792
336 632 1 4 27
337 352 1 7 13173
338 33 7 8 344333
338 160 1 3 16
338 169 2 2 4
339 42 2 2 4
340 0 3 1 4
340 704 3 1 4
340 763 8 3 130
341 576 9 6 14317
342 15 10 1 4
344 188 2 4 63
344 676 1 3 6
345 32 1 3 7
345 728 5 3 101
345 992 1 4 32
346 89 8 1 4
347 296 10 1 7
347 313 10 1 10
348 128 1 3 8
349 12 10 1 7
352 409 9 7 52569
352 419 5 6 8829
352 680 7 3 68
354 288 8 1 9
354 969 9 1 4
355 134 10 7 102063
355 634 9 4 720
357 433 6 1 7
357 641 3 2 10
358 3 10 2 18
358 168 10 1 11
360 514 7 1 4
360 784 3 1 4
361 266 3 1 4
361 316 6 2 22
362 34 7 1 6
363 162 3 1 4
364 740 10 1 15
366 657 8 6 16279
368 738 8 2 31
368 925 8 1 12
371 705 9 8 1183857
371 772 10 1 4
372 352 6 1 4
375 77 9 1 4
376 193 10 2 49
379 333 5 1 4
380 339 3 2 9
384 5 7 3 121
384 6 4 1 4
384 156 3 3 24
384 168 6 2 17
384 423 8 3 81
384 457 4 2 21
384 531 10 7 237010
384 571 8 1 4
384 692 9 1 4
384 841 5 2 11
385 213 10 4 831
386 64 4 4 352
386 73 9 1 4
386 158 2 2 4
386 160 2 2 4
386 846 1 2 4
386 849 4 2 20
386 912 8 1 4
387 297 5 1 4
387 1016 7 4 223
388 332 2 2 4
389 596 1 2 5
390 566 4 5 848
391 8 1 3 17
391 800 4 1 4
392 38 1 2 4
392 553 1 3 13
393 461 1 5 209
393 577 7 1 4
394 211 5 7 124110
395 4 1 3 7
395 558 5 1 4
396 6 7 1 10
396 536 6 1 4
396 777 3 1 4
396 915 7 1 7
397 132 2 3 17
400 144 5 3 33
400 712 6 3 46
401 16 10 2 20
401 58 5 6 5783
401 277 3 1 4
402 80 8 5 2332
403 20 10 5 3464
403 98 2 4 185
404 209 5 6 21929
404 298 4 4 106
405 160 9 1 6
406 677 8 2 40
406 928 4 8 210210
408 66 1 3 12
408 405 5 2 9
409 66 1 3 10
409 105 2 7 10532
409 417 8 3 124
409 888 3 6 4319
412 6 10 2 30
415 101 1 2 4
416 292 8 1 7
416 832 9 1 4
418 16 9 1 4
419 7 5 2 10
419 844 6 1 4
420 32 9 1 7
420 114 6 1 4
420 288 6 3 107
420 545 5 2 14
421 400 7 1 12
422 736 10 3 214
423 384 3 2 14
423 651 8 1 4
425 746 5 1 4
425 776 3 3 22
428 32 8 2 22
428 620 6 1 4
430 68 8 1 4
433 24 9 1 4
433 197 5 3 55
433 398 5 4 210
436 641 5 1 7
444 801 3 1 4
448 92 10 1 7
449 321 8 1 7
450 450 6 4 596
452 48 4 1 7
452 205 7 6 7021
452 488 9 1 4
452 512 2 7 19978
452 513 7 1 7
453 368 6 3 108
454 9 2 2 4
455 640 9 4 944
456 105 3 3 62
456 376 5 6 10674
457 906 10 1 14
458 101 7 2 33
460 197 3 5 1184
460 566 8 2 22
461 625 4 1 4
461 901 7 1 4
464 265 4 4 342
465 902 8 3 92
467 211 2 6 6056
470 713 5 1 4
472 801 2 2 4
473 6 5 1 7
473 600 6 3 59
473 800 4 1 4
476 775 1 2 4
480 0 5 1 4
480 665 9 1 4
480 731 5 1 7
480 928 3 3 28
481 288 2 3 14
481 416 4 1 4
483 276 1 4 28
484 841 10 7 80789
485 134 2 9 2125822
488 3 10 3 54
488 334 1 2 4
489 64 3 1 4
491 112 3 2 9
504 267 9 1 4
505 332 8 1 4
512 5 1 2 4
512 52 7 1 4
512 65 6 1 4
512 153 9 4 451
512 173 4 1 4
512 438 2 3 36
512 453 4 2 9
512 482 1 4 45
512 514 10 2 28
512 522 9 1 7
512 685 5 5 771
513 5 7 4 452
513 42 6 1 10
513 100 1 3 19
513 304 6 2 19
513 640 5 1 8
514 11 8 1 10
514 401 9 1 4
514 452 4 1 4
514 522 5 1 4
514 572 2 3 19
515 93 10 8 1506120
515 273 3 2 7
516 33 10 1 4
516 72 2 4 66
516 357 3 5 490
516 385 3 3 23
516 442 6 3 42
516 555 1 5 159
516 582 7 4 390
516 605 7 3 40
516 779 5 1 4
517 0 4 4 92
517 34 10 1 7
517 233 8 1 4
517 676 4 3 25
518 0 8 1 4
518 41 9 3 48
518 66 3 2 7
519 944 2 2 4
519 967 2 2 7
520 328 10 1 7
520 436 7 1 6
520 785 4 3 32
520 812 10 1 4
520 896 1 2 4
521 450 9 4 688
521 546 10 9 7068336
521 560 4 1 4
522 1 8 2 24
522 234 9 1 4
522 549 5 1 4
522 652 6 2 22
523 650 6 2 20
524 159 4 2 20
525 134 4 1 4
526 548 2 2 7
526 776 9 1 7
527 36 10 4 239
528 10 5 1 5
528 36 6 2 11
528 512 6 2 29
528 580 10 1 4
528 582 5 1 4
528 611 5 3 72
529 16 2 2 4
529 260 5 2 12
529 423 3 2 8
529 520 8 1 4
529 737 8 3 166
529 836 6 3 122
530 86 5 2 22
530 325 10 4 260
532 853 10 2 29
533 5 2 2 4
533 37 2 3 23
534 425 10 2 27
534 786 3 2 7
534 928 1 3 7
534 932 4 1 4
536 10 6 1 6
536 244 6 2 12
536 412 6 5 1772
536 687 6 3 130
536 902 9 1 7
537 138 6 1 10
537 257 1 2 4
537 478 10 1 12
538 74 1 3 7
538 820 2 3 41
540 256 4 1 4
540 481 8 1 4
541 344 7 6 16215
544 6 7 2 31
544 24 2 5 753
544 160 8 2 39
544 401 6 3 75
544 542 3 4 188
544 551 7 1 4
544 597 10 2 20
544 718 10 2 30
545 914 10 6 28373
546 612 10 7 52889
546 758 2 2 4
548 169 6 1 8
548 577 3 2 7
549 146 2 4 60
549 530 10 3 81
550 800 6 1 4
551 4 2 2 4
551 40 3 2 14
552 640 10 1 14
552 656 9 6 7188
552 932 1 8 136914
553 36 5 1 5
553 102 3 2 9
554 137 8 1 7
554 296 9 1 4
555 418 1 3 7
557 400 10 4 617
557 512 9 4 373
557 557 9 3 103
557 770 1 2 4
559 557 8 1 4
560 32 1 4 28
560 96 2 2 7
560 104 3 3 30
560 168 2 2 4
561 10 10 5 3836
561 521 5 2 10
562 992 3 3 48
563 20 1 2 4
563 410 4 1 7
564 28 10 1 7
564 656 7 2 14
564 659 2 2 6
566 4 7 1 9
569 385 1 4 48
571 100 1 2 4
571 457 8 1 9
572 36 6 1 4
572 777 8 1 9
574 18 2 2 7
574 533 4 1 4
574 696 5 2 11
576 19 3 9 4673800
576 76 5 1 4
576 133 3 1 4
576 172 10 3 54
576 325 2 6 1610
576 371 3 2 10
576 525 1 3 6
576 547 4 1 4
576 607 10 4 727
577 72 1 2 4
577 222 1 2 4
577 236 8 1 4
577 997 10 1 4
578 120 9 1 7
578 136 3 5 358
578 575 3 5 1374
579 80 5 1 5
579 136 10 1 4
579 789 7 3 40
580 64 7 1 4
580 507 3 1 4
580 528 10 1 5
580 598 2 2 9
582 633 4 4 231
583 129 10 6 23608
584 432 2 2 4
585 208 10 1 4
585 354 6 1 10
585 389 8 2 40
586 64 2 4 134
586 658 2 2 4
590 276 6 7 158436
590 520 2 6 8730
590 788 5 4 185
591 147 1 7 7950
592 4 4 7 41009
592 528 3 3 33
592 585 4 4 187
593 429 5 2 20
596 11 3 1 4
596 33 2 2 7
596 154 9 4 486
596 385 8 1 4
600 562 7 1 6
600 573 10 1 4
600 575 10 1 7
601 335 5 1 4
601 431 10 10 81827700
604 913 6 1 7
606 281 9 3 129
607 288 4 3 28
607 393 1 4 33
608 185 7 7 137336
608 576 2 2 4
608 648 1 3 9
609 28 4 5 1856
609 210 8 1 4
609 225 2 2 4
609 526 7 1 4
609 768 6 6 9315
611 125 6 1 4
612 534 4 4 273
613 840 5 2 10
614 265 3 1 4
614 936 6 5 1956
617 374 8 1 4
617 908 4 1 4
618 1004 3 2 12
619 140 7 1 4
621 293 1 3 10
623 1000 9 2 30
624 579 4 2 9
625 5 10 5 3003
625 261 10 2 18
625 530 4 3 41
626 8 4 4 102
626 104 6 2 12
626 114 2 3 11
626 528 10 1 4
626 608 1 3 11
627 3 6 1 4
627 418 3 1 4
627 769 5 1 4
627 977 3 1 4
628 76 1 10 212148030
629 528 3 1 5
631 24 9 5 1531
632 18 2 2 4
633 812 5 1 4
635 546 2 2 4
638 161 1 3 13
640 16 7 5 1573
640 160 8 1 9
640 181 4 3 29
640 246 1 4 91
640 369 9 5 2304
640 421 6 3 44
640 584 1 6 1173
640 659 1 2 4
640 732 7 1 4
640 938 2 3 22
640 952 5 3 83
641 192 3 2 6
644 48 4 4 400
644 756 10 1 7
644 769 2 3 14
645 4 4 1 4
645 25 9 1 4
645 548 8 6 8005
645 963 5 1 4
646 388 3 2 7
648 76 3 1 4
648 98 7 1 4
648 301 7 7 256088
648 369 4 4 334
648 694 1 4 53
649 4 10 2 18
649 48 8 2 31
650 108 8 2 27
650 216 1 4 29
650 953 9 3 100
651 290 10 1 7
652 257 8 6 9925
654 565 7 3 92
655 384 8 1 4
655 761 10 1 4
656 370 5 2 10
658 640 6 1 4
660 36 3 3 21
660 69 7 2 15
660 85 5 2 14
660 648 6 1 5
661 244 9 1 4
664 205 3 1 4
664 539 2 2 4
664 781 10 1 6
668 163 1 2 4
668 464 9 5 1183
670 515 3 3 16
672 64 9 1 4
672 129 4 2 16
672 514 4 5 1058
672 717 9 4 358
673 104 10 1 4
673 656 4 1 4
674 401 5 3 58
674 672 1 3 11
675 470 10 6 14833
676 52 2 2 7
678 237 4 2 12
679 556 2 3 11
680 39 5 1 5
680 450 9 1 5
681 6 6 1 4
681 33 7 1 4
682 14 9 2 22
682 156 6 1 4
683 278 2 3 27
684 1008 2 2 7
686 593 7 1 4
688 385 1 2 4
690 110 9 1 8
691 12 3 5 456
692 260 3 2 7
692 914 2 2 7
693 522 8 6 9718
694 768 7 6 8064
694 931 8 1 13
695 517 9 1 4
696 885 9 5 2849
700 864 2 8 87024
704 292 1 2 4
704 514 5 1 4
704 673 4 5 1466
705 596 4 5 553
705 854 1 3 7
706 732 9 1 4
709 325 1 4 83
709 354 7 4 398
709 644 6 1 6
710 2 8 1 5
712 35 8 2 15
712 141 5 1 4
712 283 7 1 4
712 294 6 1 7
712 862 2 7 22969
716 649 7 3 54
716 842 10 1 4
719 512 1 4 104
720 803 7 7 41845
721 104 8 8 344436
721 584 7 5 808
722 82 6 4 390
722 100 2 2 4
722 146 9 1 10
722 393 8 2 32
723 142 3 3 22
724 596 9 1 11
725 44 6 2 16
726 322 3 4 71
727 200 1 2 4
728 227 2 7 33934
728 712 3 5 394
729 578 8 4 322
730 332 1 3 12
732 834 9 1 9
737 25 3 1 4
738 970 6 1 7
740 778 8 5 955
743 787 2 2 4
744 124 5 3 46
744 280 5 1 4
746 386 1 2 4
751 506 2 3 42
759 130 3 1 4
760 40 1 3 14
760 220 7 1 4
761 435 7 3 119
763 668 10 2 38
765 513 9 3 58
768 68 2 6 2667
768 326 5 5 740
768 502 4 1 4
768 608 3 1 4
768 666 1 4 34
768 926 7 1 4
769 34 3 3 32
769 640 4 1 4
769 773 1 3 7
770 67 9 1 6
770 211 8 1 4
770 256 1 3 7
770 515 3 1 4
771 128 5 1 7
771 793 6 1 4
771 800 2 2 7
775 48 7 2 20
775 921 7 1 4
776 586 10 1 4
776 697 5 4 133
777 6 4 3 27
777 84 2 8 209671
777 318 8 1 4
777 539 8 1 7
777 641 10 1 4
778 389 10 1 4
780 707 6 1 4
780 901 8 7 47409
781 222 8 1 11
781 496 7 2 17
782 226 8 7 71133
784 1 3 3 49
784 514 3 3 39
784 549 3 3 22
784 569 2 2 4
784 604 6 1 4
784 634 9 3 74
785 45 1 2 4
785 257 10 1 4
786 142 10 1 4
786 521 2 2 4
786 914 3 2 12
788 25 2 2 7
788 332 10 1 12
792 16 4 1 4
792 540 2 3 14
793 52 9 2 16
793 498 8 1 5
793 628 9 4 768
800 45 2 9 2495033
800 73 10 2 52
800 97 3 3 39
800 133 3 1 4
800 824 3 2 8
801 312 4 1 4
801 592 1 3 18
803 512 4 3 57
804 104 10 3 117
804 337 3 1 4
804 779 6 1 5
805 387 7 4 178
806 43 3 6 2389
806 134 5 1 4
806 232 6 1 4
806 326 5 7 162235
808 302 4 2 11
808 526 9 1 7
808 945 6 4 224
810 17 9 1 4
810 394 10 2 33
812 778 1 5 281
814 264 2 2 4
814 905 4 5 742
816 24 10 7 135566
818 253 9 1 10
819 69 1 2 4
821 236 7 1 4
822 211 3 3 19
828 592 10 2 53
832 16 1 4 69
832 21 8 3 51
832 30 4 5 795
832 281 2 3 15
833 147 7 3 123
835 583 6 1 4
836 86 3 5 431
836 388 7 1 5
836 485 9 1 4
839 21 5 3 52
840 545 6 1 4
840 800 2 2 4
841 32 6 3 74
842 132 5 1 7
842 200 2 5 355
845 561 4 3 88
845 624 10 2 25
848 188 4 3 40
848 391 5 2 9
848 899 7 1 7
849 792 5 4 139
850 776 8 1 9
851 195 2 2 7
852 2 4 4 138
856 256 6 1 4
857 42 9 3 65
863 516 10 1 5
864 23 10 1 4
864 786 7 5 811
867 998 5 2 26
871 264 5 1 4
872 165 2 3 43
873 9 8 4 217
874 360 1 2 4
878 258 2 4 80
880 611 8 1 4
882 42 6 5 922
882 591 4 1 4
882 778 7 1 4
884 802 2 2 7
894 392 9 1 7
897 115 8 2 22
897 1002 7 1 4
899 537 8 1 7
899 736 10 1 4
900 4 8 4 203
900 162 1 8 74366
900 313 3 4 264
902 420 8 1 4
903 339 6 1 4
904 112 4 3 27
905 12 2 5 322
905 196 9 1 4
905 248 8 1 4
906 137 5 3 94
906 194 8 2 25
906 210 10 2 29
912 2 8 3 172
912 129 5 2 9
914 216 6 1 4
914 669 8 3 56
914 776 4 2 14
914 968 6 3 49
915 431 7 1 4
916 742 8 2 19
917 912 9 1 7
921 272 9 4 254
922 8 10 1 4
924 33 10 3 67
927 190 7 1 5
928 384 3 1 4
928 516 2 4 57
928 518 6 1 8
929 257 9 1 4
930 720 5 4 445
931 230 5 2 22
931 657 7 4 573
932 783 9 6 6348
933 657 4 5 1337
934 94 5 5 2756
938 552 2 2 4
948 9 3 1 4
952 37 10 3 91
958 844 2 2 9
960 358 1 3 9
961 333 4 1 4
963 130 5 1 4
966 29 5 9 2009340
966 192 7 2 23
966 197 3 3 32
966 555 6 2 26
968 51 3 3 17
969 769 3 4 70
976 321 4 3 49
977 22 7 1 4
977 549 2 2 4
984 483 3 2 6
986 772 9 5 1162
988 366 9 1 4
990 35 9 1 5
998 127 3 1 4
1000 260 8 1 4
1002 652 4 2 10
1002 912 5 5 1934
1004 129 6 1 4
1011 36 5 4 510
1013 316 2 7 11875
1018 358 2 2 4
1020 371 3 1 4
1021 643 8 1 9
