1797 0.0029132102581759596 
87 0.0029390079751956473 
1420 0.0027046463918722866 
976 0.0029300443008472353 
1639 0.002981421128584984 
258 0.0028548377785238884 
1310 0.002951032312008271 
48 0.0028677365436638267 
1530 0.0028535260762877343 
1131 0.0029503763955977965 
189 0.0028994369599849514 
1028 0.0029191131616758486 
1792 0.0029164896637532034 
923 0.0029368216642582895 
84 0.0028546191499439475 
276 0.0030594702606642587 
1039 0.0029274208230407506 
1794 0.0027846599654946943 
634 0.0029282953205203156 
544 0.0030456969806439524 
1689 0.002968959558695614 
1609 0.0025874672403767914 
947 0.002938789351084978 
1347 0.0029328864355851413 
379 0.002965461568807949 
1479 0.002748150370606112 
569 0.0029184581415519994 
1497 0.002832319623144623 
447 0.002859866118894883 
1759 0.0028858822870098774 
96 0.002835380343152462 
1110 0.002869704149535953 
1818 0.003005251112475731 
795 0.0028791049519462215 
1040 0.002983825986980779 
34 0.0029302629390839745 
154 0.0028668620257200693 
1468 0.002840845881253339 
563 0.0028627082097416766 
1514 0.0030784908110086133 
107 0.0026948066526868166 
430 0.002907744639356848 
1963 0.0029580281887550118 
1968 0.0028574612564864358 
1166 0.002930481572739853 
1753 0.0029040280485191612 
877 0.002935291331722467 
616 0.003097511201863183 
507 0.002928951177427278 
506 0.0029059956646590238 
1105 0.0027466200158795173 
1836 0.0030581587465541796 
1742 0.0028104573675300287 
19 0.0031335844023437946 
943 0.0030634056365964725 
225 0.0028699227676898657 
734 0.0030015346250001807 
1472 0.0028742952339338773 
44 0.0029543118573250905 
1343 0.0028242305615146495 
1078 0.002862270953063486 
152 0.0028539632446889143 
370 0.0025496457006886075 
1253 0.0028089270001749747 
381 0.0028257610412313664 
346 0.00269786769377044 
790 0.0030308304229308422 
608 0.0027623609203779307 
1670 0.0029455666489945063 
595 0.002974425133097018 
591 0.0029182386514436894 
330 0.003001971937070973 
1259 0.00280892706206479 
474 0.0028852264152720744 
1998 0.003035640162365275 
1874 0.0026637631096484487 
593 0.0027940607225419973 
259 0.0030094052781358157 
472 0.0029752995765705346 
1908 0.0028257609335655648 
769 0.003001316021322554 
1527 0.0029018420265099487 
1860 0.002849590784858027 
1295 0.0029678664341117964 
418 0.002954967535066349 
428 0.0028023683580886216 
251 0.0027986516779882373 
1224 0.0030295187521171504 
350 0.0029241416698025623 
968 0.0030063443604572897 
279 0.0028871940204123576 
35 0.0027317537012989204 
882 0.0028640199391805456 
1436 0.0027400612519275485 
737 0.0028773559623225756 
438 0.0029057770600821485 
7 0.0028666434327329665 
482 0.0030076560767263233 
1250 0.0028578984751313325 
953 0.0029337610142850545 
85 0.0028747324803606433 
1066 0.0031895527806217626 
1363 0.002763672228755624 
271 0.0029479715176978453 
926 0.0029495019253364062 
397 0.0028804166922617065 
1451 0.002904465295115084 
683 0.002973987930908164 
1964 0.0029512509009710815 
1326 0.0029212995605145927 
1362 0.0030183687707362314 
233 0.002865550309263273 
1714 0.0029855747845693673 
1563 0.0031635361838765557 
1317 0.0028756069744785132 
679 0.0028235746844153258 
1568 0.002961744888606532 
1464 0.00287276487115944 
311 0.002932449233806253 
1280 0.002893534110811109 
1648 0.003057721366226324 
188 0.002951688152377298 
568 0.002812643599310007 
1843 0.0028342871568056583 
585 0.002815267060411754 
648 0.0029101495203615983 
908 0.002900967351960453 
1240 0.0028756069789922277 
588 0.003020555039894829 
600 0.002791874465979758 
785 0.0029103681428376523 
1086 0.002824011976288911 
1445 0.0029722388741155606 
1864 0.00288150980659494 
1192 0.0028653316614921723 
843 0.002951906792723212 
407 0.0028648941681498463 
406 0.002965242915062346 
787 0.0028725462523823647 
1649 0.0028517770436895505 
1586 0.0027964656305599386 
1896 0.0028312264853977173 
484 0.002993445531764828 
1005 0.0028386596705460947 
1995 0.002853088802886212 
1238 0.002859866100988043 
424 0.0029129917018999147 
1007 0.0028751697274160474 
1201 0.002977267238812624 
1584 0.002929825685589687 
60 0.003160912843442694 
453 0.0026062697200199933 
1671 0.0028154863684995445 
1683 0.0030767417174775253 
420 0.0028895988833080796 
1757 0.003019680533312825 
402 0.002877137347292632 
36 0.0027885952228627665 
334 0.0028644571885308285 
1762 0.003107786621123013 
