1652 0.008631212873448148 
423 0.008621963266240224 
729 0.008612719622824597 
1580 0.008631212873448148 
1526 0.008640462534281948 
294 0.008621963266240224 
1033 0.008621963266240224 
1677 0.008621963266240224 
350 0.008621963266240224 
35 0.008594214797008812 
41 0.008621963266240224 
1679 0.008621963266240224 
1215 0.008631212873448148 
1352 0.008677461657878544 
1672 0.008621963266240224 
1484 0.008621963266240224 
559 0.008621963266240224 
1547 0.008621963266240224 
869 0.008621963266240224 
327 0.008621963266240224 
740 0.008621963266240224 
1275 0.008621963266240224 
980 0.008621963266240224 
1768 0.008621963266240224 
1855 0.008621963266240224 
1220 0.008621963266240224 
1689 0.008621963266240224 
1993 0.008631212873448148 
716 0.008631212873448148 
1008 0.008621963266240224 
1143 0.008621963266240224 
1383 0.008631212873448148 
599 0.00864971224584793 
1088 0.008621963266240224 
1107 0.008612708488212674 
1661 0.008621963266240224 
1828 0.008621963266240224 
174 0.008640462534281948 
493 0.00864971224584793 
1875 0.008621963266240224 
1037 0.008621963266240224 
263 0.008621963266240224 
710 0.008621963266240224 
1840 0.008631212873448148 
1696 0.008621963266240224 
787 0.008621963266240224 
1252 0.008621963266240224 
292 0.008621963266240224 
684 0.008621963266240224 
1051 0.008621963266240224 
1259 0.008621963266240224 
800 0.008621963266240224 
1227 0.008621963266240224 
1953 0.008621963266240224 
1399 0.008621963266240224 
1255 0.008621963266240224 
1287 0.0085757100740542 
793 0.008621963266240224 
1881 0.008631212873448148 
741 0.008621963266240224 
1867 0.008621963266240224 
904 0.008621963266240224 
721 0.008631212873448148 
714 0.008621963266240224 
402 0.008621963266240224 
1349 0.008640462534281948 
1630 0.008621963266240224 
443 0.00860346422485046 
365 0.008621963266240224 
216 0.008621963266240224 
1798 0.008631212873448148 
1154 0.008621963266240224 
949 0.008621963266240224 
91 0.008621963266240224 
495 0.0085757100740542 
480 0.008621963266240224 
23 0.008621963266240224 
225 0.008621963266240224 
1165 0.008621963266240224 
1339 0.008621963266240224 
417 0.008621963266240224 
535 0.008621963266240224 
1746 0.008640462534281948 
193 0.008621963266240224 
945 0.008631212873448148 
1666 0.008621963266240224 
1158 0.008621963266240224 
33 0.008621963266240224 
1378 0.008631212873448148 
1070 0.008621963266240224 
497 0.008705211434767086 
666 0.008621963266240224 
595 0.008631212873448148 
1882 0.008621963266240224 
176 0.008621963266240224 
304 0.008621963266240224 
1640 0.008621963266240224 
351 0.008621963266240224 
212 0.008621963266240224 
1235 0.008621963266240224 
