0 166 5 4 362
0 259 1 2 4
1 37 3 3 65
1 228 9 4 246
1 768 5 1 4
6 798 9 1 4
7 81 3 1 4
8 1 4 6 4539
8 2 6 1 4
9 43 1 2 4
9 274 4 6 3952
9 823 6 1 4
10 40 4 1 4
10 75 2 6 2330
10 208 2 3 11
11 779 8 1 3
12 24 1 4 95
12 634 1 4 50
13 66 9 1 5
14 321 7 1 5
15 352 8 1 7
16 24 3 2 9
18 641 4 7 49065
18 645 9 2 21
19 657 8 5 1921
20 786 4 1 4
22 24 7 10 28527345
24 848 3 1 4
26 20 9 1 4
29 5 9 3 125
32 612 8 1 4
35 65 1 2 4
35 689 6 1 4
36 705 1 2 4
38 204 4 6 9854
41 96 2 2 4
41 321 6 4 364
42 778 7 2 34
44 12 7 1 4
45 50 3 1 3
45 266 5 1 4
48 67 4 1 4
48 198 10 1 7
48 646 6 3 50
50 113 9 1 8
53 245 1 5 307
59 58 10 1 4
59 583 10 1 14
65 96 2 2 4
66 545 3 1 3
68 322 7 1 4
72 65 9 4 238
78 784 6 1 4
79 165 9 1 5
79 386 6 1 4
81 852 4 3 45
83 304 5 5 2188
85 31 10 1 7
87 353 6 1 4
87 512 2 7 21907
87 515 9 1 4
91 154 2 2 4
94 954 9 1 4
98 401 4 6 4780
104 132 3 6 7003
104 512 10 1 4
106 652 6 1 4
117 803 3 2 7
122 80 6 4 165
128 10 4 3 24
129 39 4 1 4
129 163 7 1 4
130 78 10 1 4
134 224 4 1 4
136 81 3 1 4
138 266 9 1 4
140 464 2 2 4
145 216 9 1 4
159 526 4 2 9
161 376 10 2 41
162 290 1 2 5
163 601 9 1 4
164 34 7 6 14808
164 646 8 1 4
165 141 3 4 167
168 67 10 1 4
169 25 2 2 4
176 916 2 5 1136
187 800 4 1 7
192 388 4 4 134
193 28 7 1 5
198 812 2 6 4624
216 66 8 1 5
220 658 10 1 13
225 948 7 1 10
228 294 10 1 3
250 46 9 1 4
256 416 9 1 12
257 680 4 3 74
260 131 7 1 7
261 672 2 7 38513
264 1 8 1 3
264 320 8 1 4
265 339 8 1 3
267 523 9 1 4
268 524 4 1 4
272 554 9 1 9
273 809 6 1 10
280 36 10 1 4
280 674 10 1 5
284 835 8 1 4
288 47 5 6 5042
288 545 7 5 836
289 36 6 2 11
297 742 1 6 1356
300 29 1 8 310735
300 140 2 4 69
304 8 1 2 4
304 42 2 2 4
305 11 6 1 10
307 514 5 3 30
308 640 4 5 1735
308 848 1 8 48757
310 44 5 4 368
312 514 4 2 13
314 156 5 1 4
316 452 5 1 4
318 914 7 1 4
321 337 4 1 7
322 272 8 2 40
325 74 1 5 584
327 698 4 1 4
334 288 5 1 4
338 33 5 7 39089
342 536 2 2 4
346 89 5 3 34
352 514 9 1 3
352 860 3 4 77
355 634 5 7 151717
360 555 1 4 33
371 112 1 3 16
376 193 6 1 4
384 5 8 1 9
384 312 7 1 4
384 531 8 1 3
385 213 2 4 192
386 64 6 1 4
389 596 9 3 86
392 38 9 1 4
393 577 7 2 15
396 6 10 1 4
408 66 9 1 12
409 66 1 3 8
419 7 4 1 7
420 538 4 1 4
423 651 6 3 39
452 512 3 1 4
461 901 4 4 344
462 516 3 1 4
476 775 10 2 33
512 173 1 2 4
513 304 1 2 5
516 357 10 1 5
517 0 1 2 5
517 233 7 1 4
517 525 8 1 4
518 517 8 1 4
519 967 9 2 46
520 94 3 8 638141
520 436 5 4 337
520 812 9 2 45
522 1 2 5 230
524 173 9 1 11
528 344 1 10 137199628
532 853 1 2 4
536 412 5 2 13
538 820 10 1 9
546 4 3 1 4
548 577 5 1 7
559 557 8 1 4
561 521 7 4 356
576 172 6 1 7
578 120 4 1 4
579 80 4 5 893
579 789 4 1 4
585 217 1 5 537
591 147 4 7 121696
596 33 10 1 4
604 913 7 1 4
606 281 5 1 3
606 807 2 2 4
608 522 4 4 357
609 526 4 4 198
609 768 8 4 346
614 265 4 1 4
625 5 4 1 4
625 530 1 3 19
627 418 7 1 4
627 977 10 1 12
632 18 9 1 4
640 6 4 5 1591
642 562 5 2 12
644 769 3 1 4
645 25 5 1 5
645 548 2 3 21
645 963 8 1 4
648 369 3 1 4
650 216 7 1 4
652 594 10 1 12
656 370 9 1 4
658 10 3 5 2006
660 648 2 2 4
664 205 8 3 47
681 6 5 1 4
693 522 8 6 9370
711 19 3 1 4
713 837 1 2 5
716 842 4 2 8
725 44 8 1 4
738 970 3 6 4481
752 494 10 1 4
768 502 3 1 4
768 926 7 9 4171265
771 128 6 7 122030
775 48 1 2 4
777 6 9 3 49
777 608 4 5 1834
778 330 3 6 6697
778 389 8 1 4
786 521 2 4 60
792 274 2 3 13
793 628 1 2 4
801 34 6 1 4
803 512 6 3 109
804 0 5 4 317
804 779 4 1 4
810 394 4 1 4
810 416 6 3 70
830 356 9 1 12
832 427 4 1 3
832 548 8 1 4
836 86 1 3 13
844 584 3 1 4
845 624 9 1 4
854 681 4 3 33
857 42 7 1 4
864 23 9 1 4
872 32 4 4 137
872 50 9 1 3
897 39 4 1 4
902 131 5 1 4
902 420 3 1 4
928 516 5 1 5
934 94 10 2 19
960 358 7 1 4
966 197 1 5 160
988 366 9 8 1524413
