0 8 4 1 4
0 9 7 1 6
0 17 8 1 8
0 18 10 1 13
0 29 9 2 28
0 47 1 6 1202
0 112 8 6 6241
0 135 2 7 10409
0 150 5 1 4
0 156 4 1 4
0 215 10 6 48694
0 256 4 2 17
0 259 10 1 6
0 274 9 1 4
0 321 4 2 17
0 415 5 2 11
0 552 6 6 5110
0 618 6 7 81766
0 646 8 4 317
0 670 8 2 18
0 674 4 10 21677906
0 843 6 6 7891
0 917 9 6 17124
0 936 3 3 32
1 15 10 1 13
1 37 10 3 188
1 70 3 2 10
1 82 4 3 26
1 135 10 5 1412
1 228 7 3 45
1 292 1 6 1592
1 481 8 1 4
1 565 6 3 81
1 644 4 5 2368
1 705 6 1 4
1 768 7 4 669
1 920 9 1 4
2 0 2 2 4
2 3 2 2 8
2 8 1 2 4
2 48 6 1 8
2 132 8 4 323
2 167 10 1 10
2 260 2 3 37
2 267 10 3 100
2 328 8 4 764
2 523 10 1 15
2 826 1 4 28
3 24 6 1 8
3 131 7 4 395
3 272 9 1 8
3 277 4 1 4
3 592 5 2 17
3 652 8 1 4
4 0 5 5 1405
4 15 9 1 13
4 50 1 4 31
4 64 4 4 94
4 248 3 2 8
4 368 3 3 27
4 517 9 4 933
4 576 10 2 40
4 808 3 3 25
5 216 1 4 48
5 887 3 5 2048
6 3 4 2 17
6 148 4 4 102
6 212 2 4 45
6 259 4 2 11
6 267 5 1 8
6 268 4 2 14
6 512 5 5 3137
6 798 10 2 21
6 1002 5 5 1403
7 81 7 1 7
7 110 1 9 425189
7 237 7 1 6
8 1 4 6 8108
8 2 8 6 19828
8 19 6 5 1493
8 32 3 2 6
8 42 3 2 8
8 58 6 2 24
8 202 8 1 8
8 272 3 1 4
8 386 8 2 17
8 486 10 1 15
8 552 2 10 13447944
8 642 3 7 95620
8 656 10 1 8
8 735 3 7 61374
8 850 10 1 4
8 902 8 1 4
9 39 8 1 4
9 43 7 1 8
9 274 5 4 129
9 416 2 2 8
9 526 5 1 4
9 823 8 2 15
10 75 3 4 108
10 160 8 2 17
10 176 2 5 424
10 208 8 4 248
10 523 2 2 10
10 584 5 1 4
10 599 10 1 4
10 680 10 2 19
10 778 2 2 4
11 204 4 3 37
11 586 10 3 194
11 752 9 1 10
11 779 10 1 8
12 0 6 5 1953
12 24 4 4 211
12 55 8 1 4
12 65 5 3 83
12 116 5 2 17
12 128 4 1 4
12 269 2 5 852
12 366 4 3 22
12 781 5 5 1329
13 66 2 7 19038
13 192 1 3 9
13 224 5 1 4
13 320 9 1 4
13 780 7 1 6
14 127 8 1 14
14 152 4 2 19
14 210 7 1 8
14 321 2 4 48
14 376 1 8 108631
14 584 2 2 4
14 616 7 3 54
15 352 3 2 11
15 485 1 3 11
15 659 9 3 53
16 24 5 2 11
16 64 1 3 22
16 96 5 2 11
16 132 2 5 418
16 198 1 2 4
16 516 7 1 12
16 643 10 1 8
16 806 7 1 4
17 48 1 4 107
17 129 5 1 4
17 258 5 4 164
18 51 5 2 26
18 203 8 2 23
18 215 2 7 27528
18 290 1 3 6
18 641 10 1 12
19 7 1 4 31
19 657 4 3 24
20 1 3 4 188
20 10 2 3 37
20 28 6 1 8
20 36 2 4 133
20 69 10 4 713
20 176 9 1 4
20 194 3 6 2717
20 323 4 1 4
20 786 8 1 4
21 116 3 6 12259
21 258 9 5 3403
21 308 5 7 123404
22 24 8 3 103
22 107 4 1 4
22 133 9 6 7027
22 281 5 5 979
22 320 9 3 53
22 331 5 7 115524
22 565 2 9 803147
23 328 4 2 11
23 770 1 3 10
24 9 1 3 13
24 533 3 1 4
24 781 8 1 8
24 786 2 3 19
24 848 8 6 11765
25 523 10 4 334
25 592 9 2 45
26 20 3 1 4
26 22 1 2 4
26 109 9 1 13
26 801 6 1 8
27 210 10 1 6
28 42 10 1 4
28 72 9 6 8690
28 192 10 10 93190383
28 647 3 2 8
29 1 1 2 4
29 327 8 3 85
29 532 8 2 16
29 809 1 4 30
30 52 3 3 36
30 129 5 3 35
30 588 7 1 8
31 77 10 1 4
32 16 4 2 8
32 33 3 1 4
32 42 8 1 4
32 72 9 1 5
32 185 9 1 4
32 196 10 1 4
32 211 2 2 4
32 276 10 4 724
32 514 2 3 33
32 612 6 2 19
32 641 1 7 7501
32 759 2 2 8
32 848 4 4 113
33 2 10 3 64
33 26 1 4 73
33 276 8 1 4
33 277 5 2 23
33 785 9 7 119487
33 898 3 5 390
34 144 5 1 8
34 324 6 6 9420
34 561 9 5 1544
34 663 8 4 284
34 720 8 1 4
35 65 10 1 3
35 266 7 2 13
35 551 4 3 73
35 689 7 2 17
36 12 8 2 21
36 34 10 1 4
36 48 5 6 5684
36 257 5 7 114402
36 288 2 2 4
36 320 9 2 41
36 555 4 2 11
36 705 7 4 387
37 2 10 1 8
37 13 6 3 55
37 364 1 2 4
37 594 9 2 30
37 673 8 2 32
38 180 6 2 11
38 204 3 5 881
38 544 2 8 110784
39 48 4 1 4
39 520 4 3 42
40 9 3 4 70
40 20 5 8 257851
40 39 2 4 64
40 65 6 1 8
40 256 2 3 42
40 512 9 1 4
40 605 10 4 316
40 645 1 3 9
40 672 4 2 8
40 756 10 2 36
40 761 10 1 4
40 840 9 4 680
40 980 4 4 201
41 263 6 2 24
41 276 9 3 50
41 321 2 7 22371
41 987 6 1 4
42 42 1 5 176
42 140 5 1 8
42 411 4 1 4
42 778 2 3 28
42 839 5 4 394
43 1 10 3 200
44 10 7 3 60
44 12 7 3 46
44 47 8 2 32
44 430 5 5 854
44 524 2 5 680
44 794 1 5 469
45 23 6 2 11
45 50 8 1 12
45 74 5 2 14
45 266 10 5 3205
45 615 4 4 265
45 808 7 5 1214
45 844 1 3 19
46 57 10 2 23
47 80 2 2 4
47 1022 4 1 6
48 67 4 8 345805
48 168 1 4 58
48 176 10 7 117084
48 193 9 3 110
48 198 2 2 4
48 646 10 5 4021
48 708 4 3 88
48 789 1 4 26
48 843 2 6 1742
48 932 9 3 122
49 4 6 3 99
49 17 7 1 8
49 310 5 1 4
49 313 6 1 8
49 516 3 2 8
50 9 10 1 4
50 113 8 1 4
50 528 9 1 15
51 377 2 4 94
51 516 4 4 115
52 46 3 3 33
52 390 4 6 10729
53 245 8 2 20
54 718 9 4 229
55 278 7 8 589087
56 89 7 6 5978
56 267 10 8 1331767
56 472 1 5 562
56 544 10 4 637
56 560 3 2 8
57 5 1 6 734
57 128 5 4 133
57 448 1 7 5722
58 113 10 2 41
59 58 2 5 274
59 292 6 2 15
59 453 10 1 4
59 583 5 2 15
60 3 10 6 20038
60 5 4 3 30
60 33 10 1 8
60 948 8 1 4
61 648 5 1 8
62 521 8 7 51964
62 612 5 4 473
64 1 5 2 26
64 26 10 2 19
64 192 3 1 4
64 194 4 4 125
64 197 5 2 22
64 272 3 6 6103
64 465 9 1 14
64 481 3 3 31
64 686 2 10 12517244
64 756 9 3 88
64 771 6 3 48
64 780 8 5 4155
64 790 1 4 82
65 25 10 4 571
65 96 6 1 4
65 104 3 7 28253
65 118 3 2 10
65 241 4 4 101
65 265 5 4 323
65 274 2 3 22
65 421 1 10 4281473
65 515 8 1 4
65 571 2 1 3
65 614 8 3 136
66 140 10 3 99
66 545 2 7 38613
67 2 10 3 85
67 37 10 3 71
67 73 10 1 11
67 453 10 8 3211950
67 840 4 2 20
68 153 9 1 12
68 226 1 5 251
69 138 9 1 4
69 276 2 3 12
69 529 8 4 329
69 768 4 1 4
70 109 3 3 42
70 212 6 5 1581
70 431 9 2 17
70 646 10 3 149
70 648 7 2 22
70 672 3 8 924337
71 264 2 2 7
71 700 10 1 9
72 280 2 5 541
72 437 8 6 31000
72 533 7 1 8
73 39 6 3 53
73 640 4 3 40
74 512 4 1 4
74 548 2 2 4
74 600 5 1 8
74 768 5 7 72918
74 1012 2 4 50
75 259 1 6 2905
75 576 4 5 511
76 76 10 1 4
76 262 9 3 120
76 855 10 4 275
77 256 5 5 2574
77 267 10 6 27894
77 450 7 7 107125
77 456 3 3 20
78 288 6 4 468
78 784 9 1 4
78 919 4 1 4
79 165 7 1 4
79 386 4 5 660
80 0 7 4 666
80 51 5 4 142
80 82 1 7 12853
80 132 5 1 4
80 211 9 1 8
80 528 2 2 8
80 677 1 4 91
80 920 1 3 19
81 807 4 1 4
81 852 3 1 4
82 280 7 1 4
82 283 7 1 8
83 124 5 3 87
83 304 1 4 53
83 617 8 5 1710
83 784 6 1 8
84 64 7 2 13
84 74 5 1 8
84 216 8 1 4
84 490 3 3 33
85 65 6 3 74
86 234 4 1 6
86 524 6 2 16
87 353 9 1 13
87 462 6 5 696
87 515 9 3 113
88 330 2 3 13
88 782 7 2 19
89 76 2 3 19
90 274 9 2 29
90 843 4 5 920
90 977 3 1 4
90 988 2 2 4
91 154 1 2 4
91 652 1 2 4
91 951 7 3 154
92 38 3 3 24
92 91 8 2 22
93 134 3 3 29
93 669 2 3 36
94 954 9 3 169
95 20 1 3 19
95 34 5 4 113
96 32 4 2 20
96 80 9 1 4
96 148 3 3 26
96 220 9 2 19
96 276 9 1 4
96 304 8 1 4
96 321 9 1 4
96 356 2 2 4
96 547 10 1 6
96 776 8 1 13
96 820 9 2 28
97 48 5 1 4
97 130 10 1 14
97 167 7 1 4
97 195 8 1 4
97 286 8 5 1728
97 525 9 10 197112645
98 14 9 1 6
98 352 1 2 4
98 401 7 2 30
98 671 4 4 143
98 928 10 4 921
99 134 1 8 59059
99 249 1 5 168
100 294 6 5 1008
100 752 2 2 6
101 70 1 4 48
101 124 7 1 4
101 161 8 1 10
101 169 8 1 5
101 392 4 3 22
101 599 5 1 4
102 6 1 4 25
102 78 3 4 72
102 166 3 3 26
102 264 4 3 29
104 26 10 4 515
104 28 3 5 412
104 48 6 3 35
104 64 4 3 71
104 132 2 6 3259
104 313 10 7 154473
104 512 9 1 4
104 673 3 1 4
105 3 3 1 4
105 296 3 1 4
105 779 9 3 120
106 516 4 2 17
106 652 1 5 309
107 3 8 3 117
107 129 2 2 4
108 133 6 1 4
108 514 7 1 4
109 707 10 5 2783
111 12 4 1 5
112 0 4 5 1072
112 1 5 3 59
112 3 6 3 64
112 107 6 3 40
112 776 3 4 147
114 68 4 1 7
114 416 10 1 13
114 452 2 4 117
114 497 4 1 4
114 872 10 2 22
116 33 9 6 28021
117 106 4 3 24
117 803 6 3 39
118 565 3 3 33
119 446 7 5 1961
119 836 9 1 8
120 0 3 2 8
120 76 8 1 14
121 536 8 5 3898
122 24 4 4 342
122 80 4 1 4
122 185 7 6 13744
122 294 4 3 29
123 600 3 3 60
124 304 4 3 37
125 268 4 2 10
128 10 8 3 120
128 134 8 3 105
128 200 1 5 150
128 208 5 1 4
128 320 8 1 4
128 362 2 3 28
128 375 1 2 4
128 433 4 2 8
128 453 1 4 25
128 628 8 1 8
128 770 7 2 14
128 806 8 1 8
129 0 10 8 511467
129 10 10 3 86
129 37 3 4 78
129 39 1 6 1993
129 88 6 4 323
129 163 8 3 60
129 584 2 5 973
129 707 2 2 8
130 273 10 1 4
130 368 5 4 339
130 520 8 3 56
130 528 7 1 8
130 532 6 1 4
130 540 7 2 32
130 675 9 1 8
130 772 7 3 40
131 581 2 3 16
132 6 9 2 34
132 17 5 5 2172
132 94 6 1 8
132 372 2 3 20
132 713 10 1 4
132 916 1 2 4
132 957 7 1 12
133 23 4 8 352820
133 138 9 2 22
134 67 3 3 38
134 84 1 4 26
134 224 3 4 83
134 377 10 4 364
134 516 10 3 64
134 768 1 2 4
135 258 4 2 17
136 21 3 5 1701
136 81 6 3 100
136 160 1 3 6
136 482 9 3 53
136 610 8 4 653
136 657 5 2 19
136 684 2 2 9
136 831 2 4 76
137 148 1 3 8
137 259 6 5 3320
137 325 5 4 127
137 678 1 4 74
137 778 6 3 49
138 266 10 1 4
138 415 8 3 62
138 590 4 2 20
138 902 2 2 4
139 426 4 1 4
139 865 2 2 8
140 72 7 7 273580
140 135 1 4 24
140 143 4 1 4
140 464 4 4 197
140 776 10 5 1287
141 2 4 1 4
141 521 10 5 1681
141 954 7 2 34
142 641 9 1 8
143 116 5 1 4
143 144 6 1 4
143 187 9 1 3
143 286 9 3 116
143 642 7 2 26
144 68 2 5 1107
144 248 4 3 37
144 257 6 4 141
144 418 4 4 237
144 433 8 2 32
144 520 8 4 311
145 67 5 1 4
145 184 2 6 2948
145 216 10 2 24
145 273 7 4 203
145 392 9 1 12
145 576 8 5 4577
146 69 7 1 8
146 146 9 1 4
146 396 7 3 60
147 522 2 2 10
148 1 7 3 57
148 24 10 5 1635
148 130 4 1 4
148 139 7 2 13
148 146 6 4 230
148 278 10 9 5120399
148 515 2 7 45653
148 912 4 2 11
149 20 2 2 8
149 633 7 2 27
149 649 8 4 258
150 141 7 1 4
150 160 4 2 9
151 102 1 3 11
151 132 5 3 88
153 26 7 2 31
153 151 1 2 4
153 171 8 2 39
153 592 8 3 80
153 833 10 3 125
153 961 6 1 10
156 54 8 1 4
156 133 10 8 474684
156 521 2 6 3395
156 814 3 2 11
157 404 8 2 15
159 526 8 1 10
160 34 4 9 2164185
160 81 9 4 730
160 144 9 4 419
160 452 5 2 11
160 644 10 1 11
161 21 7 1 8
161 40 5 1 8
161 326 8 1 4
161 376 2 2 8
161 524 1 3 17
161 576 7 7 186265
161 717 2 3 11
161 898 5 5 759
162 160 8 6 8232
162 517 10 1 11
163 227 7 4 245
163 361 1 6 3714
164 34 1 3 15
164 38 6 2 23
164 87 3 1 4
164 217 9 7 89281
164 280 7 1 9
164 481 3 5 1920
164 636 7 1 10
164 646 2 4 58
165 141 4 1 4
165 397 6 3 41
167 104 2 2 8
167 289 4 2 15
167 384 4 3 79
168 8 5 2 17
168 52 7 4 257
168 67 4 3 78
168 68 9 1 4
168 98 9 1 10
168 480 1 3 16
169 72 2 3 14
169 351 1 4 26
169 514 4 2 8
171 810 7 1 4
172 8 3 5 426
172 32 7 4 431
172 664 3 1 4
174 493 6 2 28
174 582 8 2 19
175 863 5 2 11
176 32 8 1 5
176 137 7 5 3375
176 270 1 4 32
176 273 8 2 26
176 864 1 2 4
177 128 2 2 8
177 611 4 5 516
177 744 8 2 31
178 100 9 1 13
178 144 7 1 6
180 19 9 5 2546
180 152 10 1 8
180 600 10 1 4
180 973 9 1 8
181 97 7 3 63
181 331 9 2 39
181 768 4 1 4
181 964 9 1 8
182 672 3 1 3
182 728 7 1 4
184 141 6 4 173
184 161 10 2 41
184 664 1 6 2078
185 5 3 5 863
185 391 6 4 149
186 582 8 1 6
187 800 8 4 841
188 4 5 4 432
188 199 1 8 54611
192 43 4 5 979
192 52 1 2 4
192 72 8 1 10
192 177 10 1 10
192 392 7 6 24266
192 524 7 1 4
192 713 5 1 4
192 898 1 3 15
192 904 3 1 4
193 8 6 4 250
193 28 8 4 235
193 120 7 6 8931
193 131 1 5 203
193 162 4 4 128
193 375 5 3 45
193 422 2 2 8
193 775 5 2 23
194 321 2 3 39
196 81 5 1 4
196 377 10 1 4
197 61 6 3 81
197 297 9 6 7757
197 592 3 2 9
197 611 5 1 4
197 769 9 1 8
198 3 9 2 21
200 146 10 4 819
200 445 2 8 193401
201 39 9 2 22
201 140 1 2 4
202 11 2 3 16
203 654 1 3 12
204 6 6 2 16
205 457 7 3 88
206 80 10 3 142
206 530 1 4 88
208 12 9 4 367
208 88 3 4 94
208 534 10 1 4
209 55 2 2 8
209 513 3 3 39
209 564 2 2 4
210 1 7 3 38
210 882 4 2 8
211 4 8 1 12
212 34 2 6 2772
212 69 5 2 17
212 262 6 1 10
212 285 4 1 6
212 673 6 5 2491
213 64 1 3 13
214 369 6 4 134
214 585 7 1 4
216 66 2 2 4
216 138 7 1 4
216 792 9 1 4
218 86 5 5 1205
219 389 8 3 142
220 176 8 1 4
220 658 4 3 34
222 532 1 9 858512
222 852 1 4 29
225 257 1 3 10
225 316 3 5 1436
225 948 10 2 20
226 35 3 1 4
226 157 9 3 91
227 336 5 3 44
227 592 2 6 6147
227 838 7 3 78
228 32 10 1 4
228 294 9 1 6
230 9 3 7 39806
231 261 9 1 6
231 290 8 3 53
232 5 8 3 61
232 130 5 1 8
232 480 7 4 562
233 212 10 6 7793
233 912 7 3 68
233 973 1 4 35
234 848 2 6 2477
234 917 10 4 790
235 281 1 4 81
238 620 9 3 158
238 642 10 6 32993
239 370 6 2 11
239 560 7 3 78
240 18 8 1 4
240 66 6 2 19
240 799 6 1 4
240 914 3 2 8
241 206 5 3 28
241 245 7 3 114
242 156 2 9 2765105
244 33 4 2 8
244 932 6 2 11
245 705 4 1 4
246 64 7 3 66
248 0 1 2 4
248 557 4 2 10
248 902 10 3 57
250 46 7 5 2068
256 1 8 1 12
256 4 10 2 33
256 5 4 1 6
256 68 2 7 16690
256 69 10 1 17
256 97 3 3 17
256 160 8 6 36674
256 212 7 6 13608
256 243 1 2 4
256 262 3 3 32
256 312 2 6 1675
256 344 3 6 13408
256 416 1 3 8
256 512 2 2 4
256 522 3 3 24
256 616 2 9 4029583
256 705 8 4 499
256 764 9 3 61
256 772 7 1 8
256 804 7 2 32
256 904 9 2 16
257 0 9 5 3603
257 156 9 1 4
257 268 6 2 15
257 272 7 1 9
257 544 6 2 15
257 806 1 5 545
257 912 9 3 124
257 945 9 1 4
258 34 2 3 26
258 36 3 3 19
258 138 10 2 26
258 265 5 3 37
258 810 6 2 23
258 880 4 7 24871
259 7 1 2 4
259 165 7 1 4
259 226 9 2 46
259 268 7 1 8
259 327 4 2 17
260 131 6 4 136
260 522 8 3 175
260 545 1 5 317
260 678 3 4 159
260 978 5 3 78
261 8 4 1 4
261 67 6 3 32
261 356 7 1 4
261 672 10 2 18
261 995 3 6 7043
262 32 3 2 11
262 134 5 1 4
262 193 2 4 113
262 256 5 5 797
262 906 6 3 48
262 1013 2 3 26
264 1 1 4 74
264 4 4 1 4
264 296 10 1 17
264 320 3 3 17
264 568 10 8 616852
265 264 2 2 4
265 339 5 2 18
265 632 1 4 28
266 11 1 4 33
266 242 7 1 8
266 272 1 2 4
266 336 10 6 22418
267 581 7 6 13725
268 12 5 3 100
268 34 4 3 78
268 177 4 2 12
268 192 1 4 23
268 524 4 2 8
268 577 7 4 444
269 444 10 8 893181
269 640 2 3 11
270 73 10 3 212
270 532 5 5 844
270 642 4 1 4
272 41 5 1 4
272 162 8 3 64
272 208 8 6 10611
272 225 5 3 42
272 234 7 2 20
272 259 10 2 21
272 378 9 2 22
272 520 5 4 480
272 554 3 3 30
272 640 3 5 1297
273 581 7 5 1257
273 693 8 4 535
273 809 7 4 158
273 903 3 7 32353
274 98 5 8 626538
274 334 4 6 6142
275 4 1 3 9
275 16 8 2 15
275 116 4 7 48250
275 133 10 3 106
275 401 6 1 8
275 485 7 1 8
276 288 9 4 779
276 394 10 1 4
276 628 1 9 586007
277 8 6 2 27
277 128 9 2 25
277 385 9 2 44
278 258 4 1 6
279 18 7 3 100
279 901 7 6 6923
280 36 2 3 27
280 600 1 6 2662
280 674 7 3 38
282 136 6 3 79
282 576 9 2 35
282 717 6 4 240
282 787 9 1 6
283 35 9 2 21
284 835 8 2 21
285 104 3 2 11
286 12 3 3 17
286 624 10 9 12740946
286 832 8 2 21
287 448 2 2 5
288 47 9 1 6
288 50 6 7 62576
288 132 6 3 60
288 224 3 2 11
288 341 10 1 6
288 545 7 4 176
289 156 3 4 153
289 345 7 1 8
289 472 9 2 38
289 753 9 5 3596
289 788 9 1 4
290 0 3 1 4
290 388 8 1 4
291 32 3 3 41
291 610 10 4 239
291 768 1 2 4
291 967 2 4 49
292 7 8 2 30
292 19 4 1 4
292 134 1 5 177
292 162 2 2 4
292 593 9 1 8
293 256 6 6 10058
293 960 5 3 98
294 27 8 1 10
294 742 6 3 69
294 864 4 2 19
296 57 1 4 34
296 231 7 1 4
296 260 7 1 8
296 288 3 2 8
296 336 3 1 4
296 409 6 2 26
296 516 8 1 8
297 167 6 1 8
297 325 5 1 6
297 389 6 3 32
297 742 6 1 8
298 75 8 2 21
298 800 4 2 11
299 291 7 5 937
300 140 8 1 4
301 274 4 2 19
301 777 6 2 13
304 6 9 1 4
304 8 4 3 45
304 42 5 3 103
304 63 3 6 2969
304 106 1 4 91
304 212 10 1 12
304 258 7 4 763
304 292 10 1 4
305 11 6 1 4
305 576 10 3 113
306 36 8 1 11
306 550 3 6 2874
306 918 7 2 25
307 514 6 5 1202
308 21 1 2 4
308 583 10 1 14
308 640 5 1 4
308 692 5 2 25
308 832 10 4 262
309 77 10 2 20
309 774 1 4 43
310 936 4 2 12
312 514 8 1 6
314 156 3 5 1526
314 376 8 3 61
314 518 1 6 1194
315 739 4 2 20
316 452 9 4 876
318 532 6 6 14664
318 914 8 1 8
320 29 10 5 5178
320 315 9 3 51
320 407 9 1 4
320 428 8 1 8
320 641 10 2 33
321 337 7 1 10
321 768 7 1 4
322 80 1 5 381
322 196 4 4 193
322 899 6 4 274
322 902 3 2 15
323 360 10 3 59
323 515 8 4 373
324 16 8 1 4
324 106 7 1 11
324 167 6 2 24
324 179 7 8 506209
324 200 6 3 39
324 513 6 1 4
324 530 5 4 450
325 74 3 2 11
325 614 1 2 4
325 720 10 3 59
326 16 9 1 10
326 32 3 3 51
326 116 7 1 4
326 280 2 2 4
326 443 4 3 61
327 675 6 4 417
327 698 1 4 40
328 45 7 1 8
328 853 8 4 481
329 258 4 1 4
330 8 2 3 19
332 456 10 5 5001
332 643 5 1 8
334 265 9 1 4
334 288 8 2 17
335 83 9 1 12
336 18 6 1 4
336 100 4 1 4
336 576 3 3 37
336 632 7 5 1372
337 352 6 9 5114205
337 768 6 2 11
337 833 8 1 4
338 33 9 2 22
338 160 1 3 12
339 42 6 4 136
340 0 8 7 47195
340 106 5 1 4
340 704 6 1 8
342 272 1 2 4
342 536 10 1 4
343 475 1 9 1806168
344 676 3 2 8
345 728 1 4 112
346 11 6 1 8
346 89 3 4 121
347 11 4 4 138
347 313 5 2 18
348 395 9 5 1343
349 12 2 3 11
352 409 1 2 4
352 419 3 9 2495724
352 680 10 4 534
352 794 2 3 12
353 138 9 2 29
353 389 7 1 8
353 684 10 1 14
354 25 4 4 175
354 30 8 1 8
354 836 7 6 16593
354 969 1 2 4
355 634 4 7 52902
356 800 8 2 15
357 433 6 4 546
357 641 2 6 1630
357 690 2 3 26
358 3 10 5 4031
358 168 7 1 8
360 555 2 2 4
360 732 3 1 4
360 784 5 3 66
360 810 2 2 8
361 316 1 4 27
363 162 3 3 23
363 424 7 1 10
364 740 8 1 4
366 657 5 4 349
368 49 3 1 4
368 738 8 2 21
368 925 5 2 20
371 112 2 4 57
371 705 9 3 86
372 352 10 1 12
376 193 8 1 11
381 531 7 4 246
382 562 6 5 2176
384 5 8 2 36
384 6 10 5 1229
384 156 5 4 333
384 168 7 2 23
384 312 6 4 677
384 457 7 1 10
384 531 3 2 11
384 571 9 4 311
384 597 7 4 689
384 692 4 6 3978
384 962 3 2 8
385 213 5 1 4
385 513 3 2 10
385 563 4 3 31
386 64 8 1 8
386 158 2 4 153
386 160 3 5 935
386 206 6 3 85
386 275 10 6 9215
386 681 5 4 357
386 846 10 1 15
386 849 5 2 17
387 147 7 2 36
387 297 2 7 22670
387 545 2 5 819
387 1016 1 5 157
388 332 7 1 8
390 566 1 3 8
391 8 5 7 31900
391 800 1 7 7089
392 38 3 7 77803
392 336 8 3 59
392 674 3 1 5
393 461 1 3 15
393 577 6 7 147248
394 80 7 8 570051
394 211 5 5 1378
394 590 4 5 567
395 558 8 3 48
395 647 2 4 194
396 6 9 1 8
396 454 6 1 4
396 536 8 1 8
396 546 10 1 4
396 777 2 5 932
397 132 7 1 4
397 305 7 2 35
397 518 2 6 5530
398 943 3 3 21
399 9 2 2 4
400 21 2 2 9
400 144 7 5 899
400 712 1 2 4
401 16 3 1 4
401 58 5 1 8
401 277 1 2 4
401 284 5 1 4
401 673 2 3 44
401 932 2 2 4
402 68 6 3 38
402 80 1 4 43
402 769 2 2 4
403 20 6 1 4
403 98 5 6 5773
404 209 5 8 858717
404 298 8 1 3
406 677 6 3 108
406 928 10 2 22
407 591 1 3 8
408 66 9 7 240861
408 405 4 2 15
408 576 4 3 51
409 66 10 2 21
409 888 10 1 4
410 520 6 1 6
411 20 8 5 5375
412 6 2 3 11
413 640 2 4 73
414 932 3 3 22
415 101 10 1 4
416 279 5 2 24
416 832 5 1 8
417 577 2 9 4557043
418 16 3 3 57
419 7 1 3 15
419 62 8 3 44
419 844 3 5 555
420 32 6 2 19
420 114 6 4 206
420 288 8 2 18
420 424 9 1 4
421 400 3 1 4
422 736 6 2 20
423 384 7 9 15605624
423 651 2 3 19
424 481 1 4 28
425 161 7 3 51
425 746 2 4 48
425 776 6 2 30
426 644 7 1 4
427 580 2 2 4
428 194 10 6 18802
428 880 1 4 58
430 8 6 4 136
430 68 5 2 12
430 203 5 1 4
433 24 4 5 467
433 398 10 3 98
434 734 10 1 11
436 597 2 5 1156
436 641 3 4 204
437 2 7 4 348
441 21 10 1 4
442 146 10 1 4
442 691 4 3 40
444 769 1 7 8710
444 801 3 1 4
448 513 2 2 4
449 321 2 8 91651
450 450 5 1 4
452 48 9 3 178
452 488 9 2 42
452 512 10 2 28
452 513 2 2 4
453 368 7 3 82
453 661 6 4 282
454 9 9 1 4
454 437 9 3 84
454 634 5 8 1643869
454 782 9 3 146
456 367 6 1 4
456 376 7 2 15
456 774 1 8 357373
457 906 3 4 125
458 101 4 4 198
458 743 4 1 4
460 197 10 3 210
460 462 7 1 4
460 566 5 3 51
461 625 8 1 8
461 901 5 2 9
462 516 3 7 21395
462 641 1 4 80
463 916 5 2 17
464 928 6 3 33
465 531 9 3 91
465 761 6 5 792
467 211 9 1 6
467 300 8 2 15
470 713 6 4 217
472 226 5 1 8
472 256 9 6 14146
472 801 6 1 9
473 6 5 1 8
473 800 7 1 4
476 775 1 3 12
480 0 4 4 175
480 665 2 2 4
480 731 4 2 15
480 928 2 3 16
481 288 7 1 4
481 416 5 4 251
482 64 6 1 4
482 208 2 3 19
482 285 7 1 4
483 555 1 3 8
488 3 5 1 8
488 269 2 2 4
488 334 1 3 8
488 565 2 9 996806
489 64 3 6 2428
491 112 4 3 24
496 433 3 5 1500
496 978 9 1 4
501 519 2 2 8
504 267 3 7 43412
505 332 8 1 8
512 1 6 2 30
512 5 3 1 4
512 36 6 1 4
512 52 3 1 4
512 65 4 2 12
512 96 8 3 91
512 153 8 1 4
512 173 2 7 60163
512 420 10 1 4
512 438 9 1 4
512 453 8 3 78
512 482 4 3 55
512 514 10 1 8
512 522 1 5 194
512 685 9 1 8
512 936 3 1 4
513 5 2 2 4
513 42 7 7 66037
513 65 10 2 26
513 100 7 4 190
513 112 7 3 147
513 304 4 4 285
513 315 4 2 15
513 340 6 2 17
513 548 8 2 36
513 640 10 1 10
513 644 6 5 2534
514 4 4 2 8
514 11 3 1 4
514 160 10 5 6625
514 401 2 4 114
514 522 4 1 4
514 572 1 3 21
514 780 1 6 709
515 93 10 3 76
515 157 1 2 4
515 273 2 4 116
515 598 9 5 2256
516 33 4 5 470
516 69 5 4 283
516 72 4 4 229
516 169 6 4 435
516 357 9 1 4
516 582 6 4 646
516 605 9 3 58
516 785 6 6 28089
517 0 4 5 2680
517 3 10 1 4
517 8 5 3 61
517 34 9 1 12
517 177 6 1 6
517 233 6 4 397
517 281 4 5 627
517 525 3 5 348
517 534 3 3 24
517 672 3 1 4
517 676 8 3 164
517 768 8 1 13
518 0 5 2 15
518 41 4 3 34
518 66 10 5 3296
518 517 7 1 10
519 517 2 2 8
519 944 1 3 12
520 9 5 6 6092
520 94 8 1 4
520 164 8 1 4
520 296 3 8 163469
520 328 8 4 282
520 785 7 3 93
520 812 4 2 8
520 896 10 1 4
521 81 5 2 14
521 131 8 1 8
521 450 9 5 1691
521 554 6 1 8
522 121 9 1 4
522 234 2 2 8
522 549 1 7 22915
524 173 5 6 11654
524 520 7 2 27
526 776 2 4 45
527 36 2 3 17
527 713 8 5 2227
528 10 3 2 8
528 33 2 6 4512
528 156 4 4 201
528 344 8 3 101
528 406 3 4 255
528 512 10 1 4
528 580 9 1 4
528 720 4 2 15
528 801 9 7 54843
529 16 4 1 6
529 148 3 3 17
529 260 3 3 27
529 423 6 2 13
529 517 10 1 8
529 737 1 5 181
529 836 9 4 268
530 20 5 5 740
530 86 7 3 85
530 132 7 3 39
530 325 3 5 770
530 696 1 5 235
532 11 1 4 81
532 134 3 3 65
532 292 1 3 10
532 550 4 3 60
532 853 3 3 16
533 5 6 2 17
533 37 10 1 8
533 787 4 1 4
534 928 2 2 8
535 10 10 3 55
536 10 3 3 22
536 244 7 2 28
536 412 10 5 1713
536 687 2 5 255
536 902 1 3 22
537 138 2 2 4
537 478 3 6 7598
538 84 3 2 7
538 820 7 5 1737
540 256 4 4 138
540 481 9 2 27
541 793 9 8 657425
544 6 2 3 22
544 21 5 2 24
544 24 9 2 21
544 151 9 3 191
544 429 8 7 159078
544 536 5 4 162
544 542 1 4 48
544 551 8 1 11
545 209 7 1 4
545 226 9 1 8
545 520 2 2 10
545 743 6 5 717
545 914 3 2 8
546 2 9 4 275
546 263 4 3 35
546 612 7 5 4135
546 650 5 2 18
546 758 1 3 13
546 900 7 8 1883461
547 265 7 4 517
547 427 1 2 4
548 169 10 1 16
548 512 1 4 81
548 577 3 2 6
548 586 8 4 455
549 68 5 1 4
549 97 7 1 4
549 288 6 5 1686
549 530 9 1 12
549 647 3 1 4
550 36 4 4 299
550 649 5 4 252
550 800 9 1 4
551 40 3 2 8
552 640 7 4 417
552 656 6 3 44
552 932 1 2 4
553 36 8 4 283
553 102 5 1 4
554 4 1 3 6
554 137 9 1 4
555 52 7 1 4
556 409 1 5 336
557 15 1 5 553
557 400 1 4 33
557 512 3 6 5766
557 557 8 3 113
557 770 1 3 22
557 938 1 6 1024
559 557 4 2 10
560 18 2 3 11
560 32 6 1 4
560 104 6 4 435
560 354 3 4 195
561 444 2 3 19
561 521 3 5 1835
561 786 9 5 1816
561 993 1 2 4
562 977 10 6 36369
562 992 5 2 10
563 20 5 1 4
563 410 4 1 4
564 28 3 2 15
564 656 5 1 4
564 659 3 3 34
565 105 4 3 28
566 4 8 2 29
566 132 7 1 4
567 793 3 3 46
569 385 6 7 223523
571 100 8 5 1828
571 457 10 6 20065
572 36 3 4 194
572 64 6 1 4
572 257 6 3 60
572 370 10 3 75
574 18 5 1 6
574 533 3 6 12043
574 696 8 2 17
576 4 7 4 579
576 19 5 2 11
576 48 9 4 417
576 76 9 4 458
576 133 8 3 88
576 172 6 6 4178
576 193 3 7 73012
576 228 2 2 4
576 371 8 3 44
576 547 3 3 50
577 222 5 2 15
577 236 2 4 179
577 292 9 8 1079419
577 401 7 2 18
577 577 3 1 4
577 661 2 2 4
577 997 8 3 45
578 26 8 1 4
578 96 9 2 17
578 120 6 4 232
578 136 1 6 904
578 554 9 4 348
578 572 9 1 4
578 575 10 1 4
579 80 9 6 11130
579 621 9 2 28
579 789 10 1 4
580 507 5 1 4
580 528 8 2 15
580 598 1 4 74
584 432 3 5 1380
584 833 4 1 4
585 64 4 1 4
585 208 5 6 10206
585 217 6 3 49
585 354 6 3 34
585 389 3 8 160119
586 64 1 2 4
586 658 3 1 4
587 608 6 1 8
588 784 4 3 24
590 276 7 3 144
590 300 5 1 4
590 520 9 1 10
590 788 4 4 206
591 147 6 2 13
592 2 5 4 303
592 4 10 1 16
592 528 6 2 28
592 585 2 7 12621
593 429 2 8 116478
595 58 10 5 2403
595 557 6 4 422
596 11 9 2 21
596 33 7 1 9
596 154 8 1 8
596 385 8 1 4
597 387 10 5 5495
599 176 7 1 4
600 115 7 1 6
600 562 9 1 4
600 575 4 3 31
601 335 5 3 53
601 431 9 1 10
602 480 2 3 34
604 913 1 6 4011
604 1006 7 1 4
606 281 1 3 15
606 807 5 1 4
607 288 8 4 329
607 393 4 3 60
608 176 7 2 37
608 185 8 1 6
608 522 6 1 10
608 576 6 2 28
608 648 3 2 11
609 28 3 9 10242795
609 210 7 2 22
609 225 7 3 91
609 526 6 3 77
609 768 3 6 10236
612 170 6 7 119732
613 840 7 1 4
614 265 7 1 4
614 936 10 1 10
616 81 9 4 534
616 450 9 2 24
617 374 8 2 23
617 908 2 2 4
618 70 5 3 48
618 1004 3 2 8
619 76 8 3 90
619 140 7 1 4
619 231 10 6 14640
621 293 8 2 34
623 1000 8 1 8
624 579 5 6 14291
625 5 7 9 3349567
625 261 4 7 108923
625 530 1 3 8
626 8 8 1 4
626 104 1 7 20503
627 3 6 3 44
627 418 10 1 4
627 769 7 2 26
627 977 7 3 57
629 446 6 4 221
629 528 2 3 25
632 18 9 3 52
635 546 10 1 13
637 73 1 2 4
638 161 4 2 15
640 160 7 2 13
640 181 5 1 6
640 246 9 1 15
640 258 5 1 4
640 369 1 3 22
640 421 7 1 8
640 525 5 4 308
640 584 2 5 588
640 659 4 6 10689
640 938 1 7 22528
640 952 3 6 6109
642 512 5 5 2291
642 562 6 2 11
643 73 7 1 5
643 775 1 2 4
644 387 9 7 253297
644 660 1 4 62
644 756 5 1 8
644 769 9 1 4
645 4 5 1 8
645 25 1 8 46950
645 548 9 1 4
645 963 10 3 70
646 289 3 3 56
646 388 9 7 53461
648 76 10 1 4
648 98 5 10 85393890
648 301 10 1 4
648 369 2 2 4
648 694 8 4 691
648 769 5 2 24
649 4 6 1 4
650 216 5 5 819
650 953 1 3 14
651 290 1 5 267
652 257 7 1 4
652 594 8 1 4
654 565 5 1 4
655 384 8 1 4
655 761 3 2 8
656 3 4 4 342
656 259 3 6 13956
656 370 7 2 17
657 79 7 1 4
657 201 8 1 6
658 10 3 3 19
658 26 6 1 7
658 226 2 3 13
660 36 8 4 205
660 52 10 5 1385
660 69 2 2 6
660 648 5 2 14
661 244 7 2 24
661 608 5 3 58
662 374 10 4 292
664 16 5 8 447787
664 781 3 4 190
665 3 4 2 12
665 260 2 3 25
667 587 6 1 8
668 464 2 4 50
668 749 3 6 2732
670 515 5 8 393636
672 64 10 1 8
672 129 3 4 122
672 608 8 5 5040
672 717 1 8 165276
673 104 3 6 6689
673 656 8 3 144
674 401 1 4 32
674 672 10 4 573
675 257 5 3 63
675 470 6 1 4
677 121 5 4 216
678 237 6 6 10185
679 556 7 3 50
680 20 4 9 3478523
680 39 3 1 4
680 450 10 1 4
680 540 1 6 1538
681 6 6 5 815
681 33 3 1 4
682 14 9 1 4
684 1008 4 1 4
686 426 8 3 86
686 593 7 1 8
689 80 3 1 4
690 110 5 1 4
692 914 8 1 6
693 397 6 9 2515770
693 522 3 5 694
694 6 8 5 3846
694 768 7 2 24
694 931 7 2 20
694 976 5 4 339
695 517 1 2 4
695 585 10 1 4
697 710 2 3 24
700 18 7 2 13
700 229 7 3 118
700 864 2 6 5416
701 34 9 3 155
701 941 9 3 53
704 34 8 2 37
704 76 3 4 100
704 135 4 4 95
704 292 10 4 230
704 370 4 3 40
704 514 10 1 6
705 596 10 9 4494678
705 854 2 6 9390
706 161 10 1 4
706 460 8 2 17
706 732 3 3 55
709 325 6 3 72
709 644 5 3 37
709 843 3 4 157
710 2 7 1 9
712 35 4 3 31
712 141 1 9 826239
712 294 3 3 21
713 593 4 2 8
713 837 2 3 41
716 339 4 4 114
716 842 2 2 4
719 512 4 2 8
720 7 5 1 6
720 144 10 2 42
721 0 6 5 913
721 104 10 2 22
721 170 9 1 6
721 323 2 2 4
721 584 3 6 3413
722 82 5 1 6
722 100 3 2 8
722 104 5 4 124
722 146 5 3 53
722 393 1 4 25
722 398 9 2 40
723 142 2 2 8
724 20 8 1 8
724 596 9 1 8
725 44 6 1 4
725 65 4 5 1640
728 227 9 6 36165
729 578 3 2 8
732 834 5 1 8
737 64 4 2 10
737 288 10 1 16
737 610 2 5 756
738 970 8 1 12
740 235 7 1 10
740 801 7 4 274
741 45 8 4 726
741 260 7 2 34
742 97 1 4 110
744 124 7 2 24
744 280 1 4 111
744 762 3 2 8
745 63 4 5 1401
746 386 5 3 63
752 494 7 1 8
752 786 9 7 45542
754 32 9 3 129
759 130 5 2 21
760 40 8 5 1387
760 220 9 5 1622
760 257 8 7 49518
760 300 4 4 366
761 435 8 6 11974
763 668 3 2 12
765 513 6 5 949
768 326 1 6 797
768 608 4 2 8
768 666 6 3 32
768 736 7 1 4
768 738 10 2 48
768 926 9 1 4
769 34 2 4 65
769 277 3 1 4
769 350 6 3 65
769 640 2 2 4
769 773 7 1 4
770 211 2 2 4
770 256 2 3 30
770 663 9 1 4
771 128 10 2 30
771 793 6 2 26
771 800 6 4 609
772 0 3 2 11
772 32 7 3 153
772 130 7 1 4
774 8 3 4 176
774 936 6 2 17
775 48 7 4 461
775 921 7 2 30
776 155 3 2 8
776 586 3 3 35
776 697 10 1 17
777 84 10 1 4
777 200 2 3 26
777 318 1 3 12
778 330 6 4 604
780 14 3 2 10
780 16 6 6 13682
780 193 7 8 520021
780 552 1 3 16
780 707 2 3 11
780 901 3 1 4
781 222 10 3 162
782 226 10 3 93
782 405 3 2 10
784 1 1 4 107
784 514 3 4 87
784 549 1 3 15
784 634 2 2 4
785 45 2 6 7173
785 257 4 9 1603940
786 142 4 1 4
786 521 1 3 9
786 576 10 2 21
786 914 1 6 1389
787 199 3 2 8
788 25 9 10 55142515
788 324 8 2 25
788 332 8 1 8
792 16 8 1 8
792 274 4 7 25506
792 540 1 4 62
792 594 7 5 2264
793 52 3 3 17
793 628 8 5 1847
795 422 8 1 4
795 661 6 1 8
798 776 8 1 11
799 433 7 1 4
800 9 7 1 4
800 45 3 3 24
800 73 5 2 17
800 97 9 2 28
800 824 8 1 4
801 312 10 1 6
801 592 6 1 8
801 642 1 4 53
804 0 3 7 15499
804 104 5 1 8
804 337 3 2 13
804 779 9 1 6
805 387 3 2 13
805 781 1 2 4
806 134 6 3 93
806 326 10 1 4
806 480 3 3 23
808 302 1 2 4
808 526 3 3 23
808 777 8 3 48
808 937 6 1 4
808 945 3 4 104
810 17 9 1 8
810 394 8 7 195324
810 416 7 2 37
812 778 6 7 41159
814 161 5 1 4
814 264 1 7 10912
814 905 1 6 1070
816 18 10 3 154
817 784 7 3 78
818 253 6 4 210
819 69 5 3 33
819 538 1 3 12
821 236 4 8 264279
822 211 5 2 11
824 392 5 2 23
824 609 5 1 4
828 592 5 2 13
830 356 2 3 13
832 16 7 1 6
832 21 10 1 8
832 30 7 5 806
832 304 2 4 71
832 328 9 1 8
832 427 3 5 2038
832 518 5 2 17
832 548 7 2 24
833 147 6 2 22
833 999 8 3 53
834 32 9 2 27
834 67 10 1 4
834 148 3 1 4
834 912 6 6 22442
835 264 9 2 24
835 392 7 2 36
835 583 9 5 2091
836 86 10 6 11607
836 388 1 2 4
836 485 10 1 8
838 785 5 4 180
839 21 2 5 1226
840 96 4 3 41
840 545 4 3 29
840 800 3 3 23
841 32 8 4 878
841 370 7 1 4
842 132 9 1 8
842 200 6 4 449
843 939 6 1 4
845 624 6 4 486
848 90 10 4 977
848 188 8 2 16
848 899 5 4 143
849 792 5 1 4
849 1018 7 3 68
850 308 5 3 60
850 776 9 1 12
852 2 1 3 8
852 64 1 3 13
852 72 3 6 2431
852 824 3 1 4
854 681 9 3 149
856 256 2 3 20
856 866 1 5 354
857 42 4 6 19551
862 130 4 1 4
864 23 6 4 199
864 786 4 1 4
866 260 2 3 11
867 998 5 3 39
868 332 5 3 82
870 6 1 6 824
870 68 1 3 6
871 264 1 7 5408
872 32 3 3 38
872 50 7 6 17203
872 165 3 6 4759
873 9 3 4 69
874 360 5 1 4
875 164 4 6 15727
878 258 2 3 18
880 611 10 3 171
882 42 5 5 2662
882 778 7 1 4
884 802 6 5 699
885 601 5 3 90
894 392 8 1 4
895 603 7 1 6
896 868 7 4 444
897 115 6 2 22
897 1002 7 3 62
898 336 10 4 304
898 699 5 2 13
899 537 4 1 6
899 736 9 1 14
900 4 6 1 4
900 162 2 8 82418
902 131 6 3 51
903 339 4 5 1493
904 112 8 1 4
904 231 7 1 9
904 552 10 5 1198
904 929 1 3 16
905 12 6 7 115452
905 540 8 3 80
906 194 8 3 64
906 328 8 4 440
907 276 9 2 22
908 456 8 4 250
910 614 3 1 4
911 5 3 1 4
911 10 6 2 12
911 896 5 1 7
912 2 8 2 20
912 129 5 2 13
912 388 3 2 8
914 669 10 3 76
914 776 8 1 4
914 968 4 1 4
915 431 5 3 50
916 742 10 1 13
916 777 5 1 4
917 912 4 6 4812
920 200 10 1 17
922 8 9 1 8
924 33 7 1 4
924 196 8 1 8
927 190 3 3 23
928 64 3 1 4
928 384 9 7 159507
928 516 3 2 8
929 257 6 3 67
929 316 4 1 6
930 547 8 2 20
930 720 5 5 1455
931 230 9 4 340
931 657 9 1 7
932 274 9 2 40
932 783 9 2 19
933 657 6 2 19
934 94 2 3 21
938 261 6 3 47
938 316 9 2 26
938 552 6 7 238176
940 512 7 3 134
941 771 3 3 24
944 165 9 1 6
944 756 5 3 40
945 456 7 2 15
946 205 6 1 10
947 568 6 3 50
951 818 6 3 44
952 37 2 2 4
953 905 4 2 8
954 22 6 6 15283
958 844 5 2 10
961 131 4 2 18
961 291 9 1 4
961 333 1 3 15
961 472 3 5 1562
961 481 9 2 18
963 130 4 4 104
965 937 6 1 8
966 192 1 5 498
966 197 10 1 5
966 555 9 4 573
968 51 5 5 574
968 352 10 9 18320126
968 360 1 7 12001
969 313 3 4 116
969 769 6 5 835
970 180 7 10 198045059
971 566 4 1 4
976 779 1 5 197
977 22 3 3 19
977 34 9 2 33
977 549 6 2 18
984 324 6 1 8
984 483 6 3 61
985 268 7 1 5
986 772 5 5 1254
987 962 9 7 115879
990 35 1 5 295
996 36 9 3 55
996 836 6 2 28
998 127 8 1 10
998 179 2 6 2340
1000 260 7 1 4
1001 286 2 4 87
1002 652 10 1 8
1002 912 8 1 8
1003 684 7 3 69
1004 129 1 2 5
1011 36 1 2 4
1013 316 1 5 243
1018 358 3 1 4
1020 371 6 4 343
1020 385 8 1 8
1021 643 5 1 4
