0 2 5 9
0 3 6 7
0 4 10 2
0 7 2 10
0 11 8 5
0 17 2 1
0 18 9 4
0 30 10 7
0 34 6 7
0 44 5 8
0 47 3 5
0 70 9 5
0 71 4 2
0 72 10 5
0 75 8 6
0 76 8 6
0 78 5 6
0 83 5 5
0 102 8 4
0 109 9 3
0 115 9 9
0 120 6 7
0 124 8 7
0 155 2 10
0 158 4 4
0 160 7 7
0 170 5 2
0 182 3 10
0 192 4 5
0 218 9 10
0 227 7 5
0 231 4 2
0 238 5 1
0 239 3 5
0 256 4 9
0 276 8 4
0 279 7 3
0 285 9 2
0 297 10 9
0 304 8 3
0 307 7 5
0 321 8 10
0 324 5 10
0 336 7 8
0 376 6 9
0 393 6 5
0 413 8 6
0 444 8 5
0 470 1 7
0 484 10 8
0 492 4 9
0 510 10 3
0 516 5 5
0 530 10 1
0 533 9 6
0 571 5 9
0 609 6 5
0 636 8 10
0 637 8 8
0 638 10 1
0 646 7 1
0 674 3 10
0 683 4 3
0 689 4 7
0 719 3 6
0 720 7 2
0 761 10 9
1 2 1 9
1 3 3 2
1 5 6 9
1 6 3 9
1 9 5 1
1 11 6 3
1 12 4 1
1 13 1 9
1 14 10 9
1 15 8 6
1 20 10 7
1 21 2 1
1 22 3 1
1 24 6 8
1 28 3 6
1 32 8 4
1 33 9 5
1 37 3 10
1 40 6 2
1 41 4 7
1 49 9 6
1 50 3 8
1 60 8 8
1 64 2 10
1 71 5 7
1 81 9 8
1 85 10 1
1 88 5 8
1 117 4 10
1 118 9 7
1 119 6 10
1 130 7 3
1 132 7 5
1 133 10 9
1 147 5 3
1 149 5 2
1 157 8 4
1 159 2 4
1 170 4 5
1 171 1 10
1 177 4 10
1 185 9 4
1 187 2 8
1 188 5 5
1 190 4 5
1 194 7 6
1 201 4 1
1 206 7 6
1 217 1 1
1 226 9 8
1 229 10 6
1 232 5 10
1 233 9 10
1 270 9 2
1 282 7 3
1 284 7 2
1 294 1 2
1 306 9 3
1 327 10 7
1 330 1 7
1 333 6 2
1 342 4 6
1 345 1 8
1 348 9 5
1 356 9 4
1 361 7 4
1 369 6 5
1 371 6 1
1 379 7 4
1 380 1 3
1 384 9 7
1 391 1 4
1 392 3 4
1 399 4 6
1 412 10 1
1 415 6 5
1 418 8 4
1 420 4 10
1 425 2 3
1 439 10 7
1 440 1 1
1 447 5 7
1 466 8 8
1 468 4 3
1 473 1 7
1 475 4 10
1 484 7 7
1 521 10 9
1 527 5 6
1 534 1 3
1 535 5 2
1 546 4 7
1 553 6 9
1 554 9 1
1 557 8 5
1 563 1 8
1 578 9 2
1 589 3 8
1 592 4 10
1 598 1 10
1 601 8 8
1 623 9 4
1 651 9 7
1 695 10 2
1 730 1 8
1 737 1 8
1 742 1 4
1 750 3 4
1 754 4 7
2 4 1 9
2 5 9 2
2 8 6 9
2 9 8 1
2 10 6 3
2 14 7 5
2 16 3 10
2 18 7 6
2 19 1 7
2 23 6 10
2 25 8 7
2 44 7 9
2 47 8 2
2 57 6 4
2 64 9 3
2 69 6 6
2 80 9 3
2 97 2 6
2 108 4 10
2 129 9 8
2 140 3 10
2 156 7 9
2 159 8 8
2 198 1 6
2 211 10 2
2 240 6 4
2 242 10 10
2 266 5 3
2 271 9 7
2 275 10 10
2 299 7 4
2 301 2 2
2 322 1 10
2 327 8 5
2 341 5 7
2 344 2 2
2 369 10 9
2 370 3 1
2 378 10 6
2 390 10 9
2 401 9 8
2 423 6 7
2 464 4 8
2 479 7 2
2 485 9 9
2 502 10 10
2 505 3 7
2 509 6 3
2 535 1 6
2 567 4 3
2 590 4 10
2 619 8 6
2 644 9 6
2 661 3 6
3 6 4 1
3 15 8 1
3 34 7 4
3 46 9 9
3 56 5 7
3 84 2 9
3 88 1 8
3 104 4 10
3 162 10 10
3 182 9 8
3 203 9 6
3 220 1 8
3 278 4 6
3 339 1 1
3 476 6 7
3 505 2 2
3 511 7 4
3 585 7 6
3 587 7 6
3 664 5 8
3 701 1 4
4 7 9 7
4 8 5 5
4 16 6 10
4 26 9 8
4 30 4 6
4 33 7 6
4 89 1 2
4 92 2 2
4 106 5 6
4 155 2 9
4 158 9 6
4 237 6 6
4 333 1 10
4 335 4 4
4 370 9 9
4 375 4 1
4 431 1 10
4 501 1 9
4 503 7 10
4 569 4 6
4 598 5 5
4 659 9 4
4 681 8 10
5 21 10 6
5 31 2 4
5 51 1 6
5 59 6 4
5 67 9 10
5 95 5 7
5 98 9 10
5 100 1 9
5 126 1 8
5 154 10 8
5 166 8 4
5 200 10 6
5 248 4 8
5 326 3 9
5 366 10 10
5 390 9 4
5 430 5 2
5 444 8 2
5 446 10 2
5 648 9 5
6 32 10 9
6 56 4 3
6 194 10 5
6 209 6 3
6 400 8 4
6 613 9 8
7 17 8 4
7 77 7 10
7 83 6 2
7 208 5 4
7 617 3 5
7 619 1 7
7 656 7 2
7 753 9 9
8 10 7 8
8 55 9 3
8 222 3 1
8 237 7 4
8 287 3 1
8 627 2 8
8 665 8 5
8 698 1 3
9 133 1 9
9 209 7 9
9 379 10 4
9 445 1 2
9 509 7 3
9 567 1 9
9 590 2 9
9 625 4 10
9 667 2 2
9 671 4 9
9 711 4 1
10 55 10 10
10 204 6 6
10 222 2 10
10 242 2 3
10 352 3 4
10 479 5 1
10 481 4 3
10 520 7 8
11 12 6 5
11 13 1 7
11 45 1 1
11 125 9 7
11 140 10 10
11 143 1 7
11 193 5 1
11 251 9 9
11 330 8 10
11 402 2 4
11 533 9 2
11 647 4 1
11 687 3 4
12 43 5 5
12 92 7 8
12 97 8 2
12 128 7 9
12 135 6 4
12 144 8 7
12 232 4 8
12 250 6 5
12 302 10 5
12 405 6 10
12 499 6 1
12 582 7 8
12 690 6 9
13 143 5 6
13 343 10 8
15 20 2 9
15 29 4 9
15 39 3 3
15 229 5 9
15 376 8 5
15 465 2 3
15 620 1 1
15 645 2 8
16 23 4 5
16 25 4 1
16 42 7 8
16 45 10 6
16 90 7 3
16 110 1 9
16 174 1 2
16 176 2 4
16 183 3 8
16 275 8 10
16 280 7 10
16 285 1 6
16 314 5 3
16 325 10 4
16 396 4 4
16 478 5 7
16 541 1 7
16 543 2 9
16 602 5 2
16 621 7 1
16 646 10 3
16 759 4 5
16 762 2 1
17 75 7 1
17 287 2 5
17 311 9 1
18 19 10 8
18 26 7 10
18 27 7 8
18 38 2 4
18 48 2 4
18 53 4 8
18 67 8 3
18 73 9 9
18 79 9 10
18 103 1 9
18 138 8 6
18 181 9 9
18 211 9 2
18 221 10 8
18 291 7 9
18 322 8 7
18 385 3 1
18 404 8 9
18 410 6 10
18 423 8 2
18 569 1 10
18 587 3 3
18 607 9 9
18 670 10 9
18 697 5 4
18 757 1 7
19 27 3 8
19 243 8 6
19 450 7 10
19 455 7 10
19 653 1 4
19 740 8 3
20 22 10 2
20 37 10 1
20 152 1 10
20 472 3 10
21 24 10 4
21 35 5 7
21 36 6 9
21 59 5 2
21 85 7 9
21 172 4 10
21 428 4 10
21 560 1 9
22 36 6 2
22 58 1 10
22 63 8 2
22 66 7 1
22 87 6 8
22 152 4 9
22 195 4 6
22 197 3 10
22 215 5 9
22 260 4 6
22 512 2 1
22 568 4 5
22 622 1 4
22 628 2 9
23 57 9 9
23 109 10 3
23 130 4 10
23 145 5 3
23 205 5 5
23 301 4 2
23 397 9 4
24 28 4 6
24 39 8 5
24 40 8 1
24 43 3 2
24 66 1 1
24 82 4 1
24 86 5 10
24 90 8 7
24 101 4 10
24 102 2 3
24 107 10 8
24 112 7 2
24 113 5 4
24 114 2 8
24 136 3 8
24 141 9 1
24 142 4 6
24 146 7 5
24 165 2 8
24 168 2 6
24 172 7 6
24 202 3 5
24 245 9 4
24 247 9 3
24 264 7 4
24 310 9 10
24 329 4 6
24 331 1 1
24 332 7 4
24 349 3 10
24 354 2 5
24 363 9 1
24 406 8 9
24 426 3 5
24 435 3 1
24 452 10 8
24 462 1 5
24 471 4 1
24 475 5 1
24 528 6 6
24 560 3 1
24 565 10 8
24 570 4 5
24 595 10 2
24 616 10 3
24 624 7 1
24 635 8 6
24 649 1 10
24 657 7 6
24 693 7 4
24 716 6 4
24 728 4 4
25 31 5 10
25 42 6 2
25 54 6 4
25 58 5 3
25 61 3 6
25 62 7 1
25 65 3 5
25 68 4 6
25 77 5 8
25 96 8 8
25 114 6 7
25 121 6 8
25 139 2 5
25 150 3 4
25 154 5 9
25 156 8 4
25 167 3 3
25 173 2 2
25 179 6 5
25 183 1 6
25 191 9 1
25 207 10 4
25 219 6 1
25 228 5 6
25 253 10 8
25 269 9 2
25 296 1 8
25 323 5 5
25 328 2 9
25 332 6 2
25 340 3 3
25 355 3 1
25 359 10 5
25 364 9 2
25 382 4 1
25 385 10 8
25 389 6 3
25 419 5 3
25 451 6 9
25 480 2 8
25 489 10 10
25 493 3 1
25 514 6 4
25 536 8 10
25 574 4 6
25 612 10 6
25 632 9 7
25 642 6 8
25 673 2 1
25 680 5 4
25 705 8 4
25 746 7 10
26 35 5 4
26 38 10 10
26 41 1 9
26 48 6 2
26 52 10 5
26 89 4 10
26 127 5 7
26 135 3 7
26 255 7 9
26 256 6 9
26 273 6 4
26 290 2 10
26 326 2 1
26 395 1 8
26 430 9 6
26 614 8 6
27 79 2 4
27 110 10 7
27 223 7 8
27 383 1 7
27 481 2 4
27 497 6 10
27 542 4 6
27 640 7 1
27 670 4 4
27 694 10 6
28 29 6 3
28 63 9 10
28 69 4 9
28 81 10 7
28 101 4 10
28 116 10 6
28 122 8 2
28 129 3 5
28 184 10 1
28 235 10 6
28 265 2 7
28 440 1 2
28 662 1 8
28 679 6 10
29 73 5 2
29 452 9 2
30 46 8 4
30 53 2 1
30 72 2 6
30 78 1 6
30 112 10 6
30 335 9 7
30 357 4 1
30 394 9 2
30 442 1 7
30 454 9 6
31 54 5 3
31 413 1 6
32 117 6 8
32 682 3 2
34 137 10 1
34 151 9 3
34 196 4 4
34 234 6 2
34 288 8 2
34 318 8 8
34 462 4 5
34 550 1 2
34 763 3 1
36 87 6 9
36 99 6 3
36 113 7 9
36 126 4 3
36 531 5 8
36 622 4 1
36 628 9 4
36 699 7 8
37 61 10 8
37 163 1 4
37 337 10 4
37 368 6 10
37 544 1 1
38 464 5 2
39 49 9 2
39 74 2 10
39 118 10 5
39 165 8 7
39 173 8 6
39 347 8 3
39 353 9 2
39 609 1 2
39 631 5 2
39 752 5 3
40 82 9 2
40 205 2 7
40 298 7 10
40 337 10 6
40 407 5 10
40 457 4 9
40 460 8 6
40 487 10 5
40 496 4 6
40 561 6 5
40 639 3 7
40 725 1 9
40 735 10 5
40 744 5 3
40 764 3 6
41 50 4 5
41 51 3 4
41 60 9 10
41 93 10 6
41 99 2 8
41 105 3 6
41 149 2 8
41 185 6 2
41 249 7 9
41 254 6 2
41 290 7 2
41 300 4 3
41 356 7 7
41 387 1 4
41 418 1 3
41 458 5 10
41 549 8 4
41 558 6 7
41 589 4 2
41 760 6 5
42 478 9 7
43 86 1 7
43 128 3 7
43 142 2 7
43 252 8 1
43 309 3 1
43 375 6 2
43 524 3 7
43 713 9 3
44 146 6 5
44 163 1 9
44 244 3 5
44 381 6 10
44 525 6 7
44 732 10 7
45 125 6 5
45 396 10 2
46 309 4 3
46 350 3 5
47 240 6 3
47 297 8 1
47 341 7 4
47 655 2 5
48 255 2 5
49 52 3 6
49 74 7 4
49 151 7 9
49 198 3 5
49 295 3 2
49 367 7 4
49 411 10 6
49 429 9 6
49 434 3 10
49 474 8 5
49 601 3 5
49 643 7 3
50 93 10 7
50 100 6 1
50 134 5 8
50 254 3 1
50 358 7 4
51 91 8 5
51 95 1 1
51 169 10 10
51 618 10 5
52 411 1 9
52 586 10 2
53 103 3 9
53 454 4 1
54 179 3 9
54 469 8 9
54 493 4 8
54 704 10 9
54 765 4 8
55 204 2 8
55 520 8 8
57 145 10 1
57 261 4 9
57 331 8 3
58 62 6 9
58 65 4 5
58 84 7 5
58 94 6 7
58 120 5 9
58 153 3 5
58 178 4 5
58 215 4 1
58 243 7 8
58 315 10 9
58 362 1 6
58 364 8 2
58 746 1 8
58 767 6 1
60 282 5 10
60 325 9 1
60 387 1 7
60 553 4 3
60 730 1 10
61 121 4 9
62 68 9 7
62 153 3 8
62 584 5 2
62 767 6 9
63 116 4 1
64 439 2 9
65 70 7 4
65 94 4 7
65 96 5 5
65 241 5 4
65 660 7 7
65 677 3 5
66 80 10 2
66 195 6 5
66 281 2 7
66 313 10 6
66 528 2 1
67 292 8 2
69 184 10 3
69 212 10 3
70 320 10 8
70 572 2 9
70 596 6 4
72 104 4 8
72 115 9 9
72 213 2 8
72 230 2 3
72 246 4 1
72 343 6 3
72 394 9 9
72 397 9 4
72 403 7 6
72 442 1 8
72 496 5 4
72 502 2 6
72 656 2 10
72 718 7 3
74 279 10 6
74 412 5 10
75 76 6 6
75 218 9 2
75 334 1 7
76 98 3 8
76 106 9 8
76 111 10 2
76 127 10 4
76 132 6 7
76 161 7 3
76 219 8 6
76 231 9 7
76 334 3 3
76 344 8 8
76 374 1 10
76 381 1 7
76 517 2 7
76 594 1 7
76 595 2 10
77 296 9 2
77 437 3 3
77 673 6 7
78 91 5 1
78 136 5 10
78 180 6 5
78 257 9 7
78 306 10 10
79 416 2 1
80 281 6 1
80 366 1 10
81 119 8 6
81 122 8 3
81 123 2 2
81 141 1 7
81 147 3 10
81 259 3 5
81 548 1 5
81 566 9 7
81 712 9 1
82 199 8 10
82 298 5 2
82 408 3 6
82 482 7 10
82 606 4 9
83 239 7 2
84 178 5 7
84 186 6 4
84 339 4 5
84 427 4 8
84 633 3 3
84 645 2 2
85 144 4 7
85 160 6 6
85 399 5 5
85 577 4 3
85 617 7 2
86 131 10 3
87 421 6 3
87 463 9 5
88 177 3 9
88 201 2 9
88 210 1 4
88 319 1 7
88 361 5 8
88 477 8 7
88 490 2 7
88 585 7 4
88 610 4 5
88 630 8 9
88 664 6 6
88 686 5 6
88 700 1 7
89 706 4 7
90 174 3 2
90 208 10 10
90 280 9 5
90 289 4 4
90 308 6 1
90 426 10 9
90 504 8 5
90 621 10 1
90 658 10 5
91 168 9 10
91 169 9 10
91 189 3 6
91 217 10 2
91 507 9 8
92 148 4 3
92 200 6 7
92 214 1 5
92 526 5 9
93 134 3 5
93 180 10 1
93 357 2 6
93 441 5 9
94 388 8 2
95 124 9 3
95 657 2 10
95 688 3 5
96 150 8 2
96 632 3 10
96 660 4 3
97 230 9 6
97 405 2 3
97 501 8 2
97 512 6 9
97 515 1 8
98 111 2 7
98 374 2 10
98 447 7 7
98 739 8 9
98 761 8 2
99 105 4 8
99 108 6 2
99 283 7 8
99 608 2 6
99 699 10 8
99 760 7 7
100 193 10 6
100 358 4 2
100 681 1 6
101 245 4 8
101 582 3 5
102 107 9 9
102 157 5 10
102 536 10 9
102 683 9 5
102 713 1 8
103 138 6 10
104 203 6 2
104 213 2 3
104 262 6 2
104 685 9 3
105 317 9 5
106 225 9 4
106 383 8 3
106 517 9 4
107 137 10 7
108 171 4 6
108 268 8 5
108 278 9 6
108 283 8 8
108 603 6 4
109 192 4 9
109 684 5 9
111 166 6 3
111 350 10 5
111 741 6 3
113 264 9 3
113 273 4 2
113 406 5 10
113 692 3 5
114 139 6 10
114 202 4 7
114 268 10 7
114 300 6 5
114 523 7 7
114 575 7 10
114 597 3 8
114 642 8 3
115 131 4 8
115 164 5 6
115 246 8 3
115 362 1 8
115 641 9 8
115 720 1 5
116 235 9 8
116 705 6 1
117 233 10 3
117 453 10 8
117 515 1 1
117 554 1 6
117 682 4 6
118 299 5 1
118 380 8 6
118 398 1 8
119 123 1 1
119 148 1 10
119 175 8 5
119 241 5 3
119 259 5 9
119 303 4 6
119 414 8 1
119 548 1 3
119 715 3 2
121 197 6 7
122 265 9 5
122 286 10 1
122 679 4 8
122 729 8 1
123 303 1 9
123 513 7 4
124 510 6 10
124 688 10 2
125 191 2 7
128 250 10 10
128 252 3 5
128 274 2 4
128 346 3 7
128 707 8 6
128 721 9 1
128 722 10 8
129 539 3 3
129 662 2 3
131 432 8 3
132 176 3 6
132 404 1 5
132 473 9 5
133 445 1 9
133 468 9 4
133 625 3 5
134 162 3 5
136 310 5 7
136 738 9 7
138 207 8 9
139 523 9 3
139 721 6 3
139 734 1 5
139 736 5 7
140 236 4 1
141 289 1 3
142 693 7 8
143 272 6 6
143 618 1 5
144 313 7 2
144 463 7 2
145 257 5 7
145 588 3 8
145 663 10 7
145 704 6 10
145 756 8 7
145 766 7 10
146 349 7 2
147 534 3 7
147 576 7 4
147 712 7 7
147 714 2 2
148 175 8 10
148 263 7 7
148 312 1 2
148 532 6 3
149 221 2 1
150 167 1 5
150 269 6 4
150 355 4 6
150 425 8 2
150 461 10 3
151 234 1 8
151 288 4 8
151 318 10 6
151 434 6 1
152 206 1 10
152 260 2 10
152 360 7 5
152 472 2 10
152 654 5 7
154 196 9 5
154 525 8 8
154 575 7 2
154 634 5 1
154 694 9 5
154 742 8 1
155 161 1 8
155 321 7 8
155 629 8 3
156 181 4 3
156 593 7 5
156 661 9 1
157 164 3 9
157 212 2 6
157 261 8 8
157 384 6 6
157 562 9 7
157 570 3 3
158 545 3 9
159 270 6 10
159 429 9 4
161 187 8 2
161 190 10 7
161 216 8 10
161 305 2 4
161 354 7 7
161 363 5 5
162 511 6 1
163 244 6 6
165 353 2 8
165 613 7 6
166 199 8 4
166 741 5 4
167 377 10 2
168 189 9 5
168 247 8 8
168 409 2 10
168 486 5 10
170 284 3 9
170 316 8 2
170 557 10 1
170 637 10 2
170 690 5 8
171 371 4 4
171 522 9 7
172 262 7 3
172 428 4 8
172 438 8 10
173 336 9 6
175 476 1 2
176 373 7 9
177 210 7 5
177 340 3 10
177 391 7 5
177 436 10 5
177 700 7 8
177 706 4 4
177 758 4 9
178 186 8 5
178 224 4 6
178 372 4 2
178 491 7 2
178 506 10 9
178 543 4 1
178 715 4 8
182 220 2 10
182 393 1 2
182 467 9 2
182 591 10 9
182 605 2 5
182 641 8 1
183 489 4 3
183 762 2 1
184 236 1 8
184 293 5 5
184 351 9 9
184 382 1 8
184 437 8 1
185 188 8 2
185 474 3 9
185 508 10 2
185 527 10 7
185 568 10 9
185 611 9 10
185 623 9 9
186 224 8 1
186 372 8 5
186 427 10 3
186 491 9 2
186 506 8 7
186 668 3 10
187 216 9 4
187 226 9 10
187 305 3 9
187 547 3 8
187 709 2 7
188 307 6 6
188 745 10 8
190 214 6 4
190 407 3 2
190 608 1 2
191 228 6 1
191 258 8 4
191 317 6 4
192 227 5 8
192 324 9 8
192 684 1 1
192 724 4 8
193 402 8 1
193 422 6 3
193 687 8 3
194 400 4 1
194 522 4 3
194 537 10 8
195 263 6 2
195 564 8 10
196 550 3 9
198 432 5 3
199 606 9 6
200 526 2 8
201 539 4 1
201 754 9 10
202 271 6 8
202 597 8 9
203 766 7 4
204 352 1 6
205 561 10 10
206 223 6 6
206 415 10 3
207 225 3 4
207 359 6 8
207 504 2 5
208 552 9 9
210 319 5 5
210 498 5 5
210 579 1 8
210 710 9 8
212 338 3 1
212 524 1 10
212 562 2 2
212 751 2 1
214 519 8 4
215 251 2 5
215 552 9 6
216 295 4 1
219 253 2 5
219 323 2 4
219 410 3 9
220 591 7 1
220 605 10 1
221 248 3 9
221 291 8 3
221 416 5 5
221 431 2 4
221 698 10 2
223 419 9 9
223 497 3 7
223 508 9 2
226 365 8 9
226 436 7 4
226 443 5 8
226 651 5 8
226 709 1 2
227 238 8 8
227 267 10 8
227 563 1 4
227 724 1 5
228 258 10 5
229 465 2 5
229 737 7 9
230 292 10 9
231 249 10 8
231 594 9 4
231 689 2 1
232 272 2 10
232 294 3 5
232 368 5 2
232 386 2 9
232 420 6 1
232 748 2 2
233 695 3 3
235 485 10 1
236 293 10 1
236 351 10 6
236 708 10 4
237 648 5 7
237 665 7 9
237 669 4 2
238 267 5 2
242 266 5 3
242 378 6 7
243 450 4 8
244 277 3 4
244 486 1 8
244 545 5 2
245 414 7 1
246 459 7 3
247 409 4 6
248 446 7 6
248 458 8 10
248 584 8 10
248 696 10 1
248 747 4 8
250 274 3 9
250 346 10 9
250 424 5 6
250 499 9 5
250 549 5 9
250 604 1 3
250 708 10 9
251 308 8 8
256 614 7 5
256 734 10 4
257 348 2 10
257 756 5 2
259 492 8 1
260 277 1 8
260 360 7 10
260 388 7 9
262 276 4 5
263 312 5 9
263 564 10 6
265 286 8 8
265 316 4 8
265 727 7 4
268 469 1 4
268 507 6 6
268 580 1 8
269 329 6 10
269 389 7 9
269 461 10 4
269 538 7 8
271 365 7 3
271 638 4 6
273 377 2 9
273 483 10 9
273 503 8 6
274 424 5 5
274 433 7 4
276 654 2 5
277 599 8 5
277 630 5 8
277 749 10 9
280 602 2 6
283 315 2 3
283 320 5 9
283 529 1 8
284 302 4 7
284 480 7 4
285 314 3 2
285 530 5 4
285 616 5 1
285 723 5 10
286 677 6 2
287 367 4 2
289 629 9 7
290 459 10 8
291 685 5 1
295 542 10 9
297 304 6 8
297 311 2 4
297 702 8 4
298 408 6 2
298 457 6 5
299 519 4 5
300 729 10 4
304 702 5 3
306 555 7 8
306 635 5 3
307 745 8 8
308 328 7 10
308 593 8 6
308 615 5 3
309 513 2 9
309 672 10 10
312 470 4 8
313 403 4 5
313 453 7 4
313 500 9 10
313 540 9 5
315 345 8 1
315 529 3 6
315 581 3 10
316 338 7 7
316 421 4 1
316 727 3 9
319 498 1 8
319 547 5 7
319 710 5 6
320 596 6 10
321 516 9 6
321 626 6 10
322 347 9 4
323 612 9 8
323 674 2 6
327 640 10 7
329 538 3 8
330 342 2 3
330 441 6 5
330 573 9 8
332 451 9 1
333 448 3 2
334 449 7 9
334 676 8 3
335 733 2 2
339 494 3 6
339 633 2 8
342 658 1 4
343 611 4 10
345 456 10 6
345 581 8 1
345 647 6 4
346 707 6 1
347 752 6 6
348 531 6 4
348 576 10 3
350 686 10 4
355 395 9 7
356 521 4 5
358 603 10 7
359 566 7 6
361 392 7 3
361 417 6 8
361 471 6 7
361 490 5 8
361 655 2 6
362 401 9 6
365 373 6 3
365 692 4 7
368 386 6 2
368 544 5 2
368 556 3 4
368 678 10 9
368 748 7 6
369 573 3 2
371 588 3 1
372 668 10 9
373 551 6 2
373 672 5 7
374 739 8 8
376 620 4 5
376 755 5 1
378 583 8 10
379 669 1 9
379 711 7 7
380 398 7 7
380 495 4 5
381 482 10 10
388 433 8 4
390 456 6 3
390 600 9 9
392 417 8 3
393 448 7 10
393 467 1 9
393 488 7 5
396 443 9 2
398 495 6 7
401 599 3 5
402 422 9 3
402 703 2 5
403 718 8 6
407 460 6 6
407 639 9 3
413 494 10 5
413 572 9 2
414 555 8 5
418 592 4 7
423 607 1 2
424 726 8 3
426 435 4 7
426 565 9 4
428 438 7 4
428 740 9 10
430 731 10 3
432 719 9 6
434 466 9 7
434 643 8 2
435 649 9 3
436 541 4 1
440 627 9 3
444 666 8 5
445 449 6 1
445 518 9 8
445 540 3 8
445 671 4 3
449 518 3 2
450 455 1 3
452 728 10 2
453 500 2 4
453 559 6 5
455 653 8 5
455 755 6 7
456 600 2 5
458 477 7 7
458 747 10 2
459 722 2 4
460 487 2 6
461 483 1 1
461 652 7 9
464 731 2 6
467 488 6 10
472 666 9 5
476 636 3 7
476 701 7 6
478 759 10 10
483 652 1 9
489 583 1 1
493 514 8 8
493 680 7 8
498 579 10 7
499 604 2 4
500 559 3 3
507 580 8 9
509 667 10 9
512 577 7 6
516 571 4 5
516 626 10 3
516 650 1 10
516 758 7 6
522 537 2 5
525 532 10 3
525 634 1 6
525 675 1 2
525 732 4 4
527 546 3 10
530 723 2 1
530 743 9 10
533 691 2 3
534 714 8 10
536 574 9 10
537 558 6 10
540 551 7 3
540 733 5 1
543 578 10 1
544 556 3 10
544 678 8 1
544 691 8 5
550 763 4 1
561 725 2 2
561 735 4 1
561 744 10 6
562 751 8 8
569 697 7 5
583 586 9 6
584 696 3 3
585 610 7 10
585 717 1 2
586 644 5 3
588 663 10 5
593 615 1 5
594 676 2 6
595 624 10 6
607 675 2 8
610 717 8 7
617 631 8 8
619 753 9 9
624 716 7 6
626 650 9 7
630 749 5 6
636 659 7 9
641 726 7 9
645 738 1 3
695 703 3 5
704 765 7 1
721 736 6 10
723 743 3 5
735 764 1 9
737 750 9 3
753 757 9 3
