1798 0.005902449300710756 
245 0.006023480765572881 
1014 0.006342479690399904 
6 0.005815194283212552 
1865 0.006167030088785961 
972 0.006115427349822859 
1120 0.005908078663619281 
38 0.005905263982065881 
1317 0.005882746536867905 
856 0.005912769799979325 
1224 0.006289938590137169 
1310 0.006062886425454905 
359 0.005789862222267895 
221 0.006290876823762708 
305 0.006055380583188136 
306 0.005826452983172372 
756 0.0060976009593226455 
374 0.005784232878092525 
1025 0.005734507049626274 
1449 0.006492597309722643 
345 0.005760777288332142 
1137 0.005892128804122468 
732 0.00599908680106146 
1194 0.005939040173491498 
627 0.006167968320794456 
426 0.005909016890847624 
865 0.005550616148780821 
1569 0.00605913350418983 
784 0.00629181505739961 
1398 0.00599908680106146 
1450 0.0058780554041008605 
1374 0.006392206120506934 
754 0.005934349034153197 
809 0.006134191977188961 
1442 0.005942793085334071 
1423 0.005867734914064121 
1920 0.00594936068184654 
304 0.005926843212297359 
1696 0.00612574789415206 
1397 0.006065701116575452 
261 0.005839588137795575 
801 0.006071330499254842 
319 0.006270235686645937 
1997 0.00593247257856347 
1784 0.006015974929045921 
611 0.006253347487731125 
617 0.0059259049846601 
224 0.006338726753517628 
840 0.005774850640043269 
1443 0.006226138730947035 
1931 0.0058001826891663005 
853 0.005847093942648429 
1226 0.005681028426073666 
422 0.006632394639864659 
388 0.005901511073636629 
1903 0.005978445763874334 
719 0.0058724260455471035 
553 0.006233644593868116 
771 0.006063824655812112 
1196 0.0059259049846601 
333 0.005875240724718925 
192 0.005644437853418697 
1133 0.005899634619554985 
560 0.005918399164327556 
707 0.0060094073230212855 
496 0.005913708027316637 
45 0.005911831572663729 
406 0.006271173920030169 
1841 0.005909016890847624 
0 0.006285247422180295 
1659 0.005888375896947195 
1524 0.005939040173491498 
341 0.005886499443495952 
243 0.006186732963779004 
1284 0.005719495495484164 
1408 0.005770159522084281 
1748 0.00535453051094877 
421 0.005981260450225456 
443 0.005972816391690315 
371 0.0058499086198764705 
