0 618 4 1 4
1 135 6 1 3
4 60 10 1 11
4 293 7 5 1160
4 803 6 5 865
7 237 8 2 28
8 42 8 9 7229242
8 552 1 3 19
9 823 4 1 4
12 116 9 1 14
13 224 10 4 229
15 485 8 5 2080
19 24 10 2 46
20 323 10 1 4
20 786 4 3 63
26 22 9 3 71
26 801 1 5 470
32 803 1 2 4
33 31 9 1 4
33 64 1 7 6443
33 277 1 8 185483
33 320 1 2 3
34 292 5 1 4
36 705 2 2 7
37 520 8 1 3
40 840 3 2 9
41 321 3 4 321
42 42 3 6 6840
42 411 8 1 4
42 839 1 7 6923
45 266 9 5 1923
45 844 6 2 16
46 57 9 1 4
47 80 2 1 3
48 67 6 2 21
48 198 3 1 4
48 843 8 1 4
49 313 10 1 4
52 256 5 4 296
52 899 4 1 4
59 583 2 4 161
60 3 3 4 78
64 756 9 1 13
64 790 4 1 4
67 16 8 1 4
69 138 2 3 25
69 768 8 3 67
70 608 5 2 15
75 259 4 1 7
76 133 8 1 4
76 262 7 1 4
77 450 7 1 4
78 919 6 1 4
79 165 1 2 4
83 304 8 1 4
83 784 7 6 5611
85 65 7 1 4
88 782 1 7 36128
90 274 9 8 2943283
93 134 6 2 18
96 321 5 10 96707011
98 352 1 3 20
101 161 6 4 347
102 166 6 1 9
104 28 7 4 753
104 132 7 1 4
112 84 5 1 4
112 776 10 1 3
114 416 8 1 4
116 33 10 3 69
117 803 8 1 4
121 536 10 1 3
124 304 1 2 3
128 10 6 1 4
129 88 7 1 4
130 532 8 4 346
130 675 10 1 4
132 713 9 2 33
136 160 6 2 18
136 657 3 1 5
137 778 9 3 68
139 865 10 1 5
141 954 3 1 4
143 187 7 1 4
144 68 6 1 4
145 184 9 1 14
145 273 9 1 5
148 912 6 1 5
151 250 1 2 4
164 87 5 1 4
167 104 7 1 7
167 289 3 3 48
168 68 9 1 4
168 480 10 1 4
171 810 3 1 4
176 916 8 1 4
178 580 5 2 15
192 713 3 1 3
192 904 5 1 3
192 999 3 2 9
193 120 3 1 5
193 718 5 4 224
197 592 4 1 4
198 196 5 1 4
200 146 6 10 414201926
202 11 9 1 4
206 80 3 1 4
216 66 9 1 11
218 86 3 4 112
225 948 5 2 25
228 32 4 1 4
232 5 4 2 11
232 65 2 3 25
238 620 4 4 142
239 370 2 2 9
245 705 9 3 185
248 0 2 1 3
256 963 1 2 4
257 156 4 1 4
258 673 5 1 7
260 295 4 1 4
260 522 2 4 45
264 320 5 2 11
266 11 4 1 4
266 326 7 5 1162
268 512 7 1 4
268 577 1 2 4
269 640 8 4 343
272 259 5 1 4
272 684 4 1 4
275 116 1 4 86
275 485 6 4 234
280 36 8 1 6
285 104 2 5 782
286 12 6 1 5
304 6 2 3 21
304 106 9 6 6346
304 212 5 1 4
305 11 2 2 4
307 514 6 1 4
308 583 8 1 4
310 44 2 1 3
315 739 2 2 5
318 914 7 1 3
321 768 3 3 23
324 530 8 1 5
328 853 4 1 4
335 83 5 6 3627
337 768 7 1 4
340 763 10 4 600
352 514 4 3 72
352 794 2 2 4
353 684 9 1 4
354 30 4 1 6
355 634 3 1 5
368 738 10 1 3
371 112 2 2 4
381 531 7 3 53
386 912 9 1 4
392 336 5 1 4
396 536 4 1 4
397 305 6 1 4
400 712 1 5 648
401 932 4 5 1852
403 98 4 1 4
408 66 2 2 4
409 105 7 1 4
412 6 10 1 5
416 292 6 1 4
422 736 6 1 7
454 782 3 2 10
460 566 7 1 3
461 625 8 1 12
470 713 8 1 4
481 288 1 2 5
496 978 7 1 4
505 332 4 5 1931
512 36 6 1 8
512 96 9 1 5
512 266 6 4 551
513 112 2 4 46
516 785 4 6 11233
517 3 1 2 3
517 8 2 4 212
517 177 10 3 75
517 768 1 5 180
520 94 4 1 4
520 896 8 1 4
521 560 6 3 56
522 234 2 3 35
523 650 1 2 4
528 580 10 1 3
528 582 10 1 10
540 256 5 2 13
544 429 4 5 681
549 647 4 1 4
564 28 8 2 22
567 793 9 2 18
571 100 7 1 4
572 36 6 4 384
576 19 4 1 7
576 172 1 3 12
577 661 9 1 4
585 389 10 1 3
590 276 4 1 4
592 4 10 1 4
593 429 1 8 56151
600 115 4 1 5
607 393 2 2 7
618 70 2 2 4
619 231 4 1 3
624 579 3 3 20
626 8 9 2 33
632 18 1 3 9
648 512 1 2 4
650 216 2 2 4
655 384 6 1 4
656 370 4 7 41314
656 833 10 3 63
660 85 10 1 4
668 749 5 1 7
672 608 2 2 7
694 768 9 2 38
700 864 3 3 48
710 2 7 1 6
721 584 5 10 471414944
725 65 9 1 5
732 834 9 1 4
737 64 4 7 42338
737 288 6 1 4
740 778 10 1 4
744 124 5 3 42
745 63 1 8 240949
759 130 7 1 4
763 668 1 2 4
768 502 4 1 3
770 515 2 2 4
776 101 3 1 4
777 608 10 1 4
778 389 7 2 26
780 707 10 2 26
784 841 4 1 5
792 274 6 1 4
792 540 2 5 442
799 433 1 2 4
800 824 3 5 882
802 660 2 2 4
834 912 1 4 58
835 392 3 1 4
840 800 3 1 4
870 68 4 1 4
900 313 9 2 26
903 339 1 3 14
904 552 10 1 4
905 12 2 2 4
906 328 2 3 26
908 456 3 2 6
929 316 10 1 3
938 552 6 1 5
944 165 3 1 4
969 313 5 4 201
990 35 8 5 5455
