0 8 10 5 1210
0 9 3 3 16
0 17 9 1 4
0 47 10 1 6
0 135 10 1 4
0 215 1 7 16587
0 256 7 4 194
0 259 4 3 33
0 265 10 1 4
0 274 4 1 4
0 618 8 3 125
0 646 6 2 19
0 670 7 2 34
0 679 4 8 522701
0 704 6 1 4
0 902 4 1 4
1 15 5 1 4
1 37 10 1 4
1 70 6 1 9
1 228 7 1 10
1 292 5 3 35
1 481 10 1 6
1 565 4 3 74
1 644 2 7 30930
1 768 1 2 4
1 825 7 2 21
1 920 4 1 4
2 8 1 3 13
2 48 6 3 86
2 267 7 1 4
2 328 8 1 4
2 523 4 4 102
2 826 4 1 4
3 272 1 4 46
3 277 6 1 7
3 530 8 1 7
3 592 9 1 6
3 652 3 2 11
3 817 4 1 4
4 24 1 2 4
4 248 3 2 7
4 284 5 1 4
4 293 3 3 18
4 368 5 1 4
4 517 1 2 4
4 576 6 1 7
4 808 4 2 10
5 18 3 3 27
5 216 7 1 4
5 584 5 4 167
6 3 6 1 6
6 212 9 5 1105
6 267 4 4 141
6 466 1 6 984
6 798 6 1 7
6 1002 5 1 7
7 110 9 8 392286
7 237 4 3 24
7 715 6 1 7
8 1 5 2 9
8 2 8 3 58
8 42 4 3 30
8 386 4 4 151
8 393 2 2 4
8 850 6 2 12
8 902 8 2 16
9 39 8 6 12658
9 43 1 2 4
9 274 7 1 4
9 416 8 1 7
9 572 7 1 11
9 823 1 2 4
9 907 2 2 4
10 13 10 4 509
10 40 9 1 12
10 84 9 2 44
10 160 10 1 12
10 176 4 2 9
10 518 3 4 75
10 523 7 1 4
10 584 8 1 4
11 204 1 2 4
12 0 8 2 24
12 24 4 1 7
12 55 8 3 53
12 128 8 2 17
13 192 4 3 38
13 224 10 1 11
13 320 7 8 633487
14 127 5 2 23
14 210 3 2 7
14 321 6 3 32
14 376 8 1 4
14 616 4 3 24
15 352 8 1 4
16 64 6 1 4
16 96 9 4 537
16 132 3 1 4
16 516 6 1 4
16 643 6 1 7
17 258 9 1 15
18 51 1 3 12
18 645 9 6 23458
19 657 7 4 450
19 709 10 1 7
20 69 10 1 4
20 194 9 3 61
20 786 2 3 27
21 258 5 3 28
22 68 7 1 7
22 97 9 3 63
22 107 5 4 137
22 281 1 2 4
22 565 2 3 12
23 886 6 1 7
24 9 9 5 2108
24 533 9 1 7
24 781 9 4 765
24 848 1 6 2872
25 592 7 1 11
26 109 4 2 14
26 801 3 3 28
27 130 8 1 6
27 210 8 9 13253878
27 549 6 1 4
28 42 4 2 13
28 72 3 1 4
28 203 3 1 4
28 624 10 1 9
29 327 4 3 74
29 532 2 2 5
29 809 3 3 30
31 561 1 6 1331
32 33 9 3 54
32 42 3 6 2505
32 72 9 2 26
32 204 3 2 7
32 414 7 9 7975333
32 514 9 3 62
32 641 7 1 9
32 848 8 2 37
33 2 2 2 4
33 277 1 3 19
33 544 5 7 119173
34 144 5 1 4
34 292 1 2 4
34 324 10 1 12
34 561 2 2 10
34 720 10 1 4
35 65 2 3 11
35 689 4 1 4
36 12 10 1 4
36 48 4 4 176
36 266 6 1 7
36 448 2 3 16
36 705 9 3 181
36 858 8 6 6716
37 2 6 1 6
37 13 5 3 35
37 594 3 1 4
37 640 4 1 4
38 1 7 8 527144
39 48 3 3 20
39 982 2 2 4
40 20 3 2 13
40 65 1 4 48
40 645 8 1 9
40 672 2 2 4
40 761 3 1 4
40 840 1 2 4
41 96 1 3 9
41 276 7 1 4
41 513 6 1 9
42 42 3 1 4
42 839 5 2 16
43 1 1 2 4
44 10 3 3 18
44 12 8 1 9
44 47 10 3 72
44 794 6 3 56
45 23 3 2 9
45 50 3 2 11
45 808 5 2 12
45 844 5 1 4
47 80 3 2 10
48 67 1 6 836
48 198 3 7 84375
48 226 8 2 24
48 646 1 4 33
48 708 1 4 41
48 789 3 4 193
48 932 8 1 10
49 17 1 5 291
50 528 5 1 4
51 377 10 1 4
51 516 8 1 4
52 46 9 1 4
52 188 6 2 12
52 256 8 1 4
53 146 10 1 4
54 112 5 1 6
54 718 10 2 23
55 278 9 1 4
56 267 10 8 1214315
56 544 5 1 4
57 33 9 1 4
57 128 1 2 4
58 113 5 1 4
59 58 3 1 4
59 292 1 4 50
59 583 5 1 7
60 33 7 1 7
60 112 9 1 4
60 948 4 1 5
61 644 1 2 4
61 648 2 5 543
62 521 2 3 12
62 612 5 1 4
64 194 3 1 4
64 197 1 2 4
64 203 8 3 115
64 370 1 2 4
64 481 3 2 15
64 514 4 5 837
64 686 1 3 9
64 756 7 1 10
64 771 3 6 12505
64 780 5 1 4
65 25 4 1 7
65 61 4 3 26
65 218 2 5 385
65 241 2 2 4
65 265 1 5 161
65 274 3 1 4
65 421 10 1 4
66 140 1 3 7
67 16 2 2 4
67 73 4 3 37
67 453 6 1 7
67 482 7 2 25
67 840 1 3 7
68 153 8 4 300
68 284 9 1 7
69 276 9 2 42
69 466 3 1 4
69 572 7 1 4
69 768 9 1 7
70 109 5 1 7
70 212 9 1 4
70 646 10 6 18729
70 672 10 1 4
71 409 6 8 600412
71 700 3 1 4
72 8 5 1 4
72 37 9 8 625854
72 65 6 2 24
72 280 9 1 5
72 961 1 5 422
73 39 3 1 4
74 512 4 4 113
74 548 3 1 4
74 1012 1 8 244692
75 259 4 4 138
75 576 10 7 137032
76 76 5 1 4
77 267 4 1 4
77 456 2 2 6
78 288 9 8 1303897
79 165 1 2 4
80 51 3 3 22
80 82 5 1 4
80 211 8 1 7
80 528 10 1 4
82 280 9 1 4
82 283 2 5 240
83 115 5 1 7
83 124 8 3 48
83 304 6 1 9
83 617 3 1 4
84 64 8 1 14
84 74 9 1 4
84 216 3 2 7
85 65 2 5 358
86 234 2 4 183
87 462 3 2 7
87 512 10 2 26
88 330 4 2 14
88 782 2 3 37
89 4 3 2 11
89 76 8 1 4
90 20 2 2 4
90 274 2 2 4
90 843 5 2 9
90 977 8 2 38
91 154 1 3 18
91 951 8 2 23
92 38 3 1 4
92 91 8 1 3
93 49 8 1 6
95 34 2 2 4
96 32 6 1 4
96 103 4 3 31
96 148 10 6 43861
96 208 5 1 4
96 220 7 4 259
96 276 4 1 4
96 304 10 6 42115
96 776 1 2 4
97 18 4 1 7
97 48 4 1 4
97 130 2 5 635
97 167 2 2 7
97 195 7 1 4
97 473 6 1 7
97 525 1 3 22
98 14 5 2 17
98 352 1 3 14
98 671 1 2 4
98 928 6 3 32
99 117 10 2 53
99 249 9 2 35
100 128 3 4 329
100 294 7 5 4497
100 768 5 2 9
101 70 3 1 4
101 124 6 1 7
101 161 7 1 7
101 392 6 1 4
101 599 4 1 4
102 78 10 3 72
103 704 6 2 11
104 26 5 1 7
104 28 9 2 30
104 48 3 4 135
104 132 6 1 7
104 313 4 1 4
104 673 4 1 4
105 296 10 1 7
105 779 8 1 4
106 516 10 1 4
106 652 1 4 58
107 3 6 1 4
108 133 7 3 66
108 514 8 4 425
108 825 5 5 1083
109 707 1 3 7
111 12 9 5 1323
112 0 1 3 16
112 1 10 3 56
112 28 7 3 102
112 84 7 1 7
112 165 1 2 4
114 68 5 1 8
116 33 7 4 726
117 106 6 7 30904
117 803 2 2 4
119 836 7 1 4
120 0 8 1 4
122 185 4 4 108
122 294 6 2 14
123 600 10 4 247
124 304 3 4 310
124 348 1 3 12
125 268 6 4 200
128 10 4 3 45
128 58 1 4 24
128 208 1 2 4
128 362 8 1 4
128 375 8 1 4
128 453 5 1 5
128 770 1 3 21
129 0 1 6 1738
129 37 2 5 470
129 39 8 2 25
129 88 7 1 5
129 163 3 2 9
129 707 5 1 4
130 273 1 2 4
130 368 8 1 4
130 675 3 3 30
130 772 4 2 19
130 980 8 4 307
131 581 1 2 4
132 6 4 1 4
132 17 10 4 734
132 94 9 1 6
132 137 8 1 4
132 516 5 1 7
132 713 1 2 4
133 23 1 7 25428
134 67 8 2 26
134 84 1 4 88
134 224 5 3 65
134 377 2 4 92
134 390 2 2 4
134 516 9 1 12
134 768 9 2 44
136 21 2 2 4
136 160 9 1 6
136 610 8 1 4
136 684 6 1 7
136 831 6 1 4
137 148 3 3 21
137 325 7 1 4
138 266 5 6 5025
138 415 1 6 4203
138 590 7 1 6
140 72 1 3 10
140 135 3 3 27
140 143 2 3 11
140 168 3 1 4
140 464 3 1 4
141 2 6 4 172
142 641 1 2 4
143 116 10 2 42
143 286 2 2 6
144 257 4 1 4
144 433 10 1 4
145 1 9 1 4
145 2 3 1 4
145 94 3 2 10
145 216 6 4 450
145 513 1 5 326
145 576 3 3 22
146 146 5 1 4
146 396 1 6 3304
147 513 2 2 4
147 522 9 1 4
148 1 2 2 4
148 24 3 3 36
148 130 5 2 9
148 139 4 1 4
148 146 4 3 32
148 278 2 3 13
148 515 1 3 14
149 20 5 3 108
149 633 10 5 6794
150 141 3 3 24
150 656 4 3 75
151 102 1 2 5
151 132 1 2 4
151 207 9 6 26141
151 250 6 1 4
153 151 8 1 11
153 598 3 4 277
153 961 2 3 14
156 133 4 1 4
157 404 7 1 4
158 104 3 1 4
159 526 7 2 26
160 34 10 2 24
160 81 2 2 4
160 144 6 2 11
160 801 1 6 2627
161 376 9 1 4
161 576 10 1 4
161 717 1 4 55
161 898 8 1 12
162 306 9 1 4
163 227 8 6 16543
164 34 10 2 48
164 38 9 4 212
164 87 1 3 6
164 217 1 4 24
164 481 7 1 7
164 646 1 2 4
165 141 3 2 9
165 397 7 2 17
166 686 2 2 5
167 289 2 4 207
167 384 1 6 1890
167 456 10 1 4
168 8 7 1 11
168 67 2 2 4
168 98 1 6 1521
168 480 1 2 4
169 514 8 1 4
171 144 6 1 4
171 810 8 1 11
172 8 6 1 7
172 32 6 4 158
173 261 4 2 17
174 493 10 1 7
175 863 9 5 2304
176 32 9 1 4
176 137 6 1 4
176 270 6 1 7
176 824 3 2 7
177 128 10 4 1092
177 744 8 1 4
178 580 1 3 14
178 797 10 3 151
180 152 10 1 7
181 768 3 2 7
181 964 9 4 211
182 300 9 4 199
182 728 7 2 14
184 141 6 1 10
184 161 5 1 4
185 42 1 4 35
185 391 5 2 24
186 272 1 2 4
186 582 6 4 174
188 199 7 1 4
192 43 1 6 4106
192 72 2 4 99
192 177 4 1 4
192 713 6 1 4
192 898 3 1 4
192 999 6 1 4
193 28 5 1 4
193 120 6 1 7
193 162 2 2 4
193 375 9 2 18
193 422 1 2 4
193 718 8 1 4
193 775 10 6 12031
194 321 6 1 4
194 677 8 5 3227
196 81 2 7 52690
196 286 7 8 335488
196 377 6 7 70489
197 61 1 2 4
197 611 6 6 19401
198 3 5 3 48
198 196 6 1 9
198 812 9 2 25
200 577 8 1 4
200 924 6 2 14
201 98 1 7 36250
201 140 5 1 4
202 11 9 1 10
203 654 1 2 4
204 6 9 1 4
204 520 3 1 4
205 457 1 4 76
206 80 8 1 4
208 12 10 1 11
210 1 5 7 38612
211 4 4 3 49
212 34 9 1 4
212 673 9 5 2394
216 66 8 2 15
216 138 3 1 4
219 389 8 1 4
220 176 9 1 4
222 532 1 5 473
225 316 2 2 4
226 35 2 4 129
226 157 1 3 19
228 32 9 3 118
230 9 9 1 4
231 261 1 3 19
231 290 1 5 238
232 5 10 1 6
232 65 9 4 391
232 480 4 1 4
233 212 8 1 4
233 912 5 3 89
233 973 2 2 4
234 848 6 2 19
235 645 5 2 26
237 91 7 4 170
238 620 4 7 22646
239 370 9 6 26707
239 560 4 1 4
240 18 10 1 10
240 66 6 1 4
240 799 4 1 4
240 914 6 3 33
245 705 9 1 7
246 64 6 6 5626
247 626 2 5 421
248 0 3 1 4
248 902 5 5 573
250 46 6 1 4
256 68 4 1 4
256 69 6 2 11
256 160 7 8 759821
256 212 5 1 4
256 243 8 6 33245
256 312 1 3 7
256 344 9 6 12804
256 512 1 4 25
256 522 10 1 14
256 705 3 3 26
256 772 5 2 14
256 904 5 3 28
256 963 3 4 118
257 0 5 4 407
257 806 6 1 9
257 912 9 2 39
258 24 10 1 4
258 34 6 3 63
258 36 2 3 22
258 138 7 2 20
258 265 9 2 33
258 673 10 1 4
258 880 10 3 98
259 100 2 7 78305
259 327 3 3 47
260 131 7 2 21
260 295 6 1 4
260 545 8 1 4
260 678 3 2 11
261 8 3 3 39
261 67 9 2 27
261 72 4 4 137
261 356 8 1 4
262 32 1 6 3577
262 134 8 1 7
262 193 1 2 4
262 256 6 3 46
262 1013 9 1 14
264 1 9 1 9
264 4 3 1 4
264 320 3 1 4
264 568 8 1 4
265 264 4 1 4
265 339 6 3 39
265 632 4 1 4
266 56 8 1 4
266 242 3 3 29
266 326 2 10 100992896
267 523 7 2 14
268 177 6 2 11
268 512 7 1 4
268 577 7 1 12
269 444 7 1 4
270 73 5 3 67
272 41 7 1 4
272 208 1 7 10806
272 225 5 5 1976
272 259 8 4 294
272 280 9 2 29
272 640 5 1 4
272 684 8 1 7
273 581 6 2 11
273 693 4 1 4
273 903 4 7 29493
274 98 2 3 26
274 334 9 2 22
275 4 1 2 4
275 116 5 3 29
275 133 2 4 63
275 401 8 1 4
276 394 5 1 7
276 661 7 1 4
277 27 10 7 238569
277 385 5 3 66
278 258 4 5 647
280 36 8 5 2213
280 82 9 1 7
280 600 1 7 15988
280 674 7 2 18
281 101 5 6 9503
282 136 3 2 9
282 576 8 1 4
282 717 6 2 16
282 787 4 5 1267
283 514 1 2 5
285 104 9 1 6
286 12 8 2 31
286 624 8 8 1475793
287 448 1 2 4
288 50 10 1 4
288 545 5 1 4
288 776 8 1 4
289 36 6 3 58
289 60 9 2 21
289 156 1 4 25
289 468 2 2 7
289 472 5 2 26
289 753 5 1 4
289 788 7 1 5
290 0 9 1 4
291 32 6 1 4
291 610 3 2 7
291 967 5 6 9592
292 19 1 5 235
292 134 2 8 249900
293 256 8 1 6
293 960 3 3 60
294 742 1 3 7
296 57 4 4 103
296 84 4 1 4
296 131 7 1 6
296 231 3 3 16
296 260 8 4 543
297 389 7 5 2451
298 75 1 5 125
298 800 3 2 7
299 78 10 1 4
300 140 1 4 80
301 777 10 2 52
304 6 10 3 63
304 212 2 6 3035
304 258 9 3 73
304 292 2 2 7
305 11 2 7 19796
305 34 7 6 5527
305 576 4 4 112
306 550 8 2 17
306 918 1 2 4
307 514 4 1 4
308 21 3 2 7
308 583 2 2 4
308 692 3 2 7
308 832 9 1 9
308 848 6 4 145
309 77 4 2 11
310 936 5 5 741
312 514 7 1 9
314 156 7 1 4
314 376 6 1 7
318 532 2 7 33232
320 407 8 1 4
320 428 8 1 12
320 641 8 6 24337
321 4 10 3 217
321 768 3 9 1936759
321 834 5 3 58
322 272 9 1 4
322 416 9 1 14
322 899 6 4 262
322 902 9 1 4
324 16 10 3 162
324 106 4 8 234596
324 167 6 4 343
324 179 2 3 26
324 200 7 3 74
324 513 3 1 4
325 6 1 3 6
325 614 3 2 7
326 11 4 3 49
326 32 9 1 7
326 280 2 2 7
326 443 2 2 4
327 675 7 4 407
327 698 10 1 8
328 45 3 3 33
330 204 8 3 145
331 512 1 6 2404
332 456 3 1 4
332 643 9 1 4
334 265 5 8 605926
334 288 8 6 22936
335 83 9 1 4
335 391 1 3 21
336 100 9 1 14
336 576 1 3 12
336 632 4 2 11
337 352 2 4 55
338 160 2 3 15
338 169 2 2 4
339 42 10 1 4
340 704 10 1 10
340 763 6 4 141
341 576 2 2 4
342 15 8 2 21
342 168 1 2 4
343 475 2 8 664731
344 676 6 1 6
346 11 2 2 6
347 296 7 1 4
348 128 6 3 122
348 395 5 2 9
352 419 10 1 7
352 680 9 1 4
354 25 3 4 141
354 836 2 9 4228158
354 969 3 1 4
355 134 3 2 7
355 634 3 1 4
357 641 6 2 11
358 3 9 4 636
360 514 4 2 11
360 555 5 2 19
360 732 9 1 9
360 784 4 1 4
360 810 6 1 9
361 316 9 1 12
363 162 3 1 4
363 424 3 2 9
364 740 1 5 252
368 49 6 8 985211
368 738 3 4 79
375 77 6 1 4
376 193 8 1 14
379 333 7 3 48
384 156 7 1 7
384 312 5 1 4
384 481 3 1 4
384 571 10 1 4
384 597 6 5 879
384 962 6 1 6
385 75 3 3 60
385 213 7 1 4
385 214 5 1 4
385 513 5 1 4
386 64 1 5 130
386 73 8 2 22
386 206 1 3 11
386 275 5 4 140
386 846 4 4 242
386 912 4 4 113
387 297 8 1 4
387 1016 2 2 4
389 596 5 2 9
390 566 5 6 22242
391 800 4 2 16
392 38 2 4 75
392 674 3 6 3246
393 461 9 3 90
394 211 7 1 4
394 590 5 4 526
395 4 8 5 1019
395 558 2 2 4
395 647 10 1 7
396 6 7 1 4
396 454 2 2 4
396 536 10 10 150305856
396 777 4 3 26
396 915 9 3 160
396 960 2 7 46093
397 305 9 1 4
399 9 5 2 9
400 10 10 2 31
400 144 4 1 7
401 16 7 2 18
401 284 5 1 4
401 673 5 1 4
401 932 5 8 606888
402 769 5 2 20
404 209 6 1 4
404 298 1 2 4
406 677 10 1 4
407 591 10 1 4
408 405 10 1 10
408 576 4 1 6
409 66 7 1 6
409 105 10 6 11071
409 417 7 1 7
409 888 3 1 4
411 20 2 5 373
412 6 9 5 1633
413 640 5 2 9
414 932 9 1 4
415 101 7 1 4
416 52 1 2 4
416 279 8 1 4
416 292 6 2 14
416 832 9 2 35
418 16 3 1 4
419 7 1 2 4
419 844 8 4 509
420 32 9 1 4
420 288 6 1 4
420 538 8 1 4
423 384 2 9 752830
424 481 7 5 860
425 161 2 2 4
425 746 9 2 27
426 644 6 1 4
427 580 10 3 137
428 32 9 5 1300
428 194 4 1 4
428 880 1 6 759
430 8 3 2 7
430 68 9 1 4
433 398 4 3 35
436 597 8 1 4
436 641 1 3 9
441 21 1 2 4
442 146 10 1 4
442 691 2 4 47
444 801 10 1 4
448 92 4 1 4
448 513 5 1 4
449 321 2 2 7
450 450 1 6 857
452 48 3 4 170
452 205 9 1 11
452 513 9 2 17
453 368 2 4 148
453 661 6 1 4
456 105 10 1 4
456 376 10 1 4
456 774 4 1 7
458 101 3 3 16
460 462 8 1 4
460 566 9 1 3
462 516 4 1 5
463 916 9 2 21
464 265 1 2 4
464 928 10 1 4
465 531 1 4 68
465 902 2 5 419
469 425 8 1 4
470 713 8 4 201
472 226 9 4 459
472 256 3 2 7
472 801 8 1 11
473 600 4 5 2220
480 731 4 4 315
481 416 1 2 5
482 285 7 1 4
483 276 9 1 12
483 555 10 1 7
484 841 7 7 85149
488 3 5 3 80
488 334 7 1 7
489 64 6 2 13
496 433 10 2 41
496 978 5 4 238
501 519 10 1 4
504 267 9 1 6
505 332 9 1 7
506 706 4 2 9
512 1 9 2 37
512 5 1 2 4
512 36 3 6 4495
512 65 5 1 4
512 266 2 5 574
512 420 2 6 2439
512 438 7 4 280
512 514 7 1 7
512 685 5 3 42
513 5 1 3 7
513 42 1 3 11
513 47 2 4 60
513 65 10 2 45
513 315 10 2 18
513 548 8 1 7
513 640 7 1 11
514 452 7 1 11
514 572 1 3 7
515 93 7 1 4
515 157 10 1 4
515 598 1 2 4
516 33 4 3 42
516 69 10 4 271
516 72 8 1 4
516 169 6 1 4
516 357 6 5 722
516 555 8 1 5
516 605 2 3 30
517 0 4 1 4
517 34 5 1 4
517 177 6 1 6
517 233 10 4 388
517 281 2 5 721
517 534 2 3 36
517 676 4 4 138
517 768 2 2 9
518 0 2 3 13
518 66 9 1 9
519 944 5 1 5
519 967 6 1 9
520 9 10 4 366
520 328 9 1 4
520 785 6 2 18
520 812 8 2 27
520 896 8 1 4
521 450 4 1 7
521 554 2 2 9
521 560 3 7 29170
521 609 5 2 16
522 1 9 2 24
522 121 3 5 483
522 652 2 2 4
523 650 2 2 9
524 159 2 2 6
524 520 7 1 7
526 548 4 1 4
526 776 2 2 7
527 36 7 4 238
527 713 5 1 7
528 10 6 5 2971
528 36 10 1 17
528 97 8 1 4
528 156 8 5 1883
528 406 1 2 4
528 512 1 2 4
528 580 4 1 4
528 582 9 1 7
528 611 9 1 4
528 720 10 1 4
529 148 5 1 4
529 260 1 2 4
529 423 6 5 1298
529 520 3 2 7
530 20 1 6 1287
530 86 1 5 488
530 132 7 6 10475
530 696 3 3 16
532 292 8 1 4
532 550 7 4 241
532 853 5 3 76
534 6 7 1 4
534 425 6 1 4
534 786 10 3 63
534 932 7 1 4
535 10 10 3 167
536 10 8 1 9
536 412 2 2 4
536 902 5 1 4
537 138 10 3 98
537 257 10 2 22
537 478 2 5 511
538 74 9 1 4
538 84 4 1 4
538 820 1 3 12
541 344 7 5 827
541 793 4 3 72
544 6 5 2 9
544 21 4 2 9
544 24 1 3 11
544 429 9 7 161986
544 536 7 1 11
544 542 2 2 4
544 551 7 1 4
544 718 10 1 14
545 209 8 1 7
545 520 2 6 2827
545 743 9 8 523736
546 263 9 1 4
546 650 4 4 90
546 758 8 7 234149
547 427 4 6 10846
547 577 8 1 4
548 141 2 2 4
548 577 3 3 21
548 586 9 1 7
549 68 7 1 4
549 288 3 2 7
550 36 5 1 4
551 4 9 1 4
551 40 3 2 14
552 136 10 1 7
553 36 8 3 44
553 102 8 1 9
554 4 7 1 10
555 52 1 2 4
556 409 7 1 4
557 6 9 1 7
557 400 9 1 6
557 512 8 1 4
557 770 4 1 4
559 557 1 3 20
560 32 5 1 4
560 96 1 5 673
560 104 7 1 9
560 168 9 1 7
561 10 4 1 4
561 444 3 2 14
561 521 1 2 4
561 786 2 5 1103
562 992 8 3 50
563 20 5 1 5
564 28 5 1 4
564 659 3 1 4
566 44 9 2 45
566 132 4 3 72
569 385 2 5 338
571 100 7 1 4
571 457 3 2 12
572 64 9 6 8686
572 370 10 1 4
573 797 9 1 4
573 886 2 4 45
574 533 9 1 13
574 696 5 2 9
576 5 7 1 7
576 19 9 1 4
576 48 4 4 113
576 133 2 3 38
576 228 7 1 4
576 325 7 2 28
576 607 6 5 2111
577 72 4 3 29
577 236 7 2 14
577 577 4 1 4
578 26 8 1 7
578 572 2 2 7
578 575 1 2 4
579 136 8 1 4
579 621 4 1 4
579 789 5 3 103
580 64 9 1 4
580 507 3 1 4
580 598 2 3 11
581 645 6 1 4
582 633 1 2 4
583 129 8 1 4
585 354 2 2 9
586 530 2 2 10
590 276 3 3 33
590 300 7 1 7
590 520 9 6 8949
590 788 9 1 4
591 147 9 6 8172
592 4 5 1 4
592 585 4 4 139
592 856 1 2 4
593 429 8 1 7
595 58 1 2 4
595 557 8 1 4
596 91 4 3 24
596 385 8 1 7
597 387 10 5 5578
599 92 7 1 4
599 569 9 5 2246
600 562 5 2 12
600 575 3 3 16
601 335 6 3 40
601 431 9 10 74555661
604 913 6 3 47
605 80 8 1 4
606 281 1 6 1119
606 807 7 1 4
607 288 7 5 4683
607 393 3 4 180
608 185 8 1 5
608 522 3 1 4
608 576 3 6 7691
608 648 4 3 77
609 526 2 2 7
611 125 2 2 10
612 170 2 2 9
612 534 9 1 11
614 265 6 3 34
614 936 5 1 4
617 374 2 2 7
619 140 1 3 7
621 293 2 2 10
623 1000 7 2 31
625 261 6 1 4
626 8 1 2 4
626 608 3 8 123895
627 418 2 3 11
627 977 10 1 4
628 76 4 1 4
631 24 3 4 105
632 18 5 3 72
633 812 6 2 19
637 73 5 1 4
640 181 7 1 4
640 369 7 1 4
640 467 10 1 4
640 584 10 4 586
643 73 1 3 7
643 775 3 5 559
644 48 5 7 31180
644 769 7 9 5566316
645 4 1 2 4
645 25 9 1 4
645 963 5 2 21
646 289 2 7 28167
646 388 9 1 7
648 76 1 5 267
648 98 9 1 4
648 210 8 6 6326
648 369 5 2 16
648 512 4 2 9
648 769 3 2 13
649 4 7 1 4
650 108 5 1 7
650 953 7 3 101
652 594 3 2 7
655 384 5 2 21
655 761 10 1 4
656 259 2 2 6
658 10 1 3 7
658 26 10 5 1171
658 226 4 2 13
660 36 3 3 16
660 52 2 6 1397
660 69 5 4 117
660 85 3 2 6
660 648 2 2 4
661 244 1 2 4
662 374 8 5 4437
664 16 2 2 4
664 781 7 1 5
665 260 6 1 4
667 587 6 1 6
668 163 1 5 162
668 464 4 1 4
670 515 7 4 203
672 1 9 4 611
672 129 2 7 20167
672 608 3 2 9
672 717 10 1 4
673 104 5 1 4
674 259 4 6 3734
674 288 3 1 4
674 672 9 2 44
675 257 4 1 4
675 470 4 3 47
676 52 9 1 4
680 20 2 2 4
680 105 10 1 4
681 6 1 3 7
682 14 10 8 3050618
682 156 1 3 11
683 278 7 2 16
686 593 5 1 4
688 385 4 3 43
689 80 3 3 38
690 110 3 1 4
691 12 5 8 434152
692 914 4 4 230
693 397 3 2 7
694 768 10 4 238
694 931 3 2 12
694 976 3 3 30
697 710 4 4 99
704 135 7 1 4
704 514 5 10 85690652
704 673 5 7 82257
705 854 10 3 183
706 17 4 1 4
706 161 4 1 4
706 460 8 2 17
706 732 5 2 9
708 108 7 1 4
709 325 10 5 2940
709 354 7 6 22887
711 19 9 1 4
712 35 10 2 21
712 283 5 2 11
716 339 8 4 435
716 649 6 1 5
719 512 2 2 4
720 7 7 3 121
721 104 7 4 177
721 170 9 1 10
721 323 7 1 12
721 584 3 5 811
722 393 5 3 45
722 398 6 2 25
723 142 8 2 16
724 20 2 2 7
724 596 2 3 32
725 44 4 7 102696
727 200 8 1 12
728 350 10 1 6
728 712 1 5 412
729 578 6 1 9
730 332 8 1 7
737 25 6 1 4
740 778 1 2 4
741 260 1 4 36
744 124 6 1 4
744 762 3 1 4
745 63 6 1 9
746 386 2 2 4
751 506 6 2 30
752 261 2 2 4
752 494 4 1 4
752 786 4 2 9
754 32 2 2 4
759 130 1 2 4
760 40 1 5 120
760 220 3 1 4
760 300 9 1 11
761 435 4 1 4
763 668 2 7 35468
768 68 9 1 4
768 502 7 1 9
768 608 4 1 4
768 666 1 4 77
768 738 6 1 4
768 926 10 1 4
769 277 5 1 4
769 640 8 1 4
769 773 7 1 9
770 256 4 1 4
770 515 7 1 4
771 800 2 3 17
772 32 5 6 9320
772 130 2 6 9554
773 1 5 4 302
774 8 7 1 4
774 936 8 1 4
775 921 2 2 4
776 155 4 1 4
776 586 7 1 11
776 697 3 3 17
777 6 5 2 15
777 608 2 2 4
777 641 2 6 2342
778 389 6 1 7
778 707 1 2 4
780 193 5 1 6
780 707 2 2 6
780 901 5 7 43192
781 222 10 6 14219
782 405 9 3 94
784 549 9 2 22
784 569 5 1 7
785 45 7 10 25629454
785 257 5 3 49
786 142 10 1 4
786 521 10 1 4
786 914 6 1 4
787 199 4 8 527172
788 324 6 1 6
788 332 3 2 12
792 540 10 1 11
792 594 8 1 4
793 52 2 3 19
793 628 8 1 4
798 776 9 1 11
799 433 10 1 5
800 9 2 2 4
800 45 10 8 2556516
800 97 1 3 20
801 34 5 2 10
801 312 4 10 26479936
801 642 5 3 77
802 660 3 3 17
804 0 8 1 7
804 337 4 1 4
804 433 5 4 137
804 779 10 1 6
805 387 4 4 113
805 781 3 1 4
806 43 5 1 7
806 134 3 4 164
806 326 10 2 23
808 302 3 1 4
808 526 4 1 4
808 777 4 1 4
808 937 3 1 4
808 945 3 1 4
810 17 1 2 4
816 24 1 7 19384
817 784 8 1 4
819 69 4 3 51
822 211 1 7 20421
824 609 10 4 519
824 978 8 1 4
828 592 2 2 4
832 16 4 6 5082
832 21 2 4 48
832 43 3 5 513
832 281 4 1 4
832 304 2 4 76
832 328 1 8 43722
832 548 4 1 4
833 147 10 3 118
833 999 8 1 7
834 912 4 2 15
835 392 7 1 6
835 583 2 6 2940
836 86 4 1 7
836 388 6 10 166662124
836 485 10 1 11
838 785 4 1 7
840 96 8 1 7
840 106 5 9 3880255
841 32 9 2 31
842 132 2 3 35
845 624 3 2 10
848 90 3 3 21
848 188 3 1 4
848 313 2 3 11
848 391 4 2 9
848 899 7 1 4
849 792 4 1 4
850 308 2 2 6
852 72 4 3 53
852 824 2 8 226051
856 866 7 1 4
862 130 1 3 9
863 516 6 3 94
864 786 6 5 3200
866 260 7 4 782
867 998 2 2 9
868 332 3 4 319
871 264 5 5 1373
872 165 8 5 4830
873 9 5 4 223
874 360 6 1 4
878 258 10 3 91
882 42 7 1 4
885 601 7 1 11
895 603 5 2 19
896 868 7 1 4
897 39 8 3 52
897 523 9 4 274
899 537 8 4 193
899 736 3 1 4
900 4 10 1 7
900 162 1 4 39
904 112 6 3 121
904 888 6 2 12
904 929 1 8 178270
905 12 3 3 23
905 248 8 1 4
906 210 10 1 11
907 276 5 1 4
908 456 4 1 4
910 614 1 3 17
911 10 3 3 52
911 896 2 3 23
912 2 6 1 7
912 388 7 3 65
914 216 9 3 93
914 669 8 3 59
915 431 7 5 3027
916 742 1 2 4
917 560 10 1 4
917 912 3 1 4
918 0 6 1 10
920 200 4 4 250
921 320 5 3 71
922 8 7 1 7
924 33 8 3 67
928 516 5 2 12
929 10 5 4 504
930 547 6 3 50
930 720 5 1 4
931 230 9 1 11
932 274 1 4 60
932 783 8 1 4
933 657 1 6 1374
938 261 4 2 9
938 316 3 5 436
941 771 2 2 7
944 165 4 5 1324
945 456 5 1 7
946 205 3 2 7
947 568 8 2 20
948 9 2 2 7
952 37 3 2 7
958 844 7 1 5
960 358 10 1 4
961 131 2 2 4
961 291 5 1 7
961 472 8 5 971
965 937 4 1 4
966 197 1 2 4
966 555 1 4 69
968 360 7 1 6
969 313 8 1 9
969 769 7 4 211
975 205 6 3 67
976 321 9 1 4
976 779 3 1 4
977 22 6 2 12
977 34 9 1 4
977 549 10 4 879
984 483 6 1 4
985 268 1 8 54939
986 772 6 1 9
987 962 9 1 5
988 366 3 1 4
996 36 10 4 235
996 836 10 1 7
1001 286 3 1 3
1002 652 7 3 139
1004 129 5 1 4
1013 316 5 2 15
1020 371 5 3 41
