1063 0.0026564936882388685 
860 0.002597228421509401 
494 0.002556154006194218 
783 0.002601437462746171 
69 0.002581843653413898 
881 0.0025695551948370947 
161 0.0025670394478750293 
1772 0.0025900682143107923 
1931 0.0025954383696043105 
761 0.0026537360377735823 
53 0.002604291870234054 
665 0.002503565277440961 
1361 0.0025988249543478946 
55 0.002560798460926505 
1613 0.0025780700318850007 
1475 0.0025718290431908345 
1523 0.0025867300099944343 
343 0.0026245146262397017 
1411 0.0025584762334875935 
144 0.0025540252979714523 
628 0.002622821332973687 
993 0.00260821063332983 
897 0.002565055878269519 
245 0.0025861978325182142 
1577 0.002545897504105832 
106 0.0025873105672486263 
1652 0.0025726514990102867 
1821 0.0025890038592839256 
1259 0.0026122261563292703 
701 0.0025433333790532034 
203 0.0025786022092594684 
1615 0.0025758929426971822 
1146 0.002544107454520551 
1704 0.0025639915238891424 
290 0.002603421034033342 
1219 0.0026628314467457732 
29 0.0025869235290783073 
1610 0.002583391805933648 
1667 0.0026490431942621344 
278 0.002538398648366161 
399 0.002628385011042662 
1125 0.0025930193806543984 
1193 0.0025990184734835404 
1669 0.002598050877813314 
142 0.002564426941586635 
938 0.002639028570600992 
428 0.00263965750827119 
372 0.002586101072977783 
1437 0.0025821823117727783 
321 0.002584069122678694 
1242 0.0026014858425326835 
1292 0.002632932713525191 
1089 0.002707776329407793 
1823 0.0025114027823083507 
907 0.0026195798860120132 
1956 0.0025543639560894516 
1960 0.0025723612204838478 
439 0.002578795728306419 
429 0.002579811703317645 
1463 0.0026002279680993764 
1 0.00265305872013277 
1501 0.0025289646064715174 
785 0.0025879878840549186 
646 0.0026248532848991814 
1094 0.0025955835089453766 
1758 0.0025913744682422024 
325 0.0026288688091618533 
455 0.002547010237678671 
1852 0.00259001983453629 
951 0.0025897779356645685 
866 0.0026040499712878377 
1848 0.0025786022092594684 
496 0.0025998409298189297 
1999 0.0025538801587789953 
683 0.0025587181321723895 
1199 0.0026293526072851832 
1393 0.0025577989171785736 
310 0.0026214183185931904 
170 0.002610436103868195 
560 0.0025405273556322813 
1405 0.002560072764836327 
857 0.00259195502555729 
811 0.0025357377644762806 
13 0.002581698514118064 
1811 0.0026027437169992224 
798 0.0025714903849171486 
1495 0.002547639174061712 
538 0.0026215150782044694 
1568 0.002617112516068711 
1359 0.002659251338815866 
1168 0.0025834885654679985 
24 0.002604533769181479 
1809 0.002538398648366161 
1321 0.0025550896520672526 
1326 0.002592148544663986 
960 0.0026239340685425927 
1936 0.0025880846435995283 
1691 0.002576570259321053 
205 0.002612951853290937 
936 0.0023786493805509515 
1100 0.0023136277384638803 
293 0.002644689009864922 
452 0.0025428495818950506 
1236 0.0025985830554294616 
1493 0.0025586213726982816 
152 0.0026290139485984185 
594 0.002548993806309834 
1167 0.002541204671609047 
45 0.0025503968183361795 
294 0.0025730869168038763 
1256 0.0026097104069426253 
384 0.0025518482101460826 
1673 0.0025835369452352555 
241 0.002540333836784291 
1434 0.002589390897472556 
125 0.0025794246652152157 
1147 0.002678990314452898 
753 0.002627030376331056 
1202 0.002620402342685267 
1139 0.002554702614210619 
348 0.002582520970134359 
255 0.0026215150782044694 
1877 0.002581698514118064 
1650 0.0025152247762117003 
1260 0.0025688294985814794 
1734 0.002578021652124024 
638 0.0025690713973318654 
225 0.0025995022713261448 
1158 0.002598050877813314 
1005 0.0025591535498089945 
483 0.0025994538915416606 
1200 0.002560363043270711 
688 0.0025706195493694502 
1795 0.002577586234277776 
1352 0.002609178229203889 
1660 0.0026027437169992224 
308 0.0026315296988910363 
1833 0.0025761348414901374 
784 0.002626449818607546 
391 0.002547494034895386 
8 0.0025659750934399136 
1897 0.0025988733341317316 
269 0.002589826315438807 
1927 0.002618950948564561 
763 0.002601437462746171 
1122 0.0026667018338998702 
625 0.002526255343675804 
689 0.0025731836763142027 
1127 0.002662008989502512 
1942 0.002517885658340524 
573 0.0026783613764239655 
1274 0.0025695551948370947 
450 0.00260854929188361 
663 0.002646430683588094 
1307 0.002630175064104306 
1165 0.002590213353634615 
999 0.0025785538294978714 
932 0.002602211539336263 
697 0.002534528271870667 
1756 0.0025238363592373046 
