0 89 10 3 68
0 198 5 2 23
1 18 7 2 14
3 363 1 3 22
3 430 7 3 80
9 129 6 1 4
12 343 7 1 8
14 265 2 2 5
16 357 5 4 365
17 131 3 1 4
17 316 8 4 536
18 90 9 2 20
20 283 6 4 553
25 234 4 8 288706
25 309 6 1 4
25 320 10 1 17
26 142 4 1 4
28 407 2 2 7
29 40 6 5 1695
30 403 1 3 7
32 177 2 2 4
34 129 5 1 5
34 199 7 3 107
34 231 2 2 7
35 151 2 2 8
35 479 5 3 59
38 277 6 3 37
40 148 3 1 4
42 316 8 6 6090
44 327 2 2 5
47 99 2 7 15467
47 246 5 1 4
47 505 4 3 47
48 344 6 1 4
49 66 9 1 4
49 370 4 3 44
50 169 6 6 10043
50 474 5 1 8
51 134 6 1 4
52 78 4 1 4
52 277 9 2 17
54 464 8 1 14
56 435 4 1 4
58 164 5 2 14
59 276 2 5 669
64 91 5 3 31
64 501 5 1 4
65 277 1 4 68
65 397 3 4 149
65 409 7 2 23
68 209 6 1 4
68 221 3 1 4
68 363 5 1 4
70 295 9 1 7
70 505 5 3 80
74 220 9 2 19
75 330 9 1 4
75 392 1 2 4
78 308 7 6 6810
80 368 6 1 4
82 464 2 3 25
84 295 6 2 17
90 402 10 2 38
91 280 7 1 4
96 488 1 5 443
97 319 7 1 4
97 351 10 1 3
98 113 1 2 4
101 165 5 3 64
102 259 6 1 4
103 117 9 1 4
105 496 3 1 4
106 198 5 1 4
106 249 8 1 4
107 335 3 1 4
108 404 4 2 8
109 354 3 1 3
109 367 6 5 1415
116 207 1 2 4
117 314 9 1 4
118 221 6 2 14
118 260 10 1 4
118 390 3 4 166
119 293 8 1 4
119 506 8 1 4
120 475 5 2 14
122 258 2 3 14
123 377 2 8 621498
124 471 8 1 11
125 445 3 1 4
126 277 1 5 298
127 250 10 1 4
128 355 8 1 4
128 385 4 1 4
129 406 4 1 4
130 277 3 4 169
132 434 5 4 276
132 475 4 2 13
134 226 3 3 37
137 250 5 1 4
138 470 6 1 4
139 455 6 1 4
140 510 8 5 975
141 278 1 2 4
143 192 3 1 4
146 215 10 1 7
146 288 6 1 4
149 196 1 2 4
149 304 3 1 4
149 458 8 1 5
151 463 4 1 4
152 196 4 3 26
153 257 2 2 4
153 409 7 1 7
155 412 6 5 738
155 418 10 4 320
156 160 4 3 85
156 400 1 3 7
159 189 10 7 291970
159 331 8 1 4
159 451 2 5 290
165 281 6 5 2248
165 323 10 3 73
165 484 1 3 7
174 501 9 1 4
175 205 1 2 4
177 459 5 1 8
178 182 8 1 4
178 409 9 3 58
179 223 5 6 5783
180 197 9 1 4
180 448 2 2 4
186 237 6 5 1706
189 275 7 1 5
192 437 4 1 4
195 363 9 1 4
198 267 1 2 4
200 210 1 4 35
201 238 9 1 7
202 442 2 4 61
208 275 9 1 7
209 274 2 3 11
212 238 8 5 1472
213 443 10 1 4
214 511 9 1 8
215 417 10 1 4
219 234 9 2 41
219 498 6 5 2372
222 430 4 6 9961
223 435 4 1 3
223 491 10 1 13
227 273 10 1 4
227 397 7 1 4
228 299 6 1 4
231 349 10 8 1172604
231 378 9 1 8
233 366 9 1 4
239 323 6 6 6607
242 285 4 8 265346
246 254 5 1 4
248 431 4 2 13
253 296 1 3 8
253 500 7 1 4
255 392 9 2 16
256 288 2 5 1112
262 414 6 1 4
262 487 5 1 5
266 294 4 2 8
270 395 2 2 4
272 404 3 3 17
275 323 10 1 13
277 279 7 3 90
279 392 3 2 11
280 385 4 3 26
281 464 9 4 813
288 505 9 1 6
294 451 7 2 26
303 305 10 1 4
309 400 1 2 5
313 451 7 1 7
314 418 3 1 4
315 435 5 1 4
318 481 6 1 4
325 422 10 1 8
339 475 9 1 4
349 431 3 1 4
353 371 4 2 11
357 421 7 1 4
358 447 1 3 11
379 434 8 1 4
380 470 3 3 23
381 501 10 1 4
383 387 4 1 5
383 504 2 4 46
385 498 9 4 817
386 394 5 1 7
388 472 5 1 4
391 404 3 1 4
393 488 1 2 4
395 423 8 1 4
398 484 6 3 100
400 492 6 2 26
405 474 1 5 335
408 439 2 2 4
412 455 3 1 4
415 472 1 6 865
417 503 8 5 5252
432 455 1 2 4
455 479 9 2 20
463 468 10 2 19
474 480 8 5 3891
485 501 3 1 4
501 504 1 2 4
