0 89 6 5 1165
0 198 9 5 3706
0 342 4 5 1246
1 18 5 6 14353
1 503 8 5 980
2 115 9 4 279
2 217 9 2 20
3 218 2 6 2047
3 363 8 6 13342
3 430 1 5 295
4 361 4 4 238
4 414 3 4 247
5 214 8 4 644
8 303 6 3 46
9 129 5 5 2659
9 171 5 4 299
9 451 3 5 361
10 223 10 4 579
10 416 10 5 5002
10 462 7 6 25485
11 30 5 5 593
11 297 3 3 63
11 438 9 5 2040
11 477 1 5 360
12 343 1 4 101
12 499 9 5 5921
13 207 7 5 2859
13 280 2 5 503
13 397 6 6 7391
14 173 9 4 964
14 265 7 2 20
15 160 7 9 8197694
15 194 3 4 154
15 414 4 3 24
16 25 2 7 39102
16 114 7 7 45582
16 232 5 4 120
16 357 3 7 31838
16 370 9 7 57512
17 83 2 5 322
17 131 9 6 14231
17 316 3 8 160340
18 90 10 3 184
19 33 8 4 425
19 180 10 6 7067
20 139 1 4 71
20 283 1 5 268
21 209 2 6 4484
21 259 3 5 528
22 226 3 8 474460
22 451 1 7 5241
23 108 3 5 443
23 304 6 3 89
23 418 4 6 3451
24 52 7 4 446
24 386 6 6 12041
24 418 3 6 3138
24 503 6 4 419
25 126 2 6 7326
25 234 4 6 3197
25 309 8 3 51
25 320 4 4 182
25 408 1 5 348
26 142 1 6 2710
26 296 2 5 378
27 342 2 4 127
27 378 5 3 77
28 407 8 3 119
29 40 9 8 1528347
30 182 3 4 158
30 403 3 5 942
31 66 8 4 466
32 105 3 8 237334
32 177 5 4 176
33 489 1 5 384
34 84 2 4 68
34 129 8 3 122
34 199 9 3 85
34 231 6 6 4398
34 282 5 4 321
34 317 1 7 17577
35 151 2 6 7092
35 446 8 4 304
35 458 6 3 119
35 479 3 6 3055
36 162 10 5 1977
36 341 4 5 480
36 374 9 6 23079
36 444 6 4 192
38 170 8 3 59
38 277 9 6 8700
38 390 8 5 3553
38 488 7 7 105654
39 467 10 3 172
39 490 9 4 280
40 75 2 4 133
40 103 3 5 478
40 148 10 3 189
40 464 2 3 22
40 486 3 5 968
41 429 2 6 4875
42 45 2 5 540
42 316 9 6 16262
43 123 5 4 159
44 327 7 3 136
45 98 10 3 69
45 108 5 4 512
45 408 2 3 31
46 106 5 4 245
46 139 7 5 3089
47 99 6 4 540
47 246 6 4 397
47 505 5 5 974
48 344 2 4 91
49 66 4 5 935
49 370 3 4 207
50 169 7 4 558
50 177 2 1 3
50 474 6 7 68706
51 134 4 8 172816
51 342 7 5 839
52 78 1 6 924
52 181 7 7 138340
52 207 5 5 1477
52 277 3 4 245
52 500 6 6 23802
54 464 7 4 244
55 151 10 5 1234
56 234 8 5 1918
56 435 3 7 15775
58 65 10 4 311
58 164 2 5 275
58 249 6 5 726
59 199 9 8 2621610
59 276 7 2 13
60 384 10 5 2845
61 396 7 5 4556
62 444 9 5 4222
62 489 6 3 119
63 335 4 5 816
64 89 2 4 154
64 91 9 4 253
64 179 6 5 1782
64 501 8 5 1580
65 236 2 4 198
65 267 2 6 2049
65 277 3 5 844
65 386 2 6 6978
65 397 4 4 269
65 409 1 7 30358
66 185 3 5 1409
66 376 1 5 249
67 70 2 8 107939
68 132 2 8 303369
68 209 10 2 52
68 221 1 5 615
68 267 5 5 698
68 290 4 7 21306
68 363 1 5 334
68 432 7 6 5665
68 474 9 5 2161
69 72 2 4 159
69 89 1 8 41978
69 462 4 6 8761
70 295 2 3 16
70 505 2 5 378
71 228 7 4 369
72 167 7 2 27
74 220 3 5 821
74 411 9 3 87
74 451 1 5 609
75 330 1 5 513
75 392 7 5 1785
76 153 9 3 57
76 322 5 3 72
77 337 8 4 366
77 340 1 6 3460
78 209 7 4 223
78 267 2 6 3165
78 308 4 4 316
79 262 10 4 221
79 319 9 3 124
80 86 10 7 257153
80 368 1 8 48814
80 420 3 4 106
82 84 5 5 3359
82 464 7 6 5226
82 488 7 3 55
83 402 3 4 73
83 407 10 4 729
84 257 7 3 84
84 295 4 3 25
85 244 2 4 93
86 118 3 5 1721
86 145 1 6 3928
87 133 8 6 22425
88 404 5 4 239
89 305 7 6 9784
89 349 3 4 186
90 292 3 5 787
90 402 8 5 2377
91 280 2 8 122744
92 477 3 5 568
93 161 7 6 18862
94 427 1 5 682
95 182 2 5 1236
95 486 8 4 681
96 488 1 6 3442
97 319 1 6 1400
97 351 2 4 206
98 113 10 5 3765
99 154 3 4 265
99 172 9 4 597
99 402 5 5 2388
100 291 6 4 215
101 165 6 4 191
102 259 4 3 47
103 117 7 6 21511
103 186 10 6 7872
103 192 6 5 3980
103 273 9 4 909
103 277 9 3 59
104 166 4 3 40
104 327 10 5 6517
105 242 9 4 391
105 496 4 6 11861
106 198 10 3 108
106 249 6 4 482
107 241 10 4 315
107 277 2 5 612
107 335 5 5 1148
107 350 7 6 9164
107 359 6 6 4583
108 404 5 2 26
109 143 7 4 322
109 354 1 3 14
109 367 10 3 166
109 408 9 2 47
109 437 4 5 811
111 198 6 5 1180
111 273 10 4 675
112 236 2 7 12117
112 446 7 2 29
113 430 8 5 1090
114 205 10 4 486
114 327 9 6 9674
115 180 10 3 164
115 193 10 1 6
115 198 4 2 9
116 207 10 3 150
117 314 4 6 5787
118 221 6 4 286
118 260 9 3 186
118 285 8 4 222
118 346 4 6 16638
118 390 5 5 707
119 293 9 6 7315
119 417 7 6 11731
119 423 1 4 43
119 506 8 3 90
120 475 6 2 17
122 258 6 6 16073
122 371 6 6 10683
122 383 2 5 681
123 173 3 5 347
123 377 5 4 493
124 280 8 5 3062
124 471 8 3 43
125 154 9 6 8449
125 445 6 5 2796
125 507 1 5 179
126 251 8 5 1213
126 277 10 4 231
126 466 2 2 10
127 250 7 3 88
127 311 4 4 254
128 355 7 7 112586
128 385 7 6 15943
129 206 1 3 10
129 276 7 9 2845663
129 406 5 4 236
129 480 1 6 1982
130 277 10 5 5171
131 194 2 4 146
132 385 10 6 47720
132 434 5 4 199
132 475 10 4 476
134 226 8 6 21911
135 167 5 4 157
135 169 4 4 314
136 405 2 6 2238
137 160 3 6 11590
137 201 7 2 23
137 250 8 4 504
138 470 6 4 327
139 455 1 4 91
140 510 3 5 422
141 278 6 5 828
141 351 6 8 371396
141 353 7 3 78
141 390 5 7 82743
141 418 5 4 140
142 322 7 3 46
143 192 10 4 264
143 223 2 5 563
143 270 10 6 7433
143 286 6 5 2783
144 505 7 3 73
146 215 5 5 1635
146 288 10 4 922
146 362 9 3 121
146 365 5 3 110
147 402 7 3 132
147 467 4 6 9256
147 480 1 6 2880
148 162 10 3 155
148 238 7 4 155
148 359 4 6 4575
149 196 3 4 188
149 224 7 4 426
149 304 3 4 132
149 458 7 4 200
150 430 6 3 57
150 458 2 4 94
151 285 5 5 841
151 307 1 6 1217
151 387 7 6 9381
151 399 7 6 17627
151 463 7 6 9216
152 167 3 3 44
152 196 10 4 960
152 421 5 8 203157
152 433 10 6 10505
153 200 7 7 101780
153 257 8 4 286
153 409 8 4 213
154 273 5 4 162
154 507 6 3 127
155 412 3 5 986
155 418 10 2 31
156 160 7 6 5459
156 400 2 6 1422
156 507 5 4 146
157 385 10 3 85
159 189 6 6 4654
159 331 1 7 5052
159 353 7 5 2449
159 451 8 4 371
161 423 7 4 227
162 273 3 4 318
163 181 6 4 387
163 293 1 6 1045
163 333 2 7 15497
164 241 9 4 865
164 291 2 5 624
165 281 4 4 168
165 323 4 5 831
165 484 5 6 4208
165 501 7 5 3185
166 170 1 3 17
168 209 10 3 67
169 266 7 7 79278
171 319 3 5 423
171 506 6 4 644
172 480 4 5 550
173 266 8 4 354
173 274 8 8 597831
174 352 3 5 507
174 501 6 5 1980
175 205 10 4 1074
175 272 10 5 2658
176 393 7 6 13524
176 462 3 7 28197
177 250 7 2 22
177 459 3 5 548
178 182 7 5 1209
178 254 7 6 14381
178 409 5 5 723
178 486 10 5 2216
179 223 7 5 837
179 255 4 6 5203
179 473 10 5 6667
180 197 3 6 9762
180 346 2 5 330
180 421 5 7 157308
180 448 5 6 6946
181 436 5 4 130
182 277 4 6 5061
183 463 6 7 43645
186 237 9 5 3465
187 440 2 6 4640
189 252 2 7 26542
189 275 3 5 1028
189 474 7 4 314
190 424 8 4 593
191 352 6 4 234
191 368 4 3 65
191 401 8 5 5328
191 416 8 4 265
192 437 7 4 161
194 346 6 4 178
195 363 10 4 317
196 439 3 6 2695
197 230 9 6 37032
198 267 3 4 337
198 279 5 6 3770
198 353 3 5 1519
198 478 10 4 605
200 210 10 3 95
200 342 1 5 192
200 448 4 4 288
201 238 8 4 576
202 254 9 6 15660
202 442 3 5 1698
204 245 8 2 32
204 472 1 6 1973
205 345 10 3 140
206 410 2 7 15419
206 436 9 3 51
208 275 10 4 1067
208 303 2 6 4792
208 506 1 6 848
209 223 7 5 863
209 274 9 3 95
209 492 6 6 11802
210 380 5 3 44
211 386 3 5 1451
212 238 9 5 2416
213 443 9 7 316904
214 231 1 5 449
214 511 8 4 624
215 393 5 4 219
215 417 10 6 26328
218 254 10 6 45103
218 447 10 5 1143
219 234 5 5 680
219 478 7 5 2096
219 498 6 6 11073
221 351 5 5 1025
222 430 2 4 127
223 412 10 3 118
223 435 2 4 83
223 478 7 5 2131
223 491 5 4 354
223 508 5 6 5916
227 273 1 6 2356
227 397 9 6 37820
228 299 6 4 220
229 452 10 3 195
230 482 7 2 22
231 349 5 3 106
231 378 7 3 120
232 248 9 5 3751
233 247 1 5 138
233 366 8 4 509
235 354 4 4 106
237 407 10 1 14
238 319 4 5 2654
239 323 5 7 170463
241 345 2 7 10275
242 257 6 5 2775
242 285 5 5 1148
242 312 1 5 239
243 249 8 5 1881
243 492 7 4 456
246 254 3 5 934
246 500 1 5 336
248 431 8 5 3063
249 404 10 4 397
250 395 10 6 8634
250 441 9 3 98
252 502 7 5 1347
253 296 3 6 4458
253 500 3 6 5653
255 392 8 4 813
256 288 9 2 26
256 476 5 7 27286
258 267 4 4 198
258 478 2 5 326
259 373 7 5 1540
260 283 4 4 317
260 316 7 6 15505
260 327 2 5 261
260 400 3 7 64406
262 299 1 7 14335
262 414 6 6 5895
262 487 1 6 1450
264 339 9 3 63
264 473 3 3 16
265 281 8 3 154
265 430 1 5 358
266 294 4 7 27693
267 463 10 3 117
267 475 6 5 1810
269 336 8 5 3202
270 335 5 7 54518
270 395 1 5 226
271 489 9 3 185
272 320 10 8 441965
272 404 1 7 14462
275 280 4 5 902
275 323 4 4 99
276 335 3 3 38
277 279 8 5 2686
277 359 6 4 254
279 392 8 4 203
280 385 3 5 1089
281 345 9 4 459
281 464 9 4 229
284 333 2 5 753
288 505 1 6 984
289 366 6 6 7430
290 427 8 3 174
291 454 4 6 3129
293 489 4 5 2742
294 451 10 7 156428
295 463 9 5 3057
295 478 10 3 77
297 405 10 7 111593
297 441 10 4 586
298 347 1 6 3520
298 354 5 5 751
298 501 4 4 372
299 363 1 6 896
299 382 9 5 1171
303 305 3 6 3312
303 376 4 4 361
303 400 7 5 2132
304 474 10 4 317
305 411 6 6 12624
305 416 10 6 8753
306 481 7 4 402
307 394 8 4 380
308 450 8 5 2053
309 400 3 6 5688
311 330 1 8 50076
311 342 8 2 19
311 432 9 5 1198
312 313 3 5 511
312 409 7 3 67
312 466 4 3 50
313 451 5 5 1328
313 463 6 5 3068
314 418 3 4 113
314 499 3 3 57
315 435 6 5 788
317 318 7 5 1099
318 481 6 5 876
321 365 3 3 44
322 354 5 2 23
325 352 10 5 2984
325 422 4 8 415974
326 446 7 6 13114
332 368 7 2 25
336 444 7 3 55
337 451 3 5 1379
338 341 1 4 44
338 461 1 4 97
339 342 9 3 80
339 475 5 4 351
341 435 3 5 807
341 469 1 9 613046
343 415 5 3 96
349 431 3 4 145
350 452 1 6 4909
351 497 7 6 9457
352 373 2 7 17778
353 371 10 3 54
354 363 7 3 45
354 457 8 5 1256
355 428 3 6 5561
355 464 10 6 8589
357 421 7 8 1661547
357 467 1 6 1403
358 420 10 4 845
358 432 8 3 112
358 447 8 5 2567
360 431 9 5 5031
361 510 3 4 75
362 456 1 7 7537
362 493 9 2 19
367 499 6 3 81
368 438 1 10 8030041
368 482 7 5 1990
370 419 8 3 73
371 421 2 6 9131
372 477 4 5 612
373 436 3 4 112
374 489 2 4 77
379 434 1 7 7283
380 462 6 4 493
380 470 9 2 39
381 501 7 5 1329
383 387 1 7 6625
383 504 3 9 4964061
384 450 9 5 1628
385 425 8 4 181
385 498 7 1 4
386 394 8 6 35055
386 448 5 4 309
386 468 7 5 894
386 482 10 5 3033
388 418 8 5 1624
388 472 4 7 20152
389 500 10 5 1461
391 404 5 3 56
391 429 2 5 510
391 511 8 3 165
393 488 9 4 1017
394 399 9 4 733
395 423 7 7 136607
396 468 5 3 47
398 413 5 6 5489
398 484 3 4 266
399 410 10 5 3847
400 407 9 4 534
400 492 4 8 203631
402 433 7 4 172
404 443 6 1 4
405 474 3 5 1850
406 407 7 3 140
408 439 3 5 1447
410 473 2 7 25928
412 455 3 5 419
414 416 2 7 18056
414 461 10 3 125
415 472 2 5 1185
417 503 1 7 5922
425 450 3 7 36710
427 505 2 4 46
429 432 9 2 22
432 455 5 7 27715
438 501 1 7 27790
444 468 9 5 1413
447 485 9 4 399
448 494 5 3 78
449 452 1 8 150065
450 475 2 6 5882
453 471 3 5 590
453 479 1 5 200
455 479 1 5 433
458 490 1 4 71
461 503 10 3 146
463 468 1 5 125
466 481 4 7 25788
466 501 9 4 988
474 480 4 5 1118
485 501 7 3 51
501 504 10 2 21
507 509 8 3 60
