1042 0.02044771907127952 
1764 0.02044771907127952 
1053 0.020454673966878934 
378 0.02044771907127952 
1426 0.02049640335532366 
643 0.02044771907127952 
1811 0.02044771907127952 
676 0.02044771907127952 
456 0.02044771907127952 
369 0.020454673966878934 
1021 0.02044771907127952 
43 0.02047553865793801 
1131 0.02044771907127952 
1068 0.020468583760211254 
80 0.02044771907127952 
1314 0.02044771907127952 
673 0.02044771907127952 
1571 0.02047553865793801 
415 0.02044771907127952 
675 0.02044771907127952 
210 0.02044771907127952 
855 0.02044771907127952 
36 0.02044771907127952 
1694 0.020454673966878934 
112 0.020454673966878934 
100 0.020461628863190535 
1380 0.020454673966878934 
1032 0.020468583760211254 
285 0.02044771907127952 
1998 0.02044771907127952 
1970 0.02044771907127952 
1060 0.02044771907127952 
1568 0.02044771907127952 
533 0.02044771907127952 
1271 0.02047553865793801 
594 0.02044771907127952 
1428 0.020454673966878934 
1723 0.02044771907127952 
428 0.02044771907127952 
634 0.02044771907127952 
