0 47 10 1 4
0 135 1 3 7
0 552 8 1 7
0 646 8 1 4
0 917 8 5 1160
3 272 4 1 7
4 774 1 2 4
5 887 8 2 22
6 268 7 1 3
8 202 4 1 4
9 526 5 1 4
12 65 1 2 3
12 128 6 1 4
13 66 7 5 831
13 224 9 3 158
14 127 6 1 4
14 321 2 5 506
14 584 5 1 4
18 51 1 2 4
19 24 3 1 4
21 258 8 1 6
26 801 10 1 4
27 547 5 2 18
32 204 10 1 4
32 759 1 2 4
32 848 4 1 6
33 898 1 2 4
33 945 9 1 4
35 689 7 1 4
40 512 5 2 12
41 96 10 3 100
44 12 2 2 4
44 47 7 1 4
47 1022 5 1 4
52 285 9 2 38
64 41 5 1 4
64 272 5 1 4
64 465 5 1 3
64 790 1 4 24
65 274 2 2 4
67 2 10 1 7
72 280 7 1 4
72 437 8 5 1393
72 533 4 5 603
76 76 7 1 3
76 133 4 1 3
77 267 4 3 28
80 132 4 6 3423
80 920 1 3 17
83 304 9 2 26
85 65 8 1 4
90 274 4 1 4
90 988 6 2 14
91 154 2 2 6
95 34 7 1 4
98 401 1 3 21
99 134 1 2 4
99 249 3 4 311
100 128 8 1 4
100 901 5 3 43
104 132 5 8 580748
104 673 9 3 55
112 28 10 1 11
112 107 5 1 4
114 452 6 1 4
114 872 4 3 24
117 106 9 2 42
118 565 2 2 9
125 268 4 1 3
128 453 8 5 1250
129 88 4 3 29
131 581 10 1 6
132 713 6 1 4
132 957 9 1 4
136 39 10 3 88
136 657 4 1 7
136 684 2 2 9
137 678 1 2 4
138 590 7 2 27
143 286 5 1 4
145 2 3 1 4
145 273 5 7 119871
146 396 4 2 8
146 910 4 4 127
148 130 9 1 4
151 102 6 2 11
153 26 8 1 4
156 133 5 1 4
160 801 3 1 4
171 144 10 5 1240
184 664 9 1 4
192 43 5 1 4
192 536 7 5 1820
193 775 7 1 3
194 321 6 1 6
194 592 1 2 4
194 677 8 2 34
201 39 1 4 56
204 520 1 2 4
208 12 5 6 3785
208 534 6 2 16
216 138 5 1 4
216 792 4 2 12
220 176 4 1 4
225 257 9 6 7324
225 948 10 2 30
226 157 7 2 28
231 290 10 2 21
240 914 3 1 4
247 626 1 3 11
248 557 6 2 12
256 68 5 7 28271
256 344 6 1 4
256 963 7 1 11
257 680 6 5 688
260 978 2 2 4
261 8 5 3 28
261 356 5 1 3
261 995 1 4 31
262 32 5 5 689
268 192 4 3 31
268 577 3 1 4
270 532 9 1 9
278 258 7 1 12
282 576 5 6 8725
282 787 1 3 7
284 835 7 3 86
288 50 4 3 88
288 292 5 9 10751301
289 468 9 5 1430
289 472 4 1 3
290 388 4 1 4
292 134 10 1 4
292 593 5 1 4
296 260 1 2 4
296 409 7 2 13
299 291 7 1 4
301 274 9 3 59
304 63 5 3 35
304 212 1 3 7
304 258 3 1 4
321 1008 10 1 4
323 360 3 1 4
324 513 1 3 11
326 280 4 1 4
334 265 6 1 4
336 576 4 1 6
336 632 4 1 6
339 42 10 2 49
340 106 7 2 16
344 188 4 3 65
347 296 2 2 4
348 128 9 1 4
352 680 6 3 70
356 800 6 2 23
360 810 7 1 3
384 692 8 1 4
387 1016 7 4 165
392 336 4 1 4
393 461 1 5 192
400 10 8 1 4
402 80 4 1 4
403 98 2 9 4093047
408 576 5 1 3
409 417 4 4 129
420 538 2 2 4
421 400 8 1 10
425 161 7 8 1100841
425 746 2 2 4
436 597 10 1 4
444 801 1 2 4
450 450 5 5 613
452 488 10 1 4
453 368 6 1 4
460 197 5 1 4
476 775 9 1 4
480 731 9 1 4
482 285 10 1 4
491 112 6 1 6
512 153 10 1 10
512 514 3 3 28
513 112 7 1 4
514 522 4 1 4
515 93 6 1 4
515 273 7 1 7
516 605 6 2 17
519 944 7 1 4
520 785 2 3 19
522 549 1 3 17
523 650 1 2 4
524 159 9 2 21
525 820 2 3 16
528 144 3 2 10
528 406 2 3 29
529 16 2 2 4
529 423 7 1 8
529 737 1 2 4
532 853 6 2 21
536 10 1 6 810
536 687 1 5 129
537 99 5 2 11
540 256 8 1 6
544 6 7 2 23
544 160 10 1 4
546 263 5 1 4
546 650 3 1 4
546 900 8 1 3
548 577 1 2 4
549 530 5 3 50
551 4 2 7 21985
551 40 4 1 4
560 18 9 1 4
565 105 9 1 4
576 4 7 2 13
576 19 7 1 11
576 607 5 1 4
577 401 3 1 4
585 354 2 2 4
590 520 10 1 4
592 528 4 1 4
593 429 5 1 4
599 176 3 2 6
601 431 8 1 4
609 768 8 1 3
617 908 10 1 4
619 140 10 1 4
625 5 9 1 4
626 104 7 1 11
627 769 5 1 3
632 18 5 1 4
640 258 8 3 143
640 584 4 3 31
640 659 4 1 4
648 694 1 2 4
648 769 4 1 4
650 216 9 5 5986
650 953 3 4 95
662 374 5 4 216
664 16 9 2 22
674 259 6 2 15
674 672 1 2 4
678 237 2 2 4
682 14 8 1 4
697 710 7 1 4
712 283 7 1 7
716 339 7 2 17
737 288 9 4 312
741 45 6 1 4
763 668 2 3 38
768 68 2 6 2681
768 502 8 1 4
768 736 5 1 4
769 277 1 4 44
770 211 9 1 3
770 515 5 1 4
772 32 6 1 4
777 6 9 2 28
777 318 2 2 7
777 641 3 1 4
785 257 2 2 4
792 274 9 1 3
793 628 2 5 773
795 661 7 1 8
806 232 5 1 4
806 326 6 1 4
817 784 9 1 4
819 69 5 1 4
828 592 6 6 9664
833 999 5 1 4
834 912 5 1 4
835 264 4 1 4
849 1018 2 2 4
852 2 7 4 337
872 165 10 2 45
873 9 10 1 4
882 591 5 1 4
897 39 10 1 4
900 4 6 4 203
906 137 5 1 4
922 8 1 2 4
928 518 9 1 4
941 771 1 3 6
966 197 4 1 4
1001 286 8 2 17
