560 0.0021736242346543197 
1249 0.002264380661070733 
293 0.002129268828385886 
829 0.0021718846883511905 
964 0.0022559712302738294 
1048 0.002333689637630035 
1984 0.0022000083736189017 
1428 0.0021878308490319034 
63 0.0021843516269155947 
1975 0.00224466218210415 
303 0.00232846952346756 
14 0.002246981968708001 
12 0.002220305037680379 
487 0.0022936695011423086 
1117 0.002195949157111551 
1628 0.0021588383806056904 
1608 0.002334559659200942 
36 0.0023194793904413235 
1234 0.0020284138046824398 
854 0.0022896095915532232 
695 0.002185801298863464 
545 0.002250171690790573 
1521 0.002286709669262996 
1089 0.002353410294918885 
645 0.0021698552288764088 
1683 0.0020988330867336273 
1272 0.002327019496483241 
1036 0.002195369272382321 
162 0.0021762335705173192 
676 0.002204937476142814 
1993 0.002200878210991427 
839 0.002185511364022028 
5 0.0022406025789092287 
1552 0.00206463422584808 
1268 0.002304109363122651 
349 0.00231048934246928 
1982 0.0021533300996979406 
1189 0.002195949157111551 
959 0.002174783937066529 
1354 0.0022959894588957214 
626 0.002170435073200121 
772 0.0021640568411401026 
47 0.0020536223664938866 
673 0.0020205913211885102 
674 0.002151300758067146 
543 0.0022266841760784093 
1006 0.0022002983192053035 
690 0.0021452128163294403 
558 0.00232179941684764 
1837 0.0022611908635982955 
1027 0.0021443431207400594 
98 0.0021698552288764088 
530 0.0020446395409571996 
609 0.002201748050198009 
1385 0.0022249444026918425 
662 0.0021443431207400594 
1781 0.0022127661678061367 
820 0.002138545218180114 
1823 0.0021312980111922435 
614 0.0021530401929158787 
975 0.0021762335705173192 
1025 0.0022002983192053035 
1070 0.0022777199824200816 
159 0.00220986663599015 
974 0.0022678604582603797 
101 0.0022548113178383566 
877 0.0021426037374815713 
1365 0.0022255243264649115 
912 0.0021469522153578983 
1072 0.0023838619285026985 
1205 0.0021652165105247242 
304 0.0022727902024492837 
1041 0.002182901960648135 
966 0.0021849314950160947 
797 0.002164346758099158 
1218 0.0021779731385563523 
1883 0.002174494011099757 
1995 0.0021550695461882855 
1607 0.0021988485933269178 
1969 0.0022356731017842066 
1213 0.002151880568566959 
484 0.002291059556827293 
1168 0.0022809098585303274 
668 0.002219435161792528 
795 0.0022220447942735604 
472 0.002240892549565893 
286 0.002155649363881842 
1269 0.0020733282803496746 
1924 0.002211026446434857 
448 0.0021698552288764088 
380 0.002229293847687422 
1899 0.002284099748774432 
1742 0.002197688816339781 
1399 0.00214840172247672 
949 0.0021672459418227196 
1644 0.002208416877254426 
1446 0.0021376755431603933 
1093 0.0021982687044186516 
253 0.0021617375148266283 
1074 0.002137385652096563 
1382 0.0022745301207708546 
232 0.0023067193490153453 
124 0.0022313236016982714 
1160 0.002182612028081022 
488 0.0021298485933049956 
1206 0.0021443431207400594 
1471 0.002170435073200121 
985 0.0022638006967002212 
1846 0.0021979787602753424 
443 0.0022107364935371673 
421 0.0022661205573284928 
1987 0.0019325523380165801 
462 0.002309909342427188 
266 0.0021944994468747546 
1757 0.0023125193455794685 
419 0.0021921799215716673 
786 0.0022745301207708546 
34 0.0021739141598932006 
1444 0.002176813425577157 
1526 0.002153909914092346 
1150 0.0023122293448545467 
280 0.00218986041008396 
1623 0.002185511364022028 
1196 0.002174783937066529 
1346 0.002083471850652251 
1197 0.002163187091817994 
1935 0.0022530714534112553 
1464 0.002166086265262951 
1943 0.0022936695011423086 
1766 0.0022455321009558897 
1901 0.002113325812332808 
1998 0.0021805825065699773 
1992 0.002252491499738442 
524 0.002174494011099757 
1217 0.002144922917507701 
653 0.00210926775678507 
427 0.0022182753297948256 
1590 0.0022171155006973893 
764 0.0022403126084079893 
385 0.002118833283891068 
865 0.002191600042396303 
1727 0.0022211749151772294 
1605 0.0021672459418227196 
422 0.0023304995647248877 
1384 0.002154779637752157 
25 0.0023470300448367783 
146 0.0022652506086117226 
176 0.0021710149185180812 
1322 0.0021933396825094507 
1636 0.002108108325298914 
1207 0.0021692753855506353 
1685 0.0022107364935371673 
29 0.0021710149185180812 
1939 0.0021336170962752165 
821 0.0022072570737513113 
825 0.0020313111291031583 
744 0.0022388627582441934 
61 0.0021930497419526507 
979 0.002186671104736536 
1483 0.00229047957039033 
