0 89 1 2 4
0 198 9 5 2858
0 342 3 6 10114
1 18 6 1 4
2 115 3 7 49225
2 217 1 2 4
3 218 4 3 23
3 430 1 4 25
4 414 7 1 4
9 129 10 1 16
9 171 3 7 41263
10 416 10 1 6
10 462 10 1 4
11 30 2 2 4
11 297 3 1 4
11 438 2 2 4
11 477 9 1 4
12 343 10 2 32
12 499 5 4 112
13 207 4 1 5
13 280 7 2 19
14 173 3 4 247
15 160 2 4 46
15 194 7 6 9642
16 25 2 2 4
16 232 2 6 1969
16 357 3 1 4
16 370 3 9 1483920
17 131 6 3 73
18 90 10 3 100
19 33 3 2 10
19 180 1 2 4
20 139 5 1 7
20 283 7 1 4
21 209 8 6 19583
21 259 9 1 4
22 226 2 5 437
22 451 3 2 14
23 108 10 1 4
23 418 1 3 22
24 52 5 1 4
24 418 1 3 17
25 126 6 1 10
25 309 7 5 2918
25 320 5 2 20
25 408 8 1 4
26 142 5 1 4
27 342 10 2 46
28 407 10 2 20
29 40 8 1 7
31 66 4 3 40
32 177 7 4 348
33 489 1 3 7
34 84 7 1 4
34 199 9 2 19
34 231 2 2 10
34 317 3 4 262
35 151 7 1 8
35 446 6 2 28
35 458 9 1 7
35 479 2 2 10
36 162 1 2 4
36 341 10 7 79845
36 374 3 1 4
38 170 10 1 4
38 277 9 2 17
38 390 4 1 4
40 75 9 2 34
40 103 10 1 16
40 486 4 5 1153
41 429 1 6 1154
42 45 1 4 59
42 316 5 4 343
45 98 4 3 29
45 108 6 1 7
45 408 5 1 3
47 99 8 7 48371
47 505 3 4 67
49 370 1 5 167
50 169 7 6 10081
50 177 9 4 375
50 474 2 5 263
51 134 2 2 4
51 342 7 2 31
52 78 5 1 5
52 181 1 2 4
52 207 3 2 13
52 277 4 2 10
52 500 2 3 28
54 464 8 2 23
55 151 3 1 3
56 234 5 2 26
56 435 5 1 4
58 65 4 1 4
58 164 4 2 11
59 199 9 3 181
59 276 4 1 4
60 384 4 2 11
61 396 4 1 4
62 489 7 2 28
63 335 7 3 125
64 89 9 1 11
64 91 7 2 31
64 501 8 1 4
65 267 10 1 4
65 386 6 1 4
65 409 7 2 29
66 376 2 2 7
68 132 1 2 4
68 209 10 1 4
68 221 5 2 14
68 290 9 1 7
68 363 6 1 4
68 432 9 3 83
68 474 2 3 13
69 72 10 1 4
69 89 2 6 8183
69 462 6 3 49
70 295 4 2 10
70 505 4 1 5
74 220 4 5 1091
74 411 9 3 146
75 330 3 5 432
75 392 7 1 5
77 337 9 1 10
77 340 4 1 4
78 209 4 2 14
78 267 2 3 19
79 262 9 1 5
80 86 3 2 7
80 368 5 1 4
82 84 10 4 667
82 464 5 2 11
83 407 1 7 29477
84 257 7 4 392
84 295 6 2 13
85 244 3 4 331
86 118 9 3 101
88 404 6 1 4
90 402 2 4 53
91 280 9 2 16
95 182 2 2 8
96 488 2 2 4
97 319 4 1 4
98 113 3 2 10
99 154 1 3 7
99 172 10 3 130
99 402 3 1 4
102 259 10 1 4
103 117 10 1 4
103 273 8 3 71
103 277 1 2 4
104 166 7 4 273
104 327 5 2 14
105 242 5 1 4
106 198 9 3 58
107 241 5 1 4
107 277 10 1 4
107 335 8 7 129353
107 350 1 6 1126
107 359 5 1 4
109 143 8 1 4
109 354 10 2 23
109 367 5 4 489
109 408 4 5 454
109 437 5 4 133
111 198 6 1 4
112 236 1 4 56
112 446 9 1 4
113 430 9 1 4
114 205 5 6 6561
114 327 2 5 405
115 193 7 2 26
117 314 9 1 4
118 260 1 5 179
118 285 2 2 4
118 390 3 2 8
119 293 2 5 1314
119 417 2 2 10
119 423 6 3 121
119 506 8 1 10
120 475 2 3 34
122 371 1 3 11
122 383 6 1 10
123 173 2 3 28
123 377 7 1 4
124 280 8 1 11
124 471 1 2 4
125 154 10 7 331760
125 445 2 2 4
125 507 10 1 4
126 251 1 5 573
126 277 1 5 295
126 466 9 1 5
128 355 10 1 4
128 385 8 6 28699
129 206 2 1 3
129 276 6 1 7
129 406 6 1 4
129 480 8 2 19
130 277 1 5 169
131 194 7 2 17
132 385 5 3 37
136 405 3 2 14
137 201 7 1 5
137 250 10 1 7
138 470 5 1 4
139 455 6 1 8
140 510 8 4 557
141 353 9 2 41
141 390 10 6 22934
142 322 4 7 126725
143 223 9 3 64
143 270 1 3 11
144 505 4 1 6
146 288 6 4 136
146 362 9 1 7
146 365 2 2 8
147 480 1 5 315
148 238 10 1 8
148 359 3 3 28
149 196 5 4 177
149 224 2 3 34
150 458 7 1 4
151 285 7 3 56
151 307 7 4 578
151 387 8 1 14
151 399 10 5 2693
151 463 8 1 11
152 433 10 1 10
153 200 5 1 4
153 257 3 4 68
153 409 3 6 6396
154 273 9 1 13
154 507 7 5 1512
155 412 1 5 164
156 160 8 1 7
156 400 2 10 53947419
157 385 2 2 7
159 331 3 2 7
159 353 8 1 7
159 451 2 5 291
161 423 8 1 7
162 273 1 2 4
163 293 4 1 4
164 241 7 1 7
168 209 5 4 375
171 319 4 2 8
172 480 1 4 49
173 266 3 8 404087
173 274 6 6 5355
174 352 10 1 4
175 272 1 2 4
176 393 3 1 4
176 462 9 1 4
177 250 4 1 4
178 254 4 2 20
178 409 10 4 351
178 486 5 5 634
179 223 1 3 10
179 255 2 3 19
180 346 1 3 20
180 421 10 1 4
180 448 1 3 10
186 237 2 6 1747
189 275 5 2 14
189 474 5 3 52
190 424 8 1 7
191 368 7 5 1435
191 401 10 1 7
196 439 6 3 56
197 230 6 1 4
198 267 5 1 4
198 353 3 2 7
198 478 3 10 15697982
200 210 4 2 10
200 342 1 3 7
200 448 6 1 5
201 238 2 2 7
202 254 3 2 7
202 442 5 1 7
204 245 3 4 112
204 472 8 1 4
206 410 9 2 41
206 436 8 1 4
208 303 2 2 4
208 506 4 2 8
209 223 9 1 4
209 492 6 7 137715
210 380 1 2 4
212 238 10 1 7
213 443 1 3 11
214 231 8 6 12491
215 393 7 6 13273
218 254 7 4 411
218 447 1 3 7
219 234 5 3 52
221 351 1 2 4
222 430 6 2 17
223 435 9 1 4
223 478 6 1 10
223 491 2 4 177
223 508 10 1 14
227 397 8 4 346
229 452 7 1 4
230 482 3 3 40
231 349 7 1 10
233 247 6 3 47
238 319 7 4 452
239 323 2 2 4
241 345 3 3 29
242 257 9 1 10
243 249 7 8 1013976
243 492 7 1 4
246 254 2 4 166
249 404 6 2 14
250 395 1 6 4183
252 502 2 4 79
253 296 8 1 5
253 500 1 2 4
256 476 6 1 7
258 478 8 1 4
259 373 6 1 10
260 316 9 1 4
260 327 6 3 37
262 487 10 1 4
264 339 9 2 19
265 281 6 1 7
266 294 1 3 7
267 475 10 1 4
269 336 6 1 7
270 335 2 2 5
270 395 3 2 7
271 489 8 1 4
272 320 4 1 3
275 280 8 5 2529
275 323 10 1 5
277 359 10 1 16
279 392 8 1 4
281 345 10 3 136
291 454 9 3 52
293 489 10 1 7
294 451 10 1 16
295 478 9 2 44
297 405 9 3 145
297 441 10 1 7
298 347 8 9 4488424
299 363 6 1 7
299 382 1 2 4
303 305 7 6 10036
303 376 9 2 16
305 416 10 2 35
306 481 6 1 4
307 394 8 5 1255
308 450 4 7 51429
309 400 3 2 14
311 432 6 2 29
312 313 2 2 4
312 466 4 5 958
313 451 6 1 4
313 463 9 1 4
314 499 4 1 5
317 318 3 6 13456
321 365 10 1 4
322 354 1 7 5066
325 422 3 1 4
326 446 6 1 7
332 368 6 1 4
336 444 1 8 121775
337 451 2 2 4
339 475 1 2 4
341 435 4 1 4
349 431 7 4 164
353 371 1 8 170063
354 457 4 1 7
355 428 2 9 4899075
355 464 5 4 226
357 421 7 1 4
358 432 5 1 4
358 447 5 1 4
361 510 9 1 4
362 493 6 5 2061
367 499 2 2 10
368 438 4 3 49
368 482 10 1 4
370 419 10 6 9258
372 477 7 3 91
373 436 7 5 840
374 489 10 1 17
379 434 1 2 4
380 462 1 9 940107
383 387 2 3 40
383 504 3 1 4
384 450 8 1 4
385 425 4 1 4
386 394 2 5 277
386 448 5 2 26
388 418 8 5 1629
388 472 10 7 82830
389 500 6 1 7
391 404 6 1 4
393 488 2 3 11
394 399 5 1 4
396 468 5 5 701
398 484 1 2 5
399 410 1 3 13
400 492 5 2 23
406 407 1 5 240
410 473 7 1 4
417 503 5 4 137
427 505 10 3 119
432 455 8 5 1324
438 501 3 4 94
444 468 9 2 47
447 485 7 1 4
450 475 3 1 4
453 479 3 3 26
455 479 1 2 4
458 490 2 5 1252
461 503 9 2 22
463 468 6 4 305
466 481 1 3 7
466 501 5 1 4
485 501 8 1 4
507 509 9 1 4
