330 0.009646818820631158 
362 0.009646818820631158 
545 0.009646818820631158 
1941 0.009646818820631158 
1264 0.009646818820631158 
1065 0.009646818820631158 
392 0.009659997474723828 
1644 0.009646818820631158 
56 0.009659997474723828 
1352 0.00967317613108396 
680 0.009646818820631158 
1767 0.009659997324177948 
1562 0.009646818820631158 
1654 0.009620462322434466 
395 0.009646818820631158 
1752 0.009646818820631158 
21 0.009646818820631158 
856 0.009646818820631158 
711 0.009646818820631158 
782 0.009646818820631158 
1251 0.009646818820631158 
1867 0.009646818820631158 
1984 0.009646818820631158 
644 0.009659997474723828 
1541 0.009659997474723828 
433 0.009712712113383455 
1605 0.009646818820631158 
732 0.009646818820631158 
569 0.009646818820631158 
1334 0.009646818820631158 
1550 0.009646818820631158 
1174 0.009646818820631158 
1249 0.009646818820631158 
1359 0.009659997474723828 
1740 0.009646818820631158 
1074 0.009646818820631158 
967 0.009646818820631158 
1428 0.009646818820631158 
1344 0.009646818820631158 
699 0.009646818820631158 
1163 0.009646818820631158 
626 0.009646818820631158 
1576 0.009646818820631158 
980 0.009646818820631158 
917 0.009646818820631158 
1741 0.009646818820631158 
962 0.00962046135167549 
710 0.009646818820631158 
937 0.009659997474723828 
1205 0.009646818820631158 
1783 0.009646818820631158 
1719 0.00962046135167549 
190 0.009646818820631158 
137 0.009646818820631158 
1172 0.009646818820631158 
1646 0.009646818820631158 
1347 0.009739069576885325 
1484 0.009646818820631158 
336 0.009646818820631158 
521 0.009646818820631158 
719 0.009646818820631158 
1908 0.00964681839487232 
432 0.009646818820631158 
103 0.00967317613108396 
1614 0.009646818820631158 
540 0.009646818820631158 
584 0.00967317613108396 
1728 0.009646818820631158 
461 0.00967317613108396 
252 0.009646818820631158 
1670 0.009646818820631158 
1852 0.009646818820631158 
1286 0.009646818820631158 
635 0.009646818820631158 
1773 0.009646818820631158 
749 0.009646818820631158 
1190 0.009646818820631158 
101 0.009646818820631158 
1310 0.009646818820631158 
669 0.009646818820631158 
565 0.009804962592550624 
18 0.009646818820631158 
988 0.009659997474723828 
1897 0.009646818820631158 
1874 0.009659997474723828 
1384 0.009646818820631158 
1552 0.00967317613108396 
20 0.009646818820631158 
1655 0.009646818820631158 
242 0.009646818820631158 
1500 0.009646818820631158 
1512 0.009646818820631158 
1275 0.009646818820631158 
860 0.009646818820631158 
1606 0.009739069576885325 
1903 0.009646818820631158 
365 0.009646818820631158 
1350 0.009646818820631158 
1777 0.009646818820631158 
1859 0.009646818820631158 
