0 4 1 2 4
0 8 5 1 7
0 9 8 1 7
0 18 1 3 13
0 29 10 2 18
0 47 9 5 5239
0 112 7 2 16
0 135 8 1 7
0 150 10 2 41
0 156 9 1 4
0 166 8 5 2252
0 215 8 6 21729
0 256 10 3 183
0 259 4 8 267477
0 265 8 1 7
0 274 2 2 4
0 321 4 4 198
0 352 6 5 928
0 415 9 1 12
0 618 2 2 7
0 646 2 5 279
0 670 3 1 4
0 674 8 2 29
0 679 4 8 490175
0 704 4 3 50
0 902 3 4 216
0 917 3 7 26486
0 936 5 1 4
1 7 10 2 40
1 15 4 4 109
1 30 8 1 4
1 228 5 2 10
1 292 6 4 581
1 357 9 1 5
1 481 2 2 4
1 535 3 4 149
1 644 3 3 35
1 705 8 1 7
1 768 2 2 4
1 825 10 2 42
1 920 9 7 44539
2 3 1 6 2304
2 8 10 8 769992
2 48 5 1 4
2 132 4 4 94
2 167 1 6 2481
2 260 9 4 248
2 267 5 4 244
2 523 2 2 4
3 24 1 4 94
3 131 9 3 126
3 272 10 5 5822
3 277 6 1 4
3 592 10 1 10
3 652 6 1 8
4 0 8 4 630
4 4 7 4 480
4 15 3 5 1949
4 24 3 3 58
4 60 10 1 7
4 248 9 1 7
4 293 2 2 5
4 368 4 3 65
4 517 2 5 802
4 576 7 1 4
4 774 10 4 872
4 803 5 5 3398
5 18 1 3 16
5 216 2 2 7
6 148 8 4 286
6 212 6 7 123038
6 259 8 1 7
6 267 2 2 4
6 268 2 2 4
6 466 6 2 20
6 512 1 3 13
6 798 3 3 18
7 81 3 1 4
7 110 4 5 1449
7 237 8 2 21
7 715 9 1 10
8 19 7 1 7
8 32 5 5 3191
8 42 7 1 4
8 58 2 4 153
8 202 2 5 908
8 272 1 2 4
8 273 9 1 4
8 386 4 3 45
8 393 6 1 4
8 486 6 5 4009
8 642 4 6 15130
8 656 5 2 12
8 735 7 3 58
8 850 10 1 10
8 902 4 2 16
9 39 9 6 11846
9 43 9 1 11
9 416 4 1 4
9 526 6 7 40726
9 572 6 3 77
9 823 10 1 4
9 907 4 3 51
10 13 9 4 479
10 40 8 1 7
10 75 6 1 4
10 84 3 8 533401
10 160 7 2 21
10 176 9 1 4
10 208 4 2 10
10 518 1 3 8
10 523 3 1 4
10 584 10 1 4
10 599 9 2 44
10 680 1 2 4
10 778 7 5 1864
11 204 2 5 461
11 586 10 5 3396
11 752 2 3 13
12 0 8 4 424
12 24 5 2 16
12 65 6 2 17
12 116 7 4 170
12 128 10 6 35753
12 269 4 1 7
12 366 1 5 273
12 634 10 2 34
12 781 10 1 10
13 66 6 1 4
13 192 2 3 16
13 224 2 2 8
13 320 6 2 21
14 127 8 1 4
14 152 6 1 7
14 210 6 8 916072
14 321 2 2 4
14 376 5 3 38
15 352 2 2 10
15 485 10 6 27755
15 659 2 2 4
15 854 10 1 4
16 9 10 1 7
16 24 9 3 89
16 64 9 1 13
16 96 8 5 1854
16 132 1 2 4
16 148 1 6 2629
16 516 7 1 10
16 806 4 3 61
17 129 10 1 4
17 258 8 1 7
18 51 5 1 4
18 203 9 1 4
18 290 6 2 21
18 641 6 7 108995
19 7 9 1 11
19 24 5 1 7
20 1 9 1 7
20 28 8 3 151
20 36 8 3 111
20 69 9 4 493
20 176 10 3 59
20 323 3 1 4
20 786 6 1 4
21 116 10 7 302678
21 258 4 5 1296
21 308 10 1 9
22 24 9 4 409
22 97 6 3 45
22 133 8 4 529
22 320 7 2 35
22 565 5 4 210
23 328 6 5 1033
23 770 1 5 203
23 886 2 2 7
24 9 2 3 11
24 533 8 2 21
24 781 3 2 7
24 786 9 2 35
24 848 8 2 26
24 944 9 7 169437
25 592 10 3 72
26 20 3 2 7
26 22 10 2 29
26 109 6 4 182
26 801 10 1 4
27 210 6 1 7
27 549 10 1 4
28 42 4 1 4
28 72 1 4 46
28 146 8 3 61
28 192 5 5 604
29 1 7 1 4
29 327 3 2 13
29 809 1 3 13
30 52 7 5 2947
30 129 1 4 113
30 588 5 2 19
31 77 2 5 288
31 561 5 1 7
32 16 5 1 7
32 33 1 3 8
32 42 2 5 233
32 72 8 1 4
32 204 1 2 4
32 211 5 5 2098
32 219 9 1 4
32 276 6 3 33
32 388 3 2 7
32 414 4 2 13
32 612 9 6 11368
32 641 3 4 100
32 721 3 4 179
32 759 4 2 10
32 803 2 3 17
32 960 6 1 4
33 2 9 1 9
33 3 10 2 48
33 26 5 3 59
33 31 8 6 28424
33 64 10 1 7
33 276 3 2 7
33 277 2 2 10
33 320 4 2 13
33 785 1 4 73
33 898 9 2 21
33 945 10 4 445
34 144 4 3 24
34 324 5 1 4
34 561 7 3 119
34 663 5 1 5
34 720 9 3 67
34 800 3 4 317
35 65 6 3 93
35 266 5 2 10
35 551 1 2 4
35 689 1 4 64
36 12 5 2 10
36 34 3 2 10
36 48 10 3 167
36 257 5 6 13457
36 288 9 2 16
36 320 2 4 179
36 448 5 1 4
36 555 1 3 7
36 705 3 5 958
36 858 10 1 12
37 2 5 2 17
37 13 9 6 37468
37 364 5 2 10
37 520 6 2 19
37 594 10 1 4
37 640 9 1 4
37 673 9 2 22
38 180 3 8 324583
38 204 9 1 4
38 544 7 1 4
39 3 5 6 12150
39 520 5 2 22
39 982 5 2 16
40 9 6 1 10
40 20 8 5 1443
40 39 3 1 4
40 65 9 1 4
40 512 5 2 12
40 528 8 1 4
40 605 8 5 2306
40 645 3 4 224
40 756 3 1 5
40 840 6 1 7
40 980 8 1 4
41 96 2 3 13
41 263 7 2 21
41 276 7 3 98
41 321 4 4 374
42 42 10 2 21
42 140 4 1 7
42 329 7 2 21
42 411 7 5 795
42 778 8 2 40
42 839 4 1 7
43 1 4 1 7
44 10 4 3 24
44 430 1 5 138
44 524 8 1 11
44 794 4 4 224
45 23 3 3 23
45 50 7 1 10
45 74 10 5 2295
45 266 7 1 5
45 615 2 4 66
45 808 1 2 4
45 844 9 4 519
46 57 6 10 596566841
47 1022 10 1 4
48 67 9 1 4
48 168 7 2 27
48 176 9 1 4
48 193 2 2 7
48 198 4 5 2034
48 226 8 3 54
48 646 3 4 75
48 708 1 10 13926967
48 789 4 3 79
48 932 7 6 6840
49 4 4 5 2690
49 17 10 1 8
49 310 1 3 7
49 313 7 1 4
49 516 9 1 4
50 9 3 1 4
51 70 6 1 7
51 377 10 3 73
51 516 1 7 12997
52 256 4 1 7
52 285 8 9 24615336
52 390 3 3 42
52 899 7 1 4
53 146 8 1 10
53 245 1 2 4
54 718 3 8 146397
55 278 10 8 485470
56 89 1 2 4
56 472 4 3 55
56 544 3 5 545
56 560 9 1 7
57 5 9 1 13
57 33 10 4 1006
57 128 1 6 1539
58 113 7 1 4
59 58 7 1 4
59 453 8 1 8
59 583 4 2 16
60 3 2 3 14
60 5 4 5 494
60 112 9 3 98
60 948 3 1 4
61 644 1 3 7
61 648 9 1 4
62 521 2 3 15
62 612 9 1 10
64 1 2 7 19939
64 26 10 1 4
64 192 4 3 26
64 194 2 2 7
64 203 1 4 34
64 272 5 4 161
64 370 7 7 48550
64 465 1 3 15
64 481 8 1 11
64 514 1 6 1878
64 756 2 3 18
64 771 7 7 65999
64 780 1 2 4
64 790 4 5 490
65 25 6 4 484
65 61 3 2 10
65 104 8 9 9127335
65 118 10 1 7
65 218 9 3 173
65 241 5 1 4
65 421 9 1 15
65 515 6 1 4
65 571 4 5 840
65 614 4 2 19
66 140 1 2 4
67 16 4 1 7
67 20 4 3 36
67 37 4 3 72
67 73 10 1 9
67 453 3 5 393
67 482 1 4 36
67 840 4 7 32882
68 153 6 1 10
68 192 4 1 4
68 226 4 1 7
68 284 6 1 4
68 322 9 2 31
69 138 1 6 990
69 529 8 1 8
69 572 2 7 31982
69 768 2 6 2807
70 109 9 6 19040
70 212 4 2 8
70 642 10 2 42
70 646 5 4 334
70 648 10 1 15
70 672 1 4 79
71 1 1 4 24
71 264 6 1 4
71 409 1 2 4
71 700 1 3 15
72 8 8 1 7
72 37 6 1 4
72 65 8 3 63
72 280 6 1 4
72 437 3 9 6000255
72 533 1 3 15
72 961 6 1 4
73 39 3 3 48
73 640 9 5 2394
73 870 10 2 51
73 999 5 2 10
74 512 4 3 39
74 548 6 2 20
74 600 6 6 12198
74 768 9 4 588
74 1012 4 6 3842
75 259 7 4 224
75 576 1 8 132057
76 76 7 6 6641
76 84 5 1 5
76 133 1 9 377718
76 262 4 1 5
76 586 7 1 10
76 855 5 3 74
77 256 9 4 239
77 267 8 7 43206
77 450 9 5 1028
78 288 4 4 198
78 517 2 4 48
78 784 5 2 13
78 919 3 2 13
79 386 5 1 4
80 0 8 6 15895
80 82 9 2 24
80 132 9 1 10
80 211 4 2 12
80 528 9 1 10
80 677 1 4 64
81 807 8 1 4
82 280 2 4 137
82 283 7 1 8
83 115 3 5 1289
83 124 8 1 10
83 304 8 5 2172
83 784 6 5 1566
84 64 10 3 90
84 74 2 4 146
84 216 7 1 7
84 490 9 1 7
85 31 3 6 4972
85 65 4 4 337
86 234 5 4 183
86 524 3 4 255
87 353 8 1 7
87 512 10 6 21786
87 515 9 5 2103
88 782 2 7 51404
89 2 10 3 90
89 4 5 8 962916
89 76 4 6 11146
90 20 9 1 7
90 274 2 4 67
90 843 7 1 10
90 977 3 6 5440
90 988 2 5 429
91 154 10 2 20
91 951 9 2 18
92 38 6 1 10
93 669 5 3 69
95 20 9 5 2407
95 34 6 2 12
96 32 8 2 23
96 80 1 3 7
96 103 6 1 4
96 148 2 5 845
96 208 5 3 43
96 276 3 4 334
96 304 6 1 4
96 321 7 2 25
96 356 5 4 112
96 547 7 1 10
96 820 9 3 50
97 18 8 1 8
97 48 4 4 263
97 130 3 4 292
97 144 9 5 2086
97 167 3 2 7
97 286 5 3 42
97 473 4 2 10
97 525 5 1 5
98 14 6 1 5
98 352 10 4 396
98 401 2 2 4
98 671 9 1 15
99 134 9 1 4
99 249 8 1 4
100 128 6 9 8881775
100 294 7 1 5
100 752 10 3 58
100 901 2 5 466
101 70 5 6 6397
101 124 5 1 4
101 161 9 1 4
101 169 6 8 339506
101 392 6 1 5
101 599 7 2 36
102 6 5 2 15
102 78 4 1 4
102 166 10 3 113
103 704 4 2 15
104 26 3 9 3184376
104 48 2 3 16
104 64 2 4 123
104 132 5 5 3057
104 512 5 1 4
105 3 10 3 76
105 779 8 1 8
106 516 2 2 7
106 652 7 2 13
107 3 3 1 4
107 129 10 1 8
108 514 6 1 4
108 825 3 7 78782
111 12 8 1 4
112 0 9 2 20
112 1 10 2 18
112 3 6 3 63
112 28 5 2 10
112 165 3 3 19
112 776 6 9 5965622
114 416 6 1 7
114 452 3 5 671
114 497 10 1 4
114 872 9 1 7
116 33 8 4 693
117 106 2 6 6635
117 803 3 4 83
118 565 3 2 13
119 836 6 1 4
120 0 9 2 24
120 76 9 3 193
121 536 5 1 4
122 80 6 2 13
122 185 1 5 556
122 294 8 2 18
123 600 10 2 47
124 304 5 6 3558
124 348 7 5 4735
125 268 3 3 52
128 1 3 1 4
128 10 1 4 28
128 134 1 3 18
128 208 7 2 16
128 320 7 5 1187
128 362 4 1 4
128 375 8 4 183
128 376 1 2 4
128 453 5 3 107
128 770 4 5 454
128 806 4 1 7
129 0 8 1 4
129 10 6 6 10853
129 37 6 4 431
129 39 9 5 5430
129 88 4 2 15
129 163 2 2 10
129 584 3 2 15
129 707 10 4 255
130 272 2 4 59
130 273 2 2 5
130 368 8 1 7
130 520 9 1 10
130 528 1 2 4
130 532 6 2 13
130 540 7 1 4
130 675 4 1 4
130 772 2 2 4
131 581 10 1 4
132 6 7 1 4
132 17 8 1 7
132 94 1 10 4654047
132 137 5 1 4
132 372 10 1 7
132 516 1 5 277
132 713 2 3 23
132 957 1 2 5
133 23 1 2 5
133 138 2 2 5
133 614 4 2 10
134 67 10 4 437
134 84 1 3 11
134 208 4 4 151
134 224 10 1 4
134 377 8 2 26
134 516 2 3 18
134 768 1 3 7
135 258 2 3 15
135 544 10 8 434623
136 39 7 2 23
136 81 1 2 4
136 160 8 5 1433
136 610 9 1 7
136 657 5 5 1688
136 684 3 1 4
136 831 7 1 4
137 148 6 3 32
137 256 4 1 7
137 678 10 1 4
138 266 6 1 4
138 590 8 2 15
139 87 9 3 191
140 72 1 3 7
140 135 2 2 7
140 143 2 4 60
140 168 1 6 1113
140 464 5 2 21
140 724 6 4 347
140 776 4 1 5
141 2 7 2 18
141 521 6 1 4
141 954 1 2 4
142 641 1 3 7
143 144 8 1 4
143 187 8 1 4
143 286 4 4 194
143 642 5 1 7
144 248 10 1 4
144 257 1 6 4862
144 433 4 4 439
144 520 8 2 29
144 800 6 2 23
145 1 5 1 4
145 2 8 6 28301
145 67 1 5 196
145 184 9 1 4
145 216 9 1 4
145 273 4 4 171
145 513 1 2 4
145 576 1 8 137417
146 396 4 3 44
146 910 3 3 21
147 513 6 1 4
147 522 4 2 12
148 1 1 2 4
148 24 9 1 4
148 130 7 3 55
148 139 5 3 81
148 146 1 4 49
148 278 7 5 2703
148 464 5 4 185
148 515 3 3 51
148 912 10 6 46419
149 20 10 3 61
149 633 2 6 3606
149 649 10 6 17905
150 141 4 5 1752
151 132 1 3 7
151 207 2 3 34
151 250 6 2 11
153 151 4 1 4
153 171 7 3 43
153 592 10 5 3035
153 598 3 1 4
153 961 3 2 10
156 54 1 2 4
156 133 6 3 38
156 521 10 1 13
156 814 1 4 27
157 404 1 3 8
158 104 6 2 18
159 526 4 3 27
160 34 10 1 7
160 144 7 1 5
160 452 9 3 130
160 644 9 3 62
160 801 9 1 4
161 21 6 1 7
161 40 10 1 7
161 326 7 1 4
161 376 8 2 41
161 524 3 5 1147
161 576 10 3 112
161 717 7 3 45
161 898 3 4 71
162 517 9 1 4
163 361 3 3 27
163 601 5 2 19
164 34 3 2 15
164 38 4 1 4
164 87 3 2 15
164 217 9 1 7
164 264 8 2 34
164 280 1 2 4
164 329 7 1 4
165 141 5 4 176
165 397 1 4 34
166 686 8 7 49685
167 289 1 4 26
167 384 1 7 18076
167 456 4 2 17
167 712 5 1 4
168 67 3 1 4
168 68 4 3 25
168 98 4 4 90
168 480 7 1 7
169 72 1 3 7
169 351 3 3 29
169 514 6 7 34087
171 810 7 3 139
172 32 6 4 434
172 664 7 1 7
173 261 2 2 4
174 493 3 5 611
174 582 9 2 18
176 137 1 8 42167
176 270 4 4 97
176 273 5 2 12
176 824 7 4 705
176 864 5 3 74
176 916 5 1 7
177 128 4 1 4
177 280 6 2 12
177 560 8 1 7
177 611 1 3 15
177 744 10 4 417
178 100 7 2 32
178 144 6 1 9
178 580 1 3 13
178 797 8 1 7
179 429 7 3 66
180 152 8 1 4
180 600 3 5 1703
180 973 9 1 4
181 331 5 5 640
181 768 6 3 35
182 300 10 5 1982
182 672 1 4 35
182 728 2 3 18
184 141 1 4 70
184 664 1 2 4
185 5 3 4 137
185 42 2 8 99367
186 272 10 1 5
186 582 6 1 4
187 800 4 5 693
188 4 6 2 31
188 199 8 3 120
192 43 1 4 102
192 52 2 4 61
192 72 10 1 8
192 388 1 3 13
192 392 10 5 2497
192 536 3 3 41
192 713 5 1 4
192 898 4 3 39
192 904 7 1 4
192 999 3 6 6460
193 8 4 1 4
193 120 9 1 7
193 131 4 3 70
193 375 2 3 15
193 422 2 4 131
193 718 1 3 19
193 775 6 6 11599
194 321 8 5 1303
194 592 1 4 29
194 677 2 2 4
196 81 6 3 37
196 286 4 1 4
196 377 3 4 281
197 61 1 2 4
197 297 2 8 97516
197 611 10 5 1395
197 769 4 2 8
198 3 9 1 5
198 196 4 6 16213
198 812 2 6 4757
200 146 1 2 4
200 445 8 1 7
200 577 8 1 7
200 924 8 1 7
201 39 1 4 23
202 11 8 5 1059
203 654 5 5 1451
204 6 2 2 4
204 520 4 5 507
205 457 4 1 4
206 80 7 4 167
208 14 3 4 82
208 88 1 2 5
208 534 4 1 4
209 513 1 3 16
209 564 3 2 7
210 1 5 1 4
210 882 9 3 125
211 4 10 1 8
212 34 8 3 149
212 69 9 5 3556
212 112 10 1 4
212 262 1 7 5801
212 285 3 5 549
212 673 8 2 29
213 64 4 2 10
214 585 3 2 10
216 138 3 3 20
216 792 3 3 16
217 923 4 1 4
218 86 10 4 845
219 389 4 4 253
220 176 4 7 25329
220 658 1 2 5
222 532 9 8 730166
222 852 7 2 21
225 257 8 5 2090
225 948 1 3 11
226 157 2 4 87
227 336 3 4 201
227 592 2 3 12
228 32 5 1 7
230 9 10 1 13
231 261 3 3 29
231 290 6 4 169
232 5 7 2 19
232 65 10 1 4
232 80 6 1 4
232 130 8 1 13
232 480 7 5 1045
233 212 1 3 11
233 912 3 2 12
233 973 7 1 10
234 848 1 9 1652764
234 917 9 1 7
235 645 9 8 532416
237 91 4 1 4
238 620 4 4 285
238 642 9 1 15
239 370 8 6 25755
239 560 8 3 70
240 66 10 2 52
240 799 6 1 4
240 914 5 4 379
241 206 4 2 9
242 156 9 4 269
244 33 4 1 5
244 356 5 6 4642
244 932 7 1 7
246 64 3 3 59
247 626 2 4 45
248 0 2 2 10
248 290 2 3 13
248 557 6 7 35420
248 902 7 2 21
250 46 8 1 4
256 1 6 4 210
256 4 4 2 10
256 5 9 1 4
256 68 1 3 15
256 69 3 1 4
256 97 4 6 7558
256 160 4 8 294706
256 212 5 3 32
256 243 8 4 217
256 262 10 4 1002
256 312 9 4 241
256 416 10 1 13
256 512 10 1 4
256 522 1 7 16376
256 616 9 1 7
256 705 3 5 363
256 764 5 3 66
256 772 2 2 4
256 804 9 5 3812
256 904 7 2 13
256 963 8 2 38
256 992 4 1 4
257 0 2 4 95
257 272 3 4 80
257 680 8 1 3
257 806 7 1 10
257 945 1 5 206
258 24 9 6 28762
258 34 6 1 4
258 138 6 2 12
258 265 3 4 220
258 673 10 4 545
258 810 2 6 1878
258 880 1 7 19261
259 7 7 2 29
259 100 9 4 370
259 226 5 6 7351
259 268 8 2 26
259 532 2 3 28
260 131 3 2 10
260 256 9 9 4291765
260 522 5 2 14
260 678 5 2 13
260 978 1 4 58
261 8 4 2 13
261 67 3 2 7
261 356 4 1 7
261 672 6 7 39543
261 995 7 5 3498
262 32 1 2 5
262 134 10 4 302
262 193 2 4 65
262 256 9 2 38
262 906 7 3 54
262 1013 10 1 4
264 1 3 4 145
264 4 9 4 509
264 296 10 1 4
264 320 1 3 16
265 339 3 2 7
265 632 8 1 4
266 56 3 2 15
266 272 3 2 8
266 326 4 3 48
266 336 9 4 936
266 504 6 1 4
267 523 2 3 41
267 581 3 1 4
268 12 8 4 566
268 177 9 1 4
268 192 3 7 18066
268 512 8 6 12915
268 524 6 4 296
268 577 2 2 5
269 444 2 5 1080
269 640 3 2 7
270 73 7 1 5
270 532 2 5 355
270 642 8 2 15
272 208 8 5 2672
272 225 8 2 34
272 234 10 5 5312
272 259 1 2 4
272 280 8 7 71776
272 378 10 1 4
272 520 3 3 19
272 554 2 2 10
272 640 8 3 71
272 684 2 4 68
272 899 2 6 3041
273 47 2 6 9076
273 581 1 5 587
273 809 9 5 1740
275 4 2 2 4
275 16 9 1 13
275 116 6 7 41307
275 485 5 7 27650
275 512 6 1 5
276 288 8 1 4
276 392 1 5 173
276 394 10 7 340486
276 538 8 1 5
276 628 8 4 595
276 661 9 1 4
277 8 1 3 7
277 128 3 3 29
278 258 10 4 619
279 901 8 2 24
280 36 8 1 5
280 82 4 7 28290
280 600 2 3 16
280 674 7 10 25935047
281 101 4 2 12
282 136 9 1 13
282 576 2 2 4
282 717 3 4 201
282 787 10 1 12
284 835 7 4 202
285 104 4 3 27
286 624 6 4 310
286 832 5 1 5
287 448 5 1 4
288 47 9 1 7
288 50 5 3 59
288 132 8 2 21
288 292 4 4 173
288 341 2 2 4
288 545 7 4 401
288 776 8 2 23
289 36 1 4 27
289 156 8 1 13
289 345 10 1 4
289 753 9 1 8
289 788 6 1 7
290 0 1 3 13
290 258 7 2 15
290 328 5 2 13
291 32 8 1 10
291 768 3 3 36
291 967 8 2 27
292 7 3 3 57
292 19 1 2 4
292 162 4 1 4
292 593 1 4 32
293 256 1 3 12
293 960 5 2 10
294 27 3 10 13761279
294 742 8 1 7
294 864 3 5 473
296 131 2 3 11
296 231 10 1 15
296 260 8 1 4
296 336 8 1 4
296 409 4 2 11
296 516 3 3 26
297 167 1 4 32
297 325 9 2 16
297 389 8 4 320
297 544 1 5 119
297 742 2 3 22
298 75 2 4 45
298 800 4 1 4
299 78 6 6 4496
300 29 10 4 1109
300 140 6 5 3795
301 274 5 1 4
301 777 2 2 4
304 42 9 1 10
304 63 9 1 4
304 106 5 1 7
304 212 5 1 4
304 292 4 5 2381
305 11 6 2 12
305 34 5 2 16
305 163 6 6 7080
305 576 1 2 4
306 36 2 4 46
306 550 7 8 391127
306 918 5 4 429
307 514 5 8 926834
308 583 8 1 4
308 640 5 5 1785
308 692 2 2 4
308 832 9 1 15
308 848 5 6 23920
309 77 2 9 2075030
309 774 6 1 9
310 44 7 5 907
310 936 10 1 7
312 514 5 5 1260
314 109 4 4 125
314 156 6 3 39
314 376 10 1 8
314 518 1 4 41
318 914 10 1 13
320 29 3 1 4
320 315 3 3 24
320 468 4 6 2803
320 641 5 2 13
320 720 4 1 4
321 4 6 1 7
321 768 9 1 4
321 834 1 3 7
321 1008 6 3 119
322 0 6 7 40514
322 196 6 2 17
322 272 5 1 4
322 416 3 3 43
322 899 3 2 8
322 902 4 1 4
323 360 5 1 4
323 515 9 1 4
324 16 9 6 37827
324 106 8 4 448
324 179 6 1 5
324 200 1 2 4
324 513 6 1 4
324 530 6 1 4
325 74 1 7 5474
325 614 5 1 7
325 720 8 3 71
326 16 1 3 7
326 32 8 1 12
326 116 5 3 43
326 280 2 2 10
326 443 5 2 10
327 698 8 1 7
328 853 1 2 4
329 35 6 1 4
329 836 1 2 4
330 8 9 2 21
330 204 3 2 8
331 512 1 6 2273
332 456 4 1 4
332 643 4 2 18
334 265 4 2 13
334 288 8 1 4
335 83 8 1 4
335 391 10 2 27
336 18 10 7 116189
336 100 6 1 7
336 576 1 4 25
337 352 9 6 7834
337 768 5 5 808
337 833 2 2 7
338 33 6 6 7584
338 160 9 2 33
338 169 5 3 74
340 0 4 1 4
340 106 7 1 7
340 704 7 4 243
341 576 9 6 13678
342 168 9 1 4
342 272 5 1 6
343 475 8 7 59895
344 188 5 2 10
344 676 6 2 15
345 728 1 4 24
345 992 1 2 4
346 11 5 9 2284564
346 89 9 2 35
347 11 10 4 382
347 296 3 2 7
347 313 5 2 18
348 128 2 4 111
348 395 5 1 4
349 12 8 2 16
352 409 8 1 4
352 514 3 1 4
352 680 5 3 44
352 860 6 4 138
353 684 5 1 4
354 25 4 2 19
354 30 9 5 5124
354 836 2 2 9
355 134 4 2 13
355 634 3 1 4
356 800 10 2 20
357 641 10 1 7
357 690 10 2 20
358 3 4 1 4
358 168 6 1 4
360 555 1 7 7846
360 732 1 8 51813
360 784 3 7 46065
360 810 5 2 20
361 266 9 1 12
361 316 8 1 7
363 162 9 5 2993
363 424 7 1 9
364 740 2 6 1800
366 657 4 3 36
368 49 2 2 7
368 738 5 1 4
368 925 7 5 4749
371 112 8 2 29
371 705 4 4 131
371 772 7 1 4
372 352 4 1 4
375 77 9 3 52
376 193 9 1 7
379 333 9 1 4
380 339 3 10 634961457
381 531 4 1 4
382 562 4 1 7
384 6 7 4 169
384 312 10 2 23
384 332 9 1 4
384 423 2 2 4
384 457 6 1 4
384 531 7 4 364
384 571 9 4 271
384 692 4 1 4
384 841 5 2 18
384 962 10 1 7
385 2 4 7 72715
385 75 10 3 56
385 213 10 3 110
385 214 8 6 13810
385 513 8 7 41485
385 563 3 2 11
386 64 2 3 20
386 158 8 5 2196
386 160 10 1 4
386 206 8 5 1011
386 275 9 6 8620
386 681 7 5 3567
386 849 8 2 15
386 912 4 1 4
387 147 2 3 12
387 297 8 3 152
388 332 4 7 57822
389 596 4 2 13
390 566 3 7 21428
391 461 2 2 4
391 800 8 6 5853
392 38 7 6 15968
392 336 6 3 42
392 553 5 3 32
392 674 2 3 17
393 461 1 2 4
393 577 4 1 4
394 590 3 4 138
395 4 7 5 1021
395 558 2 4 53
395 647 1 6 757
396 454 8 6 5858
396 777 9 3 50
396 915 5 3 42
396 960 5 1 7
397 132 5 3 99
397 305 8 8 527469
397 518 1 3 7
398 943 7 4 172
399 9 5 5 1331
400 10 2 5 593
400 144 8 1 5
400 712 7 1 4
401 16 2 3 18
401 58 2 2 7
401 277 9 1 4
401 673 10 1 4
401 932 7 1 4
402 68 1 3 10
402 80 5 2 10
402 769 4 1 7
403 20 6 2 27
404 209 10 1 7
404 298 5 2 16
405 160 7 4 508
406 677 10 1 7
406 928 9 4 440
407 591 6 1 4
408 66 7 3 50
408 405 2 2 4
408 576 7 1 7
409 66 2 2 7
409 105 10 3 71
409 888 2 3 12
410 520 1 3 18
411 20 7 4 341
413 640 10 1 4
414 932 4 5 1193
415 101 3 3 53
416 52 5 3 66
416 292 5 1 7
416 531 7 3 38
416 832 2 2 7
417 577 7 1 12
418 16 8 1 4
419 7 2 3 35
419 62 1 3 8
419 844 2 2 7
420 288 10 1 4
420 538 6 1 4
420 545 9 6 16351
421 400 5 1 4
422 736 5 1 7
423 384 5 9 12860623
423 651 7 9 6509988
424 481 1 3 7
425 161 9 1 4
425 746 1 7 9246
425 776 3 2 13
426 644 9 4 373
427 580 10 3 130
428 32 4 4 438
428 194 8 6 11242
428 620 9 4 238
428 880 5 5 755
430 8 4 2 20
433 24 3 4 70
433 197 8 1 12
433 398 7 5 1000
436 597 9 2 26
436 641 6 2 11
437 2 3 5 2010
441 21 3 2 10
442 146 5 5 1524
442 691 5 2 9
444 769 9 5 1049
448 92 9 3 52
448 655 1 4 61
449 321 3 2 7
452 48 1 5 229
452 136 4 1 4
452 205 4 1 4
452 488 8 1 4
452 512 3 8 947379
452 513 6 7 56524
453 368 4 1 5
453 661 8 3 161
454 9 3 4 82
454 437 7 1 4
454 782 2 2 4
455 640 3 8 524263
456 105 8 3 63
456 367 7 4 778
458 101 4 1 7
458 743 7 1 10
460 462 7 2 19
460 566 4 4 394
461 625 6 2 21
461 901 4 4 158
462 516 2 5 1051
462 641 3 8 236887
463 916 1 4 91
464 265 2 7 21663
464 928 9 1 10
465 531 4 6 17087
465 761 8 2 41
467 211 1 8 77058
469 425 4 2 13
470 713 1 2 4
472 226 10 4 422
472 256 9 2 29
472 801 1 2 4
473 6 1 3 7
473 600 8 1 4
473 800 6 1 4
480 0 2 3 26
480 665 1 3 7
480 731 9 1 7
480 928 2 8 159038
481 288 9 1 8
481 416 4 2 8
482 64 6 1 10
482 208 3 3 22
482 285 5 3 59
483 276 5 2 15
483 555 7 1 10
484 841 3 1 4
488 269 1 4 47
488 565 2 4 54
489 64 2 2 4
491 112 3 1 4
496 433 4 5 1273
496 978 5 1 4
501 519 7 1 4
504 267 7 1 10
505 332 7 8 1120765
506 706 5 7 32491
512 1 9 1 7
512 5 5 2 10
512 36 8 1 7
512 52 7 5 1400
512 65 7 4 196
512 96 9 1 4
512 153 6 5 1140
512 173 7 1 10
512 266 8 1 7
512 420 8 2 18
512 438 8 5 1137
512 453 3 2 7
512 482 1 8 239095
512 685 1 3 16
512 936 5 6 14236
513 5 9 6 14466
513 42 9 1 13
513 47 6 1 4
513 65 2 3 20
513 100 3 1 4
513 112 10 1 4
513 304 1 5 119
513 315 2 2 4
513 340 2 2 4
513 548 4 1 4
513 640 2 4 188
513 644 2 2 4
514 4 10 1 7
514 11 10 2 45
514 36 6 1 8
514 452 5 3 86
514 522 3 3 16
514 572 3 7 17823
515 93 8 2 32
515 157 8 2 21
515 273 3 3 24
515 598 5 1 4
516 33 5 3 40
516 69 7 1 7
516 72 6 4 203
516 169 8 4 907
516 357 1 3 18
516 385 4 2 15
516 442 10 7 68530
516 555 5 1 4
516 582 7 1 7
516 605 10 1 10
516 779 3 1 4
517 0 7 5 1286
517 3 8 3 167
517 8 3 3 17
517 34 4 4 298
517 177 2 4 84
517 233 4 4 384
517 525 2 3 12
517 534 7 1 7
517 672 2 2 7
517 676 8 3 48
518 0 6 1 10
518 41 9 1 7
518 66 3 2 7
519 944 4 2 17
519 967 8 3 57
520 9 1 2 4
520 94 7 1 4
520 164 4 2 21
520 328 2 4 139
520 436 4 5 870
520 785 5 3 65
520 812 7 4 388
521 81 1 4 49
521 131 6 4 231
521 450 6 4 469
521 554 9 1 7
521 560 9 6 22803
521 609 7 7 89557
522 1 2 3 19
522 121 5 1 4
522 549 5 1 7
522 652 2 3 30
524 173 9 6 10240
524 520 7 1 4
525 134 4 4 133
525 820 8 3 51
526 548 8 1 7
526 776 4 6 4463
527 36 3 7 32242
527 713 3 7 18410
528 33 8 5 2421
528 36 8 3 44
528 97 2 6 9203
528 144 1 5 124
528 156 6 1 4
528 171 8 5 3338
528 344 2 10 140890881
528 406 4 4 223
528 512 9 3 48
528 580 6 1 4
528 611 7 2 27
528 720 7 6 8321
528 801 5 1 7
529 16 8 5 1029
529 148 9 3 169
529 260 3 3 32
529 423 2 2 7
529 517 7 1 7
529 520 10 1 4
529 737 10 7 339183
529 836 3 1 4
530 20 3 3 50
530 132 9 1 13
530 325 6 1 7
530 696 1 3 7
532 11 9 3 55
532 134 2 2 4
532 292 5 2 26
532 853 6 5 1995
533 5 10 3 133
533 37 4 1 4
533 787 10 2 26
534 425 2 3 27
534 786 5 2 10
534 928 9 1 4
534 932 8 1 7
535 10 2 3 36
536 10 6 8 303845
536 244 4 4 92
536 412 5 1 4
536 687 1 6 1685
536 902 8 4 409
537 138 10 1 4
537 257 9 7 50081
537 478 10 3 78
538 84 3 1 4
538 820 10 1 4
540 256 4 2 9
540 481 2 3 15
541 344 3 1 4
541 793 8 1 12
544 6 10 1 7
544 21 6 1 4
544 24 9 7 70635
544 160 9 1 10
544 401 5 2 22
544 416 5 4 292
544 429 1 3 10
544 536 5 1 8
544 542 6 4 168
544 597 7 2 13
544 718 7 4 424
545 209 4 2 15
545 226 6 1 4
545 743 1 2 4
545 914 4 1 5
546 2 10 1 13
546 263 8 6 6208
546 612 10 1 7
546 758 1 10 229114439
546 900 9 6 27885
547 265 7 2 23
547 427 6 4 205
547 577 9 1 4
548 141 3 4 106
548 512 4 1 4
548 577 4 2 13
548 586 6 1 7
549 68 10 2 44
549 146 10 3 116
549 288 3 1 5
549 530 10 1 7
549 647 9 2 45
551 40 6 1 5
552 640 5 1 5
553 36 10 1 5
553 102 4 7 43692
553 933 6 3 45
554 4 9 1 8
554 296 1 3 21
555 52 1 3 7
555 418 5 1 4
556 409 8 2 31
557 6 4 1 7
557 15 5 1 4
557 400 2 4 136
557 512 1 7 5062
557 557 7 1 7
557 770 10 1 4
557 938 8 8 701970
559 557 4 1 7
560 18 5 2 13
560 32 7 4 226
560 104 6 5 3477
560 168 8 6 11665
560 354 5 4 495
561 10 10 5 3668
561 444 4 1 7
561 521 5 3 76
561 786 9 5 1033
561 993 4 1 4
562 977 6 7 30618
562 992 6 6 11551
563 20 1 4 29
563 410 7 4 453
564 28 5 1 8
564 656 10 3 62
564 659 2 3 34
565 105 3 6 8652
566 4 9 3 71
566 44 3 4 337
566 132 3 6 8137
569 385 4 8 198485
569 522 10 1 12
571 100 9 1 4
572 36 6 2 24
572 64 9 2 22
572 370 8 3 89
574 18 10 1 7
574 533 4 1 7
574 696 1 8 64742
576 5 2 4 180
576 48 6 1 4
576 76 8 1 10
576 133 1 3 7
576 193 4 3 32
576 371 7 6 9027
576 525 1 2 4
576 547 7 2 30
576 607 1 6 1829
577 72 8 3 108
577 222 4 3 51
577 292 4 8 919988
577 997 5 3 39
578 26 7 6 22590
578 96 4 1 4
578 120 9 4 237
578 136 1 2 4
578 554 2 5 276
578 572 1 2 4
578 575 8 1 4
579 621 1 2 4
579 789 4 3 61
580 64 4 2 18
580 507 7 1 4
581 645 3 3 18
582 633 8 5 5022
583 129 4 1 4
584 432 2 2 4
585 64 4 1 4
585 208 4 2 12
585 217 6 1 7
585 354 9 4 669
585 389 6 2 21
586 64 2 6 1582
586 530 3 1 4
586 658 6 1 7
587 608 2 5 245
589 389 9 1 4
590 276 1 4 47
590 300 4 10 19778073
590 520 4 1 7
591 147 6 1 4
592 2 1 7 30314
592 4 3 4 198
592 148 6 7 82871
592 322 8 1 8
592 585 2 3 19
592 856 9 1 7
595 58 5 1 4
595 557 2 3 32
596 11 6 1 4
596 33 5 2 13
596 91 7 5 1883
597 387 3 3 20
599 92 2 2 4
599 569 8 4 408
600 115 5 4 310
600 562 6 3 70
600 573 8 3 77
600 575 2 4 222
601 335 5 5 669
602 480 3 2 7
604 913 9 5 1637
604 1006 10 1 5
605 80 8 5 1455
606 281 2 3 37
606 807 9 1 10
607 288 8 3 94
607 393 4 2 8
608 176 7 2 34
608 522 7 2 16
608 576 8 6 31430
608 648 4 2 8
609 28 4 1 4
609 210 3 2 7
609 225 10 2 29
609 526 6 1 4
611 125 2 5 257
612 170 2 3 15
612 534 5 8 333430
613 840 5 1 7
614 265 9 7 65595
614 936 1 6 1935
616 81 2 8 111090
616 806 3 2 7
617 374 7 3 91
617 908 10 4 392
618 70 5 3 38
619 76 1 6 2464
619 140 10 1 17
619 231 10 5 2128
621 293 4 1 4
623 1000 3 6 4037
624 579 2 5 1040
625 261 3 3 53
626 8 8 1 4
626 114 5 2 15
626 528 10 3 55
627 3 5 8 908147
627 418 2 2 4
627 769 6 3 36
627 977 6 3 44
628 76 5 1 7
629 446 8 1 7
629 528 7 1 7
631 24 5 1 7
632 18 7 2 23
633 812 6 2 31
637 73 8 1 4
638 161 10 1 13
640 4 9 1 13
640 6 1 4 67
640 181 2 3 30
640 246 2 2 10
640 258 10 1 7
640 467 5 2 26
640 584 3 4 196
640 659 2 5 1251
640 732 8 1 14
640 938 7 1 4
640 952 7 4 480
642 512 10 1 4
642 562 7 2 15
643 73 10 3 70
643 775 1 8 74843
644 48 6 6 28937
644 387 3 4 72
644 756 1 2 4
644 769 9 1 4
645 4 3 1 4
645 25 2 7 36258
645 963 7 1 4
646 289 10 4 295
646 388 5 3 31
648 76 3 4 116
648 98 7 4 161
648 210 7 2 30
648 301 4 2 15
648 369 10 3 56
648 512 9 1 7
648 694 9 4 264
648 769 6 1 4
649 4 7 1 4
649 48 7 5 3193
650 108 8 5 1462
650 216 4 3 62
651 290 10 3 217
652 257 5 3 31
654 565 9 5 3513
655 761 1 3 7
656 278 9 4 324
656 370 9 1 4
656 833 7 1 4
657 79 2 7 27239
657 201 2 2 5
658 10 8 2 20
658 26 3 2 7
658 226 7 2 16
660 36 7 1 4
660 52 9 1 4
660 69 6 1 4
660 648 4 3 44
661 608 4 2 19
662 374 2 7 25308
664 16 2 2 4
664 539 5 1 4
665 3 7 2 24
665 260 2 8 198685
666 66 2 6 7689
667 587 9 3 77
668 163 7 1 12
668 464 1 4 35
668 749 8 1 5
672 1 5 6 4738
672 64 1 6 3670
672 129 10 1 17
672 514 7 3 67
672 717 5 1 4
673 104 3 3 52
674 259 9 3 166
674 288 7 1 7
674 672 1 4 46
675 257 7 1 4
675 470 4 4 152
676 52 3 3 18
677 121 1 4 75
677 641 1 2 4
678 237 4 1 5
680 20 8 1 4
680 540 10 4 262
681 6 4 4 90
681 33 8 3 97
682 14 6 1 4
682 156 1 5 161
684 1008 6 1 4
686 593 7 1 7
688 385 3 4 230
690 110 10 2 26
691 12 2 2 4
692 260 10 1 10
692 914 5 1 8
693 522 10 6 10475
694 931 8 5 1298
694 976 6 4 194
695 517 9 1 13
695 585 4 4 204
696 885 1 4 67
697 710 2 5 252
700 18 10 5 1174
700 229 9 3 94
700 864 1 2 5
701 34 10 7 277947
701 941 5 2 9
704 34 5 10 30492041
704 76 10 4 236
704 135 3 8 275359
704 292 3 2 12
704 514 5 1 4
705 596 7 5 807
705 854 5 8 201377
706 17 2 4 200
706 161 6 1 8
706 460 10 1 15
706 732 1 2 4
709 325 10 2 44
709 354 2 5 452
709 843 5 2 13
710 2 1 5 331
711 19 9 1 4
712 35 4 4 208
712 283 1 3 7
712 862 7 3 46
713 593 6 6 6499
713 837 5 8 265547
716 98 6 1 10
716 339 7 2 16
716 649 1 5 236
716 842 1 2 4
719 512 5 2 10
720 7 9 3 48
720 144 5 1 5
721 0 9 5 2898
721 104 10 7 326038
721 170 9 1 13
721 323 4 2 12
721 584 2 2 10
722 100 2 2 7
722 104 4 4 128
722 146 4 3 37
722 258 6 5 750
722 398 10 2 48
722 464 2 4 112
723 142 10 1 4
724 20 2 2 7
724 596 9 2 36
725 44 4 3 30
725 65 1 6 1406
726 322 3 5 482
727 200 9 1 4
728 227 5 1 4
728 350 2 2 10
729 578 8 7 58405
730 332 1 5 630
732 834 7 1 4
736 24 8 2 20
737 25 6 1 4
737 64 6 4 185
737 288 10 1 4
737 610 1 6 2441
738 970 2 2 7
740 778 6 1 10
740 801 10 1 4
741 45 10 1 4
741 260 2 7 19595
742 97 7 7 66640
743 787 10 5 1750
744 280 8 3 61
744 762 6 2 13
745 63 6 3 38
746 386 1 4 31
751 506 1 6 1394
752 261 2 3 39
752 494 7 4 344
752 786 9 6 35422
754 32 6 1 10
759 130 1 3 15
760 40 9 2 26
760 220 5 5 2116
760 257 5 1 7
760 300 9 1 9
761 435 5 7 45457
765 513 3 9 2859975
768 226 2 5 574
768 326 7 3 118
768 608 10 1 10
768 666 9 1 4
768 736 7 2 18
768 738 9 1 7
768 926 2 2 7
769 34 1 7 6326
769 277 3 4 250
769 350 9 1 7
769 640 1 2 4
769 773 4 4 105
770 67 10 1 4
770 211 4 8 395114
770 256 7 2 23
770 663 5 2 26
771 128 2 2 4
771 793 4 1 4
771 800 8 3 67
772 0 3 2 7
772 32 2 5 398
772 130 4 2 13
774 8 4 9 2451717
775 48 6 5 761
775 921 1 5 372
776 101 6 3 51
776 155 8 1 4
776 586 9 5 2238
776 697 1 3 21
777 6 8 3 92
777 84 8 4 265
777 318 6 1 4
777 539 4 1 4
777 554 8 8 402928
777 608 4 5 2107
777 641 8 1 12
778 330 2 2 4
778 389 9 3 110
778 707 8 3 118
780 14 8 1 4
780 552 10 1 16
780 707 1 4 38
781 222 2 2 9
781 496 3 2 12
782 226 6 2 11
784 1 9 1 4
784 514 6 2 12
784 549 2 2 7
784 569 4 6 4542
784 604 3 5 1205
784 634 1 7 5479
784 841 4 5 2268
785 45 1 10 24691515
785 257 1 3 13
786 576 10 5 5895
786 914 7 2 15
787 199 7 1 10
788 25 10 1 10
788 324 2 3 43
792 16 6 1 4
792 540 8 1 10
792 594 8 5 1753
793 52 2 6 2182
793 498 8 4 298
793 628 5 1 4
800 9 7 1 7
800 73 9 1 7
800 133 2 2 4
800 824 5 1 8
801 34 9 1 4
801 312 4 5 1226
801 592 6 1 7
801 642 2 5 476
802 660 8 1 4
802 769 8 1 4
803 512 4 3 32
804 0 1 3 13
804 104 5 2 12
804 337 10 1 4
804 433 4 5 541
804 779 2 2 8
805 781 4 3 26
806 43 7 1 4
806 232 8 7 79210
806 480 9 1 4
808 302 10 7 70432
808 526 9 7 47453
808 777 1 6 2128
808 937 5 2 16
810 17 4 2 11
810 394 1 3 8
810 416 4 2 8
812 778 8 6 39025
814 161 1 6 857
814 905 6 2 13
817 784 3 3 63
818 253 10 3 166
819 538 3 6 5980
821 236 10 1 4
824 392 3 2 12
824 609 10 8 2071906
828 592 6 1 7
830 356 3 1 4
832 21 5 1 4
832 43 10 1 4
832 328 8 7 41329
832 427 5 4 252
832 548 8 1 10
833 147 10 8 2717275
834 0 3 1 4
834 67 3 2 13
834 104 4 3 28
834 912 8 2 25
835 264 2 2 5
835 583 8 1 8
836 388 10 1 5
836 485 7 1 12
838 785 2 2 4
840 96 3 3 18
840 106 5 2 13
841 32 6 3 107
841 370 1 8 45510
842 132 1 4 71
842 200 5 4 394
843 939 5 3 70
845 624 7 1 7
848 90 8 1 7
848 188 5 3 32
848 313 4 2 15
848 899 2 5 277
849 792 7 1 10
849 1018 3 1 4
850 308 7 6 7744
850 776 4 6 9712
851 195 9 2 31
852 2 2 6 6113
852 64 2 2 4
852 72 3 5 2080
852 824 8 1 7
856 866 9 1 7
857 42 1 2 4
862 130 8 3 136
863 516 6 6 6277
864 786 7 4 167
868 332 2 3 13
870 6 1 3 17
870 68 1 3 7
871 264 2 6 5112
872 32 8 1 4
872 50 6 4 439
872 165 10 4 368
874 360 4 5 648
875 164 5 6 11874
878 258 1 5 198
880 611 5 1 7
882 42 4 3 84
882 591 5 1 4
882 778 2 2 4
884 802 7 7 85370
895 603 8 3 60
896 330 2 4 198
896 868 5 1 7
897 115 3 1 4
897 1002 10 3 57
899 537 1 2 4
899 736 7 3 143
900 4 2 2 4
900 162 10 1 17
900 313 8 1 7
902 420 8 1 7
903 339 1 5 162
904 231 5 1 4
904 552 10 4 1034
904 888 7 1 7
904 929 10 1 10
905 196 1 4 80
905 248 4 2 10
905 540 1 4 57
905 572 2 2 4
906 137 7 1 4
906 194 9 1 4
906 210 5 4 167
906 328 9 1 14
908 456 7 1 7
911 5 1 4 32
911 10 5 3 37
912 85 1 3 8
912 129 8 1 4
912 388 4 1 7
914 776 3 3 18
914 968 1 4 48
915 431 2 2 4
916 777 9 2 40
917 560 9 1 8
917 912 10 1 5
918 0 1 4 23
920 200 6 2 15
921 320 3 3 31
922 8 7 1 10
922 784 7 8 428418
924 33 2 6 3024
924 196 1 9 560439
927 190 9 2 16
928 64 10 1 4
928 384 5 7 131450
928 516 3 5 690
928 518 5 1 4
929 10 8 1 4
929 257 1 4 46
929 316 1 4 88
930 547 9 1 10
931 230 4 2 14
931 657 10 1 4
932 274 6 4 174
932 783 2 3 18
933 657 5 3 67
934 94 4 3 27
938 261 10 2 37
938 316 7 3 75
938 552 5 5 1966
941 771 4 1 4
944 756 8 7 84934
945 456 3 4 303
946 205 3 2 11
948 9 7 2 13
951 818 3 1 4
952 37 6 1 4
953 905 1 3 18
954 22 9 6 12990
956 846 3 4 257
958 844 6 1 7
961 131 10 1 4
961 291 6 4 186
961 333 2 6 8836
961 472 8 1 10
963 130 9 1 10
965 937 8 1 4
966 29 9 2 17
966 192 4 4 380
966 197 7 9 7318533
966 555 2 5 543
968 352 7 1 4
969 769 5 1 4
971 566 2 2 4
975 205 7 1 4
976 321 1 4 28
976 779 2 3 37
977 22 9 3 65
977 549 3 1 4
984 324 1 3 7
987 962 10 3 115
988 366 6 1 10
990 35 10 3 143
996 36 6 2 11
996 836 5 1 4
998 127 8 2 18
998 179 3 5 1963
1000 260 3 3 24
1001 286 8 2 31
1002 652 4 9 2288264
1002 912 9 5 2209
1003 684 2 2 8
1011 36 10 1 4
1013 316 4 1 5
1018 358 9 5 2663
1020 371 8 5 4183
1020 385 1 6 1316
1021 643 9 1 4
