0 9 8 1 4
0 17 1 2 4
0 29 7 5 1811
0 112 2 3 14
0 135 4 1 4
0 156 2 2 9
0 166 10 1 4
0 215 9 1 9
0 265 6 3 67
0 352 2 10 4353248983
0 415 7 1 11
0 646 6 4 273
0 917 6 3 43
1 7 3 4 300
1 135 8 3 45
1 228 3 1 3
1 825 1 3 17
2 3 8 3 107
2 8 9 1 9
2 826 3 1 4
3 272 8 1 4
3 277 7 1 4
3 652 4 4 340
4 0 8 1 6
4 4 8 4 452
4 15 2 7 53573
4 24 4 4 367
4 60 6 1 4
4 64 7 7 56015
4 248 7 1 7
4 517 10 1 10
4 576 3 1 4
4 808 2 2 4
6 212 3 8 126431
6 268 8 3 94
6 1002 1 3 6
8 42 6 1 4
8 272 10 1 7
8 656 5 1 4
8 850 6 1 4
8 902 10 1 4
9 43 7 1 4
9 526 9 1 4
9 572 5 2 10
10 13 3 6 3897
10 518 7 1 4
10 680 4 1 4
11 204 10 1 4
13 224 10 1 5
13 320 4 4 131
14 152 5 1 4
15 485 1 7 28523
16 24 5 1 4
16 96 7 1 4
16 198 10 1 9
16 643 4 2 9
17 129 8 1 6
17 258 1 2 4
18 290 10 1 6
18 641 5 1 4
20 1 10 4 298
20 36 5 2 11
20 69 7 1 9
20 323 7 2 21
20 786 3 2 7
22 68 2 1 3
22 97 10 3 64
22 320 10 1 9
22 331 9 1 4
24 533 3 1 4
25 523 8 1 4
26 109 1 3 10
27 130 8 1 4
27 549 4 1 4
28 146 2 4 178
28 203 7 3 145
28 647 9 4 255
29 327 10 1 4
29 532 2 2 4
30 52 10 1 9
32 204 10 1 4
32 211 1 7 29765
32 848 10 1 4
33 3 6 1 7
33 945 1 2 4
34 144 6 1 3
34 663 1 2 4
35 65 1 4 26
35 689 4 1 4
36 48 3 1 4
36 257 10 1 4
36 266 9 1 6
36 320 3 2 6
36 705 8 1 7
37 364 3 5 819
37 594 4 1 4
37 673 3 3 25
38 180 3 1 4
38 204 4 1 4
39 48 6 2 24
39 982 9 2 31
40 9 6 1 4
40 20 2 3 25
40 256 2 2 4
40 605 4 1 7
40 756 9 1 12
40 840 2 7 15544
41 96 5 7 127819
41 276 4 3 22
41 513 7 1 4
42 42 8 1 4
42 140 10 2 37
42 411 5 1 4
44 47 7 3 94
44 430 8 1 4
44 524 4 2 11
45 74 3 8 131125
45 844 5 1 4
47 1022 6 1 4
48 646 8 1 4
48 789 4 4 177
50 528 3 2 11
51 70 10 1 7
51 377 3 3 33
51 516 4 1 4
52 188 2 3 16
52 256 2 2 4
54 718 9 3 61
56 267 6 3 106
56 560 2 2 7
57 5 1 2 4
57 128 9 1 7
59 453 10 1 5
60 5 6 4 141
60 948 1 3 11
61 648 7 4 281
64 26 6 2 21
64 41 9 1 4
64 686 4 1 7
64 780 1 5 254
65 25 3 3 36
65 96 8 2 21
65 104 4 2 18
65 274 7 1 4
65 515 10 1 4
66 140 2 2 4
67 20 1 3 16
67 482 10 3 201
67 840 8 1 4
68 153 2 2 4
68 284 5 1 7
68 576 10 1 9
69 138 3 8 222937
69 466 6 1 3
69 572 9 1 13
70 646 10 1 4
71 264 4 1 4
72 65 7 1 4
72 961 1 3 10
73 640 6 2 17
73 870 4 2 21
73 999 2 2 4
74 600 7 1 4
76 133 7 3 72
76 855 6 1 9
77 267 3 1 4
77 456 3 3 21
78 919 1 5 434
80 51 6 1 4
80 82 2 2 4
80 920 3 5 515
83 115 1 2 4
83 617 10 1 4
83 784 1 9 2639289
84 490 8 1 4
90 988 6 1 6
91 652 2 5 562
93 134 7 1 4
93 669 9 2 17
95 20 2 6 2579
96 103 7 2 24
96 220 7 4 246
96 276 7 1 4
96 321 5 6 8364
97 48 1 3 9
97 286 4 2 11
97 473 1 4 36
98 352 3 3 43
99 249 3 2 13
100 752 7 2 30
100 768 3 3 22
101 124 7 1 6
101 161 9 1 4
101 169 10 7 378827
102 6 1 3 9
104 26 1 4 29
104 64 7 1 4
105 296 6 1 9
105 779 9 2 24
107 129 6 3 104
108 133 8 3 65
108 514 6 1 4
108 825 8 7 84419
109 707 9 6 18534
112 0 1 2 4
112 3 7 3 53
112 107 3 3 28
112 165 9 2 28
112 776 1 5 508
114 68 7 3 102
114 416 4 3 33
114 497 3 3 21
114 872 9 1 12
116 33 6 1 4
117 803 10 2 37
120 76 5 1 7
122 24 7 1 9
123 600 4 1 6
128 58 3 1 4
128 134 8 1 12
128 320 10 3 79
128 375 3 1 4
128 453 8 1 5
128 806 8 1 4
129 37 8 1 4
129 163 9 4 393
130 78 3 1 4
130 528 10 4 852
130 675 2 3 29
131 581 9 1 4
132 94 1 4 49
132 137 9 2 17
132 372 8 4 272
132 516 5 2 26
132 916 10 1 4
133 614 4 1 4
134 224 6 1 4
134 390 4 1 4
134 516 6 1 9
136 160 1 3 6
136 482 3 1 4
136 610 6 1 7
137 148 6 1 4
138 266 8 1 4
138 415 8 1 11
140 72 9 2 28
142 641 5 1 4
143 116 6 1 4
143 144 2 8 216456
143 187 6 3 46
144 18 9 1 5
144 68 1 3 7
144 520 4 6 4214
145 1 2 2 10
145 67 9 1 4
145 184 1 2 4
145 392 4 5 512
145 576 4 3 45
146 910 4 1 4
147 522 2 5 636
148 1 2 5 362
148 24 3 2 7
148 278 4 2 21
148 464 5 3 59
149 633 8 1 4
150 656 1 2 4
151 132 5 1 7
151 207 5 5 1624
151 250 3 2 7
153 151 1 3 16
156 133 6 1 4
157 404 5 1 4
160 644 7 10 30830340
161 40 4 1 4
161 326 7 3 137
161 898 2 2 4
162 160 1 2 4
162 306 5 1 4
163 361 1 2 4
164 38 6 4 206
164 217 4 1 4
164 280 6 1 4
164 329 7 1 4
164 481 9 4 238
165 141 7 2 19
167 712 5 1 4
168 8 2 2 4
168 68 4 1 5
169 514 5 3 82
171 810 8 3 156
172 8 9 1 6
172 32 7 1 4
176 32 3 2 7
176 270 5 1 4
176 273 3 1 4
176 916 10 1 4
177 128 7 2 24
179 429 8 2 18
181 97 3 3 39
185 42 10 6 37065
185 391 3 1 4
186 272 9 1 7
186 582 8 3 80
192 43 9 4 226
192 177 5 1 4
192 392 7 1 7
193 28 10 2 42
193 120 5 1 7
193 375 4 2 14
193 718 6 2 19
194 321 1 2 4
196 286 1 2 4
197 297 4 2 15
197 611 4 6 17681
198 196 1 7 16661
198 812 3 2 7
200 577 7 1 4
200 924 3 1 4
201 98 5 1 4
203 654 1 2 4
204 520 5 1 4
206 530 10 1 10
208 12 8 1 7
209 55 1 2 4
209 564 10 1 4
213 64 4 1 4
214 585 7 1 5
219 389 9 1 4
222 532 5 1 4
225 948 7 2 24
228 294 5 7 27885
232 5 3 2 12
232 65 10 1 4
233 912 4 4 416
234 848 2 3 12
237 91 5 1 4
238 620 8 6 10121
239 370 6 1 4
240 66 5 2 14
240 799 1 4 93
250 46 7 1 7
256 69 8 1 4
256 160 2 2 4
256 212 1 3 7
256 243 8 8 2012616
256 416 6 10 23504053
256 616 2 3 16
256 705 1 5 633
256 764 10 9 6528477
256 772 6 1 4
257 0 2 2 4
257 156 8 1 4
257 272 7 1 7
257 912 10 1 4
257 920 2 2 7
258 24 8 5 2024
258 34 10 2 32
258 810 8 1 5
259 268 9 2 36
260 678 9 2 32
261 8 9 3 53
261 356 6 1 4
262 134 4 1 6
262 193 1 3 7
262 1013 5 2 14
264 1 5 1 7
265 264 10 1 4
266 326 5 3 44
266 336 7 3 116
266 504 1 2 4
267 523 6 5 1485
268 177 2 2 4
268 192 6 6 6308
269 640 5 2 22
272 225 10 2 43
273 581 7 3 102
273 903 10 1 6
275 401 7 1 4
276 392 7 1 4
277 385 1 6 2385
279 901 6 1 4
280 36 1 2 4
280 674 9 3 135
281 101 8 1 4
282 136 10 1 4
283 514 7 1 4
286 624 6 2 24
287 448 5 2 20
288 47 3 3 27
289 468 10 1 9
289 648 5 1 4
289 788 7 2 31
291 610 5 1 4
291 967 5 6 9148
292 19 6 3 46
292 134 3 1 4
293 256 2 4 71
293 960 7 1 4
294 742 8 1 12
294 864 8 4 486
296 131 8 1 4
296 260 3 2 7
296 336 5 2 9
296 409 9 1 4
297 167 8 1 7
297 544 9 9 3897460
298 75 5 3 46
298 800 2 2 5
299 78 3 2 7
304 6 10 5 5276
304 8 7 1 4
304 63 1 4 33
304 212 1 6 1581
304 258 9 3 70
306 550 7 1 4
308 21 2 3 19
308 692 7 2 33
308 848 10 6 25538
310 44 10 2 40
310 936 6 5 711
312 514 9 1 9
322 0 3 1 4
322 272 3 5 968
324 179 2 3 12
325 6 6 1 4
325 74 2 2 4
325 192 10 1 9
326 280 5 1 3
327 698 5 1 8
331 512 9 1 4
332 643 9 1 9
335 83 9 2 41
337 352 9 1 4
337 833 4 2 17
338 160 4 1 3
340 106 6 1 9
340 763 10 3 138
341 576 1 4 47
342 272 2 2 4
342 536 8 1 4
343 475 4 3 63
345 992 3 2 7
346 89 1 7 9985
347 313 7 2 16
348 128 10 1 6
349 12 4 1 4
352 419 9 1 4
352 680 3 1 4
352 794 3 1 4
353 138 8 7 167696
353 684 9 1 7
354 30 9 2 18
354 836 7 2 19
355 134 8 4 606
355 634 4 3 44
357 433 8 1 7
357 641 9 7 254772
358 168 9 2 16
360 514 2 3 25
360 784 5 1 5
361 316 10 2 22
363 162 2 2 4
364 740 9 1 6
366 657 5 3 81
372 352 10 1 6
379 333 7 1 4
384 156 1 3 7
384 168 3 1 4
384 531 8 1 9
384 597 6 1 4
385 2 8 1 4
385 213 10 1 3
385 513 3 1 4
385 563 2 5 554
386 73 5 2 9
386 846 10 3 72
389 596 2 2 4
395 4 7 1 4
397 132 9 5 3422
397 305 4 2 12
397 518 1 5 271
400 10 8 1 7
400 712 8 5 1345
401 277 10 2 19
401 673 7 5 1134
401 932 6 1 4
404 298 3 1 4
408 66 8 3 101
408 405 5 1 4
409 105 8 1 4
416 292 10 1 4
418 16 9 1 3
419 7 9 1 3
425 746 6 1 4
427 580 4 1 4
428 32 3 1 4
428 194 9 4 307
428 620 5 1 4
433 197 8 1 5
434 734 4 3 35
437 2 9 1 4
441 21 5 1 4
442 146 5 1 4
449 321 5 2 18
452 48 6 1 4
452 136 8 1 4
452 488 8 1 9
454 9 1 2 4
454 634 6 1 4
455 640 7 1 4
456 367 6 1 9
460 462 6 1 4
461 901 3 6 6015
465 902 10 2 43
466 58 8 1 4
467 300 9 1 12
469 425 6 3 40
480 665 4 5 489
480 731 9 1 4
481 416 6 1 4
482 64 1 3 11
482 208 6 1 4
488 3 6 1 4
488 565 4 5 1257
489 64 7 4 525
512 1 8 2 23
512 52 5 3 34
512 96 8 1 4
512 153 2 3 17
512 420 10 1 9
512 453 2 2 7
512 514 7 1 4
513 47 8 1 4
513 65 10 1 4
513 340 10 1 11
513 548 7 1 3
513 644 10 1 9
514 36 8 1 12
515 157 9 3 48
516 169 6 5 914
516 357 1 3 14
516 605 10 3 131
516 779 8 1 4
517 0 2 2 7
517 525 10 1 4
517 672 4 1 5
519 967 1 2 4
520 436 4 1 4
521 131 2 2 4
521 229 6 2 17
521 450 3 1 4
521 554 9 1 4
522 121 7 1 11
522 549 10 3 70
525 134 3 1 4
528 97 10 2 22
528 156 9 4 554
528 720 9 1 4
529 260 6 1 4
530 132 5 1 4
530 325 5 1 4
530 696 5 2 24
532 292 9 1 4
534 425 8 1 4
534 786 2 3 11
534 928 5 3 53
536 244 6 4 315
538 74 4 1 4
540 481 4 1 6
541 793 4 1 4
544 24 8 4 549
544 151 4 1 7
544 401 9 1 4
544 416 9 1 6
544 597 7 1 4
546 900 3 2 11
547 577 4 2 9
548 169 4 2 10
548 577 9 2 20
550 800 10 1 4
551 40 6 1 4
551 89 5 1 4
552 932 3 3 17
553 933 8 8 492439
554 4 9 1 4
554 137 3 1 4
555 52 1 2 4
557 400 7 1 7
557 512 6 4 443
560 18 4 1 7
560 96 9 3 70
561 521 8 2 33
561 993 10 1 7
562 992 3 1 4
563 20 3 2 6
564 656 9 1 4
565 105 4 4 247
566 132 8 1 7
571 457 1 2 4
572 36 1 4 75
574 696 9 2 28
576 4 1 5 386
576 76 8 1 11
576 133 1 4 52
576 172 6 1 4
576 193 7 1 4
576 228 5 3 62
576 371 4 4 419
576 525 6 1 4
576 547 1 3 18
577 72 5 3 27
577 577 5 2 19
577 661 1 4 67
577 997 6 1 4
578 26 7 1 4
578 96 5 1 4
578 554 4 5 1116
579 136 7 2 34
582 633 10 1 4
584 432 3 2 9
585 389 5 1 7
587 608 5 2 9
592 148 4 1 7
592 566 7 4 585
595 58 4 3 57
595 557 9 2 29
596 11 7 6 23849
596 33 6 1 4
596 154 7 1 12
599 176 1 2 4
601 335 8 1 3
602 480 1 2 4
605 80 4 3 47
606 807 1 2 5
608 185 5 1 7
608 522 7 2 21
608 576 8 1 3
609 225 1 2 4
610 24 8 1 4
614 936 7 5 2274
616 450 1 4 23
616 806 3 4 208
618 1004 3 1 4
619 140 7 1 6
624 579 2 4 216
625 530 5 7 27129
626 8 1 2 4
627 769 5 1 4
627 977 1 3 7
631 24 1 2 4
633 812 8 4 613
640 4 9 8 1367421
640 160 4 5 812
640 246 2 2 4
640 421 2 2 4
640 525 8 1 10
640 584 8 1 4
640 732 2 3 18
640 938 3 1 4
643 775 1 5 499
644 660 2 3 17
645 25 9 2 16
645 963 8 1 4
646 388 1 5 508
648 98 6 3 76
648 512 4 1 4
648 694 5 4 357
652 594 7 1 4
654 129 1 2 4
655 384 6 1 4
656 259 2 2 6
657 79 9 1 4
658 10 10 1 4
658 26 1 3 22
658 226 5 2 17
658 640 6 3 73
660 85 10 1 4
664 16 5 1 4
664 205 1 2 4
665 3 1 2 4
668 464 8 5 1072
668 749 3 1 5
672 64 7 1 4
672 514 2 7 22008
673 104 9 5 5312
674 288 6 1 4
674 401 1 3 22
679 556 2 2 4
681 6 10 1 4
682 14 7 1 7
682 156 10 1 6
684 1008 4 2 14
686 593 9 1 6
688 385 10 1 9
689 80 8 9 20237310
692 260 7 3 45
694 768 9 3 76
697 710 3 2 12
701 941 9 1 4
704 673 10 1 5
705 596 8 4 491
708 108 6 2 21
709 843 9 1 6
712 141 9 1 12
712 283 7 1 4
712 294 2 3 29
716 98 6 1 4
719 512 6 1 4
721 0 7 3 131
721 104 7 1 7
721 170 5 2 18
722 464 3 2 7
724 596 3 1 4
726 322 3 2 9
727 200 1 3 15
728 712 3 5 421
732 834 7 5 2752
736 24 7 5 1745
737 64 4 4 211
740 235 2 8 91879
740 778 9 1 4
740 801 10 1 4
743 787 10 1 7
744 124 1 2 4
746 386 7 1 4
751 506 3 3 27
752 786 6 1 4
754 32 6 6 7300
759 130 8 3 76
760 40 1 3 6
765 513 10 1 4
768 666 9 3 55
768 738 10 1 7
769 34 7 1 4
769 350 4 1 4
769 640 6 2 21
770 256 3 1 4
771 128 5 1 4
771 800 1 3 12
772 0 6 1 4
772 32 3 1 4
772 130 2 2 4
774 936 10 1 4
775 48 5 1 4
775 921 8 6 6718
776 586 2 4 115
776 697 4 2 12
777 84 2 8 630657
777 554 8 3 45
778 389 9 1 14
778 707 2 2 4
780 16 7 1 4
782 226 1 2 4
784 569 4 2 10
784 841 7 1 4
787 199 2 3 29
788 324 4 1 5
792 274 4 1 4
792 540 3 7 26294
793 498 6 3 36
800 9 8 1 5
800 73 10 1 4
800 97 10 1 4
800 824 7 1 4
801 312 6 2 19
802 660 8 1 4
806 326 8 1 4
808 777 5 4 167
808 945 1 2 3
810 17 4 1 4
810 416 2 2 5
812 778 5 4 500
814 161 6 1 4
814 264 3 9 2002737
816 18 1 4 26
819 538 9 1 4
824 392 4 1 4
832 16 3 1 4
832 281 10 1 4
834 0 1 2 4
834 67 5 2 22
834 104 5 3 31
836 388 1 3 7
836 485 10 1 4
840 106 6 1 4
841 32 4 1 4
841 370 6 3 33
842 200 3 1 4
848 899 8 5 2839
849 792 6 5 4117
849 1018 8 1 4
852 64 4 1 4
852 72 10 3 68
852 824 4 1 7
870 6 2 3 15
870 68 2 2 4
871 264 6 1 4
872 50 5 3 36
873 9 2 5 1122
878 258 4 1 6
882 591 3 3 16
885 601 7 1 6
895 603 5 1 4
896 868 9 1 4
897 115 4 2 12
898 336 10 1 4
898 699 3 1 4
899 736 3 1 4
900 162 8 1 4
902 420 5 1 4
903 339 9 1 5
904 112 5 2 12
904 552 10 5 6692
904 929 6 3 88
905 196 8 2 18
905 572 4 3 76
906 328 6 6 13679
910 614 1 4 25
912 388 1 3 21
914 669 10 1 7
916 777 2 2 4
917 912 7 1 10
918 0 1 4 80
922 784 6 1 5
924 33 4 1 4
924 196 6 4 363
928 64 6 2 22
928 516 1 3 8
929 10 8 1 4
930 720 2 2 4
933 657 3 2 12
938 552 2 6 2107
944 165 6 2 14
945 456 6 5 1231
947 568 3 1 4
952 37 5 1 4
956 846 6 1 4
960 358 4 1 4
961 291 1 2 4
961 472 4 2 15
961 481 6 6 4757
963 130 4 1 4
965 937 9 1 4
966 29 8 1 11
966 197 9 1 3
968 352 8 1 7
969 769 2 2 9
971 566 1 3 6
976 321 4 2 16
984 324 7 1 6
985 268 4 7 54148
990 35 7 2 21
996 836 1 2 4
1002 652 2 5 568
1002 912 7 5 2308
1004 129 6 1 3
1013 316 10 1 4
1018 358 10 5 1492
1020 385 8 1 6
