0 4 2
0 9 3390
0 112 20
0 150 2
0 274 4
0 552 2
0 670 10
0 674 2
0 936 20
1 37 2
1 292 2
1 481 2
1 825 2
2 328 2
2 523 2
2 826 2
3 131 2
3 530 101
4 4 3
4 24 7
4 60 2
4 64 2
4 368 3
4 517 2
4 774 9
4 808 11
5 887 2
6 3 18
6 267 2
6 268 2
6 466 2
6 512 2
6 798 2
7 81 5
8 19 16
8 58 2
8 642 29
8 902 8
9 39 2
9 274 2
9 526 2
10 13 2
10 75 2
10 160 2
10 208 86
10 523 2
11 779 5
12 0 3
12 366 14
12 634 2
13 192 4
13 320 2
14 127 3
14 321 3
15 352 11
15 659 14
16 9 2
16 64 4
16 643 2
16 806 3
18 290 4
19 657 10
19 709 4
20 28 2
20 69 69
20 323 28
21 258 31
22 24 7
22 97 14
22 565 19
24 533 75
24 786 2
24 848 2
25 592 2
27 130 8
27 210 2
27 547 5
28 146 28
28 203 3
29 5 16
30 588 1841
32 196 4
32 211 16681
32 388 2
32 641 4
32 721 4
32 759 2
33 3 5
33 320 3
33 544 2
33 898 5
34 324 4
36 34 8
36 48 2
36 257 12
36 266 12
36 448 14
36 555 2
36 705 9
37 13 6
37 673 2
38 544 5
39 48 7
39 520 2
40 9 5
40 20 5
40 256 3
40 512 5
40 672 2
43 546 14
44 12 5
44 524 10
44 794 6
45 50 9
45 808 2
48 67 6
48 226 14
48 843 5
49 313 62
50 9 3
50 528 14
52 256 7
55 278 10
56 89 5
56 267 2
56 544 4
56 560 2
57 5 20
58 113 3
59 58 48
59 453 18
60 5 2
60 948 2
61 644 2
62 521 17
64 41 18
64 192 3
64 194 14
64 197 14
64 203 2
64 370 18
64 481 2
64 686 2
64 756 2
64 790 2
65 25 9
65 104 2
65 421 5
66 140 8
66 545 7
67 20 6
68 192 15
69 466 11
69 768 15
70 642 2
70 648 2
71 1 4
71 700 11
72 280 3
72 533 2
72 961 3
73 870 2
74 548 51037
75 259 3
76 133 24
77 256 12
77 267 9
77 456 10
78 784 4
78 919 14
79 386 11
80 51 5
80 82 2
80 528 60
81 807 2
81 852 565
82 283 6
83 115 7
83 124 3
84 490 8
87 512 8
87 515 2
89 76 3
90 20 16
90 274 2
90 977 2
90 988 3
91 951 2
92 38 2
93 49 3
93 134 4
93 669 3
94 869 13
96 148 2
96 276 11
96 547 2
96 776 3
97 18 7
97 48 5
97 144 2
97 195 4
99 249 21
100 752 2
101 124 17
101 169 6
101 392 10
102 78 2
104 26 2
104 512 4
105 296 7
105 779 8
106 516 3
106 652 2
108 825 11
111 12 4
112 84 4
112 165 2
114 497 4
120 76 6
121 536 2
124 304 5
125 268 2
128 320 120
128 375 9
128 433 2
128 453 2
129 37 5
129 163 2
129 584 9
130 78 2
130 540 2
132 94 2
132 372 4
132 916 19
133 23 9
134 67 22
134 84 5
134 768 2
135 544 8
136 21 2
136 39 4
136 657 2
137 678 6
140 168 4
141 2 9
143 144 2
143 286 3
144 433 7
145 1 2
145 2 13
145 94 2
145 216 2
145 273 3
145 392 4
146 69 9
146 146 2
147 513 24
147 522 2
148 912 19
153 171 4
156 54 6
159 526 6
160 644 2
161 376 2
161 576 4
161 717 14
161 898 3
162 290 4
164 87 20
165 141 3
165 397 2
167 289 16
168 8 23
168 68 2
169 351 2
169 514 63
171 144 12
171 810 44
176 32 4
176 864 4
177 280 18
177 560 2
177 744 19
178 580 4
180 152 96
180 600 9
181 331 2
181 964 12
182 300 2
185 42 7
186 582 2
187 800 28
188 4 2
192 392 3
192 536 21
192 713 5
192 904 2
193 8 6
193 375 62
193 422 2
196 286 22
197 61 7
197 297 2
197 592 4
200 924 2
201 140 7
206 530 3
208 88 2
208 534 2
209 513 12
210 882 2
212 34 2
213 64 3
214 369 15
218 86 3
222 532 5
222 852 2
225 257 6
226 35 5
227 336 4
227 592 2
228 32 69
232 65 3
232 480 3
234 917 9
235 645 12
244 356 2
244 932 5
248 0 13
248 290 4
256 97 2
256 262 19
256 416 2
256 616 5
256 804 3
256 992 2
257 272 3
257 680 4
257 912 23
258 34 21
258 36 3
258 673 269
258 810 11
259 100 34
259 165 10
259 226 2
259 268 2
260 131 497
260 978 2
261 8 3
261 67 2
261 72 79
261 995 3
262 193 9
262 256 2
262 906 2
264 320 2
264 568 3
266 272 730
268 577 9
270 73 33
272 259 2
272 520 4
272 554 4
273 693 3
274 334 8
275 16 53
276 392 4
276 538 3
277 8 2
278 258 9
279 18 24
279 901 9
280 36 10
280 600 2
281 101 4
282 136 2
282 576 11
282 787 14
286 12 12
286 624 3
286 832 110
288 545 3
289 60 9
289 468 4
289 472 2
289 788 23
290 0 13
290 258 3
291 32 4
291 610 5
292 7 6
292 134 3
292 593 2
296 260 2
296 409 2
296 516 4
297 742 2
299 78 7
301 274 13
301 777 2
304 6 2
304 8 41
304 63 14
305 576 2
306 550 6
308 640 3
308 832 2
309 774 2
314 376 2
315 739 61
316 452 2
318 532 2
318 914 7
320 315 2
320 468 5
321 337 2
321 768 2
322 196 3
322 902 2
324 106 2
324 200 340
326 11 2
329 35 7
330 8 6
334 288 2
336 632 579
337 352 2
337 833 7
338 169 5
341 576 2
342 168 2
342 272 2
343 475 2
345 728 2
347 149 2
348 128 2
348 395 2
352 514 2
352 680 7
353 138 15
354 30 9
354 288 2
356 800 2
364 740 16
368 738 10
368 925 2
371 705 1251
379 333 15
380 339 2
384 6 6
384 168 4
384 312 4
384 332 2
384 841 7
384 962 10
385 214 2
385 513 2
386 64 2
386 275 8
386 846 3
387 1016 4
388 332 4
391 461 9
391 800 2
392 38 10
392 336 7
392 674 5
394 211 18
395 4 3
396 6 4
396 777 2
396 960 2
397 132 2
401 932 4
404 209 34
405 160 10
408 405 4
409 66 5
409 888 3
410 520 2
412 6 103
414 932 3
416 832 2
417 577 3
419 7 96151
420 32 9
420 114 6
420 288 4
420 538 27
420 545 7
421 400 2
423 384 5
425 776 5
426 644 2
428 32 11
428 880 10
430 68 4
433 24 2
433 398 4
436 641 9
444 801 28
448 655 2
450 450 4
452 136 2
452 512 6
452 513 3
454 9 3
455 640 11
458 101 6
458 743 17
460 197 2
462 516 2
465 531 2
465 761 86
465 902 165
466 58 2
467 211 82
472 801 7
480 731 2
480 928 2
481 416 2
482 64 15
484 841 80
489 64 2
496 978 2
512 1 2
512 5 2
512 52 5
512 96 2
512 482 3163
513 5 18
513 100 3
513 112 133
515 93 3
515 273 11
515 598 8
516 33 17
516 69 2
516 385 2
516 779 2
517 0 96
517 8 2
517 34 19
517 132 2
517 233 5
517 676 88
518 517 14
520 94 126
520 812 4
521 131 2
521 450 2
521 560 4
522 234 8
523 650 22
525 820 2
527 713 2
528 36 4
528 97 2
528 144 2
528 156 4142
528 171 2
529 517 14
529 520 2
530 86 2
530 132 2
530 696 4
533 5 21
533 37 14
536 244 2
536 902 4
537 99 14
537 478 5
538 84 9
540 256 23
540 481 2
541 793 4
544 160 2
544 536 5
544 551 4
545 226 12
545 914 3
546 758 3
547 427 9
548 169 8
548 512 2
548 586 3
549 530 6
550 36 2
552 136 1723
552 640 6
552 656 5
553 102 2
554 137 17
555 52 31
555 418 546
556 409 10
557 6 127
557 400 5
560 32 12
560 354 3
561 10 26523
562 162 2
562 977 2
563 410 2
564 28 4
564 656 18
566 44 139
566 132 7
571 100 5
572 36 3
574 18 2
576 76 8
576 133 11
576 325 2
576 371 2
576 525 23
577 222 2
577 236 6
577 661 5
578 96 3
578 120 2
578 554 2
578 575 2
579 80 54
579 136 2
579 789 5
580 507 2
580 598 2
583 129 3
584 432 2
584 833 10
585 208 14
586 530 3
587 608 2
589 389 2
590 300 6
590 520 6
590 788 2
592 2 66932
592 528 2
592 585 6
592 856 6
593 429 2
595 58 8
596 91 10
599 92 2
599 569 2
600 115 4
605 80 5
608 185 11
609 28 2
609 225 139
609 526 53
616 81 16
616 450 2
616 806 6
617 374 2
618 1004 2
619 140 6
624 579 40
625 530 26
626 104 3
626 114 22
626 528 4
635 546 2
640 4 2
640 160 44
640 421 13
640 467 14
642 562 2
642 724 2
643 73 8
644 660 2
645 4 2
645 25 19
645 195 2
646 289 4
646 388 2
648 76 2
648 369 3
649 4 2
650 216 5
652 257 8
652 594 5
656 3 4
656 370 6
656 833 12
658 26 3
660 36 11
660 85 2
660 648 5
664 781 16
674 259 8
674 401 3
675 257 21
678 237 5
680 450 17
681 6 4
688 385 3
690 110 2
691 12 6
692 260 2
694 768 2
700 864 9
701 941 8
705 596 36
705 854 13
708 108 9
710 2 13
711 19 2
712 35 3
712 141 2
712 294 2
712 862 24
713 593 2
719 512 17
721 584 21
722 104 2
722 146 3
722 393 14
725 65 2
726 322 14
728 227 8
729 578 2
737 288 5
737 610 2
738 970 23
740 801 2
741 260 16
743 787 2
744 124 5
744 762 3
746 386 2
752 261 2
760 40 3
760 220 5
760 300 3
765 513 3
768 68 6
768 608 2
768 666 2
768 738 4
769 350 8
771 793 20
771 800 4
772 32 2
772 130 2
773 1 3
775 48 4
776 155 2
776 697 5
777 318 3
777 539 47
777 608 3
778 389 8
780 14 9
780 16 6
784 1 2
784 514 2
788 25 8
788 332 2
792 16 8
792 594 26
795 661 2
798 776 4
800 45 2
800 133 16
801 34 2
802 769 2
806 480 4
808 777 94
808 937 2
810 416 2
814 523 4
817 784 24
818 253 2
832 30 6
832 427 43
833 999 2
834 32 2
834 67 4
835 392 2
836 86 2
836 388 7
840 96 12
841 370 5
842 132 2
844 584 4
845 624 2
848 899 3
849 1018 16
851 195 2
852 72 6
852 824 3
856 866 2
864 23 7
867 998 20
868 332 2
871 264 2
872 32 61
873 9 2
880 611 30
882 778 2
885 601 32
894 392 2
897 39 2
897 1002 4
899 537 2
900 4 28
900 162 2
900 313 2
902 131 276
902 420 127
904 888 5
904 929 19
905 12 13
905 540 42
906 137 2
910 614 15
912 2 6
912 388 2
914 669 3
917 560 27
924 196 10
927 190 63
928 516 5
929 10 6
930 547 4
931 230 15
932 274 2
932 783 2
938 316 99
940 512 2
947 568 2
948 9 6
953 905 6
958 844 2
961 291 3
961 472 13
961 481 11
966 29 2
968 352 69
969 313 2
970 180 2
976 321 2
976 779 6
984 324 2
986 772 2
988 366 10
996 36 19
998 127 7
1002 912 8
1004 129 2
1013 316 15
1021 643 3
