0 4 2
0 112 3
0 215 2
0 259 2
0 552 2
0 674 2
1 37 5
1 70 4
1 135 3
1 705 4
1 768 2
1 825 9
1 920 2
2 0 2
2 826 2
3 24 3
3 131 5
3 277 3
3 530 3
3 592 5
3 652 4
4 0 139
4 64 10
4 248 5
4 368 2
4 576 8
4 803 8
5 584 6
6 148 13
6 466 2
6 798 3
7 81 115
8 2 67
8 42 2
8 58 2
8 552 17
8 642 14
8 656 4
8 735 3
8 902 4
9 43 10
9 823 119
10 40 6
10 84 2
10 523 6
10 680 3
10 778 5
11 204 2
11 586 7
12 0 45
12 781 2
13 66 2
13 192 7
13 224 2
13 320 5
13 780 33
14 376 2
14 584 2
16 96 11
16 132 6
16 516 5
16 643 2
16 806 8
17 129 2
18 645 17
19 657 2
19 709 12
20 1 2
20 10 15
20 36 2
20 323 2
22 281 2
23 770 11
24 9 6
24 533 2
24 786 2
25 523 10
25 592 2
26 109 2
27 549 28
28 203 12
29 532 5
30 129 2
30 588 2
32 72 2
32 414 2
32 960 3
33 2 6
33 3 11
33 320 2
33 785 5
35 266 31
35 551 12
35 689 2
36 12 2
36 257 24
36 288 2
36 448 2
37 364 3
37 673 17
38 204 2
39 48 5
39 520 5
40 20 2
40 39 14
40 65 2
40 256 32
40 605 6
40 645 5
40 756 2
40 840 8
41 321 2
41 987 3
42 140 4
42 411 5
43 546 2
44 47 7
44 524 2039
45 74 2
45 615 2
45 808 2
46 57 3
48 708 2
49 17 2
50 528 2
51 70 5
51 377 7
52 899 80
53 245 119
54 718 4
56 89 2
56 267 9
57 448 9
59 292 3
59 453 16
64 1 16
64 192 2
64 370 12
64 465 11
64 686 2
65 25 5
65 96 2
65 104 2
65 218 3
65 515 2
66 140 15
67 16 2
67 20 4
67 37 4
67 482 2
68 153 2
69 138 2
69 572 24
70 212 2
70 431 3
70 672 148
71 1 2
71 700 11
72 37 2
72 961 3
73 999 3
74 600 4
75 259 10
76 76 21
77 450 2
77 456 2
80 132 4
80 920 4
81 852 2
82 283 5
83 124 4
83 617 5
84 64 4
84 490 6
87 462 6
88 330 33
88 782 2
89 4 15
89 76 3
90 977 20
91 154 7
92 38 4
93 134 10
93 669 3
94 869 2
94 954 22
95 20 2
96 103 1305
96 148 5
96 208 7
96 276 711
96 321 97
96 547 10
97 18 16
98 352 285
98 928 2
99 249 4
101 70 2
101 161 18
101 169 2
101 392 2
104 48 11
104 64 2
104 132 5
104 512 38
105 3 24
105 296 4
108 514 2
108 825 2
111 12 8
112 0 18
112 28 17
112 84 2
114 68 2
114 416 2
114 497 8
116 33 8
117 803 5
119 446 3
120 76 2
121 536 2
122 24 9
122 185 8
123 600 4
124 348 9
128 208 16
128 320 2
128 770 4
129 10 28
129 584 14
130 78 8
130 528 3
130 532 53
130 675 2
132 17 5
132 137 8
132 713 10
133 23 4
134 208 8
134 224 2
134 377 7
134 390 2
136 81 7
136 657 6
137 778 3
140 72 2
140 135 21
140 776 2
141 521 3
141 954 3
142 641 2
143 116 3
144 248 2
144 418 3
144 520 9
145 1 2
145 513 2
145 576 4
146 146 2
146 910 13
147 522 2
148 1 2
148 139 2
148 146 2
148 515 2
149 633 5
149 649 3
150 141 4
153 171 2
153 592 3
153 833 10
156 54 2
156 133 2
156 814 4
160 34 9
160 644 2
161 40 14
161 717 4
162 160 2
164 34 2
164 38 2
164 636 3
165 141 3
167 384 9
167 712 2
171 144 8
171 810 2
172 8 10
172 664 5
174 493 2
176 137 2
176 864 5
176 932 2
177 280 3
178 580 2
180 973 30
181 97 15
181 768 7
182 728 46
184 664 2
185 42 5
192 43 2
192 388 7
192 524 2
192 904 2
192 999 2
193 8 28
193 162 2
193 375 2
193 422 2
193 718 864
193 775 12
194 677 2
196 286 6
197 100 2
197 611 2
197 769 11
200 445 2
201 39 4
202 11 2
206 80 2
208 12 13
209 513 2
209 564 108
210 882 8
212 34 19
212 673 3
213 64 35
214 585 2
219 389 2
220 658 5
222 532 2
226 35 4
226 157 2
227 336 5
227 838 5
230 9 4
232 80 11
232 130 43
235 281 16
239 370 2
241 206 7
244 33 2
248 0 2
248 290 6
256 5 2
256 68 3
256 69 7
256 212 2
256 512 2
256 522 2
256 616 51
256 764 7
256 772 15
257 544 2
257 920 8
258 36 2
258 810 19
258 880 3
259 100 21
261 72 7
261 672 58
262 134 2
262 256 2
262 906 4
265 264 2
265 632 2
266 11 2
266 56 2
266 326 2
267 523 14
268 34 15
268 524 5
272 41 3
272 378 9
272 554 6
272 640 3
272 684 8
272 899 2
273 581 3
274 334 2
275 4 4
275 116 2
275 133 60
275 485 2
275 512 19
277 8 3
277 385 2
281 101 5
282 717 2
283 35 9
285 104 11
286 832 6
288 50 12
288 776 2
289 788 5
290 0 2
291 967 2
293 960 3
296 57 5
296 84 5
296 288 2
296 336 2
296 409 9
296 516 3
297 167 11
297 325 74
299 78 8
303 292 3
304 42 2
304 63 4
304 106 4
305 34 5
305 163 2
306 550 14
306 918 2
308 832 2
312 514 4
314 109 2
320 428 115
321 4 13
321 262 6
321 768 2
321 834 12
322 80 4
322 272 4
322 416 2
322 902 2
323 360 2
324 106 4
324 200 2
325 720 2
326 16 5
326 280 3
326 443 2
327 675 5
330 8 2
332 456 2
334 288 4
335 391 2
336 632 2
337 833 4
340 0 2
340 106 66
340 763 4
342 15 3
342 168 4
342 272 3
343 475 6
344 676 2
345 32 5
345 728 7
347 149 2
348 395 3
353 389 7
354 836 2
355 634 10
357 641 5
358 168 2
360 514 2
361 316 381
368 925 2
384 5 57
384 156 10
384 168 5
384 312 2
384 332 4
384 481 2
384 531 2
384 597 27
384 692 2
384 841 2
385 2 11
385 513 3
385 563 2
386 64 2
386 849 2
386 912 7
388 332 2
391 461 11
392 553 19
395 558 13
399 9 5
401 16 20
401 58 2
401 277 12
401 673 6
401 932 2
404 209 2
407 591 3
408 66 2
409 66 23
409 417 5
409 888 5
412 6 29
414 932 5
417 577 5
419 7 8
419 62 2
422 736 8
423 384 39
425 161 4
425 261 22
425 776 3
426 644 18
428 32 5
437 2 2
448 92 2
452 205 6
453 368 12
453 661 15
456 105 11
456 774 2
457 906 11
460 462 5
460 566 12
461 625 13
464 265 12
464 928 15
466 58 2
467 300 29
472 256 9
480 731 2
480 928 15
481 288 3
482 64 6
483 555 3
484 841 2
488 334 2
488 565 4
489 64 2
512 96 2
512 266 67
512 453 18
512 482 225
512 685 7
513 315 7
513 340 2
513 640 4
514 36 5
514 452 3
514 780 12
515 598 2
516 555 8
516 582 2
516 785 3
517 0 8
517 3 11
517 34 2
517 177 4
517 281 9
517 672 3
518 0 7
519 967 4
520 812 3
521 450 6
521 554 7
521 560 2
522 234 2
524 159 23
528 344 6
528 406 3328
528 580 2
528 582 12
528 611 23
529 148 5
529 520 9
529 836 7
530 325 2
532 292 4
532 853 2
536 10 2
536 902 8
537 99 4
537 478 10
538 820 2
544 6 30
544 21 2
544 597 8
545 226 2
545 743 2
546 2 13
546 4 2
546 263 2
546 650 2
546 900 24
547 427 3
547 577 19
548 512 2
548 577 2
549 68 21
549 97 15
549 146 5
550 649 15
550 800 5
551 40 3
552 136 20
552 656 2
554 137 20
555 52 2
557 15 3
557 557 2
560 32 9
560 168 15
560 354 72
561 10 36
564 656 8
564 659 3
567 793 2
569 522 2
572 370 5
572 777 2
574 533 7
576 4 4
576 76 41
576 133 3
576 172 3
576 371 2
576 525 3
576 547 2
576 607 4
577 72 3
577 577 3
577 661 25
577 997 2
578 554 12
578 572 15
579 136 3
583 129 3
585 217 2
586 64 6
587 608 4
589 389 3
590 276 2
592 4 2
592 566 28
592 585 2
592 856 226
595 557 37
596 91 2
599 176 3
600 575 2
601 335 3
606 281 2
607 393 3
608 176 2
608 185 5
609 210 19
612 534 2
616 81 3
617 374 2
618 70 8
618 1004 7
619 231 6
625 261 2
626 104 2
626 114 2
627 977 11
629 528 8
638 161 2
640 4 2
640 246 6
640 369 8
642 512 2
643 73 8
644 48 2
645 25 2
645 548 16
648 98 7
650 108 4
654 129 26
655 761 7
656 278 6
656 833 5
658 10 6
658 640 3
660 36 2
660 52 5
660 648 6
668 163 2
668 464 2
672 64 5
672 608 5
672 717 4
673 656 5
676 52 7
677 641 2
680 39 5
680 540 2057
681 33 14
689 80 3
691 12 2
694 6 3
694 768 10
700 229 20
700 864 7
701 34 4
704 34 3
705 596 2
706 17 8
706 161 2
709 325 2
709 354 101
713 593 4
716 98 7
716 339 2
716 649 5
720 803 7
721 104 13
722 82 2
722 100 5
722 104 2
722 464 10
723 142 3
724 596 11
725 44 6
726 322 13
728 712 3
737 288 4
737 610 2
738 970 18
740 235 6
740 801 10
741 260 23
744 124 2
746 386 4
751 506 17
759 130 89
760 40 66
763 668 2
765 513 2
769 350 2
769 773 7
770 256 3
771 128 9
772 32 2
774 936 6
775 48 6
775 921 4
777 539 4
780 707 45
780 901 4
781 496 205
782 226 8
782 405 6
784 604 4
785 257 154
786 142 3
786 521 4
786 914 910
793 498 3
793 628 14
799 433 6
800 9 3
800 73 6
800 97 4
801 312 3
801 592 8
802 769 2
803 512 2
805 781 2
806 134 3
808 526 6
808 945 5
810 17 4
816 24 5
824 392 2
824 978 2
832 16 2
832 281 82
832 328 23
833 147 7
834 0 2
836 388 2
839 21 2
840 545 10
840 800 2
841 370 16
843 939 2
845 561 9
848 899 2
850 308 3
850 776 2
852 2 16
852 72 16
852 824 17
864 23 2
864 786 5
867 998 2
870 68 2
872 32 5
872 50 6
874 360 5
884 802 2
895 603 6
897 115 7
898 699 2
899 537 8
903 339 8
904 231 2
904 552 10
906 328 7
907 276 9
908 456 40
911 10 2
914 669 2
914 968 2
916 777 17
921 272 2
922 8 6
924 33 2
924 196 2
927 190 3
928 516 2
929 10 28
929 316 2
930 547 10
944 165 5835
946 205 180
951 818 2
952 37 17
953 905 74
960 358 2
961 131 3
961 291 2
963 130 3
966 29 2
966 192 2
968 51 2
968 360 9
969 313 73
969 769 14
971 566 19
976 321 12
977 22 2
977 34 2
978 817 2
985 268 4
986 772 2
987 962 2
988 366 21609
990 35 194
998 127 11
1002 652 2
1003 684 181
1004 129 19
1018 358 636
1020 385 2
