0 4 2
0 112 2
0 215 20
0 259 6
0 552 2
0 674 2
1 37 2
1 70 9
1 135 25
1 705 5
1 768 2
1 825 2
1 920 6
2 0 3
2 826 2
3 24 2
3 131 5
3 277 11
3 530 3
3 592 11
3 652 13
4 0 2
4 64 2
4 248 16
4 368 2
4 576 2
4 803 4
5 584 17
6 148 9
6 466 4
6 798 11
7 81 9
8 2 6
8 42 2
8 58 13
8 552 18
8 642 14
8 656 5
8 735 6
8 902 2
9 43 8
9 823 2
10 40 6
10 84 20
10 523 3
10 680 2
10 778 16
11 204 2
11 586 7
12 0 2
12 781 2
13 66 3
13 192 6
13 224 2
13 320 5
13 780 7
14 376 38
14 584 22
16 96 14
16 132 6
16 516 2
16 643 5
16 806 2
17 129 2
18 645 2
19 657 14
19 709 2
20 1 10
20 10 20
20 36 2
20 323 3
22 281 17
23 770 6
24 9 2
24 533 211654
24 786 2
25 523 2
25 592 2
26 109 2
27 549 2
28 203 4
29 532 12
30 129 4
30 588 3
32 72 11
32 414 4
32 960 2
33 2 11
33 3 24
33 320 2
33 785 17
35 266 16
35 551 2
35 689 5
36 12 2
36 257 8
36 288 2
36 448 15
37 364 2
37 673 2
38 204 200
39 48 2
39 520 3
40 20 2
40 39 5
40 65 6
40 256 310
40 605 6
40 645 5
40 756 9
40 840 17
41 321 8
41 987 48
42 140 9
42 411 10
43 546 2
44 47 2
44 524 9
45 74 3
45 615 62
45 808 2
46 57 8
48 708 7
49 17 2
50 528 273
51 70 6
51 377 4
52 899 10206
53 245 2
54 718 3
56 89 2
56 267 4
57 448 3
59 292 25
59 453 20
64 1 6
64 192 249
64 370 7
64 465 9
64 686 2
65 25 3
65 96 2
65 104 13
65 218 13
65 515 4
66 140 2
67 16 2
67 20 2
67 37 6
67 482 8
68 153 2
69 138 2
69 572 3
70 212 4
70 431 2
70 672 64
71 1 5
71 700 3
72 37 2
72 961 3
73 999 2
74 600 11
75 259 21
76 76 2
77 450 2
77 456 3
80 132 5
80 920 5
81 852 4
82 283 10
83 124 4
83 617 6
84 64 3
84 490 2
87 462 2
88 330 5
88 782 2
89 4 2
89 76 7
90 977 2
91 154 5
92 38 6
93 134 14
93 669 61
94 869 11
94 954 9
95 20 2
96 103 2
96 148 10
96 208 3
96 276 1216
96 321 67
96 547 14
97 18 9
98 352 197679
98 928 2
99 249 6
101 70 122
101 161 2
101 169 73
101 392 6
104 48 2
104 64 54
104 132 10
104 512 8
105 3 10
105 296 10
108 514 25
108 825 4
111 12 18
112 0 2
112 28 2
112 84 3
114 68 2
114 416 5
114 497 20
116 33 5
117 803 3
119 446 4
120 76 6
121 536 2
122 24 2
122 185 4
123 600 10
124 348 3
128 208 18
128 320 13
128 770 5
129 10 14
129 584 7
130 78 2
130 528 3
130 532 11
130 675 3
132 17 2
132 137 9
132 713 6
133 23 3
134 208 23
134 224 6
134 377 5
134 390 2
136 81 2
136 657 2
137 778 7
140 72 2
140 135 2
140 776 12
141 521 14
141 954 3
142 641 3
143 116 2
144 248 19
144 418 2
144 520 4
145 1 3
145 513 2
145 576 2
146 146 3
146 910 36
147 522 2
148 1 2
148 139 2
148 146 12
148 515 51
149 633 17
149 649 3
150 141 17
153 171 22
153 592 3
153 833 7
156 54 2
156 133 17
156 814 2
160 34 2
160 644 571
161 40 7
161 717 2
162 160 17
164 34 652
164 38 5
164 636 10
165 141 4
167 384 2
167 712 26
171 144 3
171 810 7
172 8 8
172 664 4
174 493 15
176 137 2
176 864 3
176 932 2
177 280 4
178 580 2
180 973 7
181 97 16
181 768 5
182 728 2
184 664 2
185 42 4
192 43 591
192 388 2
192 524 7
192 904 10
192 999 2
193 8 67
193 162 14
193 375 2
193 422 16
193 718 2
193 775 3
194 677 2
196 286 11
197 100 2
197 611 18
197 769 5
200 445 6
201 39 7
202 11 2
206 80 2
208 12 2
209 513 2
209 564 3
210 882 24
212 34 3
212 673 15
213 64 7
214 585 3
219 389 2
220 658 9
222 532 2
226 35 10
226 157 47
227 336 4
227 838 3
230 9 24
232 80 13
232 130 15
235 281 4
239 370 2
241 206 2
244 33 11
248 0 34
248 290 2
256 5 21
256 68 8
256 69 9
256 212 4
256 512 5
256 522 2
256 616 28
256 764 12
256 772 2
257 544 2
257 920 4
258 36 9
258 810 2
258 880 11
259 100 5
261 72 2
261 672 50
262 134 7
262 256 23
262 906 3
265 264 21
265 632 137
266 11 3
266 56 3
266 326 6
267 523 21
268 34 3
268 524 2
272 41 14
272 378 27
272 554 20
272 640 5
272 684 51
272 899 2
273 581 2
274 334 2
275 4 2
275 116 2
275 133 4
275 485 27
275 512 16
277 8 2
277 385 11
281 101 2
282 717 3
283 35 5
285 104 5
286 832 30
288 50 2
288 776 2
289 788 2
290 0 30
291 967 2
293 960 27
296 57 2
296 84 2
296 288 2
296 336 12
296 409 3
296 516 14
297 167 3
297 325 2
299 78 7
303 292 10
304 42 2
304 63 11
304 106 9
305 34 12
305 163 5
306 550 20
306 918 2
308 832 481
312 514 14
314 109 177
320 428 13
321 4 12
321 262 16
321 768 5
321 834 20
322 80 2
322 272 2
322 416 11
322 902 2
323 360 571
324 106 8
324 200 2
325 720 4
326 16 7
326 280 43
326 443 2
327 675 8
330 8 6
332 456 3
334 288 13
335 391 8
336 632 2
337 833 12
340 0 24
340 106 2
340 763 3
342 15 14
342 168 2
342 272 12
343 475 8
344 676 2
345 32 7
345 728 2
347 149 2
348 395 2
353 389 6
354 836 46
355 634 4
357 641 3
358 168 2
360 514 4
361 316 76
368 925 2
384 5 5
384 156 2
384 168 14
384 312 6
384 332 14
384 481 2
384 531 2
384 597 11
384 692 2
384 841 2
385 2 5
385 513 2
385 563 3
386 64 2
386 849 2
386 912 2
388 332 2
391 461 11
392 553 10
395 558 3
399 9 25
401 16 7
401 58 2
401 277 6
401 673 14
401 932 2
404 209 2
407 591 14
408 66 2
409 66 22
409 417 14
409 888 3
412 6 3
414 932 9
417 577 7
419 7 3
419 62 25
422 736 13
423 384 2
425 161 2
425 261 17
425 776 2
426 644 4
428 32 5
437 2 2
448 92 2
452 205 2
453 368 4
453 661 5
456 105 4
456 774 2
457 906 3
460 462 2
460 566 29
461 625 2
464 265 14
464 928 2
466 58 2
467 300 2
472 256 2
480 731 2
480 928 2
481 288 2
482 64 6
483 555 14
484 841 13
488 334 3
488 565 11
489 64 3
512 96 2
512 266 20
512 453 9
512 482 7
512 685 21
513 315 7
513 340 2
513 640 7
514 36 2
514 452 12
514 780 5
515 598 13
516 555 3
516 582 18
516 785 3
517 0 4
517 3 3
517 34 6
517 177 2
517 281 4
517 672 2
518 0 8
519 967 15
520 812 7
521 450 3
521 554 5
521 560 3
522 234 2
524 159 2
528 344 7
528 406 2
528 580 3
528 582 3
528 611 2
529 148 5
529 520 3
529 836 7
530 325 6
532 292 15
532 853 14
536 10 4
536 902 7
537 99 3
537 478 21
538 820 2
544 6 3
544 21 2
544 597 10
545 226 23
545 743 2
546 2 2
546 4 604
546 263 2
546 650 2
546 900 8
547 427 4
547 577 6
548 512 2
548 577 3
549 68 5
549 97 2
549 146 10
550 649 11
550 800 38
551 40 2
552 136 7
552 656 3
554 137 7
555 52 8
557 15 5
557 557 2
560 32 7
560 168 2
560 354 2
561 10 3
564 656 13
564 659 2
567 793 2
569 522 5
572 370 13
572 777 2
574 533 26
576 4 4
576 76 22
576 133 9
576 172 5
576 371 2
576 525 11
576 547 29
576 607 20
577 72 2
577 577 8
577 661 2
577 997 8
578 554 2
578 572 12
579 136 4
583 129 8
585 217 43
586 64 5
587 608 2
589 389 2
590 276 2
592 4 41
592 566 3
592 585 2
592 856 2
595 557 14
596 91 2
599 176 2
600 575 7
601 335 2
606 281 3
607 393 10
608 176 5
608 185 2
609 210 38
612 534 2
616 81 3
617 374 2
618 70 2
618 1004 13
619 231 2
625 261 3
626 104 13
626 114 5
627 977 17
629 528 5
638 161 2
640 4 141
640 246 4
640 369 6
642 512 9
643 73 5
644 48 6
645 25 2
645 548 2
648 98 3
650 108 3
654 129 6
655 761 4
656 278 3
656 833 2
658 10 7
658 640 2
660 36 2
660 52 3
660 648 3
668 163 263
668 464 2
672 64 2
672 608 31
672 717 17
673 656 8
676 52 9
677 641 3
680 39 21
680 540 2
681 33 2
689 80 4
691 12 4
694 6 15817
694 768 26
700 229 3
700 864 2
701 34 3
704 34 7
705 596 2
706 17 2
706 161 3
709 325 3
709 354 428
713 593 2
716 98 3
716 339 2
716 649 3
720 803 2
721 104 7
722 82 2
722 100 11
722 104 7
722 464 10
723 142 4
724 596 3
725 44 3
726 322 2
728 712 3
737 288 4
737 610 163
738 970 2
740 235 9
740 801 8
741 260 4
744 124 2
746 386 2
751 506 68
759 130 2
760 40 2
763 668 4
765 513 2
769 350 11
769 773 2
770 256 414
771 128 5
772 32 8
774 936 7
775 48 5
775 921 4
777 539 8
780 707 3
780 901 7
781 496 2
782 226 3
782 405 5
784 604 2
785 257 2
786 142 6
786 521 2
786 914 2
793 498 2
793 628 12
799 433 4
800 9 2
800 73 14
800 97 6
801 312 10
801 592 4
802 769 2
803 512 2
805 781 2
806 134 7
808 526 2
808 945 9
810 17 2
816 24 12
824 392 8
824 978 2
832 16 6
832 281 37
832 328 7
833 147 2
834 0 2
836 388 7
839 21 6
840 545 35
840 800 7
841 370 2
843 939 3
845 561 4
848 899 2
850 308 2
850 776 4
852 2 7
852 72 8
852 824 6
864 23 6
864 786 29
867 998 20
870 68 22
872 32 7
872 50 11
874 360 12
884 802 15
895 603 5
897 115 18
898 699 6
899 537 3
903 339 13
904 231 197
904 552 5
906 328 4
907 276 2
908 456 19
911 10 4
914 669 5
914 968 2
916 777 6
921 272 2
922 8 9
924 33 2
924 196 10
927 190 2
928 516 2
929 10 6
929 316 6
930 547 5
944 165 180
946 205 1830
951 818 4
952 37 4
953 905 330
960 358 2
961 131 4
961 291 2
963 130 12
966 29 2
966 192 14
968 51 2
968 360 3
969 313 2
969 769 2
971 566 5
976 321 10
977 22 13
977 34 2
978 817 105
985 268 2
986 772 13
987 962 2
988 366 2
990 35 2
998 127 2
1002 652 2
1003 684 2
1004 129 4
1018 358 1232
1020 385 2
