0 17 7
0 29 27
0 321 6
0 552 2
0 618 10
0 674 3
0 843 2
1 37 348
1 481 3
1 535 52
1 768 2
2 0 3
2 3 18
2 48 26
2 132 217
2 260 3
2 523 2
3 24 2
3 131 5
3 272 12
3 277 4
3 530 6
3 652 11
4 50 233
4 248 2
5 216 2
5 584 5
6 212 2
6 267 2
6 512 2
8 19 2
8 202 12
8 272 2
8 642 2
8 656 4
8 902 2
9 39 5
9 43 2
9 823 3
10 75 46
10 84 5
10 160 2
11 204 7
11 586 50
12 0 21
12 116 19
12 366 8
13 192 3
13 320 3450
14 127 2
14 321 5
14 376 31
16 64 13
16 132 2
16 516 13
16 806 2
18 51 10
18 215 8
18 641 3
18 645 37
19 709 33
20 36 5
20 69 3
20 194 4
20 786 3
22 107 41
22 133 3
22 320 3
22 565 2
24 533 18
24 944 3
25 592 14
27 130 7
27 547 9
27 549 22
28 42 3
28 192 10
28 624 2
28 647 4
29 532 3
30 21 9
30 52 2
30 588 4056
31 77 9
32 185 11
32 204 6
32 388 4
32 612 615
32 641 2
33 3 7
33 26 2
33 31 12
33 785 2
33 945 7
34 663 2
34 800 5
35 266 3
35 551 10
35 689 21
36 257 2
36 288 2
37 13 15
37 364 2
39 48 5
40 756 2
41 513 2
41 987 4
43 546 22
44 10 6
44 47 2
45 23 2
45 808 2
48 176 8
48 193 2
48 226 2
48 646 13
48 789 23
49 17 84
49 310 5
49 313 2
49 516 6
50 9 3
50 113 3
51 377 4
51 516 73
52 188 3
52 899 297
53 146 2
56 544 2
59 292 2
59 453 2
60 5 2
62 612 10
64 26 3
64 41 47
64 192 4
64 481 110
64 686 2
64 780 154
65 241 2
67 453 10
67 482 23
67 840 2
69 276 13
70 608 2
71 1 58
71 409 2
72 280 2
72 437 2
73 39 3
73 640 2
73 999 5
74 512 2
75 576 11
76 262 2
77 267 34
77 450 179
78 919 678
79 165 14
79 386 41
80 677 2
80 920 2
81 807 3
82 280 2
83 115 14
83 124 9
83 304 11
83 617 3
83 784 5
84 74 2
84 490 9
86 524 2
87 515 2
90 20 10
91 154 34
92 91 15
93 49 2
93 669 2
94 869 8
96 103 4
96 148 3
96 220 12
96 276 12
96 304 74
96 547 16
96 820 2
97 286 2
98 401 2
98 928 14
99 134 2
99 249 2
101 70 41
101 161 2
101 392 9
101 599 2
104 48 14
104 64 6
104 512 4
104 673 15
105 296 26
106 516 28
107 129 2
109 707 2
111 12 3
112 28 14
112 84 2
114 452 7
114 497 11
117 803 9
120 0 36
120 76 2
122 24 18
128 10 5
128 134 2
128 200 15
128 208 9
129 0 96
129 10 6
129 37 5
129 584 2
130 772 2
132 137 3
132 916 7
132 957 2
133 23 2
133 138 2
134 67 2
134 390 5
134 516 2
134 768 3
136 160 5
136 610 9
136 684 10
137 778 2
139 865 13349
140 72 2
140 135 2
141 954 6
142 641 11
144 18 3
144 248 2
145 216 2
145 513 4
145 576 2
146 396 11
147 513 1465
147 522 2
148 24 8
148 515 2
149 20 7
149 633 2
150 656 3
151 207 1266
153 26 4
153 151 2
153 592 7
153 961 2
156 54 4
158 104 5
160 644 24
160 801 2
161 21 3
161 376 4
161 576 3
163 361 12192
163 601 191
164 34 6
164 217 2
164 264 8
164 280 2
164 329 6
164 481 14
164 636 5
165 397 7263
167 289 2
168 8 16
168 67 2
168 68 108
168 480 4
169 25 2
169 351 22
171 144 2
172 32 9
173 261 10
174 493 8
174 582 2
176 270 4
177 128 2
180 19 2
180 152 2
181 331 6
181 768 3
182 672 2
184 664 9
186 272 7
186 582 2
188 4 2
192 52 9
192 536 19
192 713 2
192 904 3
193 8 2
193 162 7
193 375 2
193 422 2
196 81 4
197 297 31
197 592 2
197 611 2
198 3 2
200 445 2
200 577 4
200 924 21
206 80 11
208 12 23
208 88 9
208 534 15
210 1 23
210 882 35
212 34 2
216 66 8
216 792 3
219 389 4
220 658 5
222 532 8
222 852 2
225 948 4
226 35 2
226 157 33
227 592 11
230 9 5
231 290 115
232 5 2
232 130 4
234 848 2
234 917 2
235 281 9
237 91 2
238 642 17
240 66 11
240 799 13
240 914 27
244 356 9
246 64 6
247 626 4
256 1 5
256 4 25
256 97 6
256 416 2
256 705 2
256 804 2
256 904 5
257 0 2
257 156 2
257 680 100
257 912 4
258 36 17
258 673 2
259 226 3
260 978 5
261 8 2
261 67 7
261 72 7
262 193 13
264 296 7
264 320 4
265 339 19
266 272 23
266 336 2
268 12 9
268 192 9
268 524 9
272 208 2
272 225 2
272 234 2
272 280 119
273 693 30
274 98 52
274 334 114
275 4 13
275 133 4
275 485 5
276 628 680
277 8 15
277 128 3
278 258 3
279 901 2
280 82 10
282 576 5
282 717 11
282 787 15
284 835 89
286 624 2
287 802 8
288 47 18
288 50 11
289 468 16
290 258 157
290 388 321
291 967 7
292 19 6
292 593 5
294 27 15
294 864 2
296 84 8
296 409 5
296 516 2
297 167 11
297 389 26
298 800 5
300 140 12
304 63 4
305 163 8
305 576 4317
306 36 3
308 21 2
308 583 19
308 640 6
308 832 3
320 29 47
320 407 2
320 468 7
321 4 4
321 262 2
321 337 272
322 80 2
323 360 3
324 16 2
324 106 2
324 167 8792
324 200 1360
324 530 183
325 74 10
325 614 2
326 11 35
326 32 8
326 280 4
327 675 9
329 258 12
334 288 29
336 18 18
336 576 2
336 632 7
337 833 2
338 33 2
338 160 2
339 42 2
342 15 9
342 536 3
343 475 3
344 676 2
345 32 12
347 149 2
347 296 7
348 128 5
348 395 4
352 419 1145
352 680 2
352 794 6
352 860 2
353 389 4
354 25 3
354 969 2
355 134 3
356 800 2
357 641 5
357 690 6
358 197 3
360 555 6
360 732 10
361 316 2
368 49 10
368 738 3
368 925 3
371 705 2
384 168 2
384 312 8
384 457 9
384 692 96
384 962 2
385 214 2
385 563 2
386 64 2
386 158 74
386 206 2
386 681 2
386 849 4
387 147 2
387 297 2
388 332 2
389 596 9
390 566 7
391 461 2
392 336 52
394 590 14
395 558 4
396 454 22
396 536 8
396 777 12
400 144 5
401 277 2
401 284 3
402 68 5
410 520 491
412 6 3
415 101 2
416 531 2
417 577 525
419 7 2
420 114 9
420 424 3
420 538 3
420 545 2
423 651 3
424 481 2
426 644 2
427 580 10
428 880 4
436 641 38
442 691 3
444 769 10
448 92 2
450 450 3
452 488 2
453 368 31
454 9 8
454 437 2
454 634 11
454 782 10
456 105 3
456 376 5
458 743 2
460 462 8
460 566 2
462 516 2
463 916 71
465 902 4
467 211 3
472 256 19
473 600 2
476 775 18
480 0 2
482 285 8
483 276 57
483 555 45
488 269 20
488 334 25
489 64 2
496 433 7
501 519 4
506 706 10
512 5 20
512 153 26
512 173 22
512 266 7
512 438 2
513 100 2
513 112 31
513 315 2
513 340 2
514 11 2
514 522 3
514 572 3
515 93 4
516 72 10
516 385 5
516 605 3
517 0 2
517 8 2
517 132 2
517 233 2
517 281 3
517 525 3
517 534 7
517 672 4
517 676 5
518 0 2
520 896 2
521 450 6
521 546 4
522 1 4
522 234 2
524 173 2
524 520 2
525 134 6
528 144 12
528 512 3
528 611 6
530 132 37
530 278 2
534 786 9
534 932 2
535 10 3
536 244 14
536 687 2
536 902 16
537 478 7
538 84 5
538 820 14
540 256 6
540 481 2
544 6 2
544 21 4
544 429 3
544 536 3
544 542 2
544 551 14
544 597 2
545 520 7
545 914 25
546 2 4
546 4 23
546 263 38
546 612 5
546 650 8
546 758 5
547 265 2
547 577 18
554 4 3
556 409 9
557 6 3
557 557 2
559 557 8
560 18 12
560 96 2
560 168 4
561 993 5
563 20 2
564 28 2
564 656 2
564 659 4
565 105 3
567 793 2
571 457 3
572 36 7
572 257 212
573 886 2
574 18 4
574 533 7
574 696 2
576 4 6
576 133 2
576 228 18
576 525 2
577 236 4
579 136 2
579 789 2
580 64 3
580 507 8
580 528 13
580 598 3
582 633 3
583 129 2
585 217 2
586 530 4
588 784 6
589 389 4
590 300 10
591 147 2
592 322 10
592 528 2
593 429 5
595 557 2
596 11 15
599 92 12
599 176 6
599 569 2
600 575 48
601 431 4
604 913 67
605 80 14
608 522 2
608 648 3
609 210 2
611 125 2
612 534 16
617 908 6
619 140 3
623 1000 2
625 5 13
625 530 15
626 104 3
627 3 3
627 977 5
632 18 4
633 812 2
640 4 38
640 525 17
640 952 37
642 512 4
644 660 2
644 756 29
645 963 3
646 289 3
646 388 2
648 98 14
648 369 13
648 769 16
650 108 38
650 953 2
652 257 9
652 594 10
656 3 2
656 259 7
656 833 5
657 201 2
658 226 2
660 52 16
660 69 2
661 244 6
664 539 487
665 260 8
668 749 8
670 515 4
672 608 3
672 717 2
673 656 7
674 259 4
674 672 10
676 52 2
677 641 9
678 237 3
682 14 2
682 156 8594
686 426 20
689 80 9
692 914 13
693 522 2
694 768 2
694 931 3
700 229 2
704 34 2
704 292 11
704 514 2
704 673 82
705 854 2
709 843 3
710 2 2
712 141 3
712 862 2
713 593 2
716 339 3
719 512 13
720 7 2
721 0 2
721 584 7
722 82 3
722 100 5
722 104 2
722 393 2
728 350 4
728 712 3
729 578 5
738 970 5
740 778 4
746 386 2
751 506 10
752 261 18
760 220 39
760 300 3
765 513 29
768 326 3
768 608 3
768 736 4
769 277 3
769 640 2
770 67 4
770 211 3
772 32 2
774 936 6
775 48 2
776 586 3
777 6 138
777 318 16
778 330 2
778 707 2
780 14 13
780 552 7
780 707 6
782 226 4
784 549 2
784 604 2
785 45 2
786 142 6
786 576 2
786 914 5
792 16 2
792 540 2
793 628 2
798 776 2
800 9 3
800 45 2
800 133 10
801 592 8
802 769 14
804 104 17
804 779 2
805 781 20
806 232 147
808 945 2
810 394 7
814 264 10
814 905 2
819 538 68
832 328 2
832 427 2
833 999 11
834 67 11
834 104 5
835 392 12
836 86 4
836 485 3
838 785 30
840 545 29
841 370 8
842 200 2
843 939 11
845 624 6
848 188 2
849 792 9
852 824 3
854 681 2
857 42 2
864 786 2
870 6 3
870 68 3
871 264 3
872 32 4
872 50 255
873 9 2
882 42 2
882 778 2
884 802 2
894 392 20
898 336 15
902 420 2
903 339 4
904 112 251
904 231 3
905 540 8
905 572 14
907 276 2
910 614 14
911 896 3
915 431 6
917 912 3
920 200 115
929 10 2
930 547 2
931 230 2
932 783 2
933 657 6
938 316 2
938 552 4
944 165 31
947 568 4
953 905 2
961 481 4
966 29 3
966 197 5
966 555 13
968 51 7
968 352 22
968 360 10
971 566 14
976 321 3
996 36 3
996 836 33
1002 912 2
1004 129 3
