0 17 6
0 29 42
0 321 5
0 552 2
0 618 2
0 674 8
0 843 208
1 37 786
1 481 3
1 535 2
1 768 2
2 0 5
2 3 2
2 48 2
2 132 2
2 260 2
2 523 2
3 24 2
3 131 105
3 272 6
3 277 158
3 530 2
3 652 2
4 50 3
4 248 3
5 216 155
5 584 18
6 212 3
6 267 449
6 512 5
8 19 3
8 202 4
8 272 3
8 642 2
8 656 5
8 902 2
9 39 4
9 43 2
9 823 2
10 75 31
10 84 11
10 160 2
11 204 11
11 586 4
12 0 12
12 116 6
12 366 2
13 192 2
13 320 3
14 127 110
14 321 4
14 376 9
16 64 8
16 132 2
16 516 2
16 806 2
18 51 4
18 215 3
18 641 2
18 645 64
19 709 4
20 36 4
20 69 36
20 194 11
20 786 24
22 107 2
22 133 2
22 320 2
22 565 2
24 533 12
24 944 8
25 592 9
27 130 31
27 547 13
27 549 2
28 42 2
28 192 10
28 624 4
28 647 2
29 532 2
30 21 15
30 52 2
30 588 2
31 77 6
32 185 2
32 204 4
32 388 3
32 612 2
32 641 2
33 3 9
33 26 8
33 31 20
33 785 1275
33 945 3
34 663 2
34 800 3
35 266 2
35 551 2
35 689 2
36 257 4
36 288 2
37 13 34
37 364 2
39 48 11
40 756 2
41 513 13
41 987 4
43 546 3
44 10 7
44 47 26
45 23 2
45 808 2
48 176 4
48 193 2
48 226 11
48 646 5
48 789 2
49 17 2
49 310 2
49 313 2
49 516 12
50 9 2
50 113 15
51 377 10
51 516 2
52 188 2
52 899 3
53 146 2
56 544 357
59 292 2
59 453 4
60 5 2
62 612 3
64 26 16
64 41 15
64 192 3
64 481 10
64 686 2
64 780 2
65 241 2
67 453 2
67 482 2
67 840 5
69 276 3
70 608 2
71 1 2
71 409 5
72 280 13
72 437 2
73 39 15
73 640 2
73 999 6
74 512 2
75 576 6
76 262 27
77 267 48
77 450 2
78 919 2
79 165 2
79 386 2
80 677 2
80 920 20
81 807 12
82 280 2
83 115 2
83 124 2
83 304 12
83 617 6
83 784 2
84 74 6
84 490 6
86 524 2
87 515 39
90 20 10
91 154 4
92 91 2
93 49 2
93 669 46
94 869 7
96 103 4
96 148 2
96 220 21
96 276 3
96 304 2
96 547 3
96 820 12
97 286 4
98 401 2
98 928 32
99 134 2
99 249 3
101 70 3
101 161 2
101 392 2
101 599 21
104 48 25
104 64 2
104 512 2
104 673 2
105 296 2
106 516 17
107 129 10
109 707 1438
111 12 6
112 28 39
112 84 6
114 452 6
114 497 8
117 803 5
120 0 8
120 76 2
122 24 16
128 10 3
128 134 4
128 200 8
128 208 4
129 0 33
129 10 2
129 37 2
129 584 2
130 772 7
132 137 9
132 916 12
132 957 45
133 23 2
133 138 13
134 67 2
134 390 2
134 516 2
134 768 3
136 160 25
136 610 2
136 684 11
137 778 4
139 865 2
140 72 54
140 135 4
141 954 5
142 641 9
144 18 2
144 248 2
145 216 204
145 513 3
145 576 2
146 396 9
147 513 7
147 522 26
148 24 3
148 515 64
149 20 2
149 633 2
150 656 2
151 207 45
153 26 8
153 151 11
153 592 2
153 961 5
156 54 4
158 104 4
160 644 13
160 801 5
161 21 5
161 376 3
161 576 47
163 361 2
163 601 3
164 34 2
164 217 5
164 264 11
164 280 5
164 329 13
164 481 3
164 636 4
165 397 22
167 289 7
168 8 12
168 67 8
168 68 150
168 480 7
169 25 4
169 351 6
171 144 2
172 32 56
173 261 4
174 493 4
174 582 2
176 270 4
177 128 91
180 19 2
180 152 2
181 331 54
181 768 2
182 672 23
184 664 29
186 272 12
186 582 2
188 4 3
192 52 31
192 536 5
192 713 2
192 904 3
193 8 49
193 162 4
193 375 2
193 422 2
196 81 2
197 297 21
197 592 2
197 611 5
198 3 33
200 445 16
200 577 11
200 924 2
206 80 6
208 12 7
208 88 18
208 534 5
210 1 4
210 882 9
212 34 7
216 66 19
216 792 2
219 389 47
220 658 11
222 532 2
222 852 2
225 948 12
226 35 10
226 157 20
227 592 15
230 9 15
231 290 2
232 5 3
232 130 2
234 848 2
234 917 21
235 281 2
237 91 2
238 642 7
240 66 8
240 799 28
240 914 2
244 356 14
246 64 6
247 626 2
256 1 2
256 4 3
256 97 2
256 416 2
256 705 8
256 804 6
256 904 8
257 0 2
257 156 8
257 680 2
257 912 5
258 36 24
258 673 33297
259 226 5
260 978 8
261 8 9
261 67 4
261 72 3
262 193 12
264 296 9
264 320 2
265 339 26
266 272 7
266 336 23178
268 12 6
268 192 2
268 524 2
272 208 15
272 225 13
272 234 2
272 280 8484
273 693 20
274 98 2
274 334 6
275 4 55
275 133 2
275 485 6
276 628 2
277 8 5
277 128 10
278 258 13
279 901 67
280 82 10
282 576 2
282 717 3
282 787 2
284 835 165
286 624 2
287 802 4
288 47 4
288 50 5
289 468 3
290 258 2
290 388 2
291 967 3
292 19 2
292 593 6
294 27 10
294 864 2
296 84 2
296 409 6
296 516 2
297 167 10
297 389 2
298 800 7
300 140 2
304 63 2
305 163 2
305 576 19
306 36 2
308 21 3
308 583 2
308 640 2
308 832 2
320 29 11
320 407 2
320 468 2
321 4 3
321 262 2
321 337 2
322 80 2
323 360 8
324 16 2
324 106 427
324 167 2
324 200 2
324 530 3
325 74 3
325 614 2
326 11 26
326 32 2
326 280 3
327 675 11
329 258 11
334 288 3
336 18 3
336 576 7
336 632 5
337 833 4
338 33 2
338 160 32
339 42 9
342 15 9
342 536 7
343 475 219
344 676 7
345 32 3
347 149 2
347 296 3
348 128 7
348 395 6
352 419 148
352 680 2
352 794 3
352 860 2
353 389 5
354 25 2
354 969 2
355 134 6
356 800 8
357 641 4
357 690 11
358 197 8
360 555 3
360 732 13
361 316 21
368 49 19
368 738 16
368 925 16
371 705 2
384 168 4
384 312 7
384 457 3
384 692 4
384 962 20
385 214 7
385 563 3
386 64 7
386 158 3
386 206 2
386 681 2231
386 849 9
387 147 6
387 297 5
388 332 2
389 596 8
390 566 5
391 461 238
392 336 2
394 590 3
395 558 4
396 454 2
396 536 2
396 777 2
400 144 2
401 277 2
401 284 2
402 68 29
410 520 2
412 6 22
415 101 145
416 531 4
417 577 1217
419 7 12
420 114 2
420 424 2
420 538 2
420 545 2
423 651 2
424 481 2
426 644 45
427 580 2
428 880 970
436 641 14
442 691 4
444 769 17
448 92 4
450 450 2
452 488 2
453 368 2
454 9 4
454 437 4
454 634 6
454 782 2
456 105 3
456 376 2
458 743 2
460 462 9
460 566 53
462 516 3
463 916 4
465 902 7
467 211 29
472 256 2
473 600 2
476 775 2
480 0 3
482 285 2
483 276 2
483 555 2
488 269 82
488 334 3
489 64 2
496 433 3
501 519 2
506 706 2
512 5 2
512 153 23
512 173 2
512 266 2
512 438 4
513 100 2
513 112 4
513 315 2
513 340 13
514 11 2
514 522 2
514 572 26
515 93 8
516 72 3
516 385 4
516 605 3
517 0 12
517 8 2
517 132 2
517 233 6
517 281 6
517 525 8
517 534 2
517 672 7
517 676 2
518 0 61
520 896 1078
521 450 2
521 546 2
522 1 3
522 234 8
524 173 14
524 520 2
525 134 22
528 144 4
528 512 2
528 611 19
530 132 2
530 278 2
534 786 9
534 932 2
535 10 44
536 244 2
536 687 2
536 902 4
537 478 2
538 84 2
538 820 27
540 256 3
540 481 2
544 6 5
544 21 6
544 429 4
544 536 2
544 542 7
544 551 40
544 597 2
545 520 2
545 914 2
546 2 4
546 4 2
546 263 2
546 612 241
546 650 3
546 758 4
547 265 3
547 577 2
554 4 10
556 409 3
557 6 25
557 557 13
559 557 4
560 18 3
560 96 3
560 168 5
561 993 2
563 20 2
564 28 2
564 656 2
564 659 2
565 105 9
567 793 12
571 457 2
572 36 2
572 257 2
573 886 31
574 18 3
574 533 2
574 696 2
576 4 2
576 133 2
576 228 6
576 525 2
577 236 2
579 136 7
579 789 3
580 64 3
580 507 4
580 528 3
580 598 3972
582 633 6
583 129 2
585 217 5
586 530 9
588 784 2
589 389 6
590 300 3
591 147 3901
592 322 22
592 528 366
593 429 5
595 557 2
596 11 7
599 92 3
599 176 10
599 569 2
600 575 2
601 431 2
604 913 64
605 80 1530
608 522 14
608 648 4
609 210 168
611 125 2
612 534 12
617 908 4
619 140 5
623 1000 2
625 5 2
625 530 4
626 104 4
627 3 20
627 977 2
632 18 3
633 812 3
640 4 2
640 525 40
640 952 7
642 512 5
644 660 7
644 756 9
645 963 2707
646 289 19
646 388 7
648 98 20
648 369 16
648 769 19
650 108 15
650 953 2
652 257 16
652 594 5
656 3 11
656 259 3
656 833 8
657 201 7
658 226 2
660 52 8
660 69 25
661 244 2
664 539 2
665 260 4
668 749 4
670 515 2
672 608 3
672 717 2
673 656 10
674 259 3
674 672 12
676 52 365
677 641 4
678 237 15
682 14 3
682 156 2
686 426 27
689 80 2
692 914 15
693 522 7
694 768 3
694 931 5
700 229 4
704 34 2
704 292 7
704 514 6
704 673 2
705 854 3
709 843 8
710 2 7
712 141 2
712 862 2
713 593 13
716 339 2
719 512 28
720 7 8
721 0 5
721 584 2
722 82 16
722 100 4
722 104 2
722 393 2
728 350 38
728 712 4
729 578 2
738 970 13
740 778 3
746 386 2
751 506 5
752 261 12
760 220 3
760 300 4
765 513 7
768 326 6
768 608 2
768 736 9
769 277 2
769 640 2
770 67 2
770 211 3
772 32 23
774 936 3
775 48 107
776 586 4
777 6 11
777 318 2
778 330 3
778 707 6
780 14 2
780 552 2
780 707 2
782 226 2
784 549 3
784 604 23
785 45 2
786 142 139
786 576 2
786 914 8
792 16 2
792 540 15
793 628 2
798 776 2
800 9 2
800 45 2
800 133 4
801 592 3
802 769 4
804 104 2
804 779 4
805 781 27
806 232 2
808 945 9
810 394 2
814 264 5
814 905 6
819 538 36
832 328 33
832 427 4
833 999 17
834 67 9
834 104 12
835 392 4
836 86 2
836 485 6
838 785 326
840 545 2
841 370 17
842 200 7
843 939 2
845 624 14
848 188 2
849 792 12
852 824 14
854 681 15
857 42 2
864 786 2
870 6 6
870 68 196
871 264 2
872 32 3
872 50 4
873 9 43
882 42 83
882 778 6
884 802 2
894 392 11
898 336 7
902 420 8
903 339 2
904 112 16
904 231 6
905 540 2
905 572 14
907 276 4
910 614 6
911 896 5
915 431 2
917 912 4
920 200 3
929 10 2
930 547 12
931 230 17
932 783 2
933 657 2
938 316 2
938 552 17
944 165 2
947 568 8
953 905 2
961 481 17
966 29 9
966 197 4
966 555 2
968 51 2
968 352 12
968 360 11
971 566 6
976 321 4
996 36 11
996 836 5
1002 912 4
1004 129 11
