0 4 2
0 8 4
0 17 2
0 29 9
0 112 6
0 135 32
0 936 2
1 15 7
1 768 10
2 260 5
2 523 3
3 24 20
3 131 6
3 277 101
3 530 4
3 652 17
4 248 2
4 284 7
4 803 8
5 216 2
5 584 2
5 887 2
6 148 2
6 267 49
6 466 2
6 512 2
7 81 3
7 110 32
8 1 75
8 2 4
8 42 2
8 272 2
8 486 7
8 552 28
8 735 7
8 902 9
9 274 2
10 75 4
10 84 16
10 176 8
10 518 34
11 586 3
12 24 2
12 366 9
13 66 32
13 224 5
13 320 19
14 127 8
14 210 2
15 352 2
15 854 3
16 64 2
16 96 2
16 132 7
17 258 275
18 215 6
18 645 2
19 657 891
20 69 14
20 323 5
20 786 5
21 308 20
22 24 135
23 328 2
24 781 2
24 944 7
25 592 9
27 130 12
27 210 7
28 647 2
29 327 2
32 204 2
32 219 6
32 514 5
32 612 4
32 641 2
33 277 17
33 898 2
33 945 2
34 292 9
34 324 10
34 720 2
35 551 3
36 12 12
36 257 37
36 288 2
36 448 4
37 13 7
37 673 2
38 204 10
40 20 53
40 65 2
40 756 5
42 411 9
44 12 3
44 47 9
44 524 6
44 794 2
45 74 2
45 615 30
45 808 3
48 168 10
48 193 3
48 198 5
48 226 2
48 789 8
49 4 4
49 313 2
52 256 20
52 285 5
53 146 3
53 245 28
54 718 4
56 89 4
56 472 2
58 113 2
59 58 46
59 583 2
60 33 2
60 112 7
60 948 2
62 521 447
64 203 4
64 481 355
65 61 3
65 96 3
65 104 26
65 218 3
65 274 2
65 515 9
65 571 30
66 545 6
67 482 2
68 192 7
69 138 2
69 276 4
69 572 10
69 768 3
70 431 2
70 608 4
70 648 9
70 672 19
71 264 2
71 409 7
71 700 5
72 37 2
72 961 2
73 870 7
74 548 2
75 259 2
76 84 24
76 586 5
77 256 16
77 450 2
80 211 8
82 283 4
83 304 2
84 64 9
84 74 28
87 515 14
88 330 3
88 782 2
90 843 9
90 988 2
91 951 7
93 49 4
94 954 2
95 34 3
96 103 18
96 148 20
96 276 6
96 321 2
96 356 9
96 547 2
96 820 98
97 18 2
97 144 5
97 286 2
97 473 2
99 134 3
100 128 2
100 294 10
100 752 7
101 124 6
101 392 2
101 599 46
102 78 5
104 28 2
105 296 2
105 779 11
107 3 3
107 129 13
108 825 2
111 12 26
112 84 25
112 776 7
114 497 38
123 600 3
124 348 6
125 268 2
128 58 3
128 200 3
128 208 6
128 320 30
128 375 15
128 433 4
128 628 3
129 37 2
129 39 3
129 88 2
129 584 3
130 78 27
130 272 5
130 772 3
132 6 3
132 17 3
132 137 5
132 372 2
132 516 8
132 713 14
132 916 32
132 957 17
133 23 2
133 138 2
134 67 2
134 208 9
134 377 8
134 768 13
136 21 5
136 39 2
136 81 4
136 657 2
137 259 6
138 266 9
138 590 2
139 426 4
139 865 2
140 72 2
140 143 5
140 168 2
141 521 3
141 954 3
142 641 554
143 116 2
144 248 16
144 418 2
144 520 3
145 1 2
145 2 10
145 184 19
145 576 10
146 146 3
147 522 119
148 24 4
148 278 5
151 132 2
153 592 42
156 54 5
156 521 10
156 814 11
161 40 2
161 898 7
162 290 4
162 517 7
163 601 26
164 38 2
164 280 12
164 636 11
165 397 5
166 686 13
167 289 26
168 8 10
168 52 18
168 67 15
168 480 2
169 351 12
169 514 18
172 664 2
173 261 47
174 582 2
176 137 5
176 932 1709
177 128 4
177 611 28
178 100 15
178 580 3
178 797 8
179 429 2
180 152 2
180 973 4
181 97 58
181 331 2
184 161 58
184 664 2
192 52 12
192 388 3
192 536 2
193 131 9
193 162 2
194 677 3
196 377 5
197 100 2
197 611 2
200 445 25
200 924 2
201 39 5
208 14 2
209 564 2
210 882 3
212 34 7
212 285 2
212 673 2
213 64 253
214 369 2
216 66 2
218 86 3
220 176 14
222 532 10
225 316 8
226 35 7
226 157 8
227 592 4
230 9 2
231 261 2
231 290 4
232 130 125
233 912 2
233 973 4
234 848 4
234 917 2
235 281 2
238 642 2
239 370 18
241 206 16
244 932 10
248 290 6
248 557 8
250 46 2
253 636 6
256 97 3
256 160 5
256 212 26
256 262 26
256 312 4
256 416 21
256 512 30
257 0 2
257 156 11
257 680 2
257 912 7
258 24 7
258 36 2
258 138 5
258 880 4
259 100 3
259 165 12
259 327 2
260 295 7
260 522 2
261 8 5
261 67 19
261 672 5
261 995 14
262 134 2
262 193 2
264 296 14
264 320 19
264 568 59
265 264 2
265 339 41
265 632 102
266 11 29
266 56 4
266 336 5
267 523 93
268 12 12
268 34 3
268 177 3
268 577 3
269 640 58
270 73 565
272 41 11
272 225 39
272 234 8
272 259 6
272 520 2
272 554 15
272 684 13
273 809 2
274 98 2
274 334 2
275 16 7
275 401 6
275 485 4
275 512 2
276 628 3
277 8 2
277 128 7
277 385 2
279 18 2
279 901 4
281 101 8
282 136 2
282 576 5
282 717 3
284 835 4
288 47 2
288 224 4
288 292 2
288 545 17
289 345 2
289 468 5
289 788 4
290 388 3
291 32 2
291 967 4
292 7 190
292 19 5
292 162 2
293 960 7
297 325 3
297 544 7
298 75 3
299 78 3
303 292 2
304 6 5
304 63 2
305 34 7
305 576 5
306 550 23
308 583 5
309 77 16
315 739 3
316 452 2
320 315 2
320 407 4
320 428 4
321 4 13
321 337 14
321 768 69
322 272 2
323 360 14
324 167 3
324 200 3
324 530 2
325 74 248
325 145 3
326 16 6
326 32 2
328 853 2
329 35 2
335 83 41
337 768 5
337 833 2
338 33 83
338 160 6
341 576 7
343 475 2
346 89 3
347 11 2
348 395 40
352 680 2
354 25 16
354 30 2
355 634 2
356 800 6
358 168 12
361 316 2
362 34 2
363 162 21
368 49 3
375 77 17
380 339 2
384 5 3
384 156 2
384 168 2
384 332 23
384 481 7
384 841 8
385 2 3
385 75 2
385 513 5
386 64 2
386 158 12
386 681 5
386 912 2
387 1016 15
388 332 2
391 800 2
392 38 2
394 80 4
394 211 14
395 647 2
396 536 2
396 777 331
396 915 6
397 305 17
399 9 4
400 10 8
400 21 2
400 144 2
400 712 2
401 277 5
402 68 54
403 20 4
403 98 19
404 209 32742
408 66 2
409 66 9
409 888 8
410 520 2
413 640 9
415 101 7
416 279 2
416 832 2
419 844 27
420 288 25
420 424 2
420 538 2
422 736 2
424 481 2
425 776 4
428 194 2
428 880 2
433 24 14
436 641 2
437 2 25
448 92 50
448 513 6
452 48 2
453 368 34
453 661 5
455 640 2
461 901 2
462 641 3
464 265 7
467 300 4
473 600 3
473 800 288
480 0 8
481 288 2
483 276 2
483 555 15
491 112 3
501 519 8
504 267 2
505 332 9
506 706 2
512 1 23
512 5 2
512 65 2
512 173 3
512 522 7
512 685 2
513 5 975
513 42 4
513 65 2
513 100 2
513 315 2
514 36 2
514 452 3
514 522 127
516 442 2
516 582 9
517 0 2
517 8 2
517 177 5
517 233 2
517 281 5
517 672 2
519 944 4
520 164 6
520 436 35
520 812 3
521 554 2
521 560 2
522 234 103
526 776 3
527 36 2
528 36 2
528 611 7251
529 16 51
529 148 1419016
529 260 19
530 132 7
530 325 8
532 134 12
532 550 7
533 5 8
533 37 16
534 786 2
536 10 3
537 257 50
540 256 2
544 24 6
544 160 2
544 551 2
544 718 9
545 226 3
546 263 2
546 650 2
547 265 33
547 577 4
548 512 17
548 577 27
548 586 3
549 68 38
549 97 3
550 800 20
551 40 24
552 136 18
552 640 2
554 4 7
557 512 6
560 168 6
560 354 2
561 10 91
561 444 2
561 993 3
562 977 92
563 20 1032
563 410 20
564 28 20
566 4 5
567 793 124
569 522 2
571 100 7
571 457 4
572 36 2
572 64 24
573 886 2
576 4 2
576 133 27
576 172 42
576 325 12
576 371 2
576 547 23
577 236 1204
577 661 2
578 26 2
579 789 94
580 64 2
580 528 15
580 598 11
584 432 3
585 208 5
586 64 10
587 608 4
588 784 2
590 276 2
590 300 17
590 788 2
591 147 11
592 2 128
592 148 14
593 429 28
596 33 15
599 92 8
600 115 2
600 573 2
600 575 2
607 393 56
608 185 2
608 522 6
608 576 2
609 225 2
609 768 9
612 170 10
612 534 244
617 908 5
618 70 15
619 140 7
619 231 3
623 1000 2
624 579 58
626 114 3
627 418 2
629 446 2
629 528 2
637 73 3
640 16 3
640 160 2
640 246 5
640 258 462
640 467 3
640 525 6
640 584 2
640 952 11
643 73 4
644 48 8
644 387 2
645 195 3
645 963 6
646 289 17
646 388 4
648 369 6
650 108 4
650 216 2
656 259 9
656 278 12
657 201 7
658 226 2
660 36 2
660 52 2
661 244 185
664 205 2
668 749 27
673 104 2
674 288 2
675 470 20
676 52 3
677 121 9
677 641 10
679 556 3
680 39 7
681 6 8
682 156 8
686 593 5
688 385 5
691 12 5
692 260 2
692 914 2
693 397 3
694 768 30
695 517 4
697 710 30
704 34 2
705 854 6
706 460 11
709 354 2
709 644 2
709 843 15
710 2 2
711 19 2
712 294 8
716 339 2
716 842 7
721 170 2
721 584 2
722 146 47
722 393 11
722 398 15
723 142 15
724 20 2
730 332 7
740 801 3
741 260 6
743 787 13
746 536 2
751 506 4
752 261 6
752 786 29
754 32 2
760 257 36
765 513 151
768 502 5
768 608 7
768 666 2
769 277 42
770 67 246
770 211 2
770 663 7
771 793 5
771 800 6
775 48 11
776 697 21
777 608 4
780 14 2
780 552 10
782 405 3
784 514 6
784 549 1472
784 634 2
785 45 3
785 257 3
786 521 2
787 199 2
788 332 4
792 274 2
792 540 2
793 52 2
793 498 7
793 628 2
800 9 2
800 73 2
800 824 13
801 34 15
801 312 7
802 660 2
803 512 15
804 433 9
805 387 3
806 232 9
810 17 3
810 416 3
812 778 2
814 905 1660
818 253 7578
830 356 2
832 16 10
832 21 2
832 281 2
832 548 4
834 32 6
836 388 7
842 200 4
843 939 10
845 624 11
848 90 2
848 188 30
849 1018 3
850 308 2
852 2 8
852 72 2
852 824 2
857 42 4
864 786 10
866 260 4
868 332 5
871 264 2
872 32 20
878 258 3
882 42 2
894 392 8
896 330 2
897 115 8
900 4 5
900 313 2
904 888 2
905 572 4
906 194 16
908 456 13
912 2 5
912 388 2
914 669 2
916 777 73
920 200 5
921 272 28
922 8 11
922 784 19
924 196 3
927 190 3
928 64 6
929 10 9
931 657 2
932 274 32
944 165 2
945 456 2
947 568 2
948 9 4
952 37 4
954 22 13
956 846 3
961 291 2
961 333 8
968 352 5
969 313 2
977 34 524887
977 549 22
985 268 19
988 366 240
1001 286 4
1003 684 6
1018 358 2
