0 18 5
0 47 29
0 150 5
0 256 4
0 259 47
0 618 5
1 15 3
1 135 9
1 535 2
1 644 7
1 705 2
2 0 2
2 3 2
2 523 12
3 817 41
4 0 2
4 50 2
4 248 5
4 284 10
4 576 3
5 584 72
6 212 4
6 259 2
6 512 3
6 798 2
6 1002 3
7 81 743
8 850 2
9 39 16
9 43 2
9 526 22
9 907 4
10 13 2
10 75 111
10 84 2
10 584 2
10 680 3
11 204 2
12 0 4
13 66 16
13 320 2
14 376 25
14 584 8
15 854 11
16 9 2
16 24 558
16 64 7
16 132 4
16 198 9
16 516 3
17 48 3
18 290 3
18 641 2
19 24 56
20 10 2
20 28 2
20 36 4
20 323 2
21 116 9
22 281 19
23 770 5
23 886 4
25 523 2
26 22 5
26 109 14
28 42 13
28 624 8
28 647 2
29 5 9
29 809 9
30 129 4
32 72 2
32 196 6
32 204 11
32 211 2
32 219 2
32 276 2
32 414 3
32 721 12
32 848 12
33 3 13
33 26 2
33 898 3
34 292 8
34 324 14
34 561 2
34 800 13
36 448 4
36 858 2
37 2 2
37 364 6
38 1 3
38 180 4
38 544 2
39 982 2
40 20 25
40 65 2
41 263 2
41 321 2
41 513 3
42 140 2
43 1 2
44 47 7
44 430 3
45 50 9
45 844 20
47 80 9
48 198 4
48 226 2
48 789 299
48 932 6
50 9 6
51 70 17
52 256 4
52 285 2
52 390 2
52 899 9
54 112 8
54 718 10
55 278 4
56 89 2
56 267 3
57 5 9
57 128 75
60 5 9
61 648 2
64 192 7
64 194 11
64 465 4
64 514 3
64 756 20
64 771 16
64 790 2
65 96 11
65 104 2
65 118 4
65 241 2
65 614 9
66 545 2
67 16 2
67 20 2
67 37 3
67 482 2
68 153 2
68 226 2
69 466 3
70 109 3
70 431 2
70 608 8
71 1 2
71 264 12
71 700 4
72 65 23
74 548 2
74 768 5
74 1012 2
76 76 2
76 855 2
78 288 5
78 517 2
79 165 2
80 920 2
81 807 2
82 283 32
83 115 2
83 124 3
83 304 11
83 617 1284
84 64 9
84 74 6
85 31 2916
85 65 2
87 353 27
87 512 16
90 843 2
90 988 6
92 91 10
96 220 2
96 547 3
97 18 15742
98 352 2
98 401 2
98 671 2
100 294 5
100 752 6
100 768 5
101 124 2
101 392 24
101 599 2
104 26 21
104 28 3027
104 313 42
106 652 2
107 3 53
108 133 14
112 0 30
112 1 23
112 3 3
112 84 17
112 107 3
114 68 7
114 416 2
114 452 3
117 106 11
119 836 7
124 348 2
128 134 7
128 200 3
128 208 2
128 320 37
128 362 2
128 770 2
128 806 2
129 0 2
129 39 4
130 272 8
130 540 3
132 17 7
132 94 69
132 137 8
132 516 11
132 916 2
133 138 2
134 516 5
134 768 2
136 81 7
136 482 6
136 657 2
136 684 2
137 325 23
137 778 3
138 266 2
139 87 2
139 865 5
140 464 19
140 776 3
141 2 2
143 144 4
143 187 22
144 248 10
145 1 2
145 2 3
145 216 4
145 392 3
145 576 1253
146 396 10
147 522 17
149 20 69
150 141 34
150 656 2
153 26 11
153 833 5
156 133 2
156 521 3
158 104 8
160 34 2
160 81 3677
160 644 8
161 40 9
161 326 2
161 376 2
161 524 7
161 717 2
162 306 2
163 361 2
164 38 2
164 280 30
164 636 2
165 141 3
167 384 6
167 712 11
168 52 2
169 514 27
173 261 2
174 493 2
176 824 2
178 797 2
179 429 5
180 19 2
181 97 5
181 768 9
184 161 24
184 664 2
185 42 11
186 272 11
188 199 131
192 388 3
192 713 2
192 898 5
192 999 5
193 28 2
193 131 5
193 375 8
193 422 285
196 81 6
196 286 20
197 297 6
197 592 3
197 611 10
200 577 2
204 6 4
205 457 9
212 34 22
212 673 4
216 66 8
216 792 5
219 389 2
220 176 2
225 257 2
227 838 2
228 294 2871
231 261 2
231 290 7
232 65 7
232 130 2
233 973 5
234 848 2
234 917 2
235 281 2
238 620 2
239 560 2
240 18 19
240 914 6
241 206 5
244 356 3
246 64 22
248 557 3
248 902 2
256 1 13
256 68 4
256 160 2
256 212 8
256 243 3
256 262 2
256 416 7
256 764 5
257 0 49
257 945 2
258 673 6
258 810 33
259 7 13
259 100 6
259 268 2
259 327 22
260 131 19
260 978 2
261 72 9
261 995 2
262 32 13
262 134 3
262 193 27
262 906 11
262 1013 2
264 296 7
264 568 4
265 632 384
266 11 2
267 581 7
268 12 3
268 34 16
268 524 2
268 577 9
270 642 10
272 41 2
272 208 22
272 225 2
272 520 10
272 640 3
272 684 165
273 47 2
273 809 3
273 903 3
274 98 10
274 334 11
275 4 32
275 401 3
276 538 4
277 385 81
280 600 2
282 136 13
282 576 2
282 787 2
284 835 3
286 832 2
287 448 2
288 50 3
288 132 2
288 224 2
288 292 10
290 258 5
290 388 22
291 32 8
291 768 6
292 7 51
292 162 6
292 593 12
294 864 10
296 57 2
296 131 19
296 231 22
296 260 14
296 336 2
296 409 2
297 167 3
303 292 33
304 42 6
304 106 2
304 258 2
305 11 6
305 163 2
305 576 2
306 550 2
306 918 18
308 21 2
308 640 6
308 692 2
308 848 2
309 77 21
312 514 2
314 109 2
314 518 7
315 739 7
318 532 2
320 428 2
320 468 14
320 641 9
320 720 2
321 4 2
321 262 3
322 80 18
322 196 13
322 272 2
322 416 122
322 902 2
323 515 930
324 106 2
324 179 4
325 145 31
326 11 3
326 32 6
328 45 3
329 35 2
329 836 6
334 265 2
335 83 2
337 833 11
338 33 14
338 160 8
339 42 11
340 0 2
340 763 3
342 536 7
345 728 2
347 11 2
347 296 5
352 419 2
353 389 3
354 288 8
360 784 4
363 162 12
363 424 8
368 925 4
371 772 4
379 333 2
384 156 2
384 168 2
384 312 19
384 332 3
384 531 2
384 597 2
384 962 13662
385 213 2
385 214 9
385 563 2
386 158 2
386 681 15
386 912 2
387 545 5
389 596 8
391 8 3
391 800 12
393 577 9
396 6 2
396 546 2
396 777 2
396 915 2
398 943 13
399 9 2
400 10 345
400 144 18
401 16 7
401 284 3
401 673 2
402 80 2
403 98 2
409 888 59
410 520 8
411 20 2
416 279 2
416 292 5
416 531 5
417 577 6
419 7 2
422 736 14
425 161 27
425 776 26
426 644 9
428 32 11
428 620 2
430 203 738
433 398 2
436 597 2
436 641 6
441 21 11
448 92 7
448 513 2
453 661 6
454 634 199
454 782 5
455 640 3252
460 462 10
460 566 3
461 625 21
463 916 3
465 531 20
467 211 5
469 425 3
472 256 8
472 801 3
480 0 2
480 731 3
481 288 57
482 64 172
482 208 2
488 334 2
489 64 6
496 433 16
501 519 11
505 332 2
512 685 6
512 936 3
513 65 3
513 112 4
514 572 2
515 93 34
515 157 2
515 598 2
516 357 280
516 385 2
516 582 9
517 3 10
517 8 32
517 132 2
517 177 4
517 233 5
517 281 3
517 534 4
517 676 2325
517 768 5
518 0 3
518 41 3
519 517 19
519 967 2
520 296 9
520 328 109
520 812 3
520 896 15
521 229 141
521 450 7
521 609 3
524 159 573
524 520 2
525 134 2
526 776 5
527 713 2
528 10 10
528 36 3
528 144 4
528 171 4
528 512 2
529 260 3
529 423 5
529 517 11
529 520 2
530 86 11
530 278 9
530 522 37
530 696 3
532 550 10
533 37 3
534 786 11
534 928 3
535 10 2
536 10 3
536 687 33
537 138 3
538 84 2
538 820 3
540 256 2
540 481 7
541 793 3
544 21 2
544 24 5
544 536 2
544 597 8
544 718 2
545 226 4
545 520 5
545 914 94
547 427 2
547 577 2
548 141 8
548 586 10
549 530 2
551 40 6
552 136 4
552 656 4
552 932 2
553 102 26
555 52 2
557 15 17
557 400 4
557 512 27
557 557 27
559 557 2
560 168 4
561 444 22
563 20 2
563 410 2
564 659 2
566 44 5
567 793 2
571 100 2
572 36 6
572 777 38
574 533 18
574 696 2
576 4 10
576 76 2
576 133 4
576 172 2
576 607 16
577 222 4
577 292 50
577 577 2
578 26 6
578 554 3
578 575 71
580 507 2
584 833 2
585 64 2
585 208 18
586 64 11
587 608 2
590 276 2
590 788 2
592 2 4
592 148 2
592 528 16
596 33 8
600 115 5
600 573 25
600 575 2
602 480 17
607 288 4
607 393 8
608 576 8
608 648 13
618 1004 5
619 76 2
619 140 2
619 231 2
621 293 19
626 114 2
626 528 3
626 608 3
627 977 23
629 446 3
631 24 2
632 18 2
633 812 2
635 546 2
637 73 2
638 161 4
640 6 15
640 952 2
641 192 57
643 73 19
644 756 2
645 548 13
645 963 8
646 388 2
648 98 2
648 210 7
648 369 2
648 769 6
649 4 170
650 216 4
650 953 54
652 594 4
654 129 6
654 565 15
655 761 202
656 278 11
656 833 9
658 10 2
658 640 2
660 85 15
661 608 22
665 3 3
667 587 8
668 163 3
672 1 2
672 64 2
672 129 5
674 259 7
674 288 7
674 401 26
674 672 3
677 121 13
680 450 11
681 6 6
681 33 10
682 14 3
684 1008 4
691 12 7
692 260 2
694 768 2
694 976 12
700 229 2
704 135 12
704 514 12
705 596 3
706 161 2
709 354 2
719 512 5
721 0 2
721 104 10
721 170 2
721 323 2
722 100 2
722 146 8
722 258 2
722 464 2
723 142 4
725 44 12
725 65 2
728 227 17
728 712 5
736 24 2590
738 970 15
741 260 2
744 124 12
744 762 12
751 506 36
754 32 2
760 40 26
760 220 2
763 668 2
768 326 2
768 608 2
768 666 39
769 350 2
769 640 2
769 773 2
770 67 5
770 211 15
770 256 6
770 663 6
771 793 11
772 130 3
775 48 2
776 586 33
777 200 5
777 554 2
777 608 7
778 330 119
780 16 4
781 222 2
782 226 3
782 405 2
784 1 3
784 514 6
784 841 3
785 257 3
787 199 9
792 16 3
792 540 6
793 498 5
793 628 2
795 661 168
799 433 25
800 9 12
800 45 2
800 97 19
801 312 18
801 592 5
802 769 3
805 387 3
806 480 2
808 526 3
808 937 4
810 17 2
810 416 4
814 161 13
814 905 6
816 18 2
816 24 239
817 784 4
824 392 3
832 30 56
834 0 3
834 32 2
834 67 21
834 104 5
835 392 12
835 583 6
836 86 2
840 96 3
840 106 7
842 200 95
845 624 7
848 90 3
848 391 7
849 792 2
849 1018 12
850 776 5
863 516 3
864 786 8
868 332 18
871 264 28
874 360 10
882 591 2
882 778 7
897 523 13
898 336 2
898 699 16
900 4 24
902 131 4
903 339 358
904 112 2
904 929 2
905 572 7
907 276 15
911 896 3
912 2 2
912 129 2
928 64 59
928 516 15
929 257 2
929 316 5
930 720 7
931 657 4
938 261 2
951 818 11940
952 37 20
953 905 2
961 131 2
961 333 3
961 472 11
966 555 11
976 321 8
984 324 2
987 962 40
988 366 2
1000 260 13
1001 286 2
1004 129 24
1013 316 2
1018 358 7
