0 18 2
0 47 6
0 150 22
0 256 10
0 259 9
0 618 4
1 15 10
1 135 4
1 535 26
1 644 16
1 705 2
2 0 5
2 3 2
2 523 4
3 817 22
4 0 2
4 50 2
4 248 2
4 284 27
4 576 5
5 584 5
6 212 4
6 259 27
6 512 10
6 798 4
6 1002 20
7 81 6
8 850 2
9 39 26
9 43 6
9 526 35
9 907 4
10 13 2
10 75 116
10 84 2
10 584 262
10 680 24
11 204 2
12 0 3
13 66 2
13 320 2
14 376 2
14 584 15
15 854 18
16 9 18
16 24 2
16 64 26
16 132 9
16 198 4
16 516 6
17 48 3
18 290 2
18 641 2
19 24 2
20 10 2
20 28 2
20 36 2
20 323 2
21 116 943
22 281 3
23 770 4
23 886 4
25 523 10
26 22 2
26 109 13
28 42 3
28 624 2
28 647 15
29 5 57
29 809 5
30 129 2
32 72 2
32 196 34
32 204 29
32 211 3
32 219 14
32 276 2
32 414 362
32 721 6
32 848 4
33 3 3
33 26 2
33 898 9
34 292 2
34 324 21
34 561 1264
34 800 12
36 448 8
36 858 409
37 2 2
37 364 12
38 1 2
38 180 3
38 544 2
39 982 5
40 20 6
40 65 5
41 263 5
41 321 2
41 513 5
42 140 3
43 1 6
44 47 2
44 430 3
45 50 2
45 844 2
47 80 14
48 198 4
48 226 7
48 789 5
48 932 2
50 9 10
51 70 5
52 256 3
52 285 9
52 390 2
52 899 12
54 112 3
54 718 2
55 278 72
56 89 7
56 267 8
57 5 2
57 128 2
60 5 21
61 648 2
64 192 4
64 194 10
64 465 4
64 514 33
64 756 17
64 771 44994
64 790 3
65 96 2
65 104 119
65 118 2
65 241 2
65 614 3
66 545 38
67 16 17
67 20 2
67 37 5
67 482 959
68 153 2
68 226 2
69 466 4
70 109 6
70 431 2
70 608 8
71 1 2
71 264 9
71 700 2
72 65 17
74 548 2
74 768 11
74 1012 2
76 76 17
76 855 2
78 288 2
78 517 7
79 165 14
80 920 4
81 807 2
82 283 4
83 115 20
83 124 8
83 304 11
83 617 2
84 64 99253
84 74 4
85 31 38
85 65 4
87 353 2
87 512 10
90 843 2
90 988 14
92 91 10
96 220 2
96 547 4
97 18 2
98 352 3
98 401 6
98 671 3
100 294 22
100 752 2
100 768 2
101 124 2
101 392 10
101 599 177
104 26 14
104 28 8
104 313 13
106 652 2
107 3 2
108 133 8
112 0 2
112 1 29
112 3 2
112 84 4
112 107 7
114 68 2
114 416 2
114 452 3
117 106 41
119 836 2
124 348 1124
128 134 3
128 200 187
128 208 3
128 320 2
128 362 2
128 770 77
128 806 2
129 0 2
129 39 2
130 272 8
130 540 265
132 17 3
132 94 14
132 137 6
132 516 2
132 916 2
133 138 13
134 516 9
134 768 2
136 81 7
136 482 9
136 657 2
136 684 2
137 325 44
137 778 38
138 266 3
139 87 2
139 865 8
140 464 8
140 776 7
141 2 12
143 144 4
143 187 9
144 248 7
145 1 5
145 2 3
145 216 2
145 392 228
145 576 41
146 396 8
147 522 4
149 20 3
150 141 2
150 656 2
153 26 15
153 833 2
156 133 28
156 521 18
158 104 3
160 34 16
160 81 157
160 644 20
161 40 4
161 326 2
161 376 2
161 524 3
161 717 4
162 306 42
163 361 5
164 38 54
164 280 25
164 636 2
165 141 5
167 384 6
167 712 46932
168 52 2
169 514 36
173 261 3
174 493 7
176 824 2
178 797 2
179 429 3
180 19 2
181 97 2
181 768 7
184 161 4
184 664 2
185 42 2
186 272 6
188 199 4
192 388 2
192 713 380
192 898 18
192 999 9
193 28 10
193 131 10
193 375 3
193 422 2
196 81 5
196 286 3
197 297 2
197 592 6
197 611 19
200 577 10
204 6 2
205 457 7
212 34 4
212 673 2
216 66 5
216 792 8
219 389 12
220 176 77
225 257 2
227 838 2
228 294 2026
231 261 2
231 290 4
232 65 23
232 130 2
233 973 28
234 848 2
234 917 472
235 281 2
238 620 2
239 560 2
240 18 2
240 914 3
241 206 5
244 356 6
246 64 23
248 557 3
248 902 4
256 1 5
256 68 16
256 160 56
256 212 24
256 243 7
256 262 2
256 416 3
256 764 4
257 0 2
257 945 5
258 673 2
258 810 7
259 7 9
259 100 2
259 268 2
259 327 4
260 131 22
260 978 2
261 72 6
261 995 2
262 32 2
262 134 6
262 193 4
262 906 2
262 1013 7
264 296 5
264 568 4
265 632 10449
266 11 3
267 581 12
268 12 5
268 34 4
268 524 4
268 577 14
270 642 15
272 41 20
272 208 4
272 225 6
272 520 17
272 640 2
272 684 2
273 47 2
273 809 2
273 903 2
274 98 82
274 334 13
275 4 19
275 401 2
276 538 22
277 385 3
280 600 2
282 136 12
282 576 2
282 787 2
284 835 2
286 832 3
287 448 3
288 50 8
288 132 2
288 224 10
288 292 8
290 258 31
290 388 5
291 32 3
291 768 6
292 7 2
292 162 2
292 593 3
294 864 14
296 57 7
296 131 3
296 231 3
296 260 2
296 336 22
296 409 2
297 167 2
303 292 9
304 42 2
304 106 6
304 258 2
305 11 3
305 163 7
305 576 2
306 550 9
306 918 2
308 21 2
308 640 3
308 692 5
308 848 62
309 77 2
312 514 3
314 109 2
314 518 5
315 739 2
318 532 5
320 428 3
320 468 8
320 641 55
320 720 169
321 4 2
321 262 4
322 80 22
322 196 12
322 272 2
322 416 2
322 902 3
323 515 30
324 106 15
324 179 11
325 145 2
326 11 11
326 32 4
328 45 56
329 35 2
329 836 4
334 265 81
335 83 2
337 833 10
338 33 6
338 160 6
339 42 23
340 0 69
340 763 2
342 536 10
345 728 2
347 11 2
347 296 16
352 419 2
353 389 11
354 288 147
360 784 114
363 162 4
363 424 3
368 925 3
371 772 15
379 333 3
384 156 2
384 168 2
384 312 3
384 332 32
384 531 2
384 597 16
384 962 2
385 213 2
385 214 6
385 563 11
386 158 2
386 681 6
386 912 3
387 545 7
389 596 6
391 8 2
391 800 32
393 577 2
396 6 7
396 546 2
396 777 6
396 915 2
398 943 20
399 9 104
400 10 3
400 144 2
401 16 2
401 284 6
401 673 7
402 80 2
403 98 2
409 888 2
410 520 3
411 20 198
416 279 2
416 292 9
416 531 37
417 577 2
419 7 367
422 736 6
425 161 8
425 776 3
426 644 2
428 32 2
428 620 2
430 203 171
433 398 8
436 597 9
436 641 23
441 21 2
448 92 4
448 513 2
453 661 17
454 634 2
454 782 2
455 640 2
460 462 2
460 566 21
461 625 3
463 916 33
465 531 2
467 211 6
469 425 2
472 256 32
472 801 2
480 0 6
480 731 25
481 288 1954
482 64 253
482 208 4
488 334 2
489 64 2
496 433 2
501 519 8
505 332 3
512 685 2
512 936 11
513 65 6
513 112 3
514 572 4
515 93 2
515 157 757
515 598 4
516 357 34
516 385 28
516 582 10
517 3 4
517 8 9
517 132 2
517 177 6
517 233 4
517 281 7
517 534 2
517 676 24
517 768 2
518 0 5
518 41 3
519 517 3
519 967 2
520 296 6
520 328 2
520 812 3
520 896 9
521 229 2
521 450 3
521 609 2
524 159 2
524 520 8
525 134 2
526 776 6
527 713 25
528 10 10
528 36 35
528 144 3
528 171 2
528 512 2
529 260 14
529 423 2
529 517 15
529 520 2
530 86 2
530 278 13
530 522 11
530 696 16
532 550 4
533 37 2
534 786 10
534 928 16
535 10 262
536 10 3
536 687 16
537 138 2
538 84 14
538 820 8
540 256 2
540 481 3
541 793 3
544 21 2
544 24 4
544 536 5
544 597 5
544 718 4
545 226 2
545 520 29
545 914 3
547 427 2
547 577 62
548 141 8
548 586 3
549 530 7
551 40 7
552 136 20
552 656 10
552 932 2
553 102 8
555 52 12
557 15 5
557 400 2
557 512 7
557 557 65
559 557 2
560 168 2
561 444 4
563 20 2
563 410 2
564 659 332
566 44 10
567 793 2
571 100 2
572 36 10
572 777 5
574 533 4
574 696 2
576 4 18
576 76 2
576 133 12
576 172 2
576 607 2
577 222 16
577 292 2
577 577 2
578 26 23
578 554 6
578 575 2
580 507 2
584 833 36
585 64 609
585 208 4
586 64 3
587 608 143
590 276 2
590 788 54
592 2 2
592 148 2
592 528 2
596 33 9
600 115 2
600 573 2
600 575 3
602 480 2
607 288 3
607 393 8
608 576 83
608 648 3
618 1004 2
619 76 4
619 140 10
619 231 2
621 293 4
626 114 8
626 528 11
626 608 4
627 977 10
629 446 29
631 24 20
632 18 7
633 812 2
635 546 11
637 73 3
638 161 10
640 6 9
640 952 2
641 192 3
643 73 2
644 756 3
645 548 9
645 963 2
646 388 8
648 98 115
648 210 2
648 369 50906
648 769 3
649 4 78
650 216 5
650 953 2
652 594 9
654 129 2
654 565 9
655 761 3
656 278 6
656 833 8
658 10 19
658 640 6
660 85 10
661 608 10
665 3 10
667 587 4
668 163 2
672 1 3
672 64 2
672 129 2
674 259 3
674 288 23
674 401 8
674 672 6
677 121 3
680 450 8
681 6 375
681 33 7
682 14 8
684 1008 6
691 12 2
692 260 2
694 768 4
694 976 4
700 229 7
704 135 3
704 514 10
705 596 6
706 161 23
709 354 2
719 512 2
721 0 5
721 104 3
721 170 8
721 323 2
722 100 7
722 146 2
722 258 3
722 464 2
723 142 2
725 44 3
725 65 2
728 227 4
728 712 2
736 24 2
738 970 4
741 260 2
744 124 7
744 762 7
751 506 2
754 32 7
760 40 3
760 220 9
763 668 2
768 326 2
768 608 2
768 666 389
769 350 21
769 640 4
769 773 2
770 67 14
770 211 14
770 256 5
770 663 3
771 793 23
772 130 2
775 48 2
776 586 25
777 200 13
777 554 2
777 608 13
778 330 2
780 16 2
781 222 4
782 226 2
782 405 2
784 1 3
784 514 6
784 841 99
785 257 5
787 199 7
792 16 16
792 540 12
793 498 22
793 628 312
795 661 10
799 433 13
800 9 2
800 45 2
800 97 9
801 312 3
801 592 8
802 769 2
805 387 73
806 480 2
808 526 2
808 937 21
810 17 30
810 416 10
814 161 9
814 905 4
816 18 2
816 24 2
817 784 3
824 392 2
832 30 3
834 0 3
834 32 4
834 67 153
834 104 7
835 392 27
835 583 5
836 86 785
840 96 10
840 106 3
842 200 2
845 624 30
848 90 2
848 391 2
849 792 2
849 1018 2
850 776 3
863 516 3
864 786 3
868 332 17
871 264 10
874 360 3
882 591 6
882 778 11
897 523 6
898 336 459
898 699 2
900 4 3
902 131 11
903 339 2
904 112 2
904 929 6
905 572 10
907 276 2
911 896 2
912 2 13
912 129 216
928 64 10
928 516 2
929 257 221
929 316 4
930 720 2
931 657 24
938 261 4
951 818 4
952 37 12
953 905 2
961 131 7
961 333 6
961 472 2
966 555 9
976 321 7
984 324 2
987 962 4
988 366 2
1000 260 32
1001 286 2
1004 129 2
1013 316 6
1018 358 18
