0 4 3
0 8 2
0 18 4
0 150 376
0 259 4
0 321 4
0 415 6
0 618 3
0 674 2
0 704 2
0 843 6
0 902 5
0 936 245
1 15 10
1 82 8
1 135 4
1 481 2
1 825 8
1 920 2
2 8 2
2 167 73
2 328 9
2 523 2
2 826 11
3 272 30
3 530 2
3 592 6
4 15 64205
4 293 5
4 808 2
5 18 5
5 584 2
7 81 4
7 110 8
8 32 2
8 42 2
8 202 4
8 656 6
8 735 60
9 823 6
10 13 2
10 40 4
10 75 3
10 176 9
10 518 2
10 599 2
10 778 6
11 204 13
12 24 2
12 116 2
12 634 2
12 781 12
13 66 2
13 224 15
14 152 5
14 210 16
14 616 2
15 485 2
15 854 16
16 64 3
16 643 2
17 48 2
19 24 6
19 709 7
20 10 8
21 258 2
22 281 22
22 320 17
23 328 7
23 770 3
24 9 2
24 533 9
26 20 2
26 22 2
26 801 6
27 210 21
27 547 2
28 72 13
28 203 9
28 647 3
30 588 125
31 561 6
32 16 4
32 33 2
32 42 38
32 204 17
32 388 2
32 414 44
32 612 2
32 641 2
32 721 5
33 26 17
33 276 15
33 544 5
33 785 3
34 292 7
34 324 6
34 561 2
34 720 21
35 65 2
36 34 4
37 364 8
37 673 4
38 180 13
38 204 5
40 512 2
40 605 15
40 645 2
40 840 3
40 980 3
41 987 12
42 140 21
42 329 2
43 1 2
44 10 16
44 794 2
45 23 14
45 74 5
46 57 2
47 80 3
48 198 16
48 226 19
49 4 9
49 310 2
49 516 2
50 113 5
52 256 2
53 245 6
56 472 2
56 544 2
57 5 2
57 448 4
59 58 2
59 292 7
59 583 14
60 3 14
60 5 6
60 112 4
60 948 13
62 612 15
64 1 2
64 192 3
64 203 5
64 272 4
64 514 2
64 686 4
64 756 2
65 25 2
65 218 2
65 241 4
65 571 3
67 2 4
67 37 2
67 453 13
67 840 435
68 226 2
68 284 2
69 138 8
69 276 9
69 572 3
70 109 4
70 212 43
70 646 2
70 648 2
70 672 2
71 409 10
72 37 2
72 280 9
72 961 2
73 640 2
73 999 8
74 512 2
75 259 9
75 576 3
77 267 2
78 288 5
78 517 10
78 919 19
80 82 2
80 211 3
80 920 3
83 115 31
83 304 3
83 784 2
84 64 11
84 74 3
87 353 4
87 462 5
87 515 2
90 20 2
90 977 3
90 988 46
91 951 2382
92 38 48
92 91 2
94 869 2
94 954 2
95 20 5
96 80 8
96 220 5
96 276 8
96 304 4
96 356 4
96 776 2
96 820 2
97 18 2
97 286 7
98 671 9
98 928 6
99 117 3
100 128 3
101 70 2
101 124 2
101 392 148
101 599 12
102 6 2
102 264 11
104 48 8
104 132 8
105 296 7
107 3 4
109 707 4
111 12 3
112 3 6
112 84 3
114 452 2
116 33 161
117 106 2
117 803 2
118 565 5
119 446 2
120 0 2
122 185 3
122 294 5
124 348 6
128 10 9
128 208 2
128 320 5
128 433 4
128 806 5
129 39 3
129 88 2
129 584 3
130 78 7
130 272 2
130 368 8
130 520 6
132 94 12
132 372 2
132 516 2
134 224 2
134 377 7
134 516 4
134 768 10
136 160 3
136 482 12
137 678 2
138 415 3
140 135 17
140 724 2
141 521 5
143 187 25
144 68 19
144 433 4
144 520 23
145 1 50
145 67 45
145 273 15
146 396 7
147 513 2
148 1 28
148 139 4
148 146 2
148 464 15
148 912 19
149 20 3
149 633 9
149 649 2
151 132 2
153 26 4
153 151 33
153 171 2
156 133 2
160 34 2
160 144 2
160 452 19
160 644 6
161 21 8
161 40 2
161 326 2
161 524 4
161 576 2
162 160 4
163 361 6
163 601 3
164 217 4
164 264 10
164 329 22
165 397 5
167 384 13
168 52 11
168 480 5125
172 8 6
172 32 665
175 863 6
176 916 19
176 932 21
177 560 2
177 611 10
180 600 8
181 97 2
181 331 22
181 964 2
182 672 2
182 728 2
184 161 303
185 391 2
188 199 2
192 177 3
192 898 2
192 904 19
192 999 2
193 8 8
193 775 30
196 377 2
197 297 261
197 769 17
200 146 2
201 39 4
201 98 10
203 654 2
205 457 2
206 80 1611
208 534 254
209 55 6
209 513 3
212 112 2
212 673 3
214 585 85
216 66 6
219 389 8
222 852 2
226 157 4
227 838 3
230 9 3
231 290 2
232 130 2
233 212 3
233 912 2
233 973 4
238 620 121
238 642 8
239 370 2
241 245 2
242 156 2780996
244 932 2
248 0 2
248 290 8
250 46 129
253 636 48
256 4 2
256 68 2
256 212 5
256 262 10
256 522 3
256 992 2
257 156 7
257 680 32
257 920 4
258 34 6
258 36 2
258 810 2
258 880 294
259 100 31
260 545 5
260 978 2
261 8 8
261 67 8
261 72 47
262 32 5
262 193 2
262 256 7
262 906 35
265 264 8
266 326 7
266 336 58
268 34 2
268 577 2
270 532 2
270 642 3
272 162 20
272 225 7
272 234 217
272 280 2
272 640 5
273 581 2
273 693 3
273 903 10
274 334 6
275 485 2
275 512 121
276 628 8
277 27 2
277 128 2
277 385 2
278 258 4
280 600 2
280 674 2
281 101 7
282 136 2
282 576 2
283 35 2
284 835 3
286 12 2
288 47 11
288 224 68
288 545 8
289 648 4
289 753 2
289 788 99
290 328 32
291 768 2
291 967 2
292 7 2
292 524 2
294 742 26
296 231 2
297 389 4
300 140 2
301 777 5
304 6 3
305 163 8
306 918 3
307 514 2
308 640 10
309 77 2
310 44 3
318 914 44
320 29 4
320 315 24
320 407 2
320 641 45
322 0 2
322 416 6
324 106 62
324 200 2
324 530 2
325 74 7
325 614 2
326 32 6
326 280 15
327 675 2
332 456 2
334 265 3
334 288 8
336 576 6
337 833 14
338 160 2
338 169 201
340 763 3
341 576 2
342 15 2
342 536 2
343 475 2
344 188 5414
346 11 5
346 89 2
349 12 3
352 680 2
352 794 2
353 684 93
354 288 9
354 836 2
355 134 20
355 634 2
357 641 3
358 168 2
360 732 9
360 784 94
360 810 8
361 266 8
361 316 1673
362 34 2
364 740 6
371 705 7
379 333 2
382 562 2
384 156 3
384 312 7
384 332 4
384 531 4
384 597 6
385 214 5
386 64 8
386 158 3
386 206 3
386 846 3
386 849 7
392 38 7
394 80 3
395 558 14
396 536 2
396 915 7
400 144 5
400 712 2
401 673 24
403 98 4
404 209 2
404 298 3
406 677 45
408 66 2
409 888 6
410 520 6
412 6 12
414 932 2
416 52 2
416 292 5
416 531 3
419 7 2
419 844 4
420 114 2
420 288 7
423 384 2
424 481 6
425 161 11
425 746 2
430 203 5
433 398 2
434 734 2
437 2 2
441 21 3
442 146 2
442 691 2
450 450 2
453 368 2
454 437 25
456 105 7
458 743 7
460 462 2
460 566 4
462 641 16
463 916 15
464 265 2
465 761 7
467 300 29
472 256 3
472 801 3
473 800 4
480 731 2
483 555 36
488 334 15
488 565 2
501 519 14
512 5 3
512 36 4
512 438 71
512 685 16
512 936 2
513 42 2
513 112 18
513 340 3
513 548 3
514 11 2
514 36 5
515 273 12
515 598 7
516 605 12
517 0 5
517 34 2
517 177 2
517 233 32
517 525 2
517 768 7
518 41 121
519 517 2
519 944 2
520 9 4
520 328 6
520 812 239
521 229 17
521 546 9
521 609 3
522 1 5
522 234 2
523 650 4
524 173 5
524 520 10
527 713 2
528 611 2
528 801 3
529 148 5
530 20 101
530 278 997
532 550 11
534 6 3
534 425 3
534 786 5
534 928 7
536 412 118
536 687 5
537 138 5
537 478 10
538 84 5
541 344 12
544 6 10
544 401 2
544 551 6
544 597 2
545 520 2
545 743 9
545 914 2
546 4 2
546 263 2
546 650 6
548 512 17
551 89 210
552 656 4
553 36 10
553 933 3
555 52 2
555 418 16
556 409 2
557 6 2
557 370 2
557 938 13
559 557 1172
560 104 34
560 168 2
560 354 6
561 521 2
561 993 8
563 410 5
564 659 8
566 4 2
566 44 3
569 522 60
571 100 2
571 457 17
572 257 7
573 886 2
574 18 5
574 533 2
576 4 5
576 19 2
576 133 5
576 525 3
578 120 2
578 572 2
579 136 12
580 64 21
580 528 2
584 833 3
585 208 2
585 217 2
585 354 2
585 389 2
589 389 36
591 147 6
592 585 2
593 429 11
596 33 5
599 92 5
599 569 7
600 68 387
600 562 11
607 393 42
608 576 4
609 210 6
611 125 43
614 265 13
614 936 14
617 374 2
619 76 20
619 231 3
623 1000 2
626 8 3
626 528 2
627 3 26
627 418 2
629 528 2
632 18 6
633 812 4
638 161 600
640 4 112
640 181 2
640 369 23
640 659 1909
640 938 4
642 512 2
644 660 2
645 195 5
645 963 2
646 388 30
648 76 2
648 369 2
648 694 11
649 4 2
650 108 389
654 129 22
654 565 8
655 761 4
656 3 2
656 278 6
657 79 6
658 10 3
658 26 2
658 226 2
661 244 4
668 163 10
672 64 2
672 514 4
672 608 2
672 717 3
674 259 25
675 470 59
676 52 24
677 641 19
682 156 9
686 426 12
691 12 4
694 6 2
694 768 4
694 931 67
694 976 8
700 18 9
700 864 10
701 34 15103
704 34 12
704 76 5
704 514 3
705 854 3
706 161 3
709 325 2
713 593 23
716 649 2
721 0 2
721 170 7
721 323 9932
721 584 2
722 100 3
722 258 2
722 393 12
722 464 2
727 200 7
737 25 5
741 45 2
741 260 4
742 97 2
744 124 2
752 261 5
752 786 4
761 435 2
765 513 6
768 226 12
769 277 3
769 640 3
769 773 2
771 793 3
772 32 2
774 8 2
776 155 12
777 84 2
777 200 2
777 318 6
777 539 2
778 389 3
780 14 2
780 193 2
780 552 8
780 707 5
781 496 46
782 226 2
784 1 2
784 549 2
785 257 2
786 521 2
786 576 14
787 199 7
788 324 5
793 52 12
793 628 2
800 133 2
804 337 5
804 779 2
806 43 2
808 526 6
810 416 3
814 161 2
814 264 2
832 16 24
832 43 5
832 427 11
832 548 5
834 0 2
834 32 16
836 485 2
838 785 3
840 96 2
840 545 3
840 800 27
842 200 9
843 939 4
845 561 13
845 624 6
848 90 2
848 313 11
848 391 14
849 792 5
850 308 3
852 72 28
852 824 9
854 681 2
856 256 13
856 866 3
857 42 983
866 260 2
868 332 5
872 32 3
873 9 24
896 330 2
897 523 2
897 1002 2
899 537 2
900 4 2
900 162 2
902 420 2
903 339 2
904 112 7
904 929 3
905 248 2
906 194 4
911 5 36
911 10 2
914 669 4
914 776 2
915 431 2
916 777 4
917 560 2
922 784 19
928 64 11
929 10 92
929 257 2
929 316 8
930 547 32
932 783 2
938 316 2
941 771 2
945 456 2
946 205 19
947 568 14
956 846 18
961 291 7
965 937 4
966 197 57
968 51 6
971 566 8
975 205 7
976 779 11
977 549 24
984 324 3
984 483 4
985 268 3
996 36 15
998 179 16
1000 260 4
1004 129 3
1013 316 6
1020 371 43
