0 4 6
0 9 4
0 112 11
0 150 10
0 274 6
0 552 67
0 670 2
0 674 4
0 936 14
1 37 2
1 292 6
1 481 2
1 825 2
2 328 2
2 523 662
2 826 13
3 131 3
3 530 50
4 4 5
4 24 7
4 60 2
4 64 12
4 368 3
4 517 2
4 774 25
4 808 2
5 887 15
6 3 32
6 267 2
6 268 102
6 466 2
6 512 2
6 798 2
7 81 10
8 19 10
8 58 4
8 642 9
8 902 111
9 39 2
9 274 3
9 526 4
10 13 379
10 75 3
10 160 3
10 208 269
10 523 17
11 779 3
12 0 4
12 366 11
12 634 19
13 192 8
13 320 14
14 127 124
14 321 2
15 352 3
15 659 5
16 9 2
16 64 12
16 643 5
16 806 5
18 290 7
19 657 2
19 709 21
20 28 28
20 69 8
20 323 2
21 258 2
22 24 2
22 97 2
22 565 2
24 533 2
24 786 2
24 848 28
25 592 2
27 130 16
27 210 2
27 547 4
28 146 12
28 203 3
29 5 6
30 588 2
32 196 7
32 211 418
32 388 12
32 641 4
32 721 46
32 759 2
33 3 5
33 320 9
33 544 2
33 898 5
34 324 10
36 34 2
36 48 33
36 257 9
36 266 29
36 448 12
36 555 2
36 705 9
37 13 2
37 673 3
38 544 2
39 48 3
39 520 2
40 9 3
40 20 2
40 256 14
40 512 4
40 672 21
43 546 8
44 12 27
44 524 2
44 794 2
45 50 9
45 808 7
48 67 2
48 226 2
48 843 8
49 313 2
50 9 7
50 528 2
52 256 2
55 278 15
56 89 8
56 267 2
56 544 2
56 560 2
57 5 11
58 113 4
59 58 2
59 453 4
60 5 5
60 948 2
61 644 3
62 521 5
64 41 2
64 192 9
64 194 3
64 197 16
64 203 24
64 370 4
64 481 2
64 686 7
64 756 2
64 790 2
65 25 6
65 104 2
65 421 25
66 140 2
66 545 2
67 20 2
68 192 7
69 466 12
69 768 4
70 642 315
70 648 9
71 1 14
71 700 15
72 280 10
72 533 94
72 961 166
73 870 695
74 548 2
75 259 5
76 133 4
77 256 9
77 267 2
77 456 4
78 784 2
78 919 9
79 386 20
80 51 2
80 82 2
80 528 2
81 807 2
81 852 10
82 283 3
83 115 2
83 124 7
84 490 3
87 512 9
87 515 2
89 76 2
90 20 16
90 274 5
90 977 2
90 988 2
91 951 10
92 38 18
93 49 2
93 134 6
93 669 2
94 869 13
96 148 2
96 276 6
96 547 2
96 776 4
97 18 14
97 48 5
97 144 3
97 195 3
99 249 5
100 752 11
101 124 17
101 169 2
101 392 3
102 78 16
104 26 9
104 512 2
105 296 3
105 779 3
106 516 12
106 652 3
108 825 27
111 12 5
112 84 47
112 165 293
114 497 3
120 76 2
121 536 3
124 304 4
125 268 2
128 320 2
128 375 5
128 433 2
128 453 34
129 37 141
129 163 7
129 584 3
130 78 2
130 540 7
132 94 4
132 372 2
132 916 22
133 23 6
134 67 3
134 84 6
134 768 2
135 544 103
136 21 6
136 39 4
136 657 13
137 678 6
140 168 2
141 2 3
143 144 2
143 286 2
144 433 12
145 1 5
145 2 7
145 94 3
145 216 2
145 273 9
145 392 2
146 69 10
146 146 3
147 513 3828
147 522 2
148 912 11
153 171 15
156 54 2
159 526 13
160 644 2
161 376 839
161 576 4
161 717 5
161 898 9
162 290 38
164 87 39
165 141 8
165 397 2
167 289 8
168 8 2
168 68 33
169 351 2
169 514 57
171 144 6
171 810 2
176 32 6
176 864 7
177 280 6
177 560 6
177 744 5
178 580 6
180 152 2
180 600 3
181 331 2
181 964 14
182 300 2
185 42 2
186 582 2
187 800 4
188 4 25
192 392 2
192 536 6
192 713 19
192 904 2
193 8 8
193 375 3
193 422 8
196 286 5
197 61 164
197 297 2
197 592 2
200 924 209
201 140 19
206 530 4
208 88 2
208 534 4
209 513 2
210 882 2
212 34 2
213 64 4
214 369 2
218 86 2
222 532 31
222 852 2
225 257 2
226 35 3
227 336 11
227 592 4
228 32 54
232 65 21
232 480 2
234 917 2
235 645 2
244 356 2
244 932 27
248 0 11
248 290 2
256 97 5
256 262 5
256 416 2
256 616 16
256 804 13
256 992 18
257 272 2
257 680 26
257 912 5
258 34 9
258 36 2
258 673 2
258 810 22
259 100 7
259 165 6
259 226 2
259 268 2
260 131 2
260 978 46
261 8 3
261 67 4
261 72 2
261 995 2
262 193 4
262 256 157
262 906 4
264 320 4
264 568 56
266 272 576
268 577 5
270 73 30
272 259 2
272 520 2
272 554 3
273 693 8
274 334 4
275 16 5
276 392 12
276 538 11
277 8 16
278 258 2
279 18 3
279 901 6
280 36 3
280 600 2
281 101 5
282 136 23
282 576 11
282 787 4
286 12 7
286 624 2
286 832 270
288 545 5
289 60 15
289 468 2
289 472 8
289 788 3
290 0 2
290 258 21
291 32 2
291 610 2
292 7 4
292 134 2
292 593 2
296 260 7
296 409 2
296 516 4366
297 742 2
299 78 3
301 274 15
301 777 14
304 6 5
304 8 27
304 63 55
305 576 2
306 550 13
308 640 2
308 832 2
309 774 6
314 376 6
315 739 2
316 452 2
318 532 18
318 914 6
320 315 2
320 468 5
321 337 2
321 768 2
322 196 2
322 902 74
324 106 60
324 200 2
326 11 11
329 35 19
330 8 2
334 288 6
336 632 2
337 352 3
337 833 6
338 169 2
341 576 2
342 168 90
342 272 2
343 475 2
345 728 3
347 149 8
348 128 3
348 395 2
352 514 12
352 680 3
353 138 4
354 30 2
354 288 17
356 800 5
364 740 5
368 738 3
368 925 73
371 705 675
379 333 6
380 339 2
384 6 3
384 168 3
384 312 2
384 332 3
384 841 2
384 962 13
385 214 6
385 513 2
386 64 2
386 275 18
386 846 2
387 1016 2
388 332 103494
391 461 2
391 800 2
392 38 24
392 336 3
392 674 14
394 211 2
395 4 3
396 6 2
396 777 7
396 960 6
397 132 27
401 932 2
404 209 8
405 160 4
408 405 2
409 66 2
409 888 8
410 520 15
412 6 4
414 932 2
416 832 76
417 577 9
419 7 2
420 32 2
420 114 5
420 288 2
420 538 2
420 545 165
421 400 2
423 384 17
425 776 9
426 644 1583
428 32 33
428 880 11
430 68 11
433 24 15
433 398 3
436 641 16
444 801 2
448 655 3
450 450 7
452 136 2
452 512 2
452 513 2
454 9 2
455 640 15
458 101 2
458 743 3
460 197 2
462 516 2
465 531 2
465 761 5
465 902 2
466 58 6
467 211 9
472 801 12
480 731 3
480 928 17
481 416 23
482 64 3
484 841 157
489 64 4
496 978 2
512 1 3
512 5 4
512 52 3
512 96 3
512 482 2
513 5 5
513 100 4
513 112 2
515 93 2
515 273 3
515 598 3
516 33 2
516 69 8
516 385 12
516 779 4
517 0 6199
517 8 3
517 34 4
517 132 3
517 233 4
517 676 31062
518 517 2
520 94 4
520 812 6
521 131 8
521 450 8
521 560 2
522 234 9
523 650 6
525 820 10
527 713 3
528 36 3
528 97 2
528 144 5
528 156 57
528 171 2
529 517 3
529 520 2
530 86 1056
530 132 2
530 696 13
533 5 2
533 37 5
536 244 2
536 902 7
537 99 28
537 478 5
538 84 2
540 256 2
540 481 2
541 793 2
544 160 7
544 536 2
544 551 2
545 226 3
545 914 2
546 758 2
547 427 18
548 169 3
548 512 2
548 586 3
549 530 2
550 36 101
552 136 40
552 640 12
552 656 6
553 102 2
554 137 15
555 52 4
555 418 2
556 409 31
557 6 35
557 400 25
560 32 9
560 354 2
561 10 2
562 162 20
562 977 2
563 410 2
564 28 30
564 656 14
566 44 2
566 132 5
571 100 71
572 36 4
574 18 2
576 76 8
576 133 4
576 325 2
576 371 9
576 525 6
577 222 2
577 236 5
577 661 3
578 96 5
578 120 20
578 554 4
578 575 2
579 80 9
579 136 4
579 789 17
580 507 29
580 598 7
583 129 4
584 432 2
584 833 8
585 208 6
586 530 4
587 608 2
589 389 3
590 300 3
590 520 2
590 788 3
592 2 310
592 528 33548
592 585 18
592 856 3
593 429 2
595 58 2
596 91 3
599 92 11
599 569 2
600 115 3
605 80 2
608 185 22
609 28 3
609 225 2
609 526 3
616 81 17
616 450 18
616 806 2
617 374 4
618 1004 2
619 140 13
624 579 130
625 530 48
626 104 4
626 114 4
626 528 4
635 546 2
640 4 3
640 160 6
640 421 3
640 467 2
642 562 3
642 724 2
643 73 240
644 660 2
645 4 10
645 25 15
645 195 2
646 289 15
646 388 4
648 76 2
648 369 2
649 4 192
650 216 3
652 257 3
652 594 2
656 3 3
656 370 3
656 833 2
658 26 8
660 36 33
660 85 120
660 648 15
664 781 9
674 259 4
674 401 4
675 257 65
678 237 6
680 450 2
681 6 2
688 385 13
690 110 2
691 12 6
692 260 2
694 768 2
700 864 16
701 941 5
705 596 9
705 854 2
708 108 14
710 2 12
711 19 2
712 35 2
712 141 41
712 294 24
712 862 12
713 593 2
719 512 14
721 584 2
722 104 4
722 146 2
722 393 5
725 65 7
726 322 3
728 227 11
729 578 5
737 288 4
737 610 13
738 970 6
740 801 11
741 260 6
743 787 7
744 124 2
744 762 6
746 386 13
752 261 8
760 40 25
760 220 24
760 300 14
765 513 2
768 68 2
768 608 2
768 666 2
768 738 6
769 350 3
771 793 6
771 800 4
772 32 3
772 130 21
773 1 2
775 48 9
776 155 4
776 697 19
777 318 18
777 539 2
777 608 6
778 389 16
780 14 13
780 16 7
784 1 66
784 514 31
788 25 8
788 332 2
792 16 29
792 594 2
795 661 2
798 776 19
800 45 2
800 133 122
801 34 2
802 769 7
806 480 3
808 777 21
808 937 6
810 416 82
814 523 3
817 784 2
818 253 9
832 30 2
832 427 2
833 999 2
834 32 2
834 67 2
835 392 2
836 86 3
836 388 10
840 96 6
841 370 7
842 132 21
844 584 27
845 624 2
848 899 3
849 1018 6
851 195 2
852 72 15
852 824 13
856 866 23
864 23 5
867 998 4
868 332 21
871 264 2
872 32 2
873 9 2
880 611 4
882 778 3
885 601 2
894 392 2
897 39 2
897 1002 9
899 537 2
900 4 2
900 162 35
900 313 60
902 131 2
902 420 2
904 888 2
904 929 4
905 12 16
905 540 10
906 137 9
910 614 13
912 2 2
912 388 3
914 669 3
917 560 3
924 196 2
927 190 126
928 516 1524
929 10 2
930 547 6
931 230 2
932 274 2
932 783 32
938 316 104
940 512 3
947 568 11
948 9 14
953 905 4
958 844 2
961 291 7
961 472 3
961 481 3
966 29 5
968 352 2
969 313 6
970 180 63
976 321 2
976 779 22
984 324 4
986 772 22
988 366 2
996 36 2
998 127 6
1002 912 4
1004 129 3
1013 316 2
1021 643 5
