0 4 30
0 8 3
0 18 2
0 150 2
0 259 5
0 321 13
0 415 2
0 618 3
0 674 2
0 704 2
0 843 2
0 902 2
0 936 4
1 15 3
1 82 2
1 135 6
1 481 2
1 825 6
1 920 21
2 8 2
2 167 2
2 328 11
2 523 3
2 826 2
3 272 6
3 530 2
3 592 2
4 15 4
4 293 24
4 808 15
5 18 22
5 584 1166
7 81 2
7 110 16
8 32 81
8 42 2
8 202 12
8 656 4
8 735 141
9 823 5
10 13 2
10 40 32
10 75 3
10 176 14
10 518 2
10 599 2
10 778 15
11 204 6
12 24 3
12 116 12
12 634 2
12 781 13
13 66 2
13 224 3
14 152 8
14 210 12
14 616 5
15 485 366
15 854 4
16 64 2
16 643 2
17 48 2
19 24 7
19 709 3
20 10 9
21 258 15
22 281 2
22 320 21
23 328 40
23 770 6
24 9 7
24 533 2
26 20 13
26 22 19
26 801 2
27 210 2
27 547 2
28 72 15
28 203 3
28 647 2
30 588 2
31 561 10
32 16 2
32 33 306
32 42 2320
32 204 21
32 388 2
32 414 724
32 612 2
32 641 3
32 721 3
33 26 13
33 276 21
33 544 47
33 785 2
34 292 24
34 324 2
34 561 2
34 720 2
35 65 8
36 34 2
37 364 49
37 673 2
38 180 3
38 204 3
40 512 6
40 605 21
40 645 2
40 840 2
40 980 11
41 987 56
42 140 2
42 329 10
43 1 123
44 10 14
44 794 8
45 23 4
45 74 3
46 57 445
47 80 2
48 198 428
48 226 5
49 4 2
49 310 2
49 516 2
50 113 7
52 256 458
53 245 8
56 472 2
56 544 2
57 5 5
57 448 7
59 58 80
59 292 6
59 583 2
60 3 14
60 5 8
60 112 5
60 948 3
62 612 12
64 1 2
64 192 9
64 203 7
64 272 17
64 514 2
64 686 2
64 756 8
65 25 6
65 218 2
65 241 7
65 571 2
67 2 2
67 37 2
67 453 3
67 840 2
68 226 2
68 284 6
69 138 2
69 276 10
69 572 8
70 109 1354
70 212 3
70 646 2
70 648 10
70 672 2
71 409 3
72 37 7
72 280 18
72 961 11
73 640 2
73 999 4
74 512 3
75 259 10
75 576 2
77 267 2
78 288 20
78 517 7
78 919 3529
80 82 3
80 211 9
80 920 2
83 115 2
83 304 4
83 784 7
84 64 3
84 74 83
87 353 7
87 462 2
87 515 66
90 20 10
90 977 2
90 988 2
91 951 2
92 38 2
92 91 2
94 869 2
94 954 30
95 20 3
96 80 4
96 220 2
96 276 23
96 304 15
96 356 18
96 776 3
96 820 7
97 18 7
97 286 5
98 671 6
98 928 2
99 117 24
100 128 5
101 70 2
101 124 49
101 392 37
101 599 21
102 6 87
102 264 13
104 48 2
104 132 2
105 296 3
107 3 2
109 707 3
111 12 3
112 3 2
112 84 2
114 452 2
116 33 2
117 106 2
117 803 2
118 565 2
119 446 6
120 0 5
122 185 2
122 294 13
124 348 33
128 10 2
128 208 2
128 320 2
128 433 5
128 806 2
129 39 13
129 88 2
129 584 4
130 78 2
130 272 2
130 368 2
130 520 2
132 94 2
132 372 3
132 516 7
134 224 2
134 377 5
134 516 2
134 768 3
136 160 2
136 482 12
137 678 2
138 415 3
140 135 16
140 724 2
141 521 26
143 187 2
144 68 3
144 433 15
144 520 16
145 1 8
145 67 3
145 273 3
146 396 2
147 513 2
148 1 9
148 139 4
148 146 14
148 464 3
148 912 2
149 20 4
149 633 11
149 649 2
151 132 9
153 26 4
153 151 2
153 171 2
156 133 2
160 34 2
160 144 2
160 452 2
160 644 4
161 21 2
161 40 19
161 326 3
161 524 6
161 576 46
162 160 2
163 361 10
163 601 7
164 217 2
164 264 2
164 329 2
165 397 9
167 384 3
168 52 4
168 480 1282
172 8 2
172 32 15
175 863 8
176 916 2
176 932 6
177 560 20
177 611 3
180 600 11
181 97 269
181 331 15
181 964 2
182 672 2
182 728 20
184 161 2
185 391 1316
188 199 2
192 177 8
192 898 5
192 904 2
192 999 15
193 8 31
193 775 3
196 377 2
197 297 3
197 769 13
200 146 127
201 39 6
201 98 5
203 654 286
205 457 2
206 80 23
208 534 2
209 55 6
209 513 2
212 112 2
212 673 12
214 585 14
216 66 10
219 389 43
222 852 3
226 157 2
227 838 3
230 9 26
231 290 88
232 130 2
233 212 14
233 912 16
233 973 5
238 620 116
238 642 16
239 370 211
241 245 2
242 156 148195
244 932 2
248 0 2
248 290 19
250 46 2
253 636 2
256 4 3
256 68 38
256 212 32
256 262 9
256 522 25
256 992 2
257 156 2
257 680 11
257 920 45
258 34 8
258 36 2
258 810 2
258 880 2
259 100 6
260 545 6
260 978 2
261 8 7
261 67 4
261 72 2
262 32 24
262 193 216
262 256 5
262 906 3
265 264 4
266 326 5
266 336 2
268 34 2
268 577 2
270 532 34
270 642 3
272 162 5
272 225 2
272 234 3
272 280 2
272 640 20
273 581 2
273 693 2
273 903 23
274 334 14
275 485 11
275 512 15
276 628 7
277 27 5
277 128 3
277 385 16
278 258 2
280 600 2
280 674 2
281 101 2
282 136 8
282 576 2
283 35 2
284 835 3
286 12 27
288 47 2
288 224 2
288 545 2
289 648 6
289 753 2
289 788 5
290 328 15
291 768 4
291 967 2
292 7 1303
292 524 2
294 742 4
296 231 5936
297 389 7
300 140 7
301 777 6
304 6 2
305 163 40
306 918 5
307 514 2
308 640 4
309 77 14
310 44 2
318 914 3
320 29 2
320 315 3
320 407 2
320 641 42
322 0 4
322 416 12
324 106 58
324 200 2
324 530 13
325 74 4
325 614 2
326 32 2
326 280 2
327 675 17
332 456 2
334 265 4
334 288 6
336 576 2
337 833 46
338 160 33
338 169 2
340 763 349
341 576 6
342 15 2
342 536 2
343 475 2
344 188 62
346 11 2
346 89 2
349 12 5
352 680 13
352 794 2
353 684 2
354 288 5
354 836 26
355 134 17
355 634 17
357 641 2
358 168 370
360 732 104
360 784 3
360 810 10
361 266 10
361 316 4
362 34 2
364 740 8
371 705 32
379 333 5
382 562 2
384 156 4
384 312 2
384 332 2
384 531 2
384 597 2
385 214 7
386 64 15
386 158 2
386 206 3
386 846 44
386 849 2
392 38 4
394 80 2
395 558 6
396 536 11
396 915 7
400 144 4
400 712 2
401 673 12
403 98 5
404 209 9
404 298 8
406 677 7
408 66 21
409 888 6
410 520 7
412 6 2
414 932 2
416 52 6
416 292 5
416 531 9
419 7 2
419 844 8
420 114 2
420 288 5
423 384 113
424 481 2
425 161 8
425 746 3
430 203 17
433 398 2
434 734 2
437 2 2
441 21 2
442 146 2
442 691 2
450 450 6
453 368 2
454 437 2
456 105 12
458 743 2
460 462 3
460 566 2
462 641 8
463 916 52
464 265 10
465 761 2
467 300 2
472 256 2
472 801 2
473 800 4
480 731 2
483 555 6
488 334 16
488 565 10
501 519 12
512 5 2
512 36 5
512 438 3
512 685 2
512 936 2
513 42 2
513 112 3
513 340 2
513 548 5
514 11 3
514 36 14
515 273 2
515 598 6
516 605 8
517 0 2
517 34 5
517 177 35
517 233 5
517 525 6
517 768 2
518 41 22176
519 517 2
519 944 2
520 9 2
520 328 3
520 812 10
521 229 9
521 546 23
521 609 47
522 1 15
522 234 10
523 650 2
524 173 3
524 520 2
527 713 2
528 611 2
528 801 9
529 148 10
530 20 2
530 278 2
532 550 16
534 6 12
534 425 3
534 786 2
534 928 2
536 412 2
536 687 2
537 138 6
537 478 94
538 84 11714
541 344 7
544 6 2
544 401 35
544 551 9
544 597 14
545 520 7
545 743 3
545 914 4
546 4 7
546 263 2
546 650 4
548 512 8
551 89 2
552 656 8
553 36 13
553 933 2
555 52 5
555 418 7
556 409 5
557 6 4
557 370 6
557 938 3
559 557 2
560 104 8
560 168 2
560 354 7
561 521 2
561 993 26
563 410 11
564 659 3
566 4 6
566 44 2
569 522 5
571 100 5
571 457 2
572 257 2
573 886 117
574 18 40
574 533 3
576 4 4
576 19 1566
576 133 4
576 525 13
578 120 12
578 572 2
579 136 11
580 64 2
580 528 2
584 833 6
585 208 7
585 217 12
585 354 3
585 389 14
589 389 6
591 147 5
592 585 14
593 429 15
596 33 7
599 92 8
599 569 19
600 68 2
600 562 6
607 393 4
608 576 2
609 210 4
611 125 734
614 265 6
614 936 8
617 374 2
619 76 2
619 231 14
623 1000 2
626 8 10
626 528 3
627 3 2
627 418 39
629 528 2
632 18 9
633 812 5
638 161 5
640 4 153
640 181 6
640 369 8
640 659 2
640 938 17
642 512 10
644 660 40
645 195 12
645 963 2
646 388 3
648 76 3
648 369 49
648 694 40
649 4 3
650 108 2
654 129 2
654 565 6
655 761 2
656 3 6
656 278 2
657 79 4
658 10 8
658 26 16
658 226 4
661 244 8
668 163 2
672 64 2
672 514 3
672 608 2
672 717 11
674 259 2
675 470 97
676 52 7
677 641 8
682 156 7
686 426 7
691 12 5
694 6 3
694 768 14
694 931 3
694 976 3
700 18 2
700 864 6
701 34 2
704 34 5
704 76 2
704 514 5
705 854 4
706 161 22
709 325 11
713 593 4
716 649 3
721 0 122
721 170 3
721 323 4650507
721 584 33
722 100 3
722 258 11
722 393 12
722 464 4
727 200 11
737 25 11
741 45 10
741 260 2
742 97 2
744 124 46
752 261 11
752 786 3
761 435 2
765 513 39
768 226 18
769 277 33
769 640 5
769 773 13
771 793 3
772 32 253
774 8 2
776 155 2
777 84 82
777 200 3
777 318 2
777 539 2
778 389 11
780 14 2
780 193 8
780 552 2
780 707 2
781 496 14
782 226 64
784 1 2
784 549 2
785 257 51654325
786 521 2
786 576 2
787 199 5
788 324 13
793 52 15
793 628 5
800 133 2
804 337 21
804 779 2
806 43 8
808 526 40
810 416 5
814 161 3
814 264 17
832 16 2
832 43 13
832 427 3
832 548 3
834 0 4
834 32 2
836 485 7
838 785 2
840 96 2
840 545 6
840 800 7
842 200 3
843 939 3
845 561 7
845 624 8
848 90 2
848 313 4
848 391 2
849 792 12
850 308 4
852 72 2
852 824 10
854 681 15
856 256 20
856 866 24
857 42 101
866 260 2
868 332 23
872 32 3
873 9 2
896 330 14
897 523 7
897 1002 5
899 537 6
900 4 3
900 162 3
902 420 2
903 339 10
904 112 23
904 929 4
905 248 73
906 194 7
911 5 3
911 10 3
914 669 3
914 776 2
915 431 2
916 777 3
917 560 260125
922 784 3
928 64 16
929 10 7
929 257 2
929 316 31
930 547 2
932 783 2
938 316 2
941 771 80
945 456 31
946 205 10
947 568 10
956 846 28
961 291 3
965 937 3
966 197 2
968 51 23
971 566 8
975 205 14
976 779 5
977 549 19
984 324 6
984 483 159
985 268 2
996 36 11
998 179 2
1000 260 19
1004 129 2
1013 316 7
1020 371 118
