0 4 326
0 8 5
0 18 4
0 150 2
0 259 4
0 321 5
0 415 2
0 618 14
0 674 2
0 704 2
0 843 2
0 902 2
0 936 3
1 15 9
1 82 5
1 135 6
1 481 2
1 825 29
1 920 17
2 8 2
2 167 2
2 328 7
2 523 3
2 826 2
3 272 29
3 530 2
3 592 9
4 15 2
4 293 5
4 808 9
5 18 7
5 584 7
7 81 5
7 110 17
8 32 18
8 42 178
8 202 3
8 656 7
8 735 2
9 823 36
10 13 6
10 40 2
10 75 3
10 176 3
10 518 5
10 599 3
10 778 8
11 204 5
12 24 2
12 116 104
12 634 3
12 781 23
13 66 4
13 224 2
14 152 6
14 210 2
14 616 16
15 485 2
15 854 3
16 64 2
16 643 8
17 48 298
19 24 3
19 709 11
20 10 5
21 258 2
22 281 11
22 320 23
23 328 4
23 770 2
24 9 3
24 533 5
26 20 15
26 22 5
26 801 2
27 210 2
27 547 680
28 72 16
28 203 5
28 647 10
30 588 21049
31 561 22
32 16 6
32 33 10
32 42 35
32 204 2
32 388 4
32 414 4
32 612 31
32 641 5
32 721 13
33 26 6
33 276 21
33 544 5
33 785 27
34 292 2
34 324 1400
34 561 2
34 720 2
35 65 2
36 34 2
37 364 10
37 673 2
38 180 26084
38 204 4
40 512 6
40 605 26
40 645 33
40 840 2
40 980 38
41 987 4
42 140 5
42 329 2
43 1 3
44 10 16
44 794 101
45 23 2
45 74 11
46 57 2
47 80 5
48 198 2
48 226 2
49 4 3
49 310 89
49 516 15
50 113 4
52 256 2
53 245 21
56 472 2
56 544 5
57 5 2
57 448 3
59 58 2
59 292 3
59 583 13
60 3 50
60 5 2
60 112 2
60 948 7
62 612 6
64 1 223
64 192 3
64 203 14
64 272 7
64 514 2
64 686 2
64 756 3
65 25 2
65 218 13
65 241 3
65 571 6
67 2 3
67 37 77666
67 453 30
67 840 6072
68 226 2285
68 284 2
69 138 4
69 276 11
69 572 3
70 109 128
70 212 38
70 646 3
70 648 2
70 672 20
71 409 2
72 37 25
72 280 3
72 961 75
73 640 75
73 999 2
74 512 2
75 259 4
75 576 2
77 267 16
78 288 2
78 517 3
78 919 14
80 82 7
80 211 3
80 920 3
83 115 38
83 304 3
83 784 7
84 64 19
84 74 2
87 353 9
87 462 2
87 515 113
90 20 2
90 977 2
90 988 3
91 951 2
92 38 2
92 91 11
94 869 2
94 954 2
95 20 3
96 80 4
96 220 2
96 276 2
96 304 5
96 356 16
96 776 22
96 820 8
97 18 6
97 286 6
98 671 3
98 928 2
99 117 4
100 128 4
101 70 22
101 124 6
101 392 3
101 599 3
102 6 14
102 264 9
104 48 2
104 132 28
105 296 20
107 3 2
109 707 2
111 12 3
112 3 9
112 84 2
114 452 41287
116 33 2
117 106 2
117 803 2
118 565 4
119 446 2
120 0 2
122 185 5
122 294 15
124 348 2
128 10 19
128 208 3
128 320 7
128 433 3
128 806 9
129 39 2
129 88 5
129 584 3
130 78 2
130 272 9
130 368 12
130 520 6
132 94 401
132 372 81
132 516 4
134 224 17
134 377 4
134 516 2
134 768 9
136 160 5
136 482 4
137 678 53
138 415 4
140 135 2
140 724 130
141 521 12
143 187 9335
144 68 27
144 433 9
144 520 6
145 1 104
145 67 70
145 273 6
146 396 20
147 513 13
148 1 4
148 139 8
148 146 2
148 464 6
148 912 22
149 20 6
149 633 5
149 649 3
151 132 2
153 26 2
153 151 2
153 171 2
156 133 2
160 34 11
160 144 14
160 452 31
160 644 7
161 21 10
161 40 2
161 326 5
161 524 5
161 576 4
162 160 12
163 361 6
163 601 4
164 217 2
164 264 5
164 329 2
165 397 54
167 384 3
168 52 2
168 480 389
172 8 3
172 32 2
175 863 2
176 916 7
176 932 5
177 560 3
177 611 6
180 600 2
181 97 3
181 331 16
181 964 212350
182 672 2
182 728 2
184 161 2
185 391 2
188 199 13
192 177 8
192 898 11
192 904 2
192 999 2
193 8 7
193 775 2
196 377 2
197 297 4
197 769 2
200 146 2
201 39 6
201 98 2
203 654 173
205 457 2
206 80 4
208 534 2
209 55 7
209 513 4
212 112 2
212 673 2
214 585 72
216 66 10
219 389 2
222 852 92
226 157 4
227 838 81
230 9 20
231 290 2
232 130 2
233 212 13
233 912 2
233 973 4
238 620 2
238 642 8
239 370 2
241 245 3
242 156 3
244 932 2
248 0 2
248 290 25
250 46 19
253 636 62
256 4 2
256 68 3
256 212 2
256 262 2
256 522 5
256 992 3
257 156 9
257 680 14
257 920 2
258 34 6
258 36 2
258 810 33
258 880 2
259 100 5
260 545 2
260 978 2
261 8 6
261 67 3
261 72 2
262 32 2
262 193 772
262 256 4
262 906 26
265 264 2
266 326 2
266 336 2
268 34 2
268 577 2
270 532 2
270 642 4
272 162 15
272 225 2
272 234 39
272 280 4
272 640 13
273 581 2
273 693 2
273 903 6
274 334 3
275 485 2
275 512 37
276 628 2
277 27 65
277 128 2
277 385 12
278 258 3
280 600 29
280 674 2
281 101 19
282 136 2
282 576 2
283 35 33
284 835 16
286 12 29
288 47 10
288 224 67
288 545 9
289 648 4
289 753 4
289 788 3
290 328 5
291 768 4
291 967 2
292 7 13
292 524 2
294 742 10
296 231 2
297 389 3
300 140 15
301 777 2
304 6 9
305 163 19
306 918 7
307 514 165477
308 640 10
309 77 15
310 44 42
318 914 146
320 29 2
320 315 2
320 407 2
320 641 2
322 0 8
322 416 10
324 106 12
324 200 2
324 530 2
325 74 2
325 614 857
326 32 3
326 280 2
327 675 2
332 456 25
334 265 7
334 288 17
336 576 2
337 833 2
338 160 2
338 169 3
340 763 2
341 576 2
342 15 2
342 536 33
343 475 3
344 188 18
346 11 4
346 89 2
349 12 6
352 680 4
352 794 2
353 684 9
354 288 4
354 836 2
355 134 3
355 634 3
357 641 3
358 168 2
360 732 2
360 784 70
360 810 9
361 266 10
361 316 3
362 34 2
364 740 4
371 705 2
379 333 4
382 562 36
384 156 7
384 312 2
384 332 2
384 531 11
384 597 2
385 214 4
386 64 7
386 158 228
386 206 3
386 846 2
386 849 4
392 38 6
394 80 17
395 558 17
396 536 2
396 915 4
400 144 54
400 712 32
401 673 2
403 98 45
404 209 14
404 298 2
406 677 13
408 66 6
409 888 5
410 520 5
412 6 12
414 932 4
416 52 6
416 292 7
416 531 6
419 7 3
419 844 3
420 114 2
420 288 2
423 384 12
424 481 2
425 161 4
425 746 2
430 203 9
433 398 4
434 734 10
437 2 20
441 21 6
442 146 3
442 691 2
450 450 7
453 368 2
454 437 3
456 105 3
458 743 2
460 462 2
460 566 132
462 641 3
463 916 2
464 265 9
465 761 27
467 300 5
472 256 4
472 801 10
473 800 10
480 731 2
483 555 19
488 334 4
488 565 2
501 519 2
512 5 7
512 36 6
512 438 17
512 685 2
512 936 3
513 42 114
513 112 9
513 340 5
513 548 3
514 11 15
514 36 2
515 273 2
515 598 2
516 605 3
517 0 5
517 34 3
517 177 2
517 233 3
517 525 9
517 768 3
518 41 15
519 517 13
519 944 2
520 9 2
520 328 2
520 812 19
521 229 3
521 546 7
521 609 28
522 1 13
522 234 1396
523 650 9
524 173 2
524 520 2
527 713 4
528 611 2
528 801 10
529 148 37
530 20 12
530 278 2
532 550 5
534 6 9
534 425 3
534 786 29
534 928 9
536 412 16
536 687 2
537 138 9
537 478 2
538 84 279
541 344 12
544 6 2
544 401 9
544 551 16
544 597 2
545 520 2
545 743 4
545 914 2
546 4 2
546 263 2
546 650 2
548 512 3
551 89 3
552 656 2
553 36 4
553 933 7
555 52 2
555 418 2
556 409 2
557 6 23
557 370 6
557 938 12
559 557 2
560 104 5431
560 168 2
560 354 22
561 521 16
561 993 21
563 410 13
564 659 4
566 4 5
566 44 4
569 522 2
571 100 12
571 457 2
572 257 35
573 886 3
574 18 12
574 533 3
576 4 7
576 19 2
576 133 16
576 525 2
578 120 130
578 572 2
579 136 2
580 64 5
580 528 2
584 833 9
585 208 4
585 217 6
585 354 30
585 389 15
589 389 13
591 147 8
592 585 2
593 429 3
596 33 2
599 92 6
599 569 19
600 68 3
600 562 18
607 393 10
608 576 4
609 210 2
611 125 138
614 265 2
614 936 7
617 374 7
619 76 6
619 231 6
623 1000 7
626 8 8
626 528 2
627 3 3
627 418 2
629 528 6
632 18 5
633 812 8
638 161 12
640 4 3
640 181 2
640 369 2
640 659 2
640 938 12
642 512 4
644 660 10
645 195 2
645 963 4
646 388 14
648 76 7
648 369 2
648 694 2809
649 4 2
650 108 2
654 129 12
654 565 4
655 761 3
656 3 2
656 278 4
657 79 12
658 10 6
658 26 3
658 226 13
661 244 4
668 163 2
672 64 11
672 514 3
672 608 2
672 717 1030328064
674 259 3
675 470 2
676 52 4
677 641 6
682 156 11
686 426 8
691 12 8
694 6 13
694 768 15
694 931 2
694 976 4
700 18 2
700 864 8
701 34 6219
704 34 20
704 76 24
704 514 15
705 854 3
706 161 2
709 325 57
713 593 4
716 649 2
721 0 700
721 170 12
721 323 2
721 584 365
722 100 7
722 258 2
722 393 18
722 464 3
727 200 2
737 25 2
741 45 6
741 260 2
742 97 19
744 124 3
752 261 2
752 786 2
761 435 84
765 513 24
768 226 6
769 277 2
769 640 26
769 773 6
771 793 2
772 32 301
774 8 134
776 155 254
777 84 2
777 200 51
777 318 4
777 539 3
778 389 2
780 14 2
780 193 2
780 552 5
780 707 6
781 496 16
782 226 268
784 1 139
784 549 2
785 257 2
786 521 3
786 576 3
787 199 2
788 324 3
793 52 11
793 628 65
800 133 2
804 337 3
804 779 2
806 43 13
808 526 3
810 416 3
814 161 3
814 264 13
832 16 1406
832 43 18
832 427 2
832 548 3
834 0 2
834 32 69
836 485 2
838 785 2
840 96 15
840 545 12
840 800 6
842 200 22
843 939 3
845 561 4
845 624 4
848 90 286
848 313 2
848 391 48
849 792 2
850 308 6
852 72 2
852 824 22
854 681 12
856 256 6
856 866 15
857 42 4
866 260 4
868 332 3
872 32 6
873 9 4
896 330 3
897 523 37
897 1002 2
899 537 2
900 4 15
900 162 22
902 420 7
903 339 2
904 112 20
904 929 19
905 248 2
906 194 9
911 5 2
911 10 2
914 669 3
914 776 2
915 431 2
916 777 25
917 560 2
922 784 4
928 64 3
929 10 75
929 257 11
929 316 6
930 547 17
932 783 10
938 316 2
941 771 3
945 456 3
946 205 3
947 568 8
956 846 9
961 291 11
965 937 4
966 197 2
968 51 2
971 566 3
975 205 10
976 779 5
977 549 4
984 324 4
984 483 4
985 268 29
996 36 21
998 179 2
1000 260 18
1004 129 2
1013 316 3
1020 371 2
