0 135 5
0 150 2
0 274 3
0 321 5
0 552 2
0 646 2
0 670 5
0 936 5
1 15 51070
1 30 2
1 37 5
1 70 3
1 135 12
1 565 14
1 705 2
1 825 20
1 920 6
2 8 9
2 48 2
2 132 15
2 260 21
2 267 3
2 328 2
2 523 4
2 826 17
3 24 14
3 530 107
4 4 3
4 24 20
4 517 3
6 148 2
6 212 21
6 512 300
8 1 2
8 32 7
8 42 5
8 272 4
8 273 8
8 386 41
8 642 18
8 902 19
9 39 8
9 43 3
9 274 6
10 13 7
10 75 9
10 160 2
10 523 7
10 680 6
11 204 3
11 586 2
12 116 18
12 128 4
12 366 5
12 781 21
13 66 8
13 192 2
14 376 4
14 616 5
15 485 2
15 659 20
15 854 9
16 24 4
16 96 2
16 132 2
16 148 6
16 516 10
16 806 5
18 641 2350
18 645 4
20 10 3
20 69 2
20 323 2
22 331 779
22 565 6
24 781 16
24 786 10
24 848 2
24 944 2
25 592 12
26 109 3
27 210 9
27 549 6
28 192 36
29 809 2
30 21 2
32 33 6
32 185 10
32 196 7
32 211 2
32 514 4
32 641 11
32 759 3
33 2 10
33 26 25
33 31 2
33 320 15
33 544 3
34 292 2
34 324 65
34 800 9
35 65 2
35 266 2
35 551 5
35 689 7
36 257 2
36 288 3
36 320 9
36 705 2
37 2 4
37 364 2
37 673 2
38 180 17
38 204 2
39 3 3
40 20 3
40 605 2
40 672 17
40 756 10
40 761 2
41 96 2
41 276 3
41 987 6
42 42 8
42 839 11
44 10 4
45 23 2
45 808 2
45 844 3
47 1022 2
48 67 275
48 168 25
48 176 3
48 193 2
48 226 10
48 932 14
49 313 2
49 516 2
50 9 6
50 113 12
50 528 205
51 70 15
52 256 2
54 112 2
56 89 14
56 472 4
56 544 47
56 560 12
57 5 8
57 128 6
59 292 94
59 453 2
60 3 3
60 948 6
62 612 8
64 192 2250
64 194 14
64 197 2
64 272 2
64 481 2
64 686 56
64 780 5
64 790 3
65 118 14
65 571 2
65 614 3
66 140 2
66 545 9
67 20 1633
67 37 27
67 73 2
67 453 19
68 192 14
68 322 14
69 466 17
69 768 8
70 608 14
70 672 49
71 1 8
71 409 12
73 999 2
74 512 4
74 548 4
74 600 2
75 576 8
76 84 2
76 262 4
77 267 2
78 288 2
78 919 7
79 386 2
80 82 2
81 852 2
83 304 12
84 216 2
84 490 8
85 31 2
87 515 29
89 76 17
91 154 6
91 652 3
92 91 3
95 34 3
96 80 9
96 103 20
96 208 1776
96 276 6
96 304 2
96 820 2
97 286 6
97 525 2
98 14 13
98 352 29
98 401 2
99 249 38
100 768 3
104 26 7
104 28 3
104 132 3
108 514 17
112 28 2
112 165 13
114 68 5
114 416 9
114 497 2
114 872 2
118 565 3
119 446 9
119 836 5
120 0 22
122 294 23
123 600 6
128 58 20
128 362 2
128 806 10
129 0 2
129 10 8
129 37 6
129 584 4
130 272 4
130 528 26
130 980 58
132 6 2
132 17 4
132 94 16
133 614 31
134 84 8
134 377 2
134 516 10
135 544 17
136 81 2
136 160 12
136 482 2
136 610 10
136 831 3
137 148 2
137 256 8
137 325 3
137 778 2
139 865 2
140 464 22
141 521 10
141 954 10
143 187 5
143 286 2
143 642 2
144 18 2
144 418 7
145 184 10
145 216 4
145 392 5
145 576 5
146 146 3
146 396 3
147 513 7
148 278 2
148 464 86
149 20 2
149 649 7
151 132 120
153 151 16
159 526 5
160 452 3
161 326 17
161 898 4
162 306 2
164 87 2
164 217 8
164 636 4
167 104 2
167 289 3
167 712 2
168 8 2
168 67 5
169 72 3
169 514 2
172 569 3
173 261 3
174 493 10
174 582 8
176 932 12
177 280 3
177 611 2
178 144 7
178 580 7
179 429 4
180 152 388
180 600 14
181 964 4
184 141 5
184 664 6
185 5 6
186 582 4
192 72 2
192 177 2
192 392 24
192 999 2
193 8 4
193 28 2
193 120 3
193 131 7
193 162 2
193 375 2
193 718 3
193 775 2
194 592 16
194 677 2
197 592 9
197 611 10
198 196 2
200 577 9
201 98 29
204 6 12
206 80 3
206 530 4
208 12 3
208 14 13
209 564 2
210 882 2
212 69 24
212 262 2
212 285 2
213 64 12
216 138 2
216 792 3
219 389 2
220 658 12
222 532 3
225 316 70
226 157 2
227 838 4
230 9 5
231 290 2
232 130 2
232 480 7
233 212 3
233 912 6
238 620 3
239 560 4
240 799 13
241 206 3
242 156 17
248 557 10
248 902 71
256 1 3
256 212 2
256 344 10
256 416 4
256 522 5
256 616 2
256 764 3
256 772 2
256 992 9
257 0 3
257 156 4
257 272 2
257 912 25
258 265 2
258 673 2
258 810 17
259 7 2
259 268 5
259 327 7
260 256 17
260 295 6
262 193 8
262 256 2
264 320 4
265 264 2
266 11 14
266 56 2
266 326 2
268 177 4
268 512 13
268 524 27
269 444 12
272 162 7
272 259 3
272 378 9
272 520 2
272 554 3
272 640 12
272 684 2
272 899 6
273 581 2
273 693 2
275 4 11
275 116 2
275 485 4
277 128 10
279 901 3
280 82 14
280 674 2
282 717 10
286 624 2
287 802 4
288 50 4
288 132 16
288 545 4
289 468 49
290 0 564
290 328 4
290 388 10
291 967 9
292 7 2
292 162 13
292 524 2
294 742 4
296 84 5
296 260 8
296 516 11
297 389 45
300 29 13
301 274 2
304 42 13
305 34 14
305 576 3
307 514 8
308 640 29
309 77 3
310 44 5
314 156 7
315 739 2
318 914 15
320 407 2
320 428 5
320 641 7
321 4 2
321 834 4
322 272 6
322 416 24
322 902 2
324 106 4
324 167 3
324 179 2
324 200 7
325 74 11
325 145 9
325 614 2
326 116 2
326 443 8
330 204 15
331 512 9
332 456 5
332 643 186
334 265 2
335 83 4
337 768 2
338 169 4
339 42 2
340 0 2
340 106 7
345 992 3
346 89 2
348 395 2
349 12 2
352 409 2
352 419 79
352 794 2
352 860 6
353 389 27
355 134 2
358 168 4
360 514 2
360 555 4
363 424 2
368 738 42
379 333 9
382 562 12
384 457 2
384 531 9
385 2 2
385 214 2
385 513 32
385 563 2
386 681 19
386 849 2
387 297 6
388 332 3
391 461 2
392 38 4
392 336 51
394 80 2
394 590 49
396 6 19
396 777 9
397 305 7
398 943 2
400 712 2
401 277 2
401 673 3
402 80 2
403 98 21
405 160 4
406 928 16
408 405 20
408 576 3
409 66 2
410 520 5
412 6 2
414 932 6
416 52 2
416 832 4
419 62 4
420 32 10
420 114 13
420 424 10
420 538 9
425 161 16
425 261 19
427 580 3
428 32 7
428 880 2
430 8 2
430 203 4
433 197 9
437 2 2
448 513 2
449 321 5
452 205 9
453 661 14
454 634 14
456 774 4
458 101 14
460 566 5
463 916 2
464 265 12
465 902 6
466 58 10
467 211 319
472 256 9
476 775 17
480 0 2
480 928 2
481 416 2
482 64 10
482 285 13
483 555 10
485 134 8
488 269 4
488 565 6
489 64 21
496 978 10
512 1 5
512 65 2
512 266 2
512 438 4
512 453 2
512 514 6
512 522 6
512 685 3
513 5 2
513 42 4
513 340 5
513 548 2
513 644 5
514 401 19
515 273 19
516 33 6
516 169 4
516 582 6
517 132 10
517 768 8
520 812 4
521 81 2
521 131 20
521 450 165
521 560 2
521 609 188
522 1 6
522 549 7
524 173 64
525 134 3
527 36 2
528 144 11
528 611 4
528 720 14
528 801 2
529 148 9
530 132 9
530 278 3349
532 292 2
532 853 2
533 5 47
534 6 21
534 786 2
535 10 2
536 687 2
537 257 13
538 84 4
540 256 4
541 344 3
541 793 3
544 6 17
544 416 2
544 597 3
545 520 47
545 914 211
546 612 2
546 650 5
548 586 5
549 97 9
549 146 5
549 288 16
549 647 2
550 649 2
551 4 2
551 40 2
553 36 2
554 4 17
555 52 5
557 15 4
557 370 2
557 400 7
557 938 7
560 18 2
560 168 6
560 354 2
561 10 5
564 28 2
566 44 16
569 385 2
569 522 3
571 457 2
572 36 5
572 257 2
572 777 21
574 18 2
574 533 7
574 696 4
576 4 2
576 133 102
576 371 2
577 222 21
577 292 28
577 661 14
578 120 2
578 554 3
579 80 2
579 621 2
579 789 997
580 528 3
580 598 35
582 633 7
585 64 17
585 217 2
586 530 6
586 658 3
589 389 66
590 276 3
592 148 26
592 528 2
592 585 8
593 429 25
595 557 2
600 115 18
600 573 2
602 480 2
604 913 2
605 80 22
606 807 2
607 288 2
608 522 11
608 648 3
611 125 9
612 170 3
614 265 3
616 81 2
618 70 2
619 76 8
626 528 690183
627 3 12
627 977 47
629 446 8
629 528 2
637 73 5
640 421 2
640 525 2
640 584 2
640 659 2
642 512 7
643 73 2
644 48 15
644 660 7
644 756 3
646 289 2
648 76 24
648 301 2
649 48 2
650 953 5
651 290 2
654 129 2
657 79 4
658 10 4
658 26 2
658 226 52
660 69 5
660 85 2
660 648 4
661 244 3
662 374 762
665 3 2
668 749 2
672 1 5
672 129 2
672 514 3
672 608 3
673 656 2
677 641 6
680 105 2
681 33 12
682 156 12
684 1008 28
688 385 9
692 260 27
695 585 3
701 34 2
704 34 3
704 76 2
704 292 2
704 370 8
704 514 39
704 673 12
705 596 2
705 854 2
706 17 2
706 161 28
709 354 3
709 644 3
711 19 7
712 141 17
712 283 3
712 862 4
713 593 3
716 649 2
720 144 2
722 82 6
722 100 14
722 146 2
722 398 30
722 464 2
725 44 3
725 65 9
730 332 27
736 24 678
737 25 133
737 610 2
738 970 3
741 45 2
744 124 6
745 63 3
754 32 2
761 435 2
763 668 2
768 68 2
768 608 5
768 736 18
769 350 6
769 640 3
770 256 11
770 663 5
771 128 2
772 0 7
773 1 2
774 936 3
776 155 2
777 6 15
777 539 3
777 554 31
777 608 7
777 641 5
778 330 2
780 16 2
780 707 2
782 405 3
784 1 10
784 604 6
786 142 17
788 332 6
792 540 5
793 498 8
795 661 7
798 776 13
799 433 12
800 45 8
800 824 2
801 34 2
804 0 6
804 104 8
805 387 2
805 781 9
806 43 25
806 326 2
808 526 52
808 777 7
812 778 2
814 161 4
816 18 2
816 24 3
817 784 3
818 253 8
819 538 2
824 609 4
828 592 2
832 21 37
832 281 23
833 147 2
834 148 3
835 583 13
836 86 65
836 388 171
836 485 9
839 21 2
840 545 3
840 800 2
841 370 12
843 939 14
845 624 4
848 188 3
848 899 11
849 792 11
849 1018 5
852 64 37
854 681 19
862 130 87
864 786 8
870 6 2
870 68 2
872 50 27
873 9 79
884 802 4
895 603 24
897 1002 2
898 699 11
899 537 2
899 736 154
900 162 2
904 888 10
905 12 2
905 196 2
906 328 2
908 456 2
910 614 5
911 896 7
912 388 3
914 968 8
916 742 2
916 777 2
917 560 2
917 912 2
921 272 2
924 33 2
924 196 4
928 516 312
929 10 22
930 547 3
930 720 3
931 230 5
931 657 3
932 783 4
938 261 2
938 316 3
940 512 40
941 771 6
944 165 5
953 905 3
958 844 2
960 358 3
961 291 825
961 333 5
966 192 2
966 197 2
966 555 3
968 51 8
968 360 2
984 483 15
987 962 4
988 366 4
998 179 9
1000 260 2
1002 912 2
1018 358 3
1020 371 2
