0 47 8
0 166 404
0 552 166
0 674 4710
0 902 13
0 917 4
1 135 157
1 535 4
1 768 5
1 920 2
2 0 109
2 132 2
2 260 7
2 328 2
2 523 8
3 131 2
3 272 2
3 277 10
4 576 2
4 803 70
5 216 2
6 3 4
6 212 3
6 267 5
6 512 2
6 1002 2
8 2 5
8 19 2
8 32 5
8 642 82
8 850 20
9 39 2
9 572 11
9 823 12
10 84 17
10 176 5
10 518 2
10 680 10
11 204 3
12 24 9
12 116 2
12 269 7
13 66 6
13 192 287
13 224 2
13 780 6
14 616 129
16 24 2
16 64 2
16 516 2
16 806 3
18 51 4
18 641 81
18 645 2
19 7 4
19 24 4
20 10 12
20 36 2
21 258 16
22 133 14
22 320 12
23 886 3
24 781 26
25 523 6
26 22 3
28 42 2
28 72 4
28 146 8
28 624 108
28 647 5
29 532 2
30 21 7
31 561 9
32 16 3
32 33 3
32 219 6
32 414 2
32 612 2
32 641 2
32 848 3
33 3 4
33 26 2
33 276 2
33 277 2
33 785 7
33 898 6
34 144 2
34 561 4
35 551 2
36 12 3
36 257 2
36 288 10
36 448 2
36 555 2
37 2 10
37 364 2
38 1 4
38 180 2
39 3 14
40 605 3
40 672 4
40 980 22
41 96 2
41 276 2
41 987 2
42 839 6
45 50 4
45 74 3
45 808 2
47 80 4
47 1022 11
48 646 14
49 4 7
49 313 3
50 113 2
51 70 44
51 516 201
52 256 2
52 390 3
53 146 12
53 245 5
54 718 5
56 89 2
56 472 2
57 448 3
59 292 11
61 644 7
61 648 9
62 612 4
64 1 2
64 756 4
64 780 2
64 790 3
65 96 5
65 104 11
65 218 52
65 241 5
65 274 2
65 515 6
67 453 2
67 482 17
67 840 2170
68 322 6
69 529 6
69 572 2
70 109 2
70 431 5
70 672 9
71 264 34
72 280 6
73 640 32
73 999 3
74 548 5
74 768 2
74 1012 2
75 259 2
76 76 2
76 855 4
77 267 4
78 919 2
79 386 11
80 51 5
80 211 2
81 807 2
83 124 6
83 617 11
83 784 4
85 31 3
88 330 129
90 20 8
90 274 2
90 843 5
91 951 2
92 38 2
92 91 2
93 669 4
94 954 2366
95 20 2
96 103 7
96 148 2
96 208 2
96 276 19
96 304 2
96 776 13
97 48 3
97 195 17
98 352 2
98 928 3
99 117 54
100 294 4
101 161 12
101 599 5
102 6 2
102 264 2
104 48 2
104 64 2
104 673 35
105 3 2
106 516 8
107 129 43
108 825 25
112 1 4
112 776 2
114 68 6
114 416 2
114 497 3
114 872 7
117 106 550
119 446 28
119 836 2
122 294 4
128 806 4
129 37 2
129 707 3
130 78 4
130 528 5
130 540 2
130 675 2
132 6 2
132 137 4
132 916 7
133 23 2
133 614 4
134 224 3
134 768 3
135 258 2
135 544 43
136 39 21
136 482 7
136 657 527
136 831 16
137 148 4
137 259 4
138 415 3
139 426 12
140 724 2
140 776 2
141 954 4
143 116 4
143 286 2
144 418 2
144 520 2
145 67 2
145 273 2
145 392 3
145 513 3
146 146 3
146 396 14
146 910 7
147 522 2
148 24 5
148 278 9
148 515 3
149 20 4
150 656 2
151 207 2
153 26 2
153 598 3
156 54 2
156 814 2
159 526 2
160 452 16
160 644 5
160 801 10
161 40 14
161 326 3
161 576 5
162 517 2
163 361 5
164 34 11
164 264 2
164 636 7
164 646 13
165 397 2
167 289 2
171 144 3
172 664 7
176 137 7
176 270 3
176 916 8
177 128 3
178 100 2
178 144 2
178 797 3
180 152 660
180 600 3
181 97 2
181 964 12
182 672 5
182 728 2
184 664 2
186 272 6
188 4 10
192 392 2
192 536 5
192 999 23
193 120 1621
194 592 3241
194 677 16
196 81 19
197 61 15
197 100 13
198 3 9
201 39 16
206 80 31
208 12 2
210 882 4
211 4 19
212 34 2
212 285 15
214 585 2
218 86 10
220 176 2
222 532 2
225 257 4
225 316 2
226 157 3
227 592 2
227 838 12
231 261 17
231 290 13
233 212 15
233 973 4
234 848 5
234 917 53
239 370 7
240 66 2
241 206 2
242 156 2
245 705 6
256 68 6
256 97 2
256 160 2
256 243 4
256 312 4
256 522 2
256 705 6
256 764 2
256 772 2
256 804 3
256 992 10
257 0 15
257 156 2
257 544 10
257 680 12
257 912 4
258 34 4
258 138 5
258 673 5
258 810 2
258 880 8
260 678 2
260 978 2
261 67 3
261 72 2
261 356 6
261 995 2
262 134 2
262 193 2
262 256 2
262 906 2
264 296 2
264 568 24
265 264 11
266 11 9
266 326 27
267 523 2
268 12 2
268 177 9
268 512 2
268 577 5
269 444 27
269 640 4
272 280 3
272 684 2
273 693 2
273 903 9
275 4 7
275 16 2
275 133 2
275 512 2
276 394 3
277 128 10
278 258 2
279 18 9
279 901 21
280 674 6
286 624 18
286 832 21
287 802 597
288 776 2
289 156 12
289 648 17
290 328 2
290 388 15
291 967 7
292 7 4
292 524 6
294 27 32
294 742 7
294 864 38
296 57 2
296 84 8
296 131 15
296 288 12
297 167 13
297 742 8
298 75 2
300 140 6
301 274 2
304 106 7
305 34 129
306 550 2
308 583 35
308 640 3
308 692 2
308 832 6
308 848 11
309 77 2
309 774 3
310 936 3
314 156 4
314 376 2
315 739 2
320 315 2
320 407 2
320 641 3
320 720 2
321 262 12
321 834 5
322 196 4
322 272 11
322 899 4
323 515 2
324 106 6
324 167 20
324 179 58
324 200 11
324 513 3
324 530 55
325 74 2
325 145 4
327 675 2
329 35 9
329 258 2
331 512 3
335 391 2
336 18 28605
336 100 3
337 352 7
338 33 5
338 160 2
339 42 19
341 576 20
342 15 5
342 168 3
343 475 21
344 188 78
347 11 2
347 296 6
348 395 6
352 794 5
354 25 13
355 634 3
357 641 2
357 690 7
360 555 8
360 784 14
361 316 33
363 162 20
366 657 8
368 49 15
381 531 6
382 562 2
384 5 98
384 312 5
384 332 2
385 214 2
386 846 829
386 912 20
387 297 6
388 332 2
390 566 9
391 461 11
392 553 2
392 674 2
394 80 10
397 132 15
397 305 2
401 58 355
402 769 10
403 98 3
405 160 2
407 591 17
408 66 26
408 576 2
409 105 2
411 20 2
412 6 2
414 932 3
416 52 4
416 292 10
419 62 4
419 844 10
420 114 11
424 481 6
425 261 2
428 32 2
428 194 4
428 620 6
428 880 14
433 197 2
433 398 2
436 597 3
436 641 2
437 2 3
442 146 4
442 691 4
444 769 2
444 801 4
448 92 4
452 48 3
452 512 2
453 661 5
456 367 2
460 197 2
460 462 2
463 916 2
464 265 2
465 531 2
466 58 2
467 211 2
469 425 2
472 226 2
473 6 10
473 600 31
473 800 3
476 775 2
480 665 8
481 416 7
488 565 2
489 64 5499
512 1 4
512 36 10
512 52 10
512 266 2
512 453 17
512 482 27
512 685 2
513 42 2
513 65 13
513 112 16
513 304 2
513 315 2
513 340 2
513 640 7
514 36 2
514 401 4
514 572 2
514 780 2
515 273 8
516 169 2
516 357 6
516 442 3
516 582 3
516 605 3
517 177 38
517 525 225
517 676 157
517 768 2
518 0 11
518 41 2
518 517 2
519 967 9
520 328 2
521 131 2
521 229 4
521 450 2
521 554 2
522 549 352
526 548 44
526 776 2
527 713 26
528 10 14
528 156 44
528 344 6
528 580 2
528 611 6
529 260 9
529 836 15
530 20 3
530 132 3
530 325 2
532 134 2
532 292 7
534 6 2
534 786 4
535 10 4
536 10 5
536 412 2
536 902 13
537 478 2
538 84 7
544 21 23
544 551 2
544 597 7
545 520 14
545 914 2
546 263 13
546 650 7
546 758 15
547 265 2
547 427 2
548 141 13
548 577 3
549 530 11
549 647 7
550 649 7
550 800 2
551 4 6
552 136 2
552 640 2
557 770 2
557 938 2
560 18 2
560 96 7
561 521 4
564 659 4
565 105 3
566 4 9
566 44 2
567 793 9
572 36 2
572 64 6
572 257 15
574 696 6
576 4 15
576 19 2
576 607 28
577 222 6
577 236 25
577 661 2
578 136 13
579 621 12
579 789 2
580 64 2
580 528 8
584 432 2
585 217 2
586 64 2
586 658 4
587 608 2
589 389 2
592 4 2
592 322 15
592 528 3
592 585 2
593 429 3
596 33 10
596 91 4
597 387 2
599 569 8
600 573 6
601 431 13
602 480 5
604 913 50
608 648 2
609 28 13
609 210 5
612 170 2
612 534 2
614 936 2
618 70 7
618 1004 10
619 76 4
619 231 13
621 293 2
625 261 11
626 104 4
626 608 2
629 528 33
637 73 15
638 161 2
640 4 2
640 181 7
640 421 3
640 938 2
642 562 68
644 660 10
645 548 2
645 963 35
646 388 7
648 210 12
648 301 7
648 694 2
648 769 8
650 108 7
650 953 2
652 594 8
655 761 11
658 10 28
660 52 8
666 66 2
672 64 43
672 608 22
673 104 6
674 259 2
677 121 2
677 641 6
680 450 6
682 156 5
692 260 14
693 522 2
694 768 2
700 18 11
704 135 12
704 514 31
704 673 4
705 854 143
709 325 2
709 843 4
710 2 57769
716 339 8
720 144 21
721 0 11
721 104 7
722 100 34
725 44 6909
725 65 18
737 25 13
737 64 5
737 610 4
744 124 2
745 63 161
746 386 2
759 130 18
761 435 2
768 608 2
768 926 3
770 515 6
771 128 3
771 793 2
772 0 7
774 8 3
776 101 7
776 697 2
777 318 5
778 330 8
778 707 2
780 16 18
780 193 31
780 552 110269
784 514 8
784 634 68
785 45 6
785 257 899
786 521 44
792 540 14
792 594 5
795 661 2
798 776 10
800 133 2
800 824 7
801 312 7
802 660 2
802 769 2
804 104 5
804 433 2
804 779 12
805 387 2
805 781 22
806 480 3
808 777 2
810 394 5
814 161 20
816 24 2
821 236 5
824 609 19
832 281 2
833 147 79
835 264 4
836 86 194
840 96 3
841 32 2
841 370 109
842 132 10
848 188 2
848 899 2
852 2 30
854 681 3
857 42 2
862 130 4
863 516 10
864 23 2
867 998 34
871 264 25
872 32 3
872 50 4
872 165 4
874 360 11
882 778 8
884 802 2
885 601 2
895 603 7
896 868 20
897 39 6
899 736 3
900 162 2
902 420 2
903 339 2
904 888 13
905 248 13
905 540 20
906 210 6
906 328 2
912 388 27
916 742 2
920 200 27
921 320 2
924 33 6
927 190 2
928 64 2
928 384 2
929 316 2
930 720 18
932 783 39
933 657 3
938 316 9
945 456 2
952 37 9
953 905 6
954 22 2
961 333 5
965 937 2
975 205 2
976 321 3
977 34 23
984 324 14
987 962 117
996 36 6
996 836 5
1000 260 4
1002 652 5
1002 912 2
1011 36 4
1018 358 8
