0 47 4
0 166 2
0 552 2
0 674 441439
0 902 22
0 917 2
1 135 21
1 535 2
1 768 28
1 920 2
2 0 87
2 132 3
2 260 5
2 328 2
2 523 2
3 131 8
3 272 2
3 277 2
4 576 7
4 803 12
5 216 2
6 3 12
6 212 2
6 267 2
6 512 2
6 1002 8
8 2 6
8 19 2
8 32 9
8 642 2
8 850 7
9 39 56
9 572 2
9 823 9
10 84 3
10 176 24
10 518 5
10 680 15
11 204 4
12 24 5
12 116 38
12 269 15
13 66 2
13 192 2
13 224 4
13 780 19
14 616 2
16 24 4
16 64 4
16 516 2
16 806 15
18 51 13
18 641 1817
18 645 2
19 7 2
19 24 2
20 10 8
20 36 10
21 258 10
22 133 3
22 320 6
23 886 4
24 781 8
25 523 5
26 22 6
28 42 2
28 72 7
28 146 2
28 624 2
28 647 7
29 532 3
30 21 7
31 561 12
32 16 12
32 33 2
32 219 327
32 414 4
32 612 19
32 641 2
32 848 22
33 3 2
33 26 21
33 276 2
33 277 5
33 785 21
33 898 4
34 144 2
34 561 2
35 551 3
36 12 2
36 257 5
36 288 2
36 448 12
36 555 27
37 2 4
37 364 2
38 1 14
38 180 18
39 3 3
40 605 5
40 672 2
40 980 10
41 96 2
41 276 2
41 987 7
42 839 14
45 50 5
45 74 7
45 808 191
47 80 3
47 1022 9
48 646 16
49 4 8
49 313 7
50 113 20
51 70 2
51 516 2
52 256 21
52 390 2
53 146 2
53 245 9
54 718 20
56 89 2
56 472 2
57 448 4
59 292 3
61 644 11
61 648 16
62 612 3
64 1 347
64 756 3
64 780 2921
64 790 4
65 96 4
65 104 3
65 218 9
65 241 2
65 274 2
65 515 16
67 453 2
67 482 2
67 840 2
68 322 4
69 529 2
69 572 2
70 109 1916
70 431 6
70 672 4
71 264 7
72 280 2
73 640 19
73 999 5
74 548 2
74 768 2
74 1012 17
75 259 3
76 76 612
76 855 27
77 267 7
78 919 2
79 386 3
80 51 2
80 211 106
81 807 2
83 124 18
83 617 7
83 784 2
85 31 2
88 330 977
90 20 7
90 274 16
90 843 14
91 951 69
92 38 8
92 91 2
93 669 2
94 954 2
95 20 2
96 103 2
96 148 2
96 208 6
96 276 2
96 304 2
96 776 7
97 48 2
97 195 9
98 352 3
98 928 2
99 117 602
100 294 5
101 161 2
101 599 21
102 6 3
102 264 2
104 48 2
104 64 2
104 673 2
105 3 3
106 516 11
107 129 3
108 825 51
112 1 33
112 776 29
114 68 14
114 416 2
114 497 2
114 872 8
117 106 2
119 446 4
119 836 2
122 294 17
128 806 8
129 37 24
129 707 5
130 78 6
130 528 39
130 540 2
130 675 2
132 6 33
132 137 7
132 916 4
133 23 2
133 614 23
134 224 2
134 768 2
135 258 2
135 544 2
136 39 2
136 482 2
136 657 5233
136 831 4
137 148 3
137 259 7
138 415 2
139 426 6
140 724 2
140 776 28
141 954 3
143 116 8
143 286 4
144 418 4
144 520 2
145 67 2
145 273 3
145 392 3
145 513 2
146 146 8
146 396 18
146 910 7
147 522 2
148 24 236
148 278 3
148 515 2
149 20 6
150 656 4934
151 207 2
153 26 5
153 598 3
156 54 2
156 814 2
159 526 6
160 452 4
160 644 3
160 801 2
161 40 2
161 326 2
161 576 18
162 517 6
163 361 22
164 34 2
164 264 8
164 636 5
164 646 6
165 397 2
167 289 5
171 144 9
172 664 6
176 137 5
176 270 4
176 916 4
177 128 7
178 100 2
178 144 59
178 797 4
180 152 24
180 600 2
181 97 2
181 964 5
182 672 2
182 728 5
184 664 2
186 272 4
188 4 13
192 392 2
192 536 63
192 999 17
193 120 2
194 592 3
194 677 7
196 81 12
197 61 2
197 100 2
198 3 12
201 39 5
206 80 2
208 12 2
210 882 5
211 4 7
212 34 2
212 285 2
214 585 20
218 86 4
220 176 230
222 532 2
225 257 3
225 316 27
226 157 13
227 592 5
227 838 8
231 261 10
231 290 2
233 212 7
233 973 4
234 848 14
234 917 2
239 370 2
240 66 2
241 206 134
242 156 2
245 705 14
256 68 8
256 97 2
256 160 2
256 243 20
256 312 10
256 522 430
256 705 10
256 764 2
256 772 2
256 804 2
256 992 4
257 0 3
257 156 4
257 544 2
257 680 30
257 912 3
258 34 9
258 138 13
258 673 5
258 810 2
258 880 4
260 678 2
260 978 2
261 67 9
261 72 2
261 356 11
261 995 2
262 134 5
262 193 2
262 256 5
262 906 7
264 296 10
264 568 11
265 264 4
266 11 2
266 326 3
267 523 3
268 12 2
268 177 4
268 512 2
268 577 26
269 444 2
269 640 2
272 280 5
272 684 2
273 693 6
273 903 4
275 4 2
275 16 18
275 133 13
275 512 2
276 394 9
277 128 26
278 258 16
279 18 4
279 901 4
280 674 4
286 624 4
286 832 4
287 802 2
288 776 8
289 156 10
289 648 7
290 328 3
290 388 2
291 967 3
292 7 20
292 524 27
294 27 2
294 742 2
294 864 27
296 57 2
296 84 2
296 131 6
296 288 14
297 167 8
297 742 2
298 75 259
300 140 2
301 274 9
304 106 5
305 34 2
306 550 2
308 583 2
308 640 8
308 692 2
308 832 10
308 848 62
309 77 27
309 774 4
310 936 2
314 156 8
314 376 2
315 739 13
320 315 38
320 407 7
320 641 6
320 720 2
321 262 6
321 834 128
322 196 2
322 272 12
322 899 3
323 515 7
324 106 2
324 167 7
324 179 2
324 200 7
324 513 2
324 530 11
325 74 5
325 145 7
327 675 75
329 35 23
329 258 3
331 512 10
335 391 20
336 18 70
336 100 8
337 352 4
338 33 6
338 160 2
339 42 6
341 576 16
342 15 3
342 168 6
343 475 2
344 188 18
347 11 2
347 296 13
348 395 6
352 794 31
354 25 22
355 634 4
357 641 2
357 690 8
360 555 2
360 784 2
361 316 19
363 162 2
366 657 2
368 49 43
381 531 5
382 562 2
384 5 2
384 312 9
384 332 2
385 214 2
386 846 13132
386 912 4
387 297 2
388 332 2
390 566 2
391 461 9
392 553 5
392 674 7
394 80 2
397 132 49
397 305 132
401 58 2
402 769 2
403 98 5
405 160 2
407 591 29
408 66 5
408 576 12
409 105 24
411 20 2
412 6 2
414 932 2
416 52 15
416 292 3
419 62 18
419 844 3
420 114 3
424 481 12
425 261 3
428 32 2
428 194 2
428 620 15
428 880 5
433 197 2
433 398 14
436 597 8
436 641 2
437 2 2
442 146 2
442 691 4
444 769 8
444 801 20
448 92 2
452 48 8
452 512 3
453 661 173
456 367 10
460 197 8
460 462 2
463 916 3
464 265 2
465 531 2
466 58 3
467 211 2
469 425 4
472 226 2
473 6 9
473 600 2
473 800 9
476 775 2
480 665 4
481 416 5
488 565 12
489 64 2
512 1 5
512 36 10
512 52 12
512 266 2
512 453 611
512 482 5
512 685 3
513 42 2
513 65 11
513 112 2
513 304 30
513 315 2
513 340 2
513 640 2
514 36 2
514 401 10
514 572 4
514 780 2
515 273 3
516 169 2
516 357 2
516 442 2
516 582 6
516 605 4
517 177 3
517 525 16
517 676 2
517 768 2
518 0 93
518 41 4
518 517 4
519 967 16
520 328 2
521 131 2
521 229 2
521 450 8
521 554 14
522 549 395405
526 548 25436
526 776 2
527 713 2
528 10 2
528 156 2
528 344 4
528 580 5
528 611 3
529 260 3
529 836 12
530 20 2
530 132 5
530 325 2
532 134 2
532 292 5
534 6 5
534 786 2
535 10 9
536 10 14
536 412 7
536 902 2
537 478 2
538 84 4
544 21 14
544 551 2
544 597 9
545 520 4
545 914 2
546 263 4
546 650 9
546 758 19
547 265 6
547 427 2
548 141 17
548 577 2
549 530 11
549 647 6
550 649 17
550 800 9
551 4 7
552 136 2
552 640 2
557 770 3
557 938 2
560 18 10
560 96 7
561 521 5
564 659 7
565 105 7
566 4 4
566 44 3
567 793 5
572 36 2
572 64 13
572 257 8
574 696 321
576 4 70
576 19 3
576 607 66
577 222 2
577 236 3
577 661 161
578 136 2
579 621 2
579 789 2
580 64 24
580 528 2
584 432 24
585 217 101
586 64 4
586 658 2
587 608 12
589 389 207
592 4 2
592 322 4
592 528 18
592 585 2
593 429 2
596 33 20
596 91 3
597 387 2
599 569 13
600 573 2
601 431 534
602 480 2
604 913 2
608 648 2
609 28 2
609 210 6
612 170 2
612 534 67
614 936 3
618 70 4
618 1004 6
619 76 4
619 231 13
621 293 25
625 261 29
626 104 5
626 608 5
629 528 194
637 73 2
638 161 2
640 4 18
640 181 13
640 421 6
640 938 8
642 562 40
644 660 2
645 548 6
645 963 77
646 388 2
648 210 2
648 301 7
648 694 2
648 769 2
650 108 10
650 953 400
652 594 9
655 761 10
658 10 2
660 52 3
666 66 9
672 64 3
672 608 6
673 104 3
674 259 2
677 121 2
677 641 5
680 450 3
682 156 4
692 260 2
693 522 2
694 768 3
700 18 9
704 135 14
704 514 9
704 673 8
705 854 2
709 325 132
709 843 10
710 2 2472
716 339 13
720 144 14
721 0 9
721 104 3
722 100 6
725 44 63
725 65 14
737 25 6
737 64 15
737 610 11
744 124 11
745 63 144
746 386 29
759 130 21
761 435 260
768 608 2
768 926 2
770 515 9
771 128 6
771 793 20
772 0 2
774 8 2
776 101 17
776 697 2
777 318 23
778 330 4
778 707 2
780 16 16
780 193 23
780 552 2
784 514 3
784 634 12
785 45 9
785 257 12320
786 521 2
792 540 26
792 594 20
795 661 4
798 776 6
800 133 274
800 824 2
801 312 2
802 660 2
802 769 2
804 104 32
804 433 4
804 779 2
805 387 9
805 781 2
806 480 5
808 777 2
810 394 18
814 161 3
816 24 2
821 236 5
824 609 8
832 281 67
833 147 2
835 264 2
836 86 16
840 96 3
841 32 27
841 370 15
842 132 6
848 188 2
848 899 2
852 2 3
854 681 2
857 42 2
862 130 3
863 516 9
864 23 8
867 998 71
871 264 8
872 32 5
872 50 10
872 165 4
874 360 4
882 778 4
884 802 2
885 601 2
895 603 4
896 868 2
897 39 7
899 736 10
900 162 38
902 420 25
903 339 2
904 888 22
905 248 5
905 540 16
906 210 2
906 328 6
912 388 3
916 742 3
920 200 3
921 320 2
924 33 4
927 190 4
928 64 2
928 384 2
929 316 3
930 720 5
932 783 39
933 657 9
938 316 26
945 456 18
952 37 4
953 905 2
954 22 4
961 333 4
965 937 8
975 205 7
976 321 9
977 34 2
984 324 2
987 962 4
996 36 52
996 836 2
1000 260 5
1002 652 11
1002 912 5
1011 36 2
1018 358 8
