0 29 4
0 135 13
0 150 2
0 156 4
0 321 15
0 352 4
0 552 19
0 670 4
0 843 2
1 7 2
1 15 4
1 30 5
1 37 216
1 70 5
1 135 43
1 481 2
1 565 18
1 825 16
2 0 3
2 8 5
2 48 14
3 24 2
3 272 2
3 277 2
3 592 14
3 817 24
4 4 2
4 293 3
5 216 2
5 584 2
6 3 84
6 267 6
6 268 20
6 798 19
7 237 8
7 715 4
8 58 2
8 202 2
8 272 3
8 273 6
8 386 2
9 39 2
9 526 2
10 40 504
10 84 6
10 160 2
10 584 2
10 680 2
12 55 8
12 65 7
12 116 3
13 224 2
13 320 4
13 780 7
14 210 5
14 584 2
14 616 2
15 352 6
16 9 134
16 24 7
16 64 2
16 132 9
16 516 2
16 806 2
18 51 2
18 290 2
18 641 2
19 709 41
20 1 9
20 28 25
20 194 2
20 323 11
21 258 36
22 97 8
22 133 4
22 281 10
23 328 15
23 770 20
24 9 2
24 533 8
24 781 2
25 592 2
26 20 3
26 22 2
27 130 9
27 549 16
28 192 2
28 624 2
29 327 3
30 52 7
30 129 25
30 588 66
31 561 7
32 16 2
32 185 10
32 219 11
32 414 2
32 514 2
32 848 2
33 26 3
33 64 12
33 320 2
33 544 23
33 945 7
34 292 5
34 561 14
35 65 4
36 320 20
37 2 2
37 13 12
37 520 2
37 594 2
37 640 2
37 673 6
38 1 7
38 544 2
39 982 2
40 756 2
41 263 18
41 987 7
42 329 2
44 430 18
45 23 2
45 50 2
45 615 3
48 176 15
48 193 19
48 226 2
48 646 15
50 528 8
51 70 6
51 516 14
52 46 7
52 285 2
54 112 2
55 278 7
56 89 15
56 472 2
57 5 2
57 33 20
59 58 3
59 292 8
59 453 3
60 948 2
62 521 7
62 612 3
64 26 33
64 194 8
64 465 7
64 481 2
64 686 2
64 771 5
64 780 19
65 25 2
65 614 19
66 545 9
67 37 3
68 226 92
68 284 27
68 576 7
69 138 2
69 466 5
70 109 23
70 212 3
70 608 15
70 642 5
70 646 3
70 648 56
70 672 2
72 37 8
72 961 18
73 870 4
74 512 2
75 576 4
76 133 6
76 262 8
77 450 17
78 517 21
78 919 917
80 0 10
80 132 2
80 528 7
81 807 4
83 124 2
84 216 9
84 490 2
88 330 3
88 782 2
89 4 2
90 20 2
90 274 16
90 988 2
92 91 8
94 869 3
94 954 2
95 20 2
96 80 3
96 103 4
96 148 5
96 208 3
96 304 27
96 356 2
96 820 2
97 130 2
97 144 20
97 195 11
98 352 31
98 671 41
99 134 4
99 249 2
100 294 287
100 752 2
101 161 14
101 169 5
101 392 14
101 599 9
102 6 3
102 78 12
103 704 4
104 26 2
104 28 158
104 313 13
105 779 2
106 516 6
106 652 8
108 133 2
108 825 4
112 28 17
112 107 2
112 165 3
112 776 2
114 416 2
114 872 3
116 33 7
117 106 2
122 24 7
125 268 4
128 58 2
128 628 94
129 0 80
129 88 5
129 163 8
130 78 38
130 273 7
130 368 2
130 528 3
130 540 2
130 772 2
132 94 2896
132 372 3
132 713 17
133 23 2
133 614 13
134 67 5
134 516 3
136 39 3
136 160 4
136 610 14
136 684 7
137 256 2
137 325 4
138 590 3
139 87 2
139 865 9
140 72 5
140 143 55
140 724 7
141 954 27
143 187 6
144 68 5
144 257 2
144 433 4
145 94 8
145 576 1078
146 146 2
146 396 2
146 910 2
148 130 6
148 139 2
148 278 12
148 515 39
149 20 4
149 649 6
153 26 3
153 171 2
156 133 3
156 814 7
160 81 12
160 452 3
160 801 3
161 21 5
161 376 29
161 717 7
161 898 2
162 160 5
163 361 5
164 34 11
164 280 48
164 646 8
167 384 3
167 712 2
168 98 3
169 351 5
172 8 2
172 32 12
174 493 2
174 582 2
175 863 2
176 137 737
176 270 3
177 611 9
178 144 10
179 429 5
180 152 9
181 97 2
181 768 9
182 672 2
182 728 2
184 664 2
185 5 3
186 272 4
188 4 2
192 52 4
192 72 17
192 536 2
192 898 3
192 999 14
193 8 2
193 162 11
196 377 8
197 61 30
197 297 2
197 592 134
205 457 3
206 530 2
209 513 8
209 564 15
212 69 2
212 285 2
212 673 2
219 389 2
220 176 2
225 316 4
225 948 6
226 35 5
227 336 3
232 130 11
232 480 3
233 973 6
234 848 12
235 281 18
238 642 5
239 560 11
240 66 3
240 799 9
242 156 2
244 932 2
248 0 12
248 557 5
253 636 340
256 68 2
256 69 2
256 312 2
256 416 2
256 522 23
256 764 3
256 772 2
256 963 114
256 992 2
257 268 30
257 912 5
258 24 2
258 34 2
258 265 9
258 673 3
258 810 20
259 165 3
259 226 2
260 131 39
260 256 2
260 545 4
261 995 6
262 193 3
264 1 6
264 4 3
266 242 3
266 336 9
268 177 2
268 192 60
268 577 2
270 73 3
270 532 8
270 642 4
272 225 8
273 693 2
273 903 2
274 98 2
274 334 3
275 401 4
276 538 2
279 18 2
280 36 2
280 82 2
281 101 2
282 787 2
286 832 2
288 132 37
288 292 2
288 776 11
289 156 33
289 468 2
290 388 3
291 32 2
291 768 2
291 967 8
292 7 218
292 134 7
292 162 670
294 864 36
296 260 21
296 336 4
296 516 2
297 167 6
297 544 6
301 777 2
304 63 6
304 258 2
304 292 17
305 576 6
306 918 4
308 832 4
309 77 2
309 774 25
322 196 2
322 272 7
323 515 13
324 200 12
324 530 1472
325 145 7
326 11 2
326 32 2
326 116 5
329 836 4
331 512 2
332 643 3
335 83 37
336 100 2
337 352 13
338 33 2
338 160 8
339 42 2
341 576 54
342 15 2
342 168 22
345 32 2
347 11 3
347 313 3
348 128 5
352 409 2
352 419 2
352 860 4
353 389 2
354 30 37
354 288 6
354 969 13
355 634 2
357 641 12
358 168 8
360 732 2
360 784 2
361 316 2
366 657 14
368 738 2
371 705 33
379 333 2
384 156 24
384 168 2
384 457 8
384 531 346
384 597 2
384 692 6
384 962 8
385 513 7
386 73 43
386 206 3
386 681 622
387 1016 14
390 566 11
391 8 20
393 461 11
393 577 3
394 590 8
395 558 2
396 546 66
396 777 15
397 132 2
397 518 4
398 943 4
400 712 2
401 16 2
401 58 61
402 80 2
406 677 2
408 405 17
408 576 2
409 66 31
411 20 25
413 640 14
416 292 3
416 531 2
419 62 2
419 844 4
420 424 8
422 736 2
423 651 3
424 481 2
425 161 6
426 644 8
430 8 37
444 769 12
448 513 29
449 321 8
452 48 5
452 488 2
452 512 7
454 634 3
454 782 2
456 105 12
456 774 11
461 625 3
465 531 3
467 211 5
469 425 21
470 713 4
473 600 3
476 775 3
480 731 4
481 416 2
482 285 2
483 555 16
488 3 2
488 269 2
491 112 17
504 267 3
505 332 3
512 1 2
512 65 2
512 153 2
512 438 2
512 514 11
513 5 2
513 65 2
513 315 5
514 11 11
514 160 5
514 401 2
514 572 2
514 780 2
515 93 2
515 273 2
515 598 19
516 33 7
516 72 3
516 357 2
516 605 2
516 779 2
516 785 5
517 34 6
517 177 2
517 768 19
518 0 2
518 41 7
520 9 5
520 164 2
520 328 16
520 436 67
521 131 17
522 121 5
523 650 2
524 520 3
525 820 7
528 36 2
528 156 5
528 171 2
528 406 35
528 580 9
529 148 2
529 260 4
530 20 2
530 132 31
530 325 21
530 696 2
532 134 7
533 5 6
533 37 2
534 6 2
534 425 105
537 99 13
537 257 2
538 74 4
540 256 2
540 481 3
541 793 5
544 160 16
544 401 6
544 542 2
544 551 16
544 718 5
545 209 2
545 520 2
545 914 164277
546 2 2
546 650 8
546 900 2
548 512 3
548 577 2
549 146 10
549 288 25
552 640 8
553 36 2
553 102 12
554 4 17
557 6 14
557 557 2
561 10 77
562 162 62
563 20 3
563 410 5
564 656 5
565 105 2
567 793 2
571 100 5
571 457 7
572 64 2
573 886 49
574 18 15
576 4 8
576 5 31
576 172 7
576 371 2
576 547 7
577 292 4
578 136 8
578 554 14
579 136 2
579 789 2
586 658 8
590 276 11
590 788 4006
591 147 4
592 2 2
592 4 2
596 154 2
597 387 2
599 569 2
600 575 2
601 431 4
602 480 2
604 1006 5
607 393 2
608 576 2
609 28 2
616 81 2
616 450 5
616 806 3
617 908 15
618 1004 2
626 8 2
626 104 2
626 114 2
627 769 3
629 446 6
631 24 2
633 812 2
640 6 2
640 16 5
640 181 18
640 369 2
640 421 3
640 659 5
640 732 15
640 938 4
642 562 2
644 769 2
645 25 2
645 963 2
648 210 4
648 301 4
648 369 3
648 769 3
649 48 2
650 108 6
651 290 3
654 129 2
655 761 2
656 370 7
658 10 14
660 36 2
660 52 7
660 69 4
660 85 74
664 781 8
665 260 28
666 66 4
668 749 2
670 515 14
672 64 6
672 129 8
672 514 16
672 608 5
674 259 45
675 257 7
676 52 4
677 121 36
677 641 83
680 105 4
680 540 11
681 6 2
681 33 8
686 593 2
688 385 2
692 260 7
693 522 2
694 6 2
694 768 7
700 864 5
704 76 8
704 292 2
705 596 41
706 17 8
706 460 2
708 108 5
709 354 2
711 19 9
712 35 16
712 283 27
713 837 4
716 98 5
719 512 11
721 104 36897
721 170 18
721 584 2
722 100 12
723 142 3
724 20 2
728 712 5
732 834 3
737 64 4
738 970 10
740 235 2
741 45 288
746 386 59
752 261 20
752 494 5
752 786 7
754 32 2
760 40 77
760 220 2
761 435 9
768 326 6
768 502 8
768 666 2
768 738 19
769 34 2
769 640 2
770 211 2
771 128 7
771 800 78
772 32 23166
774 8 7
775 48 13
775 921 2
776 697 3
777 318 2
777 608 2
778 330 11
778 389 498
778 707 2
780 14 12
780 193 3
780 707 22
781 222 5
782 405 9
784 514 2
784 634 13
786 142 4
786 521 2
786 576 3
787 199 6
792 16 16
793 52 6
798 776 73
800 45 7
800 97 9
800 824 2
801 34 2
801 642 2
802 660 12
805 781 3
806 134 10
808 777 2
810 416 2
814 523 7
816 24 3
818 253 3
824 392 2
824 978 2
828 592 3
832 30 10
832 43 5
832 281 10
832 304 2
832 427 3
833 999 2
834 32 15
835 264 2
836 86 2
836 388 7
838 785 2
842 200 46
848 313 13
848 391 18
850 308 6
852 2 3
852 64 4
852 824 7
862 130 3
864 23 3
864 786 2
867 998 45
871 264 2
872 50 32
874 360 3
878 258 2
884 802 42
894 392 28
895 603 2
897 39 2
898 336 490
899 736 7
900 4 3
904 112 2
904 929 2
905 12 4
905 196 3
906 328 4
911 5 3
911 10 2
912 129 7
914 216 5
914 669 4
914 776 8
921 272 9
921 320 45
924 33 12
928 64 2
928 384 6
928 518 2
930 720 2
931 230 3
932 274 21
932 783 2
940 512 11
941 771 10
945 456 7
953 905 2
961 131 2
961 472 10
966 192 3
966 197 2
975 205 3
977 22 2
977 549 2
984 324 14
984 483 8
986 772 2
996 836 3
998 127 2
