0 18 17
0 112 17
0 150 16
0 166 2
0 265 2
0 321 12
0 415 2
0 670 2
0 674 2
1 535 24
1 565 2
1 705 14
1 920 2
2 0 3
2 132 8
2 260 2
3 24 27
3 592 2
4 50 3
4 284 4
5 216 8
5 584 8
6 148 35
6 259 3
7 715 9
8 2 2
8 42 60
8 58 8
8 642 3
8 850 78
9 39 4
9 416 85
9 823 2
10 208 2
10 523 6
11 204 15
11 586 7
12 24 3
12 55 22
12 116 2
12 128 3
12 634 6
14 152 18
14 210 2
15 485 16
16 148 13
16 516 5
17 48 233
18 645 3
19 24 5
20 786 2
22 107 6
23 770 16
24 781 2
24 786 9
26 22 47
26 801 108
27 130 8
27 210 6
27 547 2
27 549 11
28 72 20
28 146 2
28 203 2
28 624 11
28 647 17
29 1 3
29 532 6
30 21 2
30 52 8
31 77 2
31 561 2
32 16 2
32 42 3
32 72 16
32 204 4
32 211 22
32 388 8
32 414 20
32 848 2
33 277 3
33 785 5609
33 898 2
33 945 30
34 144 6
34 561 2
34 663 6
34 720 8
34 800 16
35 266 2
35 689 2
36 12 11
36 257 2
36 288 2
36 448 2
36 555 2
36 858 3
37 13 3
37 520 21
37 594 7
37 640 104
39 3 10
40 20 4
40 65 3
40 605 35
40 761 11
41 276 3
41 321 17
41 513 18
42 42 5
42 778 2
42 839 46
44 10 59
45 23 2
45 74 2
45 615 3
47 80 4
48 67 4
48 226 2
48 708 2
48 789 37
49 4 2
50 9 2
50 113 3
51 70 4
51 377 2
51 516 2
53 146 6
54 718 4
55 278 3
56 472 2
57 5 4
59 292 2
61 644 2
62 612 16
64 1 4
64 514 2
64 780 8
65 25 27
65 96 2
65 218 2
65 241 9
65 265 2
65 421 21
66 140 7
67 16 2
67 453 5
67 482 16
68 153 606
68 226 2
68 284 6
68 576 4
69 529 2
70 608 6
70 672 2
71 1 2
71 409 9
72 280 3996
72 961 2
76 133 4
76 855 153
78 517 2
80 132 4
80 528 3
82 280 2
83 124 4
83 784 2
84 64 12
85 65 3
87 353 6
87 462 3
87 515 2
89 2 6
90 988 2
91 154 16
92 91 3
93 134 2
93 669 37
94 954 32
95 34 27
96 304 259
96 356 2
96 776 24
97 48 3
97 167 2
97 195 6
97 473 9
97 525 10
98 352 4
98 671 3
98 928 2
99 117 2
100 901 9
101 70 2
101 124 2
101 161 2
101 169 5
102 6 5
102 166 2
102 264 23
104 48 2
104 673 15
105 3 14
105 296 2
105 779 2
106 516 11
106 652 8
107 3 2
107 129 2
112 3 3
112 84 2
114 68 3
114 497 5
114 872 2
116 33 11
118 565 6
121 536 1674
122 185 2
122 294 6
124 304 3
128 58 5
128 320 2
128 362 36
128 375 14
129 10 2
129 39 26
129 163 7
130 540 15
130 772 2
131 581 2
132 17 2
132 372 2
132 713 5
133 23 22
134 224 21
134 377 9
134 768 57
136 482 152
136 610 5
136 657 2
137 259 2
137 778 37
138 590 4
139 865 6
140 135 2
140 724 2
141 2 232
143 116 12
143 144 5
143 286 2
144 68 2
145 576 3
146 69 10
147 513 4
148 912 2
150 656 11
151 207 133
153 171 593
156 814 173
160 81 6
160 144 3
161 21 5870
161 40 7
161 717 3
161 898 11
162 306 6
163 227 7
163 601 2
164 38 3
164 87 12
164 646 2
167 104 2
167 384 2
167 456 2
167 712 230
168 8 27
168 98 2
171 144 5
176 32 5
176 137 2
177 280 7
180 19 8
181 964 2
184 141 10
184 161 2
184 664 6
185 5 31
187 800 2
192 43 88
192 52 58
192 388 11
192 392 13
192 713 2
193 8 2
193 28 2
193 422 2
193 775 23
194 677 2
196 81 3
197 61 2
197 100 2
197 297 5
197 592 5
198 3 15
198 812 46
200 445 151
200 924 4
201 39 32
201 140 2
202 11 2
206 530 4
208 88 9
208 534 36
209 55 8
209 564 7
210 1 2
212 34 9
212 112 9
216 792 2
217 923 6
218 86 3
220 658 2
225 316 11
226 35 6
228 294 3
232 5 13
233 912 4
233 973 7
237 91 3
238 620 2
238 642 2
239 370 10
240 914 8
245 705 15
246 64 13
248 0 3
256 1 2
256 4 9
256 5 2
256 68 7
256 69 48
256 97 6
256 344 3
256 416 2
256 522 2
256 772 2
257 544 255
257 912 11
257 920 2
258 34 4
258 36 2
258 265 37
258 673 6
258 810 3
259 165 4
260 131 14
261 8 2
261 72 18
261 672 2
262 32 16
262 193 5
262 256 3
264 1 5
264 4 2
264 296 3
266 56 9
266 504 5
267 523 3
267 581 11
268 577 2
270 73 4
272 41 41
272 162 7
272 684 2
273 47 2
273 581 30
274 334 7
275 116 2
275 485 72
275 512 29
277 8 8
277 128 2
277 385 15
278 258 2
280 82 108
283 514 2
284 835 5
285 104 2
288 292 2
288 341 2
289 36 3
289 468 2
289 472 2
289 648 6
289 753 2
289 788 3
290 0 2
290 328 5
291 768 17
292 134 7
292 162 19
292 524 4
292 593 2
293 256 3
294 27 2
294 742 2
296 231 12
296 260 2
296 336 9
297 325 2
297 389 2
300 140 7
301 777 2
303 292 4
304 42 2
304 63 7
304 212 3
304 292 6
306 36 2
306 550 5
308 640 5043
309 77 2
314 109 54
314 156 2
320 29 24
321 262 2
322 272 17246
322 902 5
324 200 2
324 513 2
325 145 7
325 614 2
325 720 5
327 698 33
329 258 30
330 8 4
332 643 2
335 391 2
336 632 28
337 352 6
337 833 2
338 33 2
340 704 8
342 15 95
342 168 2
346 89 5
347 296 3
347 313 17
352 860 10
353 138 17
353 684 68
354 25 2
354 836 2
357 690 4
358 168 2
360 555 2
360 810 2
371 112 2
371 772 14
381 531 2
382 562 19
384 5 2
384 332 2
384 481 42
384 571 5
385 213 6
385 513 4
385 563 2
386 160 2
386 275 2
386 681 218
386 849 2
387 147 68
389 596 2
391 800 4
392 336 14
392 553 18
393 577 5
394 80 2
395 4 17
396 536 2
396 546 6
397 305 26
397 518 8
399 9 2
403 20 4
404 209 7
404 298 2
406 677 2
406 928 4
408 66 216
410 520 13
415 101 15
416 279 8
420 288 2
420 538 2
423 384 9
424 481 3
425 261 3
428 32 8
428 194 11
433 197 3
437 2 10
448 92 22
452 205 2
453 368 2
453 661 51
454 634 10
454 782 2
455 640 2
458 101 2
458 743 40
460 566 2
461 625 2
462 641 21
464 928 43
465 531 21
465 761 5
465 902 2
466 58 7
467 211 4
467 300 2
480 0 20
482 285 3
488 334 2
488 565 3
496 433 2
496 978 12
501 519 17
512 5 96
512 36 9
512 96 8
512 438 15
512 522 2
513 100 3
513 340 2
513 644 3
514 452 45
514 780 8
515 93 10
516 169 2
516 357 11
516 385 6
516 785 6
517 3 2
517 8 3
517 132 2
517 177 2
517 233 3
517 281 4
517 534 23
518 0 8
518 41 4
518 66 12
519 944 2
519 967 26
520 94 2
520 296 8
520 436 2
520 812 20
521 131 3
522 652 2
525 134 4
525 820 12
526 548 2
527 713 2
528 10 6
528 97 2
528 144 6
528 156 2
528 344 1664
528 580 2
528 582 2
529 16 3
529 423 2
529 517 3
530 86 414
530 132 16
530 278 33
532 134 4
532 853 31
534 786 2
534 932 7
536 10 6
536 687 4
536 902 9
537 257 14
537 478 33
538 84 2
538 820 2
540 481 2
541 344 5
544 6 2
544 160 7
544 416 21
544 551 2
544 718 2
545 914 8
546 612 4
546 650 15
547 265 2
549 97 174
550 36 168
551 40 9
551 89 20
552 932 5
554 137 5
555 418 49
556 409 31
557 6 2
557 15 8
557 770 6
557 938 3
560 18 24
560 168 2
561 10 2
561 444 7
561 521 2
561 786 11
562 162 10
563 20 5
563 410 3
565 105 5
566 4 3
566 44 5
566 132 6
569 385 7
576 76 2
576 133 2
576 172 2
577 236 10
577 997 2
578 120 14
579 80 2
579 136 7
579 789 2
580 528 11
585 64 32
585 208 3
585 217 11
585 389 2
590 276 19
590 300 32
591 147 16
592 148 11
592 528 4
592 566 2
595 58 51
596 11 49
599 92 2
600 575 2
601 335 2
602 480 93
606 281 27
608 176 3
608 576 2
609 28 6
609 210 2
609 526 18
611 125 6
612 170 7
613 840 2
616 450 2
617 374 3
618 70 5
619 140 44
626 8 4
626 104 10
626 528 29
627 977 18
629 528 5
632 18 18
635 546 4
640 4 2
640 16 7
640 160 2
640 258 14
640 369 3
640 525 2
640 659 11
640 732 18
640 952 2
642 512 15
642 562 2
644 387 336
644 769 5
645 4 9
646 388 13
648 98 3
650 953 10
652 257 2
656 3 2
658 226 2
660 36 3
660 52 2
660 85 2
664 205 9
664 539 6
664 781 3
668 749 12
672 129 77
672 717 5
674 259 7
674 401 3
675 257 2
677 121 161
677 641 3
680 540 2
681 6 2
682 14 6
684 1008 3
689 80 3
692 914 3
693 522 24
695 585 8
697 710 5
701 941 2
704 34 147
704 135 2
704 370 3
704 514 6
705 854 6
706 17 22
709 325 6
711 19 19
713 593 3
713 837 2
716 98 2
716 339 17
716 842 3
720 7 2
721 0 4
721 170 97
721 584 2
722 100 3
722 258 8
722 393 8
722 398 2
723 142 2
724 20 2
725 44 2
725 65 2
737 25 6
737 64 3
737 288 2
741 260 2
742 97 18
743 787 2
744 124 4
751 506 2
752 261 9
752 494 4
754 32 261
760 40 13
760 300 25
761 435 16
768 68 2
768 608 2
768 666 51
769 640 5
770 67 2
770 663 33
771 128 164
772 0 3
772 32 2
773 1 7
774 936 46
775 48 24
775 921 2
776 586 2
776 697 3
777 6 30
777 84 94
777 200 5
777 318 2
777 539 3
777 608 154
778 330 282
778 389 3
780 552 2
782 226 3
784 1 13
784 549 18
784 604 2
786 142 12
786 576 2
787 199 15
792 540 2
793 628 2
795 661 18
800 73 2
800 97 2
800 133 72
801 592 6
806 232 2
808 302 2
808 777 47
810 394 7
814 264 5
819 538 4
822 211 3
824 609 2
828 592 10
832 21 5
832 30 9
833 999 2
835 392 3
836 86 2
840 106 2
840 545 31
841 370 12
842 132 14
845 624 2
848 313 5
848 899 7
852 72 8
862 130 210
863 516 2223
870 6 2
871 264 51
872 50 3
873 9 2
875 164 3
882 42 39
882 778 12
884 802 11
894 392 12
898 336 2
898 699 4
899 537 3
902 420 5
904 888 10
905 572 2
906 194 2
907 276 8
911 5 22
912 129 6
920 200 25
921 272 2
921 320 7
928 516 4
928 518 16
929 257 3
929 316 7
930 547 2
932 783 3
934 94 3
938 261 4
940 512 7
944 756 53
945 456 2
961 131 7
961 291 3894
966 197 2
966 555 2
968 51 18
977 549 61
984 324 3
987 962 46
996 36 2
1000 260 5
1002 652 2
1003 684 4
1011 36 6
1020 371 2
