0 18 2
0 112 2
0 150 6
0 166 2
0 265 37
0 321 42
0 415 2
0 670 25
0 674 2
1 535 7
1 565 13
1 705 4
1 920 5
2 0 3
2 132 4
2 260 2
3 24 188
3 592 2
4 50 3
4 284 7
5 216 76
5 584 95
6 148 2
6 259 573
7 715 8
8 2 2
8 42 15
8 58 18
8 642 19
8 850 2
9 39 14
9 416 20
9 823 3
10 208 10
10 523 4
11 204 2
11 586 4
12 24 11
12 55 3
12 116 8
12 128 17
12 634 2
14 152 8
14 210 3
15 485 6
16 148 7
16 516 10
17 48 40
18 645 3
19 24 5
20 786 3
22 107 6
23 770 18
24 781 5
24 786 13
26 22 20
26 801 2
27 130 21
27 210 8
27 547 4
27 549 2
28 72 7
28 146 12
28 203 8
28 624 9
28 647 12
29 1 3
29 532 14
30 21 8
30 52 2
31 77 2
31 561 5
32 16 5
32 42 3
32 72 8
32 204 6
32 211 28
32 388 4
32 414 13
32 848 2
33 277 2
33 785 3
33 898 2
33 945 14
34 144 13
34 561 6
34 663 7
34 720 15
34 800 11
35 266 3
35 689 2
36 12 5
36 257 2
36 288 3
36 448 1364
36 555 11
36 858 6
37 13 5
37 520 8
37 594 11
37 640 223
39 3 12
40 20 15
40 65 17
40 605 2
40 761 10
41 276 4
41 321 3
41 513 13
42 42 2
42 778 13
42 839 3
44 10 6
45 23 2
45 74 2
45 615 3
47 80 2
48 67 3
48 226 14
48 708 2
48 789 3
49 4 2
50 9 2
50 113 4
51 70 3
51 377 52
51 516 7
53 146 2
54 718 12
55 278 14
56 472 2
57 5 7
59 292 12
61 644 11
62 612 36
64 1 6
64 514 2
64 780 3
65 25 5
65 96 4
65 218 100
65 241 5
65 265 2
65 421 11
66 140 2
67 16 10
67 453 2
67 482 12
68 153 2
68 226 6
68 284 3
68 576 130
69 529 2
70 608 2
70 672 2
71 1 232
71 409 4
72 280 2
72 961 2097
76 133 2
76 855 2
78 517 7
80 132 8
80 528 11
82 280 2
83 124 3
83 784 2
84 64 2
85 65 2
87 353 2
87 462 3
87 515 2
89 2 3
90 988 3
91 154 2
92 91 4
93 134 2
93 669 2
94 954 2
95 34 5
96 304 4
96 356 6
96 776 4
97 48 6
97 167 6
97 195 5
97 473 10
97 525 2
98 352 2
98 671 2
98 928 71
99 117 2
100 901 2
101 70 33
101 124 8
101 161 4
101 169 11
102 6 3
102 166 2
102 264 13
104 48 3
104 673 7
105 3 2
105 296 9
105 779 2
106 516 30
106 652 9
107 3 2
107 129 2
112 3 5
112 84 5
114 68 2
114 497 2
114 872 12
116 33 3
118 565 8
121 536 9
122 185 23
122 294 2
124 304 2
128 58 2
128 320 61
128 362 10
128 375 15
129 10 260
129 39 2
129 163 2
130 540 2
130 772 5
131 581 2
132 17 21
132 372 2
132 713 2
133 23 5
134 224 2
134 377 30
134 768 2
136 482 6
136 610 14
136 657 4
137 259 3
137 778 14
138 590 7
139 865 2
140 135 6
140 724 10
141 2 368
143 116 6
143 144 6
143 286 2
144 68 2
145 576 6
146 69 147
147 513 12
148 912 7
150 656 1342
151 207 2
153 171 15
156 814 3
160 81 4
160 144 3
161 21 3021
161 40 7
161 717 2
161 898 16
162 306 6
163 227 10
163 601 3
164 38 2
164 87 10
164 646 2
167 104 2
167 384 5
167 456 2
167 712 2
168 8 7
168 98 316
171 144 2
176 32 4
176 137 3
177 280 2
180 19 12
181 964 2
184 141 3
184 161 2
184 664 8
185 5 5
187 800 42
192 43 292
192 52 2
192 388 9
192 392 11
192 713 2
193 8 2
193 28 3
193 422 3
193 775 5
194 677 606
196 81 4
197 61 5
197 100 2
197 297 12
197 592 3
198 3 13
198 812 84
200 445 137
200 924 3
201 39 14
201 140 8
202 11 25
206 530 2
208 88 3
208 534 20
209 55 118
209 564 1920
210 1 2
212 34 48
212 112 3
216 792 2
217 923 2
218 86 10
220 658 7
225 316 4
226 35 17
228 294 2
232 5 2
233 912 17
233 973 18
237 91 17
238 620 2
238 642 24662
239 370 5
240 914 2
245 705 2
246 64 8
248 0 2
256 1 2
256 4 5
256 5 63
256 68 23
256 69 5
256 97 4
256 344 2
256 416 7
256 522 14
256 772 2
257 544 11
257 912 6
257 920 15
258 34 2
258 36 2
258 265 7
258 673 4
258 810 77
259 165 10
260 131 14
261 8 5
261 72 2
261 672 2
262 32 5
262 193 26
262 256 34
264 1 3
264 4 13
264 296 5
266 56 2
266 504 24
267 523 5
267 581 20
268 577 35
270 73 13
272 41 2
272 162 13
272 684 2
273 47 5
273 581 2
274 334 3
275 116 2
275 485 34
275 512 11
277 8 44
277 128 2
277 385 2
278 258 2
280 82 7
283 514 40
284 835 2
285 104 2
288 292 3
288 341 21
289 36 12
289 468 2
289 472 2
289 648 16
289 753 2
289 788 3
290 0 2
290 328 18
291 768 10
292 134 8
292 162 17
292 524 16
292 593 2
293 256 2
294 27 2
294 742 5
296 231 2
296 260 160
296 336 16
297 325 5
297 389 15
300 140 2
301 777 2
303 292 27
304 42 9
304 63 8
304 212 13
304 292 3
306 36 51
306 550 12
308 640 2
309 77 14
314 109 2
314 156 3
320 29 2
321 262 3
322 272 2
322 902 3
324 200 2
324 513 8
325 145 22
325 614 4
325 720 6
327 698 2
329 258 2
330 8 5
332 643 2
335 391 3
336 632 8
337 352 14
337 833 2
338 33 3
340 704 2
342 15 15
342 168 76
346 89 4
347 296 2
347 313 3
352 860 4
353 138 6
353 684 7
354 25 2
354 836 9
357 690 2
358 168 2
360 555 12
360 810 2
371 112 67
371 772 4
381 531 7
382 562 12
384 5 2
384 332 155
384 481 2
384 571 2
385 213 9
385 513 4
385 563 2
386 160 4
386 275 2
386 681 2
386 849 4
387 147 2
389 596 6
391 800 5
392 336 15
392 553 4
393 577 6
394 80 2
395 4 2
396 536 2
396 546 14
397 305 3
397 518 4
399 9 2
403 20 2
404 209 3
404 298 2
406 677 2
406 928 6
408 66 22
410 520 26
415 101 16
416 279 15
420 288 50
420 538 2
423 384 3
424 481 2
425 261 2
428 32 713
428 194 3
433 197 5
437 2 2
448 92 7079
452 205 3
453 368 2
453 661 35
454 634 7
454 782 2
455 640 2
458 101 2
458 743 2
460 566 2
461 625 4
462 641 13
464 928 2
465 531 23
465 761 6
465 902 3
466 58 4
467 211 14
467 300 9
480 0 29
482 285 2
488 334 2
488 565 5
496 433 5
496 978 4
501 519 2
512 5 70
512 36 4
512 96 11
512 438 2
512 522 3
513 100 3
513 340 2
513 644 11
514 452 44
514 780 3
515 93 5
516 169 2
516 357 11
516 385 20
516 785 3
517 3 2
517 8 17
517 132 3
517 177 4
517 233 8
517 281 2
517 534 44
518 0 5
518 41 2
518 66 10
519 944 40
519 967 50
520 94 14488
520 296 6
520 436 2
520 812 3
521 131 12
522 652 11
525 134 6
525 820 4
526 548 2
527 713 7
528 10 5
528 97 2
528 144 10
528 156 2
528 344 2
528 580 2
528 582 2
529 16 5
529 423 2
529 517 11
530 86 2
530 132 20
530 278 3
532 134 15
532 853 39
534 786 9
534 932 30
536 10 2
536 687 2
536 902 5
537 257 2
537 478 2
538 84 147
538 820 2
540 481 2
541 344 4
544 6 2
544 160 4
544 416 5
544 551 72
544 718 2
545 914 2
546 612 3
546 650 7
547 265 2
549 97 3
550 36 1003
551 40 4
551 89 2
552 932 15
554 137 2
555 418 2
556 409 2
557 6 2
557 15 2
557 770 2
557 938 5
560 18 8
560 168 2
561 10 2
561 444 3
561 521 2
561 786 9
562 162 12
563 20 2
563 410 39
565 105 5
566 4 7
566 44 5
566 132 3
569 385 11
576 76 2
576 133 2
576 172 2
577 236 25
577 997 18
578 120 7
579 80 2
579 136 7
579 789 3
580 528 5
585 64 14
585 208 5
585 217 4
585 389 2
590 276 2
590 300 2
591 147 24
592 148 2
592 528 13
592 566 12
595 58 2
596 11 8
599 92 2
600 575 18
601 335 3
602 480 3
606 281 3
608 176 6
608 576 5
609 28 2
609 210 2
609 526 11
611 125 45
612 170 3
613 840 15
616 450 2
617 374 3
618 70 27
619 140 12
626 8 4
626 104 2
626 528 77
627 977 2
629 528 2
632 18 14
635 546 6
640 4 2
640 16 4
640 160 11
640 258 5
640 369 7
640 525 3
640 659 2
640 732 4
640 952 2
642 512 2
642 562 2
644 387 9338
644 769 20
645 4 10
646 388 2
648 98 7
650 953 6
652 257 2
656 3 2
658 226 5
660 36 7
660 52 2
660 85 2
664 205 2
664 539 9
664 781 18
668 749 18
672 129 2
672 717 8
674 259 2
674 401 2
675 257 2
677 121 2
677 641 38
680 540 5
681 6 12
682 14 4
684 1008 13
689 80 10
692 914 7
693 522 2
695 585 5
697 710 3
701 941 4
704 34 2
704 135 2
704 370 2
704 514 13
705 854 16
706 17 1072
709 325 2
711 19 3
713 593 14
713 837 8
716 98 21
716 339 62
716 842 16
720 7 9
721 0 2
721 170 2
721 584 2
722 100 4
722 258 14
722 393 15
722 398 3
723 142 2
724 20 2
725 44 2
725 65 2
737 25 3
737 64 6
737 288 39
741 260 2
742 97 2
743 787 3
744 124 2
751 506 2
752 261 2
752 494 2
754 32 3
760 40 64
760 300 17
761 435 4
768 68 2
768 608 2
768 666 2
769 640 4
770 67 2
770 663 8
771 128 9
772 0 3
772 32 2
773 1 14
774 936 8
775 48 2
775 921 2
776 586 5
776 697 3
777 6 3
777 84 11
777 200 2
777 318 2
777 539 30
777 608 370
778 330 31
778 389 2
780 552 7
782 226 2
784 1 11
784 549 13
784 604 91
786 142 22
786 576 12
787 199 21
792 540 39
793 628 2434
795 661 2
800 73 2
800 97 2
800 133 5
801 592 3
806 232 2
808 302 2
808 777 6
810 394 16
814 264 23
819 538 2
822 211 4
824 609 2
828 592 7
832 21 7
832 30 3
833 999 2
835 392 2
836 86 2
840 106 2
840 545 12
841 370 11
842 132 3
845 624 2
848 313 4
848 899 29
852 72 2
862 130 5
863 516 1495
870 6 16
871 264 66
872 50 8
873 9 3
875 164 6
882 42 2
882 778 2
884 802 3
894 392 13
898 336 2
898 699 2
899 537 2
902 420 33
904 888 10
905 572 3
906 194 2
907 276 5
911 5 26
912 129 2
920 200 2
921 272 2
921 320 6
928 516 10
928 518 5
929 257 2
929 316 24
930 547 2
932 783 15
934 94 8
938 261 3
940 512 4
944 756 2
945 456 21
961 131 6
961 291 2
966 197 2
966 555 3
968 51 12
977 549 2
984 324 13
987 962 9
996 36 2
1000 260 10
1002 652 16
1003 684 4
1011 36 16
1020 371 2
