0 215 2 4 56
0 679 4 3 73
1 357 10 1 4
1 565 5 2 22
3 652 10 2 27
4 0 8 1 4
4 248 9 1 4
6 268 2 2 4
8 386 3 1 4
8 486 1 2 4
9 416 5 1 4
15 485 10 3 87
18 51 2 3 15
20 10 2 2 9
20 28 5 1 4
21 308 2 2 7
22 133 8 6 6337
22 565 10 1 4
24 9 7 2 33
28 647 5 1 4
29 5 10 1 4
30 52 1 2 5
32 759 4 5 2261
36 12 4 2 10
36 34 2 2 4
36 705 9 1 4
37 13 7 1 7
39 520 1 7 5847
40 756 7 1 4
44 12 8 2 30
44 430 10 1 4
44 524 1 2 3
48 67 4 1 4
49 313 3 8 183440
59 292 9 1 4
65 421 5 1 4
66 545 4 1 4
67 453 1 4 48
70 212 6 2 17
73 39 8 4 716
74 512 8 6 7768
75 576 5 1 4
76 84 2 3 21
77 450 8 3 111
78 784 5 1 4
83 115 9 1 3
84 64 9 3 80
84 216 5 1 4
84 490 2 3 28
86 234 2 2 4
92 91 3 3 50
93 49 2 2 6
96 103 1 2 3
97 130 4 2 10
97 167 10 1 7
104 673 6 1 4
106 652 6 4 273
112 3 1 3 14
114 452 3 4 103
128 433 1 3 7
128 453 2 2 4
130 532 1 2 4
132 957 10 2 33
134 768 5 4 180
137 325 10 1 4
138 266 7 5 1638
138 415 4 1 4
144 248 8 1 4
144 800 5 1 4
161 326 5 4 436
161 524 9 1 5
167 384 4 3 29
168 98 7 1 4
172 664 9 2 37
180 19 2 2 5
180 973 9 1 4
188 4 10 1 4
192 52 8 1 4
192 524 9 1 4
192 898 3 2 9
196 286 4 4 282
198 196 9 1 4
201 140 7 1 4
212 34 1 3 7
212 262 3 4 102
213 64 6 1 4
230 9 10 6 36213
239 370 1 3 7
240 66 9 1 5
256 69 10 1 11
257 806 7 1 4
258 34 4 2 9
259 7 8 1 10
259 100 7 1 4
261 8 9 1 4
264 568 1 2 4
265 264 1 3 7
267 581 1 7 11788
268 34 8 1 5
268 577 9 1 4
272 162 1 4 48
273 693 1 5 468
274 98 2 2 4
289 472 5 2 26
290 388 8 1 3
291 768 4 1 4
296 131 1 3 12
299 291 6 4 149
304 8 8 1 4
314 156 5 1 4
314 376 9 2 32
318 914 2 2 4
324 16 1 4 69
324 167 1 2 4
325 192 3 2 9
325 720 6 3 48
330 8 9 1 4
334 288 10 1 4
335 83 1 2 4
338 33 9 1 6
338 169 3 1 3
352 409 4 1 3
358 3 4 4 185
360 810 6 1 4
371 705 2 2 5
372 352 9 1 4
384 5 2 2 4
384 423 7 1 7
385 513 8 1 4
386 275 5 7 39129
389 596 10 1 4
392 38 1 8 54339
393 461 8 3 79
398 943 2 3 18
408 405 2 3 19
416 531 4 1 4
428 194 10 5 5268
433 398 7 3 48
436 597 5 1 5
436 641 4 1 7
442 146 4 2 17
442 691 5 2 10
452 513 9 4 702
456 376 8 1 4
480 731 3 1 4
480 928 4 2 14
488 3 9 3 69
512 65 6 1 6
517 281 7 1 9
520 164 9 8 388363
521 229 3 1 4
523 650 2 2 4
526 548 3 1 4
528 344 10 1 4
532 11 2 1 3
532 292 10 2 51
532 853 1 5 428
546 650 5 3 89
549 97 5 1 4
557 770 9 1 4
560 32 2 2 4
573 886 4 1 3
576 4 2 2 4
576 547 1 3 7
578 136 8 2 24
580 528 8 1 4
590 520 5 1 4
592 585 9 1 4
593 429 2 6 1948
595 58 4 1 4
596 385 2 2 7
599 569 1 2 4
600 115 2 2 5
604 913 9 1 4
607 393 6 3 86
617 374 7 2 17
618 70 4 1 7
619 76 1 6 2208
627 418 4 1 4
640 938 8 1 4
642 512 10 5 2078
643 775 5 1 4
644 769 1 2 4
645 195 4 1 4
648 301 2 6 5643
648 769 6 1 5
649 4 7 1 4
656 3 8 3 154
656 259 1 3 7
657 79 4 1 5
661 244 4 2 9
667 587 7 1 6
668 749 8 5 2348
672 717 9 4 481
673 656 5 1 5
693 397 4 1 4
694 768 7 3 149
701 941 5 2 17
716 842 5 3 39
720 144 6 1 4
724 596 9 3 51
770 211 9 1 4
780 552 1 2 5
780 707 5 2 15
784 514 6 1 4
786 576 2 3 15
788 25 4 3 37
792 274 4 7 23204
800 133 5 3 27
806 232 1 4 81
810 17 6 1 7
814 264 7 1 12
819 538 5 1 4
832 43 1 2 4
834 912 1 2 5
836 86 7 1 7
870 68 10 1 4
872 50 1 3 7
895 603 6 9 16401410
900 4 3 1 4
905 12 5 1 4
918 0 6 1 4
927 190 3 3 19
928 384 7 4 228
928 518 9 1 4
929 10 1 2 4
929 316 4 2 19
930 720 2 4 178
961 472 10 5 1407
963 130 9 3 94
988 366 9 3 102
990 35 7 4 259
996 836 10 1 4
1004 129 6 1 6
1013 316 5 1 4
