418 0.005826828504068256 
856 0.005797819398392077 
863 0.005721611771131453 
1135 0.005731855343695032 
1713 0.005673371127113193 
1959 0.005885771333296599 
644 0.005777904232563466 
706 0.0056547261774004005 
1502 0.0057264441803923025 
212 0.005676942815500668 
351 0.005788839279528219 
28 0.0059054570915123995 
187 0.00575211506072725 
1301 0.005852732217441182 
843 0.0058455952772551514 
162 0.006113709407619528 
1294 0.005909946306411093 
1926 0.005942870607029488 
935 0.005839146410853318 
1759 0.005679014784651747 
617 0.005703768734378176 
1083 0.005741527159497634 
192 0.005752808044647775 
446 0.0058005819242868874 
577 0.005818542091248422 
968 0.005804840967409559 
1211 0.005884504435618416 
1548 0.00595645549611996 
1372 0.005663013919304671 
753 0.005970960427895091 
1504 0.005829132665730866 
504 0.005624681426990284 
530 0.005866200403284917 
1801 0.005839952912078932 
1409 0.0058010418008192545 
1602 0.005798740274621198 
170 0.005895902577150723 
267 0.0055839264484887335 
555 0.0058081794006755545 
613 0.005983737696035391 
1332 0.005829247219302329 
1924 0.005711134280955099 
1063 0.006036577658506356 
14 0.0058213035615440716 
1027 0.005808871345654537 
1903 0.005755686460101884 
1902 0.005755569967650681 
1349 0.005821188633861653 
1130 0.005724947923123197 
1881 0.005939648342612556 
1868 0.005721033853859836 
1099 0.005856300210691438 
1952 0.005940106994945294 
398 0.00585238554980286 
380 0.005869193321479186 
1412 0.0057916040400557735 
311 0.005814740916630031 
1749 0.0057960938061568015 
442 0.005735772323454344 
1996 0.005764891679770233 
445 0.005890375836900692 
1698 0.005877137356396604 
1513 0.005804150971224057 
724 0.00602057681784166 
829 0.005730358898237646 
1426 0.00572345146925611 
1164 0.005841334582931727 
876 0.005764433961711736 
1961 0.0057822776774149156 
993 0.00575246098728733 
1323 0.0057090625551650806 
197 0.005728403120601142 
1029 0.00585066110633338 
1951 0.005821649196211122 
1175 0.005803576193754186 
1790 0.005776061549669429 
708 0.006055228153939707 
923 0.005804149971235638 
473 0.005729323343402784 
1235 0.006026333192846157 
