0 89 6 5 1354
0 198 5 3 75
0 342 7 3 97
1 18 1 7 10913
1 503 7 5 1811
2 115 6 5 696
2 217 3 6 5326
3 218 4 8 370735
3 363 4 4 188
3 430 7 5 4018
4 361 4 4 132
4 414 10 5 2075
5 214 6 7 68755
8 303 2 3 19
9 129 5 5 685
9 171 7 6 15738
9 451 3 7 29678
10 223 10 3 99
10 416 7 4 290
10 462 8 3 61
11 30 1 6 1991
11 297 6 4 268
11 438 7 5 1690
11 477 1 8 58689
12 343 9 3 192
12 499 2 6 6892
13 207 8 3 133
13 280 1 6 745
13 397 4 5 1644
14 173 5 7 53574
14 265 9 4 272
15 160 1 3 20
15 194 3 6 6160
15 414 4 7 78108
16 25 9 7 268062
16 114 1 5 274
16 232 7 5 1604
16 357 4 4 281
16 370 2 6 7431
17 83 4 4 296
17 131 8 5 1702
17 316 4 6 3969
18 90 3 5 789
19 33 7 4 429
19 180 7 4 721
20 139 10 2 50
20 283 8 4 547
21 209 4 1 3
21 259 4 3 37
22 226 2 6 1480
22 451 5 6 21907
23 108 2 8 287273
23 304 3 4 114
23 418 5 7 37632
24 52 8 9 6282445
24 386 1 5 684
24 418 6 4 252
24 503 4 5 1023
25 126 8 3 78
25 234 2 5 635
25 309 6 7 43716
25 320 8 6 14498
25 408 3 4 114
26 142 2 6 1684
26 296 1 6 3365
27 342 9 4 207
27 378 8 8 1176412
28 407 8 5 1930
29 40 8 4 364
30 182 3 4 142
30 403 6 4 145
31 66 8 2 34
32 105 6 6 4391
32 177 6 4 307
33 489 4 3 45
34 84 4 5 2135
34 129 6 6 8819
34 199 4 7 22581
34 231 7 5 3351
34 282 3 4 236
34 317 3 7 29530
35 151 3 7 21427
35 446 6 4 388
35 458 1 6 2044
35 479 9 5 1106
36 162 8 6 7072
36 341 2 3 22
36 374 7 6 5428
36 444 6 4 257
38 170 1 6 2435
38 277 8 5 2139
38 390 7 6 12111
38 488 6 7 149210
39 467 6 4 418
39 490 8 4 190
40 75 1 7 11434
40 103 10 10 48719905
40 148 7 3 57
40 464 9 2 18
40 486 4 5 811
41 429 10 5 3300
42 45 6 3 40
42 316 3 4 239
43 123 6 7 54573
44 327 10 3 118
45 98 3 5 1100
45 108 5 4 213
45 408 10 7 56023
46 106 2 4 163
46 139 5 3 53
47 99 6 2 28
47 246 6 4 192
47 505 4 5 1540
48 344 3 4 325
49 66 6 5 3568
49 370 9 2 21
50 169 9 4 263
50 177 10 2 32
50 474 7 5 1293
51 134 7 7 52324
51 342 9 4 577
52 78 3 5 374
52 181 7 5 1057
52 207 4 5 1114
52 277 7 4 163
52 500 2 5 273
54 464 8 4 735
55 151 6 3 124
56 234 3 6 6843
56 435 6 5 1648
58 65 7 5 2804
58 164 6 6 8270
58 249 1 7 5489
59 199 1 6 3188
59 276 8 3 174
60 384 10 3 131
61 396 5 4 260
62 444 5 5 991
62 489 2 6 4127
63 335 8 4 541
64 89 6 3 40
64 91 3 4 168
64 179 7 6 6398
64 501 5 5 1725
65 236 7 4 236
65 267 1 6 2995
65 277 4 5 831
65 386 3 4 240
65 397 6 5 2831
65 409 1 5 528
66 185 4 4 180
66 376 7 4 196
67 70 10 4 1042
68 132 9 6 12752
68 209 5 7 46186
68 221 10 5 2137
68 267 4 7 53664
68 290 2 4 141
68 363 4 4 373
68 432 10 3 178
68 474 1 7 5597
69 72 6 7 80041
69 89 7 3 63
69 462 4 7 135397
70 295 7 4 358
70 505 9 4 287
71 228 9 5 2990
72 167 7 3 61
74 220 4 5 1294
74 411 1 4 94
74 451 9 6 15870
75 330 1 7 18513
75 392 7 3 139
76 153 2 4 88
76 322 7 2 17
77 337 2 5 833
77 340 4 5 1055
78 209 10 7 303502
78 267 4 6 3298
78 308 7 7 79477
79 262 10 4 436
79 319 8 6 21553
80 86 5 6 20752
80 368 1 7 12662
80 420 6 4 138
82 84 9 6 27135
82 464 9 3 89
82 488 4 6 8723
83 402 8 5 2590
83 407 4 5 1783
84 257 7 5 1006
84 295 7 3 139
85 244 3 6 9524
86 118 5 3 27
86 145 5 3 52
87 133 5 4 216
88 404 3 8 128758
89 305 4 7 55570
89 349 2 6 9366
90 292 4 3 61
90 402 6 4 428
91 280 4 5 1425
92 477 9 3 67
93 161 2 7 17360
94 427 9 5 2270
95 182 6 4 426
95 486 10 5 1817
96 488 3 5 1361
97 319 7 4 306
97 351 5 4 520
98 113 8 1 12
99 154 4 7 103769
99 172 1 6 4492
99 402 4 4 310
100 291 4 4 224
101 165 3 8 647228
102 259 10 4 939
103 117 9 7 122589
103 186 9 4 681
103 192 9 6 12435
103 273 4 4 208
103 277 3 5 447
104 166 7 5 1739
104 327 6 7 98306
105 242 2 6 7403
105 496 3 4 91
106 198 9 4 954
106 249 6 2 28
107 241 3 5 1504
107 277 9 3 78
107 335 10 5 1676
107 350 6 6 25410
107 359 3 6 6836
108 404 5 4 143
109 143 10 4 964
109 354 3 6 3919
109 367 10 3 200
109 408 10 5 1220
109 437 1 6 3654
111 198 1 7 9445
111 273 8 4 285
112 236 7 4 265
112 446 4 8 236342
113 430 2 7 37185
114 205 1 6 1539
114 327 8 6 18285
115 180 7 9 7955327
115 193 7 4 655
115 198 6 4 512
116 207 10 3 202
117 314 5 6 5992
118 221 1 6 1100
118 260 1 7 11400
118 285 6 3 125
118 346 7 6 17556
118 390 9 4 220
119 293 7 5 1640
119 417 7 6 17188
119 423 2 6 6572
119 506 1 5 467
120 475 1 5 614
122 258 5 7 57909
122 371 10 5 1147
122 383 9 4 276
123 173 4 6 9743
123 377 2 5 427
124 280 5 5 1234
124 471 10 4 367
125 154 6 5 1297
125 445 9 6 8172
125 507 7 3 123
126 251 2 7 56301
126 277 9 5 2099
126 466 4 3 67
127 250 9 5 1377
127 311 10 5 2427
128 355 9 7 112553
128 385 3 7 37083
129 206 4 3 44
129 276 3 6 7634
129 406 8 5 1907
129 480 7 6 6297
130 277 2 6 4201
131 194 2 4 65
132 385 5 5 1251
132 434 2 6 4355
132 475 1 4 59
134 226 4 6 3022
135 167 1 8 48309
135 169 10 5 2424
136 405 10 5 3171
137 160 5 4 194
137 201 4 6 9437
137 250 10 4 293
138 470 2 6 3361
139 455 3 6 2451
140 510 3 6 4825
141 278 3 5 383
141 351 5 3 41
141 353 8 4 598
141 390 9 4 685
141 418 9 3 81
142 322 10 6 11151
143 192 5 5 1586
143 223 9 4 243
143 270 7 4 268
143 286 5 5 843
144 505 6 4 158
146 215 10 3 94
146 288 8 5 4548
146 362 2 4 186
146 365 9 6 14573
147 402 3 5 368
147 467 5 6 12208
147 480 5 5 583
148 162 10 3 95
148 238 9 3 53
148 359 4 8 361167
149 196 8 8 350168
149 224 6 6 16297
149 304 1 5 567
149 458 4 4 90
150 430 6 3 101
150 458 5 5 908
151 285 3 7 21757
151 307 2 4 96
151 387 6 4 341
151 399 3 6 6388
151 463 6 4 668
152 167 6 3 32
152 196 4 6 12317
152 421 9 7 49293
152 433 1 5 153
153 200 8 3 129
153 257 2 3 23
153 409 6 5 2883
154 273 1 5 234
154 507 8 5 1324
155 412 5 5 754
155 418 5 4 148
156 160 5 7 24936
156 400 3 5 1700
156 507 4 4 174
157 385 7 4 159
159 189 6 6 5757
159 331 1 6 749
159 353 7 3 95
159 451 3 6 3565
161 423 7 5 2328
162 273 3 6 4632
163 181 4 6 4982
163 293 7 4 390
163 333 3 7 22509
164 241 8 3 141
164 291 1 5 195
165 281 1 5 172
165 323 8 3 138
165 484 7 4 169
165 501 8 9 5315848
166 170 1 6 1862
168 209 9 4 241
169 266 6 7 132136
171 319 6 4 143
171 506 8 5 1198
172 480 8 4 534
173 266 4 5 987
173 274 6 8 287952
174 352 3 4 189
174 501 2 4 101
175 205 10 3 80
175 272 4 5 1243
176 393 10 7 54548
176 462 2 7 20031
177 250 3 7 28281
177 459 5 6 6966
178 182 2 5 758
178 254 7 3 61
178 409 7 3 118
178 486 6 6 10679
179 223 2 4 127
179 255 4 4 95
179 473 8 3 124
180 197 9 6 19599
180 346 3 4 212
180 421 9 5 4018
180 448 5 8 503843
181 436 7 5 3176
182 277 6 5 2838
183 463 7 5 1932
186 237 1 6 1200
187 440 3 5 485
189 252 8 7 170293
189 275 2 5 615
189 474 1 4 104
190 424 2 5 289
191 352 1 5 356
191 368 3 5 598
191 401 6 5 1686
191 416 6 5 2427
192 437 7 6 11380
194 346 10 5 2275
195 363 5 5 3165
196 439 1 9 1198116
197 230 3 6 5903
198 267 9 4 861
198 279 6 6 7289
198 353 4 4 317
198 478 9 3 67
200 210 8 4 290
200 342 3 8 589147
200 448 10 5 3526
201 238 2 5 605
202 254 6 3 76
202 442 6 5 1373
204 245 6 5 1395
204 472 7 6 4969
205 345 7 4 183
206 410 7 5 2368
206 436 3 7 46554
208 275 8 5 1837
208 303 8 5 3146
208 506 7 5 4069
209 223 1 8 170903
209 274 2 7 18942
209 492 1 6 3415
210 380 5 5 2387
211 386 2 4 68
212 238 10 5 3077
213 443 6 5 1554
214 231 3 6 4142
214 511 4 4 212
215 393 2 4 123
215 417 3 8 298610
218 254 5 6 5343
218 447 9 4 1016
219 234 1 4 105
219 478 9 5 4472
219 498 2 7 26553
221 351 2 4 178
222 430 6 3 99
223 412 3 5 960
223 435 10 3 83
223 478 2 6 2913
223 491 10 3 76
223 508 1 5 601
227 273 10 5 1602
227 397 2 6 3080
228 299 4 4 115
229 452 7 4 327
230 482 4 3 42
231 349 8 4 185
231 378 10 7 62331
232 248 1 6 3645
233 247 5 4 205
233 366 3 5 1059
235 354 1 8 91899
237 407 10 9 8813206
238 319 6 5 2468
239 323 6 4 562
241 345 9 4 233
242 257 7 4 252
242 285 8 5 3765
242 312 2 8 204150
243 249 4 6 16373
243 492 1 4 43
246 254 6 2 29
246 500 10 7 161214
248 431 7 5 859
249 404 8 4 371
250 395 5 6 21988
250 441 7 5 3319
252 502 8 3 174
253 296 6 7 107334
253 500 7 5 1133
255 392 3 8 260122
256 288 10 2 33
256 476 3 4 105
258 267 6 6 5639
258 478 10 4 511
259 373 6 5 3581
260 283 1 6 1076
260 316 3 5 1170
260 327 7 5 4763
260 400 10 4 239
262 299 3 6 6466
262 414 1 3 15
262 487 8 4 266
264 339 5 4 295
264 473 10 4 243
265 281 3 6 6100
265 430 1 6 2326
266 294 10 8 1495146
267 463 6 4 265
267 475 5 5 1427
269 336 7 3 39
270 335 8 3 141
270 395 9 4 642
271 489 5 6 23570
272 320 1 7 18605
272 404 8 4 392
275 280 6 7 31319
275 323 5 4 157
276 335 1 5 269
277 279 6 5 3595
277 359 1 7 25321
279 392 10 3 193
280 385 2 6 3411
281 345 3 5 968
281 464 4 6 4890
284 333 8 3 86
288 505 10 4 236
289 366 2 4 54
290 427 9 9 3669945
291 454 3 5 1043
293 489 8 4 438
294 451 3 4 235
295 463 5 4 327
295 478 7 3 141
297 405 6 3 106
297 441 4 8 161999
298 347 6 4 561
298 354 4 5 1686
298 501 2 5 1097
299 363 9 4 264
299 382 9 5 1780
303 305 7 6 7927
303 376 10 6 10931
303 400 1 5 557
304 474 5 3 93
305 411 7 5 2185
305 416 6 6 5131
306 481 5 5 2568
307 394 8 4 824
308 450 6 7 52333
309 400 6 6 9314
311 330 8 4 442
311 342 2 4 212
311 432 1 5 571
312 313 8 4 463
312 409 4 4 372
312 466 10 7 240405
313 451 9 5 3737
313 463 5 5 1315
314 418 5 4 291
314 499 2 5 1310
315 435 8 6 16675
317 318 1 6 1562
318 481 2 6 3867
321 365 5 5 940
322 354 3 4 137
325 352 5 5 2115
325 422 10 4 400
326 446 3 5 1937
332 368 10 3 155
336 444 6 4 326
337 451 7 3 43
338 341 8 5 4797
338 461 1 5 396
339 342 7 4 477
339 475 9 5 1101
341 435 6 6 12597
341 469 4 7 47136
343 415 9 3 51
349 431 9 5 2056
350 452 2 3 34
351 497 5 6 3766
352 373 6 5 3628
353 371 8 4 184
354 363 7 5 1694
354 457 1 7 5118
355 428 2 4 152
355 464 6 2 24
357 421 9 5 2188
357 467 6 4 671
358 420 7 5 1325
358 432 7 5 1867
358 447 8 5 1547
360 431 8 6 11238
361 510 2 3 43
362 456 1 7 21306
362 493 5 5 3206
367 499 7 4 721
368 438 8 7 53028
368 482 2 5 953
370 419 10 5 1494
371 421 7 5 1698
372 477 10 4 237
373 436 7 3 63
374 489 5 4 148
379 434 8 7 176603
380 462 3 5 1314
380 470 10 5 1240
381 501 8 7 59032
383 387 7 4 432
383 504 8 3 82
384 450 1 7 5528
385 425 9 5 2842
385 498 6 4 158
386 394 5 9 6205620
386 448 4 5 751
386 468 5 4 461
386 482 1 5 357
388 418 7 5 3228
388 472 8 5 1549
389 500 1 5 234
391 404 7 5 815
391 429 10 3 65
391 511 2 4 106
393 488 1 4 27
394 399 9 6 10347
395 423 10 4 819
396 468 10 3 176
398 413 3 6 2815
398 484 9 5 3013
399 410 5 3 74
400 407 3 9 1147020
400 492 9 4 1010
402 433 4 6 3576
404 443 2 4 82
405 474 3 2 11
406 407 9 7 321930
408 439 2 8 233809
410 473 3 4 118
412 455 2 7 23849
414 416 10 6 36586
414 461 3 5 1800
415 472 2 7 66884
417 503 3 6 2951
425 450 1 6 748
427 505 9 4 450
429 432 3 5 982
432 455 8 7 100794
438 501 3 4 136
444 468 10 4 256
447 485 10 6 17066
448 494 7 3 113
449 452 8 6 11746
450 475 4 4 134
453 471 3 6 2300
453 479 7 5 2064
455 479 9 4 382
458 490 9 5 5786
461 503 7 4 720
463 468 4 5 1269
466 481 6 5 1389
466 501 6 4 208
474 480 6 5 1584
485 501 8 4 209
501 504 10 6 18899
507 509 10 4 591
