552 0.004196599853929531 
1189 0.004191393182156678 
1560 0.004191393182156678 
435 0.004191393182156678 
1525 0.004191393182156678 
1210 0.004191393182156678 
70 0.004191393182156678 
1561 0.004191393182156678 
214 0.004191393182156678 
436 0.004196599853929531 
849 0.004191393182156678 
926 0.004191393182156678 
676 0.004191393182156678 
1772 0.004191393182156678 
9 0.004180979679640049 
1356 0.004191393182156678 
1882 0.004191393182156678 
1481 0.004191393182156678 
19 0.004196599853929531 
575 0.004191393182156678 
437 0.004191393182156678 
1904 0.004196599853929531 
1410 0.004191393182156678 
1618 0.004191393182156678 
1724 0.004191393182156678 
171 0.004191393182156678 
488 0.004191393182156678 
229 0.004191393182156678 
1830 0.004191393182156678 
1671 0.004191393182156678 
1612 0.004191393182156678 
317 0.004191393182156678 
681 0.004196599853929531 
1729 0.004196599853929531 
1395 0.004180979679640049 
1611 0.004191393182156678 
1071 0.0041653595810656144 
1305 0.004191393182156678 
430 0.004191393182156678 
1549 0.004191393182156678 
1273 0.004191393182156678 
1792 0.004191393182156678 
592 0.004191393182156678 
1780 0.004191393182156678 
319 0.004191393182156678 
1584 0.004191393182156678 
1952 0.004191393182156678 
1443 0.004191393182156678 
1301 0.004191393182156678 
1646 0.004196599853929531 
1092 0.004191393182156678 
1306 0.004191393182156678 
1494 0.004196599853929531 
757 0.004196599853929531 
1382 0.004191393182156678 
718 0.004191393182156678 
1974 0.004191393182156678 
1044 0.004191393182156678 
1502 0.0042330465882101775 
1708 0.004196599853929531 
104 0.004212219876297105 
778 0.004191393182156678 
1332 0.004180979679640049 
976 0.004191393182156678 
228 0.004191393182156678 
824 0.004191393182156678 
457 0.004186186428993431 
1872 0.004191393182156678 
1437 0.004191393182156678 
1558 0.004191393182156678 
1266 0.004191393182156678 
1216 0.004191393182156678 
1075 0.004191393182156678 
1507 0.004191393182156678 
1987 0.004191393182156678 
200 0.004191393182156678 
421 0.004191393182156678 
169 0.004191393182156678 
1470 0.004191393182156678 
535 0.004196599853929531 
832 0.004207013201028125 
1341 0.004191393182156678 
1877 0.004191393182156678 
1468 0.004191393182156678 
1452 0.004191393182156678 
377 0.004191393182156678 
1976 0.004191393182156678 
1721 0.004196599853929531 
1192 0.004191393182156678 
1479 0.004191393182156678 
971 0.004191393182156678 
382 0.004196599853929531 
1681 0.004196599853929531 
75 0.004191393182156678 
369 0.004196599853929531 
958 0.004191393182156678 
1009 0.004191393182156678 
262 0.004191393182156678 
1844 0.004196599853929531 
1588 0.004191393182156678 
401 0.004191393182156678 
768 0.004191393182156678 
683 0.004196599853929531 
999 0.004196599853929531 
898 0.004196599853929531 
760 0.004196599853929531 
568 0.004191393182156678 
1793 0.004191393182156678 
588 0.004191393182156678 
125 0.004191393182156678 
1322 0.004191393182156678 
1458 0.004191393182156678 
498 0.004191393182156678 
1495 0.004191393182156678 
974 0.004191393182156678 
567 0.004191393182156678 
206 0.004191393182156678 
268 0.004191393182156678 
1578 0.004191393182156678 
590 0.004191393182156678 
1758 0.004191393182156678 
1390 0.004191393182156678 
595 0.004196599853929531 
1188 0.004191393182156678 
1788 0.004191393182156678 
1839 0.004191393182156678 
1337 0.004191393182156678 
345 0.004191393182156678 
123 0.004191393182156678 
1736 0.004191393182156678 
1735 0.004191393182156678 
507 0.004191393182156678 
1659 0.004191393182156678 
252 0.004191393182156678 
1998 0.004191393182156678 
736 0.004191393182156678 
735 0.004186186603556962 
118 0.004191393182156678 
1538 0.004191393182156678 
1109 0.004191393182156678 
165 0.004191393182156678 
43 0.00419139327062397 
1095 0.004191393182156678 
1473 0.004191393182156678 
962 0.004180979679640049 
580 0.004191393182156678 
1171 0.004191393033015492 
1988 0.004186186428993431 
1402 0.004207013201028125 
1234 0.004191393182156678 
1537 0.004191393182156678 
651 0.004191393182156678 
1519 0.004191393182156678 
1217 0.004191393182156678 
1393 0.004191393182156678 
456 0.004191393182156678 
897 0.004186186428993431 
591 0.004191393182156678 
1228 0.004196599853929531 
1478 0.004191393182156678 
653 0.004191393182156678 
606 0.004191393182156678 
1556 0.004180979679640049 
1166 0.0041653595810656144 
1532 0.004186186603556962 
464 0.004191393182156678 
115 0.004191393182156678 
1155 0.004191393182156678 
151 0.004196599853929531 
1924 0.0042174265526759075 
1230 0.004191393182156678 
987 0.004191393182156678 
998 0.004191393182156678 
45 0.004191393182156678 
1655 0.004191393182156678 
1941 0.004191393182156678 
1387 0.004191393182156678 
763 0.004191393182156678 
388 0.004191393182156678 
1022 0.004191393182156678 
1823 0.004191393182156678 
243 0.004191393182156678 
280 0.004191393182156678 
375 0.0041653595810656144 
23 0.004191393182156678 
386 0.004191393182156678 
32 0.004191393182156678 
458 0.004191393182156678 
852 0.004196599853929531 
1921 0.004191393182156678 
526 0.004196599853929531 
1072 0.004191393182156678 
462 0.004191393182156678 
42 0.004191393182156678 
1335 0.004191393182156678 
869 0.004212219876297105 
327 0.004191393182156678 
1338 0.004191393182156678 
1712 0.004191393182156678 
245 0.004191393182156678 
