0 4 10 4 958
0 9 9 4 262
0 17 8 1 8
0 18 3 2 7
0 29 4 4 228
0 47 4 3 81
0 112 6 1 10
0 150 4 8 215002
0 215 6 1 4
0 256 6 1 4
0 259 3 4 73
0 274 3 4 283
0 321 6 2 13
0 352 5 10 4005148891
0 415 1 3 7
0 552 8 5 4313
0 618 3 4 187
0 670 2 2 7
0 674 9 1 5
0 679 5 6 5189
0 843 7 1 4
0 902 1 4 64
1 15 7 7 63912
1 30 9 9 6826145
1 37 6 2 18
1 82 9 1 13
1 135 2 2 7
1 292 10 1 7
1 357 7 2 15
1 481 10 5 3676
1 535 7 1 7
1 565 10 1 4
1 644 9 2 18
1 825 10 1 7
1 920 4 7 44426
2 0 6 1 4
2 3 10 1 5
2 8 7 1 8
2 48 2 2 10
2 260 1 8 55811
2 328 7 6 10544
2 523 10 5 1313
2 826 4 1 7
3 24 1 3 17
3 272 4 2 10
3 277 1 2 4
3 652 10 1 4
3 817 9 2 19
4 0 9 4 734
4 4 10 1 4
4 15 8 7 271417
4 24 3 1 4
4 50 10 1 4
4 60 4 4 121
4 64 4 5 1092
4 248 7 1 7
4 293 2 2 5
4 368 2 2 10
4 576 7 5 1280
4 683 7 3 136
4 774 8 4 652
4 808 9 1 4
5 216 5 3 43
5 584 8 1 4
5 887 5 5 1844
6 3 1 7 7245
6 148 9 3 87
6 259 4 1 5
6 267 10 1 4
6 268 9 2 19
6 512 9 1 4
6 798 3 4 67
6 1002 6 1 4
7 81 8 5 2117
7 110 1 3 14
7 715 3 2 7
8 1 5 6 4759
8 2 7 2 20
8 19 4 2 10
8 32 2 2 5
8 42 1 3 7
8 58 9 2 21
8 202 5 2 11
8 272 10 1 4
8 273 7 1 4
8 386 6 3 32
8 393 7 1 4
8 486 4 1 4
8 552 10 4 384
8 642 8 2 16
8 735 10 1 4
8 850 9 1 7
8 902 7 3 65
9 39 1 3 8
9 43 10 2 49
9 274 5 4 122
9 416 6 2 24
9 526 10 1 4
9 572 7 3 62
9 823 4 1 7
10 13 2 3 21
10 40 4 1 7
10 75 9 2 43
10 84 9 4 202
10 160 2 2 4
10 176 9 1 4
10 518 8 5 4530
10 523 5 1 4
10 584 2 2 4
10 599 7 1 8
10 680 8 2 24
11 204 5 3 34
11 586 5 5 1274
11 752 8 1 8
12 0 6 2 26
12 24 10 1 4
12 65 5 6 5911
12 116 4 4 134
12 128 3 7 35647
12 269 3 1 4
12 366 5 3 66
12 634 8 4 231
13 66 3 8 230381
13 192 3 1 4
13 224 10 7 159954
13 320 4 1 4
13 780 5 1 8
14 127 9 9 18371120
14 210 9 1 7
14 376 3 6 9386
14 584 10 2 22
14 616 6 3 63
15 352 10 1 11
15 485 9 5 2018
15 854 3 2 8
16 9 9 1 7
16 24 7 1 4
16 64 10 1 5
16 96 4 1 7
16 148 7 1 10
16 198 3 3 50
16 516 5 4 134
16 643 5 3 30
16 806 10 3 56
17 48 7 2 19
17 258 9 3 123
18 215 9 1 4
18 290 2 7 38424
18 645 9 4 416
19 7 2 2 4
19 24 4 7 20119
19 657 10 5 1910
19 709 5 6 4343
20 1 10 3 159
20 28 4 3 48
20 36 10 1 4
20 69 6 2 24
20 176 1 4 53
20 786 2 3 29
21 258 9 1 7
22 24 10 9 28321248
22 68 3 1 4
22 97 1 3 11
22 107 7 2 14
22 281 9 1 7
22 320 4 3 24
22 331 4 4 169
22 565 1 9 677701
23 328 3 2 7
23 770 8 1 4
23 886 2 2 4
24 9 4 1 4
24 533 7 8 499622
24 781 6 1 6
24 786 7 2 16
24 944 2 8 166012
25 523 10 5 4749
25 592 1 5 465
26 109 9 3 150
26 801 6 2 20
27 210 5 3 27
27 547 5 1 7
28 72 5 2 10
28 192 6 1 4
28 203 6 3 71
28 624 5 3 41
28 647 7 1 10
29 1 9 3 66
29 5 10 1 4
29 327 9 4 277
29 532 8 2 19
29 809 6 3 32
30 21 10 1 4
30 52 1 8 99294
30 129 7 3 70
30 588 2 5 404
32 16 7 2 14
32 33 6 2 21
32 42 6 6 6969
32 72 10 1 8
32 196 8 5 2512
32 204 5 4 165
32 211 8 3 90
32 219 3 6 3531
32 388 3 1 4
32 414 4 2 21
32 514 8 3 150
32 612 10 5 3304
32 641 4 7 78984
32 721 3 1 5
32 803 5 2 11
32 848 8 3 48
32 960 4 1 7
33 2 6 9 11221105
33 3 9 5 3893
33 26 2 2 4
33 31 7 1 4
33 64 6 4 426
33 276 1 2 4
33 320 2 7 12548
33 785 9 2 18
33 898 3 4 120
33 945 4 1 7
34 144 1 3 7
34 292 1 3 15
34 324 7 2 16
34 561 10 1 5
34 663 6 1 4
34 720 5 4 364
35 65 4 2 15
35 551 5 3 61
35 689 8 2 28
36 12 2 5 386
36 34 9 1 7
36 48 9 1 4
36 257 5 7 97397
36 266 4 7 89712
36 288 3 5 1535
36 320 7 3 41
36 448 10 2 43
36 555 3 3 36
36 705 8 3 121
36 858 2 2 7
37 2 1 2 4
37 13 2 2 5
37 364 3 5 875
37 594 3 2 10
38 180 9 1 4
38 204 3 1 4
38 544 8 7 50766
39 3 4 3 84
39 48 1 3 10
39 520 1 7 5469
39 982 4 1 4
40 20 6 2 14
40 39 7 3 57
40 65 3 4 103
40 256 4 6 10191
40 512 2 2 10
40 528 10 2 42
40 605 5 5 2279
40 645 7 2 15
40 756 4 3 41
40 761 3 4 244
40 840 1 3 11
40 980 6 3 127
41 96 9 4 737
41 263 4 1 7
41 321 3 1 4
41 513 1 2 4
41 987 4 2 8
42 42 10 1 4
42 140 6 5 1164
42 329 4 7 20509
42 411 4 5 762
42 839 4 2 13
43 1 2 2 4
43 546 6 6 9273
44 12 9 1 4
44 47 9 2 24
44 430 4 1 4
44 524 8 5 1153
45 23 7 1 7
45 50 9 2 36
45 266 3 4 126
45 615 8 8 2120604
45 808 2 2 4
45 844 10 6 12087
46 57 9 3 155
47 80 10 3 56
48 67 2 2 8
48 168 4 2 16
48 176 8 1 10
48 193 6 1 7
48 198 3 2 10
48 226 4 1 4
48 646 1 4 90
48 708 4 1 4
48 789 3 3 27
48 843 1 2 3
49 4 2 6 2719
49 17 2 6 1851
49 313 3 8 171581
49 516 1 3 8
50 9 1 3 17
50 113 1 2 4
51 377 1 2 4
51 516 2 3 11
52 46 4 2 21
52 188 9 1 4
52 256 1 7 6713
52 285 6 3 43
52 390 6 6 8723
52 899 1 3 8
53 146 7 1 4
54 112 1 6 1694
54 718 7 4 711
55 278 8 1 4
56 89 3 2 7
56 267 3 4 76
56 472 6 3 38
56 544 4 6 10787
56 560 3 2 7
57 128 6 2 15
57 448 7 2 16
58 113 1 3 7
58 470 6 1 5
59 58 3 1 4
59 292 6 1 8
59 453 4 5 1990
59 583 4 2 13
60 3 3 3 16
60 112 4 1 3
60 948 9 1 7
61 644 4 1 5
61 648 5 3 82
62 612 5 2 11
64 1 2 2 7
64 26 7 1 4
64 41 5 1 4
64 192 1 4 69
64 194 4 2 15
64 197 3 1 4
64 203 9 1 8
64 272 5 6 5204
64 370 3 7 48143
64 465 10 1 4
64 481 5 2 11
64 514 1 7 34794
64 686 2 3 30
64 756 4 2 13
64 780 4 4 358
64 790 7 4 660
65 25 4 1 4
65 61 3 3 25
65 96 8 2 36
65 118 1 6 2067
65 218 2 8 123914
65 241 9 2 21
65 265 2 4 217
65 274 9 3 57
65 421 3 3 18
65 515 2 2 7
65 571 10 2 50
65 614 4 5 529
66 140 9 1 7
66 545 1 3 8
67 2 7 2 13
67 20 4 5 470
67 37 2 3 19
67 73 5 1 7
67 453 5 4 381
67 482 1 4 49
67 840 1 5 129
68 153 2 5 285
68 192 9 4 234
68 284 4 2 18
68 322 2 2 4
68 576 4 7 35295
69 138 1 6 695
69 529 3 4 281
69 572 8 2 19
69 768 5 1 7
70 109 8 1 4
70 212 6 2 15
70 431 1 2 4
70 608 9 2 20
70 646 10 5 2853
70 672 2 9 784451
71 1 8 2 36
71 264 1 7 10832
71 409 10 4 268
71 700 1 3 10
72 8 7 2 16
72 37 2 2 4
72 65 8 3 58
72 280 9 2 18
72 437 1 6 1285
72 533 2 2 4
72 961 2 4 207
73 640 1 6 2294
73 999 7 1 8
74 512 5 1 7
74 548 4 2 10
74 600 1 6 2298
74 768 3 2 13
74 1012 4 1 4
75 259 1 4 86
75 576 1 2 4
76 76 8 7 82051
76 133 3 1 4
76 262 6 3 110
76 855 10 1 13
77 256 7 6 6460
77 267 3 7 23650
77 450 6 5 2684
77 456 8 1 7
78 288 7 8 663383
78 517 2 5 346
78 784 8 1 7
78 919 5 1 4
79 165 6 1 4
80 0 5 1 7
80 51 7 1 7
80 82 5 1 4
80 132 8 9 5987074
80 211 10 2 52
80 528 10 1 7
80 677 1 3 7
80 920 3 5 1263
81 807 6 1 7
81 852 3 8 976625
82 280 6 3 108
82 283 5 3 32
83 115 8 2 16
83 124 7 1 4
83 304 6 5 2168
83 617 5 4 174
83 784 1 4 94
84 64 10 3 98
84 74 9 1 13
84 490 2 3 18
85 31 5 1 4
86 234 10 1 5
86 524 3 1 4
87 353 3 2 7
87 462 1 3 14
87 512 4 7 21608
87 515 1 3 8
88 330 1 2 4
88 782 3 3 34
89 2 1 8 161879
90 20 9 1 7
90 274 2 4 110
90 843 5 1 4
90 977 5 2 10
90 988 9 4 363
91 154 2 2 4
91 652 9 2 38
91 951 2 2 4
92 38 2 4 51
92 91 1 3 8
93 49 7 1 4
93 134 7 4 508
94 869 3 4 128
95 20 1 4 76
95 34 5 2 13
96 32 10 1 4
96 80 1 2 4
96 148 7 1 8
96 220 8 1 4
96 276 9 1 13
96 304 2 7 47876
96 321 2 6 2802
96 356 7 1 4
96 547 4 3 48
97 18 3 3 16
97 48 1 3 7
97 130 1 2 4
97 144 9 1 10
97 167 4 2 15
97 195 5 1 4
97 286 5 7 165021
97 473 8 3 155
97 525 2 3 28
98 14 6 6 18562
98 352 6 1 8
98 401 8 4 646
98 671 10 3 129
98 928 2 3 18
99 117 1 5 303
99 134 8 7 44095
99 249 8 2 16
100 128 2 7 63403
100 294 9 4 440
100 901 4 1 7
101 70 6 1 4
101 124 8 2 31
101 161 7 1 7
101 169 10 8 1437640
102 6 9 1 4
102 78 10 3 127
102 166 7 2 32
102 264 10 1 5
103 704 9 1 10
104 26 8 4 527
104 28 1 6 1292
104 48 2 2 4
104 64 1 8 198729
104 132 1 3 21
104 313 1 5 282
104 512 4 5 488
105 3 1 2 4
105 296 7 1 8
106 516 5 4 283
107 129 4 1 7
108 133 5 1 4
108 514 1 8 49326
108 825 1 2 4
111 12 2 2 7
112 0 10 7 89003
112 1 2 3 28
112 3 5 6 5841
112 28 8 7 60675
112 84 7 1 11
112 107 9 1 4
112 165 6 6 5257
112 776 10 7 56838
114 68 10 5 1938
114 416 10 1 4
114 452 4 1 4
114 497 1 3 13
114 872 3 1 4
116 33 7 4 690
117 803 2 8 135881
118 565 3 1 4
119 446 2 5 412
119 836 2 8 336906
120 0 2 2 4
120 76 7 4 189
121 536 7 6 25730
122 24 10 1 4
122 80 8 7 91743
122 185 5 4 425
122 294 10 1 7
123 600 6 3 69
124 304 4 1 4
124 348 7 1 4
125 268 5 3 102
128 1 1 3 7
128 10 5 3 43
128 58 6 2 31
128 134 5 1 4
128 200 4 1 7
128 208 2 2 5
128 362 7 2 31
128 375 6 9 6975959
128 376 6 1 7
128 453 3 3 16
128 770 4 3 83
128 806 9 2 40
129 0 6 1 4
129 10 9 4 326
129 37 5 4 265
129 39 5 5 1667
129 163 3 6 3397
129 584 8 2 21
129 707 5 1 4
130 78 9 3 69
130 272 1 4 58
130 273 3 2 9
130 368 10 5 1291
130 520 8 2 15
130 528 6 3 58
130 532 2 2 10
130 540 3 1 4
130 675 3 1 4
130 772 10 1 4
130 980 5 3 87
131 581 4 2 13
132 6 9 3 154
132 17 3 4 78
132 94 2 3 19
132 137 5 1 4
132 372 2 4 87
132 516 6 2 19
132 713 9 2 37
132 916 2 2 4
133 23 7 2 22
133 138 2 5 282
133 614 1 4 44
134 67 2 5 377
134 84 3 3 16
134 208 5 9 2293256
134 224 1 2 4
134 377 6 2 19
134 390 6 1 4
134 768 6 5 1085
135 258 8 5 3685
135 544 8 1 5
136 21 6 1 10
136 39 6 3 65
136 81 3 2 8
136 160 3 1 4
136 482 9 2 19
136 610 9 1 8
136 657 7 1 4
136 684 5 3 45
136 831 1 3 7
137 148 3 7 24149
137 256 3 2 7
137 259 4 2 14
137 325 4 4 106
137 678 8 4 378
137 778 4 2 14
138 266 4 5 1536
138 415 6 1 10
138 590 3 9 1982914
138 902 7 1 4
139 426 1 3 7
139 865 6 3 33
140 72 4 3 36
140 135 10 1 10
140 143 2 9 863505
140 168 2 5 1081
140 464 10 5 1236
140 724 4 6 13517
140 776 4 2 10
141 2 10 2 23
141 521 4 7 30957
142 641 5 1 7
143 116 1 7 38840
143 144 6 7 199122
143 187 7 2 13
143 286 4 2 10
143 642 7 3 40
144 18 7 1 12
144 68 10 1 10
144 248 4 1 4
144 257 7 2 15
144 433 5 6 4403
144 520 10 1 4
144 800 5 7 161194
145 1 2 2 4
145 2 1 5 303
145 94 6 1 7
145 184 1 2 4
145 216 7 1 10
145 392 5 1 7
145 513 6 1 4
145 576 8 3 49
146 69 4 1 4
146 146 7 1 4
146 396 9 2 33
146 910 5 6 4965
147 513 9 1 4
147 522 7 1 5
148 1 1 2 5
148 24 1 6 1409
148 130 9 4 853
148 139 6 1 7
148 146 4 8 414018
148 278 2 9 4363920
148 464 1 5 401
148 515 2 3 13
148 912 3 1 4
149 20 9 3 106
149 633 10 5 3613
149 649 5 6 15646
150 141 6 1 7
150 160 2 2 7
150 656 9 1 11
151 102 9 1 4
151 132 7 1 7
151 207 5 1 4
151 250 9 1 4
153 26 3 5 805
153 151 9 3 166
153 171 10 2 24
153 592 1 6 3076
153 598 4 2 20
153 833 1 4 109
153 961 2 3 29
156 54 9 1 4
156 133 3 3 41
156 521 4 1 7
156 814 10 1 14
157 404 4 1 4
159 526 2 5 374
160 34 7 5 1152
160 81 6 1 4
160 644 8 1 7
160 801 8 5 1399
161 326 10 1 4
161 376 6 3 44
161 717 10 2 43
161 898 10 1 4
162 160 9 4 272
162 290 1 3 8
162 306 9 1 4
163 227 6 2 18
163 361 5 1 5
163 601 4 2 11
164 87 2 2 7
164 217 5 1 5
164 264 7 1 10
164 280 7 2 24
164 329 7 1 7
164 636 2 5 427
164 646 3 4 167
165 141 3 4 174
167 104 10 1 4
167 289 8 7 62867
167 384 10 1 15
167 456 9 1 13
167 712 7 1 4
168 8 3 3 32
168 52 8 1 4
168 67 6 2 23
168 68 1 7 10317
168 98 2 3 21
168 480 9 1 4
169 25 8 1 4
169 72 4 1 4
169 351 3 2 7
169 514 2 7 11183
171 144 4 3 31
171 810 8 5 3431
172 569 3 3 44
172 664 6 1 7
173 261 9 2 26
174 493 7 10 541334501
174 582 5 2 21
175 863 9 5 2161
176 32 9 1 13
176 137 9 4 211
176 270 6 2 12
176 273 5 1 4
176 824 5 1 4
176 864 4 3 74
176 932 9 3 50
177 128 9 1 4
177 280 6 1 4
177 744 5 1 7
178 100 4 2 8
178 144 4 1 4
178 580 4 1 4
178 797 6 3 36
179 429 10 5 1269
180 600 6 1 5
180 973 9 1 10
181 97 4 2 15
181 331 4 2 19
181 964 4 1 5
182 672 6 1 4
182 728 4 5 782
184 141 6 4 186
184 161 8 2 36
184 664 4 1 5
185 5 1 5 648
185 42 6 2 31
185 391 8 8 508346
186 272 8 2 19
186 582 7 4 379
188 4 7 1 7
188 199 1 3 21
192 43 9 1 7
192 52 3 2 13
192 177 7 3 125
192 392 10 1 4
192 524 6 1 7
192 536 8 4 253
192 713 4 1 4
192 898 7 2 35
192 904 2 2 10
192 999 6 10 489287866
193 8 9 2 35
193 120 3 2 10
193 162 7 3 118
193 375 10 1 13
193 718 7 1 4
193 775 2 6 1415
194 321 3 3 65
194 592 1 2 4
194 677 8 3 56
196 81 2 2 4
196 286 1 2 4
196 377 5 1 4
197 61 10 1 4
197 100 2 3 14
197 297 9 3 187
197 592 6 2 30
197 611 6 2 29
197 769 2 7 51845
198 196 1 2 4
198 812 6 1 4
200 445 3 8 164097
200 577 2 3 16
202 11 6 4 175
203 654 2 3 21
204 6 8 1 4
204 520 10 1 10
205 457 1 6 1363
206 80 3 1 4
206 530 7 1 7
208 12 7 4 306
208 14 2 3 11
208 88 9 3 85
208 534 4 8 350388
209 55 6 1 4
209 513 9 2 18
209 564 7 1 4
210 882 4 3 66
212 34 4 3 27
212 69 6 1 7
212 112 5 1 4
212 262 2 7 65199
212 285 4 2 13
212 673 4 2 21
216 66 2 2 8
216 792 4 2 16
217 923 1 2 4
218 86 3 2 13
219 389 10 3 133
220 176 3 7 61235
222 532 8 1 4
225 257 2 6 1524
225 316 1 3 10
225 948 7 2 26
226 157 8 3 125
227 336 3 4 117
227 592 9 1 4
227 838 10 1 10
228 294 10 6 25533
230 9 1 5 146
231 261 10 2 26
231 290 5 3 48
232 5 3 3 19
232 65 9 3 73
232 80 4 5 1386
232 130 5 1 8
232 480 7 5 1006
233 212 1 2 4
233 973 10 1 7
234 917 10 1 4
235 281 4 1 4
235 645 8 4 414
237 91 8 1 4
238 620 5 6 21311
239 370 7 6 25510
239 560 2 4 61
240 799 8 1 4
240 914 7 4 400
241 206 2 2 7
241 245 8 1 8
244 33 1 2 5
244 356 7 2 30
244 932 7 8 727400
245 705 1 5 344
246 64 7 4 450
248 557 7 2 13
248 902 9 2 34
250 46 7 1 4
253 636 5 1 7
256 4 6 3 77
256 5 5 1 4
256 68 4 1 7
256 69 6 1 4
256 97 7 1 8
256 212 2 2 10
256 243 1 4 55
256 416 3 2 7
256 512 8 2 34
256 522 1 5 168
256 616 1 7 30906
256 705 1 3 7
256 764 9 4 415
256 772 9 6 6812
256 804 3 3 22
256 963 5 4 113
256 992 6 7 31125
257 0 7 2 30
257 268 2 5 322
257 272 10 2 19
257 544 2 4 66
257 680 1 5 648
257 806 7 3 101
257 912 9 4 252
257 920 3 3 22
258 34 10 3 54
258 36 7 1 10
258 265 6 1 4
258 673 10 1 10
258 810 1 7 9307
259 7 9 1 4
259 100 8 4 367
259 165 4 2 8
259 226 9 2 18
259 532 9 2 42
260 131 6 1 8
260 256 4 3 22
260 295 5 4 253
260 545 7 1 7
260 678 6 5 1375
260 978 10 4 672
261 8 7 2 27
261 67 10 2 30
261 72 7 1 12
261 356 3 3 28
261 672 4 4 206
261 995 8 1 4
262 32 2 6 3579
262 134 3 3 53
262 193 8 2 30
262 256 2 2 4
262 906 7 4 317
262 1013 4 3 27
264 1 1 2 4
264 296 9 1 7
264 320 7 3 50
264 568 10 1 7
265 264 1 7 26940
265 632 1 3 21
266 56 4 6 8284
266 242 9 1 10
266 272 7 1 8
266 326 10 1 4
266 336 2 5 966
266 504 5 3 48
267 523 1 2 4
268 12 10 1 8
268 34 8 3 59
268 177 1 2 4
268 512 8 1 4
268 524 3 1 4
268 577 7 4 377
269 444 7 3 77
269 640 7 2 22
270 73 7 1 5
270 532 4 5 575
270 642 6 2 22
272 41 8 3 145
272 162 7 1 4
272 208 2 2 4
272 234 3 6 5446
272 259 1 3 7
272 280 8 2 27
272 378 1 2 4
272 520 3 5 418
272 554 1 3 15
272 684 2 2 4
273 47 7 1 4
273 581 3 5 1077
273 693 7 4 603
273 809 6 3 36
273 903 8 1 10
274 98 8 2 37
274 334 2 3 21
275 4 7 1 7
275 16 6 4 290
275 116 7 1 10
275 133 6 2 27
275 401 7 4 379
275 485 5 4 231
276 392 4 4 110
276 538 10 2 18
276 628 2 3 11
276 661 9 1 7
277 8 3 3 42
277 27 6 1 4
277 128 7 1 4
277 385 9 2 38
278 258 2 4 62
279 18 6 1 4
279 901 2 2 4
280 36 10 3 192
280 82 3 8 129704
280 674 7 2 25
281 101 8 4 190
282 136 3 1 4
282 576 6 6 8255
282 717 9 2 19
282 787 3 5 348
283 514 8 4 682
284 835 4 4 414
285 104 4 1 4
286 624 7 2 24
286 832 2 2 7
287 448 8 7 89522
288 47 9 5 5065
288 132 4 4 91
288 224 2 6 3032
288 292 10 4 803
288 341 4 4 444
289 60 6 4 319
289 156 2 3 19
289 345 4 1 7
289 468 10 1 13
289 472 2 3 42
289 648 9 1 4
289 753 8 2 21
290 0 4 3 32
290 258 7 1 10
291 32 2 4 155
291 768 3 4 99
291 967 10 4 292
292 7 6 2 23
292 19 3 3 19
292 134 6 1 7
292 162 3 3 38
292 593 1 3 11
293 256 5 1 7
293 960 7 3 63
294 27 3 1 4
294 742 6 1 4
296 57 1 6 2039
296 84 10 1 10
296 131 9 1 12
296 231 5 3 51
296 260 2 5 836
296 336 5 3 27
296 409 3 2 7
296 516 10 2 33
297 167 6 1 4
297 325 5 4 464
297 389 9 4 564
297 544 1 2 4
298 800 3 5 411
299 78 1 3 7
300 29 8 5 4008
300 140 2 4 111
301 274 1 4 52
301 777 2 3 40
303 292 4 5 903
304 6 1 5 446
304 8 3 1 4
304 42 5 1 4
304 63 1 3 10
304 106 1 4 73
304 212 1 3 7
304 258 9 1 4
304 292 8 1 3
305 11 9 4 506
305 34 1 2 5
305 163 6 8 1876443
305 576 7 1 4
306 36 2 2 5
306 550 7 1 7
306 918 6 1 4
307 514 7 1 4
308 583 7 2 32
308 692 3 7 14832
308 832 7 4 748
308 848 5 1 7
309 77 4 1 4
309 774 3 6 10560
310 44 9 3 73
310 936 9 1 4
312 514 1 2 4
314 109 7 3 75
314 156 8 1 7
314 376 5 3 71
314 518 7 1 4
315 739 1 5 130
316 452 3 5 707
318 532 4 2 19
318 914 9 1 4
320 29 1 4 54
320 315 2 3 27
320 407 7 2 18
320 428 8 3 93
320 641 3 3 50
321 4 1 2 4
321 262 10 1 14
321 768 9 8 1842510
321 834 1 4 83
321 1008 3 1 4
322 0 2 2 4
322 80 7 8 2292406
322 272 9 4 620
322 416 4 4 380
322 899 6 4 477
322 902 4 2 16
323 360 6 4 395
323 515 5 1 4
324 106 9 1 5
324 167 10 3 82
324 179 5 1 5
324 200 10 7 158026
324 513 2 3 27
324 530 5 4 377
325 6 9 1 4
325 74 3 7 118340
325 145 2 3 18
325 192 7 2 30
326 16 1 2 4
326 32 9 2 42
326 116 4 1 7
326 280 6 4 265
327 675 2 2 10
327 698 4 2 8
328 45 4 1 4
328 853 6 4 401
329 35 6 1 7
329 258 8 4 742
330 8 10 6 26677
330 204 8 2 35
332 456 3 6 4217
334 265 2 2 4
335 83 4 1 4
335 391 8 1 5
336 18 5 9 2890237
336 100 8 1 10
336 576 9 1 15
336 632 2 4 215
337 352 5 9 4339495
337 768 9 6 6545
337 833 4 2 8
338 33 3 7 38825
338 160 3 5 646
338 169 7 5 1058
339 42 6 1 7
340 0 7 2 22
340 106 2 2 7
341 576 9 6 16123
342 15 2 3 34
342 168 5 3 29
342 536 8 1 10
343 475 5 3 95
344 676 6 2 13
345 32 1 3 8
345 992 9 2 30
346 11 8 6 10454
346 89 1 3 7
347 11 10 2 28
347 149 1 4 42
347 296 7 1 4
348 128 10 1 5
349 12 7 2 13
352 419 10 8 2126664
352 514 1 2 4
352 680 6 3 52
352 794 8 1 10
352 860 4 7 34072
353 138 10 6 14466
353 389 4 5 1764
353 684 10 1 7
354 25 3 2 11
354 30 6 2 26
354 288 10 2 31
354 836 10 2 26
354 969 4 5 2060
355 134 4 7 93327
355 634 4 5 652
356 800 10 2 18
358 3 9 1 7
358 197 6 4 172
360 732 1 3 10
361 266 9 1 10
361 316 3 2 13
362 34 5 4 206
363 162 7 2 14
363 424 2 3 16
364 740 10 1 4
366 657 1 6 1004
368 49 3 4 67
368 738 4 1 4
368 925 8 5 5301
371 112 2 2 4
371 705 3 1 4
372 352 7 4 345
375 77 4 1 7
376 193 5 2 13
379 333 6 1 8
380 339 10 10 634582666
381 531 8 4 206
382 562 6 2 30
384 5 4 3 63
384 156 9 4 301
384 168 5 1 4
384 332 10 3 218
384 423 7 2 37
384 457 4 1 7
384 481 2 2 4
384 531 7 7 213209
384 571 7 2 30
384 597 2 4 106
384 692 10 1 11
384 841 10 7 232720
384 962 10 2 32
385 2 2 2 5
385 75 10 5 2979
385 213 9 1 4
385 214 4 7 44896
385 563 4 1 4
386 73 4 2 21
386 158 3 7 16197
386 160 8 2 21
386 206 10 1 10
386 275 8 2 31
386 846 3 1 4
386 912 3 1 4
387 147 5 4 210
387 297 2 7 20323
387 545 6 1 4
387 1016 2 4 49
388 332 3 3 59
389 596 4 7 44098
390 566 8 6 21250
391 8 4 1 7
391 800 5 5 1658
392 38 7 1 8
392 336 5 7 39012
392 553 8 1 10
393 461 1 6 1725
394 80 7 2 34
394 211 7 7 118149
394 590 8 1 5
395 4 4 5 973
395 647 5 3 32
396 6 10 3 57
396 454 9 2 18
396 536 1 3 20
396 546 3 6 3086
396 915 6 4 459
396 960 8 1 4
397 132 6 1 4
397 305 2 2 5
397 518 8 1 4
398 943 8 1 5
399 9 10 2 24
400 10 7 6 5851
400 21 10 2 18
400 144 1 4 97
400 712 1 2 4
401 16 10 5 4298
401 58 4 6 5372
401 284 7 6 20954
401 673 3 10 15896609
401 932 7 4 177
402 68 4 1 5
402 80 6 2 16
402 769 2 3 24
403 98 5 9 3778000
405 160 5 4 475
406 677 7 1 7
406 928 9 4 310
407 591 4 4 186
408 66 5 9 1960027
408 405 3 4 67
408 576 2 2 4
409 66 3 7 20544
409 105 1 3 21
409 417 9 1 4
409 888 1 6 3950
410 520 1 4 57
411 20 7 1 7
412 6 3 3 41
413 640 4 2 12
414 932 7 6 14437
416 279 10 3 166
416 292 3 6 9479
416 531 2 2 7
416 832 1 3 22
417 577 7 1 7
418 16 6 3 74
419 7 1 10 8464460
419 62 5 1 8
419 844 4 2 13
420 32 8 1 4
420 288 6 6 19745
420 424 10 1 7
420 538 9 1 15
420 545 4 5 2476
421 400 1 3 13
422 736 10 3 84
423 384 5 5 684
423 651 3 2 7
424 481 7 3 106
425 161 6 8 1016064
425 746 2 6 8983
425 776 1 3 11
426 644 2 2 4
427 580 4 3 64
428 32 2 2 5
428 194 1 6 948
428 620 6 1 7
428 880 5 2 15
430 8 8 4 280
430 68 1 3 18
430 203 9 6 7288
433 24 3 2 7
433 398 1 6 882
434 734 2 4 62
436 597 2 5 954
436 641 6 3 45
441 21 7 3 74
442 146 8 1 14
442 691 7 1 4
444 769 7 4 191
444 801 8 2 27
448 513 8 2 27
449 321 4 7 77417
450 450 1 3 15
452 48 3 3 24
452 136 10 4 1034
452 512 2 2 7
452 513 9 1 7
453 368 8 1 4
453 661 3 2 8
454 9 6 3 62
454 437 1 6 1711
454 634 2 2 10
454 782 5 4 170
455 640 6 3 119
456 105 2 4 56
456 367 4 1 4
456 376 7 2 21
456 774 9 1 7
458 101 1 3 10
460 197 3 3 38
460 462 6 1 4
460 566 10 1 4
461 625 6 1 7
461 901 3 4 164
462 516 9 2 19
462 641 6 1 4
463 916 1 6 4769
464 265 6 1 10
464 928 10 2 25
465 531 6 3 78
465 761 8 1 11
465 902 5 9 1826351
467 211 6 3 41
467 300 5 3 101
473 6 4 3 33
473 600 5 3 35
473 800 9 1 4
476 775 1 3 21
480 0 10 1 4
480 731 4 1 4
480 928 4 4 105
481 288 7 1 10
481 416 3 4 330
482 64 2 2 4
482 208 1 3 10
482 285 8 2 29
483 276 7 1 11
484 841 3 1 4
485 134 5 1 4
488 3 5 1 5
488 269 8 1 4
489 64 9 1 7
491 112 9 1 11
496 433 7 1 5
496 978 6 4 239
501 519 2 8 205734
504 267 2 3 13
505 332 5 8 1137039
506 706 5 3 32
512 1 9 3 58
512 36 4 1 7
512 52 9 1 4
512 65 9 3 61
512 96 10 1 14
512 153 2 5 724
512 173 8 1 4
512 266 10 1 4
512 438 9 5 1123
512 453 4 1 4
512 514 1 2 4
512 522 6 4 172
512 685 4 2 20
512 936 5 2 18
513 5 9 4 409
513 42 10 1 7
513 47 5 1 7
513 100 9 2 24
513 304 3 7 38151
513 315 6 3 118
513 340 10 4 244
513 548 8 1 4
513 640 5 1 7
513 644 9 7 53097
514 4 9 1 7
514 11 4 3 38
514 36 1 2 4
514 401 10 1 7
514 452 2 3 15
514 522 9 1 4
514 572 3 3 21
515 93 3 3 31
515 157 10 1 16
515 273 9 7 316719
515 598 9 3 161
516 33 2 5 271
516 69 6 3 38
516 72 2 5 514
516 357 9 4 670
516 442 6 7 68424
516 555 3 2 13
516 582 6 3 66
516 605 8 2 32
516 779 6 2 23
516 785 7 1 5
517 0 10 5 1614
517 3 10 1 4
517 8 5 7 90434
517 177 9 10 3648944498
517 281 2 3 35
517 525 2 5 286
517 534 6 3 44
517 672 8 1 4
517 676 3 6 5374
517 768 9 3 173
518 41 9 1 10
518 66 4 1 4
518 517 7 1 4
519 944 9 1 4
519 967 10 1 7
520 9 10 1 4
520 94 9 3 182
520 164 2 8 363250
520 328 10 2 25
520 436 5 3 28
520 812 9 4 921
520 896 7 1 8
521 81 7 2 13
521 131 8 2 24
521 229 9 7 44693
521 450 10 6 19216
521 546 2 2 7
521 560 2 2 7
522 1 8 1 4
522 234 7 4 251
522 549 6 1 4
522 652 1 4 27
523 650 5 3 72
524 173 8 1 4
525 134 3 3 18
525 820 9 1 7
526 776 10 1 4
527 36 3 2 8
527 713 9 1 10
528 10 3 1 4
528 33 7 1 8
528 36 7 9 12483197
528 97 10 1 4
528 144 4 2 17
528 156 8 1 7
528 171 2 5 1213
528 512 1 5 144
528 580 2 5 364
528 582 8 1 7
528 611 4 6 19509
528 720 6 5 1095
528 801 7 1 10
529 16 5 2 13
529 260 10 2 21
529 423 2 3 15
529 520 2 4 66
529 737 4 1 5
529 836 3 4 151
530 86 6 3 77
530 132 3 3 35
530 278 8 2 39
530 325 7 9 6723354
530 522 5 1 7
530 696 3 1 4
532 134 2 3 29
532 292 7 4 300
533 5 7 1 4
533 37 7 1 10
533 787 7 1 7
534 6 9 1 4
534 786 9 1 4
534 928 8 2 33
535 10 10 4 669
536 244 6 3 77
536 412 7 1 7
536 687 6 5 3945
536 902 1 3 11
537 99 6 2 13
537 138 7 1 7
537 478 9 2 16
538 84 1 9 586747
538 820 6 1 5
540 256 5 1 5
541 344 8 2 27
544 6 4 4 357
544 24 8 4 217
544 151 8 2 41
544 160 8 2 24
544 401 7 3 73
544 416 7 8 609315
544 429 3 1 4
544 536 6 1 7
544 542 10 2 34
544 551 4 1 7
544 597 8 1 11
544 718 9 4 437
545 209 4 1 4
545 226 6 1 5
545 520 4 1 4
545 743 10 1 17
545 914 6 5 949
546 2 9 1 5
546 263 8 1 4
546 900 5 7 142680
547 265 3 4 111
547 427 4 3 41
547 577 7 1 12
548 141 2 2 5
548 512 7 2 16
548 577 8 1 7
549 68 4 4 133
549 97 8 1 7
549 146 6 6 6489
549 530 10 2 37
550 36 1 4 36
550 649 3 3 38
550 800 5 1 7
551 4 3 1 4
551 40 1 3 7
551 89 5 1 4
552 136 9 5 2650
552 640 9 1 4
552 656 5 3 62
552 932 1 3 8
553 36 8 2 22
553 102 6 7 42731
553 933 2 4 50
554 4 6 3 86
554 137 4 1 4
554 296 5 1 4
555 52 6 6 14679
555 418 10 1 4
556 409 2 5 621
557 6 2 2 4
557 15 1 2 4
557 400 4 5 571
557 512 6 1 4
557 557 8 6 33846
557 770 6 1 7
559 557 7 1 4
560 18 9 5 2623
560 32 8 2 36
560 96 5 1 4
560 104 9 4 353
560 168 8 1 4
560 354 8 1 4
561 10 9 6 12278
561 444 3 2 10
561 521 5 3 41
561 786 1 3 7
562 162 6 1 4
562 977 10 4 687
562 992 6 7 38652
563 20 8 4 177
563 410 3 1 4
564 656 9 2 32
564 659 8 3 107
565 105 4 1 4
566 44 2 2 4
566 132 1 2 5
567 793 1 2 4
569 385 1 7 6022
569 522 3 3 17
571 100 3 5 1255
571 457 9 1 11
572 36 3 4 69
572 64 4 3 52
572 257 1 3 8
572 370 6 6 13513
572 777 5 6 4622
573 886 3 2 13
574 18 7 3 118
574 533 1 3 8
574 696 1 4 23
576 4 8 7 128129
576 5 9 1 7
576 76 10 1 4
576 133 6 4 539
576 172 5 2 11
576 228 8 6 7288
576 547 7 2 13
576 607 2 5 662
577 72 4 4 163
577 222 2 2 7
577 292 2 4 95
577 401 7 1 4
577 577 6 2 11
577 661 8 1 4
577 997 3 2 13
578 26 10 3 109
578 96 7 1 7
578 120 10 3 108
578 136 3 3 52
578 554 3 1 4
578 572 6 1 4
579 136 3 3 44
579 621 5 2 17
580 64 4 1 4
580 507 2 2 7
580 528 3 4 94
580 598 6 2 13
581 645 4 3 22
583 129 8 1 7
584 432 7 3 40
585 208 1 3 10
585 217 10 1 7
585 354 1 5 335
585 389 4 1 7
586 64 10 1 13
586 658 10 2 49
587 608 4 1 7
588 784 9 3 55
590 276 2 5 385
590 520 4 2 10
590 788 7 2 22
591 147 7 4 223
592 2 7 2 22
592 4 2 5 746
592 148 7 3 74
592 322 7 3 44
592 528 6 9 13099329
592 585 10 3 171
593 429 9 5 2459
595 557 3 3 30
596 11 7 1 11
596 33 4 1 4
596 91 10 1 5
599 92 6 3 37
599 176 8 1 4
599 569 8 1 4
600 68 9 1 4
600 115 6 1 9
600 562 10 2 35
600 573 2 3 13
600 575 6 8 446516
601 335 2 5 671
601 431 6 5 2907
602 480 1 3 8
604 913 2 2 4
606 281 2 6 4648
606 807 3 3 21
607 288 1 6 1591
607 393 6 4 180
608 176 7 6 5570
608 185 10 3 86
608 522 6 4 374
608 576 4 1 4
608 648 8 1 4
609 28 9 1 5
609 210 4 2 10
609 225 8 4 224
609 526 2 5 544
609 768 2 2 8
611 125 2 2 4
612 170 2 8 101092
612 534 2 2 10
613 840 1 3 7
614 936 6 7 130659
616 806 7 5 2290
617 374 4 1 4
617 908 9 1 4
618 70 9 6 24508
618 1004 10 1 7
619 140 2 2 4
619 231 5 6 11879
621 293 10 1 4
623 1000 4 1 5
624 579 1 6 889
625 5 5 5 2593
625 261 6 1 5
625 530 3 3 40
626 8 4 6 2820
626 104 8 7 46967
626 114 8 3 67
626 528 9 4 215
626 608 1 3 13
627 3 3 1 4
627 418 5 2 13
627 769 1 4 38
627 977 9 1 13
628 76 6 1 4
631 24 2 5 257
633 812 5 1 4
635 546 4 4 123
637 73 9 1 4
640 4 5 1 5
640 6 3 1 4
640 16 10 1 4
640 160 2 2 4
640 181 10 1 10
640 246 8 1 4
640 258 7 3 132
640 369 8 2 19
640 421 7 3 66
640 525 1 5 435
640 659 7 1 7
640 732 7 1 7
640 938 4 2 14
640 952 4 6 14276
641 192 2 3 21
642 512 4 2 10
642 562 8 5 1609
643 73 1 3 10
643 775 7 2 16
644 48 9 1 7
644 387 7 1 4
644 660 7 1 7
644 769 9 1 10
645 4 9 3 51
645 25 9 2 35
645 548 4 6 7449
645 963 9 1 4
646 289 9 1 5
648 76 4 2 8
648 98 8 1 4
648 210 3 3 37
648 301 5 1 4
648 369 9 2 26
648 512 6 1 7
648 694 3 1 4
648 769 7 1 8
649 4 6 1 8
650 108 6 5 2779
650 216 2 2 4
650 953 4 4 104
651 290 2 3 42
652 594 3 2 7
654 565 1 2 4
655 384 7 1 4
655 761 5 6 15085
656 3 5 1 4
656 278 10 1 4
656 370 7 1 7
658 10 2 3 14
658 226 7 2 24
658 640 8 2 22
660 36 7 2 23
660 52 9 1 4
661 244 7 3 130
661 608 10 4 465
662 374 4 4 202
664 16 9 1 4
664 781 7 1 4
665 3 3 3 16
665 260 10 3 57
666 66 3 3 29
667 587 8 1 8
668 163 1 6 4115
668 464 5 3 58
668 749 5 7 24931
670 515 5 1 4
672 1 4 2 16
672 514 3 5 1071
672 608 8 1 13
672 717 8 2 24
673 656 10 1 7
674 259 8 5 3473
674 401 9 1 4
674 672 1 3 11
675 257 6 3 55
675 470 5 7 63181
676 52 3 2 7
677 121 8 4 258
677 641 10 2 35
678 237 4 5 563
679 556 8 1 10
680 20 9 1 7
680 39 3 2 8
680 105 6 1 4
680 450 6 1 8
680 540 4 1 4
681 6 7 7 41827
681 33 3 3 32
682 14 10 1 5
683 278 5 2 13
684 1008 7 1 4
686 426 2 5 974
686 593 2 3 16
688 385 10 1 4
689 80 5 4 516
692 260 9 3 164
692 914 6 1 8
693 522 3 6 9234
694 6 7 3 60
694 931 6 3 45
694 976 3 3 19
695 517 7 1 10
695 585 1 3 7
697 710 2 3 31
700 18 7 2 22
700 864 5 4 237
704 34 10 1 4
704 76 1 2 4
704 135 2 5 1050
704 292 6 4 318
704 370 1 3 16
704 514 8 3 57
705 596 8 9 3889862
706 17 8 2 36
706 161 1 2 4
706 460 9 1 4
708 108 6 1 4
709 325 9 5 1329
709 354 3 2 15
709 644 5 1 4
709 843 7 1 4
711 19 7 2 17
712 35 4 5 969
712 141 9 1 7
712 283 5 5 1059
712 294 2 6 1485
712 862 7 3 49
713 837 7 3 51
716 98 6 7 53936
716 339 5 6 3587
716 649 1 4 54
716 842 9 3 160
719 512 6 3 42
720 7 9 2 21
720 144 4 4 89
720 803 7 1 10
721 0 9 1 12
721 104 6 3 56
721 170 10 1 10
721 323 8 6 25489
722 82 1 6 2754
722 100 6 1 4
722 146 6 3 64
722 393 8 1 4
723 142 10 1 7
724 20 5 2 24
724 596 8 4 547
725 44 5 1 4
725 65 1 6 741
726 322 3 6 5837
727 200 5 1 4
728 350 1 8 105325
728 712 4 1 7
732 834 1 6 2532
736 24 7 1 7
737 25 3 1 4
737 64 3 2 7
737 288 7 4 288
737 610 4 7 37957
738 970 3 5 946
740 235 1 2 4
740 801 8 3 107
741 45 3 4 112
741 260 5 2 10
742 97 10 7 63991
743 787 6 2 12
744 280 3 1 4
744 762 9 1 13
751 506 3 8 338927
752 494 10 1 7
752 786 3 1 4
754 32 3 1 4
760 40 2 2 4
760 220 7 5 1380
760 300 2 4 72
761 435 6 6 10419
763 668 10 2 44
768 226 10 1 4
768 502 9 1 4
768 608 4 1 5
768 666 9 2 38
768 736 7 1 7
768 738 10 1 4
768 926 4 1 4
769 34 2 2 4
769 350 5 1 4
769 640 10 3 88
769 773 8 1 8
770 211 3 8 401219
770 256 7 2 13
770 515 2 2 4
770 663 9 1 4
771 128 1 3 10
772 0 1 2 4
772 32 7 2 18
772 130 3 3 16
774 8 7 1 12
774 936 8 6 6092
775 48 5 1 7
775 921 5 6 6190
776 101 2 2 8
776 155 6 1 4
776 586 4 5 1925
776 697 2 3 16
777 6 1 10 12975319
777 84 1 8 191115
777 200 8 2 16
777 318 8 1 10
777 539 3 3 56
777 554 1 8 272044
777 608 9 1 4
777 641 5 5 1143
778 330 8 1 7
778 389 6 6 5401
780 14 7 2 22
780 193 10 1 13
780 552 1 3 10
780 707 6 1 7
781 222 5 6 13537
781 496 2 3 21
782 226 5 1 4
782 405 10 2 30
784 1 3 7 16831
784 514 10 1 8
784 549 3 5 1610
784 604 3 4 138
784 634 10 3 213
784 841 4 1 7
785 45 4 10 24475762
785 257 5 4 341
786 521 2 2 10
786 576 1 6 1680
786 914 4 7 24016
787 199 10 2 21
788 332 4 2 10
792 274 2 2 4
792 594 5 5 2168
793 52 9 4 846
793 498 10 1 7
793 628 3 6 12495
795 422 2 3 20
798 776 7 1 10
800 45 8 1 11
800 97 7 1 7
800 824 6 5 785
801 34 3 3 42
801 312 5 1 5
801 592 4 5 1080
802 660 10 1 4
802 769 2 3 41
803 512 3 1 4
804 0 7 1 11
804 104 6 1 4
804 337 9 1 7
804 779 8 1 4
805 387 6 1 7
805 781 1 4 42
806 43 3 5 2066
806 134 5 7 44108
806 232 3 4 76
806 480 7 3 42
808 302 4 1 4
808 526 5 1 8
808 777 6 4 145
808 937 3 2 15
810 17 9 1 13
810 394 1 2 4
810 416 2 4 69
812 778 6 1 4
814 161 2 4 71
814 264 3 6 9794
814 523 9 4 641
814 905 5 3 60
816 18 9 3 101
816 24 10 1 4
817 784 8 1 7
819 69 10 7 178785
819 538 1 2 4
821 236 7 1 8
822 211 9 1 7
828 592 10 6 10430
830 356 7 1 4
832 16 1 7 13418
832 21 8 4 335
832 281 2 2 4
832 304 7 10 40356098
832 427 1 4 34
832 548 7 1 4
833 147 2 2 7
833 999 4 7 123113
834 0 4 8 220551
834 32 6 4 217
834 912 9 1 4
835 264 5 1 4
835 392 3 6 12624
835 583 9 1 5
836 86 10 1 8
836 485 4 2 11
838 785 7 7 94576
839 21 6 3 50
840 96 7 1 7
840 106 1 2 4
840 545 8 1 14
840 800 8 1 12
841 32 10 2 30
841 370 8 6 5572
842 200 9 4 716
844 584 8 1 7
845 624 5 2 25
848 90 1 3 10
848 391 10 1 8
848 899 8 5 2169
849 792 10 1 4
850 308 5 1 4
850 776 1 3 8
851 195 5 4 128
852 2 2 2 7
852 72 4 1 4
852 824 3 3 20
856 256 7 1 4
856 866 8 4 327
857 42 6 3 50
863 516 5 1 5
864 23 1 3 8
864 786 2 5 737
867 998 3 1 4
868 332 1 4 65
870 6 1 3 15
871 264 1 6 1134
872 32 9 2 32
872 50 10 3 114
872 165 6 3 32
873 9 10 3 179
874 360 10 6 7878
875 164 6 2 30
882 778 5 3 104
884 802 6 2 19
894 392 5 4 206
896 330 8 4 313
896 868 3 3 30
897 39 10 2 40
897 115 5 1 7
897 1002 2 2 8
898 336 2 7 19181
898 699 8 6 27846
899 736 3 3 30
900 4 7 2 14
900 162 8 1 7
900 313 5 4 112
902 131 3 8 708187
902 420 1 5 132
903 339 7 5 1444
904 112 2 3 37
904 231 6 1 4
904 888 8 1 4
904 929 4 3 50
905 12 8 1 4
905 196 4 1 4
905 248 2 2 10
905 540 1 6 934
905 572 10 7 88922
906 194 10 1 7
906 210 1 9 1598003
906 328 2 3 13
907 276 7 2 24
908 456 2 5 1033
911 5 1 5 476
911 10 8 1 7
912 2 6 4 187
912 85 3 1 4
912 129 7 1 7
912 388 2 4 191
914 216 1 2 5
914 669 2 2 8
914 776 1 3 15
914 968 8 2 19
916 742 5 2 21
916 777 5 1 4
917 560 6 2 13
918 0 5 1 6
920 200 7 1 4
921 272 6 1 4
921 320 4 3 38
922 8 6 2 16
922 784 2 2 7
924 33 4 1 4
924 196 10 8 466733
928 384 4 4 217
928 516 9 3 48
928 518 1 5 607
929 10 5 5 1690
929 257 9 2 30
929 316 4 2 13
930 547 10 5 5963
930 720 1 3 16
931 230 10 3 213
931 657 2 2 7
932 274 7 3 126
934 94 5 5 2616
938 261 3 3 33
938 316 4 2 11
938 552 10 6 8642
940 512 8 2 21
941 771 6 1 4
944 165 9 1 7
944 756 3 3 32
945 456 10 4 305
947 568 5 6 21487
948 9 5 1 7
951 818 2 8 104863
952 37 1 3 15
956 846 8 2 23
958 844 6 1 5
960 358 8 1 12
961 291 5 5 1434
961 333 1 7 8816
961 481 9 5 1362
963 130 3 1 4
966 29 1 9 1912732
966 192 1 4 27
966 197 1 5 215
966 555 6 5 1559
968 51 3 1 5
968 352 5 2 10
968 360 3 2 7
969 769 10 7 173174
971 566 6 2 11
975 205 7 3 54
976 321 8 3 44
976 779 8 1 8
977 22 1 4 68
977 34 2 6 5780
984 324 9 5 5520
984 483 2 3 16
985 268 9 1 4
986 772 6 5 819
987 962 7 1 4
988 366 2 9 1513406
996 836 2 2 7
998 127 8 1 7
998 179 2 3 16
1000 260 7 1 4
1003 684 9 1 8
1011 36 5 3 57
1013 316 7 3 58
1020 371 9 3 56
1020 385 4 3 52
1021 643 1 3 13
