590 0.019840056831567726 
341 0.019847157778627837 
1939 0.019847157778627837 
1699 0.019840056831567726 
611 0.019804552024970164 
1722 0.019861359672806122 
278 0.01986846061992414 
1002 0.019840056831567726 
1292 0.019847157899205322 
442 0.019840056831567726 
398 0.019840056831567726 
435 0.019840056831567726 
1199 0.019840056831567726 
1766 0.01981165316547149 
983 0.019854258725707327 
886 0.019854258725707327 
1500 0.019840056831567726 
1303 0.019840056831567726 
1686 0.019861359672806122 
1596 0.019840056831567726 
1070 0.019840056831567726 
707 0.019840056831567726 
1864 0.019840056831567726 
1656 0.019840056831567726 
772 0.019840056831567726 
1139 0.019854258725707327 
813 0.019840056831567726 
1735 0.019840056831567726 
995 0.019840056831567726 
314 0.019847157778627837 
1566 0.019840056831567726 
41 0.019840056831567726 
338 0.019854258725707327 
748 0.019854258725707327 
997 0.019847157778627837 
576 0.019847157778627837 
620 0.019840056831567726 
1486 0.019840056831567726 
510 0.019840056831567726 
447 0.019840056831567726 
