0 9 6 2 21
0 18 2 5 884
0 415 8 3 158
0 679 3 1 5
0 902 4 8 581844
1 37 8 1 4
1 292 1 2 4
6 267 8 1 8
8 486 8 2 30
8 656 6 1 4
10 40 6 1 7
10 680 2 3 30
14 127 2 2 4
14 376 10 2 20
15 352 4 1 3
16 806 7 1 4
17 48 9 3 63
19 24 2 3 19
20 786 1 3 22
21 258 7 1 5
22 565 5 1 3
24 848 8 7 129851
29 1 9 1 3
29 327 8 1 4
30 21 7 1 8
30 52 8 1 4
32 211 5 1 4
32 612 9 1 4
33 277 10 5 2457
33 785 8 5 3422
34 663 7 2 23
36 34 4 1 4
36 320 10 1 7
36 858 4 1 4
40 256 10 1 4
40 672 4 2 16
44 430 1 2 5
48 67 2 1 3
48 789 7 4 410
58 470 10 2 21
64 192 8 7 166997
64 370 6 1 4
64 686 7 1 4
64 771 3 3 33
68 322 9 1 3
70 212 10 1 5
70 642 2 8 105645
72 65 5 1 4
80 0 8 4 184
85 31 7 4 198
85 65 4 1 4
87 353 9 2 18
88 330 1 3 13
89 4 9 1 4
93 669 7 2 17
97 48 3 1 4
98 352 1 2 4
104 48 2 4 122
107 129 2 2 4
112 28 9 1 4
112 84 6 1 4
120 0 3 1 4
124 348 5 4 232
128 58 6 1 4
130 272 3 4 141
130 368 6 1 8
133 614 6 1 4
135 258 6 3 61
136 610 4 1 5
138 266 5 3 31
139 87 5 3 28
145 576 1 6 2791
150 160 10 1 4
153 26 2 2 4
153 598 10 1 5
156 814 1 4 27
161 326 9 1 3
162 517 2 7 60342
163 227 5 1 4
164 636 9 1 13
169 25 6 3 91
178 144 2 2 4
180 152 9 1 4
184 161 4 3 27
184 664 6 1 5
185 5 3 1 4
187 800 3 1 4
197 61 4 2 19
201 39 5 7 37705
204 6 4 1 4
209 564 3 1 4
226 35 3 1 4
237 91 9 2 17
248 290 3 1 4
256 69 5 1 5
256 705 2 3 27
256 772 8 1 4
257 912 4 1 5
258 24 4 5 834
258 673 8 1 5
259 327 9 1 4
264 1 9 1 9
266 336 4 1 4
268 524 9 1 13
270 532 7 1 5
272 280 4 1 4
274 334 10 1 4
275 401 2 2 4
276 394 10 1 4
287 448 8 1 7
292 134 7 1 4
293 256 2 4 60
297 742 6 1 4
300 140 1 4 29
304 258 4 1 5
308 640 4 1 4
324 16 10 1 4
328 45 9 1 10
335 391 7 2 19
337 352 6 1 4
339 42 6 1 5
343 475 5 1 7
349 12 10 1 4
352 514 2 3 19
371 112 10 1 4
385 214 6 1 4
386 206 1 2 4
386 681 9 6 8557
386 849 3 2 10
387 147 1 2 4
395 647 4 4 101
402 769 6 1 3
408 576 2 3 36
410 520 5 1 7
413 640 10 1 7
418 16 7 2 20
423 651 5 1 3
427 580 10 1 4
430 203 8 1 14
452 136 5 1 7
512 266 2 2 4
513 42 4 1 4
513 100 1 2 4
513 548 2 2 4
513 640 7 1 4
517 3 6 2 30
517 132 1 3 16
517 525 4 1 4
517 534 9 1 4
518 41 4 3 38
522 652 1 5 140
528 580 5 3 27
528 720 2 1 3
530 278 5 3 56
530 696 7 2 14
532 292 7 4 210
536 687 10 5 3709
540 481 7 3 44
544 151 10 1 4
544 542 10 1 4
545 520 6 1 4
545 914 2 3 13
546 612 1 6 3595
546 900 1 2 4
550 800 8 1 3
553 102 5 1 7
554 137 10 1 4
572 257 6 1 4
574 696 6 3 49
576 19 6 1 4
576 371 10 2 24
576 547 7 1 4
578 572 1 2 4
584 833 10 1 4
585 354 7 1 4
590 300 4 1 4
597 387 6 2 15
614 936 4 2 10
617 908 6 1 4
619 76 6 1 4
623 1000 3 1 4
627 977 7 1 11
642 562 6 1 8
645 963 3 1 4
656 259 5 1 5
658 226 4 2 8
660 85 7 1 5
668 749 6 1 4
680 39 10 1 5
686 426 2 2 7
694 976 1 5 225
701 34 9 1 4
704 673 7 3 114
722 104 3 5 1628
724 596 1 3 7
725 44 2 9 5955747
728 712 2 2 9
729 578 1 2 4
768 68 2 4 210
777 318 7 1 10
782 226 2 2 4
788 324 7 2 13
795 422 5 1 4
801 312 2 4 80
804 779 7 1 4
832 21 2 1 3
836 86 1 2 4
866 260 6 1 4
872 165 9 8 516874
894 392 2 2 4
899 537 2 2 4
904 552 1 3 7
908 456 3 3 55
914 669 8 1 5
914 776 5 1 4
928 518 1 3 8
961 131 5 1 5
961 333 1 2 4
