965 0.0057154665676245305 
784 0.005657512245167394 
686 0.004607840154099962 
1231 0.0056452683822922015 
934 0.0056207806657010955 
1418 0.005847700572991334 
1693 0.005419981955443624 
1342 0.005480384698621285 
1099 0.00578811361398774 
27 0.005655063472355276 
1217 0.005535890019858012 
1582 0.0055138511319045656 
916 0.005430593239460765 
1539 0.005739954326956981 
1442 0.005623229436794251 
1583 0.005409370675342048 
1222 0.005734240515579571 
527 0.005624045693853762 
225 0.00554405257425642 
1914 0.005836272933470084 
835 0.005613434353197003 
1798 0.005611801839466696 
568 0.0055236461915831704 
1141 0.005554663897558161 
1634 0.005433858250700684 
54 0.005626494465117251 
1571 0.005650165927085147 
313 0.005592211679337864 
243 0.005567723991682924 
1144 0.004918809958273621 
1594 0.00556690773567616 
1627 0.005526094956914526 
1390 0.005784032317165954 
1190 0.005558745176514556 
100 0.0055628264558886115 
1769 0.005519564916395202 
1871 0.005633024522437731 
925 0.005720364118706652 
1326 0.005433858250700684 
954 0.005482017206797231 
497 0.005466508382411256 
547 0.005535890019858012 
224 0.005644452124873531 
160 0.005641187095333665 
1472 0.005596292961982139 
324 0.00553099248806456 
196 0.005652614699660942 
1000 0.005226530880846625 
773 0.005575886552643901 
645 0.005480384698621285 
101 0.0056248619509274515 
1333 0.005761993318445835 
308 0.00568118372160875 
782 0.00601993161111059 
1561 0.005850965613150971 
1314 0.005390596881975628 
1711 0.005520381171396201 
1970 0.005493444766260008 
278 0.005476303428534727 
1695 0.005476303428534727 
371 0.005590579166387549 
936 0.004997983956738524 
1573 0.005572621528065518 
1996 0.005301625614942388 
1726 0.005617515637777212 
1044 0.005499974801965159 
859 0.00558976290993553 
349 0.005560377688214293 
1596 0.0055171161515025656 
1410 0.005519564916395202 
1763 0.005757912023168164 
1944 0.005343254332154186 
1017 0.005617515637777212 
183 0.005883616021802085 
837 0.005564458967754245 
559 0.005520381171396201 
1635 0.005691795076492896 
718 0.00547140590510261 
752 0.00557017275980113 
802 0.0060395218940348366 
