0 17 7 1 4
0 18 5 3 30
0 47 3 4 130
0 156 6 3 103
0 166 9 1 4
0 265 7 1 4
0 415 1 2 4
0 552 5 1 4
0 646 10 1 7
0 670 5 5 2547
0 674 9 1 7
0 704 9 1 4
1 7 5 1 4
1 292 7 4 578
1 768 8 1 4
1 920 10 8 1656520
2 132 3 4 268
2 523 2 4 49
2 826 8 1 13
3 652 1 3 7
4 4 6 2 26
5 216 4 1 3
5 584 2 2 5
5 887 2 2 4
6 267 5 1 4
7 110 9 3 183
7 237 1 4 36
7 715 9 1 4
8 19 4 5 513
8 42 3 1 4
8 202 7 1 7
8 272 10 1 4
8 735 5 5 1381
8 902 4 1 4
9 274 2 4 86
9 572 1 3 11
10 84 10 1 4
10 160 3 5 948
10 523 2 2 4
10 599 5 1 7
11 586 6 4 148
12 634 5 2 11
13 192 9 6 17282
13 780 6 1 4
14 127 3 10 55408208
14 376 1 3 7
14 616 10 1 4
15 659 3 4 131
15 854 3 3 51
16 148 7 3 93
16 806 7 2 33
17 48 9 3 96
17 129 10 3 62
18 215 6 7 190159
18 290 6 7 37914
18 645 10 3 194
19 657 3 1 4
20 1 8 5 1011
20 10 4 3 31
20 28 8 1 8
20 786 9 1 4
22 68 2 2 4
22 97 7 4 197
22 281 8 4 846
22 320 1 3 22
22 565 2 2 4
23 328 9 5 1700
23 770 2 4 187
23 886 9 1 4
24 786 5 1 4
24 944 2 2 4
26 22 3 5 1025
28 72 10 1 4
29 327 10 1 4
29 532 7 1 7
29 809 5 3 32
30 52 10 1 4
30 129 10 7 347262
32 33 2 3 13
32 42 6 2 15
32 72 2 2 4
32 196 3 1 4
32 219 7 1 4
32 276 1 2 4
32 388 10 1 4
32 721 6 1 4
32 848 4 1 4
33 898 6 2 17
34 561 9 1 8
34 663 10 4 245
35 266 2 3 13
35 689 8 1 4
36 34 5 1 4
36 48 1 3 7
36 555 6 1 4
38 204 8 2 22
39 3 6 2 17
39 48 3 1 4
40 672 1 2 4
40 761 4 4 188
40 840 1 2 4
41 263 7 3 150
41 321 5 3 59
42 329 3 5 566
42 411 9 1 4
44 10 3 1 4
44 794 10 1 4
45 23 10 1 8
45 50 8 1 7
45 615 6 1 4
45 808 4 1 4
47 80 5 1 4
48 67 3 1 4
48 198 2 7 27180
48 226 10 6 31924
48 708 3 3 47
49 4 4 2 10
49 516 2 3 26
52 390 10 6 8422
53 245 1 3 17
55 278 9 2 19
56 89 2 2 4
56 560 1 2 4
57 128 2 2 4
57 448 9 5 4937
58 470 8 4 208
61 644 7 1 4
61 648 4 1 4
64 26 10 1 4
64 192 9 5 2565
64 194 8 2 22
64 203 6 1 4
64 370 7 2 17
64 465 10 1 7
64 481 7 1 4
64 780 8 3 57
65 241 3 1 4
65 274 2 2 10
65 614 8 1 4
66 140 5 1 7
67 37 4 1 7
68 192 5 1 4
68 576 7 7 35127
69 138 9 7 64568
69 276 6 1 4
70 109 5 5 774
70 212 9 7 89032
70 648 9 1 4
70 672 10 1 4
71 700 7 1 5
72 65 6 1 4
74 548 9 1 10
74 1012 9 5 3800
75 259 8 5 2446
78 288 7 2 22
78 784 1 2 4
79 386 8 2 22
80 82 7 6 11097
80 528 8 1 4
80 677 2 2 4
80 920 1 4 86
81 852 1 3 7
83 115 10 1 4
83 124 2 2 4
83 304 3 3 51
83 617 3 4 212
84 74 10 4 475
84 216 5 1 4
86 234 9 3 148
87 515 4 3 32
89 76 9 1 5
90 977 8 1 4
90 988 10 1 7
91 652 2 8 538602
91 951 4 3 71
92 38 4 1 4
93 49 10 1 4
93 134 8 2 26
94 954 5 3 67
95 34 1 3 12
96 304 8 1 4
96 776 10 5 5995
96 820 10 1 4
97 130 2 2 8
97 144 9 6 21803
97 167 4 2 12
97 286 5 2 16
97 525 7 5 4426
98 401 5 1 7
99 134 4 1 5
99 249 10 1 4
100 901 7 1 4
101 124 6 1 7
101 161 5 1 4
101 392 5 3 38
102 6 7 1 7
102 264 5 3 63
104 48 10 2 18
106 516 1 2 4
108 514 1 2 4
108 825 4 1 4
109 707 8 1 14
111 12 4 1 4
112 0 9 1 4
112 3 2 6 3043
114 68 4 1 4
114 416 10 5 4231
114 497 7 1 7
114 872 7 1 4
116 33 9 6 12889
118 565 3 2 13
119 446 5 1 4
122 185 6 1 8
122 294 1 6 4337
128 1 9 4 566
128 10 5 3 43
128 58 1 2 3
128 208 4 1 7
128 376 6 1 4
128 628 1 2 4
128 770 9 1 4
129 10 2 2 4
129 37 2 2 4
129 39 3 1 4
129 163 3 1 4
130 78 9 1 4
130 272 5 1 4
130 520 4 2 18
130 528 10 2 48
130 532 10 1 4
130 675 5 1 4
130 980 7 1 4
132 6 9 5 1719
133 614 2 3 11
134 377 1 2 4
134 516 5 3 51
136 39 7 1 4
136 657 9 1 15
136 684 6 4 622
137 148 3 2 10
137 778 9 1 3
139 87 5 1 3
140 143 5 8 859049
140 168 10 1 4
141 2 10 1 14
141 521 8 1 11
141 954 3 1 4
142 641 8 5 5047
143 116 9 1 15
143 187 5 2 11
144 248 8 1 4
144 433 10 2 22
144 800 3 5 581
145 1 4 1 4
145 576 3 1 4
146 69 5 1 4
146 396 2 3 20
146 910 3 1 4
148 24 8 3 105
148 278 8 1 4
148 464 3 1 5
149 20 4 4 103
149 649 1 6 1685
150 160 7 7 83533
151 132 1 2 4
151 207 2 2 4
153 598 1 2 4
153 961 7 1 4
156 521 9 1 7
156 814 6 1 4
157 404 1 2 4
159 526 5 1 4
160 81 6 1 3
160 801 5 5 1362
161 524 1 2 4
161 576 5 1 4
161 717 2 2 4
162 306 8 1 3
164 34 10 1 10
164 87 2 2 4
164 481 10 1 4
164 636 1 2 4
168 8 6 5 1128
168 98 9 3 138
168 480 10 3 184
169 25 9 1 4
169 351 4 1 4
169 514 6 1 4
171 144 2 2 4
171 810 8 5 2824
172 32 4 4 360
172 569 1 2 4
172 664 3 1 4
173 261 7 1 7
176 137 8 1 7
176 273 10 1 4
176 824 7 3 55
176 864 9 1 9
177 128 7 4 276
177 560 10 1 4
177 611 7 3 116
180 152 2 6 8237
182 300 3 2 8
182 672 6 2 31
182 728 6 1 5
184 141 4 1 4
184 664 8 6 33883
185 5 9 1 7
186 582 2 4 166
187 800 2 2 4
188 199 4 1 4
192 52 3 2 7
192 72 3 1 5
192 392 3 1 4
192 536 8 1 4
192 713 1 4 34
192 904 8 1 4
192 999 3 4 108
193 162 10 1 4
193 375 6 1 4
193 422 1 4 68
194 677 10 1 4
196 81 2 2 4
196 377 9 1 13
197 769 7 1 8
198 812 2 3 25
200 445 1 4 23
201 39 5 4 157
201 98 6 1 4
204 520 9 4 499
209 513 6 1 4
210 882 10 3 99
212 34 4 1 4
212 673 6 2 11
214 585 4 1 7
216 792 1 2 4
220 658 2 2 4
222 852 4 3 25
225 316 7 1 7
227 838 2 2 4
232 5 4 1 5
233 912 7 1 4
233 973 6 1 4
234 917 8 4 674
235 281 2 2 4
237 91 8 1 4
239 560 10 1 5
240 18 1 2 4
240 66 2 4 47
240 799 3 3 49
240 914 4 6 10568
241 206 6 2 23
241 245 10 3 87
244 356 5 1 4
244 932 3 1 4
248 0 10 1 4
250 46 7 1 4
256 5 4 1 5
256 68 2 2 4
256 97 3 2 10
256 212 4 1 7
256 416 3 1 4
256 512 2 3 21
256 522 7 1 4
256 705 6 2 16
256 992 7 1 4
257 272 4 3 62
257 806 2 4 82
257 920 6 1 4
258 24 7 2 16
258 34 6 1 5
258 138 5 1 4
258 265 5 1 4
258 810 6 5 1839
258 880 8 6 19275
259 7 7 1 4
260 545 2 4 186
260 678 6 1 4
261 67 3 3 19
261 995 6 1 4
262 32 9 5 3561
262 256 6 1 4
262 906 10 2 46
264 568 4 1 4
265 264 4 1 4
265 339 4 5 2553
265 632 1 4 97
266 272 7 1 4
266 336 2 3 12
267 523 6 1 7
268 34 5 1 7
268 177 4 1 7
268 577 1 2 4
270 532 10 4 558
270 642 1 2 4
272 225 1 2 5
272 234 8 1 4
273 693 7 1 4
273 903 7 1 4
274 334 8 5 2862
275 16 4 4 206
275 133 3 8 653879
275 485 1 4 83
276 288 9 1 4
276 392 8 3 106
276 394 5 1 4
276 628 6 1 5
277 8 5 1 4
277 128 1 3 19
278 258 1 5 394
279 18 6 1 5
280 600 5 5 2035
281 101 6 6 5495
282 136 1 3 10
282 717 2 4 54
285 104 8 1 5
287 802 8 1 5
288 132 6 4 171
288 224 7 1 4
289 468 5 1 7
289 472 6 2 11
290 0 6 1 4
291 610 5 1 5
292 19 10 1 4
292 593 10 1 4
293 960 1 4 57
296 57 10 1 4
296 131 2 2 4
296 231 5 1 4
296 336 2 3 12
296 516 4 7 35847
297 325 2 2 4
297 389 8 7 43251
297 742 1 2 4
299 291 9 4 813
304 106 4 7 42471
304 258 6 1 4
308 21 3 4 217
308 692 1 7 18660
308 832 2 2 4
310 936 9 1 4
314 376 1 4 25
315 739 9 1 4
316 452 3 5 677
320 315 7 3 40
320 641 2 6 7000
320 720 2 2 4
321 337 5 6 5090
321 768 3 9 1852016
322 0 6 4 604
322 196 10 1 4
322 416 6 1 4
324 167 5 3 79
325 74 6 1 7
325 145 7 1 4
325 192 10 1 4
325 614 7 1 4
325 720 10 1 8
326 11 6 1 4
326 32 8 1 5
326 116 4 1 4
326 443 7 1 4
329 35 1 2 5
332 456 7 6 6284
334 265 1 3 10
334 288 1 5 156
335 83 3 3 20
336 632 2 5 1162
337 768 2 2 4
338 33 3 1 4
342 15 5 1 4
342 168 2 2 4
342 536 10 1 4
344 188 6 1 4
348 395 1 7 6048
352 514 3 1 4
353 684 3 1 4
355 634 6 1 4
357 433 1 5 419
358 168 7 8 754054
360 732 5 1 4
360 810 6 1 4
361 266 8 1 8
361 316 9 2 24
363 162 5 1 4
366 657 10 1 4
368 925 4 1 7
376 193 6 6 19775
380 339 10 2 25
384 5 6 1 7
384 6 1 9 492247
384 156 3 4 253
384 312 5 4 244
384 457 9 1 5
384 531 10 1 4
384 692 8 1 4
384 962 9 1 8
385 214 1 2 3
385 513 10 1 10
386 64 1 2 4
386 158 10 3 123
386 206 7 1 4
386 846 7 1 8
387 297 10 3 146
387 545 7 1 10
387 1016 5 4 409
392 38 2 3 25
392 553 8 2 21
392 674 10 1 4
396 546 10 1 4
396 777 4 1 4
396 960 2 2 4
397 518 8 1 4
400 10 4 2 8
400 712 10 5 1299
405 160 3 1 4
406 677 5 2 19
406 928 6 1 10
408 66 7 2 23
408 576 10 1 4
409 66 4 5 470
409 417 7 1 4
409 888 8 1 5
411 20 4 6 4410
413 640 2 2 5
414 932 3 1 4
416 279 8 5 1867
416 292 5 1 5
416 832 8 6 33835
417 577 10 1 4
419 62 5 3 52
419 844 10 1 4
420 288 9 1 4
420 538 7 1 4
423 384 7 8 674686
425 161 6 1 4
428 194 6 1 4
428 880 6 3 47
430 8 8 3 101
433 398 8 1 4
434 734 10 1 4
436 597 6 1 4
441 21 10 1 17
442 146 2 2 4
444 769 8 2 27
450 450 7 1 4
452 512 4 8 882297
453 368 4 1 4
453 661 3 5 2006
454 9 6 1 4
454 437 5 1 5
454 634 8 1 5
458 101 8 3 158
464 265 2 4 154
465 531 7 6 15412
465 761 1 2 4
470 713 5 4 115
480 0 9 1 4
482 64 1 6 1460
483 555 2 2 7
496 978 5 4 228
504 267 2 4 78
505 332 3 1 4
512 1 4 1 4
512 5 9 1 4
512 52 10 1 4
512 173 10 2 29
512 266 2 7 10432
512 420 5 3 73
512 453 1 4 23
512 522 1 2 4
512 936 8 1 7
513 5 10 1 4
513 42 6 1 4
513 47 6 8 1793389
513 548 3 1 4
514 452 9 1 11
514 780 9 1 4
515 157 10 3 81
516 69 3 7 18492
516 72 6 1 4
516 169 6 1 7
516 442 6 1 5
517 0 7 1 4
517 3 6 2 16
517 8 7 1 4
517 34 3 1 4
517 233 9 1 4
517 768 7 1 4
518 66 2 2 7
520 328 2 4 63
521 81 2 9 1705976
521 229 4 7 44102
522 549 10 1 14
523 650 5 1 4
524 173 4 3 26
525 134 6 4 337
525 820 7 3 112
526 776 9 1 8
527 36 6 2 13
528 10 7 1 4
528 97 1 2 4
529 148 4 1 3
529 260 8 1 10
529 423 7 1 8
530 20 5 1 7
530 86 10 4 437
530 696 6 4 441
532 134 6 2 24
533 5 2 6 1995
533 787 6 1 4
534 425 2 2 5
534 928 2 2 4
535 10 10 1 4
536 687 3 4 208
536 902 6 1 7
538 84 6 2 13
538 820 2 2 5
540 256 8 3 113
541 793 3 1 4
544 6 10 1 11
544 24 10 1 4
544 536 5 2 11
545 209 8 1 4
545 226 1 2 4
545 520 5 1 5
546 263 8 4 217
546 758 6 3 61
547 577 2 2 10
548 141 10 1 5
548 577 3 1 4
549 97 9 1 13
550 36 1 6 2965
552 136 4 1 4
552 656 2 2 4
557 370 4 1 4
557 557 1 2 4
557 770 5 3 28
557 938 1 6 868
559 557 1 2 4
560 18 2 2 7
560 354 10 1 4
561 993 4 3 23
562 977 7 1 4
566 4 3 2 8
571 100 6 5 1219
571 457 3 7 16460
574 533 4 1 4
576 4 6 1 4
576 76 3 1 4
576 525 1 5 293
577 222 9 1 7
577 236 6 2 18
577 401 2 4 202
577 661 8 3 55
577 997 10 1 7
578 26 7 6 22273
578 554 1 5 270
579 136 4 1 4
580 64 9 1 4
580 507 9 1 4
582 633 4 1 4
584 432 7 2 13
584 833 9 1 4
585 389 5 2 18
588 784 2 2 4
589 389 6 1 4
590 300 5 1 7
590 520 3 1 4
591 147 8 1 4
592 4 5 1 4
592 322 1 2 4
592 585 6 3 32
595 58 3 1 4
595 557 2 6 1427
599 176 9 5 5667
600 575 2 2 7
601 335 8 1 10
601 431 5 3 41
602 480 4 1 5
604 913 6 4 386
608 576 2 2 10
608 648 3 1 4
609 28 9 9 8843391
609 225 1 2 4
616 806 4 1 4
618 1004 8 1 4
619 76 10 1 7
619 231 3 6 11496
621 293 5 1 4
625 530 1 5 277
626 8 8 1 4
627 3 7 2 13
627 977 2 2 4
629 528 6 1 10
631 24 8 1 4
632 18 9 2 27
633 812 1 2 4
640 4 4 2 15
640 160 2 2 4
640 246 9 2 27
640 659 1 3 17
640 732 2 3 14
642 512 5 1 4
642 724 10 1 13
643 73 6 1 7
644 387 6 1 5
644 756 4 1 7
644 769 4 1 7
645 4 3 1 4
645 25 6 7 36284
645 548 7 1 4
648 76 2 8 92646
648 210 5 2 16
648 369 4 1 4
649 48 9 1 4
650 953 10 1 11
652 257 2 2 4
652 594 3 1 4
654 129 5 2 22
654 565 9 1 4
656 3 10 1 4
656 278 2 8 303394
658 226 8 1 4
660 69 3 1 5
661 244 4 1 4
664 16 7 1 4
665 3 6 1 4
665 260 2 2 4
668 749 8 2 33
670 515 6 2 16
672 514 9 1 11
672 608 10 5 4239
672 717 5 1 4
677 641 10 6 7701
680 20 3 3 29
680 540 1 2 4
682 156 1 3 11
688 385 1 2 4
689 80 1 4 24
692 260 1 5 138
694 6 9 1 4
694 768 10 1 4
694 931 5 2 18
695 517 4 2 13
700 229 7 7 52608
700 864 6 1 5
701 34 5 2 16
701 941 5 2 11
704 135 2 3 13
705 596 2 2 4
706 17 9 1 4
706 161 9 1 8
706 732 8 1 8
709 325 6 1 8
709 354 9 1 8
710 2 3 4 75
712 141 7 1 7
712 283 8 5 1050
722 100 9 1 7
722 393 5 1 5
722 398 8 1 4
724 596 9 1 4
728 712 6 1 4
729 578 10 1 7
737 288 4 2 8
741 45 3 2 8
741 260 5 1 4
745 63 3 8 343474
752 786 9 6 35322
760 40 5 4 122
760 257 8 1 7
760 300 1 5 242
768 68 1 5 196
768 226 3 8 181224
768 326 1 4 68
768 608 10 1 7
769 350 7 2 20
775 921 3 5 1129
776 586 1 4 94
776 697 8 1 8
777 6 4 1 5
777 554 5 1 8
778 330 1 2 4
778 389 6 3 59
778 707 10 3 116
780 16 8 1 4
780 193 5 1 8
780 901 4 1 4
781 222 10 6 13601
781 496 2 5 413
782 226 1 2 4
784 514 2 2 7
784 841 10 3 68
785 45 4 1 4
785 257 8 8 320081
786 914 8 5 1144
792 540 6 1 4
792 594 5 5 1901
793 498 4 2 19
793 628 3 1 4
800 133 8 3 43
800 824 7 1 4
801 642 9 1 4
804 337 10 2 21
804 779 3 2 10
806 326 4 3 79
810 17 3 2 10
812 778 9 2 29
814 161 2 2 4
814 264 10 1 4
814 905 8 10 76333943
816 18 6 1 4
818 253 9 3 163
819 69 9 4 513
824 392 8 1 4
830 356 9 3 70
832 16 2 6 4596
832 43 9 3 99
832 281 7 1 4
832 427 2 2 4
834 32 5 1 4
834 912 1 2 4
840 800 9 1 4
841 32 7 2 34
841 370 4 7 44641
842 132 2 3 13
845 624 6 1 4
848 188 5 1 4
848 313 1 4 68
848 899 6 1 8
849 792 3 7 68331
849 1018 6 3 48
852 72 3 2 7
856 256 5 4 280
857 42 8 6 16458
862 130 10 2 24
866 260 10 2 23
872 32 3 2 7
872 165 3 2 7
885 601 4 1 4
894 392 1 2 4
897 1002 9 1 4
900 162 1 2 4
903 339 8 4 767
905 12 9 1 3
905 196 8 1 5
906 137 3 8 170458
906 194 8 1 3
907 276 2 3 14
908 456 1 3 19
911 5 1 4 28
911 896 9 1 4
912 85 8 1 10
912 388 8 1 7
914 669 2 2 7
915 431 4 1 5
916 742 8 1 10
922 8 1 8 40529
924 196 7 8 554368
927 190 10 1 4
928 64 10 1 4
929 257 10 1 4
930 720 1 2 4
931 230 10 1 4
934 94 3 1 4
938 261 8 1 4
938 552 4 6 8503
944 756 10 1 4
946 205 6 1 8
947 568 1 2 4
948 9 2 2 4
952 37 9 1 4
958 844 2 2 7
961 131 2 2 4
966 197 9 1 7
968 51 1 3 14
968 352 3 2 10
969 313 7 1 4
969 769 5 1 8
970 180 9 1 4
971 566 10 1 4
976 321 6 1 4
976 779 3 2 7
977 549 7 1 4
986 772 8 1 4
987 962 7 1 5
990 35 5 1 4
998 179 10 1 4
1002 912 10 1 4
1011 36 9 3 52
1018 358 4 6 3138
1021 643 7 5 1216
