0 198 3 3 38
0 342 2 7 37744
1 18 10 1 7
1 503 1 8 63075
2 115 8 1 13
2 217 10 8 579491
3 218 2 8 386301
3 363 9 3 107
3 430 9 4 357
4 361 1 6 1599
4 414 5 6 7476
5 214 5 4 160
8 303 1 3 13
9 129 7 8 722950
9 171 5 2 16
9 451 5 3 32
10 223 5 1 4
10 416 6 3 40
10 462 8 4 182
11 30 10 2 38
11 297 1 3 11
11 438 5 3 107
11 477 2 3 37
12 343 10 1 11
12 499 2 3 13
13 207 2 4 97
13 280 2 4 56
13 397 8 2 19
14 173 3 2 7
14 265 9 3 115
15 160 1 5 130
15 194 2 3 17
15 414 7 1 4
16 114 9 4 217
16 232 1 3 7
16 357 1 6 2985
16 370 8 1 5
17 83 2 4 112
17 131 3 3 29
17 316 8 4 535
18 90 6 3 106
19 33 9 2 43
19 180 7 5 4418
20 139 5 2 10
20 283 10 2 35
21 209 9 5 4656
21 259 9 2 44
22 226 2 7 38872
22 451 4 7 28546
23 108 1 3 10
23 304 4 5 689
23 418 7 1 4
24 52 8 1 4
24 386 2 3 13
24 418 3 10 63654139
24 503 2 2 7
25 126 8 5 1960
25 234 2 3 35
25 309 7 2 31
25 320 5 2 23
25 408 1 2 4
26 142 8 5 1254
26 296 6 4 158
27 342 3 3 38
27 378 2 2 4
28 407 2 8 244503
29 40 5 6 17403
30 182 6 1 4
30 403 1 6 2821
31 66 8 3 143
32 105 2 3 28
32 177 10 4 566
33 489 6 3 98
34 84 2 3 40
34 129 7 1 4
34 199 6 1 4
34 231 10 5 5612
34 282 3 2 7
34 317 7 7 144510
35 151 1 9 467439
35 446 6 4 142
35 458 10 2 44
35 479 8 2 16
36 162 10 2 22
36 341 10 1 16
36 374 6 4 327
36 444 1 6 734
38 170 3 1 4
38 277 6 8 1211396
38 390 7 7 259151
38 488 7 1 8
39 467 8 1 5
39 490 1 5 343
40 75 4 3 35
40 103 1 4 23
40 148 4 6 7015
40 464 2 3 13
40 486 4 4 337
41 429 8 5 2004
42 45 4 6 2917
42 316 2 4 164
43 123 8 1 13
44 327 2 6 3331
45 98 4 4 104
45 108 8 5 2203
45 408 2 4 131
46 106 10 5 4287
46 139 8 2 20
47 99 6 6 15427
47 246 8 2 19
47 505 4 3 88
48 344 7 1 7
49 66 5 3 37
49 370 1 5 114
50 169 3 7 39161
50 177 8 4 394
50 474 5 4 178
51 134 4 10 15527088
51 342 2 9 778905
52 78 6 7 33724
52 181 3 2 14
52 207 3 2 8
52 277 9 6 7604
52 500 9 3 107
54 464 6 6 4668
55 151 3 3 23
56 234 2 2 10
56 435 3 4 67
58 65 3 1 4
58 164 3 3 17
58 249 1 3 19
59 199 10 4 960
59 276 1 4 52
60 384 4 3 26
61 396 5 1 4
62 444 8 1 10
62 489 9 6 31157
63 335 8 6 13163
64 89 2 6 1675
64 91 4 3 68
64 179 2 7 42679
64 501 10 2 40
65 236 2 3 16
65 267 9 3 152
65 277 1 8 93602
65 386 2 6 6911
65 397 10 1 7
65 409 9 8 2485756
66 185 6 1 4
66 376 6 3 52
67 70 2 7 18439
68 132 3 5 1106
68 209 1 6 2314
68 267 1 4 26
68 290 10 1 4
68 363 2 5 670
68 432 1 4 98
68 474 9 6 16665
69 72 6 5 751
69 89 6 2 11
69 462 1 8 52174
70 295 7 6 9701
70 505 5 2 23
71 228 2 3 20
72 167 1 3 7
74 220 1 7 13375
74 411 5 1 5
74 451 4 4 360
75 330 5 2 11
75 392 2 2 10
76 153 4 3 29
76 322 4 3 26
77 337 4 5 1230
77 340 4 2 10
78 209 5 2 13
78 267 7 2 20
78 308 5 6 6857
79 262 3 3 16
79 319 10 5 1552
80 86 7 2 34
80 368 6 1 7
80 420 5 5 712
82 84 2 2 8
82 464 3 2 10
82 488 1 5 124
83 402 9 6 7946
83 407 2 3 37
84 257 10 3 103
84 295 6 2 19
85 244 1 10 4120856
86 118 9 6 6747
86 145 2 2 8
87 133 9 1 13
88 404 1 2 5
89 305 7 2 13
89 349 9 6 32499
90 292 9 1 7
90 402 6 3 92
91 280 8 4 898
92 477 8 6 7320
93 161 10 1 4
94 427 5 3 83
95 182 9 1 7
95 486 4 7 22605
96 488 10 1 4
97 319 4 3 44
97 351 4 2 10
98 113 3 4 175
99 154 2 7 32144
99 172 4 8 272729
99 402 6 2 13
100 291 5 1 4
101 165 7 7 157235
102 259 8 4 493
103 117 3 8 510971
103 186 3 7 29390
103 192 1 5 185
103 273 8 4 271
103 277 1 4 61
104 166 9 6 14079
104 327 4 7 26008
105 242 9 4 228
105 496 5 4 113
106 198 2 3 34
106 249 3 8 168637
107 241 4 3 40
107 277 8 1 13
107 335 3 8 123785
107 350 8 3 53
107 359 5 6 13755
108 404 3 6 11567
109 143 10 1 7
109 354 7 2 13
109 367 7 4 506
109 408 5 3 29
109 437 1 3 13
111 198 5 4 209
111 273 4 6 11558
112 236 7 1 4
112 446 4 3 50
114 205 5 6 6612
114 327 1 5 420
115 180 5 2 11
115 193 7 3 40
115 198 3 4 176
116 207 1 3 7
117 314 10 1 13
118 221 7 5 3387
118 260 3 3 31
118 285 9 2 19
118 346 9 7 148039
118 390 10 2 31
119 293 3 4 76
119 417 4 6 10920
119 423 3 3 53
119 506 9 3 83
122 258 7 2 32
122 371 6 3 70
122 383 3 2 13
123 173 5 7 27117
123 377 8 8 622298
124 280 1 4 31
124 471 9 1 7
125 154 5 4 186
125 445 8 2 17
125 507 10 3 169
126 251 7 4 574
126 277 8 1 13
126 466 6 1 10
127 250 1 4 67
127 311 10 3 148
128 355 1 7 10142
128 385 10 1 7
129 206 1 5 437
129 406 2 2 4
129 480 2 3 19
130 277 3 4 223
132 385 1 4 94
132 434 9 3 164
132 475 1 5 157
134 226 2 2 4
135 167 2 3 40
135 169 1 4 46
136 405 9 7 58406
137 250 9 2 19
138 470 6 4 423
139 455 1 9 3459890
140 510 5 1 5
141 278 5 3 76
141 351 4 2 19
141 353 8 2 32
141 390 2 7 22975
141 418 5 2 10
142 322 9 1 7
143 192 5 3 28
143 223 5 7 68376
143 270 4 5 647
143 286 10 5 1775
144 505 2 9 4346857
146 215 6 3 121
146 288 9 7 119333
146 362 7 4 739
146 365 1 5 255
147 402 2 4 167
147 467 10 2 49
147 480 7 5 1002
148 162 1 4 55
148 238 2 4 50
148 359 9 1 4
149 196 3 5 488
149 224 4 3 40
149 458 8 6 7410
150 430 2 8 88581
150 458 8 1 4
151 285 5 4 195
151 307 3 7 113248
151 387 3 3 20
151 399 8 2 34
151 463 3 2 7
152 167 6 4 318
152 196 6 4 134
152 421 3 7 22074
152 433 4 3 35
153 200 4 6 4053
153 257 2 3 35
153 409 8 2 35
154 273 4 1 7
154 507 2 6 1573
155 412 10 3 200
155 418 9 1 4
156 160 3 3 17
156 400 1 3 19
156 507 6 4 166
157 385 10 6 18706
159 189 4 2 14
159 331 5 1 7
159 353 8 1 7
159 451 10 1 7
163 181 6 2 26
163 333 8 3 131
164 241 6 1 7
164 291 9 4 289
165 281 9 1 7
165 323 9 5 1926
165 484 10 1 7
165 501 1 3 14
166 170 2 2 4
168 209 8 1 14
169 266 9 3 101
171 319 2 2 10
171 506 6 5 824
172 480 4 7 150219
173 266 10 1 11
173 274 10 2 44
174 352 4 1 7
174 501 4 2 11
175 205 10 3 163
175 272 3 5 1343
177 250 6 5 714
177 459 4 3 61
178 182 8 3 53
178 254 6 2 31
178 409 2 5 434
178 486 6 7 38607
179 223 8 2 28
179 255 5 2 13
179 473 4 2 16
180 346 7 6 6772
180 421 10 3 94
180 448 5 5 1187
181 436 6 3 55
182 277 6 2 28
183 463 4 2 13
186 237 3 5 1633
187 440 1 3 11
189 275 8 5 2319
189 474 3 4 77
190 424 3 1 5
191 352 10 1 10
191 368 6 1 7
191 401 10 5 6641
191 416 7 4 785
192 437 9 3 64
194 346 8 3 97
195 363 3 5 1930
196 439 5 3 52
197 230 6 4 276
198 267 9 1 4
198 279 8 1 10
198 353 5 4 148
198 478 5 5 696
200 210 9 3 52
200 342 8 1 10
200 448 1 9 426378
201 238 3 7 67788
202 254 7 3 64
202 442 8 4 394
204 245 2 3 20
204 472 2 3 22
205 345 9 1 11
206 410 3 2 14
206 436 9 3 70
208 275 10 3 88
208 303 4 1 4
208 506 10 2 25
209 223 1 8 78773
209 274 7 1 4
209 492 6 2 25
210 380 1 6 731
211 386 1 10 25902110
212 238 9 5 2538
213 443 10 3 121
214 511 8 4 308
215 393 6 3 127
215 417 10 1 16
218 254 9 3 64
218 447 1 2 4
219 234 1 4 80
219 478 10 2 52
219 498 5 3 32
221 351 9 1 4
222 430 7 2 23
223 435 8 5 1831
223 491 4 4 188
223 508 6 2 14
227 273 1 3 7
227 397 9 2 28
228 299 10 1 7
229 452 3 2 7
230 482 3 2 8
231 349 6 5 1996
231 378 6 4 190
232 248 7 9 10451684
233 247 1 2 4
233 366 10 2 23
235 354 6 2 19
237 407 3 2 13
238 319 6 1 7
239 323 5 6 6912
241 345 6 3 53
242 257 9 2 23
242 285 9 7 265684
242 312 5 3 56
243 249 3 1 4
243 492 2 2 7
246 254 3 5 1462
246 500 6 5 1124
248 431 8 7 231975
249 404 8 2 16
250 395 5 3 70
250 441 7 5 3326
252 502 7 3 49
253 296 4 3 29
253 500 5 4 194
255 392 9 4 387
256 288 10 2 43
256 476 6 1 10
258 267 8 2 19
258 478 8 2 34
259 373 9 1 4
260 283 2 3 17
260 316 1 3 20
260 327 9 7 46615
260 400 1 4 92
262 299 4 5 688
262 414 3 3 59
262 487 10 5 1223
264 339 5 5 787
264 473 5 4 185
265 281 5 2 23
265 430 2 4 131
266 294 4 4 423
267 463 6 8 246151
267 475 3 5 448
269 336 7 6 26493
270 335 10 1 4
270 395 7 3 56
271 489 2 4 115
272 320 1 6 2596
272 404 2 5 1011
275 280 10 3 97
275 323 4 1 7
276 335 7 1 10
277 279 9 3 133
277 359 5 3 86
279 392 8 3 83
280 385 9 5 1241
281 345 2 4 172
281 464 3 2 7
284 333 6 3 122
288 505 4 2 13
289 366 3 3 35
290 427 6 2 11
291 454 2 3 14
293 489 8 1 4
294 451 7 2 35
295 463 9 2 16
295 478 10 1 10
297 405 4 6 5448
297 441 4 3 37
298 347 3 2 14
298 354 7 1 10
298 501 8 2 19
299 363 3 4 229
299 382 7 1 11
303 305 3 6 10110
303 376 6 2 22
303 400 1 2 3
304 474 1 5 206
305 411 3 2 8
305 416 6 2 13
306 481 2 4 58
307 394 7 5 1260
309 400 4 6 7587
311 330 6 3 47
311 342 10 1 4
312 313 9 3 113
312 409 9 2 16
312 466 4 1 7
313 451 4 3 70
313 463 1 7 8005
314 418 10 7 52619
314 499 6 1 10
315 435 1 3 22
317 318 3 3 46
318 481 5 1 4
322 354 5 3 28
325 422 2 5 1245
326 446 10 1 13
332 368 2 8 132475
336 444 5 1 4
337 451 9 3 148
338 461 5 3 28
339 342 2 6 2042
339 475 4 2 16
341 435 4 1 4
341 469 7 5 2716
343 415 6 1 4
349 431 4 5 799
350 452 8 6 21066
351 497 5 1 7
352 373 8 2 28
353 371 6 1 10
354 363 9 1 7
354 457 5 4 203
355 428 6 7 37931
355 464 3 2 11
357 421 1 3 7
357 467 3 3 46
358 420 6 4 476
358 432 4 4 316
358 447 6 2 11
360 431 10 4 1098
361 510 1 3 11
362 456 7 4 175
362 493 9 2 29
367 499 9 3 106
368 438 6 4 177
368 482 8 3 77
370 419 2 9 1347856
371 421 2 8 281075
372 477 4 1 7
373 436 2 6 2089
374 489 9 2 23
379 434 2 7 22079
380 462 7 1 7
380 470 10 2 28
381 501 7 2 13
383 387 8 1 7
383 504 8 2 35
384 450 8 4 313
385 425 3 2 10
385 498 3 6 7462
386 394 6 4 316
386 448 7 6 5158
386 468 3 6 3255
386 482 8 1 7
388 418 1 2 4
388 472 10 7 83752
389 500 4 1 5
391 404 2 2 4
391 429 10 5 1260
391 511 6 2 11
393 488 7 3 85
394 399 6 1 8
395 423 1 4 37
396 468 2 2 10
398 413 3 1 3
398 484 8 6 17245
399 410 9 3 190
400 407 8 1 4
400 492 3 4 70
402 433 5 4 124
405 474 3 10 14651007
406 407 2 6 9577
408 439 6 5 2611
410 473 7 4 172
412 455 4 4 283
414 416 9 1 5
414 461 6 2 20
415 472 5 1 7
417 503 10 3 160
425 450 7 7 255139
427 505 9 3 106
429 432 1 6 2274
432 455 8 3 46
438 501 5 2 23
447 485 4 4 221
448 494 7 6 27875
449 452 4 2 11
450 475 8 3 83
453 471 8 1 4
453 479 10 5 2923
455 479 6 3 35
458 490 3 9 1354996
461 503 3 3 25
463 468 2 4 46
466 481 8 10 93817603
466 501 7 7 183988
474 480 8 3 71
485 501 5 2 14
501 504 8 1 4
507 509 3 2 7
