0 4 7 1 7
0 17 1 3 7
0 18 9 1 4
0 29 7 1 7
0 112 9 1 11
0 135 8 4 585
0 150 6 3 129
0 156 4 4 119
0 166 9 3 170
0 215 10 4 1064
0 274 9 1 4
0 415 1 3 9
0 618 5 4 125
0 674 10 1 7
0 902 9 1 4
1 70 4 1 4
1 228 9 2 41
1 292 6 1 4
1 481 8 1 11
1 768 9 1 7
1 825 6 2 15
1 920 8 6 18219
2 0 8 5 3900
2 3 1 2 4
2 48 4 7 31764
2 132 3 4 85
2 167 2 2 4
2 267 6 3 94
2 328 5 1 8
2 826 8 3 99
3 24 8 1 4
3 272 3 4 70
3 530 5 1 4
3 592 7 2 22
3 652 5 2 9
3 817 7 3 113
4 0 9 1 4
4 15 5 3 38
4 24 9 4 358
4 284 7 1 4
4 368 7 4 655
4 517 8 4 846
4 576 3 1 4
4 774 6 1 10
4 803 1 6 871
5 18 5 3 31
5 216 3 2 7
5 584 3 4 170
5 887 1 3 19
6 148 10 3 55
6 212 3 5 1077
6 259 2 2 4
6 268 1 2 4
6 466 8 1 4
6 512 10 3 171
6 1002 2 5 1272
7 81 9 1 5
7 110 1 9 379971
7 237 3 4 84
7 715 6 1 4
8 1 9 5 1838
8 202 1 2 4
8 273 4 2 10
8 735 1 3 7
9 39 3 3 24
9 43 5 1 7
9 416 8 2 16
9 526 2 7 42256
9 823 2 5 1309
9 907 4 4 118
10 13 5 1 7
10 40 3 1 4
10 75 6 1 9
10 84 9 1 4
10 160 3 1 4
10 176 8 1 10
10 518 5 4 352
10 523 6 1 7
10 680 9 1 4
11 204 5 3 57
12 24 7 1 6
12 55 5 5 657
12 269 7 1 4
12 366 1 4 50
13 66 4 1 4
13 224 2 4 113
14 321 3 1 4
14 376 6 5 1753
15 659 9 1 4
16 9 1 3 7
16 24 10 1 4
16 64 1 4 99
16 96 10 1 14
16 132 4 2 12
16 148 8 2 23
16 198 7 2 34
16 806 6 1 4
18 203 3 2 7
18 641 4 4 415
19 709 1 2 4
20 1 4 1 4
20 28 2 5 1126
21 308 5 2 14
22 107 2 2 4
22 565 5 1 7
23 328 6 5 2503
23 770 9 1 15
23 886 2 2 10
24 533 7 1 4
24 781 8 1 4
24 786 4 3 42
24 848 3 1 4
24 944 8 4 299
25 592 3 1 4
26 20 9 1 4
26 109 9 2 19
26 801 5 3 53
27 547 4 2 11
27 549 1 4 57
28 42 5 1 4
28 146 3 3 39
28 624 8 1 12
28 647 8 3 74
29 1 8 1 4
29 532 2 2 4
30 52 7 2 19
30 129 8 3 113
30 588 6 1 5
31 77 10 1 4
31 561 4 1 7
32 72 2 2 4
32 196 5 4 134
32 211 7 2 31
32 276 7 1 7
32 388 5 1 7
32 414 5 3 54
32 514 5 3 61
32 641 10 3 56
32 803 8 1 4
32 848 7 3 53
32 960 2 2 4
33 2 9 1 4
33 26 4 2 12
33 277 5 1 4
33 945 3 5 875
34 144 1 2 4
34 292 4 1 4
34 561 10 1 4
34 720 9 1 4
35 266 4 1 4
35 689 10 1 15
36 12 4 1 7
36 48 6 1 4
36 257 2 2 7
36 266 2 2 9
36 448 4 4 110
36 705 6 4 344
37 13 10 3 167
37 520 3 2 15
38 180 1 6 1188
38 544 7 1 4
39 3 3 1 4
39 520 10 5 2799
40 9 4 3 67
40 20 7 4 304
40 256 4 3 39
40 512 6 1 4
40 605 4 7 103185
40 645 7 4 233
40 756 3 1 4
40 761 8 1 4
40 840 3 1 4
41 276 8 1 7
41 513 1 3 9
41 987 8 1 4
42 42 6 6 17383
42 140 7 2 15
42 411 9 1 4
42 839 10 5 6931
44 12 6 6 6673
44 794 1 5 396
45 23 4 1 4
45 50 4 2 10
45 615 3 4 77
46 57 10 3 216
47 80 8 1 10
47 1022 10 1 5
48 67 5 1 4
48 168 4 1 4
48 176 4 1 4
48 198 3 3 17
48 646 5 2 15
48 708 3 3 51
48 789 1 6 1961
48 843 8 1 7
49 17 10 4 310
49 516 7 1 4
50 9 5 2 25
50 528 9 7 238050
51 377 4 1 4
52 188 5 2 20
52 285 6 1 5
52 390 7 1 4
52 899 9 5 1476
53 245 1 2 4
54 718 5 2 19
56 89 3 2 11
56 267 4 8 1190129
56 560 6 2 23
57 5 2 5 629
57 33 2 3 12
57 128 3 3 45
59 292 3 2 10
59 453 3 9 6810832
60 3 6 1 4
60 5 10 3 72
60 33 4 1 4
60 112 10 3 58
60 948 2 6 1714
61 648 1 5 536
62 521 1 3 14
62 612 2 5 349
64 41 10 1 7
64 192 5 4 490
64 370 10 5 2503
64 465 2 2 4
64 481 6 2 12
64 514 2 2 9
64 686 9 1 12
64 756 5 1 4
64 771 2 2 4
64 780 3 6 2884
64 790 4 1 7
65 25 3 1 4
65 61 5 2 11
65 104 1 3 17
65 218 2 4 48
65 265 9 1 4
65 274 6 1 4
65 421 3 2 7
65 515 6 2 19
65 571 3 1 4
65 614 6 1 10
66 140 2 9 964595
67 16 5 1 4
67 73 6 1 4
67 453 4 6 12803
67 840 9 1 4
68 153 3 4 108
68 284 5 3 46
68 322 9 2 39
69 138 1 6 731
69 529 4 1 5
69 572 10 1 5
69 768 7 5 2834
70 109 7 5 1106
70 648 1 3 7
71 1 9 4 315
71 700 7 3 48
72 37 6 8 613956
72 280 9 1 4
73 870 8 1 4
73 999 1 3 11
74 768 2 2 4
74 1012 6 4 527
75 576 2 5 349
76 84 10 1 9
76 133 9 1 12
76 262 8 1 5
76 586 10 1 4
76 855 5 1 4
77 256 5 4 124
77 267 8 1 4
77 450 7 1 9
78 517 2 6 1621
80 0 1 4 64
80 82 5 3 75
80 132 4 1 4
80 211 4 3 87
80 528 7 1 4
81 852 9 1 7
82 280 2 3 12
82 283 5 2 9
83 124 6 3 58
83 617 9 2 18
83 784 10 5 5620
84 64 8 1 12
84 74 7 1 4
86 234 1 3 11
87 462 5 2 19
87 512 10 1 10
89 4 6 1 4
89 76 10 1 4
90 20 9 3 53
90 988 4 1 4
91 154 9 1 4
91 652 6 1 4
91 951 2 5 725
92 38 5 1 4
93 49 6 1 5
94 869 6 4 312
95 20 3 2 7
95 34 8 2 16
96 103 3 1 4
96 148 8 1 4
96 208 6 1 7
96 276 2 5 352
96 304 4 6 9090
96 321 2 2 4
96 820 5 2 25
97 130 5 6 9887
97 144 1 3 7
97 167 1 3 10
97 195 4 1 4
98 401 2 3 38
98 671 3 1 4
98 928 2 2 4
99 134 9 1 3
99 249 5 4 153
100 294 2 3 29
100 752 2 2 9
101 70 7 4 306
101 161 6 1 9
101 169 5 6 15661
101 392 8 2 31
101 599 3 4 174
102 6 5 1 4
102 78 7 1 5
103 704 7 1 9
104 26 3 9 3311607
104 28 4 5 773
104 48 10 1 7
104 132 9 1 4
104 673 10 1 4
105 3 10 1 4
105 296 1 3 14
105 779 7 1 4
106 516 2 2 4
107 3 7 1 4
108 133 10 1 8
112 1 10 1 4
112 3 3 3 61
112 28 9 1 4
112 84 1 3 14
112 776 7 5 2058
114 416 10 2 35
114 452 4 1 4
114 497 10 2 20
114 872 4 2 12
116 33 8 1 7
117 106 7 1 9
120 0 8 1 4
120 76 5 4 230
121 536 10 2 30
122 80 8 1 4
122 185 5 1 4
122 294 10 1 4
124 304 1 2 4
124 348 8 5 3842
125 268 5 1 4
128 10 8 6 36000
128 58 4 3 33
128 208 1 3 12
128 362 8 1 4
128 375 3 2 9
128 453 4 1 4
128 770 5 1 4
129 37 5 3 73
129 39 6 1 7
129 88 9 1 5
129 163 8 1 4
129 584 5 1 4
130 528 4 1 5
130 540 7 1 4
130 675 5 2 14
130 772 4 1 4
132 6 3 1 4
132 17 2 2 4
132 137 10 1 11
133 23 6 3 63
133 138 7 1 4
134 84 7 1 12
134 208 5 1 4
134 377 6 1 4
134 516 2 3 12
134 768 4 7 29825
136 39 10 1 4
136 81 10 1 4
136 482 10 7 249339
136 610 1 3 10
136 657 7 2 19
136 831 3 1 4
137 148 3 3 20
137 256 7 6 8940
137 678 7 1 4
138 415 4 3 56
138 590 5 2 20
138 902 6 1 4
139 426 10 1 7
139 865 4 1 4
140 72 5 2 10
140 135 9 2 18
140 143 9 1 4
140 168 3 1 4
140 776 2 8 529727
141 2 1 4 79
141 521 5 1 4
141 954 5 6 4859
143 144 1 3 9
143 286 2 4 106
144 18 10 1 5
144 68 4 6 9698
144 433 5 1 7
144 520 8 1 4
144 800 8 3 79
145 2 2 7 29051
145 94 4 1 4
145 392 10 1 7
145 513 8 3 49
145 576 1 6 4068
146 910 8 1 4
148 24 6 1 4
148 146 1 3 9
148 464 6 2 15
148 515 9 1 12
148 912 4 1 4
149 633 10 5 3824
149 649 7 4 232
150 160 5 4 323
150 656 5 4 224
151 132 2 4 81
151 207 4 1 7
151 250 9 1 4
153 26 1 3 7
153 171 1 4 32
153 592 3 1 4
153 961 10 1 11
156 54 6 1 7
156 133 4 4 102
156 521 9 1 9
156 814 6 3 86
157 404 4 3 36
158 104 4 1 4
159 526 5 2 20
160 81 2 3 14
160 644 2 2 10
161 21 10 1 7
161 40 2 2 4
161 524 3 1 4
161 576 7 3 45
161 717 9 2 21
162 160 8 1 4
162 290 4 1 4
163 361 4 6 3333
164 34 9 1 15
164 87 1 3 18
164 217 2 5 453
164 264 5 6 7582
164 280 10 1 4
165 141 10 2 31
165 397 2 2 5
167 104 10 1 14
167 384 2 4 62
167 712 2 3 12
168 8 3 1 4
168 52 1 4 28
168 68 9 1 4
168 98 7 1 4
169 514 9 1 4
171 144 3 2 7
171 810 1 5 234
172 32 10 2 19
172 569 4 1 4
174 493 8 1 4
174 582 2 3 29
176 137 8 1 11
176 270 3 1 4
176 273 2 4 60
177 128 3 2 7
177 560 6 4 215
177 744 4 1 4
178 100 3 5 501
178 144 3 2 12
180 152 8 1 4
180 600 3 5 538
180 973 2 2 7
181 331 2 2 4
181 768 4 1 4
181 964 7 1 7
184 141 6 1 4
184 161 6 1 10
184 664 9 1 5
185 5 2 4 97
185 42 4 7 102570
188 4 6 3 93
192 72 5 1 4
192 177 3 1 4
192 388 9 1 4
192 713 5 1 4
192 898 1 6 3112
192 999 5 5 1275
193 8 3 2 10
193 131 7 3 100
196 81 6 3 46
196 286 9 2 28
197 100 8 3 84
197 592 1 2 4
197 611 9 2 31
198 3 3 6 4256
198 812 1 4 35
200 146 4 6 10709
200 445 3 2 7
200 577 3 2 15
200 924 7 1 6
201 98 9 2 32
204 6 6 3 107
204 520 7 1 4
205 457 5 1 4
206 80 5 4 534
206 530 2 2 4
209 513 4 5 1180
209 564 6 6 5790
212 34 3 1 4
212 69 8 1 7
212 112 4 3 72
212 262 9 1 4
212 285 9 1 4
212 673 9 3 85
213 64 2 2 7
214 585 1 3 6
216 138 10 1 10
216 792 1 3 17
218 86 1 7 19923
219 389 10 1 10
220 658 5 1 5
225 316 1 6 1346
225 948 5 1 7
226 35 4 1 4
227 336 6 1 4
228 32 7 1 4
230 9 2 5 533
231 261 5 1 4
231 290 7 1 12
232 5 7 5 826
232 130 5 2 14
233 212 1 2 4
233 973 9 1 7
234 848 2 3 32
234 917 6 1 7
235 645 9 1 8
238 620 10 3 143
238 642 7 6 22085
239 370 4 3 52
239 560 10 1 7
240 66 8 1 7
240 799 3 1 4
240 914 2 2 4
241 206 9 3 137
241 245 1 2 4
242 156 8 1 4
244 356 6 1 7
244 932 2 2 4
245 705 9 1 4
248 0 1 3 7
248 290 7 1 4
250 46 7 1 4
253 636 1 3 20
256 1 5 4 216
256 68 8 4 339
256 69 8 1 14
256 97 3 2 14
256 160 10 1 10
256 212 3 3 30
256 243 3 9 1903698
256 262 4 1 7
256 512 10 1 7
256 522 6 2 12
256 705 7 1 11
256 904 3 5 544
256 992 9 1 9
257 0 9 1 4
257 156 6 1 4
257 272 8 1 4
257 806 3 1 4
257 945 10 3 62
258 24 2 7 29856
258 265 4 1 4
258 880 2 7 20765
259 100 4 7 76874
259 226 6 1 4
259 268 4 2 9
260 131 9 3 144
260 256 10 2 33
260 522 9 4 405
260 678 1 4 49
260 978 7 1 4
261 67 4 1 4
261 356 3 1 4
261 672 2 2 9
262 32 2 2 4
262 134 9 1 9
264 296 5 1 4
264 568 8 8 554466
265 264 5 4 286
266 11 1 4 27
266 242 10 1 4
266 336 8 1 4
267 523 2 2 4
267 581 8 5 4504
268 34 7 1 4
268 192 8 1 4
268 512 3 6 13408
268 577 5 7 37547
269 444 6 1 4
269 640 2 3 29
270 73 10 2 30
270 532 1 2 5
272 41 9 1 4
272 162 5 2 9
272 280 6 1 4
272 520 2 2 4
272 554 5 1 7
272 640 7 4 321
272 684 1 3 12
273 47 7 1 4
273 693 1 6 999
273 903 6 6 28902
274 334 4 2 18
275 4 5 2 22
275 16 8 1 7
275 116 5 2 12
275 133 2 6 7625
276 628 7 8 526067
277 8 3 1 4
277 128 6 1 7
279 18 8 2 32
280 36 4 2 9
280 674 7 3 130
282 717 8 5 1556
283 35 4 2 19
284 835 10 1 4
285 104 9 4 793
286 12 8 1 4
286 832 2 3 15
287 448 6 2 24
287 802 4 8 260332
288 47 9 1 4
288 132 10 2 53
288 292 8 5 1665
288 545 6 4 291
288 776 3 1 5
289 36 9 1 13
289 472 5 4 116
289 648 5 2 18
290 0 8 1 4
290 328 9 3 102
291 768 6 1 4
291 967 2 3 44
292 7 4 1 4
292 134 1 2 4
292 162 10 1 5
292 593 8 2 30
293 256 8 4 252
293 960 4 1 4
294 742 8 3 135
296 57 9 2 36
296 84 9 1 4
296 260 10 1 5
296 336 9 1 4
296 516 10 3 202
297 167 8 2 33
297 325 6 2 14
297 389 10 1 4
297 544 2 2 4
298 75 2 2 9
299 78 4 2 10
299 291 6 4 170
304 6 7 1 4
304 8 4 3 41
304 63 8 1 7
304 106 8 6 6350
304 212 10 5 1271
304 258 2 2 4
304 292 1 4 59
305 11 4 1 7
305 34 1 4 65
305 163 4 6 7523
305 576 3 3 46
306 36 10 1 5
306 550 10 1 4
306 918 3 2 14
307 514 10 1 4
308 583 2 3 19
308 640 9 1 5
308 848 8 4 678
309 774 1 4 39
310 44 5 1 4
310 936 2 2 4
314 109 9 1 4
314 156 8 1 4
314 518 10 3 66
320 29 4 1 4
320 428 4 1 4
320 720 10 1 7
321 4 9 3 118
322 899 1 2 4
322 902 1 10 3941482
323 515 7 1 4
324 16 10 1 4
324 167 9 1 9
324 200 10 1 10
324 530 8 1 5
325 6 7 1 12
325 74 7 1 5
325 145 6 1 9
326 16 8 1 4
326 32 6 2 17
327 675 3 2 7
329 258 4 1 4
329 836 8 2 15
330 8 2 3 11
331 512 7 1 9
332 643 10 1 15
334 265 5 8 558663
334 288 4 1 4
335 83 5 6 3608
335 391 6 1 4
336 18 8 1 4
336 632 4 1 3
338 33 2 8 319456
338 160 2 3 28
338 169 3 1 4
339 42 1 2 4
340 704 1 3 7
340 763 9 3 121
341 576 1 3 18
342 168 10 1 7
342 272 6 1 4
343 475 3 3 25
344 676 8 2 29
345 728 5 2 9
346 89 2 3 22
348 395 10 1 4
352 419 5 5 1792
352 514 6 1 4
352 794 9 3 61
353 684 5 2 14
354 25 4 4 151
354 288 7 1 4
355 134 8 3 61
356 800 5 2 22
360 514 9 2 29
360 555 8 1 4
360 810 9 1 4
364 740 9 2 20
366 657 2 3 44
368 738 9 1 10
368 925 2 2 4
371 112 1 3 7
375 77 4 4 178
380 339 7 10 673494546
381 531 6 3 53
384 168 6 2 17
384 312 3 4 308
384 332 10 3 155
384 457 8 2 15
384 481 8 5 2793
384 841 8 4 245
384 962 7 2 15
385 2 10 1 9
385 75 6 3 64
385 213 8 3 97
385 214 1 2 4
386 64 7 4 337
386 73 10 1 4
386 158 3 1 4
386 846 10 1 10
386 912 7 2 17
387 147 6 2 12
387 297 9 1 4
387 1016 1 3 9
388 332 6 4 320
391 800 5 1 7
392 336 4 3 25
392 674 2 2 4
393 461 1 4 78
394 80 8 1 4
394 211 10 1 4
395 4 8 1 12
396 915 1 2 4
397 132 2 6 3286
397 305 6 7 65871
397 518 6 1 7
399 9 8 1 12
400 10 8 1 7
400 144 8 1 10
401 58 1 2 5
401 284 9 4 503
402 68 6 1 4
402 769 7 7 42724
405 160 10 1 5
407 591 5 1 4
408 405 5 4 142
408 576 8 4 204
409 105 1 4 67
409 417 8 4 245
409 888 9 1 14
411 20 10 1 4
412 6 1 2 4
413 640 4 1 4
414 932 2 2 4
416 52 8 1 12
416 279 8 2 23
416 292 2 2 10
419 7 9 2 28
419 844 1 5 493
420 114 4 6 10251
420 288 3 6 5023
420 545 9 6 16965
421 400 5 1 4
422 736 1 4 55
423 384 5 1 4
424 481 10 2 42
425 161 8 1 7
425 746 9 1 7
425 776 2 2 10
428 32 6 1 4
428 194 7 1 4
428 880 5 1 4
430 203 4 1 5
433 398 5 2 11
434 734 2 3 34
436 597 2 2 4
441 21 5 6 19625
442 146 7 1 7
448 92 8 4 490
448 513 6 1 4
448 655 7 7 194935
452 136 7 1 4
452 488 9 7 142904
452 512 2 7 19132
452 513 2 2 7
453 368 8 1 9
453 661 3 10 96923178
454 437 4 2 14
454 782 3 1 4
455 640 4 5 935
456 105 1 4 75
456 376 3 6 9906
456 774 3 4 126
461 625 4 2 10
461 901 6 1 4
462 516 9 1 9
462 641 8 7 246043
464 265 8 1 4
465 531 9 1 9
465 761 10 1 7
465 902 1 2 4
467 211 7 1 4
469 425 10 1 4
472 256 7 2 20
472 801 7 7 119694
480 731 8 8 2163186
481 288 8 1 4
482 64 4 1 5
482 208 5 1 4
483 276 3 3 58
483 555 6 1 7
485 134 2 2 4
488 3 8 3 68
488 269 8 1 4
488 334 4 1 4
491 112 4 4 101
496 978 4 1 4
501 519 4 3 23
504 267 6 1 4
506 706 2 3 20
512 36 1 3 11
512 96 6 1 4
512 153 1 6 765
512 420 8 1 4
512 453 2 2 5
512 685 1 7 7284
513 42 10 1 7
513 100 2 3 28
513 315 8 3 118
513 548 9 5 2375
513 644 10 1 5
514 11 9 1 11
514 36 6 1 4
514 401 8 1 6
514 452 3 2 7
514 780 1 4 24
515 157 5 2 9
516 33 6 1 7
516 442 8 2 40
516 555 1 4 23
516 582 8 2 28
516 605 7 2 13
516 779 7 1 7
517 0 10 2 33
517 34 1 2 4
517 132 5 1 4
517 233 10 4 693
517 281 8 2 32
517 525 10 2 24
517 672 9 1 4
517 676 8 1 4
518 0 3 3 52
518 66 6 5 2552
519 517 2 3 12
519 944 8 1 4
520 164 4 3 83
520 328 10 1 10
520 436 6 1 4
520 896 8 1 4
521 229 2 2 4
521 546 5 2 10
521 554 8 1 7
521 560 10 1 7
521 609 2 2 4
522 234 5 2 22
525 134 5 2 10
526 548 4 2 14
526 776 2 3 12
527 36 5 1 4
527 713 10 3 72
528 97 8 1 7
528 156 1 2 3
528 171 7 5 3464
528 406 7 9 5358733
528 611 4 4 331
528 801 2 8 309459
529 148 4 1 4
529 517 7 1 12
529 520 2 2 4
529 737 5 1 4
530 20 8 1 4
530 522 3 3 60
530 696 4 1 4
532 11 1 2 4
532 292 5 1 4
533 5 3 2 10
534 6 2 2 4
534 425 7 1 7
534 786 5 2 16
534 928 6 1 4
535 10 4 1 4
536 687 2 2 4
536 902 2 2 4
537 99 6 2 13
537 478 6 3 78
538 74 6 1 4
538 84 5 4 113
538 820 6 3 47
540 256 1 2 4
540 481 5 2 13
544 21 6 3 53
544 24 4 6 5927
544 151 1 5 173
544 160 2 3 24
544 401 2 2 7
544 416 5 1 7
544 536 4 4 153
544 542 6 2 14
544 597 8 1 4
544 718 6 2 14
545 209 1 2 4
545 226 2 6 1952
546 2 5 1 7
546 4 6 3 109
546 650 5 3 91
547 265 9 3 185
547 427 8 1 5
548 512 9 2 34
548 577 7 4 644
548 586 9 3 194
549 68 8 3 44
549 146 1 5 172
551 40 2 4 184
551 89 10 1 4
552 136 8 1 7
553 102 9 4 950
554 296 1 2 4
555 52 5 1 4
556 409 8 1 10
557 6 8 1 4
557 400 2 2 9
557 512 7 1 7
557 557 7 3 92
557 770 7 1 4
557 938 7 1 4
559 557 7 1 4
560 18 2 2 4
560 32 10 1 4
560 96 3 1 4
560 354 7 1 4
561 444 3 2 9
561 786 1 3 18
562 162 4 8 160404
563 20 8 1 4
563 410 4 1 7
564 659 5 1 4
565 105 1 4 24
566 4 9 1 4
566 44 3 1 4
566 132 10 1 4
567 793 5 3 41
569 385 10 1 4
569 522 4 5 2446
571 100 7 1 7
571 457 3 1 4
572 36 2 3 14
572 64 9 1 10
573 886 10 2 38
574 533 7 3 90
576 4 7 2 34
576 5 9 5 1073
576 19 3 2 7
576 133 4 1 4
576 193 1 2 4
576 228 3 5 380
576 547 9 2 28
576 607 4 1 5
577 72 2 5 310
577 222 10 1 7
577 292 2 2 4
577 997 8 1 4
578 26 3 3 59
578 96 6 9 4259228
578 554 10 4 294
578 572 1 2 5
579 136 10 6 15022
579 621 7 1 7
579 789 8 2 19
583 129 10 3 187
585 208 1 3 17
585 217 1 2 4
585 389 1 4 24
586 658 7 1 11
588 784 5 1 4
590 276 1 4 32
590 520 3 2 7
590 788 9 4 211
591 147 3 4 95
592 2 4 4 185
592 4 8 7 39666
592 148 9 3 63
592 322 3 1 4
592 528 8 2 25
592 566 8 4 228
592 585 1 5 142
593 429 7 7 56199
595 58 9 1 4
595 557 7 1 5
596 91 2 2 4
596 385 7 1 7
597 387 8 1 9
599 92 9 1 4
600 562 2 2 4
600 573 10 3 112
600 575 7 4 208
601 335 2 3 36
601 431 3 2 7
602 480 8 1 6
604 913 9 5 1703
605 80 6 1 4
606 281 10 1 4
606 807 4 1 7
607 288 8 1 5
607 393 10 2 22
608 648 4 7 72342
609 28 2 2 4
609 210 4 1 7
609 225 10 1 17
610 24 6 1 4
613 840 1 2 4
616 450 10 1 7
616 806 6 5 2128
617 908 2 2 4
618 1004 9 1 4
619 76 10 1 5
619 140 4 1 4
619 231 4 4 131
623 1000 2 3 42
624 579 10 4 1079
625 261 4 5 1337
626 104 10 1 7
627 769 9 1 4
627 977 5 3 66
629 446 8 1 12
631 24 2 2 4
640 4 7 3 66
640 6 2 4 89
640 160 8 4 783
640 246 4 2 10
640 369 9 1 4
640 467 3 2 7
640 659 4 2 10
640 732 2 4 89
641 192 8 6 22921
643 73 9 1 4
644 48 3 5 378
644 660 10 3 81
645 25 1 7 39069
646 289 3 2 9
646 388 7 1 6
648 76 8 1 4
648 98 5 2 23
648 210 4 6 6311
648 301 4 2 18
648 512 10 1 4
648 694 3 3 27
648 769 4 1 7
650 108 8 1 4
652 594 1 2 4
654 129 8 1 4
654 565 3 1 4
655 761 8 1 7
656 3 10 1 12
657 201 2 2 4
658 10 8 1 4
658 226 3 2 12
658 640 6 1 4
660 36 5 1 4
660 69 4 3 88
664 205 2 2 4
664 781 6 1 4
665 3 4 2 15
665 260 6 1 4
667 587 2 2 5
668 464 7 1 4
668 749 9 4 956
672 64 6 5 3816
672 129 5 4 111
672 514 4 7 21155
672 608 10 1 12
673 104 8 1 4
673 656 2 2 4
674 259 2 2 4
674 288 4 1 4
675 470 8 1 7
676 52 7 1 7
680 20 5 9 3127480
680 39 3 1 4
681 6 9 1 4
681 33 7 1 4
683 278 9 1 4
686 426 4 2 13
688 385 10 1 4
691 12 9 1 4
692 914 9 3 76
693 397 2 2 4
694 768 8 3 150
694 931 7 5 1305
694 976 10 1 4
695 517 4 1 4
697 710 1 3 12
700 229 2 4 102
700 864 5 7 83601
704 34 10 1 4
704 292 7 4 308
704 370 6 1 7
704 514 10 3 174
705 596 7 1 7
705 854 4 6 10907
706 161 8 1 9
706 732 2 2 7
709 325 7 1 5
709 354 9 6 22450
709 644 5 2 11
709 843 6 1 4
711 19 6 1 4
712 35 8 1 11
712 141 10 4 381
712 283 1 5 294
712 862 8 3 54
713 837 10 1 7
716 842 7 4 167
719 512 5 3 37
720 7 1 3 7
720 144 6 4 185
721 0 7 5 3002
721 323 7 1 7
721 584 6 10 473027159
722 100 6 1 4
722 104 6 1 4
722 146 9 3 48
722 258 3 3 25
723 142 6 1 5
725 65 3 1 5
727 200 10 2 42
728 227 4 1 4
728 712 6 1 4
730 332 7 1 7
737 64 6 1 3
737 288 10 1 4
738 970 3 3 61
741 45 1 3 18
741 260 10 3 189
743 787 8 1 7
744 124 3 2 7
744 280 8 3 43
744 762 9 1 7
745 63 5 3 27
751 506 7 5 1603
752 261 8 1 4
752 786 2 7 38033
759 130 8 1 7
760 40 5 1 4
760 220 5 2 17
760 257 2 3 39
760 300 2 5 1197
763 668 3 6 3488
768 326 9 1 5
768 502 3 6 5360
768 666 5 2 12
769 34 6 2 11
769 773 10 1 4
770 256 4 6 12714
770 663 7 1 4
771 793 6 2 26
772 0 4 1 4
773 1 3 3 48
776 101 1 4 40
776 155 2 3 16
776 586 5 1 5
776 697 2 2 4
777 6 7 2 28
777 200 3 1 4
777 318 4 1 4
777 608 2 2 4
777 641 9 3 49
778 330 6 1 4
778 389 4 6 5592
780 16 7 3 42
780 552 7 2 34
780 707 10 2 38
780 901 8 1 4
781 496 6 2 14
782 226 1 2 4
782 405 5 1 4
784 1 3 3 22
784 549 9 5 2549
784 604 4 4 131
785 45 4 1 4
786 521 7 1 12
786 576 2 5 269
787 199 8 1 4
788 25 9 1 12
792 16 6 1 4
792 540 10 1 4
793 498 2 2 7
793 628 2 7 13194
795 422 4 3 33
798 776 9 1 7
800 9 5 8 1126063
800 97 6 3 35
800 824 10 4 882
801 312 9 5 1236
801 592 4 3 35
802 660 9 4 587
804 104 7 1 4
804 337 5 4 135
805 387 6 2 24
805 781 5 2 10
806 43 8 2 27
806 232 8 1 7
806 326 4 7 155403
808 302 2 2 4
808 526 3 1 4
808 777 8 3 49
808 945 10 1 4
810 17 6 3 63
812 778 2 5 468
814 523 8 1 4
816 18 7 4 231
817 784 10 1 4
818 253 1 5 606
819 69 10 1 4
819 538 10 1 9
824 392 1 2 5
824 609 8 1 12
824 978 5 1 4
828 592 10 1 4
830 356 9 6 18414
832 30 8 3 89
832 43 4 2 11
832 281 6 1 4
832 427 2 3 17
834 0 5 2 14
834 67 4 3 23
834 148 7 1 7
834 912 10 6 20178
835 392 3 1 4
836 86 7 4 426
836 485 4 1 7
838 785 2 2 4
840 96 7 6 6046
840 800 2 2 4
841 32 4 1 7
841 370 1 3 20
843 939 10 1 11
844 584 9 1 4
845 561 2 3 19
848 90 1 7 19667
848 188 6 3 115
848 899 10 1 4
849 792 10 5 3960
849 1018 9 3 55
852 2 9 1 4
852 72 2 2 4
852 824 5 1 7
856 256 8 1 4
857 42 10 1 4
862 130 1 5 251
863 516 1 3 15
864 23 10 1 7
864 786 1 4 74
866 260 3 1 4
867 998 3 6 9031
868 332 3 1 5
870 6 4 1 7
870 68 10 1 4
871 264 8 1 4
872 50 10 1 4
873 9 9 3 196
875 164 6 6 9369
882 42 8 2 15
884 802 4 1 4
885 601 8 1 7
894 392 9 2 31
895 603 10 2 22
896 330 3 4 115
896 868 1 2 4
897 39 4 1 6
897 523 9 1 5
897 1002 4 4 125
898 699 10 1 7
899 736 6 3 43
900 4 5 1 4
900 162 1 3 7
900 313 7 8 406279
902 131 4 4 299
903 339 4 5 586
904 112 8 3 119
904 231 2 2 4
904 552 9 5 1094
904 888 2 3 21
905 248 4 1 4
905 540 8 3 69
905 572 10 1 4
906 137 7 2 13
906 210 4 9 1674798
906 328 7 6 13341
907 276 5 5 1706
910 614 6 2 14
911 896 7 1 7
912 2 10 1 4
912 129 10 1 9
914 669 10 2 30
914 968 3 2 12
915 431 2 2 4
916 742 7 4 157
917 560 8 6 26746
917 912 2 3 27
921 320 4 3 32
922 784 2 2 4
924 33 3 5 1957
924 196 2 2 4
928 384 10 2 20
928 516 7 3 50
928 518 2 2 7
929 10 2 3 12
929 257 9 2 39
929 316 6 1 7
930 547 7 2 18
931 230 10 4 303
931 657 1 2 4
932 274 4 1 4
932 783 7 2 14
933 657 10 1 4
934 94 4 1 4
938 261 1 3 10
938 552 10 1 4
940 512 8 4 863
944 165 8 1 4
945 456 9 1 7
946 205 8 1 9
948 9 2 3 19
951 818 3 3 41
952 37 10 1 17
953 905 4 3 65
958 844 7 1 5
961 131 10 4 572
961 291 7 1 4
961 472 1 3 10
966 29 5 1 4
966 192 1 4 52
966 197 5 9 7518281
966 555 6 1 7
968 352 1 2 4
971 566 10 4 521
976 321 1 3 10
976 779 8 1 4
984 324 9 1 7
985 268 7 4 155
987 962 1 4 83
990 35 9 1 4
998 127 10 8 672807
1000 260 1 5 420
1001 286 2 1 3
1002 652 6 1 3
1003 684 7 1 12
1018 358 2 5 1368
1020 371 8 1 9
1020 385 10 4 262
