513 0.00436638486341585 
461 0.00436638486341585 
1220 0.00436638486341585 
232 0.00436638486341585 
1244 0.00436638486341585 
1255 0.00436638486341585 
388 0.004377341351592747 
1488 0.00436638486341585 
1697 0.00436638486341585 
1535 0.00436638486341585 
1480 0.00436638486341585 
593 0.0043554303658638015 
1451 0.00436638486341585 
1406 0.0043718631017071 
999 0.00436638486341585 
1211 0.00436638486341585 
1799 0.00436638486341585 
305 0.004366386681233856 
1018 0.00436638486341585 
629 0.00436638486341585 
1309 0.0043718631017071 
597 0.004377341351592747 
1846 0.00436638486341585 
1772 0.00436638486341585 
313 0.00436638486341585 
1373 0.00434994726173822 
1869 0.00436638486341585 
338 0.00436638486341585 
949 0.00436638486341585 
230 0.00436638486341585 
1153 0.00436638486341585 
1744 0.00436638486341585 
1720 0.00436638486341585 
623 0.00436638486341585 
169 0.00436638486341585 
1161 0.00436638486341585 
392 0.00436638486341585 
512 0.00436638486341585 
480 0.00436638486341585 
604 0.00436638486341585 
1277 0.0043718631017071 
855 0.00436638486341585 
1582 0.00436638486341585 
1390 0.00436638486341585 
1900 0.00436638486341585 
1301 0.004382829300771999 
893 0.00436638486341585 
346 0.00436638486341585 
1087 0.00436638486341585 
1774 0.004377341351592747 
296 0.00434994726173822 
1193 0.0043718631017071 
233 0.00436638486341585 
1097 0.00436638486341585 
989 0.0043718631017071 
587 0.00436638486341585 
1468 0.00436638486341585 
1522 0.0043718631017071 
216 0.00436638486341585 
373 0.004355427575759766 
569 0.0043718631017071 
734 0.00436638486341585 
1862 0.00436638486341585 
1646 0.00436638486341585 
707 0.00436638486341585 
9 0.004355427575759766 
1467 0.00436638486341585 
1292 0.00436638486341585 
272 0.00436638486341585 
1948 0.00436638486341585 
323 0.00436638486341585 
1962 0.00436638486341585 
51 0.00436638486341585 
33 0.00436638486341585 
822 0.00436638486341585 
311 0.00436638486341585 
1561 0.00436638486341585 
1124 0.00436638486341585 
983 0.00436638486341585 
374 0.00436638486341585 
93 0.00436638486341585 
1392 0.004377341351592747 
228 0.00436638486341585 
496 0.0043718631017071 
1079 0.00436638486341585 
619 0.00436638486341585 
1588 0.00436638486341585 
189 0.00436638486341585 
1026 0.00436638486341585 
477 0.00436638486341585 
495 0.004338990061083606 
1243 0.00436638486341585 
242 0.00436638486341585 
1425 0.00436638486341585 
1518 0.00436638486341585 
1061 0.004366386681233856 
229 0.00436638486341585 
105 0.00436638486341585 
321 0.00434994726173822 
777 0.004355427575759766 
1057 0.0043554303658638015 
1421 0.00436638486341585 
1951 0.004360907536282678 
599 0.0043718631017071 
1144 0.0043718631017071 
748 0.004377341351592747 
1751 0.004355427575759766 
1876 0.00436638486341585 
1684 0.00436638486341585 
1943 0.00436638486341585 
278 0.00436638486341585 
1132 0.00436638486341585 
712 0.00436638486341585 
1709 0.00436638486341585 
1912 0.00436638486341585 
1810 0.00436638486341585 
1782 0.00436638486341585 
519 0.00436638486341585 
1184 0.00436638486341585 
1481 0.00436638486341585 
289 0.00436638486341585 
527 0.00436638486341585 
144 0.0043718631017071 
1828 0.00436638486341585 
1641 0.00436638486341585 
151 0.00436638486341585 
1767 0.004355427575759766 
558 0.0043718631017071 
1950 0.00436638486341585 
998 0.00436638486341585 
1030 0.004377341351592747 
548 0.00436638486341585 
1238 0.00436638486341585 
280 0.0043718631017071 
185 0.00436638486341585 
938 0.00436638486341585 
1775 0.00436638486341585 
1228 0.00436638486341585 
795 0.00436638486341585 
965 0.00436638486341585 
702 0.00436638486341585 
1699 0.00436638486341585 
837 0.004371871925361759 
1979 0.00436638486341585 
200 0.00436638486341585 
1880 0.00436638486341585 
59 0.00434994726173822 
1136 0.004382829300771999 
1189 0.00436638486341585 
1670 0.00436638486341585 
491 0.00436638486341585 
972 0.00436638486341585 
1638 0.00436638486341585 
1110 0.00436638486341585 
1052 0.00436638486341585 
1893 0.00436638486341585 
114 0.00436638486341585 
1833 0.00436638486341585 
1483 0.00436638486341585 
381 0.00436638486341585 
552 0.00436638486341585 
1312 0.00436638486341585 
497 0.00436638486341585 
1282 0.00436638486341585 
345 0.00436638486341585 
1793 0.00436638486341585 
500 0.00436638486341585 
337 0.00436638486341585 
727 0.00436638486341585 
163 0.00436638486341585 
1510 0.00436638486341585 
1735 0.00436638486341585 
1210 0.00436638486341585 
1374 0.0043718631017071 
767 0.00436638486341585 
997 0.0043718631017071 
574 0.00436638486341585 
146 0.0043718631017071 
753 0.00434994726173822 
557 0.00436638486341585 
484 0.00436638486341585 
861 0.00436638486341585 
1708 0.00436638486341585 
71 0.0043718631017071 
186 0.00436638486341585 
1302 0.00436638486341585 
1325 0.00436638486341585 
1091 0.00436638486341585 
325 0.00436638486341585 
190 0.00436638486341585 
927 0.00436638486341585 
525 0.00436638486341585 
1457 0.00436638486341585 
488 0.00436638486341585 
1143 0.00436638486341585 
1742 0.00436638486341585 
1586 0.00436638486341585 
1877 0.00436638486341585 
8 0.0043554303658638015 
1676 0.0043718631017071 
