635 0.005502677843974401 
514 0.005177299182350883 
841 0.0054604364570449765 
1218 0.005579781481831414 
887 0.005721780847820439 
1239 0.005610623210639454 
40 0.005610626145163807 
1375 0.005902654088728536 
530 0.005439808264856138 
495 0.00559400164336528 
1409 0.005550543055308094 
559 0.005538132940021102 
1681 0.005585391524297949 
1550 0.00567691900155745 
162 0.005630853082362003 
1559 0.005479054528986954 
1280 0.005456823025876597 
461 0.005645069069683109 
227 0.005580182858171339 
27 0.005518702953998923 
732 0.00557637703110751 
548 0.005551744656591547 
330 0.005744213705698898 
1469 0.005649676161487681 
249 0.005793687421491541 
1389 0.005566969591985362 
1943 0.005546337479215852 
1678 0.005559756811084494 
1604 0.005616234313680316 
1989 0.005376131115267745 
1281 0.005651280422010053 
435 0.005594401367804382 
1769 0.005563960480589436 
658 0.005520704908336063 
1676 0.005529320347800726 
755 0.005574775968386028 
1323 0.0055948023665727264 
1824 0.005644671310452918 
843 0.005525316822627705 
214 0.005695143998511441 
1733 0.005489062710122974 
1720 0.005695545267255624 
1779 0.005584388125084502 
1987 0.005039585865762192 
41 0.00557998391929169 
1653 0.005595803641600082 
870 0.005483657820365637 
127 0.005610019979902328 
565 0.005493269456608164 
1882 0.005566964541708495 
652 0.005692139327860541 
1941 0.005549945718786718 
299 0.005458022448087148 
784 0.005598211382318131 
1036 0.00556496156923246 
389 0.005618637444934972 
1867 0.005724585615295272 
1199 0.005531315100306467 
310 0.005466037438734105 
895 0.005691138024267852 
1871 0.0056134295565927915 
1834 0.005649078107440703 
116 0.0056004100237020404 
1752 0.005519699910801385 
1425 0.005615235449173456 
994 0.00550448332436481 
684 0.005370727030375814 
1710 0.005541933543185166 
788 0.005876814150482178 
722 0.005567565522209082 
1012 0.0057422082246203375 
575 0.005439008829023749 
579 0.005543134748464722 
1445 0.005612626137938923 
90 0.0055201045201140235 
1044 0.0055403296016680375 
743 0.005726589188767628 
804 0.0055493412826606026 
806 0.005265407550739994 
160 0.005539529260433481 
