1647 0.013471966992141598 
271 0.013024373246632033 
955 0.01306525919948553 
350 0.013110449074192428 
1278 0.013046968085369702 
1601 0.012890956177337206 
1789 0.012598299632268922 
936 0.012230326642649796 
1289 0.013340701579871503 
1381 0.013343929470308671 
624 0.012323933197656596 
105 0.01350424930064331 
670 0.013100765341160229 
860 0.013253554614891482 
1290 0.013072790909511729 
1711 0.01345475231721447 
770 0.013243865990606118 
1238 0.012918930664156296 
1380 0.013230955913393844 
1879 0.012929690174324446 
1807 0.013096461557956405 
1013 0.013142727223039722 
563 0.013021145412731392 
1842 0.01286082972088433 
1710 0.012753235477935098 
1091 0.013539751304416198 
863 0.01300931001881741 
396 0.013136271592892634 
1404 0.013249245932143935 
1713 0.012788741801377972 
1524 0.012833931063463734 
140 0.012776906320350228 
1600 0.012825323714791512 
1025 0.013187916941587803 
1850 0.013012537851428497 
78 0.013955071328964501 
1578 0.012908171308586833 
1211 0.013136271553062902 
1129 0.013224499129432963 
1950 0.012885576500614114 
