0 18 6 1 10
0 150 2 3 11
0 156 9 10 72415470
0 166 4 1 4
0 215 6 6 15393
0 259 10 1 12
0 274 9 1 4
0 321 8 5 2489
0 670 2 2 5
0 674 7 9 6148808
0 679 1 4 94
0 704 10 3 90
0 843 7 6 6899
0 902 5 1 7
0 936 1 5 119
1 15 6 2 13
1 30 4 2 16
1 70 3 1 5
1 292 10 4 512
1 357 8 1 7
1 535 9 1 4
1 768 6 1 7
1 825 8 1 5
1 920 5 4 404
2 3 6 3 109
2 8 1 2 4
2 48 10 2 47
2 132 4 1 4
2 328 9 1 4
2 523 8 1 7
3 24 1 2 4
3 131 4 4 107
3 272 10 2 18
3 277 5 1 4
3 592 9 1 4
3 652 3 1 4
4 0 9 4 638
4 4 9 3 76
4 15 10 2 50
4 50 4 1 4
4 64 3 2 10
4 284 1 2 4
4 368 8 1 7
4 517 9 3 91
4 576 10 2 32
5 18 5 1 4
5 584 4 6 3506
5 887 5 1 8
6 148 6 1 4
6 267 7 1 4
6 466 5 1 4
6 512 6 1 7
6 798 5 1 4
6 1002 9 1 10
7 110 6 1 4
7 237 2 2 10
7 715 8 1 7
8 2 5 1 7
8 32 6 2 23
8 273 9 1 4
8 486 7 1 4
8 552 7 1 10
8 642 10 1 17
8 656 10 1 7
8 902 6 2 15
9 39 3 2 12
9 43 10 1 7
9 526 2 3 15
9 572 7 2 31
9 823 8 1 4
9 907 3 1 4
10 75 3 4 93
10 523 3 4 203
10 680 10 1 4
10 778 7 5 1509
11 204 4 2 10
12 0 10 1 7
12 65 1 6 807
12 116 5 7 28279
12 269 2 3 15
12 366 7 3 65
12 634 9 2 19
12 781 8 1 4
13 192 7 5 2287
13 224 6 1 4
13 320 4 4 100
13 780 5 2 13
14 210 8 2 15
14 321 10 1 4
14 376 3 4 86
14 616 5 3 43
15 352 5 1 4
15 485 4 6 2965
15 659 1 2 4
16 9 1 3 7
16 24 5 4 211
16 64 6 1 7
16 96 3 2 10
16 198 6 1 4
16 516 3 1 4
16 643 8 1 8
18 51 2 2 7
18 641 5 7 49078
18 645 7 1 4
19 709 3 5 1064
20 1 8 4 280
20 36 7 1 4
20 176 10 1 4
20 786 6 1 7
21 116 5 8 284880
21 258 1 2 4
21 308 5 2 9
22 97 4 1 7
22 133 3 4 131
22 281 10 2 26
22 565 8 1 7
23 328 9 5 1031
23 770 10 1 4
24 9 8 1 11
24 533 7 3 56
24 781 4 1 7
24 786 1 3 9
25 523 5 2 9
25 592 3 2 7
26 20 10 2 40
27 210 5 1 8
27 547 7 1 4
27 549 9 1 4
28 42 5 6 22289
28 146 7 4 209
28 192 4 1 4
28 624 6 3 106
29 1 9 1 7
29 532 10 1 4
31 77 5 1 4
32 33 5 1 7
32 42 6 6 7029
32 211 10 1 7
32 219 1 4 31
32 612 2 3 28
32 641 4 1 4
32 721 10 1 4
32 803 3 3 60
33 3 2 7 17611
33 277 1 2 4
33 785 5 7 104558
33 945 10 1 4
34 561 8 2 16
34 720 4 2 18
34 800 1 4 34
36 48 9 2 40
36 266 3 1 4
36 320 5 4 392
36 448 9 3 81
36 705 9 4 991
36 858 5 2 26
37 2 5 1 4
37 364 9 1 8
37 520 7 1 4
37 673 8 4 531
38 180 3 8 326656
38 204 6 1 4
38 544 9 1 7
39 3 5 1 5
39 520 2 7 46968
39 982 9 1 4
40 9 6 1 4
40 20 10 1 4
40 39 4 2 13
40 256 10 5 1770
40 528 8 1 4
40 605 4 1 4
40 645 7 4 235
40 672 5 1 4
40 756 4 1 4
40 761 9 1 7
40 840 1 3 10
40 980 4 1 4
41 513 4 3 39
42 42 2 3 12
42 140 9 7 82222
42 778 9 1 4
42 839 8 1 4
43 546 4 3 51
44 10 8 2 40
44 12 10 2 44
44 47 8 4 285
44 430 7 2 16
44 524 6 2 25
45 23 2 2 10
45 50 2 2 7
45 74 1 6 849
45 266 9 2 21
45 615 9 1 13
45 808 9 1 4
47 1022 4 1 4
48 67 9 4 738
48 176 1 8 103006
48 193 7 1 7
48 198 10 1 4
48 226 9 1 4
48 646 4 1 4
48 789 6 3 130
48 843 7 1 4
49 313 4 1 4
49 516 4 3 71
50 528 9 1 4
51 70 2 4 79
51 377 5 5 3145
51 516 2 7 13021
52 256 4 1 4
52 390 7 1 4
53 146 7 2 15
54 718 7 3 93
55 278 2 2 4
56 89 7 1 7
56 267 3 1 5
57 5 3 4 75
57 128 3 4 148
58 113 4 3 25
59 58 4 3 77
59 292 4 1 4
59 583 4 1 7
60 112 2 6 2884
60 948 8 2 17
64 1 1 6 1486
64 26 3 1 4
64 41 5 1 5
64 194 6 1 7
64 197 7 3 50
64 203 1 5 128
64 272 2 4 60
64 370 7 1 4
64 686 5 2 10
64 756 9 1 13
64 780 8 1 4
65 25 4 1 7
65 61 7 1 4
65 104 2 2 7
65 118 5 1 4
65 265 5 1 4
65 421 7 1 8
65 571 4 3 60
65 614 9 4 558
67 2 5 2 15
67 16 2 2 4
67 20 7 4 480
67 73 4 2 10
67 453 3 1 4
67 840 3 7 32982
68 153 5 7 57630
68 192 9 4 497
68 226 8 3 127
68 284 2 2 4
68 322 7 2 20
68 576 8 1 4
69 138 9 1 7
69 276 9 1 4
69 466 1 3 16
69 529 10 4 461
69 768 4 1 4
70 109 10 6 19171
70 431 10 5 6544
70 642 7 1 5
70 646 8 1 4
70 648 4 4 389
70 672 9 3 74
71 1 6 2 24
71 409 8 1 7
71 700 1 3 7
72 8 10 1 15
72 65 5 3 29
72 280 9 1 5
72 533 10 1 7
72 961 6 1 4
73 870 3 4 74
73 999 7 1 4
74 512 9 4 832
74 600 8 6 12402
74 1012 10 2 44
75 259 3 4 293
76 76 10 5 6561
76 133 4 3 29
76 262 9 1 12
76 586 8 1 9
76 855 2 2 4
77 450 3 1 5
77 456 8 1 5
78 288 5 7 44053
78 517 8 3 44
78 784 5 1 4
80 82 6 2 23
80 132 5 1 7
80 211 4 2 20
80 528 6 9 2203148
80 677 4 7 47203
80 920 7 1 4
83 115 6 6 5329
83 124 9 1 7
83 617 3 3 21
84 64 9 1 4
84 74 2 4 141
84 216 6 1 4
84 490 10 1 4
85 31 4 3 33
86 234 6 1 7
87 515 3 4 227
88 330 9 1 4
89 2 10 1 4
89 4 1 4 36
90 274 7 1 4
90 843 8 1 4
91 652 4 1 4
91 951 3 5 726
92 38 4 1 7
93 49 1 3 7
94 869 5 1 4
95 20 10 4 1117
96 32 8 7 108189
96 80 4 4 95
96 103 2 6 2753
96 148 1 2 4
96 208 6 8 243070
96 220 5 2 11
96 276 8 1 14
96 321 4 6 7978
96 356 7 1 4
96 547 3 1 5
96 776 9 1 4
97 48 1 2 4
97 130 6 5 860
97 144 9 1 4
97 167 6 1 4
97 286 10 1 4
97 473 10 3 174
97 525 2 8 361663
98 14 6 2 16
98 401 9 1 7
99 134 10 4 318
100 128 6 1 4
100 294 3 2 7
100 752 9 5 3703
101 392 9 1 5
102 6 4 1 4
102 264 5 1 8
104 26 1 5 438
104 28 6 4 332
104 48 3 1 4
104 132 4 1 7
104 512 1 2 4
105 296 9 2 29
105 779 4 4 102
106 516 4 1 7
106 652 7 1 4
109 707 8 1 12
112 1 5 1 4
112 3 7 3 54
112 165 1 4 48
112 776 1 10 6014941
114 68 5 2 10
114 416 8 8 1417973
114 452 1 2 4
114 497 2 7 12997
117 106 4 6 6727
117 803 8 1 10
118 565 1 2 4
121 536 6 5 3389
122 185 6 4 526
122 294 4 2 13
123 600 2 2 4
124 348 3 4 126
125 268 3 3 56
128 134 9 1 7
128 200 4 2 12
128 208 6 1 8
128 320 6 5 760
128 362 10 2 19
128 375 10 3 180
128 433 5 1 5
129 0 8 1 7
129 39 7 6 5715
129 163 9 2 18
129 584 3 9 1259792
129 707 5 1 7
130 78 8 1 4
130 272 10 2 50
130 368 10 1 8
130 520 3 2 7
130 540 8 3 45
130 772 5 1 4
131 581 9 4 454
132 137 5 1 7
132 516 2 2 5
132 713 9 1 4
132 916 10 8 2804390
132 957 10 1 4
133 23 6 1 8
133 138 1 3 8
133 614 1 2 4
134 67 8 1 4
134 84 8 2 20
134 208 5 4 139
134 224 8 1 4
134 377 8 1 4
134 516 2 2 4
134 768 6 1 4
135 544 3 1 5
136 21 4 1 7
136 160 8 1 4
136 610 9 6 37453
136 657 7 4 208
136 684 6 1 4
137 148 8 1 7
137 256 3 2 7
137 325 2 2 8
137 678 3 2 7
137 778 7 1 4
138 266 7 1 4
138 590 10 1 15
138 902 10 3 61
139 865 5 5 1147
140 143 8 4 692
140 168 4 1 4
140 464 9 1 5
140 724 5 1 5
141 2 3 5 418
141 521 6 1 7
141 954 5 1 4
142 641 10 6 14757
143 116 7 2 15
144 248 3 5 949
144 257 3 6 4728
144 418 3 5 1223
144 433 6 1 5
144 520 7 4 266
144 800 2 4 173
145 1 3 1 4
145 2 2 2 5
145 67 1 5 197
145 184 9 1 4
145 216 4 3 60
145 392 1 2 4
146 69 7 2 23
146 146 6 1 4
146 910 3 2 10
147 513 3 1 4
147 522 9 4 626
148 24 2 4 128
148 278 9 1 4
148 464 2 2 4
148 515 6 1 4
148 912 9 1 7
149 20 7 1 4
149 633 10 5 3639
150 160 1 2 4
151 102 9 1 7
151 250 9 2 19
153 26 1 2 4
153 151 8 1 4
153 598 4 1 4
153 961 6 1 7
156 54 4 1 4
156 133 3 3 42
156 521 5 1 4
156 814 8 3 83
157 404 5 2 15
160 34 3 3 33
160 81 1 3 22
160 801 2 2 4
161 376 5 1 7
161 524 8 1 5
161 717 6 1 5
161 898 4 5 623
162 160 1 3 20
162 306 1 3 14
163 361 8 1 9
163 601 2 3 20
164 34 4 1 4
164 87 3 8 823150
164 217 8 1 4
164 280 8 2 26
164 646 10 3 179
165 141 7 1 7
165 397 10 1 4
167 384 8 1 7
167 712 3 1 5
168 8 10 1 4
168 52 6 3 49
168 67 3 6 2926
169 25 8 1 8
169 351 5 1 4
171 810 3 1 5
172 8 7 1 4
172 664 2 9 899376
173 261 8 1 4
174 493 5 7 34213
174 582 5 1 4
175 863 6 1 7
176 137 1 5 393
176 273 7 1 7
176 824 10 4 664
177 611 8 1 5
177 744 4 4 393
178 100 2 5 653
178 797 4 1 4
179 429 9 2 40
180 19 5 6 4109
180 152 7 6 5531
180 600 6 5 1733
181 331 5 2 13
182 672 4 1 7
182 728 4 1 7
184 664 8 2 36
185 42 10 3 83
185 391 1 9 513363
186 582 9 1 7
187 800 3 1 4
188 4 7 4 186
188 199 7 3 93
192 43 10 4 897
192 72 2 3 36
192 177 10 2 19
192 392 10 5 2536
192 713 5 1 7
192 999 9 5 1273
193 8 1 3 7
193 120 9 6 38942
193 131 9 1 12
193 162 6 1 4
193 375 1 3 9
193 422 1 3 10
193 718 6 2 25
193 775 5 1 4
194 592 10 5 2058
196 81 5 1 4
197 61 9 1 7
197 769 5 2 18
198 3 1 3 18
198 196 10 7 288608
198 812 4 1 4
200 146 10 5 2200
200 577 3 3 19
200 924 1 3 19
201 39 2 3 19
201 98 6 1 4
201 140 4 4 353
204 520 3 2 7
205 457 2 2 4
206 80 7 4 165
206 530 4 1 4
209 513 4 1 4
212 112 7 1 7
212 285 1 6 1449
216 66 5 1 4
216 138 8 6 15057
216 792 3 3 20
217 923 5 1 4
218 86 5 1 4
219 389 1 4 29
220 176 5 7 24864
220 658 9 1 5
222 532 7 1 7
225 257 7 1 5
225 316 4 3 81
225 948 10 1 8
226 157 3 4 145
227 336 4 1 4
227 592 7 1 4
227 838 7 1 7
230 9 6 3 52
231 261 10 1 4
233 912 10 2 28
233 973 9 1 4
234 848 1 6 2123
235 281 3 4 164
238 642 3 2 12
239 370 1 3 18
239 560 7 1 4
240 66 5 4 274
242 156 10 1 5
244 356 1 5 459
244 932 9 3 70
246 64 7 2 18
248 290 1 3 10
248 557 8 1 5
248 902 4 1 4
250 46 8 6 25580
256 5 4 3 45
256 69 3 1 4
256 97 9 1 6
256 212 8 1 8
256 262 2 5 979
256 312 8 2 15
256 344 9 1 7
256 416 10 1 16
256 522 8 1 4
256 616 2 2 4
256 705 6 5 819
256 764 8 4 353
256 963 9 1 5
256 992 3 1 5
257 156 5 1 5
257 272 3 5 1837
257 544 7 1 7
257 912 1 4 31
258 265 8 3 47
258 673 2 3 11
258 880 6 1 10
259 7 10 1 4
259 100 5 3 38
259 165 6 6 7247
259 226 2 2 4
259 268 4 2 10
259 327 7 3 151
259 532 2 2 4
260 131 1 6 1915
260 978 5 1 4
261 356 9 3 148
261 672 8 2 35
262 32 4 4 368
262 134 3 2 7
262 256 2 2 4
262 906 9 2 19
262 1013 4 5 577
264 1 2 2 5
264 4 4 1 4
264 568 4 1 4
265 264 10 1 5
265 339 7 1 4
266 11 1 4 42
266 56 10 1 13
266 272 2 2 4
266 326 3 3 20
266 336 7 2 13
266 504 10 3 59
268 12 5 2 14
268 34 3 4 193
268 524 9 6 8130
268 577 5 2 18
269 640 9 5 1657
270 532 9 4 220
270 642 2 2 7
272 41 1 2 4
272 162 9 2 20
272 208 3 6 9666
272 225 4 3 37
272 234 10 1 4
272 259 2 2 4
272 684 4 1 7
272 899 4 1 4
273 47 6 5 800
273 693 7 2 19
274 98 2 8 172525
274 334 2 9 907927
275 116 7 1 4
275 512 2 5 329
276 288 7 1 4
276 538 6 1 4
276 628 5 6 3722
277 8 1 2 4
277 27 1 2 4
278 258 2 2 4
280 36 3 2 13
280 82 2 8 131263
280 600 2 2 5
281 101 5 2 19
282 136 9 3 56
282 717 2 3 23
282 787 6 1 4
283 35 3 5 1953
283 514 4 4 153
284 835 3 5 492
285 104 8 1 8
286 624 7 9 10862195
287 448 5 5 3020
288 50 7 1 7
288 341 7 1 4
288 545 2 6 3032
289 345 9 1 9
289 468 6 6 8088
290 0 9 1 4
290 388 6 2 16
291 610 10 1 4
291 768 3 1 4
291 967 1 3 8
292 7 6 3 39
292 524 5 1 4
292 593 5 6 4743
293 256 1 2 4
296 57 2 3 24
296 231 7 4 453
296 260 7 1 4
296 288 8 1 5
296 336 8 4 401
296 409 8 4 724
296 516 4 1 7
297 167 2 3 33
297 325 7 1 4
297 389 8 1 4
297 742 10 5 1360
299 291 8 3 162
300 140 1 2 4
301 777 4 3 55
304 8 6 1 7
304 63 4 1 4
305 11 3 2 13
305 34 10 1 4
305 163 1 9 1894673
305 576 2 4 100
306 550 5 1 8
306 918 6 1 4
307 514 7 1 4
308 832 10 2 46
308 848 7 1 7
309 77 1 2 4
309 774 1 3 18
310 44 3 1 5
310 936 2 2 4
314 518 2 4 79
318 532 10 4 490
318 914 2 4 85
320 315 1 3 7
320 407 6 1 8
320 468 10 1 4
320 641 1 4 55
321 262 4 1 4
321 768 3 1 4
322 0 8 7 41205
322 272 4 1 4
322 416 10 1 7
322 899 3 4 77
322 902 10 1 10
323 515 3 7 101255
324 106 8 1 4
324 167 4 1 4
324 200 6 3 112
324 530 8 4 385
325 6 2 2 4
325 74 3 1 4
325 145 2 2 9
325 192 4 1 4
325 720 8 3 64
326 280 3 4 153
327 698 6 3 42
328 45 9 1 4
328 853 2 2 4
329 258 9 4 752
331 512 3 2 7
332 643 4 1 4
334 288 2 2 5
335 83 1 2 4
335 391 7 1 7
336 18 1 2 4
336 100 7 4 545
336 576 1 2 4
336 632 4 2 12
337 352 9 6 8344
337 768 2 2 4
337 833 6 1 4
338 33 2 6 7402
338 169 10 2 28
339 42 3 4 118
340 106 3 3 45
340 763 3 5 650
343 475 4 3 24
344 188 3 3 61
344 676 7 2 16
345 32 1 3 13
345 728 6 4 243
346 11 8 3 127
346 89 4 2 11
347 313 5 1 4
348 395 10 1 4
352 419 5 1 7
352 680 8 1 4
352 794 8 4 244
353 138 5 7 160465
353 684 7 4 276
354 836 6 2 13
355 134 5 1 4
355 634 2 2 4
357 433 5 2 13
357 641 2 2 4
357 690 10 2 24
358 3 7 1 4
358 168 8 1 4
360 810 4 3 24
361 316 4 1 4
362 34 1 2 4
363 162 4 3 27
363 424 6 3 73
364 740 3 2 7
368 738 5 1 5
368 925 2 5 1341
371 112 7 1 10
372 352 3 1 4
375 77 5 5 944
376 193 6 1 7
379 333 8 7 92543
380 339 8 10 640828599
381 531 10 3 216
384 5 4 3 31
384 156 3 3 48
384 168 5 1 4
384 332 3 1 4
384 423 10 2 21
384 531 4 1 4
384 597 2 4 70
384 841 10 1 7
385 2 9 1 11
385 213 4 4 95
385 513 9 3 71
386 64 1 3 20
386 206 10 1 4
386 275 1 2 4
386 846 8 1 8
386 849 4 1 7
387 147 6 1 4
387 545 2 4 46
387 1016 5 6 4996
389 596 6 7 45128
390 566 9 1 12
391 461 1 2 4
391 800 2 2 7
392 38 9 1 4
392 336 2 2 4
392 674 2 4 52
393 577 3 2 15
394 590 7 1 9
395 4 5 2 26
395 558 8 1 4
396 6 2 10 532756781
396 454 10 4 1065
396 546 10 1 5
396 915 9 1 7
396 960 1 8 42626
397 132 9 1 10
397 518 7 1 4
399 9 5 1 4
400 10 2 2 7
400 144 6 3 32
401 277 1 4 26
401 284 2 2 4
401 673 8 1 4
402 68 3 2 7
402 80 2 2 4
402 769 9 1 7
403 98 4 1 7
404 209 5 1 4
404 298 8 2 24
406 677 9 10 39201252
407 591 3 1 4
408 576 7 3 91
409 66 6 1 4
409 417 9 2 19
409 888 7 1 11
410 520 9 1 4
413 640 1 2 4
416 52 10 1 4
416 292 5 2 16
416 832 9 1 4
417 577 7 1 4
419 7 6 1 5
419 62 10 1 4
420 114 3 1 4
420 288 9 1 5
420 538 6 8 2117516
420 545 4 6 16882
422 736 3 2 13
423 384 8 7 112914
424 481 2 5 796
425 161 2 4 215
425 746 6 2 15
425 776 3 3 20
427 580 9 2 19
428 194 1 7 12779
428 880 7 1 4
430 203 7 4 583
433 24 3 6 14595
433 398 8 1 4
434 734 10 1 4
436 641 6 2 18
441 21 5 1 4
442 146 6 1 4
444 769 1 7 7462
448 513 1 4 29
452 205 4 3 24
452 512 9 5 1563
452 513 5 5 2367
453 368 5 4 141
453 661 7 1 7
454 437 1 2 5
454 782 4 1 4
455 640 7 5 886
456 105 1 5 213
456 376 6 3 38
456 774 5 8 312732
457 906 4 3 48
458 743 3 4 110
460 566 4 3 65
461 625 3 1 5
461 901 7 2 13
462 641 1 3 21
463 916 4 2 12
464 265 7 6 21577
464 928 7 4 395
465 531 9 5 1417
465 761 9 6 8670
467 211 2 7 77187
467 300 4 2 12
472 256 9 2 31
472 801 2 2 4
473 6 9 3 76
476 775 5 1 7
480 0 5 1 4
480 665 3 1 4
480 928 2 2 4
482 64 3 2 7
483 276 7 2 28
488 269 9 4 395
491 112 3 1 4
504 267 5 4 378
506 706 9 1 15
512 1 6 3 114
512 36 1 2 4
512 96 7 1 4
512 153 5 5 725
512 173 1 8 51289
512 453 6 1 7
512 482 6 7 37791
512 514 6 1 4
512 522 2 2 4
512 685 3 2 8
513 42 3 2 13
513 65 3 1 4
513 112 8 1 10
513 315 2 6 5165
513 340 2 2 4
513 548 10 2 21
514 160 5 2 18
514 401 10 1 4
514 522 3 1 4
514 572 7 1 4
515 93 1 3 8
515 157 6 1 10
516 33 5 4 391
516 72 1 5 219
516 555 5 4 147
516 779 9 1 4
517 3 1 2 4
517 233 8 1 10
517 281 7 4 565
517 525 7 7 54262
517 534 5 1 4
517 672 4 1 4
517 676 10 1 7
517 768 10 4 489
518 66 5 1 5
519 517 3 1 4
519 944 9 1 4
519 967 7 1 7
520 9 2 6 5145
520 94 2 7 27690
520 436 6 1 4
520 785 2 4 82
520 812 9 6 22472
520 896 10 1 16
521 131 8 1 4
521 229 3 1 5
521 450 10 1 7
521 554 7 3 95
521 609 4 3 23
522 1 8 4 230
522 549 9 3 67
523 650 3 4 240
524 159 9 1 11
524 173 10 1 4
526 548 1 3 15
526 776 7 1 4
527 36 10 1 4
528 10 9 1 4
528 144 4 1 4
528 171 9 1 4
528 406 9 4 234
528 582 4 1 7
528 611 4 1 4
528 720 8 2 24
528 801 5 3 65
529 260 6 3 79
529 520 10 1 4
529 737 4 1 4
529 836 8 1 5
530 20 2 3 44
530 278 5 1 7
530 522 6 5 1727
532 11 10 2 36
532 292 8 1 8
532 853 5 5 1989
533 5 1 5 466
533 787 10 1 4
534 6 4 1 4
534 786 10 2 19
534 928 8 2 35
535 10 2 2 10
536 244 6 3 82
536 412 8 5 1399
536 687 3 1 4
536 902 2 5 444
537 99 5 1 7
537 138 5 1 4
537 257 9 1 4
541 344 9 4 761
544 24 9 4 498
544 160 4 3 37
544 401 4 1 7
544 416 2 3 14
544 429 7 7 144852
544 542 10 1 4
544 597 3 2 7
544 718 1 4 50
545 209 9 1 4
546 4 5 4 146
546 612 3 1 4
546 650 5 1 4
547 265 4 4 182
547 427 5 1 8
547 577 9 2 21
548 169 5 1 5
548 512 3 7 19340
548 577 2 5 622
548 586 5 3 72
549 68 5 1 4
549 146 9 1 13
549 530 1 2 4
549 647 2 2 4
550 36 2 3 34
550 649 6 1 7
550 800 6 1 4
551 4 8 1 4
551 40 5 3 36
552 640 8 2 23
553 36 4 4 240
554 137 3 1 4
554 296 8 2 15
555 52 3 7 61693
555 418 5 1 4
556 409 8 1 4
557 6 6 1 4
557 15 2 5 468
557 370 10 1 5
557 400 6 2 28
557 512 10 1 4
557 557 3 6 5098
557 770 5 1 4
557 938 3 1 4
560 96 3 3 55
561 10 2 5 368
561 444 3 3 27
561 786 7 1 10
561 993 9 1 7
563 410 5 1 7
564 656 6 4 473
566 4 7 1 4
566 44 7 1 4
567 793 1 2 4
569 385 5 8 207937
572 36 2 2 4
572 257 2 2 4
573 797 8 1 5
574 18 8 1 4
574 696 5 6 7199
576 4 6 2 13
576 19 1 6 963
576 76 2 6 5278
576 172 5 1 4
576 193 10 6 18040
576 547 7 2 23
577 72 8 1 4
577 236 2 3 20
577 292 1 2 5
577 401 3 6 7256
577 661 5 3 68
577 997 4 1 7
578 26 3 7 27779
578 120 4 2 10
578 572 4 1 4
578 575 1 2 4
579 80 6 1 5
579 136 2 5 343
580 64 3 2 10
580 598 3 1 4
581 645 8 4 538
582 633 8 1 10
583 129 10 2 25
584 432 2 2 7
585 64 3 2 13
585 208 3 4 72
585 217 6 1 7
585 389 10 2 47
586 658 3 2 7
589 389 4 1 4
590 520 9 1 7
590 788 2 2 4
591 147 6 7 121719
592 4 5 7 38512
592 148 8 3 72
592 585 5 4 111
593 429 9 1 7
595 58 10 1 8
596 33 2 2 4
596 91 9 3 82
597 387 5 6 4988
599 92 2 2 4
599 176 3 6 3032
600 573 5 6 22409
600 575 10 5 1737
602 480 8 1 4
604 913 4 2 15
605 80 3 5 1443
607 288 7 4 688
607 393 10 1 4
608 185 1 2 5
608 576 6 1 5
608 648 10 1 4
609 28 10 2 21
609 526 10 1 5
610 24 1 3 18
611 125 10 4 259
612 170 8 7 105950
612 534 2 4 225
614 265 7 1 9
614 936 7 4 286
616 806 8 4 849
617 374 3 1 4
617 908 10 1 4
618 1004 5 1 4
619 76 5 7 31759
619 140 8 1 4
623 1000 9 1 4
624 579 2 5 1074
625 261 5 1 4
627 769 7 1 4
629 528 4 1 4
632 18 8 1 4
633 812 9 1 7
635 546 3 2 10
637 73 10 1 4
638 161 9 1 10
640 4 6 1 7
640 6 5 3 77
640 160 5 1 7
640 181 10 1 16
640 246 5 1 4
640 258 6 1 4
640 369 2 2 10
640 659 1 2 4
642 512 3 4 85
642 562 9 1 7
643 73 10 3 90
644 48 4 2 12
644 387 7 6 31595
644 660 3 4 81
645 25 9 2 35
645 963 6 1 4
646 289 10 1 15
648 76 6 1 10
648 301 5 2 14
648 369 8 1 13
648 694 6 1 4
648 769 10 1 4
649 48 9 1 4
651 290 8 1 4
652 594 6 1 10
654 129 8 1 4
655 761 6 1 4
656 278 8 2 32
657 79 4 1 4
657 201 3 3 40
658 26 2 2 4
658 226 8 2 35
660 52 3 5 1252
660 85 3 8 166291
660 648 7 1 4
662 374 9 6 25602
664 16 2 8 380822
664 781 3 3 21
665 3 4 6 13066
665 260 9 3 118
668 163 6 2 12
668 464 3 5 1049
672 64 10 5 3790
672 514 2 2 7
672 717 9 10 59261211
673 104 8 1 7
673 656 6 1 4
674 259 7 1 12
674 288 6 1 4
674 672 8 1 4
675 257 8 6 7559
675 470 1 4 94
676 52 5 1 4
677 121 9 1 4
678 237 7 6 8655
679 556 10 1 4
680 450 2 5 947
680 540 5 1 4
681 6 10 1 12
681 33 10 1 7
682 156 9 1 5
683 278 3 1 4
686 593 6 1 4
690 110 4 4 151
692 914 5 1 8
695 517 10 1 4
700 18 2 2 7
700 229 8 1 8
700 864 3 2 7
701 34 3 3 60
701 941 6 4 330
704 34 9 1 4
704 76 10 4 235
704 292 2 2 4
704 370 1 2 4
705 854 3 1 4
706 17 4 3 37
709 325 6 1 4
709 644 4 2 10
709 843 6 1 5
710 2 6 1 4
711 19 6 1 4
712 141 8 1 7
712 283 8 1 7
712 294 2 6 1536
712 862 8 3 46
716 339 8 2 33
716 842 4 2 12
719 512 10 1 7
720 144 5 4 306
721 0 5 1 4
721 104 3 3 31
721 584 3 2 15
722 82 10 1 5
722 398 10 1 7
722 464 2 2 5
724 20 7 1 4
724 596 6 1 4
726 322 10 1 4
727 200 8 2 18
728 227 10 1 7
728 350 9 1 4
730 332 7 1 4
736 24 7 2 16
737 64 8 1 4
737 288 4 1 4
737 610 5 1 4
738 970 4 1 4
740 778 1 5 256
741 260 7 1 4
744 124 8 1 14
745 63 10 1 4
746 536 6 2 30
752 494 9 3 130
752 786 5 1 4
759 130 1 3 10
760 257 6 1 4
760 300 9 1 4
761 435 5 7 35343
765 513 8 4 831
768 68 4 1 5
768 502 6 1 4
768 736 7 1 4
768 738 7 1 4
769 34 6 3 59
769 350 4 1 4
769 773 1 2 5
770 67 8 1 7
770 211 3 4 84
770 256 3 3 31
770 663 1 2 4
771 128 4 2 13
771 793 7 1 10
772 130 1 8 138917
774 8 2 9 2468923
775 921 7 1 10
776 101 7 1 4
776 586 5 1 4
777 200 9 1 5
777 318 4 2 8
777 539 10 2 21
777 608 9 1 4
778 389 4 2 13
780 193 7 7 39184
780 552 8 2 18
780 707 8 1 4
781 222 1 4 33
781 496 7 2 34
782 226 8 2 39
784 1 2 2 4
784 514 4 3 23
784 569 8 1 4
784 634 2 3 31
785 45 10 1 5
785 257 8 2 18
786 142 10 1 10
786 521 6 1 7
786 576 4 2 14
786 914 6 1 7
788 25 9 2 25
788 332 1 3 10
792 16 4 1 4
792 274 9 1 7
792 540 2 5 1145
792 594 1 2 4
793 52 9 1 4
793 498 7 1 12
795 422 4 3 58
795 661 4 5 1456
800 9 8 5 1548
800 97 10 1 4
800 133 9 1 5
800 824 6 2 20
801 34 7 1 4
801 312 8 1 4
801 592 3 2 7
801 642 4 2 8
802 660 5 1 4
802 769 9 1 4
803 512 1 4 34
804 0 6 1 8
804 433 5 2 16
804 779 1 2 4
805 387 9 1 4
806 134 1 2 4
806 232 6 1 4
806 480 4 1 4
808 302 7 1 7
808 526 1 3 12
808 777 4 1 7
808 945 1 6 1958
810 17 3 1 4
810 416 10 1 7
812 778 2 5 450
814 161 10 1 5
818 253 9 1 10
819 69 7 2 30
819 538 8 4 398
821 236 10 1 10
822 211 4 7 90589
824 392 8 1 4
832 16 5 3 33
832 21 3 8 508989
832 281 1 3 15
832 304 4 3 65
832 427 2 2 7
832 548 4 2 13
833 147 3 2 7
834 0 9 7 222673
834 32 5 2 20
834 104 8 1 7
834 148 9 1 4
834 912 7 1 4
835 264 5 1 7
835 583 7 1 10
836 86 10 6 9794
838 785 4 1 7
840 96 10 2 23
840 106 3 2 10
840 800 9 7 88501
841 370 9 1 4
842 200 1 2 4
843 939 5 1 4
844 584 7 1 4
848 90 2 3 12
848 188 10 1 7
848 313 7 3 61
848 899 4 5 2706
849 792 2 2 4
849 1018 10 5 1396
850 776 6 1 10
851 195 5 1 4
852 824 2 8 209000
854 681 5 4 515
856 256 4 3 46
857 42 3 2 8
862 130 2 4 140
863 516 7 1 4
864 23 7 10 323573073
864 786 5 1 4
867 998 5 1 7
868 332 10 1 5
871 264 10 1 4
872 32 8 1 4
872 50 6 1 4
872 165 10 5 4319
873 9 10 1 7
874 360 4 6 8056
882 42 4 5 2271
882 778 10 1 4
885 601 8 3 139
895 603 9 3 57
896 330 5 3 52
896 868 8 1 4
897 39 8 2 27
897 115 6 1 7
897 523 8 1 8
898 336 8 4 392
898 699 6 1 4
899 537 10 1 4
899 736 3 2 8
900 162 3 4 146
900 313 8 1 4
902 420 6 1 4
903 339 10 4 357
904 888 1 6 3155
904 929 9 3 84
905 12 10 5 4300
905 248 1 3 7
906 194 2 4 137
906 328 7 1 4
910 614 5 1 4
911 896 4 2 10
912 2 9 1 7
912 388 8 4 294
914 216 8 1 13
914 669 1 3 9
914 776 4 1 5
915 431 2 2 8
916 742 6 1 4
917 560 7 4 318
920 200 5 1 7
921 320 2 3 23
924 196 1 3 10
927 190 2 2 5
928 518 7 5 2356
929 257 9 7 47326
929 316 7 1 6
930 720 1 5 428
931 657 9 3 53
932 783 9 1 4
933 657 6 1 10
938 316 7 1 4
941 771 1 6 940
944 165 6 3 34
944 756 1 2 4
945 456 1 3 18
946 205 9 5 1570
947 568 8 3 94
948 9 2 2 4
951 818 3 1 4
952 37 5 2 12
954 22 9 1 5
960 358 7 2 23
961 291 1 2 4
961 333 9 1 4
961 472 6 1 4
961 481 3 6 4546
963 130 4 1 4
965 937 5 6 24347
968 51 4 1 4
970 180 3 4 69
971 566 3 1 4
975 205 6 7 38945
976 321 4 1 4
976 779 7 1 5
977 22 5 3 102
977 34 6 1 4
978 817 7 4 523
984 324 5 5 2360
984 483 4 1 4
985 268 8 1 4
986 772 10 1 15
988 366 7 5 1098
996 836 5 4 222
998 179 3 2 14
1002 652 5 4 216
1002 912 5 1 4
1003 684 5 2 10
1013 316 10 3 127
1018 358 3 7 14895
1020 371 6 4 251
