893 0.0022349577474694003 
522 0.0022349577474694003 
1388 0.0022375565179221816 
371 0.0022349577474694003 
678 0.0022349577474694003 
1086 0.0022349577474694003 
124 0.0022349577474694003 
1265 0.0022375565179221816 
1442 0.0022427540610022397 
1825 0.0022349577474694003 
1597 0.0022349577474694003 
1539 0.0022375565179221816 
283 0.0022349577474694003 
1109 0.0022349577474694003 
63 0.0022349577474694003 
190 0.0022349577474694003 
296 0.002229760096426002 
637 0.0022349577474694003 
683 0.0022349577474694003 
1059 0.0022349577474694003 
1774 0.0022349577474694003 
977 0.0022349577474694003 
183 0.0022349577474694003 
1093 0.0022323590430120945 
590 0.0022375565179221816 
1990 0.0022349577474694003 
1320 0.0022349577474694003 
1546 0.0022349577474694003 
306 0.0022349577474694003 
1178 0.0022349577474694003 
1708 0.0022349577474694003 
270 0.0022349577474694003 
931 0.0022375565179221816 
1148 0.0022349577474694003 
1461 0.0022349577474694003 
1301 0.0022349577474694003 
1978 0.0022349577474694003 
1100 0.002232358977757279 
20 0.0022349577474694003 
244 0.0022349577474694003 
288 0.0022349577474694003 
767 0.0022349577474694003 
1594 0.0022349577474694003 
984 0.0022349577474694003 
427 0.0022349577474694003 
1588 0.0022349577474694003 
1214 0.0022349577474694003 
1387 0.0022349577474694003 
1254 0.0022349577474694003 
23 0.002240155289103549 
1028 0.0022349577474694003 
1318 0.0022349577474694003 
1699 0.0022375565179221816 
891 0.002229760351672673 
1664 0.0022375565179221816 
1193 0.0022349577474694003 
1405 0.0022349577474694003 
803 0.0022349577474694003 
1557 0.0022349577474694003 
1923 0.002229760096426002 
1158 0.0022349577474694003 
347 0.0022349577474694003 
847 0.0022349577474694003 
877 0.0022375565179221816 
163 0.0022349577474694003 
382 0.0022349577474694003 
1298 0.0022375565179221816 
1346 0.0022349577474694003 
1669 0.0022349577474694003 
1176 0.0022349577474694003 
461 0.0022375565179221816 
318 0.0022349577474694003 
327 0.0022349577474694003 
1938 0.0022375565179221816 
1395 0.002234957644709776 
1642 0.0022349577474694003 
1270 0.0022349577474694003 
747 0.0022349577474694003 
1340 0.0022349577474694003 
1232 0.002240155289103549 
1203 0.0022349577474694003 
536 0.0022349577474694003 
356 0.0022349577474694003 
1742 0.0022349577474694003 
1789 0.0022349577474694003 
1166 0.002229760096426002 
1469 0.0022349577474694003 
90 0.002234957644709776 
968 0.0022349577474694003 
485 0.0022349577474694003 
1941 0.0022349577474694003 
1848 0.0022349577474694003 
967 0.0022349577474694003 
692 0.0022349577474694003 
18 0.0022349577474694003 
1840 0.0022349577474694003 
1766 0.0022349577474694003 
1772 0.0022349577474694003 
1797 0.0022349577474694003 
1696 0.0022349577474694003 
801 0.0022375565179221816 
684 0.0022349577474694003 
1882 0.0022349577474694003 
326 0.0022349577474694003 
1063 0.0022349577474694003 
999 0.0022349577474694003 
1392 0.0022375565179221816 
95 0.0022349577474694003 
84 0.002240155289103549 
864 0.0022375565179221816 
1816 0.0022349577474694003 
1122 0.0022349577474694003 
282 0.0022349577474694003 
1787 0.0022349577474694003 
989 0.0022349577474694003 
1773 0.0022349577474694003 
1858 0.0022349577474694003 
980 0.0022349577474694003 
1352 0.0022349577474694003 
591 0.0022349577474694003 
578 0.0022375565179221816 
1526 0.0022375565179221816 
1698 0.0022349577474694003 
1115 0.0022349577474694003 
1986 0.0022349577474694003 
1927 0.0022349577474694003 
1713 0.0022349577474694003 
1490 0.0022323590430120945 
1378 0.0022375565179221816 
1896 0.0022349577474694003 
1343 0.0022375565179221816 
630 0.0022349577474694003 
316 0.0022349577474694003 
1839 0.0022349577474694003 
575 0.0022349577474694003 
29 0.0022375565179221816 
295 0.0022375565179221816 
1330 0.0022349577474694003 
576 0.0022349577474694003 
1183 0.0022349577474694003 
286 0.0022349577474694003 
744 0.0022349577474694003 
1174 0.0022349577474694003 
1855 0.0022349577474694003 
1136 0.0022349577474694003 
1809 0.0022349577474694003 
1695 0.0022349577474694003 
1521 0.0022349577474694003 
1276 0.0022349577474694003 
1314 0.0022349577474694003 
1592 0.0022349577474694003 
1940 0.0022349577474694003 
1245 0.0022375565179221816 
1775 0.0022349577474694003 
890 0.0022349577474694003 
587 0.0022349577474694003 
851 0.0022349577474694003 
1208 0.0022349577474694003 
1289 0.0022349577474694003 
817 0.0022349577474694003 
940 0.002232358977757279 
1792 0.0022349577474694003 
1185 0.0022349577474694003 
1407 0.0022349577474694003 
712 0.0022349577474694003 
1033 0.0022349577474694003 
1243 0.0022349577474694003 
1022 0.0022349577474694003 
242 0.0022349577474694003 
1987 0.002240155289103549 
358 0.0022349577474694003 
1540 0.0022349577474694003 
675 0.0022349577474694003 
17 0.002240155289103549 
441 0.0022349577474694003 
1413 0.0022349577474694003 
1552 0.0022349577474694003 
829 0.0022349577474694003 
1638 0.0022349577474694003 
828 0.0022349577474694003 
905 0.0022349577474694003 
1807 0.002232358977757279 
387 0.0022349577474694003 
1768 0.0022349577474694003 
900 0.0022349577474694003 
379 0.0022349577474694003 
1905 0.002240155289103549 
40 0.0022375565179221816 
1098 0.0022349577474694003 
886 0.002240155289103549 
354 0.0022349577474694003 
1255 0.0022349577474694003 
991 0.0022349577474694003 
115 0.0022349577474694003 
664 0.0022349577474694003 
990 0.0022349577474694003 
1180 0.0022349577474694003 
1563 0.0022349577474694003 
837 0.002232358977757279 
666 0.0022349577474694003 
1820 0.0022349577474694003 
1256 0.0022349577474694003 
1275 0.0022349577474694003 
147 0.0022349577474694003 
1814 0.0022349577474694003 
1215 0.0022349577474694003 
1427 0.0022349577474694003 
317 0.0022375565179221816 
1931 0.0022349577474694003 
140 0.0022375565179221816 
702 0.0022349577474694003 
1864 0.0022349577474694003 
1414 0.0022349577474694003 
118 0.0022349577474694003 
1803 0.0022375565179221816 
795 0.0022349577474694003 
509 0.0022349577474694003 
529 0.0022349577474694003 
720 0.0022349577474694003 
1401 0.0022349577474694003 
1754 0.0022349577474694003 
1627 0.0022349577474694003 
109 0.0022349577474694003 
1062 0.0022349577474694003 
1471 0.0022349577474694003 
1322 0.0022349577474694003 
1641 0.0022349577474694003 
1186 0.0022349577474694003 
1852 0.0022349577474694003 
1003 0.0022349577474694003 
1578 0.0022349577474694003 
257 0.0022349577474694003 
241 0.0022349577474694003 
673 0.0022349577474694003 
1613 0.0022349577474694003 
1153 0.0022349577474694003 
1788 0.0022349577474694003 
72 0.002229760096426002 
856 0.0022349577474694003 
247 0.0022349577474694003 
213 0.0022349577474694003 
1008 0.0022349577474694003 
1013 0.0022349577474694003 
1120 0.002234957644709776 
633 0.0022349577474694003 
733 0.0022349577474694003 
882 0.0022349577474694003 
1070 0.0022349577474694003 
1988 0.0022349577474694003 
896 0.0022349577474694003 
1739 0.0022349577474694003 
193 0.0022349577474694003 
141 0.0022349577474694003 
1360 0.002229760096426002 
1234 0.0022349577474694003 
754 0.0022349577474694003 
1027 0.0022349577474694003 
807 0.0022349577474694003 
1425 0.0022349577474694003 
693 0.0022349577474694003 
1678 0.0022349577474694003 
723 0.002240155289103549 
25 0.002232358977757279 
1483 0.0022349577474694003 
1562 0.0022349577474694003 
268 0.0022349577474694003 
820 0.0022349577474694003 
1843 0.0022349577474694003 
22 0.0022349577474694003 
85 0.0022349577474694003 
1870 0.0022349577474694003 
1644 0.0022349577474694003 
1016 0.0022349577474694003 
1523 0.0022349577474694003 
1286 0.0022349577474694003 
252 0.0022349577474694003 
1088 0.0022349577474694003 
1020 0.0022349577474694003 
495 0.0022271613233667952 
1598 0.0022349577474694003 
443 0.002242753972468292 
1949 0.0022349577474694003 
1285 0.0022349577474694003 
374 0.0022349577474694003 
944 0.0022349577474694003 
732 0.0022349577474694003 
465 0.0022349577474694003 
1829 0.0022349577474694003 
908 0.0022349577474694003 
4 0.0022349577474694003 
1683 0.0022349577474694003 
1192 0.0022349577474694003 
315 0.0022349577474694003 
1706 0.0022349577474694003 
1347 0.0022349577474694003 
352 0.0022349577474694003 
92 0.0022349577474694003 
1744 0.0022349577474694003 
849 0.0022349577474694003 
195 0.0022349577474694003 
1441 0.0022349577474694003 
836 0.0022349577474694003 
1386 0.0022349577474694003 
385 0.0022349577474694003 
711 0.0022349577474694003 
1240 0.0022349577474694003 
1496 0.0022375565179221816 
995 0.0022349577474694003 
1969 0.0022349577474694003 
595 0.0022349577474694003 
342 0.0022349577474694003 
1358 0.0022375565179221816 
1915 0.0022349577474694003 
1137 0.0022349577474694003 
759 0.0022349577474694003 
519 0.0022349577474694003 
909 0.0022349577474694003 
216 0.0022349577474694003 
640 0.0022349577474694003 
618 0.002240155289103549 
1565 0.0022349577474694003 
1625 0.0022349577474694003 
1580 0.0022349577474694003 
447 0.002240155289103549 
1423 0.0022349577474694003 
753 0.002229760096426002 
715 0.0022349577474694003 
484 0.0022349577474694003 
1356 0.0022349577474694003 
550 0.0022349577474694003 
1996 0.0022349577474694003 
928 0.0022349577474694003 
1475 0.0022349577474694003 
111 0.0022349577474694003 
1847 0.002240155289103549 
403 0.0022349577474694003 
1312 0.0022349577474694003 
173 0.0022349577474694003 
265 0.0022349577474694003 
510 0.0022349577474694003 
151 0.0022349577474694003 
1883 0.0022323590430120945 
360 0.0022349577474694003 
638 0.0022349577474694003 
1649 0.0022349577474694003 
215 0.0022349577474694003 
943 0.0022349577474694003 
162 0.0022349577474694003 
1048 0.0022349577474694003 
726 0.0022375565179221816 
284 0.0022349577474694003 
1656 0.0022349577474694003 
1404 0.0022349577474694003 
325 0.0022349577474694003 
1752 0.0022349577474694003 
1999 0.0022349577474694003 
278 0.0022375565179221816 
1375 0.0022349577474694003 
910 0.0022349577474694003 
370 0.0022349577474694003 
1657 0.0022375565179221816 
1476 0.0022349577474694003 
888 0.002240155289103549 
1734 0.0022349577474694003 
884 0.0022349577474694003 
696 0.0022349577474694003 
1196 0.0022349577474694003 
332 0.0022349577474694003 
1751 0.002232358977757279 
392 0.0022375565179221816 
1661 0.0022349577474694003 
33 0.0022349577474694003 
1665 0.0022349577474694003 
376 0.0022375565179221816 
1832 0.0022349577474694003 
1464 0.0022375565179221816 
1889 0.0022349577474694003 
1541 0.0022349577474694003 
933 0.0022349577474694003 
1042 0.0022349577474694003 
1676 0.0022349577474694003 
14 0.00222716137808539 
778 0.0022349577474694003 
497 0.0022349577474694003 
1043 0.002240155289103549 
208 0.002229760351672673 
986 0.0022375565179221816 
694 0.002240155289103549 
1046 0.0022349577474694003 
1777 0.0022349577474694003 
1703 0.0022349577474694003 
228 0.0022349577474694003 
1267 0.0022323590430120945 
1945 0.0022349577474694003 
1290 0.0022349577474694003 
788 0.0022375565179221816 
154 0.0022349577474694003 
145 0.002240155289103549 
620 0.0022349577474694003 
214 0.0022349577474694003 
